# evaluation best
1 0.0
2 14.0
3 22.0
4 22.0
5 22.0
6 27.0
7 27.0
8 32.0
9 32.0
10 32.0
11 32.0
12 32.0
13 32.0
14 32.0
15 32.0
16 32.0
17 34.0
18 34.0
19 41.0
20 41.0
21 41.0
22 41.0
23 41.0
24 41.0
25 41.0
26 41.0
27 41.0
28 45.0
29 45.0
30 45.0
31 45.0
32 45.0
33 45.0
34 45.0
35 45.0
36 45.0
37 45.0
38 45.0
39 45.0
40 45.0
41 45.0
42 45.0
43 45.0
44 45.0
45 45.0
46 45.0
47 45.0
48 45.0
49 45.0
50 45.0
51 45.0
52 45.0
53 45.0
54 45.0
55 45.0
56 45.0
57 45.0
58 45.0
59 45.0
60 45.0
61 45.0
62 45.0
63 45.0
64 45.0
65 45.0
66 45.0
67 45.0
68 45.0
69 45.0
70 45.0
71 45.0
72 45.0
73 45.0
74 45.0
75 45.0
76 45.0
77 45.0
78 52.0
79 52.0
80 52.0
81 52.0
82 52.0
83 52.0
84 52.0
85 52.0
86 52.0
87 52.0
88 52.0
89 52.0
90 52.0
91 52.0
92 52.0
93 52.0
94 52.0
95 52.0
96 52.0
97 52.0
98 52.0
99 52.0
100 52.0
101 52.0
102 52.0
103 52.0
104 52.0
105 52.0
106 52.0
107 52.0
108 52.0
109 52.0
110 52.0
111 52.0
112 52.0
113 52.0
114 52.0
115 52.0
116 52.0
117 52.0
118 52.0
119 52.0
120 52.0
121 52.0
122 52.0
123 52.0
124 52.0
125 52.0
126 52.0
127 52.0
128 52.0
129 52.0
130 52.0
131 52.0
132 52.0
133 52.0
134 52.0
135 52.0
136 52.0
137 52.0
138 52.0
139 52.0
140 52.0
141 52.0
142 52.0
143 52.0
144 52.0
145 52.0
146 52.0
147 52.0
148 52.0
149 52.0
150 52.0
151 52.0
152 52.0
153 52.0
154 52.0
155 52.0
156 52.0
157 52.0
158 52.0
159 52.0
160 52.0
161 52.0
162 52.0
163 52.0
164 52.0
165 52.0
166 52.0
167 52.0
168 52.0
169 52.0
170 52.0
171 52.0
172 52.0
173 52.0
174 52.0
175 52.0
176 52.0
177 52.0
178 52.0
179 52.0
180 52.0
181 52.0
182 52.0
183 52.0
184 52.0
185 52.0
186 52.0
187 52.0
188 52.0
189 52.0
190 52.0
191 52.0
192 52.0
193 52.0
194 52.0
195 52.0
196 52.0
197 52.0
198 52.0
199 52.0
200 52.0
201 52.0
202 52.0
203 52.0
204 52.0
205 52.0
206 52.0
207 52.0
208 52.0
209 52.0
210 52.0
211 52.0
212 52.0
213 52.0
214 52.0
215 52.0
216 52.0
217 52.0
218 52.0
219 52.0
220 52.0
221 52.0
222 52.0
223 52.0
224 52.0
225 52.0
226 52.0
227 52.0
228 52.0
229 52.0
230 52.0
231 52.0
232 52.0
233 52.0
234 52.0
235 52.0
236 52.0
237 52.0
238 52.0
239 52.0
240 52.0
241 52.0
242 54.0
243 54.0
244 54.0
245 54.0
246 54.0
247 54.0
248 54.0
249 54.0
250 54.0
251 54.0
252 54.0
253 54.0
254 54.0
255 54.0
256 54.0
257 54.0
258 54.0
259 60.0
260 60.0
261 60.0
262 60.0
263 60.0
264 60.0
265 60.0
266 60.0
267 60.0
268 60.0
269 60.0
270 60.0
271 60.0
272 60.0
273 60.0
274 60.0
275 60.0
276 60.0
277 60.0
278 60.0
279 60.0
280 60.0
281 60.0
282 60.0
283 60.0
284 60.0
285 60.0
286 60.0
287 60.0
288 60.0
289 60.0
290 60.0
291 60.0
292 60.0
293 60.0
294 60.0
295 60.0
296 60.0
297 60.0
298 60.0
299 60.0
300 60.0
301 60.0
302 60.0
303 60.0
304 60.0
305 60.0
306 60.0
307 60.0
308 60.0
309 60.0
310 60.0
311 60.0
312 60.0
313 60.0
314 60.0
315 60.0
316 60.0
317 60.0
318 60.0
319 60.0
320 60.0
321 60.0
322 60.0
323 60.0
324 60.0
325 60.0
326 60.0
327 60.0
328 60.0
329 60.0
330 60.0
331 60.0
332 60.0
333 60.0
334 60.0
335 60.0
336 60.0
337 60.0
338 60.0
339 60.0
340 60.0
341 60.0
342 60.0
343 60.0
344 60.0
345 60.0
346 60.0
347 60.0
348 60.0
349 60.0
350 60.0
351 60.0
352 60.0
353 60.0
354 60.0
355 60.0
356 60.0
357 60.0
358 60.0
359 60.0
360 60.0
361 60.0
362 60.0
363 60.0
364 60.0
365 60.0
366 60.0
367 60.0
368 60.0
369 60.0
370 60.0
371 60.0
372 60.0
373 60.0
374 60.0
375 60.0
376 60.0
377 60.0
378 60.0
379 60.0
380 60.0
381 60.0
382 60.0
383 60.0
384 60.0
385 60.0
386 60.0
387 60.0
388 60.0
389 60.0
390 60.0
391 60.0
392 60.0
393 60.0
394 60.0
395 60.0
396 60.0
397 60.0
398 60.0
399 60.0
400 60.0
401 60.0
402 60.0
403 60.0
404 60.0
405 60.0
406 60.0
407 60.0
408 60.0
409 60.0
410 60.0
411 60.0
412 60.0
413 60.0
414 60.0
415 60.0
416 60.0
417 60.0
418 60.0
419 60.0
420 60.0
421 60.0
422 60.0
423 60.0
424 60.0
425 60.0
426 60.0
427 60.0
428 60.0
429 60.0
430 60.0
431 60.0
432 60.0
433 60.0
434 60.0
435 60.0
436 60.0
437 60.0
438 60.0
439 60.0
440 60.0
441 60.0
442 60.0
443 60.0
444 60.0
445 60.0
446 60.0
447 60.0
448 60.0
449 60.0
450 60.0
451 60.0
452 60.0
453 60.0
454 60.0
455 60.0
456 60.0
457 60.0
458 60.0
459 60.0
460 60.0
461 60.0
462 60.0
463 60.0
464 60.0
465 61.0
466 61.0
467 61.0
468 66.0
469 66.0
470 66.0
471 66.0
472 66.0
473 66.0
474 66.0
475 66.0
476 66.0
477 66.0
478 66.0
479 66.0
480 66.0
481 66.0
482 66.0
483 66.0
484 66.0
485 66.0
486 66.0
487 66.0
488 66.0
489 66.0
490 66.0
491 66.0
492 66.0
493 66.0
494 66.0
495 66.0
496 66.0
497 66.0
498 66.0
499 66.0
500 66.0
501 66.0
502 66.0
503 66.0
504 66.0
505 66.0
506 71.0
507 71.0
508 71.0
509 71.0
510 71.0
511 71.0
512 71.0
513 71.0
514 75.0
515 75.0
516 75.0
517 75.0
518 75.0
519 75.0
520 75.0
521 75.0
522 75.0
523 75.0
524 75.0
525 75.0
526 75.0
527 75.0
528 75.0
529 75.0
530 75.0
531 75.0
532 75.0
533 75.0
534 75.0
535 75.0
536 75.0
537 75.0
538 75.0
539 75.0
540 75.0
541 75.0
542 75.0
543 75.0
544 75.0
545 75.0
546 75.0
547 75.0
548 75.0
549 75.0
550 75.0
551 75.0
552 75.0
553 75.0
554 75.0
555 75.0
556 75.0
557 75.0
558 75.0
559 75.0
560 75.0
561 75.0
562 75.0
563 75.0
564 75.0
565 75.0
566 75.0
567 75.0
568 75.0
569 75.0
570 75.0
571 75.0
572 75.0
573 75.0
574 75.0
575 75.0
576 75.0
577 75.0
578 75.0
579 75.0
580 75.0
581 75.0
582 75.0
583 75.0
584 75.0
585 75.0
586 75.0
587 75.0
588 75.0
589 75.0
590 75.0
591 75.0
592 75.0
593 75.0
594 75.0
595 75.0
596 75.0
597 75.0
598 75.0
599 75.0
600 75.0
601 75.0
602 75.0
603 75.0
604 75.0
605 75.0
606 75.0
607 75.0
608 75.0
609 75.0
610 75.0
611 75.0
612 75.0
613 75.0
614 75.0
615 75.0
616 75.0
617 75.0
618 75.0
619 75.0
620 75.0
621 75.0
622 75.0
623 75.0
624 75.0
625 75.0
626 75.0
627 75.0
628 75.0
629 75.0
630 75.0
631 75.0
632 75.0
633 75.0
634 75.0
635 75.0
636 75.0
637 75.0
638 75.0
639 75.0
640 75.0
641 75.0
642 75.0
643 75.0
644 75.0
645 75.0
646 75.0
647 75.0
648 75.0
649 75.0
650 75.0
651 75.0
652 75.0
653 75.0
654 75.0
655 75.0
656 75.0
657 75.0
658 75.0
659 75.0
660 75.0
661 75.0
662 75.0
663 75.0
664 75.0
665 75.0
666 75.0
667 75.0
668 75.0
669 75.0
670 75.0
671 75.0
672 75.0
673 75.0
674 75.0
675 75.0
676 75.0
677 75.0
678 75.0
679 75.0
680 75.0
681 75.0
682 75.0
683 75.0
684 75.0
685 75.0
686 75.0
687 75.0
688 75.0
689 75.0
690 75.0
691 75.0
692 75.0
693 75.0
694 75.0
695 75.0
696 75.0
697 75.0
698 75.0
699 75.0
700 75.0
701 75.0
702 75.0
703 75.0
704 75.0
705 75.0
706 75.0
707 75.0
708 75.0
709 75.0
710 75.0
711 75.0
712 75.0
713 75.0
714 75.0
715 75.0
716 75.0
717 75.0
718 75.0
719 75.0
720 75.0
721 75.0
722 75.0
723 75.0
724 75.0
725 75.0
726 75.0
727 75.0
728 75.0
729 75.0
730 75.0
731 75.0
732 75.0
733 75.0
734 75.0
735 75.0
736 75.0
737 75.0
738 75.0
739 75.0
740 75.0
741 75.0
742 75.0
743 75.0
744 75.0
745 75.0
746 75.0
747 75.0
748 75.0
749 75.0
750 75.0
751 75.0
752 75.0
753 75.0
754 75.0
755 75.0
756 75.0
757 75.0
758 75.0
759 75.0
760 75.0
761 75.0
762 75.0
763 75.0
764 75.0
765 75.0
766 75.0
767 75.0
768 75.0
769 75.0
770 75.0
771 75.0
772 75.0
773 75.0
774 75.0
775 75.0
776 75.0
777 75.0
778 75.0
779 75.0
780 75.0
781 75.0
782 75.0
783 75.0
784 75.0
785 75.0
786 75.0
787 75.0
788 75.0
789 75.0
790 75.0
791 75.0
792 75.0
793 75.0
794 75.0
795 75.0
796 75.0
797 75.0
798 75.0
799 75.0
800 75.0
801 75.0
802 75.0
803 75.0
804 75.0
805 75.0
806 75.0
807 75.0
808 75.0
809 75.0
810 75.0
811 75.0
812 75.0
813 75.0
814 75.0
815 75.0
816 75.0
817 75.0
818 75.0
819 75.0
820 75.0
821 75.0
822 75.0
823 75.0
824 75.0
825 75.0
826 75.0
827 75.0
828 75.0
829 75.0
830 75.0
831 75.0
832 75.0
833 75.0
834 75.0
835 75.0
836 75.0
837 75.0
838 75.0
839 75.0
840 75.0
841 75.0
842 75.0
843 75.0
844 75.0
845 75.0
846 75.0
847 75.0
848 75.0
849 75.0
850 75.0
851 75.0
852 75.0
853 75.0
854 75.0
855 75.0
856 75.0
857 75.0
858 75.0
859 75.0
860 75.0
861 75.0
862 75.0
863 75.0
864 75.0
865 75.0
866 75.0
867 75.0
868 75.0
869 75.0
870 75.0
871 75.0
872 75.0
873 75.0
874 75.0
875 75.0
876 75.0
877 75.0
878 75.0
879 75.0
880 75.0
881 75.0
882 75.0
883 75.0
884 75.0
885 75.0
886 75.0
887 75.0
888 75.0
889 75.0
890 75.0
891 75.0
892 75.0
893 75.0
894 75.0
895 75.0
896 75.0
897 75.0
898 75.0
899 75.0
900 75.0
901 75.0
902 75.0
903 75.0
904 75.0
905 75.0
906 75.0
907 75.0
908 75.0
909 75.0
910 75.0
911 75.0
912 75.0
913 75.0
914 75.0
915 75.0
916 75.0
917 75.0
918 75.0
919 75.0
920 75.0
921 75.0
922 75.0
923 75.0
924 75.0
925 75.0
926 75.0
927 75.0
928 75.0
929 75.0
930 75.0
931 75.0
932 75.0
933 75.0
934 75.0
935 75.0
936 75.0
937 75.0
938 75.0
939 75.0
940 75.0
941 75.0
942 75.0
943 75.0
944 75.0
945 75.0
946 75.0
947 75.0
948 75.0
949 75.0
950 75.0
951 75.0
952 75.0
953 75.0
954 75.0
955 75.0
956 75.0
957 75.0
958 75.0
959 75.0
960 75.0
961 75.0
962 75.0
963 75.0
964 75.0
965 75.0
966 75.0
967 75.0
968 75.0
969 75.0
970 75.0
971 75.0
972 75.0
973 75.0
974 75.0
975 75.0
976 75.0
977 75.0
978 75.0
979 75.0
980 75.0
981 75.0
982 75.0
983 75.0
984 75.0
985 75.0
986 75.0
987 75.0
988 75.0
989 75.0
990 75.0
991 75.0
992 75.0
993 75.0
994 75.0
995 75.0
996 75.0
997 75.0
998 75.0
999 75.0
1000 75.0
1001 75.0
1002 75.0
1003 75.0
1004 75.0
1005 75.0
1006 75.0
1007 75.0
1008 75.0
1009 75.0
1010 75.0
1011 75.0
1012 75.0
1013 75.0
1014 75.0
1015 75.0
1016 75.0
1017 75.0
1018 75.0
1019 75.0
1020 75.0
1021 75.0
1022 75.0
1023 75.0
1024 75.0
1025 75.0
1026 75.0
1027 75.0
1028 75.0
1029 75.0
1030 75.0
1031 75.0
1032 75.0
1033 75.0
1034 75.0
1035 75.0
1036 75.0
1037 75.0
1038 75.0
1039 75.0
1040 75.0
1041 75.0
1042 75.0
1043 75.0
1044 75.0
1045 75.0
1046 75.0
1047 75.0
1048 75.0
1049 75.0
1050 75.0
1051 75.0
1052 75.0
1053 75.0
1054 75.0
1055 75.0
1056 75.0
1057 75.0
1058 75.0
1059 75.0
1060 75.0
1061 75.0
1062 75.0
1063 75.0
1064 75.0
1065 75.0
1066 75.0
1067 75.0
1068 75.0
1069 75.0
1070 75.0
1071 75.0
1072 75.0
1073 75.0
1074 75.0
1075 75.0
1076 75.0
1077 75.0
1078 75.0
1079 75.0
1080 75.0
1081 75.0
1082 75.0
1083 75.0
1084 75.0
1085 75.0
1086 75.0
1087 75.0
1088 75.0
1089 75.0
1090 75.0
1091 75.0
1092 75.0
1093 75.0
1094 75.0
1095 75.0
1096 75.0
1097 75.0
1098 75.0
1099 75.0
1100 75.0
1101 75.0
1102 75.0
1103 75.0
1104 75.0
1105 75.0
1106 75.0
1107 75.0
1108 75.0
1109 75.0
1110 75.0
1111 75.0
1112 75.0
1113 75.0
1114 75.0
1115 75.0
1116 75.0
1117 75.0
1118 75.0
1119 75.0
1120 75.0
1121 75.0
1122 75.0
1123 75.0
1124 75.0
1125 75.0
1126 75.0
1127 75.0
1128 75.0
1129 75.0
1130 75.0
1131 75.0
1132 75.0
1133 75.0
1134 75.0
1135 75.0
1136 75.0
1137 75.0
1138 75.0
1139 75.0
1140 75.0
1141 75.0
1142 75.0
1143 75.0
1144 75.0
1145 75.0
1146 75.0
1147 75.0
1148 75.0
1149 75.0
1150 75.0
1151 75.0
1152 75.0
1153 75.0
1154 75.0
1155 75.0
1156 75.0
1157 75.0
1158 75.0
1159 75.0
1160 75.0
1161 75.0
1162 75.0
1163 75.0
1164 75.0
1165 75.0
1166 75.0
1167 75.0
1168 75.0
1169 75.0
1170 75.0
1171 75.0
1172 75.0
1173 75.0
1174 75.0
1175 75.0
1176 75.0
1177 75.0
1178 75.0
1179 75.0
1180 75.0
1181 75.0
1182 75.0
1183 75.0
1184 75.0
1185 75.0
1186 75.0
1187 75.0
1188 75.0
1189 75.0
1190 75.0
1191 75.0
1192 75.0
1193 75.0
1194 75.0
1195 75.0
1196 75.0
1197 75.0
1198 75.0
1199 75.0
1200 75.0
1201 75.0
1202 75.0
1203 75.0
1204 75.0
1205 75.0
1206 75.0
1207 75.0
1208 75.0
1209 75.0
1210 75.0
1211 75.0
1212 75.0
1213 75.0
1214 75.0
1215 75.0
1216 75.0
1217 75.0
1218 75.0
1219 75.0
1220 75.0
1221 75.0
1222 75.0
1223 75.0
1224 75.0
1225 75.0
1226 75.0
1227 75.0
1228 75.0
1229 75.0
1230 75.0
1231 75.0
1232 75.0
1233 75.0
1234 75.0
1235 75.0
1236 75.0
1237 75.0
1238 75.0
1239 75.0
1240 75.0
1241 75.0
1242 75.0
1243 75.0
1244 75.0
1245 75.0
1246 75.0
1247 75.0
1248 75.0
1249 75.0
1250 75.0
1251 75.0
1252 75.0
1253 75.0
1254 75.0
1255 75.0
1256 75.0
1257 75.0
1258 75.0
1259 75.0
1260 75.0
1261 75.0
1262 75.0
1263 75.0
1264 75.0
1265 75.0
1266 75.0
1267 75.0
1268 75.0
1269 75.0
1270 75.0
1271 75.0
1272 75.0
1273 75.0
1274 75.0
1275 75.0
1276 75.0
1277 75.0
1278 75.0
1279 75.0
1280 75.0
1281 75.0
1282 75.0
1283 75.0
1284 75.0
1285 75.0
1286 75.0
1287 75.0
1288 75.0
1289 75.0
1290 75.0
1291 75.0
1292 75.0
1293 75.0
1294 75.0
1295 75.0
1296 75.0
1297 75.0
1298 75.0
1299 75.0
1300 75.0
1301 75.0
1302 75.0
1303 75.0
1304 75.0
1305 75.0
1306 75.0
1307 75.0
1308 75.0
1309 75.0
1310 75.0
1311 75.0
1312 75.0
1313 75.0
1314 75.0
1315 75.0
1316 75.0
1317 75.0
1318 75.0
1319 75.0
1320 75.0
1321 75.0
1322 75.0
1323 75.0
1324 75.0
1325 75.0
1326 75.0
1327 75.0
1328 75.0
1329 75.0
1330 75.0
1331 75.0
1332 75.0
1333 75.0
1334 75.0
1335 75.0
1336 75.0
1337 75.0
1338 75.0
1339 75.0
1340 75.0
1341 75.0
1342 75.0
1343 75.0
1344 75.0
1345 75.0
1346 75.0
1347 75.0
1348 75.0
1349 75.0
1350 75.0
1351 75.0
1352 75.0
1353 75.0
1354 75.0
1355 75.0
1356 75.0
1357 75.0
1358 75.0
1359 75.0
1360 75.0
1361 75.0
1362 75.0
1363 75.0
1364 75.0
1365 75.0
1366 75.0
1367 75.0
1368 75.0
1369 75.0
1370 75.0
1371 75.0
1372 75.0
1373 75.0
1374 75.0
1375 75.0
1376 75.0
1377 75.0
1378 75.0
1379 75.0
1380 75.0
1381 75.0
1382 75.0
1383 75.0
1384 75.0
1385 75.0
1386 75.0
1387 75.0
1388 75.0
1389 75.0
1390 75.0
1391 75.0
1392 75.0
1393 75.0
1394 75.0
1395 75.0
1396 75.0
1397 75.0
1398 75.0
1399 75.0
1400 75.0
1401 75.0
1402 75.0
1403 75.0
1404 75.0
1405 75.0
1406 75.0
1407 75.0
1408 75.0
1409 75.0
1410 75.0
1411 75.0
1412 75.0
1413 75.0
1414 75.0
1415 75.0
1416 75.0
1417 75.0
1418 75.0
1419 75.0
1420 75.0
1421 75.0
1422 75.0
1423 75.0
1424 75.0
1425 75.0
1426 75.0
1427 75.0
1428 75.0
1429 75.0
1430 75.0
1431 75.0
1432 75.0
1433 75.0
1434 75.0
1435 75.0
1436 75.0
1437 75.0
1438 75.0
1439 75.0
1440 75.0
1441 75.0
1442 75.0
1443 75.0
1444 75.0
1445 75.0
1446 75.0
1447 75.0
1448 75.0
1449 75.0
1450 75.0
1451 75.0
1452 75.0
1453 75.0
1454 75.0
1455 75.0
1456 75.0
1457 75.0
1458 75.0
1459 75.0
1460 75.0
1461 75.0
1462 75.0
1463 75.0
1464 75.0
1465 75.0
1466 75.0
1467 75.0
1468 75.0
1469 75.0
1470 75.0
1471 75.0
1472 75.0
1473 75.0
1474 75.0
1475 75.0
1476 75.0
1477 75.0
1478 75.0
1479 75.0
1480 75.0
1481 75.0
1482 75.0
1483 75.0
1484 75.0
1485 75.0
1486 75.0
1487 75.0
1488 75.0
1489 75.0
1490 75.0
1491 75.0
1492 75.0
1493 75.0
1494 75.0
1495 75.0
1496 75.0
1497 75.0
1498 75.0
1499 75.0
1500 75.0
1501 75.0
1502 75.0
1503 75.0
1504 75.0
1505 75.0
1506 75.0
1507 75.0
1508 75.0
1509 75.0
1510 75.0
1511 75.0
1512 75.0
1513 75.0
1514 75.0
1515 75.0
1516 75.0
1517 75.0
1518 75.0
1519 75.0
1520 75.0
1521 75.0
1522 75.0
1523 75.0
1524 75.0
1525 75.0
1526 75.0
1527 75.0
1528 75.0
1529 75.0
1530 75.0
1531 75.0
1532 75.0
1533 75.0
1534 75.0
1535 75.0
1536 75.0
1537 75.0
1538 75.0
1539 75.0
1540 75.0
1541 75.0
1542 75.0
1543 75.0
1544 75.0
1545 75.0
1546 75.0
1547 75.0
1548 75.0
1549 75.0
1550 75.0
1551 75.0
1552 75.0
1553 75.0
1554 75.0
1555 75.0
1556 75.0
1557 75.0
1558 75.0
1559 75.0
1560 75.0
1561 75.0
1562 75.0
1563 75.0
1564 75.0
1565 75.0
1566 75.0
1567 75.0
1568 75.0
1569 75.0
1570 75.0
1571 75.0
1572 75.0
1573 75.0
1574 75.0
1575 75.0
1576 75.0
1577 75.0
1578 75.0
1579 75.0
1580 75.0
1581 75.0
1582 75.0
1583 75.0
1584 75.0
1585 75.0
1586 75.0
1587 75.0
1588 75.0
1589 75.0
1590 75.0
1591 75.0
1592 75.0
1593 75.0
1594 75.0
1595 75.0
1596 75.0
1597 75.0
1598 75.0
1599 75.0
1600 75.0
1601 75.0
1602 75.0
1603 75.0
1604 75.0
1605 75.0
1606 75.0
1607 75.0
1608 75.0
1609 75.0
1610 75.0
1611 75.0
1612 75.0
1613 75.0
1614 75.0
1615 75.0
1616 75.0
1617 75.0
1618 75.0
1619 75.0
1620 75.0
1621 75.0
1622 75.0
1623 75.0
1624 75.0
1625 75.0
1626 75.0
1627 75.0
1628 75.0
1629 75.0
1630 75.0
1631 75.0
1632 75.0
1633 75.0
1634 75.0
1635 75.0
1636 75.0
1637 75.0
1638 75.0
1639 75.0
1640 75.0
1641 75.0
1642 75.0
1643 75.0
1644 75.0
1645 75.0
1646 75.0
1647 75.0
1648 75.0
1649 75.0
1650 75.0
1651 75.0
1652 75.0
1653 75.0
1654 75.0
1655 75.0
1656 75.0
1657 75.0
1658 75.0
1659 75.0
1660 75.0
1661 75.0
1662 75.0
1663 75.0
1664 75.0
1665 75.0
1666 75.0
1667 75.0
1668 75.0
1669 75.0
1670 75.0
1671 75.0
1672 75.0
1673 75.0
1674 75.0
1675 75.0
1676 75.0
1677 75.0
1678 75.0
1679 75.0
1680 75.0
1681 75.0
1682 75.0
1683 75.0
1684 75.0
1685 75.0
1686 75.0
1687 75.0
1688 75.0
1689 75.0
1690 75.0
1691 75.0
1692 75.0
1693 75.0
1694 75.0
1695 75.0
1696 75.0
1697 75.0
1698 75.0
1699 75.0
1700 75.0
1701 75.0
1702 75.0
1703 75.0
1704 75.0
1705 75.0
1706 75.0
1707 75.0
1708 75.0
1709 75.0
1710 75.0
1711 75.0
1712 75.0
1713 75.0
1714 75.0
1715 75.0
1716 75.0
1717 75.0
1718 75.0
1719 75.0
1720 75.0
1721 75.0
1722 75.0
1723 75.0
1724 75.0
1725 75.0
1726 75.0
1727 75.0
1728 75.0
1729 75.0
1730 75.0
1731 75.0
1732 75.0
1733 75.0
1734 75.0
1735 75.0
1736 75.0
1737 75.0
1738 75.0
1739 75.0
1740 75.0
1741 75.0
1742 75.0
1743 75.0
1744 75.0
1745 75.0
1746 75.0
1747 75.0
1748 75.0
1749 75.0
1750 75.0
1751 75.0
1752 75.0
1753 75.0
1754 75.0
1755 75.0
1756 75.0
1757 75.0
1758 75.0
1759 75.0
1760 75.0
1761 75.0
1762 75.0
1763 75.0
1764 75.0
1765 75.0
1766 75.0
1767 75.0
1768 75.0
1769 75.0
1770 75.0
1771 75.0
1772 75.0
1773 75.0
1774 75.0
1775 75.0
1776 75.0
1777 75.0
1778 75.0
1779 75.0
1780 75.0
1781 75.0
1782 75.0
1783 75.0
1784 75.0
1785 75.0
1786 75.0
1787 75.0
1788 75.0
1789 75.0
1790 75.0
1791 75.0
1792 75.0
1793 75.0
1794 75.0
1795 75.0
1796 75.0
1797 75.0
1798 75.0
1799 75.0
1800 75.0
1801 75.0
1802 75.0
1803 75.0
1804 75.0
1805 75.0
1806 75.0
1807 75.0
1808 75.0
1809 75.0
1810 75.0
1811 75.0
1812 75.0
1813 75.0
1814 75.0
1815 75.0
1816 75.0
1817 75.0
1818 75.0
1819 75.0
1820 75.0
1821 75.0
1822 75.0
1823 75.0
1824 75.0
1825 75.0
1826 75.0
1827 75.0
1828 75.0
1829 75.0
1830 75.0
1831 75.0
1832 75.0
1833 75.0
1834 75.0
1835 75.0
1836 75.0
1837 75.0
1838 75.0
1839 75.0
1840 75.0
1841 75.0
1842 75.0
1843 75.0
1844 75.0
1845 75.0
1846 75.0
1847 75.0
1848 75.0
1849 75.0
1850 75.0
1851 75.0
1852 75.0
1853 75.0
1854 75.0
1855 75.0
1856 75.0
1857 75.0
1858 75.0
1859 75.0
1860 75.0
1861 75.0
1862 75.0
1863 75.0
1864 75.0
1865 75.0
1866 75.0
1867 75.0
1868 75.0
1869 75.0
1870 75.0
1871 75.0
1872 75.0
1873 75.0
1874 75.0
1875 75.0
1876 75.0
1877 75.0
1878 75.0
1879 75.0
1880 75.0
1881 75.0
1882 75.0
1883 75.0
1884 75.0
1885 75.0
1886 75.0
1887 75.0
1888 75.0
1889 75.0
1890 75.0
1891 75.0
1892 75.0
1893 75.0
1894 75.0
1895 75.0
1896 75.0
1897 75.0
1898 75.0
1899 75.0
1900 75.0
1901 75.0
1902 75.0
1903 75.0
1904 75.0
1905 75.0
1906 75.0
1907 75.0
1908 75.0
1909 75.0
1910 75.0
1911 75.0
1912 75.0
1913 75.0
1914 75.0
1915 75.0
1916 75.0
1917 75.0
1918 75.0
1919 75.0
1920 75.0
1921 75.0
1922 75.0
1923 75.0
1924 75.0
1925 75.0
1926 75.0
1927 75.0
1928 75.0
1929 75.0
1930 75.0
1931 75.0
1932 75.0
1933 75.0
1934 75.0
1935 75.0
1936 75.0
1937 75.0
1938 75.0
1939 75.0
1940 75.0
1941 75.0
1942 75.0
1943 75.0
1944 75.0
1945 75.0
1946 75.0
1947 75.0
1948 75.0
1949 75.0
1950 75.0
1951 75.0
1952 75.0
1953 75.0
1954 75.0
1955 75.0
1956 75.0
1957 75.0
1958 75.0
1959 75.0
1960 75.0
1961 75.0
1962 75.0
1963 75.0
1964 75.0
1965 75.0
1966 75.0
1967 75.0
1968 75.0
1969 75.0
1970 75.0
1971 75.0
1972 75.0
1973 75.0
1974 75.0
1975 75.0
1976 75.0
1977 75.0
1978 75.0
1979 75.0
1980 75.0
1981 75.0
1982 75.0
1983 75.0
1984 75.0
1985 75.0
1986 75.0
1987 75.0
1988 75.0
1989 75.0
1990 75.0
1991 75.0
1992 75.0
1993 75.0
1994 75.0
1995 75.0
1996 75.0
1997 75.0
1998 75.0
1999 75.0
2000 75.0
2001 75.0
2002 75.0
2003 75.0
2004 75.0
2005 75.0
2006 75.0
2007 75.0
2008 75.0
2009 75.0
2010 75.0
2011 75.0
2012 75.0
2013 75.0
2014 75.0
2015 75.0
2016 75.0
2017 75.0
2018 75.0
2019 75.0
2020 75.0
2021 75.0
2022 75.0
2023 75.0
2024 75.0
2025 75.0
2026 75.0
2027 75.0
2028 75.0
2029 75.0
2030 75.0
2031 75.0
2032 75.0
2033 75.0
2034 75.0
2035 75.0
2036 75.0
2037 75.0
2038 75.0
2039 75.0
2040 75.0
2041 75.0
2042 75.0
2043 75.0
2044 75.0
2045 75.0
2046 75.0
2047 75.0
2048 75.0
2049 75.0
2050 75.0
2051 75.0
2052 75.0
2053 75.0
2054 75.0
2055 75.0
2056 75.0
2057 75.0
2058 75.0
2059 75.0
2060 75.0
2061 75.0
2062 75.0
2063 75.0
2064 75.0
2065 75.0
2066 75.0
2067 75.0
2068 75.0
2069 75.0
2070 75.0
2071 75.0
2072 75.0
2073 75.0
2074 75.0
2075 75.0
2076 75.0
2077 75.0
2078 75.0
2079 75.0
2080 75.0
2081 75.0
2082 75.0
2083 75.0
2084 75.0
2085 75.0
2086 75.0
2087 75.0
2088 75.0
2089 75.0
2090 75.0
2091 75.0
2092 75.0
2093 75.0
2094 75.0
2095 75.0
2096 75.0
2097 75.0
2098 75.0
2099 75.0
2100 75.0
2101 75.0
2102 75.0
2103 75.0
2104 75.0
2105 75.0
2106 75.0
2107 75.0
2108 75.0
2109 75.0
2110 75.0
2111 75.0
2112 75.0
2113 75.0
2114 75.0
2115 75.0
2116 75.0
2117 75.0
2118 75.0
2119 75.0
2120 75.0
2121 75.0
2122 75.0
2123 75.0
2124 75.0
2125 75.0
2126 75.0
2127 75.0
2128 75.0
2129 75.0
2130 75.0
2131 75.0
2132 75.0
2133 75.0
2134 75.0
2135 75.0
2136 75.0
2137 75.0
2138 75.0
2139 75.0
2140 75.0
2141 75.0
2142 75.0
2143 75.0
2144 75.0
2145 75.0
2146 75.0
2147 75.0
2148 75.0
2149 75.0
2150 75.0
2151 75.0
2152 75.0
2153 75.0
2154 75.0
2155 75.0
2156 75.0
2157 75.0
2158 75.0
2159 75.0
2160 75.0
2161 75.0
2162 75.0
2163 75.0
2164 75.0
2165 75.0
2166 75.0
2167 75.0
2168 75.0
2169 75.0
2170 75.0
2171 75.0
2172 75.0
2173 75.0
2174 75.0
2175 75.0
2176 75.0
2177 75.0
2178 75.0
2179 75.0
2180 75.0
2181 75.0
2182 75.0
2183 75.0
2184 75.0
2185 75.0
2186 75.0
2187 75.0
2188 75.0
2189 75.0
2190 75.0
2191 75.0
2192 75.0
2193 75.0
2194 75.0
2195 75.0
2196 75.0
2197 75.0
2198 75.0
2199 75.0
2200 75.0
2201 75.0
2202 75.0
2203 75.0
2204 75.0
2205 75.0
2206 75.0
2207 75.0
2208 75.0
2209 75.0
2210 75.0
2211 75.0
2212 75.0
2213 75.0
2214 75.0
2215 75.0
2216 75.0
2217 75.0
2218 75.0
2219 75.0
2220 75.0
2221 75.0
2222 75.0
2223 75.0
2224 75.0
2225 75.0
2226 75.0
2227 75.0
2228 75.0
2229 75.0
2230 75.0
2231 75.0
2232 75.0
2233 75.0
2234 75.0
2235 75.0
2236 75.0
2237 75.0
2238 75.0
2239 75.0
2240 75.0
2241 75.0
2242 75.0
2243 75.0
2244 75.0
2245 75.0
2246 75.0
2247 75.0
2248 75.0
2249 75.0
2250 75.0
2251 75.0
2252 75.0
2253 75.0
2254 75.0
2255 75.0
2256 75.0
2257 75.0
2258 75.0
2259 75.0
2260 75.0
2261 75.0
2262 75.0
2263 75.0
2264 75.0
2265 75.0
2266 75.0
2267 75.0
2268 75.0
2269 75.0
2270 75.0
2271 75.0
2272 75.0
2273 75.0
2274 75.0
2275 75.0
2276 75.0
2277 75.0
2278 75.0
2279 75.0
2280 75.0
2281 75.0
2282 75.0
2283 75.0
2284 75.0
2285 75.0
2286 75.0
2287 75.0
2288 75.0
2289 75.0
2290 75.0
2291 75.0
2292 75.0
2293 75.0
2294 75.0
2295 75.0
2296 75.0
2297 75.0
2298 75.0
2299 75.0
2300 75.0
2301 75.0
2302 75.0
2303 75.0
2304 75.0
2305 75.0
2306 75.0
2307 75.0
2308 75.0
2309 75.0
2310 75.0
2311 75.0
2312 75.0
2313 75.0
2314 75.0
2315 75.0
2316 75.0
2317 75.0
2318 75.0
2319 75.0
2320 75.0
2321 75.0
2322 75.0
2323 75.0
2324 75.0
2325 75.0
2326 75.0
2327 75.0
2328 75.0
2329 75.0
2330 75.0
2331 75.0
2332 75.0
2333 75.0
2334 75.0
2335 75.0
2336 75.0
2337 75.0
2338 75.0
2339 75.0
2340 75.0
2341 75.0
2342 75.0
2343 75.0
2344 75.0
2345 75.0
2346 75.0
2347 75.0
2348 75.0
2349 75.0
2350 75.0
2351 75.0
2352 75.0
2353 75.0
2354 75.0
2355 75.0
2356 75.0
2357 75.0
2358 75.0
2359 75.0
2360 75.0
2361 75.0
2362 75.0
2363 75.0
2364 75.0
2365 75.0
2366 75.0
2367 75.0
2368 75.0
2369 75.0
2370 75.0
2371 75.0
2372 75.0
2373 75.0
2374 75.0
2375 75.0
2376 75.0
2377 75.0
2378 75.0
2379 75.0
2380 75.0
2381 75.0
2382 75.0
2383 75.0
2384 75.0
2385 75.0
2386 75.0
2387 75.0
2388 75.0
2389 75.0
2390 75.0
2391 75.0
2392 75.0
2393 75.0
2394 75.0
2395 75.0
2396 75.0
2397 75.0
2398 75.0
2399 75.0
2400 75.0
2401 75.0
2402 75.0
2403 75.0
2404 75.0
2405 75.0
2406 75.0
2407 75.0
2408 75.0
2409 75.0
2410 75.0
2411 75.0
2412 75.0
2413 75.0
2414 75.0
2415 75.0
2416 75.0
2417 75.0
2418 75.0
2419 75.0
2420 75.0
2421 75.0
2422 75.0
2423 75.0
2424 75.0
2425 75.0
2426 75.0
2427 75.0
2428 75.0
2429 75.0
2430 75.0
2431 75.0
2432 75.0
2433 75.0
2434 75.0
2435 75.0
2436 75.0
2437 75.0
2438 75.0
2439 75.0
2440 75.0
2441 75.0
2442 75.0
2443 75.0
2444 75.0
2445 75.0
2446 75.0
2447 75.0
2448 75.0
2449 75.0
2450 75.0
2451 75.0
2452 75.0
2453 75.0
2454 75.0
2455 75.0
2456 75.0
2457 75.0
2458 75.0
2459 75.0
2460 75.0
2461 75.0
2462 75.0
2463 75.0
2464 75.0
2465 75.0
2466 75.0
2467 75.0
2468 75.0
2469 75.0
2470 75.0
2471 75.0
2472 75.0
2473 75.0
2474 75.0
2475 75.0
2476 75.0
2477 75.0
2478 75.0
2479 75.0
2480 75.0
2481 75.0
2482 75.0
2483 75.0
2484 75.0
2485 75.0
2486 75.0
2487 75.0
2488 75.0
2489 75.0
2490 75.0
2491 75.0
2492 75.0
2493 75.0
2494 75.0
2495 75.0
2496 75.0
2497 75.0
2498 75.0
2499 75.0
2500 75.0
2501 75.0
2502 75.0
2503 75.0
2504 75.0
2505 75.0
2506 75.0
2507 75.0
2508 75.0
2509 75.0
2510 75.0
2511 75.0
2512 75.0
2513 75.0
2514 75.0
2515 75.0
2516 75.0
2517 75.0
2518 75.0
2519 75.0
2520 75.0
2521 75.0
2522 75.0
2523 75.0
2524 75.0
2525 75.0
2526 75.0
2527 75.0
2528 75.0
2529 75.0
2530 75.0
2531 75.0
2532 75.0
2533 75.0
2534 75.0
2535 75.0
2536 75.0
2537 75.0
2538 75.0
2539 75.0
2540 75.0
2541 75.0
2542 75.0
2543 75.0
2544 75.0
2545 75.0
2546 75.0
2547 75.0
2548 75.0
2549 75.0
2550 75.0
2551 75.0
2552 75.0
2553 75.0
2554 75.0
2555 75.0
2556 75.0
2557 75.0
2558 75.0
2559 75.0
2560 75.0
2561 75.0
2562 75.0
2563 75.0
2564 75.0
2565 75.0
2566 75.0
2567 75.0
2568 75.0
2569 75.0
2570 75.0
2571 75.0
2572 75.0
2573 75.0
2574 75.0
2575 75.0
2576 75.0
2577 75.0
2578 75.0
2579 75.0
2580 75.0
2581 75.0
2582 75.0
2583 75.0
2584 75.0
2585 75.0
2586 75.0
2587 75.0
2588 75.0
2589 75.0
2590 75.0
2591 75.0
2592 75.0
2593 75.0
2594 75.0
2595 75.0
2596 75.0
2597 75.0
2598 75.0
2599 75.0
2600 75.0
2601 75.0
2602 75.0
2603 75.0
2604 75.0
2605 75.0
2606 75.0
2607 75.0
2608 75.0
2609 75.0
2610 75.0
2611 75.0
2612 75.0
2613 75.0
2614 75.0
2615 75.0
2616 75.0
2617 75.0
2618 75.0
2619 75.0
2620 75.0
2621 75.0
2622 75.0
2623 75.0
2624 75.0
2625 75.0
2626 75.0
2627 75.0
2628 75.0
2629 75.0
2630 75.0
2631 75.0
2632 75.0
2633 75.0
2634 75.0
2635 75.0
2636 75.0
2637 75.0
2638 75.0
2639 75.0
2640 75.0
2641 75.0
2642 75.0
2643 75.0
2644 75.0
2645 75.0
2646 75.0
2647 75.0
2648 75.0
2649 75.0
2650 75.0
2651 75.0
2652 75.0
2653 75.0
2654 75.0
2655 75.0
2656 75.0
2657 75.0
2658 75.0
2659 75.0
2660 75.0
2661 75.0
2662 75.0
2663 75.0
2664 75.0
2665 75.0
2666 75.0
2667 75.0
2668 75.0
2669 75.0
2670 75.0
2671 75.0
2672 75.0
2673 75.0
2674 75.0
2675 75.0
2676 75.0
2677 75.0
2678 75.0
2679 75.0
2680 75.0
2681 75.0
2682 75.0
2683 75.0
2684 75.0
2685 75.0
2686 75.0
2687 75.0
2688 75.0
2689 75.0
2690 75.0
2691 75.0
2692 75.0
2693 75.0
2694 75.0
2695 75.0
2696 75.0
2697 75.0
2698 75.0
2699 75.0
2700 75.0
2701 75.0
2702 75.0
2703 75.0
2704 75.0
2705 75.0
2706 75.0
2707 75.0
2708 75.0
2709 75.0
2710 75.0
2711 75.0
2712 75.0
2713 75.0
2714 75.0
2715 75.0
2716 75.0
2717 75.0
2718 75.0
2719 75.0
2720 75.0
2721 75.0
2722 75.0
2723 75.0
2724 75.0
2725 75.0
2726 75.0
2727 75.0
2728 75.0
2729 75.0
2730 75.0
2731 75.0
2732 75.0
2733 75.0
2734 75.0
2735 75.0
2736 75.0
2737 75.0
2738 75.0
2739 75.0
2740 75.0
2741 75.0
2742 75.0
2743 75.0
2744 75.0
2745 75.0
2746 75.0
2747 75.0
2748 75.0
2749 75.0
2750 75.0
2751 75.0
2752 75.0
2753 75.0
2754 75.0
2755 75.0
2756 75.0
2757 75.0
2758 75.0
2759 75.0
2760 75.0
2761 75.0
2762 75.0
2763 75.0
2764 75.0
2765 75.0
2766 75.0
2767 75.0
2768 75.0
2769 75.0
2770 75.0
2771 75.0
2772 75.0
2773 75.0
2774 75.0
2775 75.0
2776 75.0
2777 75.0
2778 75.0
2779 75.0
2780 75.0
2781 75.0
2782 75.0
2783 75.0
2784 75.0
2785 75.0
2786 75.0
2787 75.0
2788 75.0
2789 75.0
2790 75.0
2791 75.0
2792 75.0
2793 75.0
2794 75.0
2795 75.0
2796 75.0
2797 75.0
2798 75.0
2799 75.0
2800 75.0
2801 75.0
2802 75.0
2803 75.0
2804 75.0
2805 75.0
2806 75.0
2807 75.0
2808 75.0
2809 75.0
2810 75.0
2811 75.0
2812 75.0
2813 75.0
2814 75.0
2815 75.0
2816 75.0
2817 75.0
2818 75.0
2819 75.0
2820 75.0
2821 75.0
2822 75.0
2823 75.0
2824 75.0
2825 75.0
2826 75.0
2827 75.0
2828 75.0
2829 75.0
2830 75.0
2831 75.0
2832 75.0
2833 75.0
2834 75.0
2835 75.0
2836 75.0
2837 75.0
2838 75.0
2839 75.0
2840 75.0
2841 75.0
2842 75.0
2843 75.0
2844 75.0
2845 75.0
2846 75.0
2847 75.0
2848 75.0
2849 75.0
2850 75.0
2851 75.0
2852 75.0
2853 75.0
2854 75.0
2855 75.0
2856 75.0
2857 75.0
2858 75.0
2859 75.0
2860 75.0
2861 75.0
2862 75.0
2863 75.0
2864 75.0
2865 75.0
2866 75.0
2867 75.0
2868 75.0
2869 75.0
2870 75.0
2871 75.0
2872 75.0
2873 75.0
2874 75.0
2875 75.0
2876 75.0
2877 75.0
2878 75.0
2879 75.0
2880 75.0
2881 75.0
2882 75.0
2883 75.0
2884 75.0
2885 75.0
2886 75.0
2887 75.0
2888 75.0
2889 75.0
2890 75.0
2891 75.0
2892 75.0
2893 75.0
2894 75.0
2895 75.0
2896 75.0
2897 75.0
2898 75.0
2899 75.0
2900 75.0
2901 75.0
2902 75.0
2903 75.0
2904 75.0
2905 75.0
2906 75.0
2907 75.0
2908 75.0
2909 75.0
2910 75.0
2911 75.0
2912 75.0
2913 75.0
2914 75.0
2915 75.0
2916 75.0
2917 75.0
2918 75.0
2919 75.0
2920 75.0
2921 75.0
2922 75.0
2923 75.0
2924 75.0
2925 75.0
2926 75.0
2927 75.0
2928 75.0
2929 75.0
2930 75.0
2931 75.0
2932 75.0
2933 75.0
2934 75.0
2935 75.0
2936 75.0
2937 75.0
2938 75.0
2939 75.0
2940 75.0
2941 75.0
2942 75.0
2943 75.0
2944 75.0
2945 75.0
2946 75.0
2947 75.0
2948 75.0
2949 75.0
2950 75.0
2951 75.0
2952 75.0
2953 75.0
2954 75.0
2955 75.0
2956 75.0
2957 75.0
2958 75.0
2959 75.0
2960 75.0
2961 75.0
2962 75.0
2963 75.0
2964 75.0
2965 75.0
2966 75.0
2967 75.0
2968 75.0
2969 75.0
2970 75.0
2971 75.0
2972 75.0
2973 75.0
2974 75.0
2975 75.0
2976 75.0
2977 75.0
2978 75.0
2979 75.0
2980 75.0
2981 75.0
2982 75.0
2983 75.0
2984 75.0
2985 75.0
2986 75.0
2987 75.0
2988 75.0
2989 75.0
2990 75.0
2991 75.0
2992 75.0
2993 75.0
2994 75.0
2995 75.0
2996 75.0
2997 75.0
2998 75.0
2999 75.0
3000 75.0
3001 75.0
3002 75.0
3003 75.0
3004 75.0
3005 75.0
3006 75.0
3007 75.0
3008 75.0
3009 75.0
3010 75.0
3011 75.0
3012 75.0
3013 75.0
3014 75.0
3015 75.0
3016 75.0
3017 75.0
3018 75.0
3019 75.0
3020 75.0
3021 75.0
3022 75.0
3023 75.0
3024 75.0
3025 75.0
3026 75.0
3027 75.0
3028 75.0
3029 75.0
3030 75.0
3031 75.0
3032 75.0
3033 75.0
3034 75.0
3035 75.0
3036 75.0
3037 75.0
3038 75.0
3039 75.0
3040 75.0
3041 75.0
3042 75.0
3043 75.0
3044 75.0
3045 75.0
3046 75.0
3047 75.0
3048 75.0
3049 75.0
3050 75.0
3051 75.0
3052 75.0
3053 75.0
3054 75.0
3055 75.0
3056 75.0
3057 75.0
3058 75.0
3059 75.0
3060 75.0
3061 75.0
3062 75.0
3063 75.0
3064 75.0
3065 75.0
3066 75.0
3067 75.0
3068 75.0
3069 75.0
3070 75.0
3071 75.0
3072 75.0
3073 75.0
3074 75.0
3075 75.0
3076 75.0
3077 75.0
3078 75.0
3079 75.0
3080 75.0
3081 75.0
3082 75.0
3083 75.0
3084 75.0
3085 75.0
3086 75.0
3087 75.0
3088 75.0
3089 75.0
3090 75.0
3091 75.0
3092 75.0
3093 75.0
3094 75.0
3095 75.0
3096 75.0
3097 75.0
3098 75.0
3099 75.0
3100 75.0
3101 75.0
3102 75.0
3103 75.0
3104 75.0
3105 75.0
3106 75.0
3107 75.0
3108 75.0
3109 75.0
3110 75.0
3111 75.0
3112 75.0
3113 75.0
3114 75.0
3115 75.0
3116 75.0
3117 75.0
3118 75.0
3119 75.0
3120 75.0
3121 75.0
3122 75.0
3123 75.0
3124 75.0
3125 75.0
3126 75.0
3127 75.0
3128 75.0
3129 75.0
3130 75.0
3131 75.0
3132 75.0
3133 75.0
3134 75.0
3135 75.0
3136 75.0
3137 75.0
3138 75.0
3139 75.0
3140 75.0
3141 75.0
3142 75.0
3143 75.0
3144 75.0
3145 75.0
3146 75.0
3147 75.0
3148 75.0
3149 75.0
3150 75.0
3151 75.0
3152 75.0
3153 75.0
3154 75.0
3155 75.0
3156 75.0
3157 75.0
3158 75.0
3159 75.0
3160 75.0
3161 75.0
3162 75.0
3163 75.0
3164 75.0
3165 75.0
3166 75.0
3167 75.0
3168 75.0
3169 75.0
3170 75.0
3171 75.0
3172 75.0
3173 75.0
3174 75.0
3175 75.0
3176 75.0
3177 75.0
3178 75.0
3179 75.0
3180 75.0
3181 75.0
3182 75.0
3183 75.0
3184 75.0
3185 75.0
3186 75.0
3187 75.0
3188 75.0
3189 75.0
3190 75.0
3191 75.0
3192 75.0
3193 75.0
3194 75.0
3195 75.0
3196 75.0
3197 75.0
3198 75.0
3199 75.0
3200 75.0
3201 75.0
3202 75.0
3203 75.0
3204 75.0
3205 75.0
3206 75.0
3207 75.0
3208 75.0
3209 75.0
3210 75.0
3211 75.0
3212 75.0
3213 75.0
3214 75.0
3215 75.0
3216 75.0
3217 75.0
3218 75.0
3219 75.0
3220 75.0
3221 75.0
3222 75.0
3223 75.0
3224 75.0
3225 75.0
3226 75.0
3227 75.0
3228 75.0
3229 75.0
3230 75.0
3231 75.0
3232 75.0
3233 75.0
3234 75.0
3235 75.0
3236 75.0
3237 75.0
3238 75.0
3239 75.0
3240 75.0
3241 75.0
3242 75.0
3243 75.0
3244 75.0
3245 75.0
3246 75.0
3247 75.0
3248 75.0
3249 75.0
3250 75.0
3251 75.0
3252 75.0
3253 75.0
3254 75.0
3255 75.0
3256 75.0
3257 75.0
3258 75.0
3259 75.0
3260 75.0
3261 75.0
3262 75.0
3263 75.0
3264 75.0
3265 75.0
3266 75.0
3267 75.0
3268 75.0
3269 75.0
3270 75.0
3271 75.0
3272 75.0
3273 75.0
3274 75.0
3275 75.0
3276 75.0
3277 75.0
3278 75.0
3279 75.0
3280 75.0
3281 75.0
3282 75.0
3283 75.0
3284 75.0
3285 75.0
3286 75.0
3287 75.0
3288 75.0
3289 75.0
3290 75.0
3291 75.0
3292 75.0
3293 75.0
3294 75.0
3295 75.0
3296 75.0
3297 75.0
3298 75.0
3299 75.0
3300 75.0
3301 75.0
3302 75.0
3303 75.0
3304 75.0
3305 75.0
3306 75.0
3307 75.0
3308 75.0
3309 75.0
3310 75.0
3311 75.0
3312 75.0
3313 75.0
3314 75.0
3315 75.0
3316 75.0
3317 75.0
3318 75.0
3319 75.0
3320 75.0
3321 75.0
3322 75.0
3323 75.0
3324 75.0
3325 75.0
3326 75.0
3327 75.0
3328 75.0
3329 75.0
3330 75.0
3331 75.0
3332 75.0
3333 75.0
3334 75.0
3335 75.0
3336 75.0
3337 75.0
3338 75.0
3339 75.0
3340 75.0
3341 75.0
3342 75.0
3343 75.0
3344 75.0
3345 75.0
3346 75.0
3347 75.0
3348 75.0
3349 75.0
3350 75.0
3351 75.0
3352 75.0
3353 75.0
3354 75.0
3355 75.0
3356 75.0
3357 75.0
3358 75.0
3359 75.0
3360 75.0
3361 75.0
3362 75.0
3363 75.0
3364 75.0
3365 75.0
3366 75.0
3367 75.0
3368 75.0
3369 75.0
3370 75.0
3371 75.0
3372 75.0
3373 75.0
3374 75.0
3375 75.0
3376 75.0
3377 75.0
3378 75.0
3379 75.0
3380 75.0
3381 75.0
3382 75.0
3383 75.0
3384 75.0
3385 75.0
3386 75.0
3387 75.0
3388 75.0
3389 75.0
3390 75.0
3391 75.0
3392 75.0
3393 75.0
3394 75.0
3395 75.0
3396 75.0
3397 75.0
3398 75.0
3399 75.0
3400 75.0
3401 75.0
3402 75.0
3403 75.0
3404 75.0
3405 75.0
3406 75.0
3407 75.0
3408 75.0
3409 75.0
3410 75.0
3411 75.0
3412 75.0
3413 75.0
3414 75.0
3415 75.0
3416 75.0
3417 75.0
3418 75.0
3419 75.0
3420 75.0
3421 75.0
3422 75.0
3423 75.0
3424 75.0
3425 75.0
3426 75.0
3427 75.0
3428 75.0
3429 75.0
3430 75.0
3431 75.0
3432 75.0
3433 75.0
3434 75.0
3435 75.0
3436 75.0
3437 75.0
3438 75.0
3439 75.0
3440 75.0
3441 75.0
3442 75.0
3443 75.0
3444 75.0
3445 75.0
3446 75.0
3447 75.0
3448 75.0
3449 75.0
3450 75.0
3451 75.0
3452 75.0
3453 75.0
3454 75.0
3455 75.0
3456 75.0
3457 75.0
3458 75.0
3459 75.0
3460 75.0
3461 75.0
3462 75.0
3463 75.0
3464 75.0
3465 75.0
3466 75.0
3467 75.0
3468 75.0
3469 75.0
3470 75.0
3471 75.0
3472 75.0
3473 75.0
3474 75.0
3475 75.0
3476 75.0
3477 75.0
3478 75.0
3479 75.0
3480 75.0
3481 75.0
3482 75.0
3483 75.0
3484 75.0
3485 75.0
3486 75.0
3487 75.0
3488 75.0
3489 75.0
3490 75.0
3491 75.0
3492 75.0
3493 75.0
3494 75.0
3495 75.0
3496 75.0
3497 75.0
3498 75.0
3499 75.0
3500 75.0
3501 75.0
3502 75.0
3503 75.0
3504 75.0
3505 75.0
3506 75.0
3507 75.0
3508 75.0
3509 75.0
3510 75.0
3511 75.0
3512 75.0
3513 75.0
3514 75.0
3515 75.0
3516 75.0
3517 75.0
3518 75.0
3519 75.0
3520 75.0
3521 75.0
3522 75.0
3523 75.0
3524 75.0
3525 75.0
3526 75.0
3527 75.0
3528 75.0
3529 75.0
3530 75.0
3531 75.0
3532 75.0
3533 75.0
3534 75.0
3535 75.0
3536 75.0
3537 75.0
3538 75.0
3539 75.0
3540 75.0
3541 75.0
3542 75.0
3543 75.0
3544 75.0
3545 75.0
3546 75.0
3547 75.0
3548 75.0
3549 75.0
3550 75.0
3551 75.0
3552 75.0
3553 75.0
3554 75.0
3555 75.0
3556 75.0
3557 75.0
3558 75.0
3559 75.0
3560 75.0
3561 75.0
3562 75.0
3563 75.0
3564 75.0
3565 75.0
3566 75.0
3567 75.0
3568 75.0
3569 75.0
3570 75.0
3571 75.0
3572 75.0
3573 75.0
3574 75.0
3575 75.0
3576 75.0
3577 75.0
3578 75.0
3579 75.0
3580 75.0
3581 75.0
3582 75.0
3583 75.0
3584 75.0
3585 75.0
3586 75.0
3587 75.0
3588 75.0
3589 75.0
3590 75.0
3591 75.0
3592 75.0
3593 75.0
3594 75.0
3595 75.0
3596 75.0
3597 75.0
3598 75.0
3599 75.0
3600 75.0
3601 75.0
3602 75.0
3603 75.0
3604 75.0
3605 75.0
3606 75.0
3607 75.0
3608 75.0
3609 75.0
3610 75.0
3611 75.0
3612 75.0
3613 75.0
3614 75.0
3615 75.0
3616 75.0
3617 75.0
3618 75.0
3619 75.0
3620 75.0
3621 75.0
3622 75.0
3623 75.0
3624 75.0
3625 75.0
3626 75.0
3627 75.0
3628 75.0
3629 75.0
3630 75.0
3631 75.0
3632 75.0
3633 75.0
3634 75.0
3635 75.0
3636 75.0
3637 75.0
3638 75.0
3639 75.0
3640 75.0
3641 75.0
3642 75.0
3643 75.0
3644 75.0
3645 75.0
3646 75.0
3647 75.0
3648 75.0
3649 75.0
3650 75.0
3651 75.0
3652 75.0
3653 75.0
3654 75.0
3655 75.0
3656 75.0
3657 75.0
3658 75.0
3659 75.0
3660 75.0
3661 75.0
3662 75.0
3663 75.0
3664 75.0
3665 75.0
3666 75.0
3667 75.0
3668 75.0
3669 75.0
3670 75.0
3671 75.0
3672 75.0
3673 75.0
3674 75.0
3675 75.0
3676 75.0
3677 75.0
3678 75.0
3679 75.0
3680 75.0
3681 75.0
3682 75.0
3683 75.0
3684 75.0
3685 75.0
3686 75.0
3687 75.0
3688 75.0
3689 75.0
3690 75.0
3691 75.0
3692 75.0
3693 75.0
3694 75.0
3695 75.0
3696 75.0
3697 75.0
3698 75.0
3699 75.0
3700 75.0
3701 75.0
3702 75.0
3703 75.0
3704 75.0
3705 75.0
3706 75.0
3707 75.0
3708 75.0
3709 75.0
3710 75.0
3711 75.0
3712 75.0
3713 75.0
3714 75.0
3715 75.0
3716 75.0
3717 75.0
3718 75.0
3719 75.0
3720 75.0
3721 75.0
3722 75.0
3723 75.0
3724 75.0
3725 75.0
3726 75.0
3727 75.0
3728 75.0
3729 75.0
3730 75.0
3731 75.0
3732 75.0
3733 75.0
3734 75.0
3735 75.0
3736 75.0
3737 75.0
3738 75.0
3739 75.0
3740 75.0
3741 75.0
3742 75.0
3743 75.0
3744 75.0
3745 75.0
3746 75.0
3747 75.0
3748 75.0
3749 75.0
3750 75.0
3751 75.0
3752 75.0
3753 75.0
3754 75.0
3755 75.0
3756 75.0
3757 75.0
3758 75.0
3759 75.0
3760 75.0
3761 75.0
3762 75.0
3763 75.0
3764 75.0
3765 75.0
3766 81.0
3767 82.0
3768 82.0
3769 82.0
3770 82.0
3771 82.0
3772 82.0
3773 82.0
3774 82.0
3775 82.0
3776 82.0
3777 82.0
3778 82.0
3779 82.0
3780 82.0
3781 82.0
3782 82.0
3783 82.0
3784 82.0
3785 82.0
3786 82.0
3787 82.0
3788 82.0
3789 82.0
3790 82.0
3791 82.0
3792 82.0
3793 82.0
3794 82.0
3795 82.0
3796 82.0
3797 82.0
3798 82.0
3799 82.0
3800 82.0
3801 82.0
3802 82.0
3803 82.0
3804 82.0
3805 82.0
3806 82.0
3807 82.0
3808 82.0
3809 82.0
3810 82.0
3811 82.0
3812 82.0
3813 82.0
3814 82.0
3815 82.0
3816 82.0
3817 82.0
3818 82.0
3819 82.0
3820 82.0
3821 82.0
3822 82.0
3823 82.0
3824 82.0
3825 82.0
3826 82.0
3827 82.0
3828 82.0
3829 82.0
3830 82.0
3831 82.0
3832 82.0
3833 82.0
3834 82.0
3835 82.0
3836 82.0
3837 82.0
3838 82.0
3839 82.0
3840 82.0
3841 82.0
3842 82.0
3843 82.0
3844 82.0
3845 82.0
3846 82.0
3847 82.0
3848 82.0
3849 82.0
3850 82.0
3851 82.0
3852 82.0
3853 82.0
3854 82.0
3855 82.0
3856 82.0
3857 82.0
3858 82.0
3859 82.0
3860 82.0
3861 82.0
3862 82.0
3863 82.0
3864 82.0
3865 82.0
3866 82.0
3867 82.0
3868 82.0
3869 82.0
3870 82.0
3871 82.0
3872 82.0
3873 82.0
3874 82.0
3875 82.0
3876 82.0
3877 82.0
3878 82.0
3879 82.0
3880 82.0
3881 82.0
3882 82.0
3883 82.0
3884 82.0
3885 82.0
3886 82.0
3887 82.0
3888 82.0
3889 82.0
3890 82.0
3891 82.0
3892 82.0
3893 82.0
3894 82.0
3895 82.0
3896 82.0
3897 82.0
3898 82.0
3899 82.0
3900 82.0
3901 82.0
3902 82.0
3903 82.0
3904 82.0
3905 82.0
3906 82.0
3907 82.0
3908 82.0
3909 82.0
3910 82.0
3911 82.0
3912 82.0
3913 82.0
3914 82.0
3915 82.0
3916 82.0
3917 82.0
3918 82.0
3919 82.0
3920 82.0
3921 82.0
3922 82.0
3923 82.0
3924 82.0
3925 82.0
3926 82.0
3927 82.0
3928 82.0
3929 82.0
3930 82.0
3931 82.0
3932 82.0
3933 82.0
3934 82.0
3935 82.0
3936 82.0
3937 82.0
3938 82.0
3939 82.0
3940 82.0
3941 82.0
3942 82.0
3943 82.0
3944 82.0
3945 82.0
3946 82.0
3947 82.0
3948 82.0
3949 82.0
3950 82.0
3951 82.0
3952 82.0
3953 82.0
3954 82.0
3955 82.0
3956 82.0
3957 82.0
3958 82.0
3959 82.0
3960 82.0
3961 82.0
3962 82.0
3963 82.0
3964 82.0
3965 82.0
3966 82.0
3967 82.0
3968 82.0
3969 82.0
3970 82.0
3971 82.0
3972 82.0
3973 82.0
3974 82.0
3975 82.0
3976 82.0
3977 82.0
3978 82.0
3979 82.0
3980 82.0
3981 82.0
3982 82.0
3983 82.0
3984 82.0
3985 82.0
3986 82.0
3987 82.0
3988 82.0
3989 82.0
3990 82.0
3991 82.0
3992 82.0
3993 82.0
3994 82.0
3995 82.0
3996 82.0
3997 82.0
3998 82.0
3999 82.0
4000 82.0
4001 82.0
4002 82.0
4003 82.0
4004 82.0
4005 82.0
4006 82.0
4007 82.0
4008 82.0
4009 82.0
4010 82.0
4011 82.0
4012 82.0
4013 82.0
4014 82.0
4015 82.0
4016 82.0
4017 82.0
4018 82.0
4019 82.0
4020 82.0
4021 82.0
4022 82.0
4023 82.0
4024 82.0
4025 82.0
4026 82.0
4027 82.0
4028 82.0
4029 82.0
4030 82.0
4031 82.0
4032 82.0
4033 82.0
4034 82.0
4035 82.0
4036 82.0
4037 82.0
4038 82.0
4039 82.0
4040 82.0
4041 82.0
4042 82.0
4043 82.0
4044 82.0
4045 82.0
4046 82.0
4047 82.0
4048 82.0
4049 82.0
4050 82.0
4051 82.0
4052 82.0
4053 82.0
4054 82.0
4055 82.0
4056 82.0
4057 82.0
4058 82.0
4059 82.0
4060 82.0
4061 82.0
4062 82.0
4063 82.0
4064 82.0
4065 82.0
4066 82.0
4067 82.0
4068 82.0
4069 82.0
4070 82.0
4071 82.0
4072 82.0
4073 82.0
4074 82.0
4075 82.0
4076 82.0
4077 82.0
4078 82.0
4079 82.0
4080 82.0
4081 82.0
4082 82.0
4083 82.0
4084 82.0
4085 82.0
4086 82.0
4087 82.0
4088 82.0
4089 82.0
4090 82.0
4091 82.0
4092 82.0
4093 82.0
4094 82.0
4095 82.0
4096 82.0
4097 82.0
4098 82.0
4099 82.0
4100 82.0
4101 82.0
4102 82.0
4103 82.0
4104 82.0
4105 82.0
4106 82.0
4107 82.0
4108 82.0
4109 82.0
4110 82.0
4111 82.0
4112 82.0
4113 82.0
4114 82.0
4115 82.0
4116 82.0
4117 82.0
4118 82.0
4119 82.0
4120 82.0
4121 82.0
4122 82.0
4123 82.0
4124 82.0
4125 82.0
4126 82.0
4127 82.0
4128 82.0
4129 82.0
4130 82.0
4131 82.0
4132 82.0
4133 82.0
4134 82.0
4135 82.0
4136 82.0
4137 82.0
4138 82.0
4139 82.0
4140 82.0
4141 82.0
4142 82.0
4143 82.0
4144 82.0
4145 82.0
4146 82.0
4147 82.0
4148 82.0
4149 82.0
4150 82.0
4151 82.0
4152 82.0
4153 82.0
4154 82.0
4155 82.0
4156 82.0
4157 82.0
4158 82.0
4159 82.0
4160 82.0
4161 82.0
4162 82.0
4163 82.0
4164 82.0
4165 82.0
4166 82.0
4167 82.0
4168 82.0
4169 82.0
4170 82.0
4171 82.0
4172 82.0
4173 82.0
4174 82.0
4175 82.0
4176 82.0
4177 82.0
4178 82.0
4179 82.0
4180 82.0
4181 82.0
4182 82.0
4183 82.0
4184 82.0
4185 82.0
4186 82.0
4187 82.0
4188 82.0
4189 82.0
4190 82.0
4191 82.0
4192 82.0
4193 82.0
4194 82.0
4195 82.0
4196 82.0
4197 82.0
4198 82.0
4199 82.0
4200 82.0
4201 82.0
4202 82.0
4203 82.0
4204 82.0
4205 82.0
4206 82.0
4207 82.0
4208 82.0
4209 82.0
4210 82.0
4211 82.0
4212 82.0
4213 82.0
4214 82.0
4215 82.0
4216 82.0
4217 82.0
4218 82.0
4219 82.0
4220 82.0
4221 82.0
4222 82.0
4223 82.0
4224 82.0
4225 82.0
4226 82.0
4227 82.0
4228 82.0
4229 82.0
4230 82.0
4231 82.0
4232 82.0
4233 82.0
4234 82.0
4235 82.0
4236 82.0
4237 82.0
4238 82.0
4239 82.0
4240 82.0
4241 82.0
4242 82.0
4243 82.0
4244 82.0
4245 82.0
4246 82.0
4247 82.0
4248 82.0
4249 82.0
4250 82.0
4251 82.0
4252 82.0
4253 82.0
4254 82.0
4255 82.0
4256 82.0
4257 82.0
4258 82.0
4259 82.0
4260 82.0
4261 82.0
4262 82.0
4263 82.0
4264 82.0
4265 82.0
4266 82.0
4267 82.0
4268 82.0
4269 82.0
4270 82.0
4271 82.0
4272 82.0
4273 82.0
4274 82.0
4275 82.0
4276 82.0
4277 82.0
4278 82.0
4279 82.0
4280 82.0
4281 82.0
4282 82.0
4283 82.0
4284 82.0
4285 82.0
4286 82.0
4287 82.0
4288 82.0
4289 82.0
4290 82.0
4291 82.0
4292 82.0
4293 82.0
4294 82.0
4295 82.0
4296 82.0
4297 82.0
4298 82.0
4299 82.0
4300 82.0
4301 82.0
4302 82.0
4303 82.0
4304 82.0
4305 82.0
4306 82.0
4307 82.0
4308 82.0
4309 82.0
4310 82.0
4311 82.0
4312 82.0
4313 82.0
4314 82.0
4315 82.0
4316 82.0
4317 82.0
4318 82.0
4319 82.0
4320 82.0
4321 82.0
4322 82.0
4323 82.0
4324 82.0
4325 82.0
4326 82.0
4327 82.0
4328 82.0
4329 82.0
4330 82.0
4331 82.0
4332 82.0
4333 82.0
4334 82.0
4335 82.0
4336 82.0
4337 82.0
4338 82.0
4339 82.0
4340 82.0
4341 82.0
4342 82.0
4343 82.0
4344 82.0
4345 82.0
4346 82.0
4347 82.0
4348 82.0
4349 82.0
4350 82.0
4351 82.0
4352 82.0
4353 82.0
4354 82.0
4355 82.0
4356 82.0
4357 82.0
4358 82.0
4359 82.0
4360 82.0
4361 82.0
4362 82.0
4363 82.0
4364 82.0
4365 82.0
4366 82.0
4367 82.0
4368 82.0
4369 82.0
4370 82.0
4371 82.0
4372 82.0
4373 82.0
4374 82.0
4375 82.0
4376 82.0
4377 82.0
4378 82.0
4379 82.0
4380 82.0
4381 82.0
4382 82.0
4383 82.0
4384 82.0
4385 82.0
4386 82.0
4387 82.0
4388 82.0
4389 82.0
4390 82.0
4391 82.0
4392 82.0
4393 82.0
4394 82.0
4395 82.0
4396 82.0
4397 82.0
4398 82.0
4399 82.0
4400 82.0
4401 82.0
4402 82.0
4403 82.0
4404 82.0
4405 82.0
4406 82.0
4407 82.0
4408 82.0
4409 82.0
4410 82.0
4411 82.0
4412 82.0
4413 82.0
4414 82.0
4415 82.0
4416 82.0
4417 82.0
4418 82.0
4419 82.0
4420 82.0
4421 82.0
4422 82.0
4423 82.0
4424 82.0
4425 82.0
4426 82.0
4427 82.0
4428 82.0
4429 82.0
4430 82.0
4431 82.0
4432 82.0
4433 82.0
4434 82.0
4435 82.0
4436 82.0
4437 82.0
4438 82.0
4439 82.0
4440 82.0
4441 82.0
4442 82.0
4443 82.0
4444 82.0
4445 82.0
4446 82.0
4447 82.0
4448 82.0
4449 82.0
4450 82.0
4451 82.0
4452 82.0
4453 82.0
4454 82.0
4455 82.0
4456 82.0
4457 82.0
4458 82.0
4459 82.0
4460 82.0
4461 82.0
4462 82.0
4463 82.0
4464 82.0
4465 82.0
4466 82.0
4467 82.0
4468 82.0
4469 82.0
4470 82.0
4471 82.0
4472 82.0
4473 82.0
4474 82.0
4475 82.0
4476 82.0
4477 82.0
4478 82.0
4479 82.0
4480 82.0
4481 82.0
4482 82.0
4483 82.0
4484 82.0
4485 82.0
4486 82.0
4487 82.0
4488 82.0
4489 82.0
4490 82.0
4491 82.0
4492 82.0
4493 82.0
4494 82.0
4495 82.0
4496 82.0
4497 82.0
4498 82.0
4499 82.0
4500 82.0
4501 82.0
4502 82.0
4503 82.0
4504 82.0
4505 82.0
4506 82.0
4507 82.0
4508 82.0
4509 82.0
4510 82.0
4511 82.0
4512 82.0
4513 82.0
4514 82.0
4515 82.0
4516 82.0
4517 82.0
4518 82.0
4519 82.0
4520 82.0
4521 82.0
4522 82.0
4523 82.0
4524 82.0
4525 82.0
4526 82.0
4527 82.0
4528 82.0
4529 82.0
4530 82.0
4531 82.0
4532 82.0
4533 82.0
4534 82.0
4535 82.0
4536 82.0
4537 82.0
4538 82.0
4539 82.0
4540 82.0
4541 82.0
4542 82.0
4543 82.0
4544 82.0
4545 82.0
4546 82.0
4547 82.0
4548 82.0
4549 82.0
4550 82.0
4551 82.0
4552 82.0
4553 82.0
4554 82.0
4555 82.0
4556 82.0
4557 82.0
4558 82.0
4559 82.0
4560 82.0
4561 82.0
4562 82.0
4563 82.0
4564 82.0
4565 82.0
4566 82.0
4567 82.0
4568 82.0
4569 82.0
4570 82.0
4571 82.0
4572 82.0
4573 82.0
4574 82.0
4575 82.0
4576 82.0
4577 82.0
4578 82.0
4579 82.0
4580 82.0
4581 82.0
4582 82.0
4583 82.0
4584 82.0
4585 82.0
4586 82.0
4587 82.0
4588 82.0
4589 82.0
4590 82.0
4591 82.0
4592 82.0
4593 82.0
4594 82.0
4595 82.0
4596 82.0
4597 82.0
4598 82.0
4599 82.0
4600 82.0
4601 82.0
4602 82.0
4603 82.0
4604 82.0
4605 82.0
4606 82.0
4607 82.0
4608 82.0
4609 82.0
4610 82.0
4611 82.0
4612 82.0
4613 82.0
4614 82.0
4615 82.0
4616 82.0
4617 82.0
4618 82.0
4619 82.0
4620 82.0
4621 82.0
4622 82.0
4623 82.0
4624 82.0
4625 82.0
4626 82.0
4627 82.0
4628 82.0
4629 82.0
4630 82.0
4631 82.0
4632 82.0
4633 82.0
4634 82.0
4635 82.0
4636 82.0
4637 82.0
4638 82.0
4639 82.0
4640 82.0
4641 82.0
4642 82.0
4643 82.0
4644 82.0
4645 82.0
4646 82.0
4647 82.0
4648 82.0
4649 82.0
4650 82.0
4651 82.0
4652 82.0
4653 82.0
4654 82.0
4655 82.0
4656 82.0
4657 82.0
4658 82.0
4659 82.0
4660 82.0
4661 82.0
4662 82.0
4663 82.0
4664 82.0
4665 82.0
4666 82.0
4667 82.0
4668 82.0
4669 82.0
4670 82.0
4671 82.0
4672 82.0
4673 82.0
4674 82.0
4675 82.0
4676 82.0
4677 82.0
4678 82.0
4679 82.0
4680 82.0
4681 82.0
4682 82.0
4683 82.0
4684 82.0
4685 82.0
4686 82.0
4687 82.0
4688 82.0
4689 82.0
4690 82.0
4691 82.0
4692 82.0
4693 82.0
4694 82.0
4695 82.0
4696 82.0
4697 82.0
4698 82.0
4699 82.0
4700 82.0
4701 82.0
4702 82.0
4703 82.0
4704 82.0
4705 82.0
4706 82.0
4707 82.0
4708 82.0
4709 82.0
4710 82.0
4711 82.0
4712 82.0
4713 82.0
4714 82.0
4715 82.0
4716 82.0
4717 82.0
4718 82.0
4719 82.0
4720 82.0
4721 82.0
4722 82.0
4723 82.0
4724 82.0
4725 82.0
4726 82.0
4727 82.0
4728 82.0
4729 82.0
4730 82.0
4731 82.0
4732 82.0
4733 82.0
4734 82.0
4735 82.0
4736 82.0
4737 82.0
4738 82.0
4739 82.0
4740 82.0
4741 82.0
4742 82.0
4743 82.0
4744 82.0
4745 82.0
4746 82.0
4747 82.0
4748 82.0
4749 82.0
4750 82.0
4751 82.0
4752 82.0
4753 82.0
4754 82.0
4755 82.0
4756 82.0
4757 82.0
4758 82.0
4759 82.0
4760 82.0
4761 82.0
4762 82.0
4763 82.0
4764 82.0
4765 82.0
4766 82.0
4767 82.0
4768 82.0
4769 82.0
4770 82.0
4771 82.0
4772 82.0
4773 82.0
4774 82.0
4775 82.0
4776 82.0
4777 82.0
4778 82.0
4779 82.0
4780 82.0
4781 82.0
4782 82.0
4783 82.0
4784 82.0
4785 82.0
4786 82.0
4787 82.0
4788 82.0
4789 82.0
4790 82.0
4791 82.0
4792 82.0
4793 82.0
4794 82.0
4795 82.0
4796 82.0
4797 82.0
4798 82.0
4799 82.0
4800 82.0
4801 82.0
4802 82.0
4803 82.0
4804 82.0
4805 82.0
4806 82.0
4807 82.0
4808 82.0
4809 82.0
4810 82.0
4811 82.0
4812 82.0
4813 82.0
4814 82.0
4815 82.0
4816 82.0
4817 82.0
4818 82.0
4819 82.0
4820 82.0
4821 82.0
4822 82.0
4823 82.0
4824 82.0
4825 82.0
4826 82.0
4827 82.0
4828 82.0
4829 82.0
4830 82.0
4831 82.0
4832 82.0
4833 82.0
4834 82.0
4835 82.0
4836 82.0
4837 82.0
4838 82.0
4839 82.0
4840 82.0
4841 82.0
4842 82.0
4843 82.0
4844 82.0
4845 82.0
4846 82.0
4847 82.0
4848 82.0
4849 82.0
4850 82.0
4851 82.0
4852 82.0
4853 82.0
4854 82.0
4855 82.0
4856 82.0
4857 82.0
4858 82.0
4859 82.0
4860 82.0
4861 82.0
4862 82.0
4863 82.0
4864 82.0
4865 82.0
4866 82.0
4867 82.0
4868 82.0
4869 82.0
4870 82.0
4871 82.0
4872 82.0
4873 82.0
4874 82.0
4875 82.0
4876 82.0
4877 82.0
4878 82.0
4879 82.0
4880 82.0
4881 82.0
4882 82.0
4883 82.0
4884 82.0
4885 82.0
4886 82.0
4887 82.0
4888 82.0
4889 82.0
4890 82.0
4891 82.0
4892 82.0
4893 82.0
4894 82.0
4895 82.0
4896 82.0
4897 82.0
4898 82.0
4899 82.0
4900 82.0
4901 82.0
4902 82.0
4903 82.0
4904 82.0
4905 82.0
4906 82.0
4907 82.0
4908 82.0
4909 82.0
4910 82.0
4911 82.0
4912 82.0
4913 82.0
4914 82.0
4915 82.0
4916 82.0
4917 82.0
4918 82.0
4919 82.0
4920 82.0
4921 82.0
4922 82.0
4923 82.0
4924 82.0
4925 82.0
4926 82.0
4927 82.0
4928 82.0
4929 82.0
4930 82.0
4931 82.0
4932 82.0
4933 82.0
4934 82.0
4935 82.0
4936 82.0
4937 82.0
4938 82.0
4939 82.0
4940 82.0
4941 82.0
4942 82.0
4943 82.0
4944 82.0
4945 82.0
4946 82.0
4947 82.0
4948 82.0
4949 82.0
4950 82.0
4951 82.0
4952 82.0
4953 82.0
4954 82.0
4955 82.0
4956 82.0
4957 82.0
4958 82.0
4959 82.0
4960 82.0
4961 82.0
4962 82.0
4963 82.0
4964 82.0
4965 82.0
4966 82.0
4967 82.0
4968 82.0
4969 82.0
4970 82.0
4971 82.0
4972 82.0
4973 82.0
4974 82.0
4975 82.0
4976 82.0
4977 82.0
4978 82.0
4979 82.0
4980 82.0
4981 82.0
4982 82.0
4983 82.0
4984 82.0
4985 82.0
4986 82.0
4987 82.0
4988 82.0
4989 82.0
4990 82.0
4991 82.0
4992 82.0
4993 82.0
4994 82.0
4995 82.0
4996 82.0
4997 82.0
4998 82.0
4999 82.0
5000 82.0
5001 82.0
5002 82.0
5003 82.0
5004 82.0
5005 82.0
5006 82.0
5007 82.0
5008 82.0
5009 82.0
5010 82.0
5011 82.0
5012 82.0
5013 82.0
5014 82.0
5015 82.0
5016 82.0
5017 82.0
5018 82.0
5019 82.0
5020 82.0
5021 82.0
5022 82.0
5023 82.0
5024 82.0
5025 82.0
5026 82.0
5027 82.0
5028 82.0
5029 82.0
5030 82.0
5031 82.0
5032 82.0
5033 82.0
5034 82.0
5035 82.0
5036 82.0
5037 82.0
5038 82.0
5039 82.0
5040 82.0
5041 82.0
5042 82.0
5043 82.0
5044 82.0
5045 82.0
5046 82.0
5047 82.0
5048 82.0
5049 82.0
5050 82.0
5051 82.0
5052 82.0
5053 82.0
5054 82.0
5055 82.0
5056 82.0
5057 82.0
5058 82.0
5059 82.0
5060 82.0
5061 82.0
5062 82.0
5063 82.0
5064 82.0
5065 82.0
5066 82.0
5067 82.0
5068 82.0
5069 82.0
5070 82.0
5071 82.0
5072 82.0
5073 82.0
5074 82.0
5075 82.0
5076 82.0
5077 82.0
5078 82.0
5079 82.0
5080 82.0
5081 82.0
5082 82.0
5083 82.0
5084 82.0
5085 82.0
5086 82.0
5087 82.0
5088 82.0
5089 82.0
5090 82.0
5091 82.0
5092 82.0
5093 82.0
5094 82.0
5095 82.0
5096 82.0
5097 82.0
5098 82.0
5099 82.0
5100 82.0
5101 82.0
5102 82.0
5103 82.0
5104 82.0
5105 82.0
5106 82.0
5107 82.0
5108 82.0
5109 82.0
5110 82.0
5111 82.0
5112 82.0
5113 82.0
5114 82.0
5115 82.0
5116 82.0
5117 82.0
5118 82.0
5119 82.0
5120 82.0
5121 82.0
5122 82.0
5123 82.0
5124 82.0
5125 82.0
5126 82.0
5127 82.0
5128 82.0
5129 82.0
5130 82.0
5131 82.0
5132 82.0
5133 82.0
5134 82.0
5135 82.0
5136 82.0
5137 82.0
5138 82.0
5139 82.0
5140 82.0
5141 82.0
5142 82.0
5143 82.0
5144 82.0
5145 82.0
5146 82.0
5147 82.0
5148 82.0
5149 82.0
5150 82.0
5151 82.0
5152 82.0
5153 82.0
5154 82.0
5155 82.0
5156 82.0
5157 82.0
5158 82.0
5159 82.0
5160 82.0
5161 82.0
5162 82.0
5163 82.0
5164 82.0
5165 82.0
5166 82.0
5167 82.0
5168 82.0
5169 82.0
5170 82.0
5171 82.0
5172 82.0
5173 82.0
5174 82.0
5175 82.0
5176 82.0
5177 82.0
5178 82.0
5179 82.0
5180 82.0
5181 82.0
5182 82.0
5183 82.0
5184 82.0
5185 82.0
5186 82.0
5187 82.0
5188 82.0
5189 82.0
5190 82.0
5191 82.0
5192 82.0
5193 82.0
5194 82.0
5195 82.0
5196 82.0
5197 82.0
5198 82.0
5199 82.0
5200 82.0
5201 82.0
5202 82.0
5203 82.0
5204 82.0
5205 82.0
5206 82.0
5207 82.0
5208 82.0
5209 82.0
5210 82.0
5211 82.0
5212 82.0
5213 82.0
5214 82.0
5215 82.0
5216 82.0
5217 82.0
5218 82.0
5219 82.0
5220 82.0
5221 82.0
5222 82.0
5223 82.0
5224 82.0
5225 82.0
5226 82.0
5227 82.0
5228 82.0
5229 82.0
5230 82.0
5231 82.0
5232 82.0
5233 82.0
5234 82.0
5235 82.0
5236 82.0
5237 82.0
5238 82.0
5239 82.0
5240 82.0
5241 82.0
5242 82.0
5243 82.0
5244 82.0
5245 82.0
5246 82.0
5247 82.0
5248 82.0
5249 82.0
5250 82.0
5251 82.0
5252 82.0
5253 82.0
5254 82.0
5255 82.0
5256 82.0
5257 82.0
5258 82.0
5259 82.0
5260 82.0
5261 82.0
5262 82.0
5263 82.0
5264 82.0
5265 82.0
5266 82.0
5267 82.0
5268 82.0
5269 82.0
5270 82.0
5271 82.0
5272 82.0
5273 82.0
5274 82.0
5275 82.0
5276 82.0
5277 82.0
5278 82.0
5279 82.0
5280 82.0
5281 82.0
5282 82.0
5283 82.0
5284 82.0
5285 82.0
5286 82.0
5287 82.0
5288 82.0
5289 82.0
5290 82.0
5291 82.0
5292 82.0
5293 82.0
5294 82.0
5295 82.0
5296 82.0
5297 82.0
5298 82.0
5299 82.0
5300 82.0
5301 82.0
5302 82.0
5303 82.0
5304 82.0
5305 82.0
5306 82.0
5307 82.0
5308 82.0
5309 82.0
5310 82.0
5311 82.0
5312 82.0
5313 82.0
5314 82.0
5315 82.0
5316 82.0
5317 82.0
5318 82.0
5319 82.0
5320 82.0
5321 82.0
5322 82.0
5323 82.0
5324 82.0
5325 82.0
5326 82.0
5327 82.0
5328 82.0
5329 82.0
5330 82.0
5331 82.0
5332 82.0
5333 82.0
5334 82.0
5335 82.0
5336 82.0
5337 82.0
5338 82.0
5339 82.0
5340 82.0
5341 82.0
5342 82.0
5343 82.0
5344 82.0
5345 82.0
5346 82.0
5347 82.0
5348 82.0
5349 82.0
5350 82.0
5351 82.0
5352 82.0
5353 82.0
5354 82.0
5355 82.0
5356 82.0
5357 82.0
5358 82.0
5359 82.0
5360 82.0
5361 82.0
5362 82.0
5363 82.0
5364 82.0
5365 82.0
5366 82.0
5367 82.0
5368 82.0
5369 82.0
5370 82.0
5371 82.0
5372 82.0
5373 82.0
5374 82.0
5375 82.0
5376 82.0
5377 82.0
5378 82.0
5379 82.0
5380 82.0
5381 82.0
5382 82.0
5383 82.0
5384 82.0
5385 82.0
5386 82.0
5387 82.0
5388 82.0
5389 82.0
5390 82.0
5391 82.0
5392 82.0
5393 82.0
5394 82.0
5395 82.0
5396 82.0
5397 82.0
5398 82.0
5399 82.0
5400 82.0
5401 82.0
5402 82.0
5403 82.0
5404 82.0
5405 82.0
5406 82.0
5407 82.0
5408 82.0
5409 82.0
5410 82.0
5411 82.0
5412 82.0
5413 82.0
5414 82.0
5415 82.0
5416 82.0
5417 82.0
5418 82.0
5419 82.0
5420 82.0
5421 82.0
5422 82.0
5423 82.0
5424 82.0
5425 82.0
5426 82.0
5427 82.0
5428 82.0
5429 82.0
5430 82.0
5431 82.0
5432 82.0
5433 82.0
5434 82.0
5435 82.0
5436 82.0
5437 82.0
5438 82.0
5439 82.0
5440 82.0
5441 82.0
5442 82.0
5443 82.0
5444 82.0
5445 82.0
5446 82.0
5447 82.0
5448 82.0
5449 82.0
5450 82.0
5451 82.0
5452 82.0
5453 82.0
5454 82.0
5455 82.0
5456 82.0
5457 82.0
5458 82.0
5459 82.0
5460 82.0
5461 82.0
5462 82.0
5463 82.0
5464 82.0
5465 82.0
5466 82.0
5467 82.0
5468 82.0
5469 82.0
5470 82.0
5471 82.0
5472 82.0
5473 82.0
5474 82.0
5475 82.0
5476 82.0
5477 82.0
5478 82.0
5479 82.0
5480 82.0
5481 82.0
5482 82.0
5483 82.0
5484 82.0
5485 82.0
5486 82.0
5487 82.0
5488 82.0
5489 82.0
5490 82.0
5491 82.0
5492 82.0
5493 82.0
5494 82.0
5495 82.0
5496 82.0
5497 82.0
5498 82.0
5499 82.0
5500 82.0
5501 82.0
5502 82.0
5503 82.0
5504 82.0
5505 82.0
5506 82.0
5507 82.0
5508 82.0
5509 82.0
5510 82.0
5511 82.0
5512 82.0
5513 82.0
5514 82.0
5515 82.0
5516 82.0
5517 82.0
5518 82.0
5519 82.0
5520 82.0
5521 82.0
5522 82.0
5523 82.0
5524 82.0
5525 82.0
5526 82.0
5527 82.0
5528 82.0
5529 82.0
5530 82.0
5531 82.0
5532 82.0
5533 82.0
5534 82.0
5535 82.0
5536 82.0
5537 82.0
5538 82.0
5539 82.0
5540 82.0
5541 82.0
5542 82.0
5543 82.0
5544 82.0
5545 82.0
5546 82.0
5547 82.0
5548 82.0
5549 82.0
5550 82.0
5551 82.0
5552 82.0
5553 82.0
5554 82.0
5555 82.0
5556 82.0
5557 82.0
5558 82.0
5559 82.0
5560 82.0
5561 82.0
5562 82.0
5563 82.0
5564 82.0
5565 82.0
5566 82.0
5567 82.0
5568 82.0
5569 82.0
5570 82.0
5571 82.0
5572 82.0
5573 82.0
5574 82.0
5575 82.0
5576 82.0
5577 82.0
5578 82.0
5579 82.0
5580 82.0
5581 82.0
5582 82.0
5583 82.0
5584 82.0
5585 82.0
5586 82.0
5587 82.0
5588 82.0
5589 82.0
5590 82.0
5591 82.0
5592 82.0
5593 82.0
5594 82.0
5595 82.0
5596 82.0
5597 82.0
5598 82.0
5599 82.0
5600 82.0
5601 82.0
5602 82.0
5603 82.0
5604 82.0
5605 82.0
5606 82.0
5607 82.0
5608 82.0
5609 82.0
5610 82.0
5611 82.0
5612 82.0
5613 82.0
5614 82.0
5615 82.0
5616 82.0
5617 82.0
5618 82.0
5619 82.0
5620 82.0
5621 82.0
5622 82.0
5623 82.0
5624 82.0
5625 82.0
5626 82.0
5627 82.0
5628 82.0
5629 82.0
5630 82.0
5631 82.0
5632 82.0
5633 82.0
5634 82.0
5635 82.0
5636 82.0
5637 82.0
5638 82.0
5639 82.0
5640 82.0
5641 82.0
5642 82.0
5643 82.0
5644 82.0
5645 82.0
5646 82.0
5647 82.0
5648 82.0
5649 82.0
5650 82.0
5651 82.0
5652 82.0
5653 82.0
5654 82.0
5655 82.0
5656 82.0
5657 82.0
5658 82.0
5659 82.0
5660 82.0
5661 82.0
5662 82.0
5663 82.0
5664 82.0
5665 82.0
5666 82.0
5667 82.0
5668 82.0
5669 82.0
5670 82.0
5671 82.0
5672 82.0
5673 82.0
5674 82.0
5675 82.0
5676 82.0
5677 82.0
5678 82.0
5679 82.0
5680 82.0
5681 82.0
5682 82.0
5683 82.0
5684 82.0
5685 82.0
5686 82.0
5687 82.0
5688 82.0
5689 82.0
5690 82.0
5691 82.0
5692 82.0
5693 82.0
5694 82.0
5695 82.0
5696 82.0
5697 82.0
5698 82.0
5699 82.0
5700 82.0
5701 82.0
5702 82.0
5703 82.0
5704 82.0
5705 82.0
5706 82.0
5707 82.0
5708 82.0
5709 82.0
5710 82.0
5711 82.0
5712 82.0
5713 82.0
5714 82.0
5715 82.0
5716 82.0
5717 82.0
5718 82.0
5719 82.0
5720 82.0
5721 82.0
5722 82.0
5723 82.0
5724 82.0
5725 82.0
5726 82.0
5727 82.0
5728 82.0
5729 82.0
5730 82.0
5731 82.0
5732 82.0
5733 82.0
5734 82.0
5735 82.0
5736 82.0
5737 82.0
5738 82.0
5739 82.0
5740 82.0
5741 82.0
5742 82.0
5743 82.0
5744 82.0
5745 82.0
5746 82.0
5747 82.0
5748 82.0
5749 82.0
5750 82.0
5751 82.0
5752 82.0
5753 82.0
5754 82.0
5755 82.0
5756 82.0
5757 82.0
5758 82.0
5759 82.0
5760 82.0
5761 82.0
5762 82.0
5763 82.0
5764 82.0
5765 82.0
5766 82.0
5767 82.0
5768 82.0
5769 82.0
5770 82.0
5771 82.0
5772 82.0
5773 82.0
5774 82.0
5775 82.0
5776 82.0
5777 82.0
5778 82.0
5779 82.0
5780 82.0
5781 82.0
5782 82.0
5783 82.0
5784 82.0
5785 82.0
5786 82.0
5787 82.0
5788 82.0
5789 82.0
5790 82.0
5791 82.0
5792 82.0
5793 82.0
5794 82.0
5795 82.0
5796 82.0
5797 82.0
5798 82.0
5799 82.0
5800 82.0
5801 82.0
5802 82.0
5803 82.0
5804 82.0
5805 82.0
5806 82.0
5807 82.0
5808 82.0
5809 82.0
5810 82.0
5811 82.0
5812 82.0
5813 82.0
5814 82.0
5815 82.0
5816 82.0
5817 82.0
5818 82.0
5819 82.0
5820 82.0
5821 82.0
5822 82.0
5823 82.0
5824 82.0
5825 82.0
5826 82.0
5827 82.0
5828 82.0
5829 82.0
5830 82.0
5831 82.0
5832 82.0
5833 82.0
5834 82.0
5835 82.0
5836 82.0
5837 82.0
5838 82.0
5839 82.0
5840 82.0
5841 82.0
5842 82.0
5843 82.0
5844 82.0
5845 82.0
5846 82.0
5847 82.0
5848 82.0
5849 82.0
5850 82.0
5851 82.0
5852 82.0
5853 82.0
5854 82.0
5855 82.0
5856 82.0
5857 82.0
5858 82.0
5859 82.0
5860 82.0
5861 82.0
5862 82.0
5863 82.0
5864 82.0
5865 82.0
5866 82.0
5867 82.0
5868 82.0
5869 82.0
5870 82.0
5871 82.0
5872 82.0
5873 82.0
5874 82.0
5875 82.0
5876 82.0
5877 82.0
5878 82.0
5879 82.0
5880 82.0
5881 82.0
5882 82.0
5883 82.0
5884 82.0
5885 82.0
5886 82.0
5887 82.0
5888 82.0
5889 82.0
5890 82.0
5891 82.0
5892 82.0
5893 82.0
5894 82.0
5895 82.0
5896 82.0
5897 82.0
5898 82.0
5899 82.0
5900 82.0
5901 82.0
5902 82.0
5903 82.0
5904 82.0
5905 82.0
5906 82.0
5907 82.0
5908 82.0
5909 82.0
5910 82.0
5911 82.0
5912 82.0
5913 82.0
5914 82.0
5915 82.0
5916 82.0
5917 82.0
5918 82.0
5919 82.0
5920 82.0
5921 82.0
5922 82.0
5923 82.0
5924 82.0
5925 82.0
5926 82.0
5927 82.0
5928 82.0
5929 82.0
5930 82.0
5931 82.0
5932 82.0
5933 82.0
5934 82.0
5935 82.0
5936 82.0
5937 82.0
5938 82.0
5939 82.0
5940 82.0
5941 82.0
5942 82.0
5943 82.0
5944 82.0
5945 82.0
5946 82.0
5947 82.0
5948 82.0
5949 82.0
5950 82.0
5951 82.0
5952 82.0
5953 82.0
5954 82.0
5955 82.0
5956 82.0
5957 82.0
5958 82.0
5959 82.0
5960 82.0
5961 82.0
5962 82.0
5963 82.0
5964 82.0
5965 82.0
5966 82.0
5967 82.0
5968 82.0
5969 82.0
5970 82.0
5971 82.0
5972 82.0
5973 82.0
5974 82.0
5975 82.0
5976 82.0
5977 82.0
5978 82.0
5979 82.0
5980 82.0
5981 82.0
5982 82.0
5983 82.0
5984 82.0
5985 82.0
5986 82.0
5987 82.0
5988 82.0
5989 82.0
5990 82.0
5991 82.0
5992 82.0
5993 82.0
5994 82.0
5995 82.0
5996 82.0
5997 82.0
5998 82.0
5999 82.0
6000 82.0
6001 82.0
6002 82.0
6003 82.0
6004 82.0
6005 82.0
6006 82.0
6007 82.0
6008 82.0
6009 82.0
6010 82.0
6011 82.0
6012 82.0
6013 82.0
6014 82.0
6015 82.0
6016 82.0
6017 82.0
6018 82.0
6019 82.0
6020 82.0
6021 82.0
6022 82.0
6023 82.0
6024 82.0
6025 82.0
6026 82.0
6027 82.0
6028 82.0
6029 82.0
6030 82.0
6031 82.0
6032 82.0
6033 82.0
6034 82.0
6035 82.0
6036 82.0
6037 82.0
6038 82.0
6039 82.0
6040 82.0
6041 82.0
6042 82.0
6043 82.0
6044 82.0
6045 82.0
6046 82.0
6047 82.0
6048 82.0
6049 82.0
6050 82.0
6051 82.0
6052 82.0
6053 82.0
6054 82.0
6055 82.0
6056 82.0
6057 82.0
6058 82.0
6059 82.0
6060 82.0
6061 82.0
6062 82.0
6063 82.0
6064 82.0
6065 82.0
6066 82.0
6067 82.0
6068 82.0
6069 82.0
6070 82.0
6071 82.0
6072 82.0
6073 82.0
6074 82.0
6075 82.0
6076 82.0
6077 82.0
6078 82.0
6079 82.0
6080 82.0
6081 82.0
6082 82.0
6083 82.0
6084 82.0
6085 82.0
6086 82.0
6087 82.0
6088 82.0
6089 82.0
6090 82.0
6091 82.0
6092 82.0
6093 82.0
6094 82.0
6095 82.0
6096 82.0
6097 82.0
6098 82.0
6099 82.0
6100 82.0
6101 82.0
6102 82.0
6103 82.0
6104 82.0
6105 82.0
6106 82.0
6107 82.0
6108 82.0
6109 82.0
6110 82.0
6111 82.0
6112 82.0
6113 82.0
6114 82.0
6115 82.0
6116 82.0
6117 82.0
6118 82.0
6119 82.0
6120 82.0
6121 82.0
6122 82.0
6123 82.0
6124 82.0
6125 82.0
6126 82.0
6127 82.0
6128 82.0
6129 82.0
6130 82.0
6131 82.0
6132 82.0
6133 82.0
6134 82.0
6135 82.0
6136 82.0
6137 82.0
6138 82.0
6139 82.0
6140 82.0
6141 82.0
6142 82.0
6143 82.0
6144 82.0
6145 82.0
6146 82.0
6147 82.0
6148 82.0
6149 82.0
6150 82.0
6151 82.0
6152 82.0
6153 82.0
6154 82.0
6155 82.0
6156 82.0
6157 82.0
6158 82.0
6159 82.0
6160 82.0
6161 82.0
6162 82.0
6163 82.0
6164 82.0
6165 82.0
6166 82.0
6167 82.0
6168 82.0
6169 82.0
6170 82.0
6171 82.0
6172 82.0
6173 82.0
6174 82.0
6175 82.0
6176 82.0
6177 82.0
6178 82.0
6179 82.0
6180 82.0
6181 82.0
6182 82.0
6183 82.0
6184 82.0
6185 82.0
6186 82.0
6187 82.0
6188 82.0
6189 82.0
6190 82.0
6191 82.0
6192 82.0
6193 82.0
6194 82.0
6195 82.0
6196 82.0
6197 82.0
6198 82.0
6199 82.0
6200 82.0
6201 82.0
6202 82.0
6203 82.0
6204 82.0
6205 82.0
6206 82.0
6207 82.0
6208 82.0
6209 82.0
6210 82.0
6211 82.0
6212 82.0
6213 82.0
6214 82.0
6215 82.0
6216 82.0
6217 82.0
6218 82.0
6219 82.0
6220 82.0
6221 82.0
6222 82.0
6223 82.0
6224 82.0
6225 82.0
6226 82.0
6227 82.0
6228 82.0
6229 82.0
6230 82.0
6231 82.0
6232 82.0
6233 82.0
6234 82.0
6235 82.0
6236 82.0
6237 82.0
6238 82.0
6239 82.0
6240 82.0
6241 82.0
6242 82.0
6243 82.0
6244 82.0
6245 82.0
6246 82.0
6247 82.0
6248 82.0
6249 82.0
6250 82.0
6251 82.0
6252 82.0
6253 82.0
6254 82.0
6255 82.0
6256 82.0
6257 82.0
6258 82.0
6259 82.0
6260 82.0
6261 82.0
6262 82.0
6263 82.0
6264 82.0
6265 82.0
6266 82.0
6267 82.0
6268 82.0
6269 82.0
6270 82.0
6271 82.0
6272 82.0
6273 82.0
6274 82.0
6275 82.0
6276 82.0
6277 82.0
6278 82.0
6279 82.0
6280 82.0
6281 82.0
6282 82.0
6283 82.0
6284 82.0
6285 82.0
6286 82.0
6287 82.0
6288 82.0
6289 82.0
6290 82.0
6291 82.0
6292 82.0
6293 82.0
6294 82.0
6295 82.0
6296 82.0
6297 82.0
6298 82.0
6299 82.0
6300 82.0
6301 82.0
6302 82.0
6303 82.0
6304 82.0
6305 82.0
6306 82.0
6307 82.0
6308 82.0
6309 82.0
6310 82.0
6311 82.0
6312 82.0
6313 82.0
6314 82.0
6315 82.0
6316 82.0
6317 82.0
6318 82.0
6319 82.0
6320 82.0
6321 82.0
6322 82.0
6323 82.0
6324 82.0
6325 82.0
6326 82.0
6327 82.0
6328 82.0
6329 82.0
6330 82.0
6331 82.0
6332 82.0
6333 82.0
6334 82.0
6335 82.0
6336 82.0
6337 82.0
6338 82.0
6339 82.0
6340 82.0
6341 82.0
6342 82.0
6343 82.0
6344 82.0
6345 82.0
6346 82.0
6347 82.0
6348 82.0
6349 82.0
6350 82.0
6351 82.0
6352 82.0
6353 82.0
6354 82.0
6355 82.0
6356 82.0
6357 82.0
6358 82.0
6359 82.0
6360 82.0
6361 82.0
6362 82.0
6363 82.0
6364 82.0
6365 82.0
6366 82.0
6367 82.0
6368 82.0
6369 82.0
6370 82.0
6371 82.0
6372 82.0
6373 82.0
6374 82.0
6375 82.0
6376 82.0
6377 82.0
6378 82.0
6379 82.0
6380 82.0
6381 82.0
6382 82.0
6383 82.0
6384 82.0
6385 82.0
6386 82.0
6387 82.0
6388 82.0
6389 82.0
6390 82.0
6391 82.0
6392 82.0
6393 82.0
6394 82.0
6395 82.0
6396 82.0
6397 82.0
6398 82.0
6399 82.0
6400 82.0
6401 82.0
6402 82.0
6403 82.0
6404 82.0
6405 82.0
6406 82.0
6407 82.0
6408 82.0
6409 82.0
6410 82.0
6411 82.0
6412 82.0
6413 82.0
6414 82.0
6415 82.0
6416 82.0
6417 82.0
6418 82.0
6419 82.0
6420 82.0
6421 82.0
6422 82.0
6423 82.0
6424 82.0
6425 82.0
6426 82.0
6427 82.0
6428 82.0
6429 82.0
6430 82.0
6431 82.0
6432 82.0
6433 82.0
6434 82.0
6435 82.0
6436 82.0
6437 82.0
6438 82.0
6439 82.0
6440 82.0
6441 82.0
6442 82.0
6443 82.0
6444 82.0
6445 82.0
6446 82.0
6447 82.0
6448 82.0
6449 82.0
6450 82.0
6451 82.0
6452 82.0
6453 82.0
6454 82.0
6455 82.0
6456 82.0
6457 82.0
6458 82.0
6459 82.0
6460 82.0
6461 82.0
6462 82.0
6463 82.0
6464 82.0
6465 82.0
6466 82.0
6467 82.0
6468 82.0
6469 82.0
6470 82.0
6471 82.0
6472 82.0
6473 82.0
6474 82.0
6475 82.0
6476 82.0
6477 82.0
6478 82.0
6479 82.0
6480 82.0
6481 82.0
6482 82.0
6483 82.0
6484 82.0
6485 82.0
6486 82.0
6487 82.0
6488 82.0
6489 82.0
6490 82.0
6491 82.0
6492 82.0
6493 82.0
6494 82.0
6495 82.0
6496 82.0
6497 82.0
6498 82.0
6499 82.0
6500 82.0
6501 82.0
6502 82.0
6503 82.0
6504 82.0
6505 82.0
6506 82.0
6507 82.0
6508 82.0
6509 82.0
6510 82.0
6511 82.0
6512 82.0
6513 82.0
6514 82.0
6515 82.0
6516 82.0
6517 82.0
6518 82.0
6519 82.0
6520 82.0
6521 82.0
6522 82.0
6523 82.0
6524 82.0
6525 82.0
6526 82.0
6527 82.0
6528 82.0
6529 82.0
6530 82.0
6531 82.0
6532 82.0
6533 82.0
6534 82.0
6535 82.0
6536 82.0
6537 82.0
6538 82.0
6539 82.0
6540 82.0
6541 82.0
6542 82.0
6543 82.0
6544 82.0
6545 82.0
6546 82.0
6547 82.0
6548 82.0
6549 82.0
6550 82.0
6551 82.0
6552 82.0
6553 82.0
6554 82.0
6555 82.0
6556 82.0
6557 82.0
6558 82.0
6559 82.0
6560 82.0
6561 82.0
6562 82.0
6563 82.0
6564 82.0
6565 82.0
6566 82.0
6567 82.0
6568 82.0
6569 82.0
6570 82.0
6571 82.0
6572 82.0
6573 82.0
6574 82.0
6575 82.0
6576 82.0
6577 82.0
6578 82.0
6579 82.0
6580 82.0
6581 82.0
6582 82.0
6583 82.0
6584 82.0
6585 82.0
6586 82.0
6587 82.0
6588 82.0
6589 82.0
6590 82.0
6591 82.0
6592 82.0
6593 82.0
6594 82.0
6595 82.0
6596 82.0
6597 82.0
6598 82.0
6599 82.0
6600 82.0
6601 82.0
6602 82.0
6603 82.0
6604 82.0
6605 82.0
6606 82.0
6607 82.0
6608 82.0
6609 82.0
6610 82.0
6611 82.0
6612 82.0
6613 82.0
6614 82.0
6615 82.0
6616 82.0
6617 82.0
6618 82.0
6619 82.0
6620 82.0
6621 82.0
6622 82.0
6623 82.0
6624 82.0
6625 82.0
6626 82.0
6627 82.0
6628 82.0
6629 82.0
6630 82.0
6631 82.0
6632 82.0
6633 82.0
6634 82.0
6635 82.0
6636 82.0
6637 82.0
6638 82.0
6639 82.0
6640 82.0
6641 82.0
6642 82.0
6643 82.0
6644 82.0
6645 82.0
6646 82.0
6647 82.0
6648 82.0
6649 82.0
6650 82.0
6651 82.0
6652 82.0
6653 82.0
6654 82.0
6655 82.0
6656 82.0
6657 82.0
6658 82.0
6659 82.0
6660 82.0
6661 82.0
6662 82.0
6663 82.0
6664 82.0
6665 82.0
6666 82.0
6667 82.0
6668 82.0
6669 82.0
6670 82.0
6671 82.0
6672 82.0
6673 82.0
6674 82.0
6675 82.0
6676 82.0
6677 82.0
6678 82.0
6679 82.0
6680 82.0
6681 82.0
6682 82.0
6683 82.0
6684 82.0
6685 82.0
6686 82.0
6687 82.0
6688 82.0
6689 82.0
6690 82.0
6691 82.0
6692 82.0
6693 82.0
6694 82.0
6695 82.0
6696 82.0
6697 82.0
6698 82.0
6699 82.0
6700 82.0
6701 82.0
6702 82.0
6703 82.0
6704 82.0
6705 82.0
6706 82.0
6707 82.0
6708 82.0
6709 82.0
6710 82.0
6711 82.0
6712 82.0
6713 82.0
6714 82.0
6715 82.0
6716 82.0
6717 82.0
6718 82.0
6719 82.0
6720 82.0
6721 82.0
6722 82.0
6723 82.0
6724 82.0
6725 82.0
6726 82.0
6727 82.0
6728 82.0
6729 82.0
6730 82.0
6731 82.0
6732 82.0
6733 82.0
6734 82.0
6735 82.0
6736 82.0
6737 82.0
6738 82.0
6739 82.0
6740 82.0
6741 82.0
6742 82.0
6743 82.0
6744 82.0
6745 82.0
6746 82.0
6747 82.0
6748 82.0
6749 82.0
6750 82.0
6751 82.0
6752 82.0
6753 82.0
6754 82.0
6755 82.0
6756 82.0
6757 82.0
6758 82.0
6759 82.0
6760 82.0
6761 82.0
6762 82.0
6763 82.0
6764 82.0
6765 82.0
6766 82.0
6767 82.0
6768 82.0
6769 82.0
6770 82.0
6771 82.0
6772 82.0
6773 82.0
6774 82.0
6775 82.0
6776 82.0
6777 82.0
6778 82.0
6779 82.0
6780 82.0
6781 82.0
6782 82.0
6783 82.0
6784 82.0
6785 82.0
6786 82.0
6787 82.0
6788 82.0
6789 82.0
6790 82.0
6791 82.0
6792 82.0
6793 82.0
6794 82.0
6795 82.0
6796 82.0
6797 82.0
6798 82.0
6799 82.0
6800 82.0
6801 82.0
6802 82.0
6803 82.0
6804 82.0
6805 82.0
6806 82.0
6807 82.0
6808 82.0
6809 82.0
6810 82.0
6811 82.0
6812 82.0
6813 82.0
6814 82.0
6815 82.0
6816 82.0
6817 82.0
6818 82.0
6819 82.0
6820 82.0
6821 82.0
6822 82.0
6823 82.0
6824 82.0
6825 82.0
6826 82.0
6827 82.0
6828 82.0
6829 82.0
6830 82.0
6831 82.0
6832 82.0
6833 82.0
6834 82.0
6835 82.0
6836 82.0
6837 82.0
6838 82.0
6839 82.0
6840 82.0
6841 82.0
6842 82.0
6843 82.0
6844 82.0
6845 82.0
6846 82.0
6847 82.0
6848 82.0
6849 82.0
6850 82.0
6851 82.0
6852 82.0
6853 82.0
6854 82.0
6855 82.0
6856 82.0
6857 82.0
6858 82.0
6859 82.0
6860 82.0
6861 82.0
6862 82.0
6863 82.0
6864 82.0
6865 82.0
6866 82.0
6867 82.0
6868 82.0
6869 82.0
6870 82.0
6871 82.0
6872 82.0
6873 82.0
6874 82.0
6875 82.0
6876 82.0
6877 82.0
6878 82.0
6879 82.0
6880 82.0
6881 82.0
6882 82.0
6883 82.0
6884 82.0
6885 82.0
6886 82.0
6887 82.0
6888 82.0
6889 82.0
6890 82.0
6891 82.0
6892 82.0
6893 82.0
6894 82.0
6895 82.0
6896 82.0
6897 82.0
6898 82.0
6899 82.0
6900 82.0
6901 82.0
6902 82.0
6903 82.0
6904 82.0
6905 82.0
6906 82.0
6907 82.0
6908 82.0
6909 82.0
6910 82.0
6911 82.0
6912 82.0
6913 82.0
6914 82.0
6915 82.0
6916 82.0
6917 82.0
6918 82.0
6919 82.0
6920 82.0
6921 82.0
6922 82.0
6923 82.0
6924 82.0
6925 82.0
6926 82.0
6927 82.0
6928 82.0
6929 82.0
6930 82.0
6931 82.0
6932 82.0
6933 82.0
6934 82.0
6935 82.0
6936 82.0
6937 82.0
6938 82.0
6939 82.0
6940 82.0
6941 82.0
6942 82.0
6943 82.0
6944 82.0
6945 82.0
6946 82.0
6947 82.0
6948 82.0
6949 82.0
6950 82.0
6951 82.0
6952 82.0
6953 82.0
6954 82.0
6955 82.0
6956 82.0
6957 82.0
6958 82.0
6959 82.0
6960 82.0
6961 82.0
6962 82.0
6963 82.0
6964 82.0
6965 82.0
6966 82.0
6967 82.0
6968 82.0
6969 82.0
6970 82.0
6971 82.0
6972 82.0
6973 82.0
6974 82.0
6975 82.0
6976 82.0
6977 82.0
6978 82.0
6979 82.0
6980 82.0
6981 82.0
6982 82.0
6983 82.0
6984 82.0
6985 82.0
6986 82.0
6987 82.0
6988 82.0
6989 82.0
6990 82.0
6991 82.0
6992 82.0
6993 82.0
6994 82.0
6995 82.0
6996 82.0
6997 82.0
6998 82.0
6999 82.0
7000 82.0
7001 82.0
7002 82.0
7003 82.0
7004 82.0
7005 82.0
7006 82.0
7007 82.0
7008 82.0
7009 82.0
7010 82.0
7011 82.0
7012 82.0
7013 82.0
7014 82.0
7015 82.0
7016 82.0
7017 82.0
7018 82.0
7019 82.0
7020 82.0
7021 82.0
7022 82.0
7023 82.0
7024 82.0
7025 82.0
7026 82.0
7027 82.0
7028 82.0
7029 82.0
7030 82.0
7031 82.0
7032 82.0
7033 82.0
7034 82.0
7035 82.0
7036 82.0
7037 82.0
7038 82.0
7039 82.0
7040 82.0
7041 82.0
7042 82.0
7043 82.0
7044 82.0
7045 82.0
7046 82.0
7047 82.0
7048 82.0
7049 82.0
7050 82.0
7051 82.0
7052 82.0
7053 82.0
7054 82.0
7055 82.0
7056 82.0
7057 82.0
7058 82.0
7059 82.0
7060 82.0
7061 82.0
7062 82.0
7063 82.0
7064 82.0
7065 82.0
7066 82.0
7067 82.0
7068 82.0
7069 82.0
7070 82.0
7071 82.0
7072 82.0
7073 82.0
7074 82.0
7075 82.0
7076 82.0
7077 82.0
7078 82.0
7079 82.0
7080 82.0
7081 82.0
7082 82.0
7083 82.0
7084 82.0
7085 82.0
7086 82.0
7087 82.0
7088 82.0
7089 82.0
7090 82.0
7091 82.0
7092 82.0
7093 82.0
7094 82.0
7095 82.0
7096 82.0
7097 82.0
7098 82.0
7099 82.0
7100 82.0
7101 82.0
7102 82.0
7103 82.0
7104 82.0
7105 82.0
7106 82.0
7107 82.0
7108 82.0
7109 82.0
7110 82.0
7111 82.0
7112 82.0
7113 82.0
7114 82.0
7115 82.0
7116 82.0
7117 82.0
7118 82.0
7119 82.0
7120 82.0
7121 82.0
7122 82.0
7123 82.0
7124 82.0
7125 82.0
7126 82.0
7127 82.0
7128 82.0
7129 82.0
7130 82.0
7131 82.0
7132 82.0
7133 82.0
7134 82.0
7135 82.0
7136 82.0
7137 82.0
7138 82.0
7139 82.0
7140 82.0
7141 82.0
7142 82.0
7143 82.0
7144 82.0
7145 82.0
7146 82.0
7147 82.0
7148 82.0
7149 82.0
7150 82.0
7151 82.0
7152 82.0
7153 82.0
7154 82.0
7155 82.0
7156 82.0
7157 82.0
7158 82.0
7159 82.0
7160 82.0
7161 82.0
7162 82.0
7163 82.0
7164 82.0
7165 82.0
7166 82.0
7167 82.0
7168 82.0
7169 82.0
7170 82.0
7171 82.0
7172 82.0
7173 82.0
7174 82.0
7175 82.0
7176 82.0
7177 82.0
7178 82.0
7179 82.0
7180 82.0
7181 82.0
7182 82.0
7183 82.0
7184 82.0
7185 82.0
7186 82.0
7187 82.0
7188 82.0
7189 82.0
7190 82.0
7191 82.0
7192 82.0
7193 82.0
7194 82.0
7195 82.0
7196 82.0
7197 82.0
7198 82.0
7199 82.0
7200 82.0
7201 82.0
7202 82.0
7203 82.0
7204 82.0
7205 82.0
7206 82.0
7207 82.0
7208 82.0
7209 82.0
7210 82.0
7211 82.0
7212 82.0
7213 82.0
7214 82.0
7215 82.0
7216 82.0
7217 82.0
7218 82.0
7219 82.0
7220 82.0
7221 82.0
7222 82.0
7223 82.0
7224 82.0
7225 82.0
7226 82.0
7227 82.0
7228 82.0
7229 82.0
7230 82.0
7231 82.0
7232 82.0
7233 82.0
7234 82.0
7235 82.0
7236 82.0
7237 82.0
7238 82.0
7239 82.0
7240 82.0
7241 82.0
7242 82.0
7243 82.0
7244 82.0
7245 82.0
7246 82.0
7247 82.0
7248 82.0
7249 82.0
7250 82.0
7251 82.0
7252 82.0
7253 82.0
7254 82.0
7255 82.0
7256 82.0
7257 82.0
7258 82.0
7259 82.0
7260 82.0
7261 82.0
7262 82.0
7263 82.0
7264 82.0
7265 82.0
7266 82.0
7267 82.0
7268 82.0
7269 82.0
7270 82.0
7271 82.0
7272 82.0
7273 82.0
7274 82.0
7275 82.0
7276 82.0
7277 82.0
7278 82.0
7279 82.0
7280 82.0
7281 82.0
7282 82.0
7283 82.0
7284 82.0
7285 82.0
7286 82.0
7287 82.0
7288 82.0
7289 82.0
7290 82.0
7291 82.0
7292 82.0
7293 82.0
7294 82.0
7295 82.0
7296 82.0
7297 82.0
7298 82.0
7299 82.0
7300 82.0
7301 82.0
7302 82.0
7303 82.0
7304 82.0
7305 82.0
7306 82.0
7307 82.0
7308 82.0
7309 82.0
7310 82.0
7311 82.0
7312 82.0
7313 82.0
7314 82.0
7315 82.0
7316 82.0
7317 82.0
7318 82.0
7319 82.0
7320 82.0
7321 82.0
7322 82.0
7323 82.0
7324 82.0
7325 82.0
7326 82.0
7327 82.0
7328 82.0
7329 82.0
7330 82.0
7331 82.0
7332 82.0
7333 82.0
7334 82.0
7335 82.0
7336 82.0
7337 82.0
7338 82.0
7339 82.0
7340 82.0
7341 82.0
7342 82.0
7343 82.0
7344 82.0
7345 82.0
7346 82.0
7347 82.0
7348 82.0
7349 82.0
7350 82.0
7351 82.0
7352 82.0
7353 82.0
7354 82.0
7355 82.0
7356 82.0
7357 82.0
7358 82.0
7359 82.0
7360 82.0
7361 82.0
7362 82.0
7363 82.0
7364 82.0
7365 82.0
7366 82.0
7367 82.0
7368 82.0
7369 82.0
7370 82.0
7371 82.0
7372 82.0
7373 82.0
7374 82.0
7375 82.0
7376 82.0
7377 82.0
7378 82.0
7379 82.0
7380 82.0
7381 82.0
7382 82.0
7383 82.0
7384 82.0
7385 82.0
7386 82.0
7387 82.0
7388 82.0
7389 82.0
7390 82.0
7391 82.0
7392 82.0
7393 82.0
7394 82.0
7395 82.0
7396 82.0
7397 82.0
7398 82.0
7399 82.0
7400 82.0
7401 82.0
7402 82.0
7403 82.0
7404 82.0
7405 82.0
7406 82.0
7407 82.0
7408 82.0
7409 82.0
7410 82.0
7411 82.0
7412 82.0
7413 82.0
7414 82.0
7415 82.0
7416 82.0
7417 82.0
7418 82.0
7419 82.0
7420 82.0
7421 82.0
7422 82.0
7423 82.0
7424 82.0
7425 82.0
7426 82.0
7427 82.0
7428 82.0
7429 82.0
7430 82.0
7431 82.0
7432 82.0
7433 82.0
7434 82.0
7435 82.0
7436 82.0
7437 82.0
7438 82.0
7439 82.0
7440 82.0
7441 82.0
7442 82.0
7443 82.0
7444 82.0
7445 82.0
7446 82.0
7447 82.0
7448 82.0
7449 82.0
7450 82.0
7451 82.0
7452 82.0
7453 82.0
7454 82.0
7455 82.0
7456 82.0
7457 82.0
7458 82.0
7459 82.0
7460 82.0
7461 82.0
7462 82.0
7463 82.0
7464 82.0
7465 82.0
7466 82.0
7467 82.0
7468 82.0
7469 82.0
7470 82.0
7471 82.0
7472 82.0
7473 82.0
7474 82.0
7475 82.0
7476 82.0
7477 82.0
7478 82.0
7479 82.0
7480 82.0
7481 82.0
7482 82.0
7483 82.0
7484 82.0
7485 82.0
7486 82.0
7487 82.0
7488 82.0
7489 82.0
7490 82.0
7491 82.0
7492 82.0
7493 82.0
7494 82.0
7495 82.0
7496 82.0
7497 82.0
7498 82.0
7499 82.0
7500 82.0
7501 82.0
7502 82.0
7503 82.0
7504 82.0
7505 82.0
7506 82.0
7507 82.0
7508 82.0
7509 82.0
7510 82.0
7511 82.0
7512 82.0
7513 82.0
7514 82.0
7515 82.0
7516 82.0
7517 82.0
7518 82.0
7519 82.0
7520 82.0
7521 82.0
7522 82.0
7523 82.0
7524 82.0
7525 82.0
7526 82.0
7527 82.0
7528 82.0
7529 82.0
7530 82.0
7531 82.0
7532 82.0
7533 82.0
7534 82.0
7535 82.0
7536 82.0
7537 82.0
7538 82.0
7539 82.0
7540 82.0
7541 82.0
7542 82.0
7543 82.0
7544 82.0
7545 82.0
7546 82.0
7547 82.0
7548 82.0
7549 82.0
7550 82.0
7551 82.0
7552 82.0
7553 82.0
7554 82.0
7555 82.0
7556 82.0
7557 82.0
7558 82.0
7559 82.0
7560 82.0
7561 82.0
7562 82.0
7563 82.0
7564 82.0
7565 82.0
7566 82.0
7567 82.0
7568 82.0
7569 82.0
7570 82.0
7571 82.0
7572 82.0
7573 82.0
7574 82.0
7575 82.0
7576 82.0
7577 82.0
7578 82.0
7579 82.0
7580 82.0
7581 82.0
7582 82.0
7583 82.0
7584 82.0
7585 82.0
7586 82.0
7587 82.0
7588 82.0
7589 82.0
7590 82.0
7591 82.0
7592 82.0
7593 82.0
7594 82.0
7595 82.0
7596 82.0
7597 82.0
7598 82.0
7599 82.0
7600 82.0
7601 82.0
7602 82.0
7603 82.0
7604 82.0
7605 82.0
7606 82.0
7607 82.0
7608 82.0
7609 82.0
7610 82.0
7611 82.0
7612 82.0
7613 82.0
7614 82.0
7615 82.0
7616 82.0
7617 82.0
7618 82.0
7619 82.0
7620 82.0
7621 82.0
7622 82.0
7623 82.0
7624 82.0
7625 82.0
7626 82.0
7627 82.0
7628 82.0
7629 82.0
7630 82.0
7631 82.0
7632 82.0
7633 82.0
7634 82.0
7635 82.0
7636 82.0
7637 82.0
7638 82.0
7639 82.0
7640 82.0
7641 82.0
7642 82.0
7643 82.0
7644 82.0
7645 82.0
7646 82.0
7647 82.0
7648 82.0
7649 82.0
7650 82.0
7651 82.0
7652 82.0
7653 82.0
7654 82.0
7655 82.0
7656 82.0
7657 82.0
7658 82.0
7659 82.0
7660 82.0
7661 82.0
7662 82.0
7663 82.0
7664 82.0
7665 82.0
7666 82.0
7667 82.0
7668 82.0
7669 82.0
7670 82.0
7671 82.0
7672 82.0
7673 82.0
7674 82.0
7675 82.0
7676 82.0
7677 82.0
7678 82.0
7679 82.0
7680 82.0
7681 82.0
7682 82.0
7683 82.0
7684 82.0
7685 82.0
7686 82.0
7687 82.0
7688 82.0
7689 82.0
7690 82.0
7691 82.0
7692 82.0
7693 82.0
7694 82.0
7695 82.0
7696 82.0
7697 82.0
7698 82.0
7699 82.0
7700 82.0
7701 82.0
7702 82.0
7703 82.0
7704 82.0
7705 82.0
7706 82.0
7707 82.0
7708 82.0
7709 82.0
7710 82.0
7711 82.0
7712 82.0
7713 82.0
7714 82.0
7715 82.0
7716 82.0
7717 82.0
7718 82.0
7719 82.0
7720 82.0
7721 82.0
7722 82.0
7723 82.0
7724 82.0
7725 82.0
7726 82.0
7727 82.0
7728 82.0
7729 82.0
7730 82.0
7731 82.0
7732 82.0
7733 82.0
7734 82.0
7735 82.0
7736 82.0
7737 82.0
7738 82.0
7739 82.0
7740 82.0
7741 82.0
7742 82.0
7743 82.0
7744 82.0
7745 82.0
7746 82.0
7747 82.0
7748 82.0
7749 82.0
7750 82.0
7751 82.0
7752 82.0
7753 82.0
7754 82.0
7755 82.0
7756 82.0
7757 82.0
7758 82.0
7759 82.0
7760 82.0
7761 82.0
7762 82.0
7763 82.0
7764 82.0
7765 82.0
7766 82.0
7767 82.0
7768 82.0
7769 82.0
7770 82.0
7771 82.0
7772 82.0
7773 82.0
7774 82.0
7775 82.0
7776 82.0
7777 82.0
7778 82.0
7779 82.0
7780 82.0
7781 82.0
7782 82.0
7783 82.0
7784 82.0
7785 82.0
7786 82.0
7787 82.0
7788 82.0
7789 82.0
7790 82.0
7791 82.0
7792 82.0
7793 82.0
7794 82.0
7795 82.0
7796 82.0
7797 82.0
7798 82.0
7799 82.0
7800 82.0
7801 82.0
7802 82.0
7803 82.0
7804 82.0
7805 82.0
7806 82.0
7807 82.0
7808 82.0
7809 82.0
7810 82.0
7811 82.0
7812 82.0
7813 82.0
7814 82.0
7815 82.0
7816 82.0
7817 82.0
7818 82.0
7819 82.0
7820 82.0
7821 82.0
7822 82.0
7823 82.0
7824 82.0
7825 82.0
7826 82.0
7827 82.0
7828 82.0
7829 82.0
7830 82.0
7831 82.0
7832 82.0
7833 82.0
7834 82.0
7835 82.0
7836 82.0
7837 82.0
7838 82.0
7839 82.0
7840 82.0
7841 82.0
7842 82.0
7843 82.0
7844 82.0
7845 82.0
7846 82.0
7847 82.0
7848 82.0
7849 82.0
7850 82.0
7851 82.0
7852 82.0
7853 82.0
7854 82.0
7855 82.0
7856 82.0
7857 82.0
7858 82.0
7859 82.0
7860 82.0
7861 82.0
7862 82.0
7863 82.0
7864 82.0
7865 82.0
7866 82.0
7867 82.0
7868 82.0
7869 82.0
7870 82.0
7871 82.0
7872 82.0
7873 82.0
7874 82.0
7875 82.0
7876 82.0
7877 82.0
7878 82.0
7879 82.0
7880 82.0
7881 82.0
7882 82.0
7883 82.0
7884 82.0
7885 82.0
7886 82.0
7887 82.0
7888 82.0
7889 82.0
7890 82.0
7891 82.0
7892 82.0
7893 82.0
7894 82.0
7895 82.0
7896 82.0
7897 82.0
7898 82.0
7899 82.0
7900 82.0
7901 82.0
7902 82.0
7903 82.0
7904 82.0
7905 82.0
7906 82.0
7907 82.0
7908 82.0
7909 82.0
7910 82.0
7911 82.0
7912 82.0
7913 82.0
7914 82.0
7915 82.0
7916 82.0
7917 82.0
7918 82.0
7919 82.0
7920 82.0
7921 82.0
7922 82.0
7923 82.0
7924 82.0
7925 82.0
7926 82.0
7927 82.0
7928 82.0
7929 82.0
7930 82.0
7931 82.0
7932 82.0
7933 82.0
7934 82.0
7935 82.0
7936 82.0
7937 82.0
7938 82.0
7939 82.0
7940 82.0
7941 82.0
7942 82.0
7943 82.0
7944 82.0
7945 82.0
7946 82.0
7947 82.0
7948 82.0
7949 82.0
7950 82.0
7951 82.0
7952 82.0
7953 82.0
7954 82.0
7955 82.0
7956 82.0
7957 82.0
7958 82.0
7959 82.0
7960 82.0
7961 82.0
7962 82.0
7963 82.0
7964 82.0
7965 82.0
7966 82.0
7967 82.0
7968 82.0
7969 82.0
7970 82.0
7971 82.0
7972 82.0
7973 82.0
7974 82.0
7975 82.0
7976 82.0
7977 82.0
7978 82.0
7979 82.0
7980 82.0
7981 82.0
7982 82.0
7983 82.0
7984 82.0
7985 82.0
7986 82.0
7987 82.0
7988 82.0
7989 82.0
7990 82.0
7991 82.0
7992 82.0
7993 82.0
7994 82.0
7995 82.0
7996 82.0
7997 82.0
7998 82.0
7999 82.0
8000 82.0
8001 82.0
8002 82.0
8003 82.0
8004 82.0
8005 82.0
8006 82.0
8007 82.0
8008 82.0
8009 82.0
8010 82.0
8011 82.0
8012 82.0
8013 82.0
8014 82.0
8015 82.0
8016 82.0
8017 82.0
8018 82.0
8019 82.0
8020 82.0
8021 82.0
8022 82.0
8023 82.0
8024 82.0
8025 82.0
8026 82.0
8027 82.0
8028 82.0
8029 82.0
8030 82.0
8031 82.0
8032 82.0
8033 82.0
8034 82.0
8035 82.0
8036 82.0
8037 82.0
8038 82.0
8039 82.0
8040 82.0
8041 82.0
8042 82.0
8043 82.0
8044 82.0
8045 82.0
8046 82.0
8047 82.0
8048 82.0
8049 82.0
8050 82.0
8051 82.0
8052 82.0
8053 82.0
8054 82.0
8055 82.0
8056 82.0
8057 82.0
8058 82.0
8059 82.0
8060 82.0
8061 82.0
8062 82.0
8063 82.0
8064 82.0
8065 82.0
8066 82.0
8067 82.0
8068 82.0
8069 82.0
8070 82.0
8071 82.0
8072 82.0
8073 82.0
8074 82.0
8075 82.0
8076 82.0
8077 82.0
8078 82.0
8079 82.0
8080 82.0
8081 82.0
8082 82.0
8083 82.0
8084 82.0
8085 82.0
8086 82.0
8087 82.0
8088 82.0
8089 82.0
8090 82.0
8091 82.0
8092 82.0
8093 82.0
8094 82.0
8095 82.0
8096 82.0
8097 82.0
8098 82.0
8099 82.0
8100 82.0
8101 82.0
8102 82.0
8103 82.0
8104 82.0
8105 82.0
8106 82.0
8107 82.0
8108 82.0
8109 82.0
8110 82.0
8111 82.0
8112 82.0
8113 82.0
8114 82.0
8115 82.0
8116 82.0
8117 82.0
8118 82.0
8119 82.0
8120 82.0
8121 82.0
8122 82.0
8123 82.0
8124 82.0
8125 82.0
8126 82.0
8127 82.0
8128 82.0
8129 82.0
8130 82.0
8131 82.0
8132 82.0
8133 82.0
8134 82.0
8135 82.0
8136 82.0
8137 82.0
8138 82.0
8139 82.0
8140 82.0
8141 82.0
8142 82.0
8143 82.0
8144 82.0
8145 82.0
8146 82.0
8147 82.0
8148 82.0
8149 82.0
8150 82.0
8151 82.0
8152 82.0
8153 82.0
8154 82.0
8155 82.0
8156 82.0
8157 82.0
8158 82.0
8159 82.0
8160 82.0
8161 82.0
8162 82.0
8163 82.0
8164 82.0
8165 82.0
8166 82.0
8167 82.0
8168 82.0
8169 82.0
8170 82.0
8171 82.0
8172 82.0
8173 82.0
8174 82.0
8175 82.0
8176 82.0
8177 82.0
8178 82.0
8179 82.0
8180 82.0
8181 82.0
8182 82.0
8183 82.0
8184 82.0
8185 82.0
8186 82.0
8187 82.0
8188 82.0
8189 82.0
8190 82.0
8191 82.0
8192 82.0
8193 82.0
8194 82.0
8195 82.0
8196 82.0
8197 82.0
8198 82.0
8199 82.0
8200 82.0
8201 82.0
8202 82.0
8203 82.0
8204 82.0
8205 82.0
8206 82.0
8207 82.0
8208 82.0
8209 82.0
8210 82.0
8211 82.0
8212 82.0
8213 82.0
8214 82.0
8215 82.0
8216 82.0
8217 82.0
8218 82.0
8219 82.0
8220 82.0
8221 82.0
8222 82.0
8223 82.0
8224 82.0
8225 82.0
8226 82.0
8227 82.0
8228 82.0
8229 82.0
8230 82.0
8231 82.0
8232 82.0
8233 82.0
8234 82.0
8235 82.0
8236 82.0
8237 82.0
8238 82.0
8239 82.0
8240 82.0
8241 82.0
8242 82.0
8243 82.0
8244 82.0
8245 82.0
8246 82.0
8247 82.0
8248 82.0
8249 82.0
8250 82.0
8251 82.0
8252 82.0
8253 82.0
8254 82.0
8255 82.0
8256 82.0
8257 82.0
8258 82.0
8259 82.0
8260 82.0
8261 82.0
8262 82.0
8263 82.0
8264 82.0
8265 82.0
8266 82.0
8267 82.0
8268 82.0
8269 82.0
8270 82.0
8271 82.0
8272 82.0
8273 82.0
8274 82.0
8275 82.0
8276 82.0
8277 82.0
8278 82.0
8279 82.0
8280 82.0
8281 82.0
8282 82.0
8283 82.0
8284 82.0
8285 82.0
8286 82.0
8287 82.0
8288 82.0
8289 82.0
8290 82.0
8291 82.0
8292 82.0
8293 82.0
8294 82.0
8295 82.0
8296 82.0
8297 82.0
8298 82.0
8299 82.0
8300 82.0
8301 82.0
8302 82.0
8303 82.0
8304 82.0
8305 82.0
8306 82.0
8307 82.0
8308 82.0
8309 82.0
8310 82.0
8311 82.0
8312 82.0
8313 82.0
8314 82.0
8315 82.0
8316 82.0
8317 82.0
8318 82.0
8319 82.0
8320 82.0
8321 82.0
8322 82.0
8323 82.0
8324 82.0
8325 82.0
8326 82.0
8327 82.0
8328 82.0
8329 82.0
8330 82.0
8331 82.0
8332 82.0
8333 82.0
8334 82.0
8335 82.0
8336 82.0
8337 82.0
8338 82.0
8339 82.0
8340 82.0
8341 82.0
8342 82.0
8343 82.0
8344 82.0
8345 82.0
8346 82.0
8347 82.0
8348 82.0
8349 82.0
8350 82.0
8351 82.0
8352 82.0
8353 82.0
8354 82.0
8355 82.0
8356 82.0
8357 82.0
8358 82.0
8359 82.0
8360 82.0
8361 82.0
8362 82.0
8363 82.0
8364 82.0
8365 82.0
8366 82.0
8367 82.0
8368 82.0
8369 82.0
8370 82.0
8371 82.0
8372 82.0
8373 82.0
8374 82.0
8375 82.0
8376 82.0
8377 82.0
8378 82.0
8379 82.0
8380 82.0
8381 82.0
8382 82.0
8383 82.0
8384 82.0
8385 82.0
8386 82.0
8387 82.0
8388 82.0
8389 82.0
8390 82.0
8391 82.0
8392 82.0
8393 82.0
8394 82.0
8395 82.0
8396 82.0
8397 82.0
8398 82.0
8399 82.0
8400 82.0
8401 82.0
8402 82.0
8403 82.0
8404 82.0
8405 82.0
8406 82.0
8407 82.0
8408 82.0
8409 82.0
8410 82.0
8411 82.0
8412 82.0
8413 82.0
8414 82.0
8415 82.0
8416 82.0
8417 82.0
8418 82.0
8419 82.0
8420 82.0
8421 82.0
8422 82.0
8423 82.0
8424 82.0
8425 82.0
8426 82.0
8427 82.0
8428 82.0
8429 82.0
8430 82.0
8431 82.0
8432 82.0
8433 82.0
8434 82.0
8435 82.0
8436 82.0
8437 82.0
8438 82.0
8439 82.0
8440 82.0
8441 82.0
8442 82.0
8443 82.0
8444 82.0
8445 82.0
8446 82.0
8447 82.0
8448 82.0
8449 82.0
8450 82.0
8451 82.0
8452 82.0
8453 82.0
8454 82.0
8455 82.0
8456 82.0
8457 82.0
8458 82.0
8459 82.0
8460 82.0
8461 82.0
8462 82.0
8463 82.0
8464 82.0
8465 82.0
8466 82.0
8467 82.0
8468 82.0
8469 82.0
8470 82.0
8471 82.0
8472 82.0
8473 82.0
8474 82.0
8475 82.0
8476 82.0
8477 82.0
8478 82.0
8479 82.0
8480 82.0
8481 82.0
8482 82.0
8483 82.0
8484 82.0
8485 82.0
8486 82.0
8487 82.0
8488 82.0
8489 82.0
8490 82.0
8491 82.0
8492 82.0
8493 82.0
8494 82.0
8495 82.0
8496 82.0
8497 82.0
8498 82.0
8499 82.0
8500 82.0
8501 82.0
8502 82.0
8503 82.0
8504 82.0
8505 82.0
8506 82.0
8507 82.0
8508 82.0
8509 82.0
8510 82.0
8511 82.0
8512 82.0
8513 82.0
8514 82.0
8515 82.0
8516 82.0
8517 82.0
8518 82.0
8519 82.0
8520 82.0
8521 82.0
8522 82.0
8523 82.0
8524 82.0
8525 82.0
8526 82.0
8527 82.0
8528 82.0
8529 82.0
8530 82.0
8531 82.0
8532 82.0
8533 82.0
8534 82.0
8535 82.0
8536 82.0
8537 82.0
8538 82.0
8539 82.0
8540 82.0
8541 82.0
8542 82.0
8543 82.0
8544 82.0
8545 82.0
8546 82.0
8547 82.0
8548 82.0
8549 82.0
8550 82.0
8551 82.0
8552 82.0
8553 82.0
8554 82.0
8555 82.0
8556 82.0
8557 82.0
8558 82.0
8559 82.0
8560 82.0
8561 82.0
8562 82.0
8563 82.0
8564 82.0
8565 82.0
8566 82.0
8567 82.0
8568 82.0
8569 82.0
8570 82.0
8571 82.0
8572 82.0
8573 82.0
8574 82.0
8575 82.0
8576 82.0
8577 82.0
8578 82.0
8579 82.0
8580 82.0
8581 82.0
8582 82.0
8583 82.0
8584 82.0
8585 82.0
8586 82.0
8587 82.0
8588 82.0
8589 82.0
8590 82.0
8591 82.0
8592 82.0
8593 82.0
8594 82.0
8595 82.0
8596 82.0
8597 82.0
8598 82.0
8599 82.0
8600 82.0
8601 82.0
8602 82.0
8603 82.0
8604 82.0
8605 82.0
8606 82.0
8607 82.0
8608 82.0
8609 82.0
8610 82.0
8611 82.0
8612 82.0
8613 82.0
8614 82.0
8615 82.0
8616 82.0
8617 82.0
8618 82.0
8619 82.0
8620 82.0
8621 82.0
8622 82.0
8623 82.0
8624 82.0
8625 82.0
8626 82.0
8627 82.0
8628 82.0
8629 82.0
8630 82.0
8631 82.0
8632 82.0
8633 82.0
8634 82.0
8635 82.0
8636 82.0
8637 82.0
8638 82.0
8639 82.0
8640 82.0
8641 82.0
8642 82.0
8643 82.0
8644 82.0
8645 82.0
8646 82.0
8647 82.0
8648 82.0
8649 82.0
8650 82.0
8651 82.0
8652 82.0
8653 82.0
8654 82.0
8655 82.0
8656 82.0
8657 82.0
8658 82.0
8659 82.0
8660 82.0
8661 82.0
8662 82.0
8663 82.0
8664 82.0
8665 82.0
8666 82.0
8667 82.0
8668 82.0
8669 82.0
8670 82.0
8671 82.0
8672 82.0
8673 82.0
8674 82.0
8675 82.0
8676 82.0
8677 82.0
8678 82.0
8679 82.0
8680 82.0
8681 82.0
8682 82.0
8683 82.0
8684 82.0
8685 82.0
8686 82.0
8687 82.0
8688 82.0
8689 82.0
8690 82.0
8691 82.0
8692 82.0
8693 82.0
8694 82.0
8695 82.0
8696 82.0
8697 82.0
8698 82.0
8699 82.0
8700 82.0
8701 82.0
8702 82.0
8703 82.0
8704 82.0
8705 82.0
8706 82.0
8707 82.0
8708 82.0
8709 82.0
8710 82.0
8711 82.0
8712 82.0
8713 82.0
8714 82.0
8715 82.0
8716 82.0
8717 82.0
8718 82.0
8719 82.0
8720 82.0
8721 82.0
8722 82.0
8723 82.0
8724 82.0
8725 82.0
8726 82.0
8727 82.0
8728 82.0
8729 82.0
8730 82.0
8731 82.0
8732 82.0
8733 82.0
8734 82.0
8735 82.0
8736 82.0
8737 82.0
8738 82.0
8739 82.0
8740 82.0
8741 82.0
8742 82.0
8743 82.0
8744 82.0
8745 82.0
8746 82.0
8747 82.0
8748 82.0
8749 82.0
8750 82.0
8751 82.0
8752 82.0
8753 82.0
8754 82.0
8755 82.0
8756 82.0
8757 82.0
8758 82.0
8759 82.0
8760 82.0
8761 82.0
8762 82.0
8763 82.0
8764 82.0
8765 82.0
8766 82.0
8767 82.0
8768 82.0
8769 82.0
8770 82.0
8771 82.0
8772 82.0
8773 82.0
8774 82.0
8775 82.0
8776 82.0
8777 82.0
8778 82.0
8779 82.0
8780 82.0
8781 82.0
8782 82.0
8783 82.0
8784 82.0
8785 82.0
8786 82.0
8787 82.0
8788 82.0
8789 82.0
8790 82.0
8791 82.0
8792 82.0
8793 82.0
8794 82.0
8795 82.0
8796 82.0
8797 82.0
8798 82.0
8799 82.0
8800 82.0
8801 82.0
8802 82.0
8803 82.0
8804 82.0
8805 82.0
8806 82.0
8807 82.0
8808 82.0
8809 82.0
8810 82.0
8811 82.0
8812 82.0
8813 82.0
8814 82.0
8815 82.0
8816 82.0
8817 82.0
8818 82.0
8819 82.0
8820 82.0
8821 82.0
8822 82.0
8823 82.0
8824 82.0
8825 82.0
8826 82.0
8827 82.0
8828 82.0
8829 82.0
8830 82.0
8831 82.0
8832 82.0
8833 82.0
8834 82.0
8835 82.0
8836 82.0
8837 82.0
8838 82.0
8839 82.0
8840 82.0
8841 82.0
8842 82.0
8843 82.0
8844 82.0
8845 82.0
8846 82.0
8847 82.0
8848 82.0
8849 82.0
8850 82.0
8851 82.0
8852 82.0
8853 82.0
8854 82.0
8855 82.0
8856 82.0
8857 82.0
8858 82.0
8859 82.0
8860 82.0
8861 82.0
8862 82.0
8863 82.0
8864 82.0
8865 82.0
8866 82.0
8867 82.0
8868 82.0
8869 82.0
8870 82.0
8871 82.0
8872 82.0
8873 82.0
8874 82.0
8875 82.0
8876 82.0
8877 82.0
8878 82.0
8879 82.0
8880 82.0
8881 82.0
8882 82.0
8883 82.0
8884 82.0
8885 82.0
8886 82.0
8887 82.0
8888 82.0
8889 82.0
8890 82.0
8891 82.0
8892 82.0
8893 82.0
8894 82.0
8895 82.0
8896 82.0
8897 82.0
8898 82.0
8899 82.0
8900 82.0
8901 82.0
8902 82.0
8903 82.0
8904 82.0
8905 82.0
8906 82.0
8907 82.0
8908 82.0
8909 82.0
8910 82.0
8911 82.0
8912 82.0
8913 82.0
8914 82.0
8915 82.0
8916 82.0
8917 82.0
8918 82.0
8919 82.0
8920 82.0
8921 82.0
8922 82.0
8923 82.0
8924 82.0
8925 82.0
8926 82.0
8927 82.0
8928 82.0
8929 82.0
8930 82.0
8931 82.0
8932 82.0
8933 82.0
8934 82.0
8935 82.0
8936 82.0
8937 82.0
8938 82.0
8939 82.0
8940 82.0
8941 82.0
8942 82.0
8943 82.0
8944 82.0
8945 82.0
8946 82.0
8947 82.0
8948 82.0
8949 82.0
8950 82.0
8951 82.0
8952 82.0
8953 82.0
8954 82.0
8955 82.0
8956 82.0
8957 82.0
8958 82.0
8959 82.0
8960 82.0
8961 82.0
8962 82.0
8963 82.0
8964 82.0
8965 82.0
8966 82.0
8967 82.0
8968 82.0
8969 82.0
8970 82.0
8971 82.0
8972 82.0
8973 82.0
8974 82.0
8975 82.0
8976 82.0
8977 82.0
8978 82.0
8979 82.0
8980 82.0
8981 82.0
8982 82.0
8983 82.0
8984 82.0
8985 82.0
8986 82.0
8987 82.0
8988 82.0
8989 82.0
8990 82.0
8991 82.0
8992 82.0
8993 82.0
8994 82.0
8995 82.0
8996 82.0
8997 82.0
8998 82.0
8999 82.0
9000 82.0
9001 82.0
9002 82.0
9003 82.0
9004 82.0
9005 82.0
9006 82.0
9007 82.0
9008 82.0
9009 82.0
9010 82.0
9011 82.0
9012 82.0
9013 82.0
9014 82.0
9015 82.0
9016 82.0
9017 82.0
9018 82.0
9019 82.0
9020 82.0
9021 82.0
9022 82.0
9023 82.0
9024 82.0
9025 82.0
9026 82.0
9027 82.0
9028 82.0
9029 82.0
9030 82.0
9031 82.0
9032 82.0
9033 82.0
9034 82.0
9035 82.0
9036 82.0
9037 82.0
9038 82.0
9039 82.0
9040 82.0
9041 82.0
9042 82.0
9043 82.0
9044 82.0
9045 82.0
9046 82.0
9047 82.0
9048 82.0
9049 82.0
9050 82.0
9051 82.0
9052 82.0
9053 82.0
9054 82.0
9055 82.0
9056 82.0
9057 82.0
9058 82.0
9059 82.0
9060 82.0
9061 82.0
9062 82.0
9063 82.0
9064 82.0
9065 82.0
9066 82.0
9067 82.0
9068 82.0
9069 82.0
9070 82.0
9071 82.0
9072 82.0
9073 82.0
9074 82.0
9075 82.0
9076 82.0
9077 82.0
9078 82.0
9079 82.0
9080 82.0
9081 82.0
9082 82.0
9083 82.0
9084 82.0
9085 82.0
9086 82.0
9087 82.0
9088 82.0
9089 82.0
9090 82.0
9091 82.0
9092 82.0
9093 82.0
9094 82.0
9095 82.0
9096 82.0
9097 82.0
9098 82.0
9099 82.0
9100 82.0
9101 82.0
9102 82.0
9103 82.0
9104 82.0
9105 82.0
9106 82.0
9107 82.0
9108 82.0
9109 82.0
9110 82.0
9111 82.0
9112 82.0
9113 82.0
9114 82.0
9115 82.0
9116 82.0
9117 82.0
9118 82.0
9119 82.0
9120 82.0
9121 82.0
9122 82.0
9123 82.0
9124 82.0
9125 82.0
9126 82.0
9127 82.0
9128 82.0
9129 82.0
9130 82.0
9131 82.0
9132 82.0
9133 82.0
9134 82.0
9135 82.0
9136 82.0
9137 82.0
9138 82.0
9139 82.0
9140 82.0
9141 82.0
9142 82.0
9143 82.0
9144 82.0
9145 82.0
9146 82.0
9147 82.0
9148 82.0
9149 82.0
9150 82.0
9151 82.0
9152 82.0
9153 82.0
9154 82.0
9155 82.0
9156 82.0
9157 82.0
9158 82.0
9159 82.0
9160 82.0
9161 82.0
9162 82.0
9163 82.0
9164 82.0
9165 82.0
9166 82.0
9167 82.0
9168 82.0
9169 82.0
9170 82.0
9171 82.0
9172 82.0
9173 82.0
9174 82.0
9175 82.0
9176 82.0
9177 82.0
9178 82.0
9179 82.0
9180 82.0
9181 82.0
9182 82.0
9183 82.0
9184 82.0
9185 82.0
9186 82.0
9187 82.0
9188 82.0
9189 82.0
9190 82.0
9191 82.0
9192 82.0
9193 82.0
9194 82.0
9195 82.0
9196 82.0
9197 82.0
9198 82.0
9199 82.0
9200 82.0
9201 82.0
9202 82.0
9203 82.0
9204 82.0
9205 82.0
9206 82.0
9207 82.0
9208 82.0
9209 82.0
9210 82.0
9211 82.0
9212 82.0
9213 82.0
9214 82.0
9215 82.0
9216 82.0
9217 82.0
9218 82.0
9219 82.0
9220 82.0
9221 82.0
9222 82.0
9223 82.0
9224 82.0
9225 82.0
9226 82.0
9227 82.0
9228 82.0
9229 82.0
9230 82.0
9231 82.0
9232 82.0
9233 82.0
9234 82.0
9235 82.0
9236 82.0
9237 82.0
9238 82.0
9239 82.0
9240 82.0
9241 82.0
9242 82.0
9243 82.0
9244 82.0
9245 82.0
9246 82.0
9247 82.0
9248 82.0
9249 82.0
9250 82.0
9251 82.0
9252 82.0
9253 82.0
9254 82.0
9255 82.0
9256 82.0
9257 82.0
9258 82.0
9259 82.0
9260 82.0
9261 82.0
9262 82.0
9263 82.0
9264 82.0
9265 82.0
9266 82.0
9267 82.0
9268 82.0
9269 82.0
9270 82.0
9271 82.0
9272 82.0
9273 82.0
9274 82.0
9275 82.0
9276 82.0
9277 82.0
9278 82.0
9279 82.0
9280 82.0
9281 82.0
9282 82.0
9283 82.0
9284 82.0
9285 82.0
9286 82.0
9287 82.0
9288 82.0
9289 82.0
9290 82.0
9291 82.0
9292 82.0
9293 82.0
9294 82.0
9295 82.0
9296 82.0
9297 82.0
9298 82.0
9299 82.0
9300 82.0
9301 82.0
9302 82.0
9303 82.0
9304 82.0
9305 82.0
9306 82.0
9307 82.0
9308 82.0
9309 82.0
9310 82.0
9311 82.0
9312 82.0
9313 82.0
9314 82.0
9315 82.0
9316 82.0
9317 82.0
9318 82.0
9319 82.0
9320 82.0
9321 82.0
9322 82.0
9323 82.0
9324 82.0
9325 82.0
9326 82.0
9327 82.0
9328 82.0
9329 82.0
9330 82.0
9331 82.0
9332 82.0
9333 82.0
9334 82.0
9335 82.0
9336 82.0
9337 82.0
9338 82.0
9339 82.0
9340 82.0
9341 82.0
9342 82.0
9343 82.0
9344 82.0
9345 82.0
9346 82.0
9347 82.0
9348 82.0
9349 82.0
9350 82.0
9351 82.0
9352 82.0
9353 82.0
9354 82.0
9355 82.0
9356 82.0
9357 82.0
9358 82.0
9359 82.0
9360 82.0
9361 82.0
9362 82.0
9363 82.0
9364 82.0
9365 82.0
9366 82.0
9367 82.0
9368 82.0
9369 82.0
9370 82.0
9371 82.0
9372 82.0
9373 82.0
9374 82.0
9375 82.0
9376 82.0
9377 82.0
9378 82.0
9379 82.0
9380 82.0
9381 82.0
9382 82.0
9383 82.0
9384 82.0
9385 82.0
9386 82.0
9387 82.0
9388 82.0
9389 82.0
9390 82.0
9391 82.0
9392 82.0
9393 82.0
9394 82.0
9395 82.0
9396 82.0
9397 82.0
9398 82.0
9399 82.0
9400 82.0
9401 82.0
9402 82.0
9403 82.0
9404 82.0
9405 82.0
9406 82.0
9407 82.0
9408 82.0
9409 82.0
9410 82.0
9411 82.0
9412 82.0
9413 82.0
9414 82.0
9415 82.0
9416 82.0
9417 82.0
9418 82.0
9419 82.0
9420 82.0
9421 82.0
9422 82.0
9423 82.0
9424 82.0
9425 82.0
9426 82.0
9427 82.0
9428 82.0
9429 82.0
9430 82.0
9431 82.0
9432 82.0
9433 82.0
9434 82.0
9435 82.0
9436 82.0
9437 82.0
9438 82.0
9439 82.0
9440 82.0
9441 82.0
9442 82.0
9443 82.0
9444 82.0
9445 82.0
9446 82.0
9447 82.0
9448 82.0
9449 82.0
9450 82.0
9451 82.0
9452 82.0
9453 82.0
9454 82.0
9455 82.0
9456 82.0
9457 82.0
9458 82.0
9459 82.0
9460 82.0
9461 82.0
9462 82.0
9463 82.0
9464 82.0
9465 82.0
9466 82.0
9467 82.0
9468 82.0
9469 82.0
9470 82.0
9471 82.0
9472 82.0
9473 82.0
9474 82.0
9475 82.0
9476 82.0
9477 82.0
9478 82.0
9479 82.0
9480 82.0
9481 82.0
9482 82.0
9483 82.0
9484 82.0
9485 82.0
9486 82.0
9487 82.0
9488 82.0
9489 82.0
9490 82.0
9491 82.0
9492 82.0
9493 82.0
9494 82.0
9495 82.0
9496 82.0
9497 82.0
9498 82.0
9499 82.0
9500 82.0
9501 82.0
9502 82.0
9503 82.0
9504 82.0
9505 82.0
9506 82.0
9507 82.0
9508 82.0
9509 82.0
9510 82.0
9511 82.0
9512 82.0
9513 82.0
9514 82.0
9515 82.0
9516 82.0
9517 82.0
9518 82.0
9519 82.0
9520 82.0
9521 82.0
9522 82.0
9523 82.0
9524 82.0
9525 82.0
9526 82.0
9527 82.0
9528 82.0
9529 82.0
9530 82.0
9531 82.0
9532 82.0
9533 82.0
9534 82.0
9535 82.0
9536 82.0
9537 82.0
9538 82.0
9539 82.0
9540 82.0
9541 82.0
9542 82.0
9543 82.0
9544 82.0
9545 82.0
9546 82.0
9547 82.0
9548 82.0
9549 82.0
9550 82.0
9551 82.0
9552 82.0
9553 82.0
9554 82.0
9555 82.0
9556 82.0
9557 82.0
9558 82.0
9559 82.0
9560 82.0
9561 82.0
9562 82.0
9563 82.0
9564 82.0
9565 82.0
9566 82.0
9567 82.0
9568 82.0
9569 82.0
9570 82.0
9571 82.0
9572 82.0
9573 82.0
9574 82.0
9575 82.0
9576 82.0
9577 82.0
9578 82.0
9579 82.0
9580 82.0
9581 82.0
9582 82.0
9583 82.0
9584 82.0
9585 82.0
9586 82.0
9587 82.0
9588 82.0
9589 82.0
9590 82.0
9591 82.0
9592 82.0
9593 82.0
9594 82.0
9595 82.0
9596 82.0
9597 82.0
9598 82.0
9599 82.0
9600 82.0
9601 82.0
9602 82.0
9603 82.0
9604 82.0
9605 82.0
9606 82.0
9607 82.0
9608 82.0
9609 82.0
9610 82.0
9611 82.0
9612 82.0
9613 82.0
9614 82.0
9615 82.0
9616 82.0
9617 82.0
9618 82.0
9619 82.0
9620 82.0
9621 82.0
9622 82.0
9623 82.0
9624 82.0
9625 82.0
9626 82.0
9627 82.0
9628 82.0
9629 82.0
9630 82.0
9631 82.0
9632 82.0
9633 82.0
9634 82.0
9635 82.0
9636 82.0
9637 82.0
9638 82.0
9639 82.0
9640 82.0
9641 82.0
9642 82.0
9643 82.0
9644 82.0
9645 82.0
9646 82.0
9647 82.0
9648 82.0
9649 82.0
9650 82.0
9651 82.0
9652 82.0
9653 82.0
9654 82.0
9655 82.0
9656 82.0
9657 82.0
9658 82.0
9659 82.0
9660 82.0
9661 82.0
9662 82.0
9663 82.0
9664 82.0
9665 82.0
9666 82.0
9667 82.0
9668 82.0
9669 82.0
9670 82.0
9671 82.0
9672 82.0
9673 82.0
9674 82.0
9675 82.0
9676 82.0
9677 82.0
9678 82.0
9679 82.0
9680 82.0
9681 82.0
9682 82.0
9683 82.0
9684 82.0
9685 82.0
9686 82.0
9687 82.0
9688 82.0
9689 82.0
9690 82.0
9691 82.0
9692 82.0
9693 82.0
9694 82.0
9695 82.0
9696 82.0
9697 82.0
9698 82.0
9699 82.0
9700 82.0
9701 82.0
9702 82.0
9703 82.0
9704 82.0
9705 82.0
9706 82.0
9707 82.0
9708 82.0
9709 82.0
9710 82.0
9711 82.0
9712 82.0
9713 82.0
9714 82.0
9715 82.0
9716 82.0
9717 82.0
9718 82.0
9719 82.0
9720 82.0
9721 82.0
9722 82.0
9723 82.0
9724 82.0
9725 82.0
9726 82.0
9727 82.0
9728 82.0
9729 82.0
9730 82.0
9731 82.0
9732 82.0
9733 82.0
9734 82.0
9735 82.0
9736 82.0
9737 82.0
9738 82.0
9739 82.0
9740 82.0
9741 82.0
9742 82.0
9743 82.0
9744 82.0
9745 82.0
9746 82.0
9747 82.0
9748 82.0
9749 82.0
9750 82.0
9751 82.0
9752 82.0
9753 82.0
9754 82.0
9755 82.0
9756 82.0
9757 82.0
9758 82.0
9759 82.0
9760 82.0
9761 82.0
9762 82.0
9763 82.0
9764 82.0
9765 82.0
9766 82.0
9767 82.0
9768 82.0
9769 82.0
9770 82.0
9771 82.0
9772 82.0
9773 82.0
9774 82.0
9775 82.0
9776 82.0
9777 82.0
9778 82.0
9779 82.0
9780 82.0
9781 82.0
9782 82.0
9783 82.0
9784 82.0
9785 82.0
9786 82.0
9787 82.0
9788 82.0
9789 82.0
9790 82.0
9791 82.0
9792 82.0
9793 82.0
9794 82.0
9795 82.0
9796 82.0
9797 82.0
9798 82.0
9799 82.0
9800 82.0
9801 82.0
9802 82.0
9803 82.0
9804 82.0
9805 82.0
9806 82.0
9807 82.0
9808 82.0
9809 82.0
9810 82.0
9811 82.0
9812 82.0
9813 82.0
9814 82.0
9815 82.0
9816 82.0
9817 82.0
9818 82.0
9819 82.0
9820 82.0
9821 82.0
9822 82.0
9823 82.0
9824 82.0
9825 82.0
9826 82.0
9827 82.0
9828 82.0
9829 82.0
9830 82.0
9831 82.0
9832 82.0
9833 82.0
9834 82.0
9835 82.0
9836 82.0
9837 82.0
9838 82.0
9839 82.0
9840 82.0
9841 82.0
9842 82.0
9843 82.0
9844 82.0
9845 82.0
9846 82.0
9847 82.0
9848 82.0
9849 82.0
9850 82.0
9851 82.0
9852 82.0
9853 82.0
9854 82.0
9855 82.0
9856 82.0
9857 82.0
9858 82.0
9859 82.0
9860 82.0
9861 82.0
9862 82.0
9863 82.0
9864 82.0
9865 82.0
9866 82.0
9867 82.0
9868 82.0
9869 82.0
9870 82.0
9871 82.0
9872 82.0
9873 82.0
9874 82.0
9875 82.0
9876 82.0
9877 82.0
9878 82.0
9879 82.0
9880 82.0
9881 82.0
9882 82.0
9883 82.0
9884 82.0
9885 82.0
9886 82.0
9887 82.0
9888 82.0
9889 82.0
9890 82.0
9891 82.0
9892 82.0
9893 82.0
9894 82.0
9895 82.0
9896 82.0
9897 82.0
9898 82.0
9899 82.0
9900 82.0
9901 82.0
9902 82.0
9903 82.0
9904 82.0
9905 82.0
9906 82.0
9907 82.0
9908 82.0
9909 82.0
9910 82.0
9911 82.0
9912 82.0
9913 82.0
9914 82.0
9915 82.0
9916 82.0
9917 82.0
9918 82.0
9919 82.0
9920 82.0
9921 82.0
9922 82.0
9923 82.0
9924 82.0
9925 82.0
9926 82.0
9927 82.0
9928 82.0
9929 82.0
9930 82.0
9931 82.0
9932 82.0
9933 82.0
9934 82.0
9935 82.0
9936 82.0
9937 82.0
9938 82.0
9939 82.0
9940 82.0
9941 82.0
9942 82.0
9943 82.0
9944 82.0
9945 82.0
9946 82.0
9947 82.0
9948 82.0
9949 82.0
9950 82.0
9951 82.0
9952 82.0
9953 82.0
9954 82.0
9955 82.0
9956 82.0
9957 82.0
9958 82.0
9959 82.0
9960 82.0
9961 82.0
9962 82.0
9963 82.0
9964 82.0
9965 82.0
9966 82.0
9967 82.0
9968 82.0
9969 82.0
9970 82.0
9971 82.0
9972 82.0
9973 82.0
9974 82.0
9975 82.0
9976 82.0
9977 82.0
9978 82.0
9979 82.0
9980 82.0
9981 82.0
9982 82.0
9983 82.0
9984 82.0
9985 82.0
9986 82.0
9987 82.0
9988 82.0
9989 82.0
9990 82.0
9991 82.0
9992 82.0
9993 82.0
9994 82.0
9995 82.0
9996 82.0
9997 82.0
9998 82.0
9999 82.0
10000 82.0
