# evaluation best
1 41.0
2 41.0
3 41.0
4 41.0
5 41.0
6 41.0
7 41.0
8 41.0
9 41.0
10 41.0
11 41.0
12 41.0
13 41.0
14 41.0
15 41.0
16 41.0
17 41.0
18 41.0
19 41.0
20 41.0
21 41.0
22 41.0
23 41.0
24 41.0
25 41.0
26 41.0
27 41.0
28 41.0
29 41.0
30 41.0
31 41.0
32 41.0
33 41.0
34 41.0
35 41.0
36 41.0
37 41.0
38 41.0
39 41.0
40 41.0
41 41.0
42 41.0
43 41.0
44 46.0
45 46.0
46 46.0
47 46.0
48 46.0
49 46.0
50 46.0
51 46.0
52 46.0
53 46.0
54 46.0
55 46.0
56 46.0
57 46.0
58 46.0
59 46.0
60 46.0
61 46.0
62 46.0
63 46.0
64 46.0
65 46.0
66 46.0
67 46.0
68 46.0
69 46.0
70 49.0
71 49.0
72 49.0
73 49.0
74 49.0
75 49.0
76 49.0
77 49.0
78 49.0
79 49.0
80 49.0
81 49.0
82 49.0
83 49.0
84 49.0
85 49.0
86 49.0
87 49.0
88 49.0
89 49.0
90 49.0
91 49.0
92 49.0
93 49.0
94 49.0
95 49.0
96 49.0
97 49.0
98 49.0
99 49.0
100 49.0
101 49.0
102 49.0
103 56.0
104 56.0
105 56.0
106 56.0
107 56.0
108 56.0
109 56.0
110 56.0
111 56.0
112 56.0
113 56.0
114 56.0
115 56.0
116 56.0
117 56.0
118 56.0
119 56.0
120 56.0
121 56.0
122 56.0
123 56.0
124 56.0
125 56.0
126 56.0
127 56.0
128 56.0
129 56.0
130 56.0
131 56.0
132 56.0
133 56.0
134 56.0
135 56.0
136 56.0
137 56.0
138 56.0
139 56.0
140 56.0
141 56.0
142 56.0
143 56.0
144 56.0
145 56.0
146 56.0
147 56.0
148 56.0
149 56.0
150 56.0
151 56.0
152 56.0
153 56.0
154 56.0
155 56.0
156 56.0
157 56.0
158 56.0
159 56.0
160 56.0
161 56.0
162 56.0
163 56.0
164 56.0
165 56.0
166 56.0
167 56.0
168 56.0
169 56.0
170 56.0
171 56.0
172 56.0
173 56.0
174 56.0
175 56.0
176 56.0
177 56.0
178 56.0
179 56.0
180 56.0
181 56.0
182 56.0
183 56.0
184 56.0
185 56.0
186 56.0
187 56.0
188 56.0
189 56.0
190 56.0
191 56.0
192 56.0
193 56.0
194 56.0
195 56.0
196 56.0
197 56.0
198 56.0
199 56.0
200 56.0
201 56.0
202 56.0
203 56.0
204 56.0
205 56.0
206 56.0
207 56.0
208 56.0
209 56.0
210 56.0
211 56.0
212 56.0
213 56.0
214 56.0
215 56.0
216 56.0
217 56.0
218 56.0
219 56.0
220 56.0
221 56.0
222 56.0
223 56.0
224 56.0
225 56.0
226 56.0
227 56.0
228 56.0
229 56.0
230 56.0
231 56.0
232 56.0
233 56.0
234 56.0
235 56.0
236 56.0
237 58.0
238 58.0
239 58.0
240 58.0
241 58.0
242 58.0
243 58.0
244 58.0
245 58.0
246 58.0
247 58.0
248 58.0
249 58.0
250 58.0
251 58.0
252 58.0
253 58.0
254 58.0
255 58.0
256 58.0
257 58.0
258 58.0
259 58.0
260 58.0
261 58.0
262 58.0
263 58.0
264 58.0
265 58.0
266 58.0
267 58.0
268 58.0
269 58.0
270 58.0
271 58.0
272 58.0
273 58.0
274 58.0
275 58.0
276 58.0
277 58.0
278 58.0
279 58.0
280 58.0
281 58.0
282 58.0
283 58.0
284 58.0
285 58.0
286 58.0
287 58.0
288 58.0
289 58.0
290 58.0
291 58.0
292 58.0
293 58.0
294 58.0
295 58.0
296 58.0
297 58.0
298 58.0
299 58.0
300 58.0
301 58.0
302 58.0
303 61.0
304 61.0
305 61.0
306 61.0
307 61.0
308 61.0
309 61.0
310 61.0
311 61.0
312 61.0
313 61.0
314 61.0
315 61.0
316 61.0
317 61.0
318 61.0
319 61.0
320 61.0
321 61.0
322 61.0
323 61.0
324 61.0
325 61.0
326 61.0
327 61.0
328 61.0
329 61.0
330 61.0
331 61.0
332 61.0
333 61.0
334 61.0
335 61.0
336 61.0
337 61.0
338 61.0
339 61.0
340 61.0
341 61.0
342 61.0
343 61.0
344 61.0
345 61.0
346 61.0
347 61.0
348 61.0
349 61.0
350 61.0
351 61.0
352 61.0
353 61.0
354 61.0
355 61.0
356 61.0
357 61.0
358 61.0
359 61.0
360 61.0
361 61.0
362 61.0
363 61.0
364 61.0
365 61.0
366 61.0
367 61.0
368 61.0
369 61.0
370 61.0
371 61.0
372 61.0
373 61.0
374 61.0
375 61.0
376 61.0
377 61.0
378 61.0
379 61.0
380 61.0
381 61.0
382 61.0
383 61.0
384 61.0
385 61.0
386 61.0
387 61.0
388 61.0
389 61.0
390 61.0
391 61.0
392 61.0
393 61.0
394 61.0
395 61.0
396 61.0
397 61.0
398 61.0
399 61.0
400 61.0
401 61.0
402 61.0
403 61.0
404 61.0
405 61.0
406 61.0
407 61.0
408 61.0
409 61.0
410 61.0
411 61.0
412 61.0
413 61.0
414 61.0
415 61.0
416 61.0
417 61.0
418 61.0
419 61.0
420 61.0
421 61.0
422 61.0
423 61.0
424 61.0
425 61.0
426 61.0
427 61.0
428 61.0
429 61.0
430 61.0
431 61.0
432 61.0
433 61.0
434 61.0
435 61.0
436 61.0
437 61.0
438 61.0
439 61.0
440 61.0
441 61.0
442 61.0
443 61.0
444 61.0
445 61.0
446 61.0
447 61.0
448 61.0
449 61.0
450 61.0
451 61.0
452 61.0
453 61.0
454 61.0
455 61.0
456 61.0
457 61.0
458 61.0
459 61.0
460 61.0
461 61.0
462 61.0
463 61.0
464 61.0
465 61.0
466 61.0
467 61.0
468 61.0
469 61.0
470 61.0
471 61.0
472 61.0
473 61.0
474 61.0
475 61.0
476 61.0
477 61.0
478 61.0
479 61.0
480 61.0
481 61.0
482 61.0
483 61.0
484 61.0
485 61.0
486 61.0
487 61.0
488 61.0
489 61.0
490 61.0
491 61.0
492 61.0
493 61.0
494 61.0
495 61.0
496 61.0
497 61.0
498 61.0
499 61.0
500 61.0
501 61.0
502 61.0
503 61.0
504 61.0
505 61.0
506 61.0
507 61.0
508 61.0
509 61.0
510 61.0
511 61.0
512 61.0
513 61.0
514 61.0
515 61.0
516 61.0
517 61.0
518 61.0
519 61.0
520 61.0
521 61.0
522 61.0
523 61.0
524 61.0
525 61.0
526 61.0
527 61.0
528 61.0
529 61.0
530 61.0
531 61.0
532 61.0
533 61.0
534 61.0
535 61.0
536 61.0
537 61.0
538 61.0
539 61.0
540 61.0
541 61.0
542 61.0
543 61.0
544 61.0
545 61.0
546 61.0
547 61.0
548 61.0
549 61.0
550 61.0
551 61.0
552 61.0
553 61.0
554 61.0
555 61.0
556 61.0
557 61.0
558 61.0
559 61.0
560 61.0
561 61.0
562 61.0
563 61.0
564 61.0
565 61.0
566 61.0
567 61.0
568 61.0
569 61.0
570 61.0
571 61.0
572 61.0
573 61.0
574 61.0
575 61.0
576 61.0
577 61.0
578 61.0
579 61.0
580 61.0
581 61.0
582 61.0
583 61.0
584 61.0
585 61.0
586 61.0
587 61.0
588 61.0
589 61.0
590 61.0
591 61.0
592 61.0
593 61.0
594 61.0
595 61.0
596 61.0
597 61.0
598 61.0
599 61.0
600 61.0
601 61.0
602 61.0
603 61.0
604 61.0
605 61.0
606 61.0
607 61.0
608 61.0
609 61.0
610 61.0
611 61.0
612 61.0
613 61.0
614 61.0
615 61.0
616 61.0
617 61.0
618 61.0
619 61.0
620 61.0
621 61.0
622 61.0
623 61.0
624 61.0
625 61.0
626 61.0
627 61.0
628 61.0
629 61.0
630 61.0
631 61.0
632 61.0
633 61.0
634 61.0
635 61.0
636 61.0
637 61.0
638 61.0
639 61.0
640 61.0
641 61.0
642 61.0
643 61.0
644 61.0
645 61.0
646 61.0
647 61.0
648 61.0
649 61.0
650 61.0
651 61.0
652 61.0
653 61.0
654 61.0
655 61.0
656 61.0
657 61.0
658 61.0
659 61.0
660 61.0
661 61.0
662 61.0
663 61.0
664 61.0
665 61.0
666 61.0
667 61.0
668 61.0
669 61.0
670 61.0
671 61.0
672 61.0
673 61.0
674 61.0
675 61.0
676 61.0
677 61.0
678 61.0
679 61.0
680 61.0
681 61.0
682 61.0
683 61.0
684 61.0
685 61.0
686 61.0
687 61.0
688 61.0
689 61.0
690 61.0
691 61.0
692 61.0
693 61.0
694 61.0
695 61.0
696 61.0
697 61.0
698 61.0
699 61.0
700 61.0
701 61.0
702 61.0
703 61.0
704 61.0
705 61.0
706 61.0
707 61.0
708 61.0
709 61.0
710 61.0
711 61.0
712 61.0
713 61.0
714 61.0
715 61.0
716 61.0
717 61.0
718 61.0
719 61.0
720 61.0
721 61.0
722 61.0
723 61.0
724 61.0
725 61.0
726 61.0
727 61.0
728 61.0
729 61.0
730 61.0
731 61.0
732 61.0
733 61.0
734 61.0
735 61.0
736 61.0
737 61.0
738 61.0
739 61.0
740 61.0
741 61.0
742 61.0
743 61.0
744 61.0
745 61.0
746 61.0
747 61.0
748 61.0
749 61.0
750 61.0
751 61.0
752 61.0
753 61.0
754 61.0
755 61.0
756 61.0
757 61.0
758 61.0
759 61.0
760 61.0
761 61.0
762 61.0
763 61.0
764 61.0
765 61.0
766 61.0
767 61.0
768 61.0
769 61.0
770 61.0
771 61.0
772 61.0
773 61.0
774 61.0
775 61.0
776 61.0
777 61.0
778 61.0
779 61.0
780 61.0
781 61.0
782 61.0
783 61.0
784 61.0
785 61.0
786 61.0
787 61.0
788 61.0
789 61.0
790 61.0
791 61.0
792 61.0
793 61.0
794 61.0
795 61.0
796 61.0
797 61.0
798 61.0
799 61.0
800 61.0
801 61.0
802 61.0
803 61.0
804 61.0
805 61.0
806 61.0
807 61.0
808 61.0
809 61.0
810 61.0
811 61.0
812 61.0
813 61.0
814 61.0
815 61.0
816 61.0
817 61.0
818 61.0
819 61.0
820 61.0
821 61.0
822 61.0
823 61.0
824 61.0
825 61.0
826 61.0
827 61.0
828 61.0
829 61.0
830 61.0
831 61.0
832 61.0
833 61.0
834 61.0
835 61.0
836 61.0
837 61.0
838 61.0
839 61.0
840 61.0
841 61.0
842 61.0
843 61.0
844 61.0
845 61.0
846 61.0
847 61.0
848 61.0
849 61.0
850 61.0
851 61.0
852 61.0
853 61.0
854 61.0
855 61.0
856 61.0
857 61.0
858 61.0
859 61.0
860 61.0
861 61.0
862 61.0
863 61.0
864 61.0
865 61.0
866 61.0
867 61.0
868 61.0
869 61.0
870 61.0
871 61.0
872 61.0
873 61.0
874 61.0
875 61.0
876 61.0
877 61.0
878 61.0
879 61.0
880 61.0
881 61.0
882 61.0
883 61.0
884 61.0
885 61.0
886 61.0
887 61.0
888 61.0
889 61.0
890 61.0
891 61.0
892 61.0
893 61.0
894 61.0
895 61.0
896 61.0
897 61.0
898 61.0
899 61.0
900 61.0
901 61.0
902 61.0
903 61.0
904 61.0
905 61.0
906 61.0
907 61.0
908 61.0
909 61.0
910 61.0
911 61.0
912 61.0
913 61.0
914 61.0
915 61.0
916 61.0
917 61.0
918 61.0
919 61.0
920 61.0
921 61.0
922 61.0
923 61.0
924 61.0
925 61.0
926 61.0
927 61.0
928 61.0
929 61.0
930 65.0
931 65.0
932 65.0
933 65.0
934 65.0
935 65.0
936 65.0
937 65.0
938 65.0
939 65.0
940 65.0
941 65.0
942 65.0
943 65.0
944 65.0
945 65.0
946 65.0
947 65.0
948 65.0
949 65.0
950 65.0
951 65.0
952 65.0
953 65.0
954 65.0
955 65.0
956 65.0
957 65.0
958 65.0
959 65.0
960 65.0
961 65.0
962 65.0
963 65.0
964 65.0
965 65.0
966 65.0
967 65.0
968 65.0
969 65.0
970 65.0
971 65.0
972 65.0
973 65.0
974 65.0
975 65.0
976 65.0
977 65.0
978 65.0
979 65.0
980 65.0
981 65.0
982 65.0
983 65.0
984 65.0
985 65.0
986 65.0
987 65.0
988 65.0
989 65.0
990 65.0
991 65.0
992 65.0
993 65.0
994 65.0
995 65.0
996 65.0
997 65.0
998 65.0
999 65.0
1000 65.0
1001 65.0
1002 65.0
1003 65.0
1004 65.0
1005 65.0
1006 65.0
1007 65.0
1008 65.0
1009 65.0
1010 65.0
1011 65.0
1012 65.0
1013 65.0
1014 65.0
1015 65.0
1016 65.0
1017 65.0
1018 65.0
1019 65.0
1020 65.0
1021 65.0
1022 65.0
1023 65.0
1024 65.0
1025 65.0
1026 65.0
1027 65.0
1028 65.0
1029 65.0
1030 65.0
1031 65.0
1032 65.0
1033 65.0
1034 65.0
1035 65.0
1036 65.0
1037 65.0
1038 65.0
1039 65.0
1040 65.0
1041 65.0
1042 65.0
1043 65.0
1044 65.0
1045 65.0
1046 65.0
1047 65.0
1048 65.0
1049 65.0
1050 65.0
1051 65.0
1052 65.0
1053 65.0
1054 65.0
1055 65.0
1056 65.0
1057 65.0
1058 65.0
1059 65.0
1060 65.0
1061 65.0
1062 65.0
1063 65.0
1064 65.0
1065 65.0
1066 65.0
1067 65.0
1068 65.0
1069 65.0
1070 65.0
1071 65.0
1072 65.0
1073 65.0
1074 65.0
1075 65.0
1076 65.0
1077 65.0
1078 65.0
1079 65.0
1080 65.0
1081 65.0
1082 65.0
1083 65.0
1084 65.0
1085 65.0
1086 65.0
1087 65.0
1088 65.0
1089 65.0
1090 65.0
1091 65.0
1092 65.0
1093 65.0
1094 65.0
1095 65.0
1096 65.0
1097 65.0
1098 65.0
1099 65.0
1100 65.0
1101 65.0
1102 65.0
1103 65.0
1104 65.0
1105 65.0
1106 65.0
1107 65.0
1108 65.0
1109 65.0
1110 65.0
1111 65.0
1112 65.0
1113 65.0
1114 65.0
1115 65.0
1116 65.0
1117 65.0
1118 65.0
1119 65.0
1120 65.0
1121 65.0
1122 65.0
1123 65.0
1124 65.0
1125 65.0
1126 65.0
1127 65.0
1128 65.0
1129 65.0
1130 65.0
1131 65.0
1132 65.0
1133 65.0
1134 65.0
1135 65.0
1136 65.0
1137 65.0
1138 65.0
1139 65.0
1140 65.0
1141 65.0
1142 65.0
1143 65.0
1144 65.0
1145 65.0
1146 65.0
1147 65.0
1148 65.0
1149 65.0
1150 65.0
1151 65.0
1152 65.0
1153 65.0
1154 65.0
1155 65.0
1156 65.0
1157 65.0
1158 65.0
1159 65.0
1160 65.0
1161 65.0
1162 65.0
1163 65.0
1164 65.0
1165 65.0
1166 65.0
1167 65.0
1168 65.0
1169 65.0
1170 65.0
1171 65.0
1172 65.0
1173 65.0
1174 65.0
1175 65.0
1176 65.0
1177 65.0
1178 65.0
1179 65.0
1180 65.0
1181 65.0
1182 65.0
1183 65.0
1184 65.0
1185 65.0
1186 65.0
1187 65.0
1188 65.0
1189 65.0
1190 65.0
1191 65.0
1192 65.0
1193 65.0
1194 65.0
1195 65.0
1196 65.0
1197 65.0
1198 65.0
1199 65.0
1200 65.0
1201 65.0
1202 65.0
1203 65.0
1204 65.0
1205 65.0
1206 65.0
1207 65.0
1208 65.0
1209 65.0
1210 65.0
1211 65.0
1212 65.0
1213 65.0
1214 65.0
1215 65.0
1216 65.0
1217 65.0
1218 65.0
1219 65.0
1220 65.0
1221 65.0
1222 65.0
1223 65.0
1224 65.0
1225 65.0
1226 65.0
1227 65.0
1228 65.0
1229 65.0
1230 65.0
1231 65.0
1232 65.0
1233 65.0
1234 65.0
1235 65.0
1236 65.0
1237 65.0
1238 65.0
1239 65.0
1240 65.0
1241 65.0
1242 65.0
1243 65.0
1244 65.0
1245 65.0
1246 65.0
1247 65.0
1248 65.0
1249 65.0
1250 65.0
1251 65.0
1252 65.0
1253 65.0
1254 65.0
1255 65.0
1256 65.0
1257 65.0
1258 65.0
1259 65.0
1260 65.0
1261 65.0
1262 65.0
1263 65.0
1264 65.0
1265 65.0
1266 65.0
1267 65.0
1268 65.0
1269 65.0
1270 65.0
1271 65.0
1272 65.0
1273 65.0
1274 65.0
1275 65.0
1276 65.0
1277 65.0
1278 65.0
1279 65.0
1280 65.0
1281 65.0
1282 65.0
1283 65.0
1284 65.0
1285 65.0
1286 65.0
1287 65.0
1288 65.0
1289 65.0
1290 65.0
1291 65.0
1292 65.0
1293 65.0
1294 65.0
1295 65.0
1296 65.0
1297 65.0
1298 65.0
1299 65.0
1300 65.0
1301 65.0
1302 65.0
1303 65.0
1304 65.0
1305 65.0
1306 65.0
1307 65.0
1308 65.0
1309 65.0
1310 65.0
1311 65.0
1312 65.0
1313 65.0
1314 65.0
1315 65.0
1316 65.0
1317 65.0
1318 65.0
1319 65.0
1320 65.0
1321 65.0
1322 65.0
1323 65.0
1324 65.0
1325 65.0
1326 65.0
1327 65.0
1328 65.0
1329 65.0
1330 65.0
1331 65.0
1332 65.0
1333 65.0
1334 65.0
1335 65.0
1336 65.0
1337 65.0
1338 65.0
1339 65.0
1340 65.0
1341 65.0
1342 65.0
1343 65.0
1344 65.0
1345 65.0
1346 65.0
1347 65.0
1348 65.0
1349 65.0
1350 65.0
1351 65.0
1352 65.0
1353 65.0
1354 65.0
1355 65.0
1356 65.0
1357 65.0
1358 65.0
1359 65.0
1360 65.0
1361 65.0
1362 65.0
1363 65.0
1364 65.0
1365 65.0
1366 65.0
1367 65.0
1368 65.0
1369 65.0
1370 65.0
1371 65.0
1372 65.0
1373 65.0
1374 65.0
1375 65.0
1376 65.0
1377 65.0
1378 65.0
1379 65.0
1380 65.0
1381 65.0
1382 65.0
1383 65.0
1384 65.0
1385 65.0
1386 65.0
1387 65.0
1388 65.0
1389 65.0
1390 65.0
1391 65.0
1392 65.0
1393 65.0
1394 65.0
1395 65.0
1396 65.0
1397 65.0
1398 65.0
1399 65.0
1400 65.0
1401 65.0
1402 65.0
1403 65.0
1404 65.0
1405 65.0
1406 65.0
1407 65.0
1408 65.0
1409 65.0
1410 65.0
1411 65.0
1412 65.0
1413 65.0
1414 65.0
1415 65.0
1416 65.0
1417 65.0
1418 65.0
1419 65.0
1420 65.0
1421 65.0
1422 65.0
1423 65.0
1424 65.0
1425 65.0
1426 65.0
1427 65.0
1428 65.0
1429 65.0
1430 65.0
1431 65.0
1432 65.0
1433 65.0
1434 65.0
1435 65.0
1436 65.0
1437 65.0
1438 65.0
1439 65.0
1440 65.0
1441 65.0
1442 65.0
1443 65.0
1444 65.0
1445 65.0
1446 65.0
1447 65.0
1448 65.0
1449 65.0
1450 65.0
1451 65.0
1452 65.0
1453 65.0
1454 65.0
1455 65.0
1456 65.0
1457 65.0
1458 65.0
1459 65.0
1460 65.0
1461 65.0
1462 65.0
1463 65.0
1464 65.0
1465 65.0
1466 65.0
1467 65.0
1468 65.0
1469 65.0
1470 65.0
1471 65.0
1472 65.0
1473 65.0
1474 65.0
1475 65.0
1476 65.0
1477 65.0
1478 65.0
1479 65.0
1480 65.0
1481 65.0
1482 65.0
1483 65.0
1484 65.0
1485 65.0
1486 65.0
1487 65.0
1488 65.0
1489 65.0
1490 65.0
1491 65.0
1492 65.0
1493 65.0
1494 65.0
1495 65.0
1496 65.0
1497 65.0
1498 65.0
1499 65.0
1500 65.0
1501 65.0
1502 65.0
1503 65.0
1504 65.0
1505 65.0
1506 65.0
1507 65.0
1508 65.0
1509 65.0
1510 65.0
1511 65.0
1512 65.0
1513 65.0
1514 65.0
1515 65.0
1516 65.0
1517 65.0
1518 65.0
1519 65.0
1520 65.0
1521 65.0
1522 65.0
1523 65.0
1524 65.0
1525 65.0
1526 65.0
1527 65.0
1528 65.0
1529 65.0
1530 65.0
1531 65.0
1532 65.0
1533 65.0
1534 65.0
1535 65.0
1536 65.0
1537 65.0
1538 65.0
1539 65.0
1540 65.0
1541 65.0
1542 65.0
1543 65.0
1544 65.0
1545 65.0
1546 65.0
1547 65.0
1548 65.0
1549 65.0
1550 65.0
1551 65.0
1552 65.0
1553 65.0
1554 65.0
1555 65.0
1556 65.0
1557 65.0
1558 65.0
1559 65.0
1560 65.0
1561 65.0
1562 65.0
1563 65.0
1564 65.0
1565 65.0
1566 65.0
1567 65.0
1568 65.0
1569 65.0
1570 65.0
1571 65.0
1572 65.0
1573 65.0
1574 65.0
1575 65.0
1576 65.0
1577 65.0
1578 65.0
1579 65.0
1580 65.0
1581 65.0
1582 65.0
1583 65.0
1584 65.0
1585 65.0
1586 65.0
1587 65.0
1588 65.0
1589 65.0
1590 65.0
1591 65.0
1592 65.0
1593 65.0
1594 65.0
1595 65.0
1596 65.0
1597 65.0
1598 65.0
1599 65.0
1600 65.0
1601 65.0
1602 65.0
1603 65.0
1604 65.0
1605 65.0
1606 65.0
1607 65.0
1608 65.0
1609 65.0
1610 65.0
1611 65.0
1612 65.0
1613 65.0
1614 65.0
1615 65.0
1616 65.0
1617 65.0
1618 65.0
1619 65.0
1620 65.0
1621 65.0
1622 65.0
1623 65.0
1624 65.0
1625 65.0
1626 65.0
1627 65.0
1628 65.0
1629 65.0
1630 65.0
1631 65.0
1632 65.0
1633 65.0
1634 65.0
1635 65.0
1636 65.0
1637 65.0
1638 65.0
1639 65.0
1640 65.0
1641 65.0
1642 65.0
1643 65.0
1644 65.0
1645 65.0
1646 65.0
1647 65.0
1648 65.0
1649 65.0
1650 65.0
1651 65.0
1652 65.0
1653 65.0
1654 65.0
1655 65.0
1656 65.0
1657 65.0
1658 65.0
1659 65.0
1660 65.0
1661 65.0
1662 65.0
1663 65.0
1664 65.0
1665 65.0
1666 65.0
1667 65.0
1668 65.0
1669 65.0
1670 65.0
1671 65.0
1672 65.0
1673 65.0
1674 65.0
1675 65.0
1676 65.0
1677 65.0
1678 65.0
1679 65.0
1680 65.0
1681 65.0
1682 65.0
1683 65.0
1684 65.0
1685 65.0
1686 65.0
1687 65.0
1688 65.0
1689 65.0
1690 65.0
1691 65.0
1692 65.0
1693 65.0
1694 65.0
1695 65.0
1696 65.0
1697 65.0
1698 65.0
1699 65.0
1700 65.0
1701 65.0
1702 65.0
1703 65.0
1704 65.0
1705 65.0
1706 65.0
1707 65.0
1708 65.0
1709 65.0
1710 65.0
1711 65.0
1712 65.0
1713 65.0
1714 65.0
1715 65.0
1716 65.0
1717 65.0
1718 65.0
1719 65.0
1720 65.0
1721 65.0
1722 65.0
1723 65.0
1724 65.0
1725 65.0
1726 65.0
1727 65.0
1728 65.0
1729 65.0
1730 65.0
1731 65.0
1732 65.0
1733 65.0
1734 65.0
1735 65.0
1736 65.0
1737 65.0
1738 65.0
1739 65.0
1740 65.0
1741 65.0
1742 65.0
1743 65.0
1744 65.0
1745 65.0
1746 65.0
1747 65.0
1748 65.0
1749 65.0
1750 65.0
1751 65.0
1752 65.0
1753 65.0
1754 65.0
1755 65.0
1756 65.0
1757 65.0
1758 65.0
1759 65.0
1760 65.0
1761 65.0
1762 65.0
1763 65.0
1764 65.0
1765 65.0
1766 65.0
1767 65.0
1768 65.0
1769 65.0
1770 65.0
1771 65.0
1772 65.0
1773 65.0
1774 65.0
1775 65.0
1776 65.0
1777 65.0
1778 65.0
1779 65.0
1780 65.0
1781 65.0
1782 65.0
1783 65.0
1784 65.0
1785 65.0
1786 65.0
1787 65.0
1788 65.0
1789 65.0
1790 65.0
1791 65.0
1792 65.0
1793 65.0
1794 65.0
1795 65.0
1796 65.0
1797 65.0
1798 65.0
1799 65.0
1800 65.0
1801 65.0
1802 65.0
1803 65.0
1804 65.0
1805 65.0
1806 65.0
1807 65.0
1808 65.0
1809 65.0
1810 65.0
1811 65.0
1812 65.0
1813 65.0
1814 65.0
1815 65.0
1816 65.0
1817 65.0
1818 65.0
1819 65.0
1820 65.0
1821 65.0
1822 65.0
1823 65.0
1824 65.0
1825 65.0
1826 65.0
1827 65.0
1828 65.0
1829 65.0
1830 65.0
1831 65.0
1832 65.0
1833 65.0
1834 65.0
1835 65.0
1836 65.0
1837 65.0
1838 65.0
1839 65.0
1840 65.0
1841 65.0
1842 65.0
1843 65.0
1844 65.0
1845 65.0
1846 65.0
1847 65.0
1848 65.0
1849 65.0
1850 65.0
1851 65.0
1852 65.0
1853 65.0
1854 65.0
1855 65.0
1856 65.0
1857 65.0
1858 65.0
1859 65.0
1860 65.0
1861 65.0
1862 65.0
1863 65.0
1864 65.0
1865 65.0
1866 65.0
1867 65.0
1868 65.0
1869 65.0
1870 65.0
1871 65.0
1872 65.0
1873 65.0
1874 65.0
1875 65.0
1876 65.0
1877 65.0
1878 65.0
1879 65.0
1880 65.0
1881 65.0
1882 65.0
1883 65.0
1884 65.0
1885 65.0
1886 65.0
1887 65.0
1888 65.0
1889 65.0
1890 65.0
1891 65.0
1892 65.0
1893 65.0
1894 65.0
1895 65.0
1896 65.0
1897 65.0
1898 65.0
1899 65.0
1900 65.0
1901 65.0
1902 65.0
1903 65.0
1904 65.0
1905 65.0
1906 65.0
1907 65.0
1908 65.0
1909 65.0
1910 65.0
1911 65.0
1912 65.0
1913 65.0
1914 65.0
1915 65.0
1916 65.0
1917 65.0
1918 65.0
1919 65.0
1920 65.0
1921 65.0
1922 65.0
1923 65.0
1924 65.0
1925 65.0
1926 65.0
1927 65.0
1928 66.0
1929 66.0
1930 66.0
1931 66.0
1932 66.0
1933 66.0
1934 66.0
1935 66.0
1936 66.0
1937 66.0
1938 66.0
1939 66.0
1940 66.0
1941 66.0
1942 66.0
1943 66.0
1944 66.0
1945 66.0
1946 66.0
1947 66.0
1948 66.0
1949 66.0
1950 66.0
1951 66.0
1952 66.0
1953 66.0
1954 66.0
1955 66.0
1956 66.0
1957 66.0
1958 66.0
1959 66.0
1960 66.0
1961 66.0
1962 66.0
1963 66.0
1964 66.0
1965 66.0
1966 66.0
1967 66.0
1968 66.0
1969 66.0
1970 66.0
1971 66.0
1972 66.0
1973 66.0
1974 66.0
1975 66.0
1976 66.0
1977 66.0
1978 66.0
1979 66.0
1980 66.0
1981 66.0
1982 66.0
1983 66.0
1984 66.0
1985 66.0
1986 66.0
1987 66.0
1988 66.0
1989 66.0
1990 66.0
1991 66.0
1992 66.0
1993 66.0
1994 66.0
1995 66.0
1996 66.0
1997 66.0
1998 66.0
1999 66.0
2000 66.0
2001 66.0
2002 66.0
2003 66.0
2004 66.0
2005 66.0
2006 66.0
2007 66.0
2008 66.0
2009 66.0
2010 66.0
2011 66.0
2012 66.0
2013 66.0
2014 66.0
2015 66.0
2016 66.0
2017 66.0
2018 66.0
2019 66.0
2020 66.0
2021 66.0
2022 66.0
2023 66.0
2024 66.0
2025 66.0
2026 66.0
2027 66.0
2028 66.0
2029 66.0
2030 66.0
2031 66.0
2032 66.0
2033 66.0
2034 66.0
2035 66.0
2036 66.0
2037 66.0
2038 66.0
2039 66.0
2040 66.0
2041 66.0
2042 66.0
2043 66.0
2044 66.0
2045 66.0
2046 66.0
2047 66.0
2048 66.0
2049 66.0
2050 66.0
2051 66.0
2052 66.0
2053 66.0
2054 66.0
2055 66.0
2056 66.0
2057 66.0
2058 66.0
2059 66.0
2060 66.0
2061 66.0
2062 66.0
2063 66.0
2064 66.0
2065 66.0
2066 66.0
2067 66.0
2068 66.0
2069 66.0
2070 66.0
2071 66.0
2072 66.0
2073 66.0
2074 66.0
2075 66.0
2076 66.0
2077 66.0
2078 66.0
2079 66.0
2080 66.0
2081 66.0
2082 66.0
2083 66.0
2084 66.0
2085 66.0
2086 66.0
2087 66.0
2088 66.0
2089 66.0
2090 66.0
2091 66.0
2092 66.0
2093 66.0
2094 66.0
2095 66.0
2096 66.0
2097 66.0
2098 66.0
2099 66.0
2100 66.0
2101 66.0
2102 66.0
2103 66.0
2104 66.0
2105 66.0
2106 66.0
2107 66.0
2108 66.0
2109 66.0
2110 66.0
2111 66.0
2112 66.0
2113 66.0
2114 66.0
2115 66.0
2116 66.0
2117 66.0
2118 66.0
2119 66.0
2120 66.0
2121 66.0
2122 66.0
2123 66.0
2124 66.0
2125 66.0
2126 66.0
2127 66.0
2128 66.0
2129 66.0
2130 66.0
2131 66.0
2132 66.0
2133 66.0
2134 66.0
2135 66.0
2136 66.0
2137 66.0
2138 66.0
2139 66.0
2140 66.0
2141 66.0
2142 66.0
2143 66.0
2144 66.0
2145 66.0
2146 66.0
2147 66.0
2148 66.0
2149 66.0
2150 66.0
2151 66.0
2152 66.0
2153 66.0
2154 66.0
2155 66.0
2156 66.0
2157 66.0
2158 66.0
2159 66.0
2160 66.0
2161 66.0
2162 66.0
2163 66.0
2164 66.0
2165 66.0
2166 66.0
2167 66.0
2168 66.0
2169 66.0
2170 66.0
2171 66.0
2172 66.0
2173 66.0
2174 66.0
2175 66.0
2176 66.0
2177 66.0
2178 66.0
2179 66.0
2180 66.0
2181 66.0
2182 66.0
2183 66.0
2184 66.0
2185 66.0
2186 66.0
2187 66.0
2188 66.0
2189 66.0
2190 66.0
2191 66.0
2192 66.0
2193 66.0
2194 66.0
2195 66.0
2196 66.0
2197 66.0
2198 66.0
2199 66.0
2200 66.0
2201 66.0
2202 66.0
2203 66.0
2204 66.0
2205 66.0
2206 66.0
2207 66.0
2208 66.0
2209 66.0
2210 66.0
2211 66.0
2212 66.0
2213 66.0
2214 66.0
2215 66.0
2216 66.0
2217 66.0
2218 66.0
2219 66.0
2220 66.0
2221 66.0
2222 66.0
2223 66.0
2224 66.0
2225 66.0
2226 66.0
2227 66.0
2228 66.0
2229 66.0
2230 66.0
2231 66.0
2232 66.0
2233 66.0
2234 66.0
2235 66.0
2236 66.0
2237 66.0
2238 66.0
2239 66.0
2240 66.0
2241 66.0
2242 66.0
2243 66.0
2244 66.0
2245 66.0
2246 66.0
2247 66.0
2248 66.0
2249 66.0
2250 66.0
2251 66.0
2252 66.0
2253 66.0
2254 66.0
2255 66.0
2256 66.0
2257 66.0
2258 66.0
2259 66.0
2260 66.0
2261 66.0
2262 66.0
2263 66.0
2264 66.0
2265 66.0
2266 66.0
2267 66.0
2268 66.0
2269 66.0
2270 66.0
2271 66.0
2272 66.0
2273 66.0
2274 66.0
2275 66.0
2276 66.0
2277 66.0
2278 66.0
2279 66.0
2280 66.0
2281 66.0
2282 66.0
2283 66.0
2284 66.0
2285 66.0
2286 66.0
2287 66.0
2288 66.0
2289 66.0
2290 66.0
2291 66.0
2292 66.0
2293 66.0
2294 66.0
2295 66.0
2296 66.0
2297 66.0
2298 66.0
2299 66.0
2300 66.0
2301 66.0
2302 66.0
2303 66.0
2304 66.0
2305 66.0
2306 66.0
2307 66.0
2308 66.0
2309 66.0
2310 66.0
2311 66.0
2312 66.0
2313 66.0
2314 66.0
2315 66.0
2316 66.0
2317 66.0
2318 66.0
2319 66.0
2320 66.0
2321 66.0
2322 66.0
2323 66.0
2324 66.0
2325 66.0
2326 66.0
2327 66.0
2328 66.0
2329 66.0
2330 66.0
2331 66.0
2332 66.0
2333 66.0
2334 66.0
2335 66.0
2336 66.0
2337 66.0
2338 66.0
2339 66.0
2340 66.0
2341 66.0
2342 66.0
2343 66.0
2344 66.0
2345 66.0
2346 66.0
2347 66.0
2348 66.0
2349 66.0
2350 66.0
2351 66.0
2352 66.0
2353 66.0
2354 66.0
2355 66.0
2356 66.0
2357 66.0
2358 66.0
2359 66.0
2360 66.0
2361 66.0
2362 66.0
2363 66.0
2364 66.0
2365 66.0
2366 66.0
2367 66.0
2368 66.0
2369 66.0
2370 66.0
2371 66.0
2372 66.0
2373 66.0
2374 66.0
2375 66.0
2376 66.0
2377 66.0
2378 66.0
2379 66.0
2380 66.0
2381 66.0
2382 66.0
2383 66.0
2384 66.0
2385 66.0
2386 66.0
2387 66.0
2388 66.0
2389 66.0
2390 66.0
2391 66.0
2392 66.0
2393 66.0
2394 66.0
2395 66.0
2396 66.0
2397 66.0
2398 66.0
2399 66.0
2400 66.0
2401 66.0
2402 66.0
2403 66.0
2404 66.0
2405 66.0
2406 66.0
2407 66.0
2408 66.0
2409 66.0
2410 66.0
2411 66.0
2412 66.0
2413 66.0
2414 66.0
2415 66.0
2416 66.0
2417 66.0
2418 66.0
2419 66.0
2420 66.0
2421 66.0
2422 66.0
2423 66.0
2424 66.0
2425 66.0
2426 66.0
2427 66.0
2428 66.0
2429 66.0
2430 66.0
2431 66.0
2432 66.0
2433 66.0
2434 66.0
2435 66.0
2436 66.0
2437 66.0
2438 66.0
2439 66.0
2440 66.0
2441 66.0
2442 66.0
2443 66.0
2444 66.0
2445 66.0
2446 66.0
2447 66.0
2448 66.0
2449 66.0
2450 66.0
2451 66.0
2452 66.0
2453 66.0
2454 66.0
2455 66.0
2456 66.0
2457 66.0
2458 66.0
2459 66.0
2460 66.0
2461 66.0
2462 66.0
2463 66.0
2464 66.0
2465 66.0
2466 66.0
2467 66.0
2468 66.0
2469 66.0
2470 66.0
2471 66.0
2472 66.0
2473 66.0
2474 66.0
2475 66.0
2476 66.0
2477 66.0
2478 66.0
2479 66.0
2480 66.0
2481 66.0
2482 66.0
2483 66.0
2484 66.0
2485 66.0
2486 66.0
2487 66.0
2488 66.0
2489 66.0
2490 66.0
2491 66.0
2492 66.0
2493 66.0
2494 66.0
2495 66.0
2496 66.0
2497 66.0
2498 66.0
2499 66.0
2500 66.0
2501 66.0
2502 66.0
2503 66.0
2504 66.0
2505 66.0
2506 66.0
2507 66.0
2508 66.0
2509 66.0
2510 66.0
2511 66.0
2512 66.0
2513 66.0
2514 66.0
2515 66.0
2516 66.0
2517 66.0
2518 66.0
2519 66.0
2520 66.0
2521 66.0
2522 66.0
2523 66.0
2524 66.0
2525 66.0
2526 66.0
2527 66.0
2528 66.0
2529 66.0
2530 66.0
2531 66.0
2532 66.0
2533 66.0
2534 66.0
2535 66.0
2536 66.0
2537 66.0
2538 66.0
2539 66.0
2540 66.0
2541 66.0
2542 66.0
2543 66.0
2544 66.0
2545 66.0
2546 66.0
2547 66.0
2548 66.0
2549 66.0
2550 66.0
2551 66.0
2552 66.0
2553 66.0
2554 66.0
2555 66.0
2556 66.0
2557 66.0
2558 66.0
2559 66.0
2560 66.0
2561 66.0
2562 66.0
2563 66.0
2564 66.0
2565 66.0
2566 66.0
2567 66.0
2568 66.0
2569 66.0
2570 66.0
2571 66.0
2572 66.0
2573 66.0
2574 66.0
2575 66.0
2576 66.0
2577 66.0
2578 66.0
2579 66.0
2580 66.0
2581 66.0
2582 66.0
2583 66.0
2584 66.0
2585 66.0
2586 66.0
2587 66.0
2588 66.0
2589 66.0
2590 66.0
2591 66.0
2592 66.0
2593 66.0
2594 66.0
2595 66.0
2596 66.0
2597 66.0
2598 66.0
2599 66.0
2600 66.0
2601 66.0
2602 66.0
2603 66.0
2604 66.0
2605 66.0
2606 66.0
2607 66.0
2608 66.0
2609 66.0
2610 66.0
2611 66.0
2612 66.0
2613 66.0
2614 66.0
2615 66.0
2616 66.0
2617 66.0
2618 66.0
2619 66.0
2620 66.0
2621 66.0
2622 66.0
2623 66.0
2624 66.0
2625 66.0
2626 66.0
2627 66.0
2628 66.0
2629 66.0
2630 66.0
2631 66.0
2632 66.0
2633 66.0
2634 66.0
2635 66.0
2636 66.0
2637 66.0
2638 66.0
2639 66.0
2640 66.0
2641 66.0
2642 66.0
2643 66.0
2644 66.0
2645 66.0
2646 66.0
2647 66.0
2648 66.0
2649 66.0
2650 66.0
2651 66.0
2652 66.0
2653 66.0
2654 66.0
2655 66.0
2656 66.0
2657 66.0
2658 66.0
2659 66.0
2660 66.0
2661 66.0
2662 66.0
2663 66.0
2664 66.0
2665 66.0
2666 66.0
2667 66.0
2668 66.0
2669 66.0
2670 66.0
2671 66.0
2672 66.0
2673 66.0
2674 66.0
2675 66.0
2676 66.0
2677 66.0
2678 66.0
2679 66.0
2680 66.0
2681 66.0
2682 66.0
2683 66.0
2684 66.0
2685 66.0
2686 66.0
2687 66.0
2688 66.0
2689 66.0
2690 66.0
2691 66.0
2692 66.0
2693 66.0
2694 66.0
2695 66.0
2696 66.0
2697 66.0
2698 66.0
2699 66.0
2700 66.0
2701 66.0
2702 66.0
2703 66.0
2704 66.0
2705 66.0
2706 66.0
2707 66.0
2708 66.0
2709 66.0
2710 66.0
2711 66.0
2712 66.0
2713 66.0
2714 66.0
2715 66.0
2716 66.0
2717 66.0
2718 66.0
2719 66.0
2720 66.0
2721 66.0
2722 66.0
2723 66.0
2724 66.0
2725 66.0
2726 66.0
2727 66.0
2728 66.0
2729 66.0
2730 66.0
2731 66.0
2732 66.0
2733 66.0
2734 66.0
2735 66.0
2736 66.0
2737 66.0
2738 66.0
2739 66.0
2740 66.0
2741 66.0
2742 66.0
2743 66.0
2744 66.0
2745 66.0
2746 66.0
2747 66.0
2748 66.0
2749 66.0
2750 66.0
2751 66.0
2752 66.0
2753 66.0
2754 66.0
2755 66.0
2756 66.0
2757 66.0
2758 66.0
2759 66.0
2760 66.0
2761 66.0
2762 66.0
2763 66.0
2764 66.0
2765 66.0
2766 66.0
2767 66.0
2768 66.0
2769 66.0
2770 66.0
2771 66.0
2772 66.0
2773 66.0
2774 66.0
2775 66.0
2776 66.0
2777 66.0
2778 66.0
2779 66.0
2780 66.0
2781 66.0
2782 66.0
2783 66.0
2784 66.0
2785 66.0
2786 66.0
2787 66.0
2788 66.0
2789 66.0
2790 66.0
2791 66.0
2792 66.0
2793 66.0
2794 66.0
2795 66.0
2796 66.0
2797 66.0
2798 66.0
2799 66.0
2800 66.0
2801 66.0
2802 66.0
2803 66.0
2804 66.0
2805 66.0
2806 66.0
2807 66.0
2808 66.0
2809 66.0
2810 66.0
2811 66.0
2812 66.0
2813 66.0
2814 66.0
2815 66.0
2816 66.0
2817 66.0
2818 66.0
2819 66.0
2820 66.0
2821 66.0
2822 66.0
2823 66.0
2824 66.0
2825 66.0
2826 66.0
2827 66.0
2828 66.0
2829 66.0
2830 66.0
2831 66.0
2832 66.0
2833 66.0
2834 66.0
2835 66.0
2836 66.0
2837 66.0
2838 66.0
2839 66.0
2840 66.0
2841 66.0
2842 66.0
2843 66.0
2844 66.0
2845 66.0
2846 66.0
2847 66.0
2848 66.0
2849 66.0
2850 66.0
2851 66.0
2852 66.0
2853 66.0
2854 66.0
2855 66.0
2856 66.0
2857 66.0
2858 66.0
2859 66.0
2860 66.0
2861 66.0
2862 66.0
2863 66.0
2864 66.0
2865 66.0
2866 66.0
2867 66.0
2868 66.0
2869 66.0
2870 66.0
2871 66.0
2872 66.0
2873 66.0
2874 66.0
2875 66.0
2876 66.0
2877 66.0
2878 66.0
2879 66.0
2880 66.0
2881 66.0
2882 66.0
2883 66.0
2884 66.0
2885 66.0
2886 66.0
2887 66.0
2888 66.0
2889 66.0
2890 66.0
2891 66.0
2892 66.0
2893 66.0
2894 66.0
2895 66.0
2896 66.0
2897 66.0
2898 66.0
2899 66.0
2900 66.0
2901 66.0
2902 66.0
2903 66.0
2904 66.0
2905 66.0
2906 66.0
2907 66.0
2908 66.0
2909 66.0
2910 66.0
2911 66.0
2912 66.0
2913 66.0
2914 66.0
2915 66.0
2916 66.0
2917 66.0
2918 66.0
2919 66.0
2920 66.0
2921 66.0
2922 66.0
2923 66.0
2924 66.0
2925 66.0
2926 66.0
2927 66.0
2928 66.0
2929 66.0
2930 66.0
2931 66.0
2932 66.0
2933 66.0
2934 66.0
2935 66.0
2936 66.0
2937 66.0
2938 66.0
2939 66.0
2940 66.0
2941 66.0
2942 66.0
2943 66.0
2944 66.0
2945 66.0
2946 66.0
2947 66.0
2948 66.0
2949 66.0
2950 66.0
2951 66.0
2952 66.0
2953 66.0
2954 66.0
2955 66.0
2956 66.0
2957 66.0
2958 66.0
2959 66.0
2960 66.0
2961 66.0
2962 66.0
2963 66.0
2964 66.0
2965 66.0
2966 66.0
2967 66.0
2968 66.0
2969 66.0
2970 66.0
2971 66.0
2972 66.0
2973 66.0
2974 66.0
2975 66.0
2976 66.0
2977 66.0
2978 66.0
2979 66.0
2980 66.0
2981 66.0
2982 66.0
2983 66.0
2984 66.0
2985 66.0
2986 66.0
2987 66.0
2988 66.0
2989 66.0
2990 66.0
2991 66.0
2992 66.0
2993 66.0
2994 66.0
2995 66.0
2996 66.0
2997 66.0
2998 66.0
2999 66.0
3000 66.0
3001 66.0
3002 66.0
3003 66.0
3004 66.0
3005 66.0
3006 66.0
3007 66.0
3008 66.0
3009 66.0
3010 66.0
3011 66.0
3012 66.0
3013 66.0
3014 66.0
3015 66.0
3016 66.0
3017 66.0
3018 66.0
3019 66.0
3020 66.0
3021 66.0
3022 66.0
3023 66.0
3024 66.0
3025 66.0
3026 66.0
3027 66.0
3028 66.0
3029 66.0
3030 66.0
3031 66.0
3032 66.0
3033 66.0
3034 66.0
3035 66.0
3036 66.0
3037 66.0
3038 66.0
3039 66.0
3040 66.0
3041 66.0
3042 66.0
3043 66.0
3044 66.0
3045 66.0
3046 66.0
3047 66.0
3048 66.0
3049 66.0
3050 66.0
3051 66.0
3052 66.0
3053 66.0
3054 66.0
3055 66.0
3056 66.0
3057 66.0
3058 66.0
3059 66.0
3060 66.0
3061 66.0
3062 66.0
3063 66.0
3064 66.0
3065 66.0
3066 66.0
3067 66.0
3068 66.0
3069 66.0
3070 66.0
3071 66.0
3072 66.0
3073 66.0
3074 66.0
3075 66.0
3076 66.0
3077 66.0
3078 66.0
3079 66.0
3080 66.0
3081 66.0
3082 66.0
3083 66.0
3084 66.0
3085 66.0
3086 66.0
3087 66.0
3088 66.0
3089 66.0
3090 66.0
3091 66.0
3092 66.0
3093 66.0
3094 66.0
3095 66.0
3096 66.0
3097 66.0
3098 66.0
3099 66.0
3100 66.0
3101 66.0
3102 66.0
3103 66.0
3104 66.0
3105 66.0
3106 66.0
3107 66.0
3108 66.0
3109 66.0
3110 66.0
3111 66.0
3112 66.0
3113 66.0
3114 66.0
3115 66.0
3116 66.0
3117 66.0
3118 66.0
3119 66.0
3120 66.0
3121 66.0
3122 66.0
3123 66.0
3124 66.0
3125 66.0
3126 66.0
3127 66.0
3128 66.0
3129 66.0
3130 66.0
3131 66.0
3132 66.0
3133 66.0
3134 66.0
3135 66.0
3136 66.0
3137 66.0
3138 66.0
3139 66.0
3140 66.0
3141 66.0
3142 66.0
3143 66.0
3144 66.0
3145 66.0
3146 66.0
3147 66.0
3148 66.0
3149 66.0
3150 66.0
3151 66.0
3152 66.0
3153 66.0
3154 66.0
3155 66.0
3156 66.0
3157 66.0
3158 66.0
3159 66.0
3160 66.0
3161 66.0
3162 66.0
3163 66.0
3164 66.0
3165 66.0
3166 66.0
3167 66.0
3168 66.0
3169 66.0
3170 66.0
3171 66.0
3172 66.0
3173 66.0
3174 66.0
3175 66.0
3176 66.0
3177 66.0
3178 66.0
3179 66.0
3180 66.0
3181 66.0
3182 66.0
3183 66.0
3184 66.0
3185 66.0
3186 66.0
3187 66.0
3188 66.0
3189 66.0
3190 66.0
3191 66.0
3192 66.0
3193 66.0
3194 66.0
3195 66.0
3196 66.0
3197 66.0
3198 66.0
3199 66.0
3200 66.0
3201 66.0
3202 66.0
3203 66.0
3204 66.0
3205 66.0
3206 66.0
3207 66.0
3208 66.0
3209 66.0
3210 66.0
3211 66.0
3212 66.0
3213 66.0
3214 66.0
3215 66.0
3216 66.0
3217 66.0
3218 66.0
3219 66.0
3220 66.0
3221 66.0
3222 66.0
3223 66.0
3224 66.0
3225 66.0
3226 66.0
3227 66.0
3228 66.0
3229 66.0
3230 66.0
3231 66.0
3232 66.0
3233 66.0
3234 66.0
3235 66.0
3236 66.0
3237 66.0
3238 66.0
3239 66.0
3240 66.0
3241 66.0
3242 66.0
3243 66.0
3244 66.0
3245 66.0
3246 66.0
3247 66.0
3248 66.0
3249 66.0
3250 66.0
3251 66.0
3252 66.0
3253 66.0
3254 66.0
3255 66.0
3256 66.0
3257 66.0
3258 66.0
3259 66.0
3260 66.0
3261 66.0
3262 66.0
3263 66.0
3264 66.0
3265 66.0
3266 66.0
3267 66.0
3268 66.0
3269 66.0
3270 66.0
3271 66.0
3272 66.0
3273 66.0
3274 66.0
3275 66.0
3276 66.0
3277 66.0
3278 66.0
3279 66.0
3280 66.0
3281 66.0
3282 66.0
3283 66.0
3284 66.0
3285 66.0
3286 66.0
3287 66.0
3288 66.0
3289 66.0
3290 66.0
3291 66.0
3292 66.0
3293 66.0
3294 66.0
3295 66.0
3296 66.0
3297 66.0
3298 66.0
3299 66.0
3300 66.0
3301 66.0
3302 66.0
3303 66.0
3304 66.0
3305 66.0
3306 66.0
3307 66.0
3308 66.0
3309 66.0
3310 66.0
3311 66.0
3312 66.0
3313 66.0
3314 66.0
3315 66.0
3316 66.0
3317 66.0
3318 66.0
3319 66.0
3320 66.0
3321 66.0
3322 66.0
3323 66.0
3324 66.0
3325 66.0
3326 66.0
3327 66.0
3328 66.0
3329 66.0
3330 66.0
3331 66.0
3332 66.0
3333 66.0
3334 66.0
3335 66.0
3336 66.0
3337 66.0
3338 66.0
3339 66.0
3340 66.0
3341 66.0
3342 66.0
3343 66.0
3344 66.0
3345 66.0
3346 66.0
3347 66.0
3348 66.0
3349 66.0
3350 66.0
3351 66.0
3352 66.0
3353 66.0
3354 66.0
3355 66.0
3356 66.0
3357 66.0
3358 66.0
3359 66.0
3360 66.0
3361 66.0
3362 66.0
3363 66.0
3364 66.0
3365 66.0
3366 66.0
3367 66.0
3368 66.0
3369 66.0
3370 66.0
3371 66.0
3372 66.0
3373 66.0
3374 66.0
3375 66.0
3376 66.0
3377 66.0
3378 66.0
3379 66.0
3380 66.0
3381 66.0
3382 66.0
3383 66.0
3384 66.0
3385 66.0
3386 66.0
3387 66.0
3388 66.0
3389 66.0
3390 66.0
3391 66.0
3392 66.0
3393 66.0
3394 66.0
3395 66.0
3396 66.0
3397 66.0
3398 66.0
3399 66.0
3400 66.0
3401 66.0
3402 66.0
3403 66.0
3404 66.0
3405 66.0
3406 66.0
3407 66.0
3408 66.0
3409 66.0
3410 66.0
3411 66.0
3412 66.0
3413 66.0
3414 66.0
3415 66.0
3416 66.0
3417 66.0
3418 66.0
3419 66.0
3420 66.0
3421 66.0
3422 66.0
3423 66.0
3424 66.0
3425 66.0
3426 66.0
3427 66.0
3428 66.0
3429 66.0
3430 66.0
3431 66.0
3432 66.0
3433 66.0
3434 66.0
3435 66.0
3436 66.0
3437 66.0
3438 66.0
3439 66.0
3440 66.0
3441 66.0
3442 66.0
3443 66.0
3444 66.0
3445 66.0
3446 66.0
3447 66.0
3448 66.0
3449 66.0
3450 66.0
3451 66.0
3452 66.0
3453 66.0
3454 66.0
3455 66.0
3456 66.0
3457 66.0
3458 66.0
3459 66.0
3460 66.0
3461 66.0
3462 66.0
3463 66.0
3464 66.0
3465 66.0
3466 66.0
3467 66.0
3468 66.0
3469 66.0
3470 66.0
3471 66.0
3472 66.0
3473 66.0
3474 66.0
3475 66.0
3476 66.0
3477 66.0
3478 66.0
3479 66.0
3480 66.0
3481 66.0
3482 66.0
3483 66.0
3484 66.0
3485 66.0
3486 66.0
3487 66.0
3488 66.0
3489 66.0
3490 66.0
3491 66.0
3492 66.0
3493 66.0
3494 66.0
3495 66.0
3496 66.0
3497 66.0
3498 66.0
3499 66.0
3500 66.0
3501 66.0
3502 66.0
3503 66.0
3504 66.0
3505 66.0
3506 66.0
3507 66.0
3508 66.0
3509 66.0
3510 66.0
3511 66.0
3512 66.0
3513 66.0
3514 66.0
3515 66.0
3516 66.0
3517 66.0
3518 66.0
3519 66.0
3520 66.0
3521 66.0
3522 66.0
3523 66.0
3524 66.0
3525 66.0
3526 66.0
3527 66.0
3528 66.0
3529 66.0
3530 66.0
3531 66.0
3532 66.0
3533 66.0
3534 66.0
3535 66.0
3536 66.0
3537 66.0
3538 66.0
3539 66.0
3540 66.0
3541 66.0
3542 66.0
3543 66.0
3544 66.0
3545 66.0
3546 66.0
3547 66.0
3548 66.0
3549 66.0
3550 66.0
3551 66.0
3552 66.0
3553 66.0
3554 66.0
3555 66.0
3556 66.0
3557 66.0
3558 66.0
3559 66.0
3560 66.0
3561 66.0
3562 66.0
3563 66.0
3564 66.0
3565 66.0
3566 66.0
3567 66.0
3568 66.0
3569 66.0
3570 66.0
3571 66.0
3572 66.0
3573 66.0
3574 66.0
3575 66.0
3576 66.0
3577 66.0
3578 66.0
3579 66.0
3580 66.0
3581 66.0
3582 66.0
3583 66.0
3584 66.0
3585 66.0
3586 66.0
3587 66.0
3588 66.0
3589 66.0
3590 66.0
3591 66.0
3592 66.0
3593 66.0
3594 66.0
3595 66.0
3596 66.0
3597 66.0
3598 66.0
3599 66.0
3600 66.0
3601 66.0
3602 66.0
3603 66.0
3604 66.0
3605 66.0
3606 66.0
3607 66.0
3608 66.0
3609 66.0
3610 66.0
3611 66.0
3612 66.0
3613 66.0
3614 66.0
3615 66.0
3616 66.0
3617 66.0
3618 66.0
3619 66.0
3620 66.0
3621 66.0
3622 66.0
3623 66.0
3624 66.0
3625 66.0
3626 66.0
3627 66.0
3628 66.0
3629 66.0
3630 66.0
3631 66.0
3632 66.0
3633 66.0
3634 66.0
3635 66.0
3636 66.0
3637 66.0
3638 66.0
3639 66.0
3640 66.0
3641 66.0
3642 66.0
3643 66.0
3644 66.0
3645 66.0
3646 66.0
3647 66.0
3648 66.0
3649 66.0
3650 66.0
3651 66.0
3652 66.0
3653 66.0
3654 66.0
3655 66.0
3656 66.0
3657 66.0
3658 66.0
3659 66.0
3660 66.0
3661 66.0
3662 66.0
3663 66.0
3664 66.0
3665 66.0
3666 66.0
3667 66.0
3668 66.0
3669 66.0
3670 66.0
3671 66.0
3672 66.0
3673 66.0
3674 66.0
3675 66.0
3676 66.0
3677 66.0
3678 66.0
3679 66.0
3680 66.0
3681 66.0
3682 66.0
3683 66.0
3684 66.0
3685 66.0
3686 66.0
3687 66.0
3688 66.0
3689 66.0
3690 66.0
3691 66.0
3692 66.0
3693 66.0
3694 66.0
3695 66.0
3696 66.0
3697 66.0
3698 66.0
3699 66.0
3700 66.0
3701 66.0
3702 66.0
3703 66.0
3704 66.0
3705 66.0
3706 66.0
3707 66.0
3708 66.0
3709 66.0
3710 66.0
3711 66.0
3712 66.0
3713 66.0
3714 66.0
3715 66.0
3716 66.0
3717 66.0
3718 66.0
3719 66.0
3720 66.0
3721 66.0
3722 66.0
3723 66.0
3724 66.0
3725 66.0
3726 66.0
3727 66.0
3728 66.0
3729 66.0
3730 66.0
3731 66.0
3732 66.0
3733 66.0
3734 66.0
3735 66.0
3736 66.0
3737 66.0
3738 66.0
3739 66.0
3740 66.0
3741 66.0
3742 66.0
3743 66.0
3744 66.0
3745 66.0
3746 66.0
3747 66.0
3748 66.0
3749 66.0
3750 66.0
3751 66.0
3752 66.0
3753 66.0
3754 66.0
3755 66.0
3756 66.0
3757 66.0
3758 66.0
3759 66.0
3760 66.0
3761 66.0
3762 66.0
3763 66.0
3764 66.0
3765 66.0
3766 66.0
3767 66.0
3768 66.0
3769 66.0
3770 66.0
3771 66.0
3772 66.0
3773 66.0
3774 66.0
3775 66.0
3776 66.0
3777 66.0
3778 66.0
3779 66.0
3780 66.0
3781 66.0
3782 66.0
3783 66.0
3784 66.0
3785 66.0
3786 66.0
3787 66.0
3788 66.0
3789 66.0
3790 66.0
3791 66.0
3792 66.0
3793 66.0
3794 66.0
3795 66.0
3796 66.0
3797 66.0
3798 66.0
3799 66.0
3800 66.0
3801 66.0
3802 66.0
3803 66.0
3804 66.0
3805 66.0
3806 66.0
3807 66.0
3808 66.0
3809 66.0
3810 66.0
3811 66.0
3812 66.0
3813 66.0
3814 66.0
3815 66.0
3816 66.0
3817 66.0
3818 66.0
3819 66.0
3820 66.0
3821 66.0
3822 66.0
3823 66.0
3824 66.0
3825 66.0
3826 66.0
3827 66.0
3828 66.0
3829 66.0
3830 66.0
3831 66.0
3832 66.0
3833 66.0
3834 66.0
3835 66.0
3836 66.0
3837 66.0
3838 66.0
3839 66.0
3840 66.0
3841 66.0
3842 66.0
3843 66.0
3844 66.0
3845 66.0
3846 66.0
3847 66.0
3848 66.0
3849 66.0
3850 66.0
3851 66.0
3852 66.0
3853 66.0
3854 66.0
3855 66.0
3856 66.0
3857 66.0
3858 66.0
3859 66.0
3860 66.0
3861 66.0
3862 66.0
3863 66.0
3864 66.0
3865 66.0
3866 66.0
3867 66.0
3868 66.0
3869 66.0
3870 66.0
3871 66.0
3872 66.0
3873 66.0
3874 66.0
3875 66.0
3876 66.0
3877 66.0
3878 66.0
3879 66.0
3880 66.0
3881 66.0
3882 66.0
3883 66.0
3884 66.0
3885 66.0
3886 66.0
3887 66.0
3888 66.0
3889 66.0
3890 66.0
3891 66.0
3892 66.0
3893 66.0
3894 66.0
3895 66.0
3896 66.0
3897 66.0
3898 66.0
3899 66.0
3900 66.0
3901 66.0
3902 66.0
3903 66.0
3904 66.0
3905 66.0
3906 66.0
3907 66.0
3908 66.0
3909 66.0
3910 66.0
3911 66.0
3912 66.0
3913 66.0
3914 66.0
3915 66.0
3916 66.0
3917 66.0
3918 66.0
3919 66.0
3920 66.0
3921 66.0
3922 66.0
3923 66.0
3924 66.0
3925 66.0
3926 66.0
3927 66.0
3928 66.0
3929 66.0
3930 66.0
3931 66.0
3932 66.0
3933 66.0
3934 66.0
3935 66.0
3936 66.0
3937 66.0
3938 66.0
3939 66.0
3940 66.0
3941 66.0
3942 66.0
3943 66.0
3944 66.0
3945 66.0
3946 66.0
3947 66.0
3948 66.0
3949 66.0
3950 66.0
3951 66.0
3952 66.0
3953 66.0
3954 66.0
3955 66.0
3956 66.0
3957 66.0
3958 66.0
3959 66.0
3960 66.0
3961 66.0
3962 66.0
3963 66.0
3964 66.0
3965 66.0
3966 66.0
3967 66.0
3968 66.0
3969 66.0
3970 66.0
3971 66.0
3972 66.0
3973 66.0
3974 66.0
3975 66.0
3976 66.0
3977 66.0
3978 66.0
3979 66.0
3980 66.0
3981 66.0
3982 66.0
3983 66.0
3984 66.0
3985 66.0
3986 66.0
3987 66.0
3988 66.0
3989 66.0
3990 66.0
3991 66.0
3992 66.0
3993 66.0
3994 66.0
3995 66.0
3996 66.0
3997 66.0
3998 66.0
3999 66.0
4000 66.0
4001 66.0
4002 66.0
4003 66.0
4004 66.0
4005 66.0
4006 66.0
4007 66.0
4008 66.0
4009 66.0
4010 66.0
4011 66.0
4012 66.0
4013 66.0
4014 66.0
4015 66.0
4016 66.0
4017 66.0
4018 66.0
4019 66.0
4020 66.0
4021 66.0
4022 66.0
4023 66.0
4024 66.0
4025 66.0
4026 66.0
4027 66.0
4028 66.0
4029 66.0
4030 66.0
4031 66.0
4032 66.0
4033 66.0
4034 66.0
4035 66.0
4036 66.0
4037 66.0
4038 66.0
4039 66.0
4040 66.0
4041 66.0
4042 66.0
4043 66.0
4044 66.0
4045 66.0
4046 66.0
4047 66.0
4048 66.0
4049 66.0
4050 66.0
4051 66.0
4052 66.0
4053 66.0
4054 66.0
4055 66.0
4056 66.0
4057 66.0
4058 66.0
4059 66.0
4060 66.0
4061 66.0
4062 66.0
4063 66.0
4064 66.0
4065 66.0
4066 66.0
4067 66.0
4068 66.0
4069 66.0
4070 66.0
4071 66.0
4072 66.0
4073 66.0
4074 66.0
4075 66.0
4076 66.0
4077 66.0
4078 66.0
4079 66.0
4080 66.0
4081 66.0
4082 66.0
4083 66.0
4084 66.0
4085 66.0
4086 66.0
4087 66.0
4088 66.0
4089 66.0
4090 66.0
4091 66.0
4092 66.0
4093 66.0
4094 66.0
4095 66.0
4096 66.0
4097 66.0
4098 66.0
4099 66.0
4100 66.0
4101 66.0
4102 66.0
4103 66.0
4104 66.0
4105 66.0
4106 66.0
4107 66.0
4108 66.0
4109 66.0
4110 66.0
4111 66.0
4112 66.0
4113 66.0
4114 66.0
4115 66.0
4116 66.0
4117 66.0
4118 66.0
4119 66.0
4120 66.0
4121 66.0
4122 66.0
4123 66.0
4124 66.0
4125 66.0
4126 66.0
4127 66.0
4128 66.0
4129 66.0
4130 66.0
4131 66.0
4132 66.0
4133 66.0
4134 66.0
4135 66.0
4136 66.0
4137 66.0
4138 66.0
4139 66.0
4140 66.0
4141 66.0
4142 66.0
4143 66.0
4144 66.0
4145 66.0
4146 66.0
4147 66.0
4148 66.0
4149 66.0
4150 66.0
4151 66.0
4152 66.0
4153 66.0
4154 66.0
4155 66.0
4156 66.0
4157 66.0
4158 66.0
4159 66.0
4160 66.0
4161 66.0
4162 66.0
4163 66.0
4164 66.0
4165 66.0
4166 66.0
4167 66.0
4168 66.0
4169 66.0
4170 66.0
4171 66.0
4172 66.0
4173 66.0
4174 66.0
4175 66.0
4176 66.0
4177 66.0
4178 66.0
4179 66.0
4180 66.0
4181 66.0
4182 66.0
4183 66.0
4184 66.0
4185 66.0
4186 66.0
4187 66.0
4188 66.0
4189 66.0
4190 66.0
4191 66.0
4192 66.0
4193 66.0
4194 66.0
4195 66.0
4196 66.0
4197 66.0
4198 66.0
4199 66.0
4200 66.0
4201 66.0
4202 66.0
4203 66.0
4204 66.0
4205 66.0
4206 66.0
4207 66.0
4208 66.0
4209 66.0
4210 66.0
4211 66.0
4212 66.0
4213 66.0
4214 66.0
4215 66.0
4216 66.0
4217 66.0
4218 66.0
4219 66.0
4220 66.0
4221 66.0
4222 66.0
4223 66.0
4224 66.0
4225 66.0
4226 66.0
4227 66.0
4228 66.0
4229 66.0
4230 66.0
4231 66.0
4232 66.0
4233 66.0
4234 66.0
4235 66.0
4236 66.0
4237 66.0
4238 66.0
4239 66.0
4240 66.0
4241 66.0
4242 66.0
4243 66.0
4244 66.0
4245 66.0
4246 66.0
4247 66.0
4248 66.0
4249 66.0
4250 66.0
4251 66.0
4252 66.0
4253 66.0
4254 66.0
4255 66.0
4256 66.0
4257 66.0
4258 66.0
4259 66.0
4260 66.0
4261 66.0
4262 66.0
4263 66.0
4264 66.0
4265 66.0
4266 66.0
4267 66.0
4268 66.0
4269 66.0
4270 66.0
4271 66.0
4272 66.0
4273 66.0
4274 66.0
4275 66.0
4276 66.0
4277 66.0
4278 66.0
4279 66.0
4280 66.0
4281 66.0
4282 66.0
4283 66.0
4284 66.0
4285 66.0
4286 66.0
4287 66.0
4288 66.0
4289 66.0
4290 66.0
4291 66.0
4292 66.0
4293 66.0
4294 66.0
4295 66.0
4296 66.0
4297 66.0
4298 66.0
4299 66.0
4300 66.0
4301 66.0
4302 66.0
4303 66.0
4304 66.0
4305 66.0
4306 66.0
4307 66.0
4308 66.0
4309 66.0
4310 66.0
4311 66.0
4312 66.0
4313 66.0
4314 66.0
4315 66.0
4316 66.0
4317 66.0
4318 66.0
4319 66.0
4320 66.0
4321 66.0
4322 66.0
4323 73.0
4324 73.0
4325 73.0
4326 73.0
4327 73.0
4328 73.0
4329 73.0
4330 73.0
4331 73.0
4332 73.0
4333 73.0
4334 73.0
4335 73.0
4336 73.0
4337 73.0
4338 73.0
4339 73.0
4340 73.0
4341 73.0
4342 73.0
4343 73.0
4344 73.0
4345 73.0
4346 73.0
4347 73.0
4348 73.0
4349 73.0
4350 73.0
4351 73.0
4352 73.0
4353 73.0
4354 73.0
4355 73.0
4356 73.0
4357 73.0
4358 73.0
4359 73.0
4360 73.0
4361 73.0
4362 73.0
4363 73.0
4364 73.0
4365 73.0
4366 73.0
4367 73.0
4368 73.0
4369 73.0
4370 73.0
4371 73.0
4372 73.0
4373 73.0
4374 73.0
4375 73.0
4376 73.0
4377 73.0
4378 73.0
4379 73.0
4380 73.0
4381 73.0
4382 73.0
4383 73.0
4384 73.0
4385 73.0
4386 73.0
4387 73.0
4388 73.0
4389 73.0
4390 73.0
4391 73.0
4392 73.0
4393 73.0
4394 73.0
4395 73.0
4396 73.0
4397 73.0
4398 73.0
4399 73.0
4400 73.0
4401 73.0
4402 73.0
4403 73.0
4404 73.0
4405 73.0
4406 73.0
4407 73.0
4408 73.0
4409 73.0
4410 73.0
4411 73.0
4412 73.0
4413 73.0
4414 73.0
4415 73.0
4416 73.0
4417 73.0
4418 73.0
4419 73.0
4420 73.0
4421 73.0
4422 73.0
4423 73.0
4424 73.0
4425 73.0
4426 73.0
4427 73.0
4428 73.0
4429 73.0
4430 73.0
4431 73.0
4432 73.0
4433 73.0
4434 73.0
4435 73.0
4436 73.0
4437 73.0
4438 73.0
4439 73.0
4440 73.0
4441 73.0
4442 73.0
4443 73.0
4444 73.0
4445 73.0
4446 73.0
4447 73.0
4448 73.0
4449 73.0
4450 73.0
4451 73.0
4452 73.0
4453 73.0
4454 73.0
4455 73.0
4456 73.0
4457 73.0
4458 73.0
4459 73.0
4460 73.0
4461 73.0
4462 73.0
4463 73.0
4464 73.0
4465 73.0
4466 73.0
4467 73.0
4468 73.0
4469 73.0
4470 73.0
4471 73.0
4472 73.0
4473 73.0
4474 73.0
4475 73.0
4476 73.0
4477 73.0
4478 73.0
4479 73.0
4480 73.0
4481 73.0
4482 73.0
4483 73.0
4484 73.0
4485 73.0
4486 73.0
4487 73.0
4488 73.0
4489 73.0
4490 73.0
4491 73.0
4492 73.0
4493 73.0
4494 73.0
4495 73.0
4496 73.0
4497 73.0
4498 73.0
4499 73.0
4500 73.0
4501 73.0
4502 73.0
4503 73.0
4504 73.0
4505 73.0
4506 73.0
4507 73.0
4508 73.0
4509 73.0
4510 73.0
4511 73.0
4512 73.0
4513 73.0
4514 73.0
4515 73.0
4516 73.0
4517 73.0
4518 73.0
4519 73.0
4520 73.0
4521 73.0
4522 73.0
4523 73.0
4524 73.0
4525 73.0
4526 73.0
4527 73.0
4528 73.0
4529 73.0
4530 73.0
4531 73.0
4532 73.0
4533 73.0
4534 73.0
4535 73.0
4536 73.0
4537 73.0
4538 73.0
4539 73.0
4540 73.0
4541 73.0
4542 73.0
4543 73.0
4544 73.0
4545 73.0
4546 73.0
4547 73.0
4548 73.0
4549 73.0
4550 73.0
4551 73.0
4552 73.0
4553 73.0
4554 73.0
4555 73.0
4556 73.0
4557 73.0
4558 73.0
4559 73.0
4560 73.0
4561 73.0
4562 73.0
4563 73.0
4564 73.0
4565 73.0
4566 73.0
4567 73.0
4568 73.0
4569 73.0
4570 73.0
4571 73.0
4572 73.0
4573 73.0
4574 73.0
4575 73.0
4576 73.0
4577 73.0
4578 73.0
4579 73.0
4580 73.0
4581 73.0
4582 73.0
4583 73.0
4584 73.0
4585 73.0
4586 73.0
4587 73.0
4588 73.0
4589 73.0
4590 73.0
4591 73.0
4592 73.0
4593 73.0
4594 73.0
4595 73.0
4596 73.0
4597 73.0
4598 73.0
4599 73.0
4600 73.0
4601 73.0
4602 73.0
4603 73.0
4604 73.0
4605 73.0
4606 73.0
4607 73.0
4608 73.0
4609 73.0
4610 73.0
4611 73.0
4612 73.0
4613 73.0
4614 73.0
4615 73.0
4616 73.0
4617 73.0
4618 73.0
4619 73.0
4620 73.0
4621 73.0
4622 73.0
4623 73.0
4624 73.0
4625 73.0
4626 73.0
4627 73.0
4628 73.0
4629 73.0
4630 73.0
4631 73.0
4632 73.0
4633 73.0
4634 73.0
4635 73.0
4636 73.0
4637 73.0
4638 73.0
4639 73.0
4640 73.0
4641 73.0
4642 73.0
4643 73.0
4644 73.0
4645 73.0
4646 73.0
4647 73.0
4648 73.0
4649 73.0
4650 73.0
4651 73.0
4652 73.0
4653 73.0
4654 73.0
4655 73.0
4656 73.0
4657 73.0
4658 73.0
4659 73.0
4660 73.0
4661 73.0
4662 73.0
4663 73.0
4664 73.0
4665 73.0
4666 73.0
4667 73.0
4668 73.0
4669 73.0
4670 73.0
4671 73.0
4672 73.0
4673 73.0
4674 73.0
4675 73.0
4676 73.0
4677 73.0
4678 73.0
4679 73.0
4680 73.0
4681 73.0
4682 73.0
4683 73.0
4684 73.0
4685 73.0
4686 73.0
4687 73.0
4688 73.0
4689 73.0
4690 73.0
4691 73.0
4692 73.0
4693 73.0
4694 73.0
4695 73.0
4696 73.0
4697 73.0
4698 73.0
4699 73.0
4700 73.0
4701 73.0
4702 73.0
4703 73.0
4704 73.0
4705 73.0
4706 73.0
4707 73.0
4708 73.0
4709 73.0
4710 73.0
4711 73.0
4712 73.0
4713 73.0
4714 73.0
4715 73.0
4716 73.0
4717 73.0
4718 73.0
4719 73.0
4720 73.0
4721 73.0
4722 73.0
4723 73.0
4724 73.0
4725 73.0
4726 73.0
4727 73.0
4728 73.0
4729 73.0
4730 73.0
4731 73.0
4732 73.0
4733 73.0
4734 73.0
4735 73.0
4736 73.0
4737 73.0
4738 73.0
4739 73.0
4740 73.0
4741 73.0
4742 73.0
4743 73.0
4744 73.0
4745 73.0
4746 73.0
4747 73.0
4748 73.0
4749 73.0
4750 73.0
4751 73.0
4752 73.0
4753 73.0
4754 73.0
4755 73.0
4756 73.0
4757 73.0
4758 73.0
4759 73.0
4760 73.0
4761 73.0
4762 73.0
4763 73.0
4764 73.0
4765 73.0
4766 73.0
4767 73.0
4768 73.0
4769 73.0
4770 73.0
4771 73.0
4772 73.0
4773 73.0
4774 73.0
4775 73.0
4776 73.0
4777 73.0
4778 73.0
4779 73.0
4780 73.0
4781 73.0
4782 73.0
4783 73.0
4784 73.0
4785 73.0
4786 73.0
4787 73.0
4788 73.0
4789 73.0
4790 73.0
4791 73.0
4792 73.0
4793 73.0
4794 73.0
4795 73.0
4796 73.0
4797 73.0
4798 73.0
4799 73.0
4800 73.0
4801 73.0
4802 73.0
4803 73.0
4804 73.0
4805 73.0
4806 73.0
4807 73.0
4808 73.0
4809 73.0
4810 73.0
4811 73.0
4812 73.0
4813 73.0
4814 73.0
4815 73.0
4816 73.0
4817 73.0
4818 73.0
4819 73.0
4820 73.0
4821 73.0
4822 73.0
4823 73.0
4824 73.0
4825 73.0
4826 73.0
4827 73.0
4828 73.0
4829 73.0
4830 73.0
4831 73.0
4832 73.0
4833 73.0
4834 73.0
4835 73.0
4836 73.0
4837 73.0
4838 73.0
4839 73.0
4840 73.0
4841 73.0
4842 73.0
4843 73.0
4844 73.0
4845 73.0
4846 73.0
4847 73.0
4848 73.0
4849 73.0
4850 73.0
4851 73.0
4852 73.0
4853 73.0
4854 73.0
4855 73.0
4856 73.0
4857 73.0
4858 73.0
4859 73.0
4860 73.0
4861 73.0
4862 73.0
4863 73.0
4864 73.0
4865 73.0
4866 73.0
4867 73.0
4868 73.0
4869 73.0
4870 73.0
4871 73.0
4872 73.0
4873 73.0
4874 73.0
4875 73.0
4876 73.0
4877 73.0
4878 73.0
4879 73.0
4880 73.0
4881 73.0
4882 73.0
4883 73.0
4884 73.0
4885 73.0
4886 73.0
4887 73.0
4888 73.0
4889 73.0
4890 73.0
4891 73.0
4892 73.0
4893 73.0
4894 73.0
4895 73.0
4896 73.0
4897 73.0
4898 73.0
4899 73.0
4900 73.0
4901 73.0
4902 73.0
4903 73.0
4904 73.0
4905 73.0
4906 73.0
4907 73.0
4908 73.0
4909 73.0
4910 73.0
4911 73.0
4912 73.0
4913 73.0
4914 73.0
4915 73.0
4916 73.0
4917 73.0
4918 73.0
4919 73.0
4920 73.0
4921 73.0
4922 73.0
4923 73.0
4924 73.0
4925 73.0
4926 73.0
4927 73.0
4928 73.0
4929 73.0
4930 73.0
4931 73.0
4932 73.0
4933 73.0
4934 73.0
4935 73.0
4936 73.0
4937 73.0
4938 73.0
4939 73.0
4940 73.0
4941 73.0
4942 73.0
4943 73.0
4944 73.0
4945 73.0
4946 73.0
4947 73.0
4948 73.0
4949 73.0
4950 73.0
4951 73.0
4952 73.0
4953 73.0
4954 73.0
4955 73.0
4956 73.0
4957 73.0
4958 73.0
4959 73.0
4960 73.0
4961 73.0
4962 73.0
4963 73.0
4964 73.0
4965 73.0
4966 73.0
4967 73.0
4968 73.0
4969 73.0
4970 73.0
4971 73.0
4972 73.0
4973 73.0
4974 73.0
4975 73.0
4976 73.0
4977 73.0
4978 73.0
4979 73.0
4980 73.0
4981 73.0
4982 73.0
4983 73.0
4984 73.0
4985 73.0
4986 73.0
4987 73.0
4988 73.0
4989 73.0
4990 73.0
4991 73.0
4992 73.0
4993 73.0
4994 73.0
4995 73.0
4996 73.0
4997 73.0
4998 73.0
4999 73.0
5000 73.0
5001 73.0
5002 73.0
5003 73.0
5004 73.0
5005 73.0
5006 73.0
5007 73.0
5008 73.0
5009 73.0
5010 73.0
5011 73.0
5012 73.0
5013 73.0
5014 73.0
5015 73.0
5016 73.0
5017 73.0
5018 73.0
5019 73.0
5020 73.0
5021 73.0
5022 73.0
5023 73.0
5024 73.0
5025 73.0
5026 73.0
5027 73.0
5028 73.0
5029 73.0
5030 73.0
5031 73.0
5032 73.0
5033 73.0
5034 73.0
5035 73.0
5036 73.0
5037 73.0
5038 73.0
5039 73.0
5040 73.0
5041 73.0
5042 73.0
5043 73.0
5044 73.0
5045 73.0
5046 73.0
5047 73.0
5048 73.0
5049 73.0
5050 73.0
5051 73.0
5052 73.0
5053 73.0
5054 73.0
5055 73.0
5056 73.0
5057 73.0
5058 73.0
5059 73.0
5060 73.0
5061 73.0
5062 73.0
5063 73.0
5064 73.0
5065 73.0
5066 73.0
5067 73.0
5068 73.0
5069 73.0
5070 73.0
5071 73.0
5072 73.0
5073 73.0
5074 73.0
5075 73.0
5076 73.0
5077 73.0
5078 73.0
5079 73.0
5080 73.0
5081 73.0
5082 73.0
5083 73.0
5084 73.0
5085 73.0
5086 73.0
5087 73.0
5088 73.0
5089 73.0
5090 73.0
5091 73.0
5092 73.0
5093 73.0
5094 73.0
5095 73.0
5096 73.0
5097 73.0
5098 73.0
5099 73.0
5100 73.0
5101 73.0
5102 73.0
5103 73.0
5104 73.0
5105 73.0
5106 73.0
5107 73.0
5108 73.0
5109 73.0
5110 73.0
5111 73.0
5112 73.0
5113 73.0
5114 73.0
5115 73.0
5116 73.0
5117 73.0
5118 73.0
5119 73.0
5120 73.0
5121 73.0
5122 73.0
5123 73.0
5124 73.0
5125 73.0
5126 73.0
5127 73.0
5128 73.0
5129 73.0
5130 73.0
5131 73.0
5132 73.0
5133 73.0
5134 73.0
5135 73.0
5136 73.0
5137 73.0
5138 73.0
5139 73.0
5140 73.0
5141 73.0
5142 73.0
5143 73.0
5144 73.0
5145 73.0
5146 73.0
5147 73.0
5148 73.0
5149 73.0
5150 73.0
5151 73.0
5152 73.0
5153 73.0
5154 73.0
5155 73.0
5156 73.0
5157 73.0
5158 73.0
5159 73.0
5160 73.0
5161 73.0
5162 73.0
5163 73.0
5164 73.0
5165 73.0
5166 73.0
5167 73.0
5168 73.0
5169 73.0
5170 73.0
5171 73.0
5172 73.0
5173 73.0
5174 73.0
5175 73.0
5176 73.0
5177 73.0
5178 73.0
5179 73.0
5180 73.0
5181 73.0
5182 73.0
5183 73.0
5184 73.0
5185 73.0
5186 73.0
5187 73.0
5188 73.0
5189 73.0
5190 73.0
5191 73.0
5192 73.0
5193 73.0
5194 73.0
5195 73.0
5196 73.0
5197 73.0
5198 73.0
5199 73.0
5200 73.0
5201 73.0
5202 73.0
5203 73.0
5204 73.0
5205 73.0
5206 73.0
5207 73.0
5208 73.0
5209 73.0
5210 73.0
5211 73.0
5212 73.0
5213 73.0
5214 73.0
5215 73.0
5216 73.0
5217 73.0
5218 73.0
5219 73.0
5220 73.0
5221 73.0
5222 73.0
5223 73.0
5224 73.0
5225 73.0
5226 73.0
5227 73.0
5228 73.0
5229 73.0
5230 73.0
5231 73.0
5232 73.0
5233 73.0
5234 73.0
5235 73.0
5236 73.0
5237 73.0
5238 73.0
5239 73.0
5240 73.0
5241 73.0
5242 73.0
5243 73.0
5244 73.0
5245 73.0
5246 73.0
5247 73.0
5248 73.0
5249 73.0
5250 73.0
5251 73.0
5252 73.0
5253 73.0
5254 73.0
5255 73.0
5256 73.0
5257 73.0
5258 73.0
5259 73.0
5260 73.0
5261 73.0
5262 73.0
5263 73.0
5264 73.0
5265 73.0
5266 73.0
5267 73.0
5268 73.0
5269 73.0
5270 73.0
5271 73.0
5272 73.0
5273 73.0
5274 73.0
5275 73.0
5276 73.0
5277 73.0
5278 73.0
5279 73.0
5280 73.0
5281 73.0
5282 73.0
5283 73.0
5284 73.0
5285 73.0
5286 73.0
5287 73.0
5288 73.0
5289 73.0
5290 73.0
5291 73.0
5292 73.0
5293 73.0
5294 73.0
5295 73.0
5296 73.0
5297 73.0
5298 73.0
5299 73.0
5300 73.0
5301 73.0
5302 73.0
5303 73.0
5304 73.0
5305 73.0
5306 73.0
5307 73.0
5308 73.0
5309 73.0
5310 73.0
5311 73.0
5312 73.0
5313 73.0
5314 73.0
5315 73.0
5316 73.0
5317 73.0
5318 73.0
5319 73.0
5320 73.0
5321 73.0
5322 73.0
5323 73.0
5324 73.0
5325 73.0
5326 73.0
5327 73.0
5328 73.0
5329 73.0
5330 73.0
5331 73.0
5332 73.0
5333 73.0
5334 73.0
5335 73.0
5336 73.0
5337 73.0
5338 73.0
5339 73.0
5340 73.0
5341 73.0
5342 73.0
5343 73.0
5344 73.0
5345 73.0
5346 73.0
5347 73.0
5348 73.0
5349 73.0
5350 73.0
5351 73.0
5352 73.0
5353 73.0
5354 73.0
5355 73.0
5356 73.0
5357 73.0
5358 73.0
5359 73.0
5360 73.0
5361 73.0
5362 73.0
5363 73.0
5364 73.0
5365 73.0
5366 73.0
5367 73.0
5368 73.0
5369 73.0
5370 73.0
5371 73.0
5372 73.0
5373 73.0
5374 73.0
5375 73.0
5376 73.0
5377 73.0
5378 73.0
5379 73.0
5380 73.0
5381 73.0
5382 73.0
5383 73.0
5384 73.0
5385 73.0
5386 73.0
5387 73.0
5388 73.0
5389 73.0
5390 73.0
5391 73.0
5392 73.0
5393 73.0
5394 73.0
5395 73.0
5396 73.0
5397 73.0
5398 73.0
5399 73.0
5400 73.0
5401 73.0
5402 73.0
5403 73.0
5404 73.0
5405 73.0
5406 73.0
5407 73.0
5408 73.0
5409 73.0
5410 73.0
5411 73.0
5412 73.0
5413 73.0
5414 73.0
5415 73.0
5416 73.0
5417 73.0
5418 73.0
5419 73.0
5420 73.0
5421 73.0
5422 73.0
5423 73.0
5424 73.0
5425 73.0
5426 73.0
5427 73.0
5428 73.0
5429 73.0
5430 73.0
5431 73.0
5432 73.0
5433 73.0
5434 73.0
5435 73.0
5436 73.0
5437 73.0
5438 73.0
5439 73.0
5440 73.0
5441 73.0
5442 73.0
5443 73.0
5444 73.0
5445 73.0
5446 73.0
5447 73.0
5448 73.0
5449 73.0
5450 73.0
5451 73.0
5452 73.0
5453 73.0
5454 73.0
5455 73.0
5456 73.0
5457 73.0
5458 73.0
5459 73.0
5460 73.0
5461 73.0
5462 73.0
5463 73.0
5464 73.0
5465 73.0
5466 73.0
5467 73.0
5468 73.0
5469 73.0
5470 73.0
5471 73.0
5472 73.0
5473 73.0
5474 73.0
5475 73.0
5476 73.0
5477 73.0
5478 73.0
5479 73.0
5480 73.0
5481 73.0
5482 73.0
5483 73.0
5484 73.0
5485 73.0
5486 73.0
5487 73.0
5488 73.0
5489 73.0
5490 73.0
5491 73.0
5492 73.0
5493 73.0
5494 73.0
5495 73.0
5496 73.0
5497 73.0
5498 73.0
5499 73.0
5500 73.0
5501 73.0
5502 73.0
5503 73.0
5504 73.0
5505 73.0
5506 73.0
5507 73.0
5508 73.0
5509 73.0
5510 73.0
5511 73.0
5512 73.0
5513 73.0
5514 73.0
5515 73.0
5516 73.0
5517 73.0
5518 73.0
5519 73.0
5520 73.0
5521 73.0
5522 73.0
5523 73.0
5524 73.0
5525 73.0
5526 73.0
5527 73.0
5528 73.0
5529 73.0
5530 73.0
5531 73.0
5532 73.0
5533 73.0
5534 73.0
5535 73.0
5536 73.0
5537 73.0
5538 73.0
5539 73.0
5540 73.0
5541 73.0
5542 73.0
5543 73.0
5544 73.0
5545 73.0
5546 73.0
5547 73.0
5548 73.0
5549 73.0
5550 73.0
5551 73.0
5552 73.0
5553 73.0
5554 73.0
5555 73.0
5556 73.0
5557 73.0
5558 73.0
5559 73.0
5560 73.0
5561 73.0
5562 73.0
5563 73.0
5564 73.0
5565 73.0
5566 73.0
5567 73.0
5568 73.0
5569 73.0
5570 73.0
5571 73.0
5572 73.0
5573 73.0
5574 73.0
5575 73.0
5576 73.0
5577 73.0
5578 73.0
5579 73.0
5580 73.0
5581 73.0
5582 73.0
5583 73.0
5584 73.0
5585 73.0
5586 73.0
5587 73.0
5588 73.0
5589 73.0
5590 73.0
5591 73.0
5592 73.0
5593 73.0
5594 73.0
5595 73.0
5596 73.0
5597 73.0
5598 73.0
5599 73.0
5600 73.0
5601 73.0
5602 73.0
5603 73.0
5604 73.0
5605 73.0
5606 73.0
5607 73.0
5608 73.0
5609 73.0
5610 73.0
5611 73.0
5612 73.0
5613 73.0
5614 73.0
5615 73.0
5616 73.0
5617 73.0
5618 73.0
5619 73.0
5620 73.0
5621 73.0
5622 73.0
5623 73.0
5624 73.0
5625 73.0
5626 73.0
5627 73.0
5628 73.0
5629 73.0
5630 73.0
5631 73.0
5632 73.0
5633 73.0
5634 73.0
5635 73.0
5636 73.0
5637 73.0
5638 73.0
5639 73.0
5640 73.0
5641 73.0
5642 73.0
5643 73.0
5644 73.0
5645 73.0
5646 73.0
5647 73.0
5648 73.0
5649 73.0
5650 73.0
5651 73.0
5652 73.0
5653 73.0
5654 73.0
5655 73.0
5656 73.0
5657 73.0
5658 73.0
5659 73.0
5660 73.0
5661 73.0
5662 73.0
5663 73.0
5664 73.0
5665 73.0
5666 73.0
5667 73.0
5668 73.0
5669 73.0
5670 73.0
5671 73.0
5672 73.0
5673 73.0
5674 73.0
5675 73.0
5676 73.0
5677 73.0
5678 73.0
5679 73.0
5680 73.0
5681 73.0
5682 73.0
5683 73.0
5684 73.0
5685 73.0
5686 73.0
5687 73.0
5688 73.0
5689 73.0
5690 73.0
5691 73.0
5692 73.0
5693 73.0
5694 73.0
5695 73.0
5696 73.0
5697 73.0
5698 73.0
5699 73.0
5700 73.0
5701 73.0
5702 73.0
5703 73.0
5704 73.0
5705 73.0
5706 73.0
5707 73.0
5708 73.0
5709 73.0
5710 73.0
5711 73.0
5712 73.0
5713 73.0
5714 73.0
5715 73.0
5716 73.0
5717 73.0
5718 73.0
5719 73.0
5720 73.0
5721 73.0
5722 73.0
5723 73.0
5724 73.0
5725 73.0
5726 73.0
5727 73.0
5728 73.0
5729 73.0
5730 73.0
5731 73.0
5732 73.0
5733 73.0
5734 73.0
5735 73.0
5736 73.0
5737 73.0
5738 73.0
5739 73.0
5740 73.0
5741 73.0
5742 73.0
5743 73.0
5744 73.0
5745 73.0
5746 73.0
5747 73.0
5748 73.0
5749 73.0
5750 73.0
5751 73.0
5752 73.0
5753 73.0
5754 73.0
5755 73.0
5756 73.0
5757 73.0
5758 73.0
5759 73.0
5760 73.0
5761 73.0
5762 73.0
5763 73.0
5764 73.0
5765 73.0
5766 73.0
5767 73.0
5768 73.0
5769 73.0
5770 73.0
5771 73.0
5772 73.0
5773 73.0
5774 73.0
5775 73.0
5776 73.0
5777 73.0
5778 73.0
5779 73.0
5780 73.0
5781 73.0
5782 73.0
5783 73.0
5784 73.0
5785 73.0
5786 73.0
5787 73.0
5788 73.0
5789 73.0
5790 73.0
5791 73.0
5792 73.0
5793 73.0
5794 73.0
5795 73.0
5796 73.0
5797 73.0
5798 73.0
5799 73.0
5800 73.0
5801 73.0
5802 73.0
5803 73.0
5804 73.0
5805 73.0
5806 73.0
5807 73.0
5808 73.0
5809 73.0
5810 73.0
5811 73.0
5812 73.0
5813 73.0
5814 73.0
5815 73.0
5816 73.0
5817 73.0
5818 73.0
5819 73.0
5820 73.0
5821 73.0
5822 73.0
5823 73.0
5824 73.0
5825 73.0
5826 73.0
5827 73.0
5828 73.0
5829 73.0
5830 73.0
5831 73.0
5832 73.0
5833 73.0
5834 73.0
5835 73.0
5836 73.0
5837 73.0
5838 73.0
5839 73.0
5840 73.0
5841 73.0
5842 73.0
5843 73.0
5844 73.0
5845 73.0
5846 73.0
5847 73.0
5848 73.0
5849 73.0
5850 73.0
5851 73.0
5852 73.0
5853 73.0
5854 73.0
5855 73.0
5856 73.0
5857 73.0
5858 73.0
5859 73.0
5860 73.0
5861 73.0
5862 73.0
5863 73.0
5864 73.0
5865 73.0
5866 73.0
5867 73.0
5868 73.0
5869 73.0
5870 73.0
5871 73.0
5872 73.0
5873 73.0
5874 73.0
5875 73.0
5876 73.0
5877 73.0
5878 73.0
5879 73.0
5880 73.0
5881 73.0
5882 73.0
5883 73.0
5884 73.0
5885 73.0
5886 73.0
5887 73.0
5888 73.0
5889 73.0
5890 73.0
5891 73.0
5892 73.0
5893 73.0
5894 73.0
5895 73.0
5896 73.0
5897 73.0
5898 73.0
5899 73.0
5900 73.0
5901 73.0
5902 73.0
5903 73.0
5904 73.0
5905 73.0
5906 73.0
5907 73.0
5908 73.0
5909 73.0
5910 73.0
5911 73.0
5912 73.0
5913 73.0
5914 73.0
5915 73.0
5916 73.0
5917 73.0
5918 73.0
5919 73.0
5920 73.0
5921 73.0
5922 73.0
5923 73.0
5924 73.0
5925 73.0
5926 73.0
5927 73.0
5928 73.0
5929 73.0
5930 73.0
5931 73.0
5932 73.0
5933 73.0
5934 73.0
5935 73.0
5936 73.0
5937 73.0
5938 73.0
5939 73.0
5940 73.0
5941 73.0
5942 73.0
5943 73.0
5944 73.0
5945 73.0
5946 73.0
5947 73.0
5948 73.0
5949 73.0
5950 73.0
5951 73.0
5952 73.0
5953 73.0
5954 73.0
5955 73.0
5956 73.0
5957 73.0
5958 73.0
5959 73.0
5960 73.0
5961 73.0
5962 73.0
5963 73.0
5964 73.0
5965 73.0
5966 73.0
5967 73.0
5968 73.0
5969 73.0
5970 73.0
5971 73.0
5972 73.0
5973 73.0
5974 73.0
5975 73.0
5976 73.0
5977 73.0
5978 73.0
5979 73.0
5980 73.0
5981 73.0
5982 73.0
5983 73.0
5984 73.0
5985 73.0
5986 73.0
5987 73.0
5988 73.0
5989 73.0
5990 73.0
5991 73.0
5992 73.0
5993 73.0
5994 73.0
5995 73.0
5996 73.0
5997 73.0
5998 73.0
5999 73.0
6000 73.0
6001 73.0
6002 73.0
6003 73.0
6004 73.0
6005 73.0
6006 73.0
6007 73.0
6008 73.0
6009 73.0
6010 73.0
6011 73.0
6012 73.0
6013 73.0
6014 73.0
6015 73.0
6016 73.0
6017 73.0
6018 73.0
6019 73.0
6020 73.0
6021 73.0
6022 73.0
6023 73.0
6024 73.0
6025 73.0
6026 73.0
6027 73.0
6028 73.0
6029 73.0
6030 73.0
6031 73.0
6032 73.0
6033 73.0
6034 73.0
6035 73.0
6036 73.0
6037 73.0
6038 73.0
6039 73.0
6040 73.0
6041 73.0
6042 73.0
6043 73.0
6044 73.0
6045 73.0
6046 73.0
6047 73.0
6048 73.0
6049 73.0
6050 73.0
6051 73.0
6052 73.0
6053 73.0
6054 73.0
6055 73.0
6056 73.0
6057 73.0
6058 73.0
6059 73.0
6060 73.0
6061 73.0
6062 73.0
6063 73.0
6064 73.0
6065 73.0
6066 73.0
6067 73.0
6068 73.0
6069 73.0
6070 73.0
6071 73.0
6072 73.0
6073 73.0
6074 73.0
6075 73.0
6076 73.0
6077 73.0
6078 73.0
6079 73.0
6080 73.0
6081 73.0
6082 73.0
6083 73.0
6084 73.0
6085 73.0
6086 73.0
6087 73.0
6088 73.0
6089 73.0
6090 73.0
6091 73.0
6092 73.0
6093 73.0
6094 73.0
6095 73.0
6096 73.0
6097 73.0
6098 73.0
6099 73.0
6100 73.0
6101 73.0
6102 73.0
6103 73.0
6104 73.0
6105 73.0
6106 73.0
6107 73.0
6108 73.0
6109 73.0
6110 73.0
6111 73.0
6112 73.0
6113 73.0
6114 73.0
6115 73.0
6116 73.0
6117 73.0
6118 73.0
6119 73.0
6120 73.0
6121 73.0
6122 73.0
6123 73.0
6124 73.0
6125 73.0
6126 73.0
6127 73.0
6128 73.0
6129 73.0
6130 73.0
6131 73.0
6132 73.0
6133 73.0
6134 73.0
6135 73.0
6136 73.0
6137 73.0
6138 73.0
6139 73.0
6140 73.0
6141 73.0
6142 73.0
6143 73.0
6144 73.0
6145 73.0
6146 73.0
6147 73.0
6148 73.0
6149 73.0
6150 73.0
6151 73.0
6152 73.0
6153 73.0
6154 73.0
6155 73.0
6156 73.0
6157 73.0
6158 73.0
6159 73.0
6160 73.0
6161 73.0
6162 73.0
6163 73.0
6164 73.0
6165 73.0
6166 73.0
6167 73.0
6168 73.0
6169 73.0
6170 73.0
6171 73.0
6172 73.0
6173 73.0
6174 73.0
6175 73.0
6176 73.0
6177 73.0
6178 73.0
6179 73.0
6180 73.0
6181 73.0
6182 73.0
6183 73.0
6184 73.0
6185 73.0
6186 73.0
6187 73.0
6188 73.0
6189 73.0
6190 73.0
6191 73.0
6192 73.0
6193 73.0
6194 73.0
6195 73.0
6196 73.0
6197 73.0
6198 73.0
6199 73.0
6200 73.0
6201 73.0
6202 73.0
6203 73.0
6204 73.0
6205 73.0
6206 73.0
6207 73.0
6208 73.0
6209 73.0
6210 73.0
6211 73.0
6212 73.0
6213 73.0
6214 73.0
6215 73.0
6216 73.0
6217 73.0
6218 73.0
6219 73.0
6220 73.0
6221 73.0
6222 73.0
6223 73.0
6224 73.0
6225 73.0
6226 73.0
6227 73.0
6228 73.0
6229 73.0
6230 73.0
6231 73.0
6232 73.0
6233 73.0
6234 73.0
6235 73.0
6236 73.0
6237 73.0
6238 73.0
6239 73.0
6240 73.0
6241 73.0
6242 73.0
6243 73.0
6244 73.0
6245 73.0
6246 73.0
6247 73.0
6248 73.0
6249 73.0
6250 73.0
6251 73.0
6252 73.0
6253 73.0
6254 73.0
6255 73.0
6256 73.0
6257 73.0
6258 73.0
6259 73.0
6260 73.0
6261 73.0
6262 73.0
6263 73.0
6264 73.0
6265 73.0
6266 73.0
6267 73.0
6268 73.0
6269 73.0
6270 73.0
6271 73.0
6272 73.0
6273 73.0
6274 73.0
6275 73.0
6276 73.0
6277 73.0
6278 73.0
6279 73.0
6280 73.0
6281 73.0
6282 73.0
6283 73.0
6284 73.0
6285 73.0
6286 73.0
6287 73.0
6288 73.0
6289 73.0
6290 73.0
6291 73.0
6292 73.0
6293 73.0
6294 73.0
6295 73.0
6296 73.0
6297 73.0
6298 73.0
6299 73.0
6300 73.0
6301 73.0
6302 73.0
6303 73.0
6304 73.0
6305 73.0
6306 73.0
6307 73.0
6308 73.0
6309 73.0
6310 73.0
6311 73.0
6312 73.0
6313 73.0
6314 73.0
6315 73.0
6316 73.0
6317 73.0
6318 73.0
6319 73.0
6320 73.0
6321 73.0
6322 73.0
6323 73.0
6324 73.0
6325 73.0
6326 73.0
6327 73.0
6328 73.0
6329 73.0
6330 73.0
6331 73.0
6332 73.0
6333 73.0
6334 73.0
6335 73.0
6336 73.0
6337 73.0
6338 73.0
6339 73.0
6340 73.0
6341 73.0
6342 73.0
6343 73.0
6344 73.0
6345 73.0
6346 73.0
6347 73.0
6348 73.0
6349 73.0
6350 73.0
6351 73.0
6352 73.0
6353 73.0
6354 73.0
6355 73.0
6356 73.0
6357 73.0
6358 73.0
6359 73.0
6360 73.0
6361 73.0
6362 73.0
6363 73.0
6364 73.0
6365 73.0
6366 73.0
6367 73.0
6368 73.0
6369 73.0
6370 73.0
6371 73.0
6372 73.0
6373 73.0
6374 73.0
6375 73.0
6376 73.0
6377 73.0
6378 73.0
6379 73.0
6380 73.0
6381 73.0
6382 73.0
6383 73.0
6384 73.0
6385 73.0
6386 73.0
6387 73.0
6388 73.0
6389 73.0
6390 73.0
6391 73.0
6392 73.0
6393 73.0
6394 73.0
6395 73.0
6396 73.0
6397 73.0
6398 73.0
6399 73.0
6400 73.0
6401 73.0
6402 73.0
6403 73.0
6404 73.0
6405 73.0
6406 73.0
6407 73.0
6408 73.0
6409 73.0
6410 73.0
6411 73.0
6412 73.0
6413 73.0
6414 73.0
6415 73.0
6416 73.0
6417 73.0
6418 73.0
6419 73.0
6420 73.0
6421 73.0
6422 73.0
6423 73.0
6424 73.0
6425 73.0
6426 73.0
6427 73.0
6428 73.0
6429 73.0
6430 73.0
6431 73.0
6432 73.0
6433 73.0
6434 73.0
6435 73.0
6436 73.0
6437 73.0
6438 73.0
6439 73.0
6440 73.0
6441 73.0
6442 73.0
6443 73.0
6444 73.0
6445 73.0
6446 73.0
6447 73.0
6448 73.0
6449 73.0
6450 73.0
6451 73.0
6452 73.0
6453 73.0
6454 73.0
6455 73.0
6456 73.0
6457 73.0
6458 73.0
6459 73.0
6460 73.0
6461 73.0
6462 73.0
6463 73.0
6464 73.0
6465 73.0
6466 73.0
6467 73.0
6468 73.0
6469 73.0
6470 73.0
6471 73.0
6472 73.0
6473 73.0
6474 73.0
6475 73.0
6476 73.0
6477 73.0
6478 73.0
6479 73.0
6480 73.0
6481 73.0
6482 73.0
6483 73.0
6484 73.0
6485 73.0
6486 73.0
6487 73.0
6488 73.0
6489 73.0
6490 73.0
6491 73.0
6492 73.0
6493 73.0
6494 73.0
6495 73.0
6496 73.0
6497 73.0
6498 73.0
6499 73.0
6500 73.0
6501 73.0
6502 73.0
6503 73.0
6504 73.0
6505 73.0
6506 73.0
6507 73.0
6508 73.0
6509 73.0
6510 73.0
6511 73.0
6512 73.0
6513 73.0
6514 73.0
6515 73.0
6516 73.0
6517 73.0
6518 73.0
6519 73.0
6520 73.0
6521 73.0
6522 73.0
6523 73.0
6524 73.0
6525 73.0
6526 73.0
6527 73.0
6528 73.0
6529 73.0
6530 73.0
6531 73.0
6532 73.0
6533 73.0
6534 73.0
6535 73.0
6536 73.0
6537 73.0
6538 73.0
6539 73.0
6540 73.0
6541 73.0
6542 73.0
6543 73.0
6544 73.0
6545 73.0
6546 73.0
6547 73.0
6548 73.0
6549 73.0
6550 73.0
6551 73.0
6552 73.0
6553 73.0
6554 73.0
6555 73.0
6556 73.0
6557 73.0
6558 73.0
6559 73.0
6560 73.0
6561 73.0
6562 73.0
6563 73.0
6564 73.0
6565 73.0
6566 73.0
6567 73.0
6568 73.0
6569 73.0
6570 73.0
6571 73.0
6572 73.0
6573 73.0
6574 73.0
6575 73.0
6576 73.0
6577 73.0
6578 73.0
6579 73.0
6580 73.0
6581 73.0
6582 73.0
6583 73.0
6584 73.0
6585 73.0
6586 73.0
6587 73.0
6588 73.0
6589 73.0
6590 73.0
6591 73.0
6592 73.0
6593 73.0
6594 73.0
6595 73.0
6596 73.0
6597 73.0
6598 73.0
6599 73.0
6600 73.0
6601 73.0
6602 73.0
6603 73.0
6604 73.0
6605 73.0
6606 73.0
6607 73.0
6608 73.0
6609 73.0
6610 73.0
6611 73.0
6612 73.0
6613 73.0
6614 73.0
6615 73.0
6616 73.0
6617 73.0
6618 73.0
6619 73.0
6620 73.0
6621 73.0
6622 73.0
6623 73.0
6624 73.0
6625 73.0
6626 73.0
6627 73.0
6628 73.0
6629 73.0
6630 73.0
6631 73.0
6632 73.0
6633 73.0
6634 73.0
6635 73.0
6636 73.0
6637 73.0
6638 73.0
6639 73.0
6640 73.0
6641 73.0
6642 73.0
6643 73.0
6644 73.0
6645 73.0
6646 73.0
6647 73.0
6648 73.0
6649 73.0
6650 73.0
6651 73.0
6652 73.0
6653 73.0
6654 73.0
6655 73.0
6656 73.0
6657 73.0
6658 73.0
6659 73.0
6660 73.0
6661 73.0
6662 73.0
6663 73.0
6664 73.0
6665 73.0
6666 73.0
6667 73.0
6668 73.0
6669 73.0
6670 73.0
6671 73.0
6672 73.0
6673 73.0
6674 73.0
6675 73.0
6676 73.0
6677 73.0
6678 73.0
6679 73.0
6680 73.0
6681 73.0
6682 73.0
6683 73.0
6684 73.0
6685 73.0
6686 73.0
6687 73.0
6688 73.0
6689 73.0
6690 73.0
6691 73.0
6692 73.0
6693 73.0
6694 73.0
6695 73.0
6696 73.0
6697 73.0
6698 73.0
6699 73.0
6700 73.0
6701 73.0
6702 73.0
6703 73.0
6704 73.0
6705 73.0
6706 73.0
6707 73.0
6708 73.0
6709 73.0
6710 73.0
6711 73.0
6712 73.0
6713 73.0
6714 73.0
6715 73.0
6716 73.0
6717 73.0
6718 73.0
6719 73.0
6720 73.0
6721 73.0
6722 73.0
6723 73.0
6724 73.0
6725 73.0
6726 73.0
6727 73.0
6728 73.0
6729 73.0
6730 73.0
6731 73.0
6732 73.0
6733 73.0
6734 73.0
6735 73.0
6736 73.0
6737 73.0
6738 73.0
6739 73.0
6740 73.0
6741 73.0
6742 73.0
6743 73.0
6744 73.0
6745 73.0
6746 73.0
6747 73.0
6748 73.0
6749 73.0
6750 73.0
6751 73.0
6752 73.0
6753 73.0
6754 73.0
6755 73.0
6756 73.0
6757 73.0
6758 73.0
6759 73.0
6760 73.0
6761 73.0
6762 73.0
6763 73.0
6764 73.0
6765 73.0
6766 73.0
6767 73.0
6768 73.0
6769 73.0
6770 73.0
6771 73.0
6772 73.0
6773 73.0
6774 73.0
6775 73.0
6776 73.0
6777 73.0
6778 73.0
6779 73.0
6780 73.0
6781 73.0
6782 73.0
6783 73.0
6784 73.0
6785 73.0
6786 73.0
6787 73.0
6788 73.0
6789 73.0
6790 73.0
6791 73.0
6792 73.0
6793 73.0
6794 73.0
6795 73.0
6796 73.0
6797 73.0
6798 73.0
6799 73.0
6800 73.0
6801 73.0
6802 73.0
6803 73.0
6804 73.0
6805 73.0
6806 73.0
6807 73.0
6808 73.0
6809 73.0
6810 73.0
6811 73.0
6812 73.0
6813 73.0
6814 73.0
6815 73.0
6816 73.0
6817 73.0
6818 73.0
6819 73.0
6820 73.0
6821 73.0
6822 73.0
6823 73.0
6824 73.0
6825 73.0
6826 73.0
6827 73.0
6828 73.0
6829 73.0
6830 73.0
6831 73.0
6832 73.0
6833 73.0
6834 73.0
6835 73.0
6836 73.0
6837 73.0
6838 73.0
6839 73.0
6840 73.0
6841 73.0
6842 73.0
6843 73.0
6844 73.0
6845 73.0
6846 73.0
6847 73.0
6848 73.0
6849 73.0
6850 73.0
6851 73.0
6852 73.0
6853 73.0
6854 73.0
6855 73.0
6856 73.0
6857 73.0
6858 73.0
6859 73.0
6860 73.0
6861 73.0
6862 73.0
6863 73.0
6864 73.0
6865 73.0
6866 73.0
6867 73.0
6868 73.0
6869 73.0
6870 73.0
6871 73.0
6872 73.0
6873 73.0
6874 73.0
6875 73.0
6876 73.0
6877 73.0
6878 73.0
6879 73.0
6880 73.0
6881 73.0
6882 73.0
6883 73.0
6884 73.0
6885 73.0
6886 73.0
6887 73.0
6888 73.0
6889 73.0
6890 73.0
6891 73.0
6892 73.0
6893 73.0
6894 73.0
6895 73.0
6896 73.0
6897 73.0
6898 73.0
6899 73.0
6900 73.0
6901 73.0
6902 73.0
6903 73.0
6904 73.0
6905 73.0
6906 73.0
6907 73.0
6908 73.0
6909 73.0
6910 73.0
6911 73.0
6912 73.0
6913 73.0
6914 73.0
6915 73.0
6916 73.0
6917 73.0
6918 73.0
6919 73.0
6920 73.0
6921 73.0
6922 73.0
6923 73.0
6924 73.0
6925 73.0
6926 73.0
6927 73.0
6928 73.0
6929 73.0
6930 73.0
6931 73.0
6932 73.0
6933 73.0
6934 73.0
6935 73.0
6936 73.0
6937 73.0
6938 73.0
6939 73.0
6940 73.0
6941 73.0
6942 73.0
6943 73.0
6944 73.0
6945 73.0
6946 73.0
6947 73.0
6948 73.0
6949 73.0
6950 73.0
6951 73.0
6952 73.0
6953 73.0
6954 73.0
6955 73.0
6956 73.0
6957 73.0
6958 73.0
6959 73.0
6960 73.0
6961 73.0
6962 73.0
6963 73.0
6964 73.0
6965 73.0
6966 73.0
6967 73.0
6968 73.0
6969 73.0
6970 73.0
6971 73.0
6972 73.0
6973 73.0
6974 73.0
6975 73.0
6976 73.0
6977 73.0
6978 73.0
6979 73.0
6980 73.0
6981 73.0
6982 73.0
6983 73.0
6984 73.0
6985 73.0
6986 73.0
6987 73.0
6988 73.0
6989 73.0
6990 73.0
6991 73.0
6992 73.0
6993 73.0
6994 73.0
6995 73.0
6996 73.0
6997 73.0
6998 73.0
6999 73.0
7000 73.0
7001 73.0
7002 73.0
7003 73.0
7004 73.0
7005 73.0
7006 73.0
7007 73.0
7008 73.0
7009 73.0
7010 73.0
7011 73.0
7012 73.0
7013 73.0
7014 73.0
7015 73.0
7016 73.0
7017 73.0
7018 73.0
7019 73.0
7020 73.0
7021 73.0
7022 73.0
7023 73.0
7024 73.0
7025 73.0
7026 73.0
7027 73.0
7028 73.0
7029 73.0
7030 73.0
7031 73.0
7032 73.0
7033 73.0
7034 73.0
7035 73.0
7036 73.0
7037 73.0
7038 73.0
7039 73.0
7040 73.0
7041 73.0
7042 73.0
7043 73.0
7044 73.0
7045 73.0
7046 73.0
7047 73.0
7048 73.0
7049 73.0
7050 73.0
7051 73.0
7052 73.0
7053 73.0
7054 73.0
7055 73.0
7056 73.0
7057 73.0
7058 73.0
7059 73.0
7060 73.0
7061 73.0
7062 73.0
7063 73.0
7064 73.0
7065 73.0
7066 73.0
7067 73.0
7068 73.0
7069 73.0
7070 73.0
7071 73.0
7072 73.0
7073 73.0
7074 73.0
7075 73.0
7076 73.0
7077 73.0
7078 73.0
7079 73.0
7080 73.0
7081 73.0
7082 73.0
7083 73.0
7084 73.0
7085 73.0
7086 73.0
7087 73.0
7088 73.0
7089 73.0
7090 73.0
7091 73.0
7092 73.0
7093 73.0
7094 73.0
7095 73.0
7096 73.0
7097 73.0
7098 73.0
7099 73.0
7100 73.0
7101 73.0
7102 73.0
7103 73.0
7104 73.0
7105 73.0
7106 73.0
7107 73.0
7108 73.0
7109 73.0
7110 73.0
7111 73.0
7112 73.0
7113 73.0
7114 73.0
7115 73.0
7116 73.0
7117 73.0
7118 73.0
7119 73.0
7120 73.0
7121 73.0
7122 73.0
7123 73.0
7124 73.0
7125 73.0
7126 73.0
7127 73.0
7128 73.0
7129 73.0
7130 73.0
7131 73.0
7132 73.0
7133 73.0
7134 73.0
7135 73.0
7136 73.0
7137 73.0
7138 73.0
7139 73.0
7140 73.0
7141 73.0
7142 73.0
7143 73.0
7144 73.0
7145 73.0
7146 73.0
7147 73.0
7148 73.0
7149 73.0
7150 73.0
7151 73.0
7152 73.0
7153 73.0
7154 73.0
7155 73.0
7156 73.0
7157 73.0
7158 73.0
7159 73.0
7160 73.0
7161 73.0
7162 73.0
7163 73.0
7164 73.0
7165 73.0
7166 73.0
7167 73.0
7168 73.0
7169 73.0
7170 73.0
7171 73.0
7172 73.0
7173 73.0
7174 73.0
7175 73.0
7176 73.0
7177 73.0
7178 73.0
7179 73.0
7180 73.0
7181 73.0
7182 73.0
7183 73.0
7184 73.0
7185 73.0
7186 73.0
7187 73.0
7188 73.0
7189 73.0
7190 73.0
7191 73.0
7192 73.0
7193 73.0
7194 73.0
7195 73.0
7196 73.0
7197 73.0
7198 73.0
7199 73.0
7200 73.0
7201 73.0
7202 73.0
7203 73.0
7204 73.0
7205 73.0
7206 73.0
7207 73.0
7208 73.0
7209 73.0
7210 73.0
7211 73.0
7212 73.0
7213 73.0
7214 73.0
7215 73.0
7216 73.0
7217 73.0
7218 73.0
7219 73.0
7220 73.0
7221 73.0
7222 73.0
7223 73.0
7224 73.0
7225 73.0
7226 73.0
7227 73.0
7228 73.0
7229 73.0
7230 73.0
7231 73.0
7232 73.0
7233 73.0
7234 73.0
7235 73.0
7236 73.0
7237 73.0
7238 73.0
7239 73.0
7240 73.0
7241 73.0
7242 73.0
7243 73.0
7244 73.0
7245 73.0
7246 73.0
7247 73.0
7248 73.0
7249 73.0
7250 73.0
7251 73.0
7252 73.0
7253 73.0
7254 73.0
7255 73.0
7256 73.0
7257 73.0
7258 73.0
7259 73.0
7260 73.0
7261 73.0
7262 73.0
7263 73.0
7264 73.0
7265 73.0
7266 73.0
7267 73.0
7268 73.0
7269 73.0
7270 73.0
7271 73.0
7272 73.0
7273 73.0
7274 73.0
7275 73.0
7276 73.0
7277 73.0
7278 73.0
7279 73.0
7280 73.0
7281 73.0
7282 73.0
7283 73.0
7284 73.0
7285 73.0
7286 73.0
7287 73.0
7288 73.0
7289 73.0
7290 73.0
7291 73.0
7292 73.0
7293 73.0
7294 73.0
7295 73.0
7296 73.0
7297 73.0
7298 73.0
7299 73.0
7300 73.0
7301 73.0
7302 73.0
7303 73.0
7304 73.0
7305 73.0
7306 73.0
7307 73.0
7308 73.0
7309 73.0
7310 73.0
7311 73.0
7312 73.0
7313 73.0
7314 73.0
7315 73.0
7316 73.0
7317 73.0
7318 73.0
7319 73.0
7320 73.0
7321 73.0
7322 73.0
7323 73.0
7324 73.0
7325 73.0
7326 73.0
7327 73.0
7328 73.0
7329 73.0
7330 73.0
7331 73.0
7332 73.0
7333 73.0
7334 73.0
7335 73.0
7336 73.0
7337 73.0
7338 73.0
7339 73.0
7340 73.0
7341 73.0
7342 73.0
7343 73.0
7344 73.0
7345 73.0
7346 73.0
7347 73.0
7348 73.0
7349 73.0
7350 73.0
7351 73.0
7352 73.0
7353 73.0
7354 73.0
7355 73.0
7356 73.0
7357 73.0
7358 73.0
7359 73.0
7360 73.0
7361 73.0
7362 73.0
7363 73.0
7364 73.0
7365 73.0
7366 73.0
7367 73.0
7368 73.0
7369 73.0
7370 73.0
7371 73.0
7372 73.0
7373 73.0
7374 73.0
7375 73.0
7376 73.0
7377 73.0
7378 73.0
7379 73.0
7380 73.0
7381 73.0
7382 73.0
7383 73.0
7384 73.0
7385 73.0
7386 73.0
7387 73.0
7388 73.0
7389 73.0
7390 73.0
7391 73.0
7392 73.0
7393 73.0
7394 73.0
7395 73.0
7396 73.0
7397 73.0
7398 73.0
7399 73.0
7400 73.0
7401 73.0
7402 73.0
7403 73.0
7404 73.0
7405 73.0
7406 73.0
7407 73.0
7408 73.0
7409 73.0
7410 73.0
7411 73.0
7412 73.0
7413 73.0
7414 73.0
7415 73.0
7416 73.0
7417 73.0
7418 73.0
7419 73.0
7420 73.0
7421 73.0
7422 73.0
7423 73.0
7424 73.0
7425 73.0
7426 73.0
7427 73.0
7428 73.0
7429 73.0
7430 73.0
7431 73.0
7432 73.0
7433 73.0
7434 73.0
7435 73.0
7436 73.0
7437 73.0
7438 73.0
7439 73.0
7440 73.0
7441 73.0
7442 73.0
7443 73.0
7444 73.0
7445 73.0
7446 73.0
7447 73.0
7448 73.0
7449 73.0
7450 73.0
7451 73.0
7452 73.0
7453 73.0
7454 73.0
7455 73.0
7456 73.0
7457 73.0
7458 73.0
7459 73.0
7460 73.0
7461 73.0
7462 73.0
7463 73.0
7464 73.0
7465 73.0
7466 73.0
7467 73.0
7468 73.0
7469 73.0
7470 73.0
7471 73.0
7472 73.0
7473 73.0
7474 73.0
7475 73.0
7476 73.0
7477 73.0
7478 73.0
7479 73.0
7480 73.0
7481 73.0
7482 73.0
7483 73.0
7484 73.0
7485 73.0
7486 73.0
7487 73.0
7488 73.0
7489 73.0
7490 73.0
7491 73.0
7492 73.0
7493 73.0
7494 73.0
7495 73.0
7496 73.0
7497 73.0
7498 73.0
7499 73.0
7500 73.0
7501 73.0
7502 73.0
7503 73.0
7504 73.0
7505 73.0
7506 73.0
7507 73.0
7508 73.0
7509 73.0
7510 73.0
7511 73.0
7512 73.0
7513 73.0
7514 73.0
7515 73.0
7516 73.0
7517 73.0
7518 73.0
7519 73.0
7520 73.0
7521 73.0
7522 73.0
7523 73.0
7524 73.0
7525 73.0
7526 73.0
7527 73.0
7528 73.0
7529 73.0
7530 73.0
7531 73.0
7532 73.0
7533 73.0
7534 73.0
7535 73.0
7536 73.0
7537 73.0
7538 73.0
7539 73.0
7540 73.0
7541 73.0
7542 73.0
7543 73.0
7544 73.0
7545 73.0
7546 73.0
7547 73.0
7548 73.0
7549 73.0
7550 73.0
7551 73.0
7552 73.0
7553 73.0
7554 73.0
7555 73.0
7556 73.0
7557 73.0
7558 73.0
7559 73.0
7560 73.0
7561 73.0
7562 73.0
7563 73.0
7564 73.0
7565 73.0
7566 73.0
7567 73.0
7568 73.0
7569 73.0
7570 73.0
7571 73.0
7572 73.0
7573 73.0
7574 73.0
7575 73.0
7576 73.0
7577 73.0
7578 73.0
7579 73.0
7580 73.0
7581 73.0
7582 73.0
7583 73.0
7584 73.0
7585 73.0
7586 73.0
7587 73.0
7588 73.0
7589 73.0
7590 73.0
7591 73.0
7592 73.0
7593 73.0
7594 73.0
7595 73.0
7596 73.0
7597 73.0
7598 73.0
7599 73.0
7600 73.0
7601 73.0
7602 73.0
7603 73.0
7604 73.0
7605 73.0
7606 73.0
7607 73.0
7608 73.0
7609 73.0
7610 73.0
7611 73.0
7612 73.0
7613 73.0
7614 73.0
7615 73.0
7616 73.0
7617 73.0
7618 73.0
7619 73.0
7620 73.0
7621 73.0
7622 73.0
7623 73.0
7624 73.0
7625 73.0
7626 73.0
7627 73.0
7628 73.0
7629 73.0
7630 73.0
7631 73.0
7632 73.0
7633 73.0
7634 73.0
7635 73.0
7636 73.0
7637 73.0
7638 73.0
7639 73.0
7640 73.0
7641 73.0
7642 73.0
7643 73.0
7644 73.0
7645 73.0
7646 73.0
7647 73.0
7648 73.0
7649 73.0
7650 73.0
7651 73.0
7652 73.0
7653 73.0
7654 73.0
7655 73.0
7656 73.0
7657 73.0
7658 73.0
7659 73.0
7660 73.0
7661 73.0
7662 73.0
7663 73.0
7664 73.0
7665 73.0
7666 73.0
7667 73.0
7668 73.0
7669 73.0
7670 73.0
7671 73.0
7672 73.0
7673 73.0
7674 73.0
7675 73.0
7676 73.0
7677 73.0
7678 73.0
7679 73.0
7680 73.0
7681 73.0
7682 73.0
7683 73.0
7684 73.0
7685 73.0
7686 73.0
7687 73.0
7688 73.0
7689 73.0
7690 73.0
7691 73.0
7692 73.0
7693 73.0
7694 73.0
7695 73.0
7696 73.0
7697 73.0
7698 73.0
7699 73.0
7700 73.0
7701 73.0
7702 73.0
7703 73.0
7704 73.0
7705 73.0
7706 73.0
7707 73.0
7708 73.0
7709 73.0
7710 73.0
7711 73.0
7712 73.0
7713 73.0
7714 73.0
7715 73.0
7716 73.0
7717 73.0
7718 73.0
7719 73.0
7720 73.0
7721 73.0
7722 73.0
7723 73.0
7724 73.0
7725 73.0
7726 73.0
7727 73.0
7728 73.0
7729 73.0
7730 73.0
7731 73.0
7732 73.0
7733 73.0
7734 73.0
7735 73.0
7736 73.0
7737 73.0
7738 73.0
7739 73.0
7740 73.0
7741 73.0
7742 73.0
7743 73.0
7744 73.0
7745 73.0
7746 73.0
7747 73.0
7748 73.0
7749 73.0
7750 73.0
7751 73.0
7752 73.0
7753 73.0
7754 73.0
7755 73.0
7756 73.0
7757 73.0
7758 73.0
7759 73.0
7760 73.0
7761 73.0
7762 73.0
7763 73.0
7764 73.0
7765 73.0
7766 73.0
7767 73.0
7768 73.0
7769 73.0
7770 73.0
7771 73.0
7772 73.0
7773 73.0
7774 73.0
7775 73.0
7776 73.0
7777 73.0
7778 73.0
7779 73.0
7780 73.0
7781 73.0
7782 73.0
7783 73.0
7784 73.0
7785 73.0
7786 73.0
7787 73.0
7788 73.0
7789 73.0
7790 73.0
7791 73.0
7792 73.0
7793 73.0
7794 73.0
7795 73.0
7796 73.0
7797 73.0
7798 73.0
7799 73.0
7800 73.0
7801 73.0
7802 73.0
7803 73.0
7804 73.0
7805 73.0
7806 73.0
7807 73.0
7808 73.0
7809 73.0
7810 73.0
7811 73.0
7812 73.0
7813 73.0
7814 73.0
7815 73.0
7816 73.0
7817 73.0
7818 73.0
7819 73.0
7820 73.0
7821 73.0
7822 73.0
7823 73.0
7824 73.0
7825 73.0
7826 73.0
7827 73.0
7828 73.0
7829 73.0
7830 73.0
7831 73.0
7832 73.0
7833 73.0
7834 73.0
7835 73.0
7836 73.0
7837 73.0
7838 73.0
7839 73.0
7840 73.0
7841 73.0
7842 73.0
7843 73.0
7844 73.0
7845 73.0
7846 73.0
7847 73.0
7848 73.0
7849 73.0
7850 73.0
7851 73.0
7852 73.0
7853 73.0
7854 73.0
7855 73.0
7856 73.0
7857 73.0
7858 73.0
7859 73.0
7860 73.0
7861 73.0
7862 73.0
7863 73.0
7864 73.0
7865 73.0
7866 73.0
7867 73.0
7868 73.0
7869 73.0
7870 73.0
7871 73.0
7872 73.0
7873 73.0
7874 73.0
7875 73.0
7876 73.0
7877 73.0
7878 73.0
7879 73.0
7880 73.0
7881 73.0
7882 73.0
7883 73.0
7884 73.0
7885 73.0
7886 73.0
7887 73.0
7888 73.0
7889 73.0
7890 73.0
7891 73.0
7892 73.0
7893 73.0
7894 73.0
7895 73.0
7896 73.0
7897 73.0
7898 73.0
7899 73.0
7900 73.0
7901 73.0
7902 73.0
7903 73.0
7904 73.0
7905 73.0
7906 73.0
7907 73.0
7908 73.0
7909 73.0
7910 73.0
7911 73.0
7912 73.0
7913 73.0
7914 73.0
7915 73.0
7916 73.0
7917 73.0
7918 73.0
7919 73.0
7920 73.0
7921 73.0
7922 73.0
7923 73.0
7924 73.0
7925 73.0
7926 73.0
7927 73.0
7928 73.0
7929 73.0
7930 73.0
7931 73.0
7932 73.0
7933 73.0
7934 73.0
7935 73.0
7936 73.0
7937 73.0
7938 73.0
7939 73.0
7940 73.0
7941 73.0
7942 73.0
7943 73.0
7944 73.0
7945 73.0
7946 73.0
7947 73.0
7948 73.0
7949 73.0
7950 73.0
7951 73.0
7952 73.0
7953 73.0
7954 73.0
7955 73.0
7956 73.0
7957 73.0
7958 73.0
7959 73.0
7960 73.0
7961 73.0
7962 73.0
7963 73.0
7964 73.0
7965 73.0
7966 73.0
7967 73.0
7968 73.0
7969 73.0
7970 73.0
7971 73.0
7972 73.0
7973 73.0
7974 73.0
7975 73.0
7976 73.0
7977 73.0
7978 73.0
7979 73.0
7980 73.0
7981 73.0
7982 73.0
7983 73.0
7984 73.0
7985 73.0
7986 73.0
7987 73.0
7988 73.0
7989 73.0
7990 73.0
7991 73.0
7992 73.0
7993 73.0
7994 73.0
7995 73.0
7996 73.0
7997 73.0
7998 73.0
7999 73.0
8000 73.0
8001 73.0
8002 73.0
8003 73.0
8004 73.0
8005 73.0
8006 73.0
8007 73.0
8008 73.0
8009 73.0
8010 73.0
8011 73.0
8012 73.0
8013 73.0
8014 73.0
8015 73.0
8016 73.0
8017 73.0
8018 73.0
8019 73.0
8020 73.0
8021 73.0
8022 73.0
8023 73.0
8024 73.0
8025 73.0
8026 73.0
8027 73.0
8028 73.0
8029 73.0
8030 73.0
8031 73.0
8032 73.0
8033 73.0
8034 73.0
8035 73.0
8036 73.0
8037 73.0
8038 73.0
8039 73.0
8040 73.0
8041 73.0
8042 73.0
8043 73.0
8044 73.0
8045 73.0
8046 73.0
8047 73.0
8048 73.0
8049 73.0
8050 73.0
8051 73.0
8052 73.0
8053 73.0
8054 73.0
8055 73.0
8056 73.0
8057 73.0
8058 73.0
8059 73.0
8060 73.0
8061 73.0
8062 73.0
8063 73.0
8064 73.0
8065 73.0
8066 73.0
8067 73.0
8068 73.0
8069 73.0
8070 73.0
8071 73.0
8072 73.0
8073 73.0
8074 73.0
8075 73.0
8076 73.0
8077 73.0
8078 73.0
8079 73.0
8080 73.0
8081 73.0
8082 73.0
8083 73.0
8084 73.0
8085 73.0
8086 73.0
8087 73.0
8088 73.0
8089 73.0
8090 73.0
8091 73.0
8092 73.0
8093 73.0
8094 73.0
8095 73.0
8096 73.0
8097 73.0
8098 73.0
8099 73.0
8100 73.0
8101 73.0
8102 73.0
8103 73.0
8104 73.0
8105 73.0
8106 73.0
8107 73.0
8108 73.0
8109 73.0
8110 73.0
8111 73.0
8112 73.0
8113 73.0
8114 73.0
8115 73.0
8116 73.0
8117 73.0
8118 73.0
8119 73.0
8120 73.0
8121 73.0
8122 73.0
8123 73.0
8124 73.0
8125 73.0
8126 73.0
8127 73.0
8128 73.0
8129 73.0
8130 73.0
8131 73.0
8132 73.0
8133 73.0
8134 73.0
8135 73.0
8136 73.0
8137 73.0
8138 73.0
8139 73.0
8140 73.0
8141 73.0
8142 73.0
8143 73.0
8144 73.0
8145 73.0
8146 73.0
8147 73.0
8148 73.0
8149 73.0
8150 73.0
8151 73.0
8152 73.0
8153 73.0
8154 73.0
8155 73.0
8156 73.0
8157 73.0
8158 73.0
8159 73.0
8160 73.0
8161 73.0
8162 73.0
8163 73.0
8164 73.0
8165 73.0
8166 73.0
8167 73.0
8168 73.0
8169 73.0
8170 73.0
8171 73.0
8172 73.0
8173 73.0
8174 73.0
8175 73.0
8176 73.0
8177 73.0
8178 73.0
8179 73.0
8180 73.0
8181 73.0
8182 73.0
8183 73.0
8184 73.0
8185 73.0
8186 73.0
8187 73.0
8188 73.0
8189 73.0
8190 73.0
8191 73.0
8192 73.0
8193 73.0
8194 73.0
8195 73.0
8196 73.0
8197 73.0
8198 73.0
8199 73.0
8200 73.0
8201 73.0
8202 73.0
8203 73.0
8204 73.0
8205 73.0
8206 73.0
8207 73.0
8208 73.0
8209 73.0
8210 73.0
8211 73.0
8212 73.0
8213 73.0
8214 73.0
8215 73.0
8216 73.0
8217 73.0
8218 73.0
8219 73.0
8220 73.0
8221 73.0
8222 73.0
8223 73.0
8224 73.0
8225 73.0
8226 73.0
8227 73.0
8228 73.0
8229 73.0
8230 73.0
8231 73.0
8232 73.0
8233 73.0
8234 73.0
8235 73.0
8236 73.0
8237 73.0
8238 73.0
8239 73.0
8240 73.0
8241 73.0
8242 73.0
8243 73.0
8244 73.0
8245 73.0
8246 73.0
8247 73.0
8248 73.0
8249 73.0
8250 73.0
8251 73.0
8252 73.0
8253 73.0
8254 73.0
8255 73.0
8256 73.0
8257 73.0
8258 73.0
8259 73.0
8260 73.0
8261 73.0
8262 73.0
8263 73.0
8264 73.0
8265 73.0
8266 73.0
8267 73.0
8268 73.0
8269 73.0
8270 73.0
8271 73.0
8272 73.0
8273 73.0
8274 73.0
8275 73.0
8276 73.0
8277 73.0
8278 73.0
8279 73.0
8280 73.0
8281 73.0
8282 73.0
8283 73.0
8284 73.0
8285 73.0
8286 73.0
8287 73.0
8288 73.0
8289 73.0
8290 73.0
8291 73.0
8292 73.0
8293 73.0
8294 73.0
8295 73.0
8296 73.0
8297 73.0
8298 73.0
8299 73.0
8300 73.0
8301 73.0
8302 73.0
8303 73.0
8304 73.0
8305 73.0
8306 73.0
8307 73.0
8308 73.0
8309 73.0
8310 73.0
8311 73.0
8312 73.0
8313 73.0
8314 73.0
8315 73.0
8316 73.0
8317 73.0
8318 73.0
8319 73.0
8320 73.0
8321 73.0
8322 73.0
8323 73.0
8324 73.0
8325 73.0
8326 73.0
8327 73.0
8328 73.0
8329 73.0
8330 73.0
8331 73.0
8332 73.0
8333 73.0
8334 73.0
8335 73.0
8336 73.0
8337 73.0
8338 73.0
8339 73.0
8340 73.0
8341 73.0
8342 73.0
8343 73.0
8344 73.0
8345 73.0
8346 73.0
8347 73.0
8348 73.0
8349 73.0
8350 73.0
8351 73.0
8352 73.0
8353 73.0
8354 73.0
8355 73.0
8356 73.0
8357 73.0
8358 73.0
8359 73.0
8360 73.0
8361 73.0
8362 73.0
8363 73.0
8364 73.0
8365 73.0
8366 73.0
8367 73.0
8368 73.0
8369 73.0
8370 73.0
8371 73.0
8372 73.0
8373 73.0
8374 73.0
8375 73.0
8376 73.0
8377 73.0
8378 73.0
8379 73.0
8380 73.0
8381 73.0
8382 73.0
8383 73.0
8384 73.0
8385 73.0
8386 73.0
8387 73.0
8388 73.0
8389 73.0
8390 73.0
8391 73.0
8392 73.0
8393 73.0
8394 73.0
8395 73.0
8396 73.0
8397 73.0
8398 73.0
8399 73.0
8400 73.0
8401 73.0
8402 73.0
8403 73.0
8404 73.0
8405 73.0
8406 73.0
8407 73.0
8408 73.0
8409 73.0
8410 73.0
8411 73.0
8412 73.0
8413 73.0
8414 73.0
8415 73.0
8416 73.0
8417 73.0
8418 73.0
8419 73.0
8420 73.0
8421 73.0
8422 73.0
8423 73.0
8424 73.0
8425 73.0
8426 73.0
8427 73.0
8428 73.0
8429 73.0
8430 73.0
8431 73.0
8432 73.0
8433 73.0
8434 73.0
8435 73.0
8436 73.0
8437 73.0
8438 73.0
8439 73.0
8440 73.0
8441 73.0
8442 73.0
8443 73.0
8444 73.0
8445 73.0
8446 73.0
8447 73.0
8448 73.0
8449 73.0
8450 73.0
8451 73.0
8452 73.0
8453 73.0
8454 73.0
8455 73.0
8456 73.0
8457 73.0
8458 73.0
8459 73.0
8460 73.0
8461 73.0
8462 73.0
8463 73.0
8464 73.0
8465 73.0
8466 73.0
8467 73.0
8468 73.0
8469 73.0
8470 73.0
8471 73.0
8472 73.0
8473 73.0
8474 73.0
8475 73.0
8476 73.0
8477 73.0
8478 73.0
8479 73.0
8480 73.0
8481 73.0
8482 73.0
8483 73.0
8484 73.0
8485 73.0
8486 73.0
8487 73.0
8488 73.0
8489 73.0
8490 73.0
8491 73.0
8492 73.0
8493 73.0
8494 73.0
8495 73.0
8496 73.0
8497 73.0
8498 73.0
8499 73.0
8500 73.0
8501 73.0
8502 73.0
8503 73.0
8504 73.0
8505 73.0
8506 73.0
8507 73.0
8508 73.0
8509 73.0
8510 73.0
8511 73.0
8512 73.0
8513 73.0
8514 73.0
8515 73.0
8516 73.0
8517 73.0
8518 73.0
8519 73.0
8520 73.0
8521 73.0
8522 73.0
8523 73.0
8524 73.0
8525 73.0
8526 73.0
8527 73.0
8528 73.0
8529 73.0
8530 73.0
8531 73.0
8532 73.0
8533 73.0
8534 73.0
8535 73.0
8536 73.0
8537 73.0
8538 73.0
8539 73.0
8540 73.0
8541 73.0
8542 73.0
8543 73.0
8544 73.0
8545 73.0
8546 73.0
8547 73.0
8548 73.0
8549 73.0
8550 73.0
8551 73.0
8552 73.0
8553 73.0
8554 73.0
8555 73.0
8556 73.0
8557 73.0
8558 73.0
8559 73.0
8560 73.0
8561 73.0
8562 73.0
8563 73.0
8564 73.0
8565 73.0
8566 73.0
8567 73.0
8568 73.0
8569 73.0
8570 73.0
8571 73.0
8572 73.0
8573 73.0
8574 73.0
8575 73.0
8576 73.0
8577 73.0
8578 73.0
8579 73.0
8580 73.0
8581 73.0
8582 73.0
8583 73.0
8584 73.0
8585 73.0
8586 73.0
8587 73.0
8588 73.0
8589 73.0
8590 73.0
8591 73.0
8592 73.0
8593 73.0
8594 73.0
8595 73.0
8596 73.0
8597 73.0
8598 73.0
8599 73.0
8600 73.0
8601 73.0
8602 73.0
8603 73.0
8604 73.0
8605 73.0
8606 73.0
8607 73.0
8608 73.0
8609 73.0
8610 73.0
8611 73.0
8612 73.0
8613 73.0
8614 73.0
8615 73.0
8616 73.0
8617 73.0
8618 73.0
8619 73.0
8620 73.0
8621 73.0
8622 73.0
8623 73.0
8624 73.0
8625 73.0
8626 73.0
8627 73.0
8628 73.0
8629 73.0
8630 73.0
8631 73.0
8632 73.0
8633 73.0
8634 73.0
8635 73.0
8636 73.0
8637 73.0
8638 73.0
8639 73.0
8640 73.0
8641 73.0
8642 73.0
8643 73.0
8644 73.0
8645 73.0
8646 73.0
8647 73.0
8648 73.0
8649 73.0
8650 73.0
8651 73.0
8652 73.0
8653 73.0
8654 73.0
8655 73.0
8656 73.0
8657 73.0
8658 73.0
8659 73.0
8660 73.0
8661 73.0
8662 73.0
8663 73.0
8664 73.0
8665 73.0
8666 73.0
8667 73.0
8668 73.0
8669 73.0
8670 73.0
8671 73.0
8672 73.0
8673 73.0
8674 73.0
8675 73.0
8676 73.0
8677 73.0
8678 73.0
8679 73.0
8680 73.0
8681 73.0
8682 73.0
8683 73.0
8684 73.0
8685 73.0
8686 73.0
8687 73.0
8688 73.0
8689 73.0
8690 73.0
8691 73.0
8692 73.0
8693 73.0
8694 73.0
8695 73.0
8696 73.0
8697 73.0
8698 73.0
8699 73.0
8700 73.0
8701 73.0
8702 73.0
8703 73.0
8704 73.0
8705 73.0
8706 73.0
8707 73.0
8708 73.0
8709 73.0
8710 73.0
8711 73.0
8712 73.0
8713 73.0
8714 73.0
8715 73.0
8716 73.0
8717 73.0
8718 73.0
8719 73.0
8720 73.0
8721 73.0
8722 73.0
8723 73.0
8724 73.0
8725 73.0
8726 73.0
8727 73.0
8728 73.0
8729 73.0
8730 73.0
8731 73.0
8732 73.0
8733 73.0
8734 73.0
8735 73.0
8736 73.0
8737 73.0
8738 73.0
8739 73.0
8740 73.0
8741 73.0
8742 73.0
8743 73.0
8744 73.0
8745 73.0
8746 73.0
8747 73.0
8748 73.0
8749 73.0
8750 73.0
8751 73.0
8752 73.0
8753 73.0
8754 73.0
8755 73.0
8756 73.0
8757 73.0
8758 73.0
8759 73.0
8760 73.0
8761 73.0
8762 73.0
8763 73.0
8764 73.0
8765 73.0
8766 73.0
8767 73.0
8768 73.0
8769 73.0
8770 73.0
8771 73.0
8772 73.0
8773 73.0
8774 73.0
8775 73.0
8776 73.0
8777 73.0
8778 73.0
8779 73.0
8780 73.0
8781 73.0
8782 73.0
8783 73.0
8784 73.0
8785 73.0
8786 73.0
8787 73.0
8788 73.0
8789 73.0
8790 73.0
8791 73.0
8792 73.0
8793 73.0
8794 73.0
8795 73.0
8796 73.0
8797 73.0
8798 73.0
8799 73.0
8800 73.0
8801 73.0
8802 73.0
8803 73.0
8804 73.0
8805 73.0
8806 73.0
8807 73.0
8808 73.0
8809 73.0
8810 73.0
8811 73.0
8812 73.0
8813 73.0
8814 73.0
8815 73.0
8816 73.0
8817 73.0
8818 73.0
8819 73.0
8820 73.0
8821 73.0
8822 73.0
8823 73.0
8824 73.0
8825 73.0
8826 73.0
8827 73.0
8828 73.0
8829 73.0
8830 73.0
8831 73.0
8832 73.0
8833 73.0
8834 73.0
8835 73.0
8836 73.0
8837 73.0
8838 73.0
8839 73.0
8840 73.0
8841 73.0
8842 73.0
8843 73.0
8844 73.0
8845 73.0
8846 73.0
8847 73.0
8848 73.0
8849 73.0
8850 73.0
8851 73.0
8852 73.0
8853 73.0
8854 73.0
8855 73.0
8856 73.0
8857 73.0
8858 73.0
8859 73.0
8860 73.0
8861 73.0
8862 73.0
8863 73.0
8864 73.0
8865 73.0
8866 73.0
8867 73.0
8868 73.0
8869 73.0
8870 73.0
8871 73.0
8872 73.0
8873 73.0
8874 73.0
8875 73.0
8876 73.0
8877 73.0
8878 73.0
8879 73.0
8880 73.0
8881 73.0
8882 73.0
8883 73.0
8884 73.0
8885 73.0
8886 73.0
8887 73.0
8888 73.0
8889 73.0
8890 73.0
8891 73.0
8892 73.0
8893 73.0
8894 73.0
8895 73.0
8896 73.0
8897 73.0
8898 73.0
8899 73.0
8900 73.0
8901 73.0
8902 73.0
8903 73.0
8904 73.0
8905 73.0
8906 73.0
8907 73.0
8908 73.0
8909 73.0
8910 73.0
8911 73.0
8912 73.0
8913 73.0
8914 73.0
8915 73.0
8916 73.0
8917 73.0
8918 73.0
8919 73.0
8920 73.0
8921 73.0
8922 73.0
8923 73.0
8924 73.0
8925 73.0
8926 73.0
8927 73.0
8928 73.0
8929 73.0
8930 73.0
8931 73.0
8932 73.0
8933 73.0
8934 73.0
8935 73.0
8936 73.0
8937 73.0
8938 73.0
8939 73.0
8940 73.0
8941 73.0
8942 73.0
8943 73.0
8944 73.0
8945 73.0
8946 73.0
8947 73.0
8948 73.0
8949 73.0
8950 73.0
8951 73.0
8952 73.0
8953 73.0
8954 73.0
8955 73.0
8956 73.0
8957 73.0
8958 73.0
8959 73.0
8960 73.0
8961 73.0
8962 73.0
8963 73.0
8964 73.0
8965 73.0
8966 73.0
8967 73.0
8968 73.0
8969 73.0
8970 73.0
8971 73.0
8972 73.0
8973 73.0
8974 73.0
8975 73.0
8976 73.0
8977 73.0
8978 73.0
8979 73.0
8980 73.0
8981 73.0
8982 73.0
8983 73.0
8984 73.0
8985 73.0
8986 73.0
8987 73.0
8988 73.0
8989 73.0
8990 73.0
8991 73.0
8992 73.0
8993 73.0
8994 73.0
8995 73.0
8996 73.0
8997 73.0
8998 73.0
8999 73.0
9000 73.0
9001 73.0
9002 73.0
9003 73.0
9004 73.0
9005 73.0
9006 73.0
9007 73.0
9008 73.0
9009 73.0
9010 73.0
9011 73.0
9012 73.0
9013 73.0
9014 73.0
9015 73.0
9016 73.0
9017 73.0
9018 73.0
9019 73.0
9020 73.0
9021 73.0
9022 73.0
9023 73.0
9024 73.0
9025 73.0
9026 73.0
9027 73.0
9028 73.0
9029 73.0
9030 73.0
9031 73.0
9032 73.0
9033 73.0
9034 73.0
9035 73.0
9036 73.0
9037 73.0
9038 73.0
9039 73.0
9040 73.0
9041 73.0
9042 73.0
9043 73.0
9044 73.0
9045 73.0
9046 73.0
9047 73.0
9048 73.0
9049 73.0
9050 73.0
9051 73.0
9052 73.0
9053 73.0
9054 73.0
9055 73.0
9056 73.0
9057 73.0
9058 73.0
9059 73.0
9060 73.0
9061 73.0
9062 73.0
9063 73.0
9064 73.0
9065 73.0
9066 73.0
9067 73.0
9068 73.0
9069 73.0
9070 73.0
9071 73.0
9072 73.0
9073 73.0
9074 73.0
9075 73.0
9076 73.0
9077 73.0
9078 73.0
9079 73.0
9080 73.0
9081 73.0
9082 73.0
9083 73.0
9084 73.0
9085 73.0
9086 73.0
9087 73.0
9088 73.0
9089 73.0
9090 73.0
9091 73.0
9092 73.0
9093 73.0
9094 73.0
9095 73.0
9096 73.0
9097 73.0
9098 73.0
9099 73.0
9100 73.0
9101 73.0
9102 73.0
9103 73.0
9104 73.0
9105 73.0
9106 73.0
9107 73.0
9108 73.0
9109 73.0
9110 73.0
9111 73.0
9112 73.0
9113 73.0
9114 73.0
9115 73.0
9116 73.0
9117 73.0
9118 73.0
9119 73.0
9120 73.0
9121 73.0
9122 73.0
9123 73.0
9124 73.0
9125 73.0
9126 73.0
9127 73.0
9128 73.0
9129 73.0
9130 73.0
9131 73.0
9132 73.0
9133 73.0
9134 73.0
9135 73.0
9136 73.0
9137 73.0
9138 73.0
9139 73.0
9140 73.0
9141 73.0
9142 73.0
9143 73.0
9144 73.0
9145 73.0
9146 73.0
9147 73.0
9148 73.0
9149 73.0
9150 73.0
9151 73.0
9152 73.0
9153 73.0
9154 73.0
9155 73.0
9156 73.0
9157 73.0
9158 73.0
9159 73.0
9160 73.0
9161 73.0
9162 73.0
9163 73.0
9164 73.0
9165 73.0
9166 73.0
9167 73.0
9168 73.0
9169 73.0
9170 73.0
9171 73.0
9172 73.0
9173 73.0
9174 73.0
9175 73.0
9176 73.0
9177 73.0
9178 73.0
9179 73.0
9180 73.0
9181 73.0
9182 73.0
9183 73.0
9184 73.0
9185 73.0
9186 73.0
9187 73.0
9188 73.0
9189 73.0
9190 73.0
9191 73.0
9192 73.0
9193 73.0
9194 73.0
9195 73.0
9196 73.0
9197 73.0
9198 73.0
9199 73.0
9200 73.0
9201 73.0
9202 73.0
9203 73.0
9204 73.0
9205 73.0
9206 73.0
9207 73.0
9208 73.0
9209 73.0
9210 73.0
9211 73.0
9212 73.0
9213 73.0
9214 73.0
9215 73.0
9216 73.0
9217 73.0
9218 73.0
9219 73.0
9220 73.0
9221 73.0
9222 73.0
9223 73.0
9224 73.0
9225 73.0
9226 73.0
9227 73.0
9228 73.0
9229 73.0
9230 73.0
9231 73.0
9232 73.0
9233 73.0
9234 73.0
9235 73.0
9236 73.0
9237 73.0
9238 73.0
9239 73.0
9240 73.0
9241 73.0
9242 73.0
9243 73.0
9244 73.0
9245 73.0
9246 73.0
9247 73.0
9248 73.0
9249 73.0
9250 73.0
9251 73.0
9252 73.0
9253 73.0
9254 73.0
9255 73.0
9256 73.0
9257 73.0
9258 73.0
9259 73.0
9260 73.0
9261 73.0
9262 73.0
9263 73.0
9264 73.0
9265 73.0
9266 73.0
9267 73.0
9268 73.0
9269 73.0
9270 73.0
9271 73.0
9272 73.0
9273 73.0
9274 73.0
9275 73.0
9276 73.0
9277 73.0
9278 73.0
9279 73.0
9280 73.0
9281 73.0
9282 73.0
9283 73.0
9284 73.0
9285 73.0
9286 73.0
9287 73.0
9288 73.0
9289 73.0
9290 73.0
9291 73.0
9292 73.0
9293 73.0
9294 73.0
9295 73.0
9296 73.0
9297 73.0
9298 73.0
9299 73.0
9300 73.0
9301 73.0
9302 73.0
9303 73.0
9304 73.0
9305 73.0
9306 73.0
9307 73.0
9308 73.0
9309 73.0
9310 73.0
9311 73.0
9312 73.0
9313 73.0
9314 73.0
9315 73.0
9316 73.0
9317 73.0
9318 73.0
9319 73.0
9320 73.0
9321 73.0
9322 73.0
9323 73.0
9324 73.0
9325 73.0
9326 73.0
9327 73.0
9328 73.0
9329 73.0
9330 73.0
9331 73.0
9332 73.0
9333 73.0
9334 73.0
9335 73.0
9336 73.0
9337 73.0
9338 73.0
9339 73.0
9340 73.0
9341 73.0
9342 73.0
9343 73.0
9344 73.0
9345 73.0
9346 73.0
9347 73.0
9348 73.0
9349 73.0
9350 73.0
9351 73.0
9352 73.0
9353 73.0
9354 73.0
9355 73.0
9356 73.0
9357 73.0
9358 73.0
9359 73.0
9360 73.0
9361 73.0
9362 73.0
9363 73.0
9364 73.0
9365 73.0
9366 73.0
9367 73.0
9368 73.0
9369 73.0
9370 73.0
9371 73.0
9372 73.0
9373 73.0
9374 73.0
9375 73.0
9376 73.0
9377 73.0
9378 73.0
9379 73.0
9380 73.0
9381 73.0
9382 73.0
9383 73.0
9384 73.0
9385 73.0
9386 73.0
9387 73.0
9388 73.0
9389 73.0
9390 73.0
9391 73.0
9392 73.0
9393 73.0
9394 73.0
9395 73.0
9396 73.0
9397 73.0
9398 73.0
9399 73.0
9400 73.0
9401 73.0
9402 73.0
9403 73.0
9404 73.0
9405 73.0
9406 73.0
9407 73.0
9408 73.0
9409 73.0
9410 73.0
9411 73.0
9412 73.0
9413 73.0
9414 73.0
9415 73.0
9416 73.0
9417 73.0
9418 73.0
9419 73.0
9420 73.0
9421 73.0
9422 73.0
9423 73.0
9424 73.0
9425 73.0
9426 73.0
9427 73.0
9428 73.0
9429 73.0
9430 73.0
9431 73.0
9432 73.0
9433 73.0
9434 73.0
9435 73.0
9436 73.0
9437 73.0
9438 73.0
9439 73.0
9440 73.0
9441 73.0
9442 73.0
9443 73.0
9444 73.0
9445 73.0
9446 73.0
9447 73.0
9448 73.0
9449 73.0
9450 73.0
9451 73.0
9452 73.0
9453 73.0
9454 73.0
9455 73.0
9456 73.0
9457 73.0
9458 73.0
9459 73.0
9460 73.0
9461 73.0
9462 73.0
9463 73.0
9464 73.0
9465 73.0
9466 73.0
9467 73.0
9468 73.0
9469 73.0
9470 73.0
9471 73.0
9472 73.0
9473 73.0
9474 73.0
9475 73.0
9476 73.0
9477 73.0
9478 73.0
9479 73.0
9480 73.0
9481 73.0
9482 73.0
9483 73.0
9484 73.0
9485 73.0
9486 73.0
9487 73.0
9488 73.0
9489 73.0
9490 73.0
9491 73.0
9492 73.0
9493 73.0
9494 73.0
9495 73.0
9496 73.0
9497 73.0
9498 73.0
9499 73.0
9500 73.0
9501 73.0
9502 73.0
9503 73.0
9504 73.0
9505 73.0
9506 73.0
9507 73.0
9508 73.0
9509 73.0
9510 73.0
9511 73.0
9512 73.0
9513 73.0
9514 73.0
9515 73.0
9516 73.0
9517 73.0
9518 73.0
9519 73.0
9520 73.0
9521 73.0
9522 73.0
9523 73.0
9524 73.0
9525 73.0
9526 73.0
9527 73.0
9528 73.0
9529 73.0
9530 73.0
9531 73.0
9532 73.0
9533 73.0
9534 73.0
9535 73.0
9536 73.0
9537 73.0
9538 73.0
9539 73.0
9540 73.0
9541 73.0
9542 73.0
9543 73.0
9544 73.0
9545 73.0
9546 73.0
9547 73.0
9548 73.0
9549 73.0
9550 73.0
9551 73.0
9552 73.0
9553 73.0
9554 73.0
9555 73.0
9556 73.0
9557 73.0
9558 73.0
9559 73.0
9560 73.0
9561 73.0
9562 73.0
9563 73.0
9564 73.0
9565 73.0
9566 73.0
9567 73.0
9568 73.0
9569 73.0
9570 73.0
9571 73.0
9572 73.0
9573 73.0
9574 73.0
9575 73.0
9576 73.0
9577 73.0
9578 73.0
9579 73.0
9580 73.0
9581 73.0
9582 73.0
9583 73.0
9584 73.0
9585 73.0
9586 73.0
9587 73.0
9588 73.0
9589 73.0
9590 73.0
9591 73.0
9592 73.0
9593 73.0
9594 73.0
9595 73.0
9596 73.0
9597 73.0
9598 73.0
9599 73.0
9600 73.0
9601 73.0
9602 73.0
9603 73.0
9604 73.0
9605 73.0
9606 73.0
9607 73.0
9608 73.0
9609 73.0
9610 73.0
9611 73.0
9612 73.0
9613 73.0
9614 73.0
9615 73.0
9616 73.0
9617 73.0
9618 73.0
9619 73.0
9620 73.0
9621 73.0
9622 73.0
9623 73.0
9624 73.0
9625 73.0
9626 73.0
9627 73.0
9628 73.0
9629 73.0
9630 73.0
9631 73.0
9632 73.0
9633 73.0
9634 73.0
9635 73.0
9636 73.0
9637 73.0
9638 73.0
9639 73.0
9640 73.0
9641 73.0
9642 73.0
9643 73.0
9644 73.0
9645 73.0
9646 73.0
9647 73.0
9648 73.0
9649 73.0
9650 73.0
9651 73.0
9652 73.0
9653 73.0
9654 73.0
9655 73.0
9656 73.0
9657 73.0
9658 73.0
9659 73.0
9660 73.0
9661 73.0
9662 73.0
9663 73.0
9664 73.0
9665 73.0
9666 73.0
9667 73.0
9668 73.0
9669 73.0
9670 73.0
9671 73.0
9672 73.0
9673 73.0
9674 73.0
9675 73.0
9676 73.0
9677 73.0
9678 73.0
9679 73.0
9680 73.0
9681 73.0
9682 73.0
9683 73.0
9684 73.0
9685 73.0
9686 73.0
9687 73.0
9688 73.0
9689 73.0
9690 73.0
9691 73.0
9692 73.0
9693 73.0
9694 73.0
9695 73.0
9696 73.0
9697 73.0
9698 73.0
9699 73.0
9700 73.0
9701 73.0
9702 73.0
9703 73.0
9704 73.0
9705 73.0
9706 73.0
9707 73.0
9708 73.0
9709 73.0
9710 73.0
9711 73.0
9712 73.0
9713 73.0
9714 73.0
9715 73.0
9716 73.0
9717 73.0
9718 73.0
9719 73.0
9720 73.0
9721 73.0
9722 73.0
9723 73.0
9724 73.0
9725 73.0
9726 73.0
9727 73.0
9728 73.0
9729 73.0
9730 73.0
9731 73.0
9732 73.0
9733 73.0
9734 73.0
9735 73.0
9736 73.0
9737 73.0
9738 73.0
9739 73.0
9740 73.0
9741 73.0
9742 73.0
9743 73.0
9744 73.0
9745 73.0
9746 73.0
9747 73.0
9748 73.0
9749 73.0
9750 73.0
9751 73.0
9752 73.0
9753 73.0
9754 73.0
9755 73.0
9756 73.0
9757 73.0
9758 73.0
9759 73.0
9760 73.0
9761 73.0
9762 73.0
9763 73.0
9764 73.0
9765 73.0
9766 73.0
9767 73.0
9768 73.0
9769 73.0
9770 73.0
9771 73.0
9772 73.0
9773 73.0
9774 73.0
9775 73.0
9776 73.0
9777 73.0
9778 73.0
9779 73.0
9780 73.0
9781 73.0
9782 73.0
9783 73.0
9784 73.0
9785 73.0
9786 73.0
9787 73.0
9788 73.0
9789 73.0
9790 73.0
9791 73.0
9792 73.0
9793 73.0
9794 73.0
9795 73.0
9796 73.0
9797 73.0
9798 73.0
9799 73.0
9800 73.0
9801 73.0
9802 73.0
9803 73.0
9804 73.0
9805 73.0
9806 73.0
9807 73.0
9808 73.0
9809 73.0
9810 73.0
9811 73.0
9812 73.0
9813 73.0
9814 73.0
9815 73.0
9816 73.0
9817 73.0
9818 73.0
9819 73.0
9820 73.0
9821 73.0
9822 73.0
9823 73.0
9824 73.0
9825 73.0
9826 73.0
9827 73.0
9828 73.0
9829 73.0
9830 73.0
9831 73.0
9832 73.0
9833 73.0
9834 73.0
9835 73.0
9836 73.0
9837 73.0
9838 73.0
9839 73.0
9840 73.0
9841 73.0
9842 73.0
9843 73.0
9844 73.0
9845 73.0
9846 73.0
9847 73.0
9848 73.0
9849 73.0
9850 73.0
9851 73.0
9852 73.0
9853 73.0
9854 73.0
9855 73.0
9856 73.0
9857 73.0
9858 73.0
9859 73.0
9860 73.0
9861 73.0
9862 73.0
9863 73.0
9864 73.0
9865 73.0
9866 73.0
9867 73.0
9868 73.0
9869 73.0
9870 73.0
9871 73.0
9872 73.0
9873 73.0
9874 73.0
9875 73.0
9876 73.0
9877 73.0
9878 73.0
9879 73.0
9880 73.0
9881 73.0
9882 73.0
9883 73.0
9884 73.0
9885 73.0
9886 73.0
9887 73.0
9888 73.0
9889 73.0
9890 73.0
9891 73.0
9892 73.0
9893 73.0
9894 73.0
9895 73.0
9896 73.0
9897 73.0
9898 73.0
9899 73.0
9900 73.0
9901 73.0
9902 73.0
9903 73.0
9904 73.0
9905 73.0
9906 73.0
9907 73.0
9908 73.0
9909 73.0
9910 73.0
9911 73.0
9912 73.0
9913 73.0
9914 73.0
9915 73.0
9916 73.0
9917 73.0
9918 73.0
9919 73.0
9920 73.0
9921 73.0
9922 73.0
9923 73.0
9924 73.0
9925 73.0
9926 73.0
9927 73.0
9928 73.0
9929 73.0
9930 73.0
9931 73.0
9932 73.0
9933 73.0
9934 73.0
9935 73.0
9936 73.0
9937 73.0
9938 73.0
9939 73.0
9940 73.0
9941 73.0
9942 73.0
9943 73.0
9944 73.0
9945 73.0
9946 73.0
9947 73.0
9948 73.0
9949 73.0
9950 73.0
9951 73.0
9952 73.0
9953 73.0
9954 73.0
9955 73.0
9956 73.0
9957 73.0
9958 73.0
9959 73.0
9960 73.0
9961 73.0
9962 73.0
9963 73.0
9964 73.0
9965 73.0
9966 73.0
9967 73.0
9968 73.0
9969 73.0
9970 73.0
9971 73.0
9972 73.0
9973 73.0
9974 73.0
9975 73.0
9976 73.0
9977 73.0
9978 73.0
9979 73.0
9980 73.0
9981 73.0
9982 73.0
9983 73.0
9984 73.0
9985 73.0
9986 73.0
9987 73.0
9988 73.0
9989 73.0
9990 73.0
9991 73.0
9992 73.0
9993 73.0
9994 73.0
9995 73.0
9996 73.0
9997 73.0
9998 73.0
9999 73.0
10000 73.0
10001 73.0
