# evaluation best
1 0.0
2 9.0
3 9.0
4 10.0
5 10.0
6 10.0
7 13.0
8 24.0
9 26.0
10 26.0
11 26.0
12 26.0
13 26.0
14 26.0
15 26.0
16 26.0
17 26.0
18 35.0
19 35.0
20 35.0
21 35.0
22 35.0
23 35.0
24 35.0
25 35.0
26 35.0
27 35.0
28 35.0
29 35.0
30 35.0
31 35.0
32 35.0
33 35.0
34 35.0
35 35.0
36 35.0
37 35.0
38 35.0
39 35.0
40 39.0
41 41.0
42 41.0
43 41.0
44 41.0
45 41.0
46 41.0
47 41.0
48 41.0
49 44.0
50 44.0
51 44.0
52 44.0
53 44.0
54 44.0
55 44.0
56 44.0
57 44.0
58 44.0
59 44.0
60 44.0
61 44.0
62 44.0
63 44.0
64 44.0
65 44.0
66 44.0
67 44.0
68 44.0
69 49.0
70 49.0
71 49.0
72 49.0
73 49.0
74 49.0
75 49.0
76 49.0
77 55.0
78 55.0
79 55.0
80 55.0
81 55.0
82 55.0
83 55.0
84 55.0
85 55.0
86 55.0
87 55.0
88 55.0
89 55.0
90 55.0
91 55.0
92 55.0
93 55.0
94 55.0
95 55.0
96 55.0
97 55.0
98 55.0
99 55.0
100 55.0
101 55.0
102 55.0
103 55.0
104 55.0
105 55.0
106 55.0
107 55.0
108 55.0
109 55.0
110 55.0
111 55.0
112 55.0
113 55.0
114 55.0
115 55.0
116 55.0
117 55.0
118 55.0
119 55.0
120 55.0
121 55.0
122 55.0
123 55.0
124 55.0
125 55.0
126 55.0
127 55.0
128 55.0
129 55.0
130 55.0
131 55.0
132 55.0
133 55.0
134 55.0
135 55.0
136 55.0
137 55.0
138 55.0
139 55.0
140 55.0
141 55.0
142 55.0
143 55.0
144 55.0
145 55.0
146 55.0
147 55.0
148 55.0
149 55.0
150 55.0
151 55.0
152 55.0
153 55.0
154 55.0
155 55.0
156 55.0
157 55.0
158 55.0
159 55.0
160 55.0
161 55.0
162 55.0
163 55.0
164 55.0
165 55.0
166 55.0
167 55.0
168 55.0
169 55.0
170 55.0
171 55.0
172 55.0
173 55.0
174 55.0
175 55.0
176 55.0
177 55.0
178 55.0
179 55.0
180 55.0
181 55.0
182 55.0
183 55.0
184 55.0
185 55.0
186 55.0
187 55.0
188 55.0
189 55.0
190 55.0
191 55.0
192 55.0
193 55.0
194 55.0
195 55.0
196 55.0
197 55.0
198 55.0
199 55.0
200 55.0
201 55.0
202 55.0
203 55.0
204 55.0
205 55.0
206 55.0
207 55.0
208 55.0
209 55.0
210 55.0
211 55.0
212 55.0
213 55.0
214 55.0
215 55.0
216 55.0
217 55.0
218 55.0
219 55.0
220 55.0
221 55.0
222 55.0
223 58.0
224 58.0
225 58.0
226 58.0
227 58.0
228 58.0
229 58.0
230 58.0
231 65.0
232 65.0
233 65.0
234 65.0
235 65.0
236 65.0
237 65.0
238 65.0
239 65.0
240 65.0
241 65.0
242 65.0
243 65.0
244 65.0
245 65.0
246 65.0
247 65.0
248 65.0
249 65.0
250 65.0
251 65.0
252 65.0
253 65.0
254 65.0
255 65.0
256 65.0
257 65.0
258 65.0
259 65.0
260 65.0
261 65.0
262 65.0
263 65.0
264 65.0
265 65.0
266 65.0
267 65.0
268 65.0
269 65.0
270 65.0
271 65.0
272 65.0
273 65.0
274 65.0
275 65.0
276 65.0
277 65.0
278 65.0
279 65.0
280 65.0
281 65.0
282 65.0
283 65.0
284 65.0
285 65.0
286 65.0
287 65.0
288 65.0
289 65.0
290 65.0
291 65.0
292 65.0
293 65.0
294 65.0
295 65.0
296 65.0
297 65.0
298 65.0
299 65.0
300 65.0
301 65.0
302 65.0
303 65.0
304 65.0
305 65.0
306 65.0
307 65.0
308 65.0
309 65.0
310 65.0
311 65.0
312 65.0
313 65.0
314 65.0
315 65.0
316 65.0
317 65.0
318 65.0
319 65.0
320 65.0
321 65.0
322 65.0
323 65.0
324 65.0
325 65.0
326 65.0
327 65.0
328 65.0
329 65.0
330 65.0
331 65.0
332 65.0
333 65.0
334 65.0
335 65.0
336 65.0
337 65.0
338 65.0
339 65.0
340 65.0
341 65.0
342 65.0
343 65.0
344 65.0
345 65.0
346 65.0
347 65.0
348 65.0
349 65.0
350 65.0
351 65.0
352 65.0
353 65.0
354 65.0
355 65.0
356 65.0
357 65.0
358 65.0
359 65.0
360 65.0
361 65.0
362 65.0
363 65.0
364 65.0
365 65.0
366 65.0
367 65.0
368 65.0
369 65.0
370 65.0
371 65.0
372 65.0
373 65.0
374 65.0
375 65.0
376 65.0
377 65.0
378 65.0
379 65.0
380 65.0
381 65.0
382 65.0
383 65.0
384 65.0
385 65.0
386 65.0
387 65.0
388 65.0
389 65.0
390 65.0
391 65.0
392 65.0
393 65.0
394 65.0
395 65.0
396 65.0
397 65.0
398 65.0
399 65.0
400 65.0
401 65.0
402 65.0
403 65.0
404 65.0
405 65.0
406 65.0
407 65.0
408 65.0
409 65.0
410 65.0
411 65.0
412 65.0
413 65.0
414 65.0
415 65.0
416 65.0
417 65.0
418 65.0
419 65.0
420 65.0
421 65.0
422 65.0
423 65.0
424 65.0
425 65.0
426 65.0
427 65.0
428 65.0
429 65.0
430 65.0
431 65.0
432 65.0
433 65.0
434 65.0
435 65.0
436 65.0
437 65.0
438 65.0
439 65.0
440 65.0
441 65.0
442 65.0
443 65.0
444 65.0
445 65.0
446 65.0
447 65.0
448 65.0
449 65.0
450 65.0
451 65.0
452 65.0
453 65.0
454 65.0
455 65.0
456 65.0
457 65.0
458 65.0
459 65.0
460 65.0
461 65.0
462 65.0
463 65.0
464 65.0
465 65.0
466 65.0
467 65.0
468 65.0
469 65.0
470 65.0
471 65.0
472 65.0
473 65.0
474 65.0
475 65.0
476 65.0
477 65.0
478 65.0
479 65.0
480 65.0
481 65.0
482 65.0
483 65.0
484 65.0
485 65.0
486 65.0
487 65.0
488 65.0
489 65.0
490 65.0
491 65.0
492 65.0
493 65.0
494 65.0
495 65.0
496 65.0
497 65.0
498 65.0
499 65.0
500 65.0
501 65.0
502 65.0
503 65.0
504 65.0
505 65.0
506 65.0
507 65.0
508 65.0
509 65.0
510 65.0
511 65.0
512 65.0
513 65.0
514 65.0
515 65.0
516 65.0
517 65.0
518 65.0
519 65.0
520 65.0
521 65.0
522 65.0
523 65.0
524 65.0
525 65.0
526 65.0
527 65.0
528 65.0
529 65.0
530 65.0
531 65.0
532 65.0
533 65.0
534 65.0
535 65.0
536 65.0
537 65.0
538 65.0
539 65.0
540 65.0
541 65.0
542 65.0
543 65.0
544 65.0
545 65.0
546 65.0
547 65.0
548 65.0
549 65.0
550 65.0
551 65.0
552 65.0
553 65.0
554 65.0
555 65.0
556 65.0
557 65.0
558 65.0
559 65.0
560 65.0
561 65.0
562 65.0
563 65.0
564 65.0
565 65.0
566 65.0
567 65.0
568 65.0
569 65.0
570 65.0
571 65.0
572 65.0
573 65.0
574 65.0
575 65.0
576 65.0
577 65.0
578 65.0
579 65.0
580 65.0
581 65.0
582 65.0
583 65.0
584 65.0
585 65.0
586 65.0
587 65.0
588 65.0
589 65.0
590 65.0
591 65.0
592 65.0
593 65.0
594 65.0
595 65.0
596 65.0
597 65.0
598 65.0
599 65.0
600 65.0
601 65.0
602 65.0
603 65.0
604 65.0
605 65.0
606 65.0
607 65.0
608 65.0
609 65.0
610 65.0
611 65.0
612 65.0
613 65.0
614 65.0
615 65.0
616 65.0
617 65.0
618 65.0
619 65.0
620 65.0
621 65.0
622 65.0
623 65.0
624 65.0
625 65.0
626 65.0
627 65.0
628 65.0
629 65.0
630 65.0
631 65.0
632 65.0
633 65.0
634 65.0
635 65.0
636 65.0
637 65.0
638 65.0
639 65.0
640 65.0
641 65.0
642 65.0
643 65.0
644 65.0
645 65.0
646 65.0
647 65.0
648 65.0
649 65.0
650 65.0
651 65.0
652 65.0
653 65.0
654 65.0
655 65.0
656 65.0
657 65.0
658 65.0
659 65.0
660 65.0
661 65.0
662 65.0
663 65.0
664 65.0
665 65.0
666 65.0
667 65.0
668 65.0
669 65.0
670 65.0
671 65.0
672 65.0
673 65.0
674 65.0
675 65.0
676 65.0
677 65.0
678 65.0
679 65.0
680 65.0
681 65.0
682 65.0
683 65.0
684 65.0
685 65.0
686 65.0
687 65.0
688 65.0
689 65.0
690 65.0
691 65.0
692 65.0
693 65.0
694 65.0
695 65.0
696 65.0
697 65.0
698 65.0
699 65.0
700 65.0
701 65.0
702 65.0
703 65.0
704 65.0
705 65.0
706 65.0
707 65.0
708 65.0
709 65.0
710 65.0
711 65.0
712 65.0
713 65.0
714 65.0
715 65.0
716 65.0
717 65.0
718 65.0
719 65.0
720 65.0
721 65.0
722 65.0
723 65.0
724 65.0
725 65.0
726 65.0
727 65.0
728 65.0
729 65.0
730 65.0
731 65.0
732 65.0
733 65.0
734 65.0
735 65.0
736 65.0
737 65.0
738 65.0
739 65.0
740 65.0
741 65.0
742 65.0
743 65.0
744 65.0
745 65.0
746 65.0
747 65.0
748 65.0
749 65.0
750 65.0
751 65.0
752 65.0
753 65.0
754 65.0
755 65.0
756 65.0
757 65.0
758 65.0
759 65.0
760 65.0
761 65.0
762 65.0
763 65.0
764 65.0
765 65.0
766 65.0
767 65.0
768 65.0
769 65.0
770 65.0
771 65.0
772 65.0
773 65.0
774 65.0
775 65.0
776 65.0
777 65.0
778 65.0
779 65.0
780 65.0
781 65.0
782 65.0
783 65.0
784 65.0
785 65.0
786 65.0
787 65.0
788 65.0
789 65.0
790 65.0
791 65.0
792 65.0
793 65.0
794 65.0
795 65.0
796 65.0
797 65.0
798 65.0
799 65.0
800 65.0
801 65.0
802 65.0
803 65.0
804 65.0
805 65.0
806 65.0
807 65.0
808 65.0
809 65.0
810 65.0
811 65.0
812 65.0
813 65.0
814 65.0
815 65.0
816 65.0
817 65.0
818 65.0
819 65.0
820 65.0
821 65.0
822 65.0
823 65.0
824 65.0
825 65.0
826 65.0
827 65.0
828 65.0
829 65.0
830 65.0
831 65.0
832 65.0
833 65.0
834 65.0
835 65.0
836 65.0
837 65.0
838 65.0
839 65.0
840 65.0
841 65.0
842 65.0
843 65.0
844 65.0
845 65.0
846 65.0
847 65.0
848 65.0
849 65.0
850 65.0
851 65.0
852 65.0
853 65.0
854 65.0
855 65.0
856 65.0
857 65.0
858 65.0
859 65.0
860 65.0
861 65.0
862 65.0
863 65.0
864 65.0
865 65.0
866 65.0
867 65.0
868 65.0
869 65.0
870 65.0
871 65.0
872 65.0
873 65.0
874 65.0
875 65.0
876 65.0
877 65.0
878 65.0
879 65.0
880 65.0
881 65.0
882 65.0
883 65.0
884 65.0
885 65.0
886 65.0
887 65.0
888 65.0
889 65.0
890 65.0
891 65.0
892 65.0
893 65.0
894 65.0
895 65.0
896 65.0
897 65.0
898 65.0
899 65.0
900 65.0
901 65.0
902 65.0
903 65.0
904 65.0
905 65.0
906 65.0
907 65.0
908 65.0
909 65.0
910 65.0
911 65.0
912 65.0
913 65.0
914 65.0
915 65.0
916 65.0
917 65.0
918 65.0
919 65.0
920 65.0
921 65.0
922 65.0
923 65.0
924 65.0
925 65.0
926 65.0
927 65.0
928 65.0
929 65.0
930 65.0
931 65.0
932 65.0
933 65.0
934 65.0
935 65.0
936 65.0
937 65.0
938 65.0
939 65.0
940 65.0
941 65.0
942 65.0
943 65.0
944 65.0
945 65.0
946 65.0
947 65.0
948 65.0
949 65.0
950 65.0
951 65.0
952 65.0
953 65.0
954 65.0
955 65.0
956 65.0
957 65.0
958 65.0
959 65.0
960 65.0
961 65.0
962 65.0
963 65.0
964 65.0
965 65.0
966 65.0
967 65.0
968 65.0
969 65.0
970 65.0
971 65.0
972 65.0
973 65.0
974 65.0
975 65.0
976 65.0
977 65.0
978 65.0
979 65.0
980 65.0
981 65.0
982 65.0
983 65.0
984 65.0
985 65.0
986 65.0
987 65.0
988 65.0
989 65.0
990 65.0
991 65.0
992 65.0
993 65.0
994 65.0
995 65.0
996 65.0
997 65.0
998 65.0
999 65.0
1000 65.0
1001 65.0
1002 65.0
1003 65.0
1004 65.0
1005 65.0
1006 65.0
1007 65.0
1008 65.0
1009 65.0
1010 65.0
1011 65.0
1012 65.0
1013 65.0
1014 65.0
1015 65.0
1016 65.0
1017 65.0
1018 65.0
1019 65.0
1020 65.0
1021 65.0
1022 65.0
1023 65.0
1024 65.0
1025 65.0
1026 65.0
1027 65.0
1028 65.0
1029 65.0
1030 65.0
1031 65.0
1032 65.0
1033 65.0
1034 65.0
1035 65.0
1036 65.0
1037 65.0
1038 65.0
1039 65.0
1040 65.0
1041 65.0
1042 65.0
1043 65.0
1044 65.0
1045 65.0
1046 65.0
1047 65.0
1048 65.0
1049 65.0
1050 65.0
1051 65.0
1052 65.0
1053 65.0
1054 65.0
1055 65.0
1056 65.0
1057 65.0
1058 65.0
1059 65.0
1060 65.0
1061 65.0
1062 65.0
1063 65.0
1064 65.0
1065 65.0
1066 65.0
1067 65.0
1068 65.0
1069 65.0
1070 65.0
1071 65.0
1072 65.0
1073 65.0
1074 65.0
1075 65.0
1076 65.0
1077 65.0
1078 65.0
1079 65.0
1080 65.0
1081 65.0
1082 65.0
1083 65.0
1084 65.0
1085 65.0
1086 65.0
1087 65.0
1088 65.0
1089 65.0
1090 65.0
1091 65.0
1092 65.0
1093 65.0
1094 65.0
1095 65.0
1096 65.0
1097 65.0
1098 65.0
1099 65.0
1100 65.0
1101 65.0
1102 65.0
1103 65.0
1104 65.0
1105 65.0
1106 65.0
1107 65.0
1108 65.0
1109 65.0
1110 65.0
1111 65.0
1112 65.0
1113 65.0
1114 65.0
1115 65.0
1116 65.0
1117 65.0
1118 65.0
1119 65.0
1120 65.0
1121 65.0
1122 65.0
1123 65.0
1124 65.0
1125 65.0
1126 65.0
1127 65.0
1128 65.0
1129 65.0
1130 65.0
1131 65.0
1132 65.0
1133 65.0
1134 65.0
1135 65.0
1136 65.0
1137 65.0
1138 65.0
1139 65.0
1140 65.0
1141 65.0
1142 65.0
1143 65.0
1144 65.0
1145 65.0
1146 65.0
1147 65.0
1148 65.0
1149 65.0
1150 65.0
1151 65.0
1152 65.0
1153 65.0
1154 65.0
1155 65.0
1156 65.0
1157 65.0
1158 65.0
1159 65.0
1160 65.0
1161 65.0
1162 65.0
1163 65.0
1164 65.0
1165 65.0
1166 65.0
1167 65.0
1168 65.0
1169 65.0
1170 65.0
1171 65.0
1172 65.0
1173 65.0
1174 65.0
1175 65.0
1176 65.0
1177 65.0
1178 65.0
1179 65.0
1180 65.0
1181 65.0
1182 65.0
1183 65.0
1184 65.0
1185 65.0
1186 65.0
1187 65.0
1188 65.0
1189 65.0
1190 65.0
1191 65.0
1192 65.0
1193 65.0
1194 65.0
1195 65.0
1196 65.0
1197 65.0
1198 65.0
1199 65.0
1200 65.0
1201 65.0
1202 65.0
1203 65.0
1204 65.0
1205 65.0
1206 65.0
1207 65.0
1208 65.0
1209 65.0
1210 65.0
1211 65.0
1212 65.0
1213 65.0
1214 65.0
1215 65.0
1216 65.0
1217 65.0
1218 65.0
1219 65.0
1220 65.0
1221 65.0
1222 65.0
1223 65.0
1224 65.0
1225 65.0
1226 65.0
1227 65.0
1228 65.0
1229 65.0
1230 65.0
1231 65.0
1232 65.0
1233 65.0
1234 65.0
1235 65.0
1236 65.0
1237 65.0
1238 65.0
1239 65.0
1240 65.0
1241 65.0
1242 65.0
1243 65.0
1244 65.0
1245 65.0
1246 65.0
1247 65.0
1248 65.0
1249 65.0
1250 65.0
1251 65.0
1252 65.0
1253 65.0
1254 65.0
1255 65.0
1256 65.0
1257 65.0
1258 65.0
1259 65.0
1260 65.0
1261 65.0
1262 65.0
1263 65.0
1264 65.0
1265 65.0
1266 65.0
1267 65.0
1268 65.0
1269 65.0
1270 65.0
1271 65.0
1272 65.0
1273 65.0
1274 65.0
1275 65.0
1276 65.0
1277 65.0
1278 65.0
1279 65.0
1280 65.0
1281 65.0
1282 65.0
1283 65.0
1284 65.0
1285 65.0
1286 65.0
1287 65.0
1288 65.0
1289 65.0
1290 65.0
1291 65.0
1292 65.0
1293 65.0
1294 65.0
1295 65.0
1296 65.0
1297 65.0
1298 65.0
1299 65.0
1300 65.0
1301 65.0
1302 65.0
1303 65.0
1304 65.0
1305 65.0
1306 65.0
1307 65.0
1308 65.0
1309 65.0
1310 65.0
1311 65.0
1312 65.0
1313 65.0
1314 65.0
1315 65.0
1316 65.0
1317 65.0
1318 65.0
1319 65.0
1320 65.0
1321 65.0
1322 65.0
1323 65.0
1324 65.0
1325 65.0
1326 65.0
1327 65.0
1328 65.0
1329 65.0
1330 65.0
1331 65.0
1332 65.0
1333 65.0
1334 65.0
1335 65.0
1336 65.0
1337 65.0
1338 65.0
1339 65.0
1340 65.0
1341 65.0
1342 65.0
1343 65.0
1344 65.0
1345 65.0
1346 65.0
1347 65.0
1348 65.0
1349 65.0
1350 65.0
1351 65.0
1352 65.0
1353 65.0
1354 65.0
1355 65.0
1356 65.0
1357 65.0
1358 65.0
1359 65.0
1360 65.0
1361 65.0
1362 65.0
1363 65.0
1364 65.0
1365 65.0
1366 65.0
1367 65.0
1368 65.0
1369 65.0
1370 65.0
1371 65.0
1372 65.0
1373 65.0
1374 65.0
1375 65.0
1376 65.0
1377 65.0
1378 65.0
1379 65.0
1380 65.0
1381 65.0
1382 65.0
1383 65.0
1384 65.0
1385 65.0
1386 65.0
1387 65.0
1388 65.0
1389 65.0
1390 65.0
1391 65.0
1392 65.0
1393 65.0
1394 65.0
1395 65.0
1396 65.0
1397 65.0
1398 65.0
1399 65.0
1400 65.0
1401 65.0
1402 65.0
1403 65.0
1404 65.0
1405 65.0
1406 65.0
1407 65.0
1408 65.0
1409 65.0
1410 65.0
1411 65.0
1412 65.0
1413 65.0
1414 71.0
1415 71.0
1416 71.0
1417 71.0
1418 71.0
1419 71.0
1420 71.0
1421 71.0
1422 71.0
1423 71.0
1424 71.0
1425 71.0
1426 71.0
1427 71.0
1428 71.0
1429 71.0
1430 71.0
1431 71.0
1432 71.0
1433 71.0
1434 71.0
1435 71.0
1436 71.0
1437 71.0
1438 71.0
1439 71.0
1440 71.0
1441 71.0
1442 71.0
1443 71.0
1444 71.0
1445 71.0
1446 71.0
1447 71.0
1448 71.0
1449 71.0
1450 71.0
1451 71.0
1452 71.0
1453 71.0
1454 71.0
1455 71.0
1456 71.0
1457 71.0
1458 71.0
1459 71.0
1460 71.0
1461 71.0
1462 71.0
1463 71.0
1464 71.0
1465 71.0
1466 71.0
1467 71.0
1468 71.0
1469 71.0
1470 71.0
1471 71.0
1472 71.0
1473 71.0
1474 71.0
1475 71.0
1476 71.0
1477 71.0
1478 71.0
1479 71.0
1480 71.0
1481 71.0
1482 71.0
1483 71.0
1484 71.0
1485 71.0
1486 71.0
1487 71.0
1488 71.0
1489 71.0
1490 71.0
1491 71.0
1492 71.0
1493 71.0
1494 71.0
1495 71.0
1496 71.0
1497 71.0
1498 71.0
1499 71.0
1500 71.0
1501 71.0
1502 71.0
1503 71.0
1504 71.0
1505 71.0
1506 71.0
1507 71.0
1508 71.0
1509 71.0
1510 71.0
1511 71.0
1512 71.0
1513 71.0
1514 71.0
1515 71.0
1516 71.0
1517 71.0
1518 71.0
1519 71.0
1520 71.0
1521 71.0
1522 71.0
1523 71.0
1524 71.0
1525 71.0
1526 71.0
1527 71.0
1528 71.0
1529 71.0
1530 71.0
1531 71.0
1532 71.0
1533 71.0
1534 71.0
1535 71.0
1536 71.0
1537 71.0
1538 71.0
1539 71.0
1540 71.0
1541 71.0
1542 71.0
1543 71.0
1544 71.0
1545 71.0
1546 71.0
1547 71.0
1548 71.0
1549 71.0
1550 71.0
1551 71.0
1552 71.0
1553 71.0
1554 71.0
1555 71.0
1556 71.0
1557 71.0
1558 71.0
1559 71.0
1560 71.0
1561 71.0
1562 71.0
1563 71.0
1564 71.0
1565 71.0
1566 71.0
1567 71.0
1568 71.0
1569 71.0
1570 71.0
1571 71.0
1572 71.0
1573 71.0
1574 71.0
1575 71.0
1576 71.0
1577 71.0
1578 71.0
1579 71.0
1580 71.0
1581 71.0
1582 71.0
1583 71.0
1584 71.0
1585 71.0
1586 71.0
1587 71.0
1588 71.0
1589 71.0
1590 71.0
1591 71.0
1592 71.0
1593 71.0
1594 71.0
1595 71.0
1596 71.0
1597 71.0
1598 71.0
1599 71.0
1600 71.0
1601 71.0
1602 71.0
1603 71.0
1604 71.0
1605 71.0
1606 71.0
1607 71.0
1608 71.0
1609 71.0
1610 71.0
1611 71.0
1612 71.0
1613 71.0
1614 71.0
1615 71.0
1616 71.0
1617 71.0
1618 71.0
1619 71.0
1620 71.0
1621 71.0
1622 71.0
1623 71.0
1624 71.0
1625 71.0
1626 71.0
1627 71.0
1628 71.0
1629 71.0
1630 71.0
1631 71.0
1632 71.0
1633 71.0
1634 71.0
1635 71.0
1636 71.0
1637 71.0
1638 71.0
1639 71.0
1640 71.0
1641 71.0
1642 71.0
1643 71.0
1644 71.0
1645 71.0
1646 71.0
1647 71.0
1648 71.0
1649 71.0
1650 71.0
1651 71.0
1652 71.0
1653 71.0
1654 71.0
1655 71.0
1656 71.0
1657 71.0
1658 71.0
1659 71.0
1660 71.0
1661 71.0
1662 71.0
1663 71.0
1664 71.0
1665 71.0
1666 71.0
1667 71.0
1668 71.0
1669 71.0
1670 71.0
1671 71.0
1672 71.0
1673 71.0
1674 71.0
1675 71.0
1676 71.0
1677 71.0
1678 71.0
1679 71.0
1680 71.0
1681 71.0
1682 71.0
1683 71.0
1684 71.0
1685 71.0
1686 71.0
1687 71.0
1688 71.0
1689 71.0
1690 71.0
1691 71.0
1692 71.0
1693 71.0
1694 71.0
1695 71.0
1696 71.0
1697 71.0
1698 71.0
1699 71.0
1700 71.0
1701 71.0
1702 71.0
1703 71.0
1704 71.0
1705 71.0
1706 71.0
1707 71.0
1708 71.0
1709 71.0
1710 71.0
1711 71.0
1712 71.0
1713 71.0
1714 71.0
1715 71.0
1716 71.0
1717 71.0
1718 71.0
1719 71.0
1720 71.0
1721 71.0
1722 71.0
1723 71.0
1724 71.0
1725 71.0
1726 71.0
1727 71.0
1728 71.0
1729 71.0
1730 71.0
1731 71.0
1732 71.0
1733 71.0
1734 71.0
1735 71.0
1736 71.0
1737 71.0
1738 71.0
1739 71.0
1740 71.0
1741 71.0
1742 71.0
1743 71.0
1744 71.0
1745 71.0
1746 71.0
1747 71.0
1748 71.0
1749 71.0
1750 71.0
1751 71.0
1752 71.0
1753 71.0
1754 71.0
1755 71.0
1756 71.0
1757 71.0
1758 71.0
1759 71.0
1760 71.0
1761 71.0
1762 71.0
1763 71.0
1764 71.0
1765 71.0
1766 71.0
1767 71.0
1768 71.0
1769 71.0
1770 71.0
1771 71.0
1772 71.0
1773 71.0
1774 71.0
1775 71.0
1776 71.0
1777 71.0
1778 71.0
1779 71.0
1780 71.0
1781 71.0
1782 71.0
1783 71.0
1784 71.0
1785 71.0
1786 71.0
1787 71.0
1788 71.0
1789 71.0
1790 71.0
1791 71.0
1792 71.0
1793 71.0
1794 71.0
1795 71.0
1796 71.0
1797 71.0
1798 71.0
1799 71.0
1800 71.0
1801 71.0
1802 71.0
1803 71.0
1804 71.0
1805 71.0
1806 71.0
1807 71.0
1808 71.0
1809 71.0
1810 71.0
1811 71.0
1812 71.0
1813 71.0
1814 71.0
1815 71.0
1816 71.0
1817 71.0
1818 71.0
1819 71.0
1820 71.0
1821 71.0
1822 71.0
1823 71.0
1824 71.0
1825 71.0
1826 71.0
1827 71.0
1828 71.0
1829 71.0
1830 71.0
1831 71.0
1832 71.0
1833 71.0
1834 71.0
1835 71.0
1836 71.0
1837 71.0
1838 71.0
1839 71.0
1840 71.0
1841 71.0
1842 71.0
1843 71.0
1844 71.0
1845 71.0
1846 71.0
1847 71.0
1848 71.0
1849 71.0
1850 71.0
1851 71.0
1852 71.0
1853 71.0
1854 71.0
1855 71.0
1856 71.0
1857 71.0
1858 71.0
1859 71.0
1860 71.0
1861 71.0
1862 71.0
1863 71.0
1864 71.0
1865 71.0
1866 71.0
1867 71.0
1868 71.0
1869 71.0
1870 71.0
1871 71.0
1872 71.0
1873 71.0
1874 71.0
1875 71.0
1876 71.0
1877 71.0
1878 71.0
1879 71.0
1880 71.0
1881 71.0
1882 71.0
1883 71.0
1884 71.0
1885 71.0
1886 71.0
1887 71.0
1888 71.0
1889 71.0
1890 71.0
1891 71.0
1892 71.0
1893 71.0
1894 71.0
1895 71.0
1896 71.0
1897 71.0
1898 71.0
1899 71.0
1900 71.0
1901 71.0
1902 71.0
1903 71.0
1904 71.0
1905 71.0
1906 71.0
1907 71.0
1908 71.0
1909 71.0
1910 71.0
1911 71.0
1912 71.0
1913 71.0
1914 71.0
1915 71.0
1916 71.0
1917 71.0
1918 71.0
1919 71.0
1920 71.0
1921 71.0
1922 71.0
1923 71.0
1924 71.0
1925 71.0
1926 71.0
1927 71.0
1928 73.0
1929 73.0
1930 73.0
1931 73.0
1932 73.0
1933 73.0
1934 73.0
1935 73.0
1936 73.0
1937 73.0
1938 73.0
1939 73.0
1940 73.0
1941 73.0
1942 73.0
1943 73.0
1944 73.0
1945 73.0
1946 73.0
1947 73.0
1948 73.0
1949 73.0
1950 73.0
1951 73.0
1952 73.0
1953 73.0
1954 73.0
1955 73.0
1956 73.0
1957 73.0
1958 73.0
1959 73.0
1960 73.0
1961 73.0
1962 73.0
1963 73.0
1964 73.0
1965 73.0
1966 73.0
1967 73.0
1968 73.0
1969 73.0
1970 73.0
1971 73.0
1972 73.0
1973 73.0
1974 73.0
1975 73.0
1976 73.0
1977 73.0
1978 73.0
1979 73.0
1980 73.0
1981 73.0
1982 73.0
1983 73.0
1984 73.0
1985 73.0
1986 73.0
1987 73.0
1988 73.0
1989 73.0
1990 73.0
1991 73.0
1992 73.0
1993 73.0
1994 73.0
1995 73.0
1996 73.0
1997 73.0
1998 73.0
1999 73.0
2000 73.0
2001 73.0
2002 73.0
2003 73.0
2004 73.0
2005 73.0
2006 73.0
2007 73.0
2008 73.0
2009 73.0
2010 73.0
2011 73.0
2012 73.0
2013 73.0
2014 73.0
2015 73.0
2016 73.0
2017 73.0
2018 73.0
2019 73.0
2020 73.0
2021 73.0
2022 73.0
2023 73.0
2024 73.0
2025 73.0
2026 73.0
2027 73.0
2028 73.0
2029 73.0
2030 73.0
2031 73.0
2032 73.0
2033 73.0
2034 73.0
2035 73.0
2036 73.0
2037 73.0
2038 73.0
2039 73.0
2040 73.0
2041 73.0
2042 73.0
2043 73.0
2044 73.0
2045 73.0
2046 73.0
2047 73.0
2048 73.0
2049 73.0
2050 73.0
2051 73.0
2052 73.0
2053 73.0
2054 73.0
2055 73.0
2056 73.0
2057 73.0
2058 73.0
2059 73.0
2060 73.0
2061 73.0
2062 73.0
2063 73.0
2064 73.0
2065 73.0
2066 73.0
2067 73.0
2068 73.0
2069 73.0
2070 73.0
2071 73.0
2072 73.0
2073 73.0
2074 73.0
2075 73.0
2076 73.0
2077 73.0
2078 73.0
2079 73.0
2080 73.0
2081 73.0
2082 73.0
2083 73.0
2084 73.0
2085 73.0
2086 73.0
2087 73.0
2088 73.0
2089 73.0
2090 73.0
2091 73.0
2092 73.0
2093 73.0
2094 73.0
2095 73.0
2096 73.0
2097 73.0
2098 73.0
2099 73.0
2100 73.0
2101 73.0
2102 73.0
2103 73.0
2104 73.0
2105 73.0
2106 73.0
2107 73.0
2108 73.0
2109 73.0
2110 73.0
2111 73.0
2112 73.0
2113 73.0
2114 73.0
2115 73.0
2116 73.0
2117 73.0
2118 73.0
2119 73.0
2120 73.0
2121 73.0
2122 73.0
2123 73.0
2124 73.0
2125 73.0
2126 73.0
2127 73.0
2128 73.0
2129 73.0
2130 73.0
2131 73.0
2132 73.0
2133 73.0
2134 73.0
2135 73.0
2136 73.0
2137 73.0
2138 73.0
2139 73.0
2140 73.0
2141 73.0
2142 73.0
2143 73.0
2144 73.0
2145 73.0
2146 73.0
2147 73.0
2148 73.0
2149 73.0
2150 73.0
2151 73.0
2152 73.0
2153 73.0
2154 73.0
2155 73.0
2156 73.0
2157 73.0
2158 73.0
2159 73.0
2160 73.0
2161 73.0
2162 73.0
2163 73.0
2164 73.0
2165 73.0
2166 73.0
2167 73.0
2168 73.0
2169 73.0
2170 73.0
2171 73.0
2172 73.0
2173 73.0
2174 73.0
2175 73.0
2176 73.0
2177 73.0
2178 73.0
2179 73.0
2180 73.0
2181 73.0
2182 73.0
2183 73.0
2184 73.0
2185 73.0
2186 73.0
2187 73.0
2188 73.0
2189 73.0
2190 73.0
2191 73.0
2192 73.0
2193 73.0
2194 73.0
2195 73.0
2196 73.0
2197 73.0
2198 73.0
2199 73.0
2200 73.0
2201 73.0
2202 73.0
2203 73.0
2204 73.0
2205 73.0
2206 73.0
2207 73.0
2208 73.0
2209 73.0
2210 73.0
2211 73.0
2212 73.0
2213 73.0
2214 73.0
2215 73.0
2216 73.0
2217 73.0
2218 73.0
2219 73.0
2220 73.0
2221 73.0
2222 73.0
2223 73.0
2224 73.0
2225 73.0
2226 73.0
2227 73.0
2228 73.0
2229 73.0
2230 73.0
2231 73.0
2232 73.0
2233 73.0
2234 73.0
2235 73.0
2236 73.0
2237 73.0
2238 73.0
2239 73.0
2240 73.0
2241 73.0
2242 73.0
2243 73.0
2244 73.0
2245 73.0
2246 73.0
2247 73.0
2248 73.0
2249 73.0
2250 73.0
2251 73.0
2252 73.0
2253 73.0
2254 73.0
2255 73.0
2256 73.0
2257 73.0
2258 73.0
2259 73.0
2260 73.0
2261 73.0
2262 73.0
2263 73.0
2264 73.0
2265 73.0
2266 73.0
2267 73.0
2268 73.0
2269 73.0
2270 73.0
2271 73.0
2272 73.0
2273 73.0
2274 73.0
2275 73.0
2276 73.0
2277 73.0
2278 73.0
2279 73.0
2280 73.0
2281 73.0
2282 73.0
2283 73.0
2284 73.0
2285 73.0
2286 73.0
2287 73.0
2288 73.0
2289 73.0
2290 73.0
2291 73.0
2292 73.0
2293 73.0
2294 73.0
2295 73.0
2296 73.0
2297 73.0
2298 73.0
2299 73.0
2300 73.0
2301 73.0
2302 73.0
2303 73.0
2304 73.0
2305 73.0
2306 73.0
2307 73.0
2308 73.0
2309 73.0
2310 73.0
2311 73.0
2312 73.0
2313 73.0
2314 73.0
2315 73.0
2316 73.0
2317 73.0
2318 73.0
2319 73.0
2320 73.0
2321 73.0
2322 73.0
2323 73.0
2324 73.0
2325 73.0
2326 73.0
2327 73.0
2328 73.0
2329 73.0
2330 73.0
2331 73.0
2332 73.0
2333 73.0
2334 73.0
2335 73.0
2336 73.0
2337 73.0
2338 73.0
2339 73.0
2340 73.0
2341 73.0
2342 73.0
2343 73.0
2344 73.0
2345 73.0
2346 73.0
2347 73.0
2348 73.0
2349 73.0
2350 73.0
2351 73.0
2352 73.0
2353 73.0
2354 73.0
2355 73.0
2356 73.0
2357 73.0
2358 73.0
2359 73.0
2360 73.0
2361 73.0
2362 73.0
2363 73.0
2364 73.0
2365 73.0
2366 73.0
2367 73.0
2368 73.0
2369 73.0
2370 73.0
2371 73.0
2372 73.0
2373 73.0
2374 73.0
2375 73.0
2376 73.0
2377 73.0
2378 73.0
2379 73.0
2380 73.0
2381 73.0
2382 73.0
2383 73.0
2384 73.0
2385 73.0
2386 73.0
2387 73.0
2388 73.0
2389 73.0
2390 73.0
2391 73.0
2392 73.0
2393 73.0
2394 73.0
2395 73.0
2396 73.0
2397 73.0
2398 73.0
2399 73.0
2400 73.0
2401 73.0
2402 73.0
2403 73.0
2404 73.0
2405 73.0
2406 73.0
2407 73.0
2408 73.0
2409 73.0
2410 73.0
2411 73.0
2412 73.0
2413 73.0
2414 73.0
2415 73.0
2416 73.0
2417 73.0
2418 73.0
2419 73.0
2420 73.0
2421 73.0
2422 73.0
2423 73.0
2424 73.0
2425 73.0
2426 73.0
2427 73.0
2428 73.0
2429 73.0
2430 73.0
2431 73.0
2432 73.0
2433 73.0
2434 73.0
2435 73.0
2436 73.0
2437 73.0
2438 73.0
2439 73.0
2440 73.0
2441 73.0
2442 73.0
2443 73.0
2444 73.0
2445 73.0
2446 73.0
2447 73.0
2448 73.0
2449 73.0
2450 73.0
2451 73.0
2452 73.0
2453 73.0
2454 73.0
2455 73.0
2456 73.0
2457 73.0
2458 73.0
2459 73.0
2460 73.0
2461 73.0
2462 73.0
2463 73.0
2464 73.0
2465 73.0
2466 73.0
2467 73.0
2468 73.0
2469 73.0
2470 73.0
2471 73.0
2472 73.0
2473 73.0
2474 73.0
2475 73.0
2476 73.0
2477 73.0
2478 73.0
2479 73.0
2480 73.0
2481 73.0
2482 73.0
2483 73.0
2484 73.0
2485 73.0
2486 73.0
2487 73.0
2488 73.0
2489 73.0
2490 73.0
2491 73.0
2492 73.0
2493 73.0
2494 73.0
2495 73.0
2496 73.0
2497 73.0
2498 73.0
2499 73.0
2500 73.0
2501 73.0
2502 73.0
2503 73.0
2504 73.0
2505 73.0
2506 73.0
2507 73.0
2508 73.0
2509 73.0
2510 73.0
2511 73.0
2512 73.0
2513 73.0
2514 73.0
2515 73.0
2516 73.0
2517 73.0
2518 73.0
2519 73.0
2520 73.0
2521 73.0
2522 73.0
2523 73.0
2524 73.0
2525 73.0
2526 73.0
2527 73.0
2528 73.0
2529 73.0
2530 73.0
2531 73.0
2532 73.0
2533 73.0
2534 73.0
2535 73.0
2536 73.0
2537 73.0
2538 73.0
2539 73.0
2540 73.0
2541 73.0
2542 73.0
2543 73.0
2544 73.0
2545 73.0
2546 73.0
2547 73.0
2548 73.0
2549 73.0
2550 73.0
2551 73.0
2552 73.0
2553 73.0
2554 73.0
2555 73.0
2556 73.0
2557 73.0
2558 73.0
2559 73.0
2560 73.0
2561 73.0
2562 73.0
2563 73.0
2564 73.0
2565 73.0
2566 73.0
2567 73.0
2568 73.0
2569 73.0
2570 73.0
2571 73.0
2572 73.0
2573 73.0
2574 73.0
2575 73.0
2576 73.0
2577 73.0
2578 73.0
2579 73.0
2580 73.0
2581 73.0
2582 73.0
2583 73.0
2584 73.0
2585 73.0
2586 73.0
2587 73.0
2588 73.0
2589 73.0
2590 73.0
2591 73.0
2592 73.0
2593 73.0
2594 73.0
2595 73.0
2596 73.0
2597 73.0
2598 73.0
2599 73.0
2600 73.0
2601 73.0
2602 73.0
2603 73.0
2604 73.0
2605 73.0
2606 73.0
2607 73.0
2608 73.0
2609 73.0
2610 73.0
2611 73.0
2612 73.0
2613 73.0
2614 73.0
2615 73.0
2616 73.0
2617 73.0
2618 73.0
2619 73.0
2620 73.0
2621 73.0
2622 73.0
2623 73.0
2624 73.0
2625 73.0
2626 73.0
2627 73.0
2628 73.0
2629 73.0
2630 73.0
2631 73.0
2632 73.0
2633 73.0
2634 73.0
2635 73.0
2636 73.0
2637 73.0
2638 73.0
2639 73.0
2640 73.0
2641 73.0
2642 73.0
2643 73.0
2644 73.0
2645 73.0
2646 73.0
2647 73.0
2648 73.0
2649 73.0
2650 73.0
2651 73.0
2652 73.0
2653 73.0
2654 73.0
2655 73.0
2656 73.0
2657 73.0
2658 73.0
2659 73.0
2660 73.0
2661 73.0
2662 73.0
2663 73.0
2664 73.0
2665 73.0
2666 73.0
2667 73.0
2668 73.0
2669 73.0
2670 73.0
2671 73.0
2672 73.0
2673 73.0
2674 73.0
2675 73.0
2676 73.0
2677 73.0
2678 73.0
2679 73.0
2680 73.0
2681 73.0
2682 73.0
2683 73.0
2684 73.0
2685 73.0
2686 73.0
2687 73.0
2688 73.0
2689 73.0
2690 73.0
2691 73.0
2692 73.0
2693 73.0
2694 73.0
2695 73.0
2696 73.0
2697 73.0
2698 73.0
2699 73.0
2700 73.0
2701 73.0
2702 73.0
2703 73.0
2704 73.0
2705 73.0
2706 73.0
2707 73.0
2708 73.0
2709 73.0
2710 73.0
2711 73.0
2712 73.0
2713 73.0
2714 73.0
2715 73.0
2716 73.0
2717 73.0
2718 73.0
2719 73.0
2720 73.0
2721 73.0
2722 73.0
2723 73.0
2724 73.0
2725 73.0
2726 73.0
2727 73.0
2728 73.0
2729 73.0
2730 73.0
2731 73.0
2732 73.0
2733 73.0
2734 73.0
2735 73.0
2736 73.0
2737 73.0
2738 73.0
2739 73.0
2740 73.0
2741 73.0
2742 73.0
2743 73.0
2744 73.0
2745 73.0
2746 73.0
2747 73.0
2748 73.0
2749 73.0
2750 73.0
2751 73.0
2752 73.0
2753 73.0
2754 73.0
2755 73.0
2756 73.0
2757 73.0
2758 73.0
2759 73.0
2760 73.0
2761 73.0
2762 73.0
2763 73.0
2764 73.0
2765 73.0
2766 73.0
2767 73.0
2768 73.0
2769 73.0
2770 73.0
2771 73.0
2772 73.0
2773 73.0
2774 73.0
2775 73.0
2776 73.0
2777 73.0
2778 73.0
2779 73.0
2780 73.0
2781 73.0
2782 73.0
2783 73.0
2784 73.0
2785 73.0
2786 73.0
2787 73.0
2788 73.0
2789 73.0
2790 73.0
2791 73.0
2792 73.0
2793 73.0
2794 73.0
2795 73.0
2796 73.0
2797 73.0
2798 73.0
2799 73.0
2800 73.0
2801 73.0
2802 73.0
2803 73.0
2804 73.0
2805 73.0
2806 73.0
2807 73.0
2808 73.0
2809 73.0
2810 73.0
2811 73.0
2812 73.0
2813 73.0
2814 73.0
2815 73.0
2816 73.0
2817 73.0
2818 73.0
2819 73.0
2820 73.0
2821 73.0
2822 73.0
2823 73.0
2824 73.0
2825 73.0
2826 73.0
2827 73.0
2828 73.0
2829 73.0
2830 73.0
2831 73.0
2832 73.0
2833 73.0
2834 73.0
2835 73.0
2836 73.0
2837 73.0
2838 73.0
2839 73.0
2840 73.0
2841 73.0
2842 73.0
2843 73.0
2844 73.0
2845 73.0
2846 73.0
2847 73.0
2848 73.0
2849 73.0
2850 73.0
2851 73.0
2852 73.0
2853 73.0
2854 73.0
2855 73.0
2856 73.0
2857 73.0
2858 73.0
2859 73.0
2860 73.0
2861 73.0
2862 73.0
2863 73.0
2864 73.0
2865 73.0
2866 73.0
2867 73.0
2868 73.0
2869 73.0
2870 73.0
2871 73.0
2872 73.0
2873 73.0
2874 73.0
2875 73.0
2876 73.0
2877 73.0
2878 73.0
2879 73.0
2880 73.0
2881 73.0
2882 73.0
2883 73.0
2884 73.0
2885 73.0
2886 73.0
2887 73.0
2888 73.0
2889 73.0
2890 73.0
2891 73.0
2892 73.0
2893 73.0
2894 73.0
2895 73.0
2896 73.0
2897 73.0
2898 73.0
2899 73.0
2900 73.0
2901 73.0
2902 73.0
2903 73.0
2904 73.0
2905 73.0
2906 73.0
2907 73.0
2908 73.0
2909 73.0
2910 73.0
2911 73.0
2912 73.0
2913 73.0
2914 73.0
2915 73.0
2916 73.0
2917 73.0
2918 73.0
2919 73.0
2920 73.0
2921 73.0
2922 73.0
2923 73.0
2924 73.0
2925 73.0
2926 73.0
2927 73.0
2928 73.0
2929 73.0
2930 73.0
2931 73.0
2932 73.0
2933 73.0
2934 73.0
2935 73.0
2936 73.0
2937 73.0
2938 73.0
2939 73.0
2940 73.0
2941 73.0
2942 73.0
2943 73.0
2944 73.0
2945 73.0
2946 73.0
2947 73.0
2948 73.0
2949 73.0
2950 73.0
2951 73.0
2952 73.0
2953 73.0
2954 73.0
2955 73.0
2956 73.0
2957 73.0
2958 73.0
2959 73.0
2960 73.0
2961 73.0
2962 73.0
2963 73.0
2964 73.0
2965 73.0
2966 73.0
2967 73.0
2968 73.0
2969 73.0
2970 73.0
2971 73.0
2972 73.0
2973 73.0
2974 73.0
2975 73.0
2976 73.0
2977 73.0
2978 73.0
2979 73.0
2980 73.0
2981 73.0
2982 73.0
2983 73.0
2984 73.0
2985 73.0
2986 73.0
2987 73.0
2988 73.0
2989 73.0
2990 73.0
2991 73.0
2992 73.0
2993 73.0
2994 73.0
2995 73.0
2996 73.0
2997 73.0
2998 73.0
2999 73.0
3000 73.0
3001 73.0
3002 73.0
3003 73.0
3004 73.0
3005 73.0
3006 73.0
3007 73.0
3008 73.0
3009 73.0
3010 73.0
3011 73.0
3012 73.0
3013 73.0
3014 73.0
3015 73.0
3016 73.0
3017 73.0
3018 73.0
3019 73.0
3020 73.0
3021 73.0
3022 73.0
3023 73.0
3024 73.0
3025 73.0
3026 73.0
3027 73.0
3028 73.0
3029 73.0
3030 73.0
3031 73.0
3032 73.0
3033 73.0
3034 73.0
3035 73.0
3036 73.0
3037 73.0
3038 73.0
3039 73.0
3040 73.0
3041 73.0
3042 73.0
3043 73.0
3044 73.0
3045 73.0
3046 73.0
3047 73.0
3048 73.0
3049 73.0
3050 73.0
3051 73.0
3052 73.0
3053 73.0
3054 73.0
3055 73.0
3056 73.0
3057 73.0
3058 73.0
3059 73.0
3060 73.0
3061 73.0
3062 73.0
3063 73.0
3064 73.0
3065 73.0
3066 73.0
3067 73.0
3068 73.0
3069 73.0
3070 73.0
3071 73.0
3072 73.0
3073 73.0
3074 73.0
3075 73.0
3076 73.0
3077 73.0
3078 73.0
3079 73.0
3080 73.0
3081 73.0
3082 73.0
3083 73.0
3084 73.0
3085 73.0
3086 73.0
3087 73.0
3088 73.0
3089 73.0
3090 73.0
3091 73.0
3092 73.0
3093 73.0
3094 73.0
3095 73.0
3096 73.0
3097 73.0
3098 73.0
3099 73.0
3100 73.0
3101 73.0
3102 73.0
3103 73.0
3104 73.0
3105 73.0
3106 73.0
3107 73.0
3108 73.0
3109 73.0
3110 73.0
3111 73.0
3112 73.0
3113 73.0
3114 73.0
3115 73.0
3116 73.0
3117 73.0
3118 73.0
3119 73.0
3120 73.0
3121 73.0
3122 73.0
3123 73.0
3124 73.0
3125 73.0
3126 73.0
3127 73.0
3128 73.0
3129 73.0
3130 73.0
3131 73.0
3132 73.0
3133 73.0
3134 73.0
3135 73.0
3136 73.0
3137 73.0
3138 73.0
3139 73.0
3140 73.0
3141 73.0
3142 73.0
3143 73.0
3144 73.0
3145 73.0
3146 73.0
3147 73.0
3148 73.0
3149 73.0
3150 73.0
3151 73.0
3152 73.0
3153 73.0
3154 73.0
3155 73.0
3156 73.0
3157 73.0
3158 73.0
3159 73.0
3160 73.0
3161 73.0
3162 73.0
3163 73.0
3164 73.0
3165 73.0
3166 73.0
3167 73.0
3168 73.0
3169 73.0
3170 73.0
3171 73.0
3172 73.0
3173 73.0
3174 73.0
3175 73.0
3176 73.0
3177 73.0
3178 73.0
3179 73.0
3180 73.0
3181 73.0
3182 73.0
3183 73.0
3184 73.0
3185 73.0
3186 73.0
3187 73.0
3188 73.0
3189 73.0
3190 73.0
3191 73.0
3192 73.0
3193 73.0
3194 73.0
3195 73.0
3196 73.0
3197 73.0
3198 73.0
3199 73.0
3200 73.0
3201 73.0
3202 73.0
3203 73.0
3204 73.0
3205 73.0
3206 73.0
3207 73.0
3208 73.0
3209 73.0
3210 73.0
3211 73.0
3212 73.0
3213 73.0
3214 73.0
3215 73.0
3216 73.0
3217 73.0
3218 73.0
3219 73.0
3220 73.0
3221 73.0
3222 73.0
3223 73.0
3224 73.0
3225 73.0
3226 73.0
3227 73.0
3228 73.0
3229 73.0
3230 73.0
3231 73.0
3232 73.0
3233 73.0
3234 73.0
3235 73.0
3236 73.0
3237 73.0
3238 73.0
3239 73.0
3240 73.0
3241 73.0
3242 73.0
3243 73.0
3244 73.0
3245 73.0
3246 73.0
3247 73.0
3248 73.0
3249 73.0
3250 73.0
3251 73.0
3252 73.0
3253 73.0
3254 73.0
3255 73.0
3256 73.0
3257 73.0
3258 73.0
3259 73.0
3260 73.0
3261 73.0
3262 73.0
3263 73.0
3264 73.0
3265 73.0
3266 73.0
3267 73.0
3268 73.0
3269 73.0
3270 73.0
3271 73.0
3272 73.0
3273 73.0
3274 73.0
3275 73.0
3276 73.0
3277 73.0
3278 73.0
3279 73.0
3280 73.0
3281 73.0
3282 73.0
3283 73.0
3284 73.0
3285 73.0
3286 73.0
3287 73.0
3288 73.0
3289 73.0
3290 73.0
3291 73.0
3292 73.0
3293 73.0
3294 73.0
3295 73.0
3296 73.0
3297 73.0
3298 73.0
3299 73.0
3300 73.0
3301 73.0
3302 73.0
3303 73.0
3304 73.0
3305 73.0
3306 73.0
3307 73.0
3308 73.0
3309 73.0
3310 73.0
3311 73.0
3312 73.0
3313 73.0
3314 73.0
3315 73.0
3316 73.0
3317 73.0
3318 73.0
3319 73.0
3320 73.0
3321 73.0
3322 73.0
3323 73.0
3324 73.0
3325 73.0
3326 73.0
3327 73.0
3328 73.0
3329 73.0
3330 73.0
3331 73.0
3332 73.0
3333 73.0
3334 73.0
3335 73.0
3336 73.0
3337 73.0
3338 73.0
3339 73.0
3340 73.0
3341 73.0
3342 73.0
3343 73.0
3344 73.0
3345 73.0
3346 73.0
3347 73.0
3348 73.0
3349 73.0
3350 73.0
3351 73.0
3352 73.0
3353 73.0
3354 73.0
3355 73.0
3356 73.0
3357 73.0
3358 73.0
3359 73.0
3360 73.0
3361 73.0
3362 73.0
3363 73.0
3364 73.0
3365 73.0
3366 73.0
3367 73.0
3368 73.0
3369 73.0
3370 73.0
3371 73.0
3372 73.0
3373 73.0
3374 73.0
3375 73.0
3376 73.0
3377 73.0
3378 73.0
3379 73.0
3380 73.0
3381 73.0
3382 73.0
3383 73.0
3384 73.0
3385 73.0
3386 73.0
3387 73.0
3388 73.0
3389 73.0
3390 73.0
3391 73.0
3392 73.0
3393 73.0
3394 73.0
3395 73.0
3396 73.0
3397 73.0
3398 73.0
3399 73.0
3400 73.0
3401 73.0
3402 73.0
3403 73.0
3404 73.0
3405 73.0
3406 73.0
3407 73.0
3408 73.0
3409 73.0
3410 73.0
3411 73.0
3412 73.0
3413 73.0
3414 73.0
3415 73.0
3416 73.0
3417 73.0
3418 73.0
3419 73.0
3420 73.0
3421 73.0
3422 73.0
3423 73.0
3424 73.0
3425 73.0
3426 73.0
3427 73.0
3428 73.0
3429 73.0
3430 73.0
3431 73.0
3432 73.0
3433 73.0
3434 73.0
3435 73.0
3436 73.0
3437 73.0
3438 73.0
3439 73.0
3440 73.0
3441 73.0
3442 73.0
3443 73.0
3444 73.0
3445 73.0
3446 73.0
3447 73.0
3448 73.0
3449 73.0
3450 73.0
3451 73.0
3452 73.0
3453 73.0
3454 73.0
3455 73.0
3456 73.0
3457 73.0
3458 73.0
3459 73.0
3460 73.0
3461 73.0
3462 73.0
3463 73.0
3464 73.0
3465 73.0
3466 73.0
3467 73.0
3468 73.0
3469 73.0
3470 73.0
3471 73.0
3472 73.0
3473 73.0
3474 73.0
3475 73.0
3476 73.0
3477 73.0
3478 73.0
3479 73.0
3480 73.0
3481 73.0
3482 73.0
3483 73.0
3484 73.0
3485 73.0
3486 73.0
3487 73.0
3488 73.0
3489 73.0
3490 73.0
3491 73.0
3492 73.0
3493 73.0
3494 73.0
3495 73.0
3496 73.0
3497 73.0
3498 73.0
3499 73.0
3500 73.0
3501 73.0
3502 73.0
3503 73.0
3504 73.0
3505 73.0
3506 73.0
3507 73.0
3508 73.0
3509 73.0
3510 73.0
3511 73.0
3512 73.0
3513 73.0
3514 73.0
3515 73.0
3516 73.0
3517 73.0
3518 73.0
3519 73.0
3520 73.0
3521 73.0
3522 73.0
3523 73.0
3524 73.0
3525 73.0
3526 73.0
3527 73.0
3528 73.0
3529 73.0
3530 73.0
3531 73.0
3532 73.0
3533 73.0
3534 73.0
3535 73.0
3536 73.0
3537 73.0
3538 73.0
3539 73.0
3540 73.0
3541 73.0
3542 73.0
3543 73.0
3544 73.0
3545 73.0
3546 73.0
3547 73.0
3548 73.0
3549 73.0
3550 73.0
3551 73.0
3552 73.0
3553 73.0
3554 73.0
3555 73.0
3556 73.0
3557 73.0
3558 73.0
3559 73.0
3560 73.0
3561 73.0
3562 73.0
3563 73.0
3564 73.0
3565 73.0
3566 73.0
3567 73.0
3568 73.0
3569 73.0
3570 73.0
3571 73.0
3572 73.0
3573 73.0
3574 73.0
3575 73.0
3576 73.0
3577 73.0
3578 73.0
3579 73.0
3580 73.0
3581 73.0
3582 73.0
3583 73.0
3584 73.0
3585 73.0
3586 73.0
3587 73.0
3588 73.0
3589 73.0
3590 73.0
3591 73.0
3592 73.0
3593 73.0
3594 73.0
3595 73.0
3596 73.0
3597 73.0
3598 73.0
3599 73.0
3600 73.0
3601 73.0
3602 73.0
3603 73.0
3604 73.0
3605 73.0
3606 73.0
3607 73.0
3608 73.0
3609 73.0
3610 73.0
3611 73.0
3612 73.0
3613 73.0
3614 73.0
3615 73.0
3616 73.0
3617 73.0
3618 73.0
3619 73.0
3620 73.0
3621 73.0
3622 73.0
3623 73.0
3624 73.0
3625 73.0
3626 73.0
3627 73.0
3628 73.0
3629 73.0
3630 73.0
3631 73.0
3632 73.0
3633 73.0
3634 73.0
3635 73.0
3636 73.0
3637 73.0
3638 73.0
3639 73.0
3640 73.0
3641 73.0
3642 73.0
3643 73.0
3644 73.0
3645 73.0
3646 73.0
3647 73.0
3648 73.0
3649 73.0
3650 73.0
3651 73.0
3652 73.0
3653 73.0
3654 73.0
3655 73.0
3656 73.0
3657 73.0
3658 73.0
3659 73.0
3660 73.0
3661 73.0
3662 73.0
3663 73.0
3664 73.0
3665 73.0
3666 73.0
3667 73.0
3668 73.0
3669 73.0
3670 73.0
3671 73.0
3672 73.0
3673 73.0
3674 73.0
3675 73.0
3676 73.0
3677 73.0
3678 73.0
3679 73.0
3680 73.0
3681 73.0
3682 73.0
3683 73.0
3684 73.0
3685 73.0
3686 73.0
3687 73.0
3688 73.0
3689 73.0
3690 73.0
3691 73.0
3692 73.0
3693 73.0
3694 73.0
3695 73.0
3696 73.0
3697 73.0
3698 73.0
3699 73.0
3700 73.0
3701 73.0
3702 73.0
3703 73.0
3704 73.0
3705 73.0
3706 73.0
3707 73.0
3708 73.0
3709 73.0
3710 73.0
3711 73.0
3712 73.0
3713 73.0
3714 73.0
3715 73.0
3716 73.0
3717 73.0
3718 73.0
3719 73.0
3720 73.0
3721 73.0
3722 73.0
3723 73.0
3724 73.0
3725 73.0
3726 73.0
3727 73.0
3728 73.0
3729 73.0
3730 73.0
3731 73.0
3732 73.0
3733 73.0
3734 73.0
3735 73.0
3736 73.0
3737 73.0
3738 73.0
3739 73.0
3740 73.0
3741 73.0
3742 73.0
3743 73.0
3744 73.0
3745 73.0
3746 73.0
3747 73.0
3748 73.0
3749 73.0
3750 73.0
3751 73.0
3752 73.0
3753 73.0
3754 73.0
3755 73.0
3756 73.0
3757 73.0
3758 73.0
3759 73.0
3760 73.0
3761 73.0
3762 73.0
3763 73.0
3764 73.0
3765 73.0
3766 73.0
3767 73.0
3768 73.0
3769 73.0
3770 73.0
3771 73.0
3772 73.0
3773 73.0
3774 73.0
3775 73.0
3776 73.0
3777 73.0
3778 73.0
3779 73.0
3780 73.0
3781 73.0
3782 73.0
3783 73.0
3784 73.0
3785 73.0
3786 73.0
3787 73.0
3788 73.0
3789 73.0
3790 73.0
3791 73.0
3792 73.0
3793 73.0
3794 73.0
3795 73.0
3796 73.0
3797 73.0
3798 73.0
3799 73.0
3800 73.0
3801 73.0
3802 73.0
3803 73.0
3804 73.0
3805 73.0
3806 73.0
3807 73.0
3808 73.0
3809 73.0
3810 73.0
3811 73.0
3812 73.0
3813 73.0
3814 73.0
3815 73.0
3816 73.0
3817 73.0
3818 73.0
3819 73.0
3820 73.0
3821 73.0
3822 73.0
3823 73.0
3824 73.0
3825 73.0
3826 73.0
3827 73.0
3828 73.0
3829 73.0
3830 73.0
3831 73.0
3832 73.0
3833 73.0
3834 73.0
3835 73.0
3836 73.0
3837 73.0
3838 73.0
3839 73.0
3840 73.0
3841 73.0
3842 73.0
3843 73.0
3844 73.0
3845 73.0
3846 73.0
3847 73.0
3848 73.0
3849 73.0
3850 73.0
3851 73.0
3852 73.0
3853 73.0
3854 73.0
3855 73.0
3856 73.0
3857 73.0
3858 73.0
3859 73.0
3860 73.0
3861 73.0
3862 73.0
3863 73.0
3864 73.0
3865 73.0
3866 73.0
3867 73.0
3868 73.0
3869 73.0
3870 73.0
3871 73.0
3872 73.0
3873 73.0
3874 73.0
3875 73.0
3876 73.0
3877 73.0
3878 73.0
3879 73.0
3880 73.0
3881 73.0
3882 73.0
3883 73.0
3884 73.0
3885 73.0
3886 73.0
3887 73.0
3888 73.0
3889 73.0
3890 73.0
3891 73.0
3892 73.0
3893 73.0
3894 73.0
3895 73.0
3896 73.0
3897 73.0
3898 73.0
3899 73.0
3900 73.0
3901 73.0
3902 73.0
3903 73.0
3904 73.0
3905 73.0
3906 73.0
3907 73.0
3908 73.0
3909 73.0
3910 73.0
3911 73.0
3912 73.0
3913 73.0
3914 73.0
3915 73.0
3916 73.0
3917 73.0
3918 73.0
3919 73.0
3920 73.0
3921 73.0
3922 73.0
3923 73.0
3924 73.0
3925 73.0
3926 73.0
3927 73.0
3928 73.0
3929 73.0
3930 73.0
3931 73.0
3932 73.0
3933 73.0
3934 73.0
3935 73.0
3936 73.0
3937 73.0
3938 73.0
3939 73.0
3940 73.0
3941 73.0
3942 73.0
3943 73.0
3944 73.0
3945 73.0
3946 73.0
3947 73.0
3948 73.0
3949 73.0
3950 73.0
3951 73.0
3952 73.0
3953 73.0
3954 73.0
3955 73.0
3956 73.0
3957 73.0
3958 73.0
3959 73.0
3960 73.0
3961 73.0
3962 73.0
3963 73.0
3964 73.0
3965 73.0
3966 73.0
3967 73.0
3968 73.0
3969 73.0
3970 73.0
3971 73.0
3972 73.0
3973 73.0
3974 73.0
3975 73.0
3976 73.0
3977 73.0
3978 73.0
3979 73.0
3980 73.0
3981 73.0
3982 73.0
3983 73.0
3984 73.0
3985 73.0
3986 73.0
3987 73.0
3988 73.0
3989 73.0
3990 73.0
3991 73.0
3992 73.0
3993 73.0
3994 73.0
3995 73.0
3996 73.0
3997 73.0
3998 73.0
3999 73.0
4000 73.0
4001 73.0
4002 73.0
4003 73.0
4004 73.0
4005 73.0
4006 73.0
4007 73.0
4008 73.0
4009 73.0
4010 73.0
4011 73.0
4012 73.0
4013 73.0
4014 73.0
4015 73.0
4016 73.0
4017 73.0
4018 73.0
4019 73.0
4020 73.0
4021 73.0
4022 73.0
4023 73.0
4024 73.0
4025 73.0
4026 73.0
4027 73.0
4028 73.0
4029 73.0
4030 73.0
4031 73.0
4032 73.0
4033 73.0
4034 73.0
4035 73.0
4036 73.0
4037 73.0
4038 73.0
4039 73.0
4040 73.0
4041 73.0
4042 73.0
4043 73.0
4044 73.0
4045 73.0
4046 73.0
4047 73.0
4048 73.0
4049 73.0
4050 73.0
4051 73.0
4052 73.0
4053 73.0
4054 73.0
4055 73.0
4056 73.0
4057 73.0
4058 73.0
4059 73.0
4060 73.0
4061 73.0
4062 73.0
4063 73.0
4064 73.0
4065 73.0
4066 73.0
4067 73.0
4068 73.0
4069 73.0
4070 73.0
4071 73.0
4072 73.0
4073 73.0
4074 73.0
4075 73.0
4076 73.0
4077 73.0
4078 73.0
4079 73.0
4080 73.0
4081 73.0
4082 73.0
4083 73.0
4084 73.0
4085 73.0
4086 73.0
4087 73.0
4088 73.0
4089 73.0
4090 73.0
4091 73.0
4092 73.0
4093 73.0
4094 73.0
4095 73.0
4096 73.0
4097 73.0
4098 73.0
4099 73.0
4100 73.0
4101 73.0
4102 73.0
4103 73.0
4104 73.0
4105 73.0
4106 73.0
4107 73.0
4108 73.0
4109 73.0
4110 73.0
4111 73.0
4112 73.0
4113 73.0
4114 73.0
4115 73.0
4116 73.0
4117 73.0
4118 73.0
4119 73.0
4120 73.0
4121 73.0
4122 73.0
4123 73.0
4124 73.0
4125 73.0
4126 73.0
4127 73.0
4128 73.0
4129 73.0
4130 73.0
4131 73.0
4132 73.0
4133 73.0
4134 73.0
4135 73.0
4136 73.0
4137 73.0
4138 73.0
4139 73.0
4140 73.0
4141 73.0
4142 73.0
4143 73.0
4144 73.0
4145 73.0
4146 73.0
4147 73.0
4148 73.0
4149 73.0
4150 73.0
4151 73.0
4152 73.0
4153 73.0
4154 73.0
4155 73.0
4156 73.0
4157 73.0
4158 73.0
4159 73.0
4160 73.0
4161 73.0
4162 73.0
4163 73.0
4164 73.0
4165 73.0
4166 73.0
4167 73.0
4168 73.0
4169 73.0
4170 73.0
4171 73.0
4172 73.0
4173 73.0
4174 73.0
4175 73.0
4176 73.0
4177 73.0
4178 73.0
4179 73.0
4180 73.0
4181 73.0
4182 73.0
4183 73.0
4184 73.0
4185 73.0
4186 73.0
4187 73.0
4188 73.0
4189 73.0
4190 73.0
4191 73.0
4192 73.0
4193 73.0
4194 73.0
4195 73.0
4196 73.0
4197 73.0
4198 73.0
4199 73.0
4200 73.0
4201 73.0
4202 73.0
4203 73.0
4204 73.0
4205 73.0
4206 73.0
4207 73.0
4208 73.0
4209 73.0
4210 73.0
4211 73.0
4212 73.0
4213 73.0
4214 73.0
4215 73.0
4216 73.0
4217 73.0
4218 73.0
4219 73.0
4220 73.0
4221 73.0
4222 73.0
4223 73.0
4224 73.0
4225 73.0
4226 73.0
4227 73.0
4228 73.0
4229 73.0
4230 73.0
4231 73.0
4232 73.0
4233 73.0
4234 73.0
4235 73.0
4236 73.0
4237 73.0
4238 73.0
4239 73.0
4240 73.0
4241 73.0
4242 73.0
4243 73.0
4244 73.0
4245 73.0
4246 73.0
4247 73.0
4248 73.0
4249 73.0
4250 73.0
4251 73.0
4252 73.0
4253 73.0
4254 73.0
4255 73.0
4256 73.0
4257 73.0
4258 73.0
4259 73.0
4260 73.0
4261 73.0
4262 73.0
4263 73.0
4264 73.0
4265 73.0
4266 73.0
4267 73.0
4268 73.0
4269 73.0
4270 73.0
4271 73.0
4272 73.0
4273 73.0
4274 73.0
4275 73.0
4276 73.0
4277 73.0
4278 73.0
4279 73.0
4280 73.0
4281 73.0
4282 73.0
4283 73.0
4284 73.0
4285 73.0
4286 73.0
4287 73.0
4288 73.0
4289 73.0
4290 73.0
4291 73.0
4292 73.0
4293 73.0
4294 73.0
4295 73.0
4296 73.0
4297 73.0
4298 73.0
4299 73.0
4300 73.0
4301 73.0
4302 73.0
4303 73.0
4304 73.0
4305 73.0
4306 73.0
4307 73.0
4308 73.0
4309 73.0
4310 73.0
4311 73.0
4312 73.0
4313 73.0
4314 73.0
4315 73.0
4316 73.0
4317 73.0
4318 73.0
4319 73.0
4320 73.0
4321 73.0
4322 73.0
4323 73.0
4324 73.0
4325 73.0
4326 73.0
4327 73.0
4328 73.0
4329 73.0
4330 73.0
4331 73.0
4332 73.0
4333 73.0
4334 73.0
4335 73.0
4336 73.0
4337 73.0
4338 73.0
4339 73.0
4340 73.0
4341 73.0
4342 73.0
4343 73.0
4344 73.0
4345 73.0
4346 73.0
4347 73.0
4348 73.0
4349 73.0
4350 73.0
4351 73.0
4352 73.0
4353 73.0
4354 73.0
4355 73.0
4356 73.0
4357 73.0
4358 73.0
4359 73.0
4360 73.0
4361 73.0
4362 73.0
4363 73.0
4364 73.0
4365 73.0
4366 73.0
4367 73.0
4368 73.0
4369 73.0
4370 73.0
4371 73.0
4372 73.0
4373 73.0
4374 73.0
4375 73.0
4376 73.0
4377 73.0
4378 73.0
4379 73.0
4380 73.0
4381 73.0
4382 73.0
4383 73.0
4384 73.0
4385 73.0
4386 73.0
4387 73.0
4388 73.0
4389 73.0
4390 73.0
4391 73.0
4392 73.0
4393 73.0
4394 73.0
4395 73.0
4396 73.0
4397 73.0
4398 73.0
4399 73.0
4400 73.0
4401 73.0
4402 73.0
4403 73.0
4404 73.0
4405 73.0
4406 73.0
4407 73.0
4408 73.0
4409 73.0
4410 73.0
4411 73.0
4412 73.0
4413 73.0
4414 73.0
4415 73.0
4416 73.0
4417 73.0
4418 73.0
4419 73.0
4420 73.0
4421 73.0
4422 73.0
4423 73.0
4424 73.0
4425 73.0
4426 73.0
4427 73.0
4428 73.0
4429 73.0
4430 73.0
4431 73.0
4432 73.0
4433 73.0
4434 73.0
4435 73.0
4436 73.0
4437 73.0
4438 73.0
4439 73.0
4440 73.0
4441 73.0
4442 73.0
4443 73.0
4444 73.0
4445 73.0
4446 73.0
4447 73.0
4448 73.0
4449 73.0
4450 73.0
4451 73.0
4452 73.0
4453 73.0
4454 73.0
4455 73.0
4456 73.0
4457 73.0
4458 73.0
4459 73.0
4460 73.0
4461 73.0
4462 73.0
4463 73.0
4464 73.0
4465 73.0
4466 73.0
4467 73.0
4468 73.0
4469 73.0
4470 73.0
4471 73.0
4472 73.0
4473 73.0
4474 73.0
4475 73.0
4476 73.0
4477 73.0
4478 73.0
4479 73.0
4480 73.0
4481 73.0
4482 73.0
4483 73.0
4484 73.0
4485 73.0
4486 73.0
4487 73.0
4488 73.0
4489 73.0
4490 73.0
4491 73.0
4492 73.0
4493 73.0
4494 73.0
4495 73.0
4496 73.0
4497 73.0
4498 73.0
4499 73.0
4500 73.0
4501 73.0
4502 73.0
4503 73.0
4504 73.0
4505 73.0
4506 73.0
4507 73.0
4508 73.0
4509 73.0
4510 73.0
4511 73.0
4512 73.0
4513 73.0
4514 73.0
4515 73.0
4516 73.0
4517 73.0
4518 73.0
4519 73.0
4520 73.0
4521 73.0
4522 73.0
4523 73.0
4524 73.0
4525 73.0
4526 73.0
4527 73.0
4528 73.0
4529 73.0
4530 73.0
4531 73.0
4532 73.0
4533 73.0
4534 73.0
4535 73.0
4536 73.0
4537 73.0
4538 73.0
4539 73.0
4540 73.0
4541 73.0
4542 73.0
4543 73.0
4544 73.0
4545 73.0
4546 73.0
4547 73.0
4548 73.0
4549 73.0
4550 73.0
4551 73.0
4552 73.0
4553 73.0
4554 73.0
4555 73.0
4556 73.0
4557 73.0
4558 73.0
4559 73.0
4560 73.0
4561 73.0
4562 73.0
4563 73.0
4564 73.0
4565 73.0
4566 73.0
4567 73.0
4568 73.0
4569 73.0
4570 73.0
4571 73.0
4572 73.0
4573 73.0
4574 73.0
4575 73.0
4576 73.0
4577 73.0
4578 73.0
4579 73.0
4580 73.0
4581 73.0
4582 73.0
4583 73.0
4584 73.0
4585 73.0
4586 73.0
4587 73.0
4588 73.0
4589 73.0
4590 73.0
4591 73.0
4592 73.0
4593 73.0
4594 73.0
4595 73.0
4596 73.0
4597 73.0
4598 73.0
4599 73.0
4600 73.0
4601 73.0
4602 73.0
4603 73.0
4604 73.0
4605 73.0
4606 73.0
4607 73.0
4608 73.0
4609 73.0
4610 73.0
4611 73.0
4612 73.0
4613 73.0
4614 73.0
4615 73.0
4616 73.0
4617 73.0
4618 73.0
4619 73.0
4620 73.0
4621 73.0
4622 73.0
4623 73.0
4624 73.0
4625 73.0
4626 73.0
4627 73.0
4628 73.0
4629 73.0
4630 73.0
4631 73.0
4632 73.0
4633 73.0
4634 73.0
4635 73.0
4636 73.0
4637 73.0
4638 73.0
4639 73.0
4640 73.0
4641 73.0
4642 73.0
4643 73.0
4644 73.0
4645 73.0
4646 73.0
4647 73.0
4648 73.0
4649 73.0
4650 73.0
4651 73.0
4652 73.0
4653 73.0
4654 73.0
4655 73.0
4656 73.0
4657 73.0
4658 73.0
4659 73.0
4660 73.0
4661 73.0
4662 73.0
4663 73.0
4664 73.0
4665 73.0
4666 73.0
4667 73.0
4668 73.0
4669 73.0
4670 73.0
4671 73.0
4672 73.0
4673 73.0
4674 73.0
4675 73.0
4676 73.0
4677 73.0
4678 73.0
4679 73.0
4680 73.0
4681 73.0
4682 73.0
4683 73.0
4684 73.0
4685 73.0
4686 73.0
4687 73.0
4688 73.0
4689 73.0
4690 73.0
4691 73.0
4692 73.0
4693 73.0
4694 73.0
4695 73.0
4696 73.0
4697 73.0
4698 73.0
4699 73.0
4700 73.0
4701 73.0
4702 73.0
4703 73.0
4704 73.0
4705 73.0
4706 73.0
4707 73.0
4708 73.0
4709 73.0
4710 73.0
4711 73.0
4712 73.0
4713 73.0
4714 73.0
4715 73.0
4716 73.0
4717 73.0
4718 73.0
4719 73.0
4720 73.0
4721 73.0
4722 73.0
4723 73.0
4724 73.0
4725 73.0
4726 73.0
4727 73.0
4728 73.0
4729 73.0
4730 73.0
4731 73.0
4732 73.0
4733 73.0
4734 73.0
4735 73.0
4736 73.0
4737 73.0
4738 73.0
4739 73.0
4740 73.0
4741 73.0
4742 73.0
4743 73.0
4744 73.0
4745 73.0
4746 73.0
4747 73.0
4748 73.0
4749 73.0
4750 73.0
4751 73.0
4752 73.0
4753 73.0
4754 73.0
4755 73.0
4756 73.0
4757 73.0
4758 73.0
4759 73.0
4760 73.0
4761 73.0
4762 73.0
4763 73.0
4764 73.0
4765 73.0
4766 73.0
4767 73.0
4768 73.0
4769 73.0
4770 73.0
4771 73.0
4772 73.0
4773 73.0
4774 73.0
4775 73.0
4776 73.0
4777 73.0
4778 73.0
4779 73.0
4780 73.0
4781 73.0
4782 73.0
4783 73.0
4784 73.0
4785 73.0
4786 73.0
4787 73.0
4788 73.0
4789 73.0
4790 73.0
4791 73.0
4792 73.0
4793 73.0
4794 73.0
4795 73.0
4796 73.0
4797 73.0
4798 73.0
4799 73.0
4800 73.0
4801 73.0
4802 73.0
4803 73.0
4804 73.0
4805 73.0
4806 73.0
4807 73.0
4808 73.0
4809 73.0
4810 73.0
4811 73.0
4812 73.0
4813 73.0
4814 73.0
4815 73.0
4816 73.0
4817 73.0
4818 73.0
4819 73.0
4820 73.0
4821 73.0
4822 73.0
4823 73.0
4824 73.0
4825 73.0
4826 73.0
4827 73.0
4828 73.0
4829 73.0
4830 73.0
4831 73.0
4832 73.0
4833 73.0
4834 73.0
4835 73.0
4836 73.0
4837 73.0
4838 73.0
4839 73.0
4840 73.0
4841 73.0
4842 73.0
4843 73.0
4844 73.0
4845 73.0
4846 73.0
4847 73.0
4848 73.0
4849 73.0
4850 73.0
4851 73.0
4852 73.0
4853 73.0
4854 73.0
4855 73.0
4856 73.0
4857 73.0
4858 73.0
4859 73.0
4860 73.0
4861 73.0
4862 73.0
4863 73.0
4864 73.0
4865 73.0
4866 73.0
4867 73.0
4868 73.0
4869 73.0
4870 73.0
4871 73.0
4872 73.0
4873 73.0
4874 73.0
4875 73.0
4876 73.0
4877 73.0
4878 73.0
4879 73.0
4880 73.0
4881 73.0
4882 73.0
4883 73.0
4884 73.0
4885 73.0
4886 73.0
4887 73.0
4888 73.0
4889 73.0
4890 73.0
4891 73.0
4892 73.0
4893 73.0
4894 73.0
4895 73.0
4896 73.0
4897 73.0
4898 73.0
4899 73.0
4900 73.0
4901 73.0
4902 73.0
4903 73.0
4904 73.0
4905 73.0
4906 73.0
4907 73.0
4908 73.0
4909 73.0
4910 73.0
4911 73.0
4912 73.0
4913 73.0
4914 73.0
4915 73.0
4916 73.0
4917 73.0
4918 73.0
4919 73.0
4920 73.0
4921 73.0
4922 73.0
4923 73.0
4924 73.0
4925 73.0
4926 73.0
4927 73.0
4928 73.0
4929 73.0
4930 73.0
4931 73.0
4932 73.0
4933 73.0
4934 73.0
4935 73.0
4936 73.0
4937 73.0
4938 73.0
4939 73.0
4940 73.0
4941 73.0
4942 73.0
4943 73.0
4944 73.0
4945 73.0
4946 73.0
4947 73.0
4948 73.0
4949 73.0
4950 73.0
4951 73.0
4952 73.0
4953 73.0
4954 73.0
4955 73.0
4956 73.0
4957 73.0
4958 73.0
4959 73.0
4960 73.0
4961 73.0
4962 73.0
4963 73.0
4964 73.0
4965 73.0
4966 73.0
4967 73.0
4968 73.0
4969 73.0
4970 73.0
4971 73.0
4972 73.0
4973 73.0
4974 73.0
4975 73.0
4976 73.0
4977 73.0
4978 73.0
4979 73.0
4980 73.0
4981 73.0
4982 73.0
4983 73.0
4984 73.0
4985 73.0
4986 73.0
4987 73.0
4988 73.0
4989 73.0
4990 73.0
4991 73.0
4992 73.0
4993 73.0
4994 73.0
4995 73.0
4996 73.0
4997 73.0
4998 73.0
4999 73.0
5000 73.0
5001 73.0
5002 73.0
5003 73.0
5004 73.0
5005 73.0
5006 73.0
5007 73.0
5008 73.0
5009 73.0
5010 73.0
5011 73.0
5012 73.0
5013 73.0
5014 73.0
5015 73.0
5016 73.0
5017 73.0
5018 73.0
5019 73.0
5020 73.0
5021 73.0
5022 73.0
5023 73.0
5024 73.0
5025 73.0
5026 73.0
5027 73.0
5028 73.0
5029 73.0
5030 73.0
5031 73.0
5032 73.0
5033 73.0
5034 73.0
5035 73.0
5036 73.0
5037 73.0
5038 73.0
5039 73.0
5040 73.0
5041 73.0
5042 73.0
5043 73.0
5044 73.0
5045 73.0
5046 73.0
5047 73.0
5048 73.0
5049 73.0
5050 73.0
5051 73.0
5052 73.0
5053 73.0
5054 73.0
5055 73.0
5056 73.0
5057 73.0
5058 73.0
5059 73.0
5060 73.0
5061 73.0
5062 73.0
5063 73.0
5064 73.0
5065 73.0
5066 73.0
5067 73.0
5068 73.0
5069 73.0
5070 73.0
5071 73.0
5072 73.0
5073 73.0
5074 73.0
5075 73.0
5076 73.0
5077 73.0
5078 73.0
5079 73.0
5080 73.0
5081 73.0
5082 73.0
5083 73.0
5084 73.0
5085 73.0
5086 73.0
5087 73.0
5088 73.0
5089 73.0
5090 73.0
5091 73.0
5092 73.0
5093 73.0
5094 73.0
5095 73.0
5096 73.0
5097 73.0
5098 73.0
5099 73.0
5100 73.0
5101 73.0
5102 73.0
5103 73.0
5104 73.0
5105 73.0
5106 73.0
5107 73.0
5108 73.0
5109 73.0
5110 73.0
5111 73.0
5112 73.0
5113 73.0
5114 73.0
5115 73.0
5116 73.0
5117 73.0
5118 73.0
5119 73.0
5120 73.0
5121 73.0
5122 73.0
5123 73.0
5124 73.0
5125 73.0
5126 73.0
5127 73.0
5128 73.0
5129 73.0
5130 73.0
5131 73.0
5132 73.0
5133 73.0
5134 73.0
5135 73.0
5136 73.0
5137 73.0
5138 73.0
5139 73.0
5140 73.0
5141 73.0
5142 73.0
5143 73.0
5144 73.0
5145 73.0
5146 73.0
5147 73.0
5148 73.0
5149 73.0
5150 73.0
5151 73.0
5152 73.0
5153 73.0
5154 73.0
5155 73.0
5156 73.0
5157 73.0
5158 73.0
5159 73.0
5160 73.0
5161 73.0
5162 73.0
5163 73.0
5164 73.0
5165 73.0
5166 73.0
5167 73.0
5168 73.0
5169 73.0
5170 73.0
5171 73.0
5172 73.0
5173 73.0
5174 73.0
5175 73.0
5176 73.0
5177 73.0
5178 73.0
5179 73.0
5180 73.0
5181 73.0
5182 73.0
5183 73.0
5184 73.0
5185 73.0
5186 73.0
5187 73.0
5188 73.0
5189 73.0
5190 73.0
5191 73.0
5192 73.0
5193 73.0
5194 73.0
5195 73.0
5196 73.0
5197 73.0
5198 73.0
5199 73.0
5200 73.0
5201 73.0
5202 73.0
5203 73.0
5204 73.0
5205 73.0
5206 73.0
5207 73.0
5208 73.0
5209 73.0
5210 73.0
5211 73.0
5212 73.0
5213 73.0
5214 73.0
5215 73.0
5216 73.0
5217 73.0
5218 73.0
5219 73.0
5220 73.0
5221 73.0
5222 73.0
5223 73.0
5224 73.0
5225 73.0
5226 73.0
5227 73.0
5228 73.0
5229 73.0
5230 73.0
5231 73.0
5232 73.0
5233 73.0
5234 73.0
5235 73.0
5236 73.0
5237 73.0
5238 73.0
5239 73.0
5240 73.0
5241 73.0
5242 73.0
5243 73.0
5244 73.0
5245 73.0
5246 73.0
5247 73.0
5248 73.0
5249 73.0
5250 73.0
5251 73.0
5252 73.0
5253 73.0
5254 73.0
5255 73.0
5256 73.0
5257 73.0
5258 73.0
5259 73.0
5260 73.0
5261 73.0
5262 73.0
5263 73.0
5264 73.0
5265 73.0
5266 73.0
5267 73.0
5268 73.0
5269 73.0
5270 73.0
5271 73.0
5272 73.0
5273 73.0
5274 73.0
5275 73.0
5276 73.0
5277 73.0
5278 73.0
5279 73.0
5280 73.0
5281 73.0
5282 73.0
5283 73.0
5284 73.0
5285 73.0
5286 73.0
5287 73.0
5288 73.0
5289 73.0
5290 73.0
5291 73.0
5292 73.0
5293 73.0
5294 73.0
5295 73.0
5296 73.0
5297 73.0
5298 73.0
5299 73.0
5300 73.0
5301 73.0
5302 73.0
5303 73.0
5304 73.0
5305 73.0
5306 73.0
5307 73.0
5308 73.0
5309 73.0
5310 73.0
5311 73.0
5312 73.0
5313 73.0
5314 73.0
5315 73.0
5316 73.0
5317 73.0
5318 73.0
5319 73.0
5320 73.0
5321 73.0
5322 73.0
5323 73.0
5324 73.0
5325 73.0
5326 73.0
5327 73.0
5328 73.0
5329 73.0
5330 73.0
5331 73.0
5332 73.0
5333 73.0
5334 73.0
5335 73.0
5336 73.0
5337 73.0
5338 73.0
5339 73.0
5340 73.0
5341 73.0
5342 73.0
5343 73.0
5344 73.0
5345 73.0
5346 73.0
5347 73.0
5348 73.0
5349 73.0
5350 73.0
5351 73.0
5352 73.0
5353 73.0
5354 73.0
5355 73.0
5356 73.0
5357 73.0
5358 73.0
5359 73.0
5360 73.0
5361 73.0
5362 73.0
5363 73.0
5364 73.0
5365 73.0
5366 73.0
5367 73.0
5368 73.0
5369 73.0
5370 73.0
5371 73.0
5372 73.0
5373 73.0
5374 73.0
5375 73.0
5376 73.0
5377 73.0
5378 73.0
5379 73.0
5380 73.0
5381 73.0
5382 73.0
5383 73.0
5384 73.0
5385 73.0
5386 73.0
5387 73.0
5388 73.0
5389 73.0
5390 73.0
5391 73.0
5392 73.0
5393 73.0
5394 73.0
5395 73.0
5396 73.0
5397 73.0
5398 73.0
5399 73.0
5400 73.0
5401 73.0
5402 73.0
5403 73.0
5404 73.0
5405 73.0
5406 73.0
5407 73.0
5408 73.0
5409 73.0
5410 73.0
5411 73.0
5412 73.0
5413 73.0
5414 73.0
5415 73.0
5416 73.0
5417 73.0
5418 73.0
5419 73.0
5420 73.0
5421 73.0
5422 73.0
5423 73.0
5424 73.0
5425 73.0
5426 73.0
5427 73.0
5428 73.0
5429 73.0
5430 73.0
5431 73.0
5432 73.0
5433 73.0
5434 73.0
5435 73.0
5436 73.0
5437 73.0
5438 73.0
5439 73.0
5440 73.0
5441 73.0
5442 73.0
5443 73.0
5444 73.0
5445 73.0
5446 73.0
5447 73.0
5448 73.0
5449 73.0
5450 73.0
5451 73.0
5452 73.0
5453 73.0
5454 73.0
5455 73.0
5456 73.0
5457 73.0
5458 73.0
5459 73.0
5460 73.0
5461 73.0
5462 73.0
5463 73.0
5464 73.0
5465 73.0
5466 73.0
5467 73.0
5468 73.0
5469 73.0
5470 73.0
5471 73.0
5472 73.0
5473 73.0
5474 73.0
5475 73.0
5476 73.0
5477 73.0
5478 73.0
5479 73.0
5480 73.0
5481 73.0
5482 73.0
5483 73.0
5484 73.0
5485 73.0
5486 73.0
5487 73.0
5488 73.0
5489 73.0
5490 73.0
5491 73.0
5492 73.0
5493 73.0
5494 73.0
5495 73.0
5496 73.0
5497 73.0
5498 73.0
5499 73.0
5500 73.0
5501 73.0
5502 73.0
5503 73.0
5504 73.0
5505 73.0
5506 73.0
5507 73.0
5508 73.0
5509 73.0
5510 73.0
5511 73.0
5512 73.0
5513 73.0
5514 73.0
5515 73.0
5516 73.0
5517 73.0
5518 73.0
5519 73.0
5520 73.0
5521 73.0
5522 73.0
5523 73.0
5524 73.0
5525 73.0
5526 73.0
5527 73.0
5528 73.0
5529 73.0
5530 73.0
5531 73.0
5532 73.0
5533 73.0
5534 73.0
5535 73.0
5536 73.0
5537 73.0
5538 73.0
5539 73.0
5540 73.0
5541 73.0
5542 73.0
5543 73.0
5544 73.0
5545 73.0
5546 73.0
5547 73.0
5548 73.0
5549 73.0
5550 73.0
5551 73.0
5552 73.0
5553 73.0
5554 73.0
5555 73.0
5556 73.0
5557 73.0
5558 73.0
5559 74.0
5560 82.0
5561 83.0
5562 83.0
5563 83.0
5564 83.0
5565 83.0
5566 83.0
5567 83.0
5568 83.0
5569 83.0
5570 83.0
5571 83.0
5572 83.0
5573 83.0
5574 83.0
5575 83.0
5576 83.0
5577 83.0
5578 83.0
5579 83.0
5580 83.0
5581 83.0
5582 83.0
5583 83.0
5584 83.0
5585 83.0
5586 83.0
5587 83.0
5588 83.0
5589 83.0
5590 83.0
5591 83.0
5592 83.0
5593 83.0
5594 83.0
5595 83.0
5596 83.0
5597 83.0
5598 83.0
5599 83.0
5600 83.0
5601 83.0
5602 83.0
5603 83.0
5604 83.0
5605 83.0
5606 83.0
5607 83.0
5608 83.0
5609 83.0
5610 83.0
5611 83.0
5612 83.0
5613 83.0
5614 83.0
5615 83.0
5616 83.0
5617 83.0
5618 83.0
5619 83.0
5620 83.0
5621 83.0
5622 83.0
5623 83.0
5624 83.0
5625 83.0
5626 83.0
5627 83.0
5628 83.0
5629 83.0
5630 83.0
5631 83.0
5632 83.0
5633 83.0
5634 83.0
5635 83.0
5636 83.0
5637 83.0
5638 83.0
5639 83.0
5640 83.0
5641 83.0
5642 83.0
5643 83.0
5644 83.0
5645 83.0
5646 83.0
5647 83.0
5648 83.0
5649 83.0
5650 83.0
5651 83.0
5652 83.0
5653 83.0
5654 83.0
5655 83.0
5656 83.0
5657 83.0
5658 83.0
5659 83.0
5660 83.0
5661 83.0
5662 83.0
5663 83.0
5664 83.0
5665 83.0
5666 83.0
5667 83.0
5668 83.0
5669 83.0
5670 83.0
5671 83.0
5672 83.0
5673 83.0
5674 83.0
5675 83.0
5676 83.0
5677 83.0
5678 83.0
5679 83.0
5680 83.0
5681 83.0
5682 83.0
5683 83.0
5684 83.0
5685 83.0
5686 83.0
5687 83.0
5688 83.0
5689 83.0
5690 83.0
5691 83.0
5692 83.0
5693 83.0
5694 83.0
5695 83.0
5696 83.0
5697 83.0
5698 83.0
5699 83.0
5700 83.0
5701 83.0
5702 83.0
5703 83.0
5704 83.0
5705 83.0
5706 83.0
5707 83.0
5708 83.0
5709 83.0
5710 83.0
5711 83.0
5712 83.0
5713 83.0
5714 83.0
5715 83.0
5716 83.0
5717 83.0
5718 83.0
5719 83.0
5720 83.0
5721 83.0
5722 83.0
5723 83.0
5724 83.0
5725 83.0
5726 83.0
5727 83.0
5728 83.0
5729 83.0
5730 83.0
5731 83.0
5732 83.0
5733 83.0
5734 83.0
5735 83.0
5736 83.0
5737 83.0
5738 83.0
5739 83.0
5740 83.0
5741 83.0
5742 83.0
5743 83.0
5744 83.0
5745 83.0
5746 83.0
5747 83.0
5748 83.0
5749 83.0
5750 83.0
5751 83.0
5752 83.0
5753 83.0
5754 83.0
5755 83.0
5756 83.0
5757 83.0
5758 83.0
5759 83.0
5760 83.0
5761 83.0
5762 83.0
5763 83.0
5764 83.0
5765 83.0
5766 83.0
5767 83.0
5768 83.0
5769 83.0
5770 83.0
5771 83.0
5772 83.0
5773 83.0
5774 83.0
5775 83.0
5776 83.0
5777 83.0
5778 83.0
5779 83.0
5780 83.0
5781 83.0
5782 83.0
5783 83.0
5784 83.0
5785 83.0
5786 83.0
5787 83.0
5788 83.0
5789 83.0
5790 83.0
5791 83.0
5792 83.0
5793 83.0
5794 83.0
5795 83.0
5796 83.0
5797 83.0
5798 83.0
5799 83.0
5800 83.0
5801 83.0
5802 83.0
5803 83.0
5804 83.0
5805 83.0
5806 83.0
5807 83.0
5808 83.0
5809 83.0
5810 83.0
5811 83.0
5812 83.0
5813 83.0
5814 83.0
5815 83.0
5816 83.0
5817 83.0
5818 83.0
5819 83.0
5820 83.0
5821 83.0
5822 83.0
5823 83.0
5824 83.0
5825 83.0
5826 83.0
5827 83.0
5828 83.0
5829 83.0
5830 83.0
5831 83.0
5832 83.0
5833 83.0
5834 83.0
5835 83.0
5836 83.0
5837 83.0
5838 83.0
5839 83.0
5840 83.0
5841 83.0
5842 83.0
5843 83.0
5844 83.0
5845 83.0
5846 83.0
5847 83.0
5848 83.0
5849 83.0
5850 83.0
5851 83.0
5852 83.0
5853 83.0
5854 83.0
5855 83.0
5856 83.0
5857 83.0
5858 83.0
5859 83.0
5860 83.0
5861 83.0
5862 83.0
5863 83.0
5864 83.0
5865 83.0
5866 83.0
5867 83.0
5868 83.0
5869 83.0
5870 83.0
5871 83.0
5872 83.0
5873 83.0
5874 83.0
5875 83.0
5876 83.0
5877 83.0
5878 83.0
5879 83.0
5880 83.0
5881 83.0
5882 83.0
5883 83.0
5884 83.0
5885 83.0
5886 83.0
5887 83.0
5888 83.0
5889 83.0
5890 83.0
5891 83.0
5892 83.0
5893 83.0
5894 83.0
5895 83.0
5896 83.0
5897 83.0
5898 83.0
5899 83.0
5900 83.0
5901 83.0
5902 83.0
5903 83.0
5904 83.0
5905 83.0
5906 83.0
5907 83.0
5908 83.0
5909 83.0
5910 83.0
5911 83.0
5912 83.0
5913 83.0
5914 83.0
5915 83.0
5916 83.0
5917 83.0
5918 83.0
5919 83.0
5920 83.0
5921 83.0
5922 83.0
5923 83.0
5924 83.0
5925 83.0
5926 83.0
5927 83.0
5928 83.0
5929 83.0
5930 83.0
5931 83.0
5932 83.0
5933 83.0
5934 83.0
5935 83.0
5936 83.0
5937 83.0
5938 83.0
5939 83.0
5940 83.0
5941 83.0
5942 83.0
5943 83.0
5944 83.0
5945 83.0
5946 83.0
5947 83.0
5948 83.0
5949 83.0
5950 83.0
5951 83.0
5952 83.0
5953 83.0
5954 83.0
5955 83.0
5956 83.0
5957 83.0
5958 83.0
5959 83.0
5960 83.0
5961 83.0
5962 83.0
5963 83.0
5964 83.0
5965 83.0
5966 83.0
5967 83.0
5968 83.0
5969 83.0
5970 83.0
5971 83.0
5972 83.0
5973 83.0
5974 83.0
5975 83.0
5976 83.0
5977 83.0
5978 83.0
5979 83.0
5980 83.0
5981 83.0
5982 83.0
5983 83.0
5984 83.0
5985 83.0
5986 83.0
5987 83.0
5988 83.0
5989 83.0
5990 83.0
5991 83.0
5992 83.0
5993 83.0
5994 83.0
5995 83.0
5996 83.0
5997 83.0
5998 83.0
5999 83.0
6000 83.0
6001 83.0
6002 83.0
6003 83.0
6004 83.0
6005 83.0
6006 83.0
6007 83.0
6008 83.0
6009 83.0
6010 83.0
6011 83.0
6012 83.0
6013 83.0
6014 83.0
6015 83.0
6016 83.0
6017 83.0
6018 83.0
6019 83.0
6020 83.0
6021 83.0
6022 83.0
6023 83.0
6024 83.0
6025 83.0
6026 83.0
6027 83.0
6028 83.0
6029 83.0
6030 83.0
6031 83.0
6032 83.0
6033 83.0
6034 83.0
6035 83.0
6036 83.0
6037 83.0
6038 83.0
6039 83.0
6040 83.0
6041 83.0
6042 83.0
6043 83.0
6044 83.0
6045 83.0
6046 83.0
6047 83.0
6048 83.0
6049 83.0
6050 83.0
6051 83.0
6052 83.0
6053 83.0
6054 83.0
6055 83.0
6056 83.0
6057 83.0
6058 83.0
6059 83.0
6060 83.0
6061 83.0
6062 83.0
6063 83.0
6064 83.0
6065 83.0
6066 83.0
6067 83.0
6068 83.0
6069 83.0
6070 83.0
6071 83.0
6072 83.0
6073 83.0
6074 83.0
6075 83.0
6076 83.0
6077 83.0
6078 83.0
6079 83.0
6080 83.0
6081 83.0
6082 83.0
6083 83.0
6084 83.0
6085 83.0
6086 83.0
6087 83.0
6088 83.0
6089 83.0
6090 83.0
6091 83.0
6092 83.0
6093 83.0
6094 83.0
6095 83.0
6096 83.0
6097 83.0
6098 83.0
6099 83.0
6100 83.0
6101 83.0
6102 83.0
6103 83.0
6104 83.0
6105 83.0
6106 83.0
6107 83.0
6108 83.0
6109 83.0
6110 83.0
6111 83.0
6112 83.0
6113 83.0
6114 83.0
6115 83.0
6116 83.0
6117 83.0
6118 83.0
6119 83.0
6120 83.0
6121 83.0
6122 83.0
6123 83.0
6124 83.0
6125 83.0
6126 83.0
6127 83.0
6128 83.0
6129 83.0
6130 83.0
6131 83.0
6132 83.0
6133 83.0
6134 83.0
6135 83.0
6136 83.0
6137 83.0
6138 83.0
6139 83.0
6140 83.0
6141 83.0
6142 83.0
6143 83.0
6144 83.0
6145 83.0
6146 83.0
6147 83.0
6148 83.0
6149 83.0
6150 83.0
6151 83.0
6152 83.0
6153 83.0
6154 83.0
6155 83.0
6156 83.0
6157 83.0
6158 83.0
6159 83.0
6160 83.0
6161 83.0
6162 83.0
6163 83.0
6164 83.0
6165 83.0
6166 83.0
6167 83.0
6168 83.0
6169 83.0
6170 83.0
6171 83.0
6172 83.0
6173 83.0
6174 83.0
6175 83.0
6176 83.0
6177 83.0
6178 83.0
6179 83.0
6180 83.0
6181 83.0
6182 83.0
6183 83.0
6184 83.0
6185 83.0
6186 83.0
6187 83.0
6188 83.0
6189 83.0
6190 83.0
6191 83.0
6192 83.0
6193 83.0
6194 83.0
6195 83.0
6196 83.0
6197 83.0
6198 83.0
6199 83.0
6200 83.0
6201 83.0
6202 83.0
6203 83.0
6204 83.0
6205 83.0
6206 83.0
6207 83.0
6208 83.0
6209 83.0
6210 83.0
6211 83.0
6212 83.0
6213 83.0
6214 83.0
6215 83.0
6216 83.0
6217 83.0
6218 83.0
6219 83.0
6220 83.0
6221 83.0
6222 83.0
6223 83.0
6224 83.0
6225 83.0
6226 83.0
6227 83.0
6228 83.0
6229 83.0
6230 83.0
6231 83.0
6232 83.0
6233 83.0
6234 83.0
6235 83.0
6236 83.0
6237 83.0
6238 83.0
6239 83.0
6240 83.0
6241 83.0
6242 83.0
6243 83.0
6244 83.0
6245 83.0
6246 83.0
6247 83.0
6248 83.0
6249 83.0
6250 83.0
6251 83.0
6252 83.0
6253 83.0
6254 83.0
6255 83.0
6256 83.0
6257 83.0
6258 83.0
6259 83.0
6260 83.0
6261 83.0
6262 83.0
6263 83.0
6264 83.0
6265 83.0
6266 83.0
6267 83.0
6268 83.0
6269 83.0
6270 83.0
6271 83.0
6272 83.0
6273 83.0
6274 83.0
6275 83.0
6276 83.0
6277 83.0
6278 83.0
6279 83.0
6280 83.0
6281 83.0
6282 83.0
6283 83.0
6284 83.0
6285 83.0
6286 83.0
6287 83.0
6288 83.0
6289 83.0
6290 83.0
6291 83.0
6292 83.0
6293 83.0
6294 83.0
6295 83.0
6296 83.0
6297 83.0
6298 83.0
6299 83.0
6300 83.0
6301 83.0
6302 83.0
6303 83.0
6304 83.0
6305 83.0
6306 83.0
6307 83.0
6308 83.0
6309 83.0
6310 83.0
6311 83.0
6312 83.0
6313 83.0
6314 83.0
6315 83.0
6316 83.0
6317 83.0
6318 83.0
6319 83.0
6320 83.0
6321 83.0
6322 83.0
6323 83.0
6324 83.0
6325 83.0
6326 83.0
6327 83.0
6328 83.0
6329 83.0
6330 83.0
6331 83.0
6332 83.0
6333 83.0
6334 83.0
6335 83.0
6336 83.0
6337 83.0
6338 83.0
6339 83.0
6340 83.0
6341 83.0
6342 83.0
6343 83.0
6344 83.0
6345 83.0
6346 83.0
6347 83.0
6348 83.0
6349 83.0
6350 83.0
6351 83.0
6352 83.0
6353 83.0
6354 83.0
6355 83.0
6356 83.0
6357 83.0
6358 83.0
6359 83.0
6360 83.0
6361 83.0
6362 83.0
6363 83.0
6364 83.0
6365 83.0
6366 83.0
6367 83.0
6368 83.0
6369 83.0
6370 83.0
6371 83.0
6372 83.0
6373 83.0
6374 83.0
6375 83.0
6376 83.0
6377 83.0
6378 83.0
6379 83.0
6380 83.0
6381 83.0
6382 83.0
6383 83.0
6384 83.0
6385 83.0
6386 83.0
6387 83.0
6388 83.0
6389 83.0
6390 83.0
6391 83.0
6392 83.0
6393 83.0
6394 83.0
6395 83.0
6396 83.0
6397 83.0
6398 83.0
6399 83.0
6400 83.0
6401 83.0
6402 83.0
6403 83.0
6404 83.0
6405 83.0
6406 83.0
6407 83.0
6408 83.0
6409 83.0
6410 83.0
6411 83.0
6412 83.0
6413 83.0
6414 83.0
6415 83.0
6416 83.0
6417 83.0
6418 83.0
6419 83.0
6420 83.0
6421 83.0
6422 83.0
6423 83.0
6424 83.0
6425 83.0
6426 83.0
6427 83.0
6428 83.0
6429 83.0
6430 83.0
6431 83.0
6432 83.0
6433 83.0
6434 83.0
6435 83.0
6436 83.0
6437 83.0
6438 83.0
6439 83.0
6440 83.0
6441 83.0
6442 83.0
6443 83.0
6444 83.0
6445 83.0
6446 83.0
6447 83.0
6448 83.0
6449 83.0
6450 83.0
6451 83.0
6452 83.0
6453 83.0
6454 83.0
6455 83.0
6456 83.0
6457 83.0
6458 83.0
6459 83.0
6460 83.0
6461 83.0
6462 83.0
6463 83.0
6464 83.0
6465 83.0
6466 83.0
6467 83.0
6468 83.0
6469 83.0
6470 83.0
6471 83.0
6472 83.0
6473 83.0
6474 83.0
6475 83.0
6476 83.0
6477 83.0
6478 83.0
6479 83.0
6480 83.0
6481 83.0
6482 83.0
6483 83.0
6484 83.0
6485 83.0
6486 83.0
6487 83.0
6488 83.0
6489 83.0
6490 83.0
6491 83.0
6492 83.0
6493 83.0
6494 83.0
6495 83.0
6496 83.0
6497 83.0
6498 83.0
6499 83.0
6500 83.0
6501 83.0
6502 83.0
6503 83.0
6504 83.0
6505 83.0
6506 83.0
6507 83.0
6508 83.0
6509 83.0
6510 83.0
6511 83.0
6512 83.0
6513 83.0
6514 83.0
6515 83.0
6516 83.0
6517 83.0
6518 83.0
6519 83.0
6520 83.0
6521 83.0
6522 83.0
6523 83.0
6524 83.0
6525 83.0
6526 83.0
6527 83.0
6528 83.0
6529 83.0
6530 83.0
6531 83.0
6532 83.0
6533 83.0
6534 83.0
6535 83.0
6536 83.0
6537 83.0
6538 83.0
6539 83.0
6540 83.0
6541 83.0
6542 83.0
6543 83.0
6544 83.0
6545 83.0
6546 83.0
6547 83.0
6548 83.0
6549 83.0
6550 83.0
6551 83.0
6552 83.0
6553 83.0
6554 83.0
6555 83.0
6556 83.0
6557 83.0
6558 83.0
6559 83.0
6560 83.0
6561 83.0
6562 83.0
6563 83.0
6564 83.0
6565 83.0
6566 83.0
6567 83.0
6568 83.0
6569 83.0
6570 83.0
6571 83.0
6572 83.0
6573 83.0
6574 83.0
6575 83.0
6576 83.0
6577 83.0
6578 83.0
6579 83.0
6580 83.0
6581 83.0
6582 83.0
6583 83.0
6584 83.0
6585 83.0
6586 83.0
6587 83.0
6588 83.0
6589 83.0
6590 83.0
6591 83.0
6592 83.0
6593 83.0
6594 83.0
6595 83.0
6596 83.0
6597 83.0
6598 83.0
6599 83.0
6600 83.0
6601 83.0
6602 83.0
6603 83.0
6604 83.0
6605 83.0
6606 83.0
6607 83.0
6608 83.0
6609 83.0
6610 83.0
6611 83.0
6612 83.0
6613 83.0
6614 83.0
6615 83.0
6616 83.0
6617 83.0
6618 83.0
6619 83.0
6620 83.0
6621 83.0
6622 83.0
6623 83.0
6624 83.0
6625 83.0
6626 83.0
6627 83.0
6628 83.0
6629 83.0
6630 83.0
6631 83.0
6632 83.0
6633 83.0
6634 83.0
6635 83.0
6636 83.0
6637 83.0
6638 83.0
6639 83.0
6640 83.0
6641 83.0
6642 83.0
6643 83.0
6644 83.0
6645 83.0
6646 83.0
6647 83.0
6648 83.0
6649 83.0
6650 83.0
6651 83.0
6652 83.0
6653 83.0
6654 83.0
6655 83.0
6656 83.0
6657 83.0
6658 83.0
6659 83.0
6660 83.0
6661 83.0
6662 83.0
6663 83.0
6664 83.0
6665 83.0
6666 83.0
6667 83.0
6668 83.0
6669 83.0
6670 83.0
6671 83.0
6672 83.0
6673 83.0
6674 83.0
6675 83.0
6676 83.0
6677 83.0
6678 83.0
6679 83.0
6680 83.0
6681 83.0
6682 83.0
6683 83.0
6684 83.0
6685 83.0
6686 83.0
6687 83.0
6688 83.0
6689 83.0
6690 83.0
6691 83.0
6692 83.0
6693 83.0
6694 83.0
6695 83.0
6696 83.0
6697 83.0
6698 83.0
6699 83.0
6700 83.0
6701 83.0
6702 83.0
6703 83.0
6704 83.0
6705 83.0
6706 83.0
6707 83.0
6708 83.0
6709 83.0
6710 83.0
6711 83.0
6712 83.0
6713 83.0
6714 83.0
6715 83.0
6716 83.0
6717 83.0
6718 83.0
6719 83.0
6720 83.0
6721 83.0
6722 83.0
6723 83.0
6724 83.0
6725 83.0
6726 83.0
6727 83.0
6728 83.0
6729 83.0
6730 83.0
6731 83.0
6732 83.0
6733 83.0
6734 83.0
6735 83.0
6736 83.0
6737 83.0
6738 83.0
6739 83.0
6740 83.0
6741 83.0
6742 83.0
6743 83.0
6744 83.0
6745 83.0
6746 83.0
6747 83.0
6748 83.0
6749 83.0
6750 83.0
6751 83.0
6752 83.0
6753 83.0
6754 83.0
6755 83.0
6756 83.0
6757 83.0
6758 83.0
6759 83.0
6760 83.0
6761 83.0
6762 83.0
6763 83.0
6764 83.0
6765 83.0
6766 83.0
6767 83.0
6768 83.0
6769 83.0
6770 83.0
6771 83.0
6772 83.0
6773 83.0
6774 83.0
6775 83.0
6776 83.0
6777 83.0
6778 83.0
6779 83.0
6780 83.0
6781 83.0
6782 83.0
6783 83.0
6784 83.0
6785 83.0
6786 83.0
6787 83.0
6788 83.0
6789 83.0
6790 83.0
6791 83.0
6792 83.0
6793 83.0
6794 83.0
6795 83.0
6796 83.0
6797 83.0
6798 83.0
6799 83.0
6800 83.0
6801 83.0
6802 83.0
6803 83.0
6804 83.0
6805 83.0
6806 83.0
6807 83.0
6808 83.0
6809 83.0
6810 83.0
6811 83.0
6812 83.0
6813 83.0
6814 83.0
6815 83.0
6816 83.0
6817 83.0
6818 83.0
6819 83.0
6820 83.0
6821 83.0
6822 83.0
6823 83.0
6824 83.0
6825 83.0
6826 83.0
6827 83.0
6828 83.0
6829 83.0
6830 83.0
6831 83.0
6832 83.0
6833 83.0
6834 83.0
6835 83.0
6836 83.0
6837 83.0
6838 83.0
6839 83.0
6840 83.0
6841 83.0
6842 83.0
6843 83.0
6844 83.0
6845 83.0
6846 83.0
6847 83.0
6848 83.0
6849 83.0
6850 83.0
6851 83.0
6852 83.0
6853 83.0
6854 83.0
6855 83.0
6856 83.0
6857 83.0
6858 83.0
6859 83.0
6860 83.0
6861 83.0
6862 83.0
6863 83.0
6864 83.0
6865 83.0
6866 83.0
6867 83.0
6868 83.0
6869 83.0
6870 83.0
6871 83.0
6872 83.0
6873 83.0
6874 83.0
6875 83.0
6876 83.0
6877 83.0
6878 83.0
6879 83.0
6880 83.0
6881 83.0
6882 83.0
6883 83.0
6884 83.0
6885 83.0
6886 83.0
6887 83.0
6888 83.0
6889 83.0
6890 83.0
6891 83.0
6892 83.0
6893 83.0
6894 83.0
6895 83.0
6896 83.0
6897 83.0
6898 83.0
6899 83.0
6900 83.0
6901 83.0
6902 83.0
6903 83.0
6904 83.0
6905 83.0
6906 83.0
6907 83.0
6908 83.0
6909 83.0
6910 83.0
6911 83.0
6912 83.0
6913 83.0
6914 83.0
6915 83.0
6916 83.0
6917 83.0
6918 83.0
6919 83.0
6920 83.0
6921 83.0
6922 83.0
6923 83.0
6924 83.0
6925 83.0
6926 83.0
6927 83.0
6928 83.0
6929 83.0
6930 83.0
6931 83.0
6932 83.0
6933 83.0
6934 83.0
6935 83.0
6936 83.0
6937 83.0
6938 83.0
6939 83.0
6940 83.0
6941 83.0
6942 83.0
6943 83.0
6944 83.0
6945 83.0
6946 83.0
6947 83.0
6948 83.0
6949 83.0
6950 83.0
6951 83.0
6952 83.0
6953 83.0
6954 83.0
6955 83.0
6956 83.0
6957 83.0
6958 83.0
6959 83.0
6960 83.0
6961 83.0
6962 83.0
6963 83.0
6964 83.0
6965 83.0
6966 83.0
6967 83.0
6968 83.0
6969 83.0
6970 83.0
6971 83.0
6972 83.0
6973 83.0
6974 83.0
6975 83.0
6976 83.0
6977 83.0
6978 83.0
6979 83.0
6980 83.0
6981 83.0
6982 83.0
6983 83.0
6984 83.0
6985 83.0
6986 83.0
6987 83.0
6988 83.0
6989 83.0
6990 83.0
6991 83.0
6992 83.0
6993 83.0
6994 83.0
6995 83.0
6996 83.0
6997 83.0
6998 83.0
6999 83.0
7000 83.0
7001 83.0
7002 83.0
7003 83.0
7004 83.0
7005 83.0
7006 83.0
7007 83.0
7008 83.0
7009 83.0
7010 83.0
7011 83.0
7012 83.0
7013 83.0
7014 83.0
7015 83.0
7016 83.0
7017 83.0
7018 83.0
7019 83.0
7020 83.0
7021 83.0
7022 83.0
7023 83.0
7024 83.0
7025 83.0
7026 83.0
7027 83.0
7028 83.0
7029 83.0
7030 83.0
7031 83.0
7032 83.0
7033 83.0
7034 83.0
7035 83.0
7036 83.0
7037 83.0
7038 83.0
7039 83.0
7040 83.0
7041 83.0
7042 83.0
7043 83.0
7044 83.0
7045 83.0
7046 83.0
7047 83.0
7048 83.0
7049 83.0
7050 83.0
7051 83.0
7052 83.0
7053 83.0
7054 83.0
7055 83.0
7056 83.0
7057 83.0
7058 83.0
7059 83.0
7060 83.0
7061 83.0
7062 83.0
7063 83.0
7064 83.0
7065 83.0
7066 83.0
7067 83.0
7068 83.0
7069 83.0
7070 83.0
7071 83.0
7072 83.0
7073 83.0
7074 83.0
7075 83.0
7076 83.0
7077 83.0
7078 83.0
7079 83.0
7080 83.0
7081 83.0
7082 83.0
7083 83.0
7084 83.0
7085 83.0
7086 83.0
7087 83.0
7088 83.0
7089 83.0
7090 83.0
7091 83.0
7092 83.0
7093 83.0
7094 83.0
7095 83.0
7096 83.0
7097 83.0
7098 83.0
7099 83.0
7100 83.0
7101 83.0
7102 83.0
7103 83.0
7104 83.0
7105 83.0
7106 83.0
7107 83.0
7108 83.0
7109 83.0
7110 83.0
7111 83.0
7112 83.0
7113 83.0
7114 83.0
7115 83.0
7116 83.0
7117 83.0
7118 83.0
7119 83.0
7120 83.0
7121 83.0
7122 83.0
7123 83.0
7124 83.0
7125 83.0
7126 83.0
7127 83.0
7128 83.0
7129 83.0
7130 83.0
7131 83.0
7132 83.0
7133 83.0
7134 83.0
7135 83.0
7136 83.0
7137 83.0
7138 83.0
7139 83.0
7140 83.0
7141 83.0
7142 83.0
7143 83.0
7144 83.0
7145 83.0
7146 83.0
7147 83.0
7148 83.0
7149 83.0
7150 83.0
7151 83.0
7152 83.0
7153 83.0
7154 83.0
7155 83.0
7156 83.0
7157 83.0
7158 83.0
7159 83.0
7160 83.0
7161 83.0
7162 83.0
7163 83.0
7164 83.0
7165 83.0
7166 83.0
7167 83.0
7168 83.0
7169 83.0
7170 83.0
7171 83.0
7172 83.0
7173 83.0
7174 83.0
7175 83.0
7176 83.0
7177 83.0
7178 83.0
7179 83.0
7180 83.0
7181 83.0
7182 83.0
7183 83.0
7184 83.0
7185 83.0
7186 83.0
7187 83.0
7188 83.0
7189 83.0
7190 83.0
7191 83.0
7192 83.0
7193 83.0
7194 83.0
7195 83.0
7196 83.0
7197 83.0
7198 83.0
7199 83.0
7200 83.0
7201 83.0
7202 83.0
7203 83.0
7204 83.0
7205 83.0
7206 83.0
7207 83.0
7208 83.0
7209 83.0
7210 83.0
7211 83.0
7212 83.0
7213 83.0
7214 83.0
7215 83.0
7216 83.0
7217 83.0
7218 83.0
7219 83.0
7220 83.0
7221 83.0
7222 83.0
7223 83.0
7224 83.0
7225 83.0
7226 83.0
7227 83.0
7228 83.0
7229 83.0
7230 83.0
7231 83.0
7232 83.0
7233 83.0
7234 83.0
7235 83.0
7236 83.0
7237 83.0
7238 83.0
7239 83.0
7240 83.0
7241 83.0
7242 83.0
7243 83.0
7244 83.0
7245 83.0
7246 83.0
7247 83.0
7248 83.0
7249 83.0
7250 83.0
7251 83.0
7252 83.0
7253 83.0
7254 83.0
7255 83.0
7256 83.0
7257 83.0
7258 83.0
7259 83.0
7260 83.0
7261 83.0
7262 83.0
7263 83.0
7264 83.0
7265 83.0
7266 83.0
7267 83.0
7268 83.0
7269 83.0
7270 83.0
7271 83.0
7272 83.0
7273 83.0
7274 83.0
7275 83.0
7276 83.0
7277 83.0
7278 83.0
7279 83.0
7280 83.0
7281 83.0
7282 83.0
7283 83.0
7284 83.0
7285 83.0
7286 83.0
7287 83.0
7288 83.0
7289 83.0
7290 83.0
7291 83.0
7292 83.0
7293 83.0
7294 83.0
7295 83.0
7296 83.0
7297 83.0
7298 83.0
7299 83.0
7300 83.0
7301 83.0
7302 83.0
7303 83.0
7304 83.0
7305 83.0
7306 83.0
7307 83.0
7308 83.0
7309 83.0
7310 83.0
7311 83.0
7312 83.0
7313 83.0
7314 83.0
7315 83.0
7316 83.0
7317 83.0
7318 83.0
7319 83.0
7320 83.0
7321 83.0
7322 83.0
7323 83.0
7324 83.0
7325 83.0
7326 83.0
7327 83.0
7328 83.0
7329 83.0
7330 83.0
7331 83.0
7332 83.0
7333 83.0
7334 83.0
7335 83.0
7336 83.0
7337 83.0
7338 83.0
7339 83.0
7340 83.0
7341 83.0
7342 83.0
7343 83.0
7344 83.0
7345 83.0
7346 83.0
7347 83.0
7348 83.0
7349 83.0
7350 83.0
7351 83.0
7352 83.0
7353 83.0
7354 83.0
7355 83.0
7356 83.0
7357 83.0
7358 83.0
7359 83.0
7360 83.0
7361 83.0
7362 83.0
7363 83.0
7364 83.0
7365 83.0
7366 83.0
7367 83.0
7368 83.0
7369 83.0
7370 83.0
7371 83.0
7372 83.0
7373 83.0
7374 83.0
7375 83.0
7376 83.0
7377 83.0
7378 83.0
7379 83.0
7380 83.0
7381 83.0
7382 83.0
7383 83.0
7384 83.0
7385 83.0
7386 83.0
7387 83.0
7388 83.0
7389 83.0
7390 83.0
7391 83.0
7392 83.0
7393 83.0
7394 83.0
7395 83.0
7396 83.0
7397 83.0
7398 83.0
7399 83.0
7400 83.0
7401 83.0
7402 83.0
7403 83.0
7404 83.0
7405 83.0
7406 83.0
7407 83.0
7408 83.0
7409 83.0
7410 83.0
7411 83.0
7412 83.0
7413 83.0
7414 83.0
7415 83.0
7416 83.0
7417 83.0
7418 83.0
7419 83.0
7420 83.0
7421 83.0
7422 83.0
7423 83.0
7424 83.0
7425 83.0
7426 83.0
7427 83.0
7428 83.0
7429 83.0
7430 83.0
7431 83.0
7432 83.0
7433 83.0
7434 83.0
7435 83.0
7436 83.0
7437 83.0
7438 83.0
7439 83.0
7440 83.0
7441 83.0
7442 83.0
7443 83.0
7444 83.0
7445 83.0
7446 83.0
7447 83.0
7448 83.0
7449 83.0
7450 83.0
7451 83.0
7452 83.0
7453 83.0
7454 83.0
7455 83.0
7456 83.0
7457 83.0
7458 83.0
7459 83.0
7460 83.0
7461 83.0
7462 83.0
7463 83.0
7464 83.0
7465 83.0
7466 83.0
7467 83.0
7468 83.0
7469 83.0
7470 83.0
7471 83.0
7472 83.0
7473 83.0
7474 83.0
7475 83.0
7476 83.0
7477 83.0
7478 83.0
7479 83.0
7480 83.0
7481 83.0
7482 83.0
7483 83.0
7484 83.0
7485 83.0
7486 83.0
7487 83.0
7488 83.0
7489 83.0
7490 83.0
7491 83.0
7492 83.0
7493 83.0
7494 83.0
7495 83.0
7496 83.0
7497 83.0
7498 83.0
7499 83.0
7500 83.0
7501 83.0
7502 83.0
7503 83.0
7504 83.0
7505 83.0
7506 83.0
7507 83.0
7508 83.0
7509 83.0
7510 83.0
7511 83.0
7512 83.0
7513 83.0
7514 83.0
7515 83.0
7516 83.0
7517 83.0
7518 83.0
7519 83.0
7520 83.0
7521 83.0
7522 83.0
7523 83.0
7524 83.0
7525 83.0
7526 83.0
7527 83.0
7528 83.0
7529 83.0
7530 83.0
7531 83.0
7532 83.0
7533 83.0
7534 83.0
7535 83.0
7536 83.0
7537 83.0
7538 83.0
7539 83.0
7540 83.0
7541 83.0
7542 83.0
7543 83.0
7544 83.0
7545 83.0
7546 83.0
7547 83.0
7548 83.0
7549 83.0
7550 83.0
7551 83.0
7552 83.0
7553 83.0
7554 83.0
7555 83.0
7556 83.0
7557 83.0
7558 83.0
7559 83.0
7560 83.0
7561 83.0
7562 83.0
7563 83.0
7564 83.0
7565 83.0
7566 83.0
7567 83.0
7568 83.0
7569 83.0
7570 83.0
7571 83.0
7572 83.0
7573 83.0
7574 83.0
7575 83.0
7576 83.0
7577 83.0
7578 83.0
7579 83.0
7580 83.0
7581 83.0
7582 83.0
7583 83.0
7584 83.0
7585 83.0
7586 83.0
7587 83.0
7588 83.0
7589 83.0
7590 83.0
7591 83.0
7592 83.0
7593 83.0
7594 83.0
7595 83.0
7596 83.0
7597 83.0
7598 83.0
7599 83.0
7600 83.0
7601 83.0
7602 83.0
7603 83.0
7604 83.0
7605 83.0
7606 83.0
7607 83.0
7608 83.0
7609 83.0
7610 83.0
7611 83.0
7612 83.0
7613 83.0
7614 83.0
7615 83.0
7616 83.0
7617 83.0
7618 83.0
7619 83.0
7620 83.0
7621 83.0
7622 83.0
7623 83.0
7624 83.0
7625 83.0
7626 83.0
7627 83.0
7628 83.0
7629 83.0
7630 83.0
7631 83.0
7632 83.0
7633 83.0
7634 83.0
7635 83.0
7636 83.0
7637 83.0
7638 83.0
7639 83.0
7640 83.0
7641 83.0
7642 83.0
7643 83.0
7644 83.0
7645 83.0
7646 83.0
7647 83.0
7648 83.0
7649 83.0
7650 83.0
7651 83.0
7652 83.0
7653 83.0
7654 83.0
7655 83.0
7656 83.0
7657 83.0
7658 83.0
7659 83.0
7660 83.0
7661 83.0
7662 83.0
7663 83.0
7664 83.0
7665 83.0
7666 83.0
7667 83.0
7668 83.0
7669 83.0
7670 83.0
7671 83.0
7672 83.0
7673 83.0
7674 83.0
7675 83.0
7676 83.0
7677 83.0
7678 83.0
7679 83.0
7680 83.0
7681 83.0
7682 83.0
7683 83.0
7684 83.0
7685 83.0
7686 83.0
7687 83.0
7688 83.0
7689 83.0
7690 83.0
7691 83.0
7692 83.0
7693 83.0
7694 83.0
7695 83.0
7696 83.0
7697 83.0
7698 83.0
7699 83.0
7700 83.0
7701 83.0
7702 83.0
7703 83.0
7704 83.0
7705 83.0
7706 83.0
7707 83.0
7708 83.0
7709 83.0
7710 83.0
7711 83.0
7712 83.0
7713 83.0
7714 83.0
7715 83.0
7716 83.0
7717 83.0
7718 83.0
7719 83.0
7720 83.0
7721 83.0
7722 83.0
7723 83.0
7724 83.0
7725 83.0
7726 83.0
7727 83.0
7728 83.0
7729 83.0
7730 83.0
7731 83.0
7732 83.0
7733 83.0
7734 83.0
7735 83.0
7736 83.0
7737 83.0
7738 83.0
7739 83.0
7740 83.0
7741 83.0
7742 83.0
7743 83.0
7744 83.0
7745 83.0
7746 83.0
7747 83.0
7748 83.0
7749 83.0
7750 83.0
7751 83.0
7752 83.0
7753 83.0
7754 83.0
7755 83.0
7756 83.0
7757 83.0
7758 83.0
7759 83.0
7760 83.0
7761 83.0
7762 83.0
7763 83.0
7764 83.0
7765 83.0
7766 83.0
7767 83.0
7768 83.0
7769 83.0
7770 83.0
7771 83.0
7772 83.0
7773 83.0
7774 83.0
7775 83.0
7776 83.0
7777 83.0
7778 83.0
7779 83.0
7780 83.0
7781 83.0
7782 83.0
7783 83.0
7784 83.0
7785 83.0
7786 83.0
7787 83.0
7788 83.0
7789 83.0
7790 83.0
7791 83.0
7792 83.0
7793 83.0
7794 83.0
7795 83.0
7796 83.0
7797 83.0
7798 83.0
7799 83.0
7800 83.0
7801 83.0
7802 83.0
7803 83.0
7804 83.0
7805 83.0
7806 83.0
7807 83.0
7808 83.0
7809 83.0
7810 83.0
7811 83.0
7812 83.0
7813 83.0
7814 83.0
7815 83.0
7816 83.0
7817 83.0
7818 83.0
7819 83.0
7820 83.0
7821 83.0
7822 83.0
7823 83.0
7824 83.0
7825 83.0
7826 83.0
7827 83.0
7828 83.0
7829 83.0
7830 83.0
7831 83.0
7832 83.0
7833 83.0
7834 83.0
7835 83.0
7836 83.0
7837 83.0
7838 83.0
7839 83.0
7840 83.0
7841 83.0
7842 83.0
7843 83.0
7844 83.0
7845 83.0
7846 83.0
7847 83.0
7848 83.0
7849 83.0
7850 83.0
7851 83.0
7852 83.0
7853 83.0
7854 83.0
7855 83.0
7856 83.0
7857 83.0
7858 83.0
7859 83.0
7860 83.0
7861 83.0
7862 83.0
7863 83.0
7864 83.0
7865 83.0
7866 83.0
7867 83.0
7868 83.0
7869 83.0
7870 83.0
7871 83.0
7872 83.0
7873 83.0
7874 83.0
7875 83.0
7876 83.0
7877 83.0
7878 83.0
7879 83.0
7880 83.0
7881 83.0
7882 83.0
7883 83.0
7884 83.0
7885 83.0
7886 83.0
7887 83.0
7888 83.0
7889 83.0
7890 83.0
7891 83.0
7892 83.0
7893 83.0
7894 83.0
7895 83.0
7896 83.0
7897 83.0
7898 83.0
7899 83.0
7900 83.0
7901 83.0
7902 83.0
7903 83.0
7904 83.0
7905 83.0
7906 83.0
7907 83.0
7908 83.0
7909 83.0
7910 83.0
7911 83.0
7912 83.0
7913 83.0
7914 83.0
7915 83.0
7916 83.0
7917 83.0
7918 83.0
7919 83.0
7920 83.0
7921 83.0
7922 83.0
7923 83.0
7924 83.0
7925 83.0
7926 83.0
7927 83.0
7928 83.0
7929 83.0
7930 83.0
7931 83.0
7932 83.0
7933 83.0
7934 83.0
7935 83.0
7936 83.0
7937 83.0
7938 83.0
7939 83.0
7940 83.0
7941 83.0
7942 83.0
7943 83.0
7944 83.0
7945 83.0
7946 83.0
7947 83.0
7948 83.0
7949 83.0
7950 83.0
7951 83.0
7952 83.0
7953 83.0
7954 83.0
7955 83.0
7956 83.0
7957 83.0
7958 83.0
7959 83.0
7960 83.0
7961 83.0
7962 83.0
7963 83.0
7964 83.0
7965 83.0
7966 83.0
7967 83.0
7968 83.0
7969 83.0
7970 83.0
7971 83.0
7972 83.0
7973 83.0
7974 83.0
7975 83.0
7976 83.0
7977 83.0
7978 83.0
7979 83.0
7980 83.0
7981 83.0
7982 83.0
7983 83.0
7984 83.0
7985 83.0
7986 83.0
7987 83.0
7988 83.0
7989 83.0
7990 83.0
7991 83.0
7992 83.0
7993 83.0
7994 83.0
7995 83.0
7996 83.0
7997 83.0
7998 83.0
7999 83.0
8000 83.0
8001 83.0
8002 83.0
8003 83.0
8004 83.0
8005 83.0
8006 83.0
8007 83.0
8008 83.0
8009 83.0
8010 83.0
8011 83.0
8012 83.0
8013 83.0
8014 83.0
8015 83.0
8016 83.0
8017 83.0
8018 83.0
8019 83.0
8020 83.0
8021 83.0
8022 83.0
8023 83.0
8024 83.0
8025 83.0
8026 83.0
8027 83.0
8028 83.0
8029 83.0
8030 83.0
8031 83.0
8032 83.0
8033 83.0
8034 83.0
8035 83.0
8036 83.0
8037 83.0
8038 83.0
8039 83.0
8040 83.0
8041 83.0
8042 83.0
8043 83.0
8044 83.0
8045 83.0
8046 83.0
8047 83.0
8048 83.0
8049 83.0
8050 83.0
8051 83.0
8052 83.0
8053 83.0
8054 83.0
8055 83.0
8056 83.0
8057 83.0
8058 83.0
8059 83.0
8060 83.0
8061 83.0
8062 83.0
8063 83.0
8064 83.0
8065 83.0
8066 83.0
8067 83.0
8068 83.0
8069 83.0
8070 83.0
8071 83.0
8072 83.0
8073 83.0
8074 83.0
8075 83.0
8076 83.0
8077 83.0
8078 83.0
8079 83.0
8080 83.0
8081 83.0
8082 83.0
8083 83.0
8084 83.0
8085 83.0
8086 83.0
8087 83.0
8088 83.0
8089 83.0
8090 83.0
8091 83.0
8092 83.0
8093 83.0
8094 83.0
8095 83.0
8096 83.0
8097 83.0
8098 83.0
8099 83.0
8100 83.0
8101 83.0
8102 83.0
8103 83.0
8104 83.0
8105 83.0
8106 83.0
8107 83.0
8108 83.0
8109 83.0
8110 83.0
8111 83.0
8112 83.0
8113 83.0
8114 83.0
8115 83.0
8116 83.0
8117 83.0
8118 83.0
8119 83.0
8120 83.0
8121 83.0
8122 83.0
8123 83.0
8124 83.0
8125 83.0
8126 83.0
8127 83.0
8128 83.0
8129 83.0
8130 83.0
8131 83.0
8132 83.0
8133 83.0
8134 83.0
8135 83.0
8136 83.0
8137 83.0
8138 83.0
8139 83.0
8140 83.0
8141 83.0
8142 83.0
8143 83.0
8144 83.0
8145 83.0
8146 83.0
8147 83.0
8148 83.0
8149 83.0
8150 83.0
8151 83.0
8152 83.0
8153 83.0
8154 83.0
8155 83.0
8156 83.0
8157 83.0
8158 83.0
8159 83.0
8160 83.0
8161 83.0
8162 83.0
8163 83.0
8164 83.0
8165 83.0
8166 83.0
8167 83.0
8168 83.0
8169 83.0
8170 83.0
8171 83.0
8172 83.0
8173 83.0
8174 83.0
8175 83.0
8176 83.0
8177 83.0
8178 83.0
8179 83.0
8180 83.0
8181 83.0
8182 83.0
8183 83.0
8184 83.0
8185 83.0
8186 83.0
8187 83.0
8188 83.0
8189 83.0
8190 83.0
8191 83.0
8192 83.0
8193 83.0
8194 83.0
8195 83.0
8196 83.0
8197 83.0
8198 83.0
8199 83.0
8200 83.0
8201 83.0
8202 83.0
8203 83.0
8204 83.0
8205 83.0
8206 83.0
8207 83.0
8208 83.0
8209 83.0
8210 83.0
8211 83.0
8212 83.0
8213 83.0
8214 83.0
8215 83.0
8216 83.0
8217 83.0
8218 83.0
8219 83.0
8220 83.0
8221 83.0
8222 83.0
8223 83.0
8224 83.0
8225 83.0
8226 83.0
8227 83.0
8228 83.0
8229 83.0
8230 83.0
8231 83.0
8232 83.0
8233 83.0
8234 83.0
8235 83.0
8236 83.0
8237 83.0
8238 83.0
8239 83.0
8240 83.0
8241 83.0
8242 83.0
8243 83.0
8244 83.0
8245 83.0
8246 83.0
8247 83.0
8248 83.0
8249 83.0
8250 83.0
8251 83.0
8252 83.0
8253 83.0
8254 83.0
8255 83.0
8256 83.0
8257 83.0
8258 83.0
8259 83.0
8260 83.0
8261 83.0
8262 83.0
8263 83.0
8264 83.0
8265 83.0
8266 83.0
8267 83.0
8268 83.0
8269 83.0
8270 83.0
8271 83.0
8272 83.0
8273 83.0
8274 83.0
8275 83.0
8276 83.0
8277 83.0
8278 83.0
8279 83.0
8280 83.0
8281 83.0
8282 83.0
8283 83.0
8284 83.0
8285 83.0
8286 83.0
8287 83.0
8288 83.0
8289 83.0
8290 83.0
8291 83.0
8292 83.0
8293 83.0
8294 83.0
8295 83.0
8296 83.0
8297 83.0
8298 83.0
8299 83.0
8300 83.0
8301 83.0
8302 83.0
8303 83.0
8304 83.0
8305 83.0
8306 83.0
8307 83.0
8308 83.0
8309 83.0
8310 83.0
8311 83.0
8312 83.0
8313 83.0
8314 83.0
8315 83.0
8316 83.0
8317 83.0
8318 83.0
8319 83.0
8320 83.0
8321 83.0
8322 83.0
8323 83.0
8324 83.0
8325 83.0
8326 83.0
8327 83.0
8328 83.0
8329 83.0
8330 83.0
8331 83.0
8332 83.0
8333 83.0
8334 83.0
8335 83.0
8336 83.0
8337 83.0
8338 83.0
8339 83.0
8340 83.0
8341 83.0
8342 83.0
8343 83.0
8344 83.0
8345 83.0
8346 83.0
8347 83.0
8348 83.0
8349 83.0
8350 83.0
8351 83.0
8352 83.0
8353 83.0
8354 83.0
8355 83.0
8356 83.0
8357 83.0
8358 83.0
8359 83.0
8360 83.0
8361 83.0
8362 83.0
8363 83.0
8364 83.0
8365 83.0
8366 83.0
8367 83.0
8368 83.0
8369 83.0
8370 83.0
8371 83.0
8372 83.0
8373 83.0
8374 83.0
8375 83.0
8376 83.0
8377 83.0
8378 83.0
8379 83.0
8380 83.0
8381 83.0
8382 83.0
8383 83.0
8384 83.0
8385 83.0
8386 83.0
8387 83.0
8388 83.0
8389 83.0
8390 83.0
8391 83.0
8392 83.0
8393 83.0
8394 83.0
8395 83.0
8396 83.0
8397 83.0
8398 83.0
8399 83.0
8400 83.0
8401 83.0
8402 83.0
8403 83.0
8404 83.0
8405 83.0
8406 83.0
8407 83.0
8408 83.0
8409 83.0
8410 83.0
8411 83.0
8412 83.0
8413 83.0
8414 83.0
8415 83.0
8416 83.0
8417 83.0
8418 83.0
8419 83.0
8420 83.0
8421 83.0
8422 83.0
8423 83.0
8424 83.0
8425 83.0
8426 83.0
8427 83.0
8428 83.0
8429 83.0
8430 83.0
8431 83.0
8432 83.0
8433 83.0
8434 83.0
8435 83.0
8436 83.0
8437 83.0
8438 83.0
8439 83.0
8440 83.0
8441 83.0
8442 83.0
8443 83.0
8444 83.0
8445 83.0
8446 83.0
8447 83.0
8448 83.0
8449 83.0
8450 83.0
8451 83.0
8452 83.0
8453 83.0
8454 83.0
8455 83.0
8456 83.0
8457 83.0
8458 83.0
8459 83.0
8460 83.0
8461 83.0
8462 83.0
8463 83.0
8464 83.0
8465 83.0
8466 83.0
8467 83.0
8468 83.0
8469 83.0
8470 83.0
8471 83.0
8472 83.0
8473 83.0
8474 83.0
8475 83.0
8476 83.0
8477 83.0
8478 83.0
8479 83.0
8480 83.0
8481 83.0
8482 83.0
8483 83.0
8484 83.0
8485 83.0
8486 83.0
8487 83.0
8488 83.0
8489 83.0
8490 83.0
8491 83.0
8492 83.0
8493 83.0
8494 83.0
8495 83.0
8496 83.0
8497 83.0
8498 83.0
8499 83.0
8500 83.0
8501 83.0
8502 83.0
8503 83.0
8504 83.0
8505 83.0
8506 83.0
8507 83.0
8508 83.0
8509 83.0
8510 83.0
8511 83.0
8512 83.0
8513 83.0
8514 83.0
8515 83.0
8516 83.0
8517 83.0
8518 83.0
8519 83.0
8520 83.0
8521 83.0
8522 83.0
8523 83.0
8524 83.0
8525 83.0
8526 83.0
8527 83.0
8528 83.0
8529 83.0
8530 83.0
8531 83.0
8532 83.0
8533 83.0
8534 83.0
8535 83.0
8536 83.0
8537 83.0
8538 83.0
8539 83.0
8540 83.0
8541 83.0
8542 83.0
8543 83.0
8544 83.0
8545 83.0
8546 83.0
8547 83.0
8548 83.0
8549 83.0
8550 83.0
8551 83.0
8552 83.0
8553 83.0
8554 83.0
8555 83.0
8556 83.0
8557 83.0
8558 83.0
8559 83.0
8560 83.0
8561 83.0
8562 83.0
8563 83.0
8564 83.0
8565 83.0
8566 83.0
8567 83.0
8568 83.0
8569 83.0
8570 83.0
8571 83.0
8572 83.0
8573 83.0
8574 83.0
8575 83.0
8576 83.0
8577 83.0
8578 83.0
8579 83.0
8580 83.0
8581 83.0
8582 83.0
8583 83.0
8584 83.0
8585 83.0
8586 83.0
8587 83.0
8588 83.0
8589 83.0
8590 83.0
8591 83.0
8592 83.0
8593 83.0
8594 83.0
8595 83.0
8596 83.0
8597 83.0
8598 83.0
8599 83.0
8600 83.0
8601 83.0
8602 83.0
8603 83.0
8604 83.0
8605 83.0
8606 83.0
8607 83.0
8608 83.0
8609 83.0
8610 83.0
8611 83.0
8612 83.0
8613 83.0
8614 83.0
8615 83.0
8616 83.0
8617 83.0
8618 83.0
8619 83.0
8620 83.0
8621 83.0
8622 83.0
8623 83.0
8624 83.0
8625 83.0
8626 83.0
8627 83.0
8628 83.0
8629 83.0
8630 83.0
8631 83.0
8632 83.0
8633 83.0
8634 83.0
8635 83.0
8636 83.0
8637 83.0
8638 83.0
8639 83.0
8640 83.0
8641 83.0
8642 83.0
8643 83.0
8644 83.0
8645 83.0
8646 83.0
8647 83.0
8648 83.0
8649 83.0
8650 83.0
8651 83.0
8652 83.0
8653 83.0
8654 83.0
8655 83.0
8656 83.0
8657 83.0
8658 83.0
8659 83.0
8660 83.0
8661 83.0
8662 83.0
8663 83.0
8664 83.0
8665 83.0
8666 83.0
8667 83.0
8668 83.0
8669 83.0
8670 83.0
8671 83.0
8672 83.0
8673 83.0
8674 83.0
8675 83.0
8676 83.0
8677 83.0
8678 83.0
8679 83.0
8680 83.0
8681 83.0
8682 83.0
8683 83.0
8684 83.0
8685 83.0
8686 83.0
8687 83.0
8688 83.0
8689 83.0
8690 83.0
8691 83.0
8692 83.0
8693 83.0
8694 83.0
8695 83.0
8696 83.0
8697 83.0
8698 83.0
8699 83.0
8700 83.0
8701 83.0
8702 83.0
8703 83.0
8704 83.0
8705 83.0
8706 83.0
8707 83.0
8708 83.0
8709 83.0
8710 83.0
8711 83.0
8712 83.0
8713 83.0
8714 83.0
8715 83.0
8716 83.0
8717 83.0
8718 83.0
8719 83.0
8720 83.0
8721 83.0
8722 83.0
8723 83.0
8724 83.0
8725 83.0
8726 83.0
8727 83.0
8728 83.0
8729 83.0
8730 83.0
8731 83.0
8732 83.0
8733 83.0
8734 83.0
8735 83.0
8736 83.0
8737 83.0
8738 83.0
8739 83.0
8740 83.0
8741 83.0
8742 83.0
8743 83.0
8744 83.0
8745 83.0
8746 83.0
8747 83.0
8748 83.0
8749 83.0
8750 83.0
8751 83.0
8752 83.0
8753 83.0
8754 83.0
8755 83.0
8756 83.0
8757 83.0
8758 83.0
8759 83.0
8760 83.0
8761 83.0
8762 83.0
8763 83.0
8764 83.0
8765 83.0
8766 83.0
8767 83.0
8768 83.0
8769 83.0
8770 83.0
8771 83.0
8772 83.0
8773 83.0
8774 83.0
8775 83.0
8776 83.0
8777 83.0
8778 83.0
8779 83.0
8780 83.0
8781 83.0
8782 83.0
8783 83.0
8784 83.0
8785 83.0
8786 83.0
8787 83.0
8788 83.0
8789 83.0
8790 83.0
8791 83.0
8792 83.0
8793 83.0
8794 83.0
8795 83.0
8796 83.0
8797 83.0
8798 83.0
8799 83.0
8800 83.0
8801 83.0
8802 83.0
8803 83.0
8804 83.0
8805 83.0
8806 83.0
8807 83.0
8808 83.0
8809 83.0
8810 83.0
8811 83.0
8812 83.0
8813 83.0
8814 83.0
8815 83.0
8816 83.0
8817 83.0
8818 83.0
8819 83.0
8820 83.0
8821 83.0
8822 83.0
8823 83.0
8824 83.0
8825 83.0
8826 83.0
8827 83.0
8828 83.0
8829 83.0
8830 83.0
8831 83.0
8832 83.0
8833 83.0
8834 83.0
8835 83.0
8836 83.0
8837 83.0
8838 83.0
8839 83.0
8840 83.0
8841 83.0
8842 83.0
8843 83.0
8844 83.0
8845 83.0
8846 83.0
8847 83.0
8848 83.0
8849 83.0
8850 83.0
8851 83.0
8852 83.0
8853 83.0
8854 83.0
8855 83.0
8856 83.0
8857 83.0
8858 83.0
8859 83.0
8860 83.0
8861 83.0
8862 83.0
8863 83.0
8864 83.0
8865 83.0
8866 83.0
8867 83.0
8868 83.0
8869 83.0
8870 83.0
8871 83.0
8872 83.0
8873 83.0
8874 83.0
8875 83.0
8876 83.0
8877 83.0
8878 83.0
8879 83.0
8880 83.0
8881 83.0
8882 83.0
8883 83.0
8884 83.0
8885 83.0
8886 83.0
8887 83.0
8888 83.0
8889 83.0
8890 83.0
8891 83.0
8892 83.0
8893 83.0
8894 83.0
8895 83.0
8896 83.0
8897 83.0
8898 83.0
8899 83.0
8900 83.0
8901 83.0
8902 83.0
8903 83.0
8904 83.0
8905 83.0
8906 83.0
8907 83.0
8908 83.0
8909 83.0
8910 83.0
8911 83.0
8912 83.0
8913 83.0
8914 83.0
8915 83.0
8916 83.0
8917 83.0
8918 83.0
8919 83.0
8920 83.0
8921 83.0
8922 83.0
8923 83.0
8924 83.0
8925 83.0
8926 83.0
8927 83.0
8928 83.0
8929 83.0
8930 83.0
8931 83.0
8932 83.0
8933 83.0
8934 83.0
8935 83.0
8936 83.0
8937 83.0
8938 83.0
8939 83.0
8940 83.0
8941 83.0
8942 83.0
8943 83.0
8944 83.0
8945 83.0
8946 83.0
8947 83.0
8948 83.0
8949 83.0
8950 83.0
8951 83.0
8952 83.0
8953 83.0
8954 83.0
8955 83.0
8956 83.0
8957 83.0
8958 83.0
8959 83.0
8960 83.0
8961 83.0
8962 83.0
8963 83.0
8964 83.0
8965 83.0
8966 83.0
8967 83.0
8968 83.0
8969 83.0
8970 83.0
8971 83.0
8972 83.0
8973 83.0
8974 83.0
8975 83.0
8976 83.0
8977 83.0
8978 83.0
8979 83.0
8980 83.0
8981 83.0
8982 83.0
8983 83.0
8984 83.0
8985 83.0
8986 83.0
8987 83.0
8988 83.0
8989 83.0
8990 83.0
8991 83.0
8992 83.0
8993 83.0
8994 83.0
8995 83.0
8996 83.0
8997 83.0
8998 83.0
8999 83.0
9000 83.0
9001 83.0
9002 83.0
9003 83.0
9004 83.0
9005 83.0
9006 83.0
9007 83.0
9008 83.0
9009 83.0
9010 83.0
9011 83.0
9012 83.0
9013 83.0
9014 83.0
9015 83.0
9016 83.0
9017 83.0
9018 83.0
9019 83.0
9020 83.0
9021 83.0
9022 83.0
9023 83.0
9024 83.0
9025 83.0
9026 83.0
9027 83.0
9028 83.0
9029 83.0
9030 83.0
9031 83.0
9032 83.0
9033 83.0
9034 83.0
9035 83.0
9036 83.0
9037 83.0
9038 83.0
9039 83.0
9040 83.0
9041 83.0
9042 83.0
9043 83.0
9044 83.0
9045 83.0
9046 83.0
9047 83.0
9048 83.0
9049 83.0
9050 83.0
9051 83.0
9052 83.0
9053 83.0
9054 83.0
9055 83.0
9056 83.0
9057 83.0
9058 83.0
9059 83.0
9060 83.0
9061 83.0
9062 83.0
9063 83.0
9064 83.0
9065 83.0
9066 83.0
9067 83.0
9068 83.0
9069 83.0
9070 83.0
9071 83.0
9072 83.0
9073 83.0
9074 83.0
9075 83.0
9076 83.0
9077 83.0
9078 83.0
9079 83.0
9080 83.0
9081 83.0
9082 83.0
9083 83.0
9084 83.0
9085 83.0
9086 83.0
9087 83.0
9088 83.0
9089 83.0
9090 83.0
9091 83.0
9092 83.0
9093 83.0
9094 83.0
9095 83.0
9096 83.0
9097 83.0
9098 83.0
9099 83.0
9100 83.0
9101 83.0
9102 83.0
9103 83.0
9104 83.0
9105 83.0
9106 83.0
9107 83.0
9108 83.0
9109 83.0
9110 83.0
9111 83.0
9112 83.0
9113 83.0
9114 83.0
9115 83.0
9116 83.0
9117 83.0
9118 83.0
9119 83.0
9120 83.0
9121 83.0
9122 83.0
9123 83.0
9124 83.0
9125 83.0
9126 83.0
9127 83.0
9128 83.0
9129 83.0
9130 83.0
9131 83.0
9132 83.0
9133 83.0
9134 83.0
9135 83.0
9136 83.0
9137 83.0
9138 83.0
9139 83.0
9140 83.0
9141 83.0
9142 83.0
9143 83.0
9144 83.0
9145 83.0
9146 83.0
9147 83.0
9148 83.0
9149 83.0
9150 83.0
9151 83.0
9152 83.0
9153 83.0
9154 83.0
9155 83.0
9156 83.0
9157 83.0
9158 83.0
9159 83.0
9160 83.0
9161 83.0
9162 83.0
9163 83.0
9164 83.0
9165 83.0
9166 83.0
9167 83.0
9168 83.0
9169 83.0
9170 83.0
9171 83.0
9172 83.0
9173 83.0
9174 83.0
9175 83.0
9176 83.0
9177 83.0
9178 83.0
9179 83.0
9180 83.0
9181 83.0
9182 83.0
9183 83.0
9184 83.0
9185 83.0
9186 83.0
9187 83.0
9188 83.0
9189 83.0
9190 83.0
9191 83.0
9192 83.0
9193 83.0
9194 83.0
9195 83.0
9196 83.0
9197 83.0
9198 83.0
9199 83.0
9200 83.0
9201 83.0
9202 83.0
9203 83.0
9204 83.0
9205 83.0
9206 83.0
9207 83.0
9208 83.0
9209 83.0
9210 83.0
9211 83.0
9212 83.0
9213 83.0
9214 83.0
9215 83.0
9216 83.0
9217 83.0
9218 83.0
9219 83.0
9220 83.0
9221 83.0
9222 83.0
9223 83.0
9224 83.0
9225 83.0
9226 83.0
9227 83.0
9228 83.0
9229 83.0
9230 83.0
9231 83.0
9232 83.0
9233 83.0
9234 83.0
9235 83.0
9236 83.0
9237 83.0
9238 83.0
9239 83.0
9240 83.0
9241 83.0
9242 83.0
9243 83.0
9244 83.0
9245 83.0
9246 83.0
9247 83.0
9248 83.0
9249 83.0
9250 83.0
9251 83.0
9252 83.0
9253 83.0
9254 83.0
9255 83.0
9256 83.0
9257 83.0
9258 83.0
9259 83.0
9260 83.0
9261 83.0
9262 83.0
9263 83.0
9264 83.0
9265 83.0
9266 83.0
9267 83.0
9268 83.0
9269 83.0
9270 83.0
9271 83.0
9272 83.0
9273 83.0
9274 83.0
9275 83.0
9276 83.0
9277 83.0
9278 83.0
9279 83.0
9280 83.0
9281 83.0
9282 83.0
9283 83.0
9284 83.0
9285 83.0
9286 83.0
9287 83.0
9288 83.0
9289 83.0
9290 83.0
9291 83.0
9292 83.0
9293 83.0
9294 83.0
9295 83.0
9296 83.0
9297 83.0
9298 83.0
9299 83.0
9300 83.0
9301 83.0
9302 83.0
9303 83.0
9304 83.0
9305 83.0
9306 83.0
9307 83.0
9308 83.0
9309 83.0
9310 83.0
9311 83.0
9312 83.0
9313 83.0
9314 83.0
9315 83.0
9316 83.0
9317 83.0
9318 83.0
9319 83.0
9320 83.0
9321 83.0
9322 83.0
9323 83.0
9324 83.0
9325 83.0
9326 83.0
9327 83.0
9328 83.0
9329 83.0
9330 83.0
9331 83.0
9332 83.0
9333 83.0
9334 83.0
9335 83.0
9336 83.0
9337 83.0
9338 83.0
9339 83.0
9340 83.0
9341 83.0
9342 83.0
9343 83.0
9344 83.0
9345 83.0
9346 83.0
9347 83.0
9348 83.0
9349 83.0
9350 83.0
9351 83.0
9352 83.0
9353 83.0
9354 83.0
9355 83.0
9356 83.0
9357 83.0
9358 83.0
9359 83.0
9360 83.0
9361 83.0
9362 83.0
9363 83.0
9364 83.0
9365 83.0
9366 83.0
9367 83.0
9368 83.0
9369 83.0
9370 83.0
9371 83.0
9372 83.0
9373 83.0
9374 83.0
9375 83.0
9376 83.0
9377 83.0
9378 83.0
9379 83.0
9380 83.0
9381 83.0
9382 83.0
9383 83.0
9384 83.0
9385 83.0
9386 83.0
9387 83.0
9388 83.0
9389 83.0
9390 83.0
9391 83.0
9392 83.0
9393 83.0
9394 83.0
9395 83.0
9396 83.0
9397 83.0
9398 83.0
9399 83.0
9400 83.0
9401 83.0
9402 83.0
9403 83.0
9404 83.0
9405 83.0
9406 83.0
9407 83.0
9408 83.0
9409 83.0
9410 83.0
9411 83.0
9412 83.0
9413 83.0
9414 83.0
9415 83.0
9416 83.0
9417 83.0
9418 83.0
9419 83.0
9420 83.0
9421 83.0
9422 83.0
9423 83.0
9424 83.0
9425 83.0
9426 83.0
9427 83.0
9428 83.0
9429 83.0
9430 83.0
9431 83.0
9432 83.0
9433 83.0
9434 83.0
9435 83.0
9436 83.0
9437 83.0
9438 83.0
9439 83.0
9440 83.0
9441 83.0
9442 83.0
9443 83.0
9444 83.0
9445 83.0
9446 83.0
9447 83.0
9448 83.0
9449 83.0
9450 83.0
9451 83.0
9452 83.0
9453 83.0
9454 83.0
9455 83.0
9456 83.0
9457 83.0
9458 83.0
9459 83.0
9460 83.0
9461 83.0
9462 83.0
9463 83.0
9464 83.0
9465 83.0
9466 83.0
9467 83.0
9468 83.0
9469 83.0
9470 83.0
9471 83.0
9472 83.0
9473 83.0
9474 83.0
9475 83.0
9476 83.0
9477 83.0
9478 83.0
9479 83.0
9480 83.0
9481 83.0
9482 83.0
9483 83.0
9484 83.0
9485 83.0
9486 83.0
9487 83.0
9488 83.0
9489 83.0
9490 83.0
9491 83.0
9492 83.0
9493 83.0
9494 83.0
9495 83.0
9496 83.0
9497 83.0
9498 83.0
9499 83.0
9500 83.0
9501 83.0
9502 83.0
9503 83.0
9504 83.0
9505 83.0
9506 83.0
9507 83.0
9508 83.0
9509 83.0
9510 83.0
9511 83.0
9512 83.0
9513 83.0
9514 83.0
9515 83.0
9516 83.0
9517 83.0
9518 83.0
9519 83.0
9520 83.0
9521 83.0
9522 83.0
9523 83.0
9524 83.0
9525 83.0
9526 83.0
9527 83.0
9528 83.0
9529 83.0
9530 83.0
9531 83.0
9532 83.0
9533 83.0
9534 83.0
9535 83.0
9536 83.0
9537 83.0
9538 83.0
9539 83.0
9540 83.0
9541 83.0
9542 83.0
9543 83.0
9544 83.0
9545 83.0
9546 83.0
9547 83.0
9548 83.0
9549 83.0
9550 83.0
9551 83.0
9552 83.0
9553 83.0
9554 83.0
9555 83.0
9556 83.0
9557 83.0
9558 83.0
9559 83.0
9560 83.0
9561 83.0
9562 83.0
9563 83.0
9564 83.0
9565 83.0
9566 83.0
9567 83.0
9568 83.0
9569 83.0
9570 83.0
9571 83.0
9572 83.0
9573 83.0
9574 83.0
9575 83.0
9576 83.0
9577 83.0
9578 83.0
9579 83.0
9580 83.0
9581 83.0
9582 83.0
9583 83.0
9584 83.0
9585 83.0
9586 83.0
9587 83.0
9588 83.0
9589 83.0
9590 83.0
9591 83.0
9592 83.0
9593 83.0
9594 83.0
9595 83.0
9596 83.0
9597 83.0
9598 83.0
9599 83.0
9600 83.0
9601 83.0
9602 83.0
9603 83.0
9604 83.0
9605 83.0
9606 83.0
9607 83.0
9608 83.0
9609 83.0
9610 83.0
9611 83.0
9612 83.0
9613 83.0
9614 83.0
9615 83.0
9616 83.0
9617 83.0
9618 83.0
9619 83.0
9620 83.0
9621 83.0
9622 83.0
9623 83.0
9624 83.0
9625 83.0
9626 83.0
9627 83.0
9628 83.0
9629 83.0
9630 83.0
9631 83.0
9632 83.0
9633 83.0
9634 83.0
9635 83.0
9636 83.0
9637 83.0
9638 83.0
9639 83.0
9640 83.0
9641 83.0
9642 83.0
9643 83.0
9644 83.0
9645 83.0
9646 83.0
9647 83.0
9648 83.0
9649 83.0
9650 83.0
9651 83.0
9652 83.0
9653 83.0
9654 83.0
9655 83.0
9656 83.0
9657 83.0
9658 83.0
9659 83.0
9660 83.0
9661 83.0
9662 83.0
9663 83.0
9664 83.0
9665 83.0
9666 83.0
9667 83.0
9668 83.0
9669 83.0
9670 83.0
9671 83.0
9672 83.0
9673 83.0
9674 83.0
9675 83.0
9676 83.0
9677 83.0
9678 83.0
9679 83.0
9680 83.0
9681 83.0
9682 83.0
9683 83.0
9684 83.0
9685 83.0
9686 83.0
9687 83.0
9688 83.0
9689 83.0
9690 83.0
9691 83.0
9692 83.0
9693 83.0
9694 83.0
9695 83.0
9696 83.0
9697 83.0
9698 83.0
9699 83.0
9700 83.0
9701 83.0
9702 83.0
9703 83.0
9704 83.0
9705 83.0
9706 83.0
9707 83.0
9708 83.0
9709 83.0
9710 83.0
9711 83.0
9712 83.0
9713 83.0
9714 83.0
9715 83.0
9716 83.0
9717 83.0
9718 83.0
9719 83.0
9720 83.0
9721 83.0
9722 83.0
9723 83.0
9724 83.0
9725 83.0
9726 83.0
9727 83.0
9728 83.0
9729 83.0
9730 83.0
9731 83.0
9732 83.0
9733 83.0
9734 83.0
9735 83.0
9736 83.0
9737 83.0
9738 83.0
9739 83.0
9740 83.0
9741 83.0
9742 83.0
9743 83.0
9744 83.0
9745 83.0
9746 83.0
9747 83.0
9748 83.0
9749 83.0
9750 83.0
9751 83.0
9752 83.0
9753 83.0
9754 83.0
9755 83.0
9756 83.0
9757 83.0
9758 83.0
9759 83.0
9760 83.0
9761 83.0
9762 83.0
9763 83.0
9764 83.0
9765 83.0
9766 83.0
9767 83.0
9768 83.0
9769 83.0
9770 83.0
9771 83.0
9772 83.0
9773 83.0
9774 83.0
9775 83.0
9776 83.0
9777 83.0
9778 83.0
9779 83.0
9780 83.0
9781 83.0
9782 83.0
9783 83.0
9784 83.0
9785 83.0
9786 83.0
9787 83.0
9788 83.0
9789 83.0
9790 83.0
9791 83.0
9792 83.0
9793 83.0
9794 83.0
9795 83.0
9796 83.0
9797 83.0
9798 83.0
9799 83.0
9800 83.0
9801 83.0
9802 83.0
9803 83.0
9804 83.0
9805 83.0
9806 83.0
9807 83.0
9808 83.0
9809 83.0
9810 83.0
9811 83.0
9812 83.0
9813 83.0
9814 83.0
9815 83.0
9816 83.0
9817 83.0
9818 83.0
9819 83.0
9820 83.0
9821 83.0
9822 83.0
9823 83.0
9824 83.0
9825 83.0
9826 83.0
9827 83.0
9828 83.0
9829 83.0
9830 83.0
9831 83.0
9832 83.0
9833 83.0
9834 83.0
9835 83.0
9836 83.0
9837 83.0
9838 83.0
9839 83.0
9840 83.0
9841 83.0
9842 83.0
9843 83.0
9844 83.0
9845 83.0
9846 83.0
9847 83.0
9848 83.0
9849 83.0
9850 83.0
9851 83.0
9852 83.0
9853 83.0
9854 83.0
9855 83.0
9856 83.0
9857 83.0
9858 83.0
9859 83.0
9860 83.0
9861 83.0
9862 83.0
9863 83.0
9864 83.0
9865 83.0
9866 83.0
9867 83.0
9868 83.0
9869 83.0
9870 83.0
9871 83.0
9872 83.0
9873 83.0
9874 83.0
9875 83.0
9876 83.0
9877 83.0
9878 83.0
9879 83.0
9880 83.0
9881 83.0
9882 83.0
9883 83.0
9884 83.0
9885 83.0
9886 83.0
9887 83.0
9888 83.0
9889 83.0
9890 83.0
9891 83.0
9892 83.0
9893 83.0
9894 83.0
9895 83.0
9896 83.0
9897 83.0
9898 83.0
9899 83.0
9900 83.0
9901 83.0
9902 83.0
9903 83.0
9904 83.0
9905 83.0
9906 83.0
9907 83.0
9908 83.0
9909 83.0
9910 83.0
9911 83.0
9912 83.0
9913 83.0
9914 83.0
9915 83.0
9916 83.0
9917 83.0
9918 83.0
9919 83.0
9920 83.0
9921 83.0
9922 83.0
9923 83.0
9924 83.0
9925 83.0
9926 83.0
9927 83.0
9928 83.0
9929 83.0
9930 83.0
9931 83.0
9932 83.0
9933 83.0
9934 83.0
9935 83.0
9936 83.0
9937 83.0
9938 83.0
9939 83.0
9940 83.0
9941 83.0
9942 83.0
9943 83.0
9944 83.0
9945 83.0
9946 83.0
9947 83.0
9948 83.0
9949 83.0
9950 83.0
9951 83.0
9952 83.0
9953 83.0
9954 83.0
9955 83.0
9956 83.0
9957 83.0
9958 83.0
9959 83.0
9960 83.0
9961 83.0
9962 83.0
9963 83.0
9964 83.0
9965 83.0
9966 83.0
9967 83.0
9968 83.0
9969 83.0
9970 83.0
9971 83.0
9972 83.0
9973 83.0
9974 83.0
9975 83.0
9976 83.0
9977 83.0
9978 83.0
9979 83.0
9980 83.0
9981 83.0
9982 83.0
9983 83.0
9984 83.0
9985 83.0
9986 83.0
9987 83.0
9988 83.0
9989 83.0
9990 83.0
9991 83.0
9992 83.0
9993 83.0
9994 83.0
9995 83.0
9996 83.0
9997 83.0
9998 83.0
9999 83.0
10000 83.0
