evaluations raw_y
1 -1889.0000000000
3 -1888.0000000000
9 -1886.0000000000
12 -1885.0000000000
14 -1884.0000000000
16 -1883.0000000000
17 -1882.0000000000
18 -1880.0000000000
19 -1879.0000000000
23 -1877.0000000000
25 -1875.0000000000
28 -1874.0000000000
29 -1873.0000000000
32 -1872.0000000000
33 -1871.0000000000
41 -1870.0000000000
44 -1869.0000000000
45 -1868.0000000000
46 -1867.0000000000
48 -1866.0000000000
50 -1865.0000000000
51 -1864.0000000000
53 -1863.0000000000
55 -1862.0000000000
57 -1859.0000000000
62 -1858.0000000000
64 -1857.0000000000
66 -1856.0000000000
67 -1855.0000000000
83 -1853.0000000000
84 -1852.0000000000
86 -1850.0000000000
87 -1849.0000000000
88 -1847.0000000000
91 -1846.0000000000
92 -1845.0000000000
96 -1844.0000000000
97 -1843.0000000000
104 -1842.0000000000
107 -1841.0000000000
116 -1840.0000000000
117 -1839.0000000000
119 -1838.0000000000
121 -1837.0000000000
123 -1836.0000000000
124 -1835.0000000000
126 -1834.0000000000
127 -1832.0000000000
128 -1831.0000000000
132 -1829.0000000000
135 -1828.0000000000
138 -1827.0000000000
139 -1826.0000000000
140 -1825.0000000000
145 -1824.0000000000
147 -1823.0000000000
149 -1822.0000000000
150 -1821.0000000000
156 -1820.0000000000
159 -1819.0000000000
161 -1818.0000000000
162 -1817.0000000000
168 -1816.0000000000
170 -1815.0000000000
174 -1814.0000000000
175 -1812.0000000000
178 -1811.0000000000
179 -1810.0000000000
181 -1809.0000000000
183 -1808.0000000000
184 -1807.0000000000
187 -1806.0000000000
188 -1805.0000000000
189 -1804.0000000000
192 -1803.0000000000
201 -1802.0000000000
204 -1801.0000000000
205 -1800.0000000000
206 -1799.0000000000
207 -1798.0000000000
208 -1797.0000000000
210 -1796.0000000000
211 -1795.0000000000
214 -1794.0000000000
216 -1793.0000000000
219 -1791.0000000000
221 -1790.0000000000
222 -1789.0000000000
223 -1788.0000000000
224 -1787.0000000000
226 -1786.0000000000
227 -1785.0000000000
228 -1784.0000000000
229 -1781.0000000000
231 -1780.0000000000
246 -1779.0000000000
251 -1778.0000000000
253 -1777.0000000000
255 -1775.0000000000
258 -1774.0000000000
259 -1772.0000000000
260 -1771.0000000000
261 -1770.0000000000
265 -1768.0000000000
268 -1767.0000000000
269 -1766.0000000000
270 -1764.0000000000
273 -1763.0000000000
274 -1762.0000000000
277 -1761.0000000000
279 -1760.0000000000
281 -1759.0000000000
282 -1758.0000000000
285 -1757.0000000000
286 -1756.0000000000
290 -1755.0000000000
291 -1754.0000000000
294 -1753.0000000000
295 -1752.0000000000
296 -1751.0000000000
300 -1750.0000000000
302 -1749.0000000000
305 -1746.0000000000
310 -1745.0000000000
312 -1744.0000000000
315 -1743.0000000000
317 -1741.0000000000
318 -1739.0000000000
329 -1738.0000000000
332 -1737.0000000000
333 -1736.0000000000
334 -1735.0000000000
339 -1734.0000000000
340 -1733.0000000000
342 -1732.0000000000
345 -1730.0000000000
349 -1729.0000000000
350 -1727.0000000000
351 -1725.0000000000
353 -1724.0000000000
354 -1723.0000000000
355 -1721.0000000000
356 -1720.0000000000
359 -1719.0000000000
361 -1718.0000000000
366 -1717.0000000000
369 -1716.0000000000
370 -1715.0000000000
375 -1714.0000000000
377 -1712.0000000000
379 -1710.0000000000
386 -1709.0000000000
391 -1708.0000000000
393 -1707.0000000000
394 -1706.0000000000
397 -1705.0000000000
399 -1703.0000000000
403 -1702.0000000000
405 -1701.0000000000
408 -1700.0000000000
412 -1699.0000000000
416 -1698.0000000000
418 -1697.0000000000
419 -1696.0000000000
420 -1695.0000000000
421 -1694.0000000000
424 -1693.0000000000
425 -1692.0000000000
426 -1690.0000000000
427 -1689.0000000000
433 -1687.0000000000
436 -1686.0000000000
437 -1685.0000000000
440 -1684.0000000000
441 -1683.0000000000
446 -1681.0000000000
449 -1680.0000000000
452 -1679.0000000000
454 -1678.0000000000
455 -1676.0000000000
458 -1675.0000000000
460 -1674.0000000000
464 -1671.0000000000
465 -1670.0000000000
466 -1669.0000000000
467 -1668.0000000000
470 -1667.0000000000
474 -1666.0000000000
475 -1665.0000000000
476 -1663.0000000000
477 -1661.0000000000
481 -1660.0000000000
488 -1659.0000000000
491 -1658.0000000000
492 -1657.0000000000
493 -1656.0000000000
496 -1655.0000000000
504 -1654.0000000000
507 -1653.0000000000
512 -1652.0000000000
513 -1651.0000000000
520 -1650.0000000000
522 -1649.0000000000
525 -1648.0000000000
529 -1647.0000000000
530 -1646.0000000000
531 -1645.0000000000
544 -1644.0000000000
545 -1643.0000000000
549 -1642.0000000000
550 -1641.0000000000
554 -1639.0000000000
559 -1638.0000000000
561 -1636.0000000000
562 -1634.0000000000
565 -1633.0000000000
568 -1632.0000000000
569 -1631.0000000000
571 -1629.0000000000
574 -1628.0000000000
575 -1627.0000000000
577 -1626.0000000000
578 -1625.0000000000
579 -1624.0000000000
580 -1623.0000000000
585 -1622.0000000000
586 -1621.0000000000
587 -1620.0000000000
592 -1619.0000000000
594 -1618.0000000000
595 -1617.0000000000
599 -1616.0000000000
601 -1615.0000000000
604 -1614.0000000000
606 -1613.0000000000
611 -1612.0000000000
617 -1609.0000000000
618 -1608.0000000000
622 -1607.0000000000
624 -1606.0000000000
628 -1605.0000000000
629 -1603.0000000000
630 -1602.0000000000
637 -1601.0000000000
638 -1600.0000000000
643 -1599.0000000000
649 -1598.0000000000
651 -1597.0000000000
655 -1596.0000000000
656 -1595.0000000000
659 -1594.0000000000
669 -1593.0000000000
674 -1592.0000000000
675 -1591.0000000000
678 -1590.0000000000
679 -1589.0000000000
682 -1588.0000000000
688 -1587.0000000000
690 -1585.0000000000
691 -1584.0000000000
692 -1583.0000000000
693 -1582.0000000000
695 -1580.0000000000
700 -1579.0000000000
704 -1578.0000000000
707 -1577.0000000000
709 -1576.0000000000
711 -1575.0000000000
715 -1574.0000000000
724 -1573.0000000000
726 -1572.0000000000
727 -1571.0000000000
728 -1570.0000000000
729 -1569.0000000000
730 -1567.0000000000
733 -1566.0000000000
737 -1564.0000000000
739 -1563.0000000000
740 -1562.0000000000
741 -1561.0000000000
745 -1560.0000000000
747 -1559.0000000000
755 -1558.0000000000
757 -1557.0000000000
758 -1556.0000000000
760 -1555.0000000000
761 -1553.0000000000
763 -1552.0000000000
764 -1551.0000000000
766 -1550.0000000000
767 -1549.0000000000
770 -1548.0000000000
771 -1547.0000000000
776 -1546.0000000000
777 -1545.0000000000
780 -1544.0000000000
782 -1543.0000000000
784 -1542.0000000000
787 -1541.0000000000
793 -1539.0000000000
795 -1538.0000000000
796 -1537.0000000000
797 -1536.0000000000
802 -1535.0000000000
804 -1534.0000000000
806 -1533.0000000000
807 -1532.0000000000
808 -1531.0000000000
809 -1530.0000000000
811 -1529.0000000000
816 -1527.0000000000
824 -1526.0000000000
828 -1525.0000000000
830 -1524.0000000000
833 -1523.0000000000
834 -1522.0000000000
840 -1521.0000000000
842 -1520.0000000000
848 -1519.0000000000
849 -1518.0000000000
851 -1517.0000000000
852 -1516.0000000000
856 -1515.0000000000
857 -1514.0000000000
858 -1512.0000000000
859 -1511.0000000000
860 -1510.0000000000
861 -1509.0000000000
863 -1508.0000000000
864 -1507.0000000000
872 -1506.0000000000
873 -1505.0000000000
878 -1504.0000000000
889 -1503.0000000000
892 -1502.0000000000
893 -1501.0000000000
895 -1500.0000000000
902 -1498.0000000000
907 -1497.0000000000
911 -1494.0000000000
912 -1490.0000000000
913 -1489.0000000000
915 -1488.0000000000
918 -1487.0000000000
936 -1484.0000000000
940 -1483.0000000000
942 -1482.0000000000
943 -1481.0000000000
946 -1480.0000000000
947 -1479.0000000000
952 -1478.0000000000
954 -1477.0000000000
955 -1475.0000000000
961 -1473.0000000000
970 -1472.0000000000
976 -1471.0000000000
981 -1470.0000000000
982 -1469.0000000000
983 -1468.0000000000
985 -1467.0000000000
993 -1466.0000000000
995 -1465.0000000000
999 -1464.0000000000
1002 -1463.0000000000
1005 -1462.0000000000
1018 -1461.0000000000
1019 -1460.0000000000
1022 -1459.0000000000
1026 -1458.0000000000
1030 -1457.0000000000
1031 -1456.0000000000
1034 -1455.0000000000
1036 -1454.0000000000
1040 -1453.0000000000
1041 -1452.0000000000
1043 -1451.0000000000
1050 -1449.0000000000
1052 -1448.0000000000
1054 -1447.0000000000
1060 -1446.0000000000
1062 -1445.0000000000
1066 -1444.0000000000
1069 -1443.0000000000
1073 -1442.0000000000
1080 -1441.0000000000
1081 -1440.0000000000
1084 -1439.0000000000
1087 -1438.0000000000
1090 -1437.0000000000
1092 -1436.0000000000
1093 -1435.0000000000
1095 -1434.0000000000
1097 -1433.0000000000
1101 -1432.0000000000
1107 -1431.0000000000
1114 -1430.0000000000
1117 -1429.0000000000
1122 -1428.0000000000
1123 -1427.0000000000
1127 -1426.0000000000
1130 -1425.0000000000
1134 -1424.0000000000
1136 -1423.0000000000
1137 -1422.0000000000
1140 -1421.0000000000
1143 -1420.0000000000
1146 -1419.0000000000
1157 -1418.0000000000
1158 -1417.0000000000
1160 -1416.0000000000
1164 -1415.0000000000
1165 -1414.0000000000
1167 -1413.0000000000
1169 -1412.0000000000
1171 -1411.0000000000
1175 -1410.0000000000
1177 -1408.0000000000
1185 -1407.0000000000
1196 -1406.0000000000
1198 -1405.0000000000
1205 -1404.0000000000
1209 -1403.0000000000
1212 -1402.0000000000
1215 -1401.0000000000
1216 -1400.0000000000
1217 -1399.0000000000
1219 -1398.0000000000
1221 -1397.0000000000
1226 -1396.0000000000
1228 -1395.0000000000
1229 -1394.0000000000
1231 -1393.0000000000
1236 -1392.0000000000
1237 -1391.0000000000
1238 -1390.0000000000
1239 -1388.0000000000
1241 -1387.0000000000
1251 -1385.0000000000
1252 -1384.0000000000
1254 -1383.0000000000
1258 -1382.0000000000
1261 -1381.0000000000
1262 -1380.0000000000
1263 -1379.0000000000
1267 -1378.0000000000
1270 -1377.0000000000
1273 -1376.0000000000
1276 -1375.0000000000
1290 -1374.0000000000
1291 -1372.0000000000
1300 -1371.0000000000
1303 -1370.0000000000
1306 -1369.0000000000
1309 -1368.0000000000
1311 -1367.0000000000
1314 -1366.0000000000
1315 -1365.0000000000
1319 -1364.0000000000
1322 -1363.0000000000
1325 -1361.0000000000
1326 -1360.0000000000
1330 -1359.0000000000
1344 -1357.0000000000
1345 -1356.0000000000
1349 -1355.0000000000
1355 -1354.0000000000
1356 -1352.0000000000
1359 -1350.0000000000
1363 -1349.0000000000
1366 -1348.0000000000
1371 -1347.0000000000
1373 -1346.0000000000
1379 -1345.0000000000
1380 -1344.0000000000
1381 -1343.0000000000
1382 -1342.0000000000
1386 -1341.0000000000
1387 -1339.0000000000
1388 -1338.0000000000
1389 -1337.0000000000
1390 -1335.0000000000
1397 -1334.0000000000
1400 -1333.0000000000
1406 -1332.0000000000
1407 -1331.0000000000
1410 -1330.0000000000
1418 -1329.0000000000
1419 -1328.0000000000
1420 -1327.0000000000
1425 -1326.0000000000
1427 -1325.0000000000
1430 -1324.0000000000
1431 -1323.0000000000
1434 -1322.0000000000
1435 -1321.0000000000
1440 -1320.0000000000
1443 -1319.0000000000
1450 -1318.0000000000
1457 -1317.0000000000
1462 -1316.0000000000
1463 -1315.0000000000
1464 -1314.0000000000
1465 -1313.0000000000
1466 -1312.0000000000
1471 -1311.0000000000
1477 -1310.0000000000
1483 -1309.0000000000
1484 -1308.0000000000
1485 -1307.0000000000
1489 -1306.0000000000
1490 -1304.0000000000
1491 -1303.0000000000
1498 -1302.0000000000
1509 -1299.0000000000
1510 -1298.0000000000
1516 -1297.0000000000
1519 -1295.0000000000
1524 -1294.0000000000
1527 -1293.0000000000
1528 -1292.0000000000
1534 -1290.0000000000
1536 -1288.0000000000
1539 -1287.0000000000
1541 -1286.0000000000
1551 -1285.0000000000
1552 -1284.0000000000
1553 -1283.0000000000
1554 -1282.0000000000
1561 -1281.0000000000
1562 -1280.0000000000
1563 -1279.0000000000
1564 -1278.0000000000
1571 -1277.0000000000
1576 -1276.0000000000
1577 -1275.0000000000
1579 -1274.0000000000
1586 -1273.0000000000
1588 -1272.0000000000
1589 -1271.0000000000
1590 -1268.0000000000
1591 -1267.0000000000
1593 -1266.0000000000
1601 -1265.0000000000
1606 -1263.0000000000
1609 -1262.0000000000
1617 -1261.0000000000
1631 -1259.0000000000
1634 -1258.0000000000
1639 -1257.0000000000
1643 -1256.0000000000
1645 -1255.0000000000
1647 -1254.0000000000
1649 -1253.0000000000
1651 -1252.0000000000
1658 -1251.0000000000
1663 -1250.0000000000
1671 -1249.0000000000
1675 -1248.0000000000
1679 -1246.0000000000
1685 -1245.0000000000
1690 -1244.0000000000
1692 -1243.0000000000
1695 -1242.0000000000
1701 -1241.0000000000
1703 -1240.0000000000
1714 -1239.0000000000
1717 -1238.0000000000
1719 -1237.0000000000
1720 -1236.0000000000
1728 -1235.0000000000
1729 -1234.0000000000
1730 -1233.0000000000
1739 -1232.0000000000
1745 -1231.0000000000
1748 -1230.0000000000
1753 -1229.0000000000
1754 -1228.0000000000
1755 -1227.0000000000
1756 -1226.0000000000
1762 -1225.0000000000
1764 -1224.0000000000
1779 -1223.0000000000
1780 -1222.0000000000
1784 -1220.0000000000
1785 -1219.0000000000
1789 -1218.0000000000
1790 -1217.0000000000
1798 -1215.0000000000
1801 -1214.0000000000
1802 -1213.0000000000
1808 -1212.0000000000
1819 -1211.0000000000
1823 -1210.0000000000
1824 -1209.0000000000
1829 -1208.0000000000
1831 -1206.0000000000
1833 -1205.0000000000
1838 -1204.0000000000
1849 -1203.0000000000
1854 -1202.0000000000
1866 -1201.0000000000
1869 -1200.0000000000
1879 -1199.0000000000
1882 -1198.0000000000
1883 -1197.0000000000
1896 -1196.0000000000
1897 -1195.0000000000
1898 -1194.0000000000
1899 -1193.0000000000
1901 -1192.0000000000
1903 -1191.0000000000
1907 -1189.0000000000
1910 -1188.0000000000
1912 -1187.0000000000
1913 -1186.0000000000
1914 -1185.0000000000
1922 -1184.0000000000
1923 -1183.0000000000
1924 -1182.0000000000
1926 -1181.0000000000
1929 -1179.0000000000
1930 -1178.0000000000
1931 -1177.0000000000
1932 -1176.0000000000
1934 -1175.0000000000
1938 -1174.0000000000
1941 -1173.0000000000
1942 -1172.0000000000
1943 -1171.0000000000
1944 -1170.0000000000
1945 -1169.0000000000
1951 -1168.0000000000
1952 -1167.0000000000
1956 -1166.0000000000
1960 -1165.0000000000
1961 -1164.0000000000
1963 -1163.0000000000
1964 -1162.0000000000
1978 -1161.0000000000
1980 -1160.0000000000
1983 -1159.0000000000
1998 -1158.0000000000
2006 -1157.0000000000
2012 -1156.0000000000
2027 -1155.0000000000
2030 -1154.0000000000
2033 -1153.0000000000
2039 -1152.0000000000
2040 -1151.0000000000
2041 -1150.0000000000
2042 -1149.0000000000
2044 -1148.0000000000
2062 -1147.0000000000
2065 -1146.0000000000
2066 -1145.0000000000
2072 -1144.0000000000
2073 -1143.0000000000
2079 -1142.0000000000
2081 -1141.0000000000
2084 -1140.0000000000
2100 -1139.0000000000
2106 -1137.0000000000
2111 -1136.0000000000
2115 -1135.0000000000
2117 -1134.0000000000
2122 -1133.0000000000
2123 -1132.0000000000
2127 -1131.0000000000
2129 -1130.0000000000
2130 -1128.0000000000
2131 -1127.0000000000
2134 -1125.0000000000
2138 -1124.0000000000
2142 -1123.0000000000
2145 -1122.0000000000
2147 -1120.0000000000
2171 -1118.0000000000
2188 -1116.0000000000
2191 -1115.0000000000
2192 -1114.0000000000
2200 -1113.0000000000
2205 -1112.0000000000
2206 -1111.0000000000
2212 -1110.0000000000
2218 -1108.0000000000
2222 -1107.0000000000
2234 -1106.0000000000
2238 -1105.0000000000
2239 -1104.0000000000
2240 -1103.0000000000
2247 -1102.0000000000
2251 -1101.0000000000
2255 -1100.0000000000
2262 -1099.0000000000
2264 -1097.0000000000
2280 -1096.0000000000
2284 -1095.0000000000
2290 -1094.0000000000
2296 -1093.0000000000
2304 -1092.0000000000
2313 -1090.0000000000
2317 -1089.0000000000
2321 -1088.0000000000
2327 -1087.0000000000
2339 -1086.0000000000
2342 -1085.0000000000
2343 -1084.0000000000
2344 -1083.0000000000
2346 -1082.0000000000
2347 -1081.0000000000
2356 -1080.0000000000
2359 -1079.0000000000
2364 -1078.0000000000
2366 -1077.0000000000
2373 -1076.0000000000
2377 -1075.0000000000
2378 -1074.0000000000
2383 -1073.0000000000
2388 -1072.0000000000
2389 -1071.0000000000
2392 -1070.0000000000
2396 -1069.0000000000
2410 -1068.0000000000
2415 -1067.0000000000
2419 -1066.0000000000
2422 -1065.0000000000
2430 -1064.0000000000
2439 -1063.0000000000
2441 -1062.0000000000
2449 -1061.0000000000
2453 -1060.0000000000
2457 -1059.0000000000
2460 -1058.0000000000
2468 -1057.0000000000
2471 -1056.0000000000
2482 -1055.0000000000
2487 -1054.0000000000
2488 -1053.0000000000
2489 -1052.0000000000
2490 -1051.0000000000
2499 -1050.0000000000
2508 -1049.0000000000
2515 -1048.0000000000
2516 -1047.0000000000
2518 -1046.0000000000
2519 -1045.0000000000
2526 -1044.0000000000
2529 -1043.0000000000
2533 -1042.0000000000
2540 -1041.0000000000
2554 -1040.0000000000
2555 -1039.0000000000
2557 -1038.0000000000
2562 -1036.0000000000
2565 -1035.0000000000
2572 -1034.0000000000
2573 -1033.0000000000
2579 -1032.0000000000
2588 -1031.0000000000
2590 -1030.0000000000
2591 -1029.0000000000
2596 -1028.0000000000
2600 -1027.0000000000
2613 -1026.0000000000
2618 -1025.0000000000
2620 -1024.0000000000
2652 -1023.0000000000
2655 -1022.0000000000
2656 -1021.0000000000
2671 -1020.0000000000
2677 -1019.0000000000
2679 -1018.0000000000
2684 -1017.0000000000
2686 -1016.0000000000
2693 -1015.0000000000
2699 -1014.0000000000
2709 -1013.0000000000
2712 -1012.0000000000
2718 -1011.0000000000
2724 -1010.0000000000
2725 -1009.0000000000
2731 -1008.0000000000
2739 -1007.0000000000
2745 -1005.0000000000
2748 -1004.0000000000
2749 -1003.0000000000
2750 -1002.0000000000
2752 -1001.0000000000
2754 -1000.0000000000
2759 -999.0000000000
2760 -998.0000000000
2764 -997.0000000000
2768 -996.0000000000
2773 -995.0000000000
2775 -994.0000000000
2778 -993.0000000000
2779 -992.0000000000
2783 -991.0000000000
2784 -990.0000000000
2785 -989.0000000000
2792 -988.0000000000
2793 -987.0000000000
2803 -986.0000000000
2809 -985.0000000000
2812 -984.0000000000
2814 -983.0000000000
2819 -982.0000000000
2821 -981.0000000000
2824 -980.0000000000
2830 -978.0000000000
2833 -977.0000000000
2837 -976.0000000000
2842 -975.0000000000
2843 -974.0000000000
2848 -973.0000000000
2865 -971.0000000000
2875 -970.0000000000
2876 -969.0000000000
2883 -968.0000000000
2892 -967.0000000000
2895 -966.0000000000
2900 -965.0000000000
2914 -964.0000000000
2918 -963.0000000000
2922 -962.0000000000
2927 -961.0000000000
2931 -959.0000000000
2935 -958.0000000000
2936 -957.0000000000
2949 -956.0000000000
2954 -955.0000000000
2957 -954.0000000000
2958 -952.0000000000
2973 -951.0000000000
2980 -950.0000000000
2994 -949.0000000000
3005 -948.0000000000
3009 -947.0000000000
3010 -946.0000000000
3012 -944.0000000000
3013 -943.0000000000
3014 -942.0000000000
3016 -941.0000000000
3017 -940.0000000000
3018 -939.0000000000
3029 -938.0000000000
3031 -937.0000000000
3032 -936.0000000000
3035 -935.0000000000
3039 -934.0000000000
3042 -933.0000000000
3044 -932.0000000000
3049 -931.0000000000
3057 -930.0000000000
3061 -929.0000000000
3063 -928.0000000000
3064 -927.0000000000
3068 -926.0000000000
3072 -925.0000000000
3077 -924.0000000000
3079 -923.0000000000
3088 -922.0000000000
3098 -921.0000000000
3099 -920.0000000000
3105 -919.0000000000
3112 -918.0000000000
3120 -917.0000000000
3130 -916.0000000000
3131 -915.0000000000
3134 -914.0000000000
3136 -913.0000000000
3150 -912.0000000000
3151 -911.0000000000
3153 -910.0000000000
3160 -907.0000000000
3162 -906.0000000000
3163 -904.0000000000
3166 -903.0000000000
3176 -902.0000000000
3177 -901.0000000000
3183 -900.0000000000
3185 -899.0000000000
3192 -898.0000000000
3194 -897.0000000000
3198 -896.0000000000
3221 -895.0000000000
3222 -894.0000000000
3225 -893.0000000000
3230 -892.0000000000
3232 -891.0000000000
3236 -890.0000000000
3242 -889.0000000000
3254 -888.0000000000
3269 -887.0000000000
3278 -886.0000000000
3285 -885.0000000000
3288 -884.0000000000
3317 -883.0000000000
3318 -882.0000000000
3323 -881.0000000000
3331 -880.0000000000
3332 -879.0000000000
3337 -878.0000000000
3338 -877.0000000000
3340 -876.0000000000
3342 -875.0000000000
3343 -872.0000000000
3354 -871.0000000000
3355 -870.0000000000
3356 -868.0000000000
3365 -867.0000000000
3366 -866.0000000000
3378 -865.0000000000
3381 -864.0000000000
3382 -863.0000000000
3387 -862.0000000000
3389 -861.0000000000
3390 -860.0000000000
3394 -859.0000000000
3413 -858.0000000000
3414 -856.0000000000
3422 -854.0000000000
3423 -853.0000000000
3429 -852.0000000000
3430 -851.0000000000
3439 -848.0000000000
3442 -847.0000000000
3444 -846.0000000000
3452 -845.0000000000
3453 -844.0000000000
3468 -842.0000000000
3469 -841.0000000000
3481 -840.0000000000
3490 -839.0000000000
3498 -838.0000000000
3507 -837.0000000000
3512 -836.0000000000
3518 -835.0000000000
3519 -834.0000000000
3523 -833.0000000000
3526 -832.0000000000
3527 -831.0000000000
3528 -830.0000000000
3532 -829.0000000000
3533 -828.0000000000
3569 -827.0000000000
3572 -826.0000000000
3574 -825.0000000000
3575 -824.0000000000
3588 -823.0000000000
3602 -822.0000000000
3604 -821.0000000000
3606 -819.0000000000
3608 -818.0000000000
3612 -817.0000000000
3616 -815.0000000000
3621 -814.0000000000
3622 -813.0000000000
3625 -812.0000000000
3631 -811.0000000000
3632 -810.0000000000
3635 -809.0000000000
3636 -808.0000000000
3650 -807.0000000000
3653 -806.0000000000
3672 -805.0000000000
3677 -804.0000000000
3691 -803.0000000000
3696 -802.0000000000
3697 -801.0000000000
3705 -800.0000000000
3706 -799.0000000000
3707 -798.0000000000
3712 -797.0000000000
3713 -796.0000000000
3715 -795.0000000000
3721 -794.0000000000
3722 -793.0000000000
3729 -792.0000000000
3732 -791.0000000000
3739 -790.0000000000
3746 -789.0000000000
3772 -788.0000000000
3775 -787.0000000000
3777 -786.0000000000
3789 -785.0000000000
3796 -784.0000000000
3798 -783.0000000000
3801 -782.0000000000
3803 -781.0000000000
3817 -780.0000000000
3820 -779.0000000000
3822 -778.0000000000
3829 -777.0000000000
3832 -776.0000000000
3838 -774.0000000000
3843 -773.0000000000
3847 -772.0000000000
3851 -771.0000000000
3853 -770.0000000000
3859 -769.0000000000
3860 -768.0000000000
3865 -767.0000000000
3866 -766.0000000000
3867 -765.0000000000
3869 -763.0000000000
3872 -762.0000000000
3873 -760.0000000000
3874 -759.0000000000
3881 -758.0000000000
3892 -757.0000000000
3902 -756.0000000000
3908 -753.0000000000
3909 -752.0000000000
3910 -751.0000000000
3914 -750.0000000000
3915 -749.0000000000
3923 -747.0000000000
3930 -746.0000000000
3933 -745.0000000000
3937 -744.0000000000
3942 -743.0000000000
3943 -742.0000000000
3944 -741.0000000000
3955 -740.0000000000
3956 -739.0000000000
3965 -738.0000000000
3966 -737.0000000000
3968 -736.0000000000
3971 -735.0000000000
3980 -733.0000000000
3989 -732.0000000000
3997 -731.0000000000
4013 -730.0000000000
4017 -729.0000000000
4021 -728.0000000000
4029 -727.0000000000
4030 -726.0000000000
4039 -725.0000000000
4041 -724.0000000000
4044 -723.0000000000
4066 -722.0000000000
4069 -721.0000000000
4072 -720.0000000000
4077 -719.0000000000
4082 -718.0000000000
4102 -717.0000000000
4138 -716.0000000000
4140 -715.0000000000
4148 -714.0000000000
4152 -713.0000000000
4159 -711.0000000000
4161 -710.0000000000
4162 -709.0000000000
4169 -707.0000000000
4173 -706.0000000000
4174 -705.0000000000
4176 -704.0000000000
4177 -703.0000000000
4181 -702.0000000000
4184 -701.0000000000
4187 -700.0000000000
4192 -699.0000000000
4200 -698.0000000000
4201 -697.0000000000
4210 -696.0000000000
4211 -695.0000000000
4215 -694.0000000000
4217 -693.0000000000
4219 -692.0000000000
4240 -691.0000000000
4241 -690.0000000000
4243 -689.0000000000
4244 -688.0000000000
4250 -687.0000000000
4254 -686.0000000000
4262 -685.0000000000
4268 -684.0000000000
4282 -683.0000000000
4286 -682.0000000000
4287 -681.0000000000
4292 -680.0000000000
4293 -678.0000000000
4304 -677.0000000000
4312 -676.0000000000
4313 -675.0000000000
4314 -674.0000000000
4316 -673.0000000000
4318 -672.0000000000
4319 -671.0000000000
4321 -670.0000000000
4322 -669.0000000000
4323 -668.0000000000
4324 -667.0000000000
4355 -666.0000000000
4366 -665.0000000000
4369 -664.0000000000
4378 -663.0000000000
4379 -662.0000000000
4381 -661.0000000000
4382 -660.0000000000
4383 -659.0000000000
4388 -658.0000000000
4398 -657.0000000000
4407 -656.0000000000
4411 -655.0000000000
4418 -654.0000000000
4421 -653.0000000000
4423 -651.0000000000
4425 -650.0000000000
4444 -649.0000000000
4453 -648.0000000000
4454 -647.0000000000
4461 -646.0000000000
4463 -645.0000000000
4471 -644.0000000000
4475 -643.0000000000
4504 -642.0000000000
4508 -641.0000000000
4518 -640.0000000000
4523 -639.0000000000
4524 -638.0000000000
4530 -637.0000000000
4537 -636.0000000000
4548 -635.0000000000
4555 -634.0000000000
4569 -633.0000000000
4570 -632.0000000000
4574 -631.0000000000
4575 -630.0000000000
4580 -629.0000000000
4582 -628.0000000000
4587 -627.0000000000
4589 -626.0000000000
4599 -625.0000000000
4608 -624.0000000000
4610 -623.0000000000
4630 -622.0000000000
4652 -621.0000000000
4658 -620.0000000000
4664 -619.0000000000
4674 -618.0000000000
4679 -617.0000000000
4684 -616.0000000000
4698 -615.0000000000
4702 -614.0000000000
4703 -613.0000000000
4706 -612.0000000000
4707 -611.0000000000
4714 -610.0000000000
4718 -609.0000000000
4729 -608.0000000000
4748 -607.0000000000
4771 -606.0000000000
4785 -605.0000000000
4791 -604.0000000000
4792 -603.0000000000
4796 -602.0000000000
4804 -601.0000000000
4809 -600.0000000000
4818 -599.0000000000
4826 -598.0000000000
4839 -597.0000000000
4857 -596.0000000000
4871 -595.0000000000
4874 -594.0000000000
4891 -593.0000000000
4909 -592.0000000000
4922 -591.0000000000
4925 -590.0000000000
4932 -589.0000000000
4949 -588.0000000000
4950 -587.0000000000
4970 -586.0000000000
4980 -585.0000000000
4982 -584.0000000000
4984 -582.0000000000
5006 -581.0000000000
5021 -580.0000000000
5023 -579.0000000000
5027 -578.0000000000
5028 -577.0000000000
5043 -576.0000000000
5047 -575.0000000000
5052 -574.0000000000
5066 -573.0000000000
5073 -572.0000000000
5079 -571.0000000000
5103 -570.0000000000
5126 -569.0000000000
5139 -568.0000000000
5150 -567.0000000000
5155 -566.0000000000
5162 -565.0000000000
5168 -564.0000000000
5170 -563.0000000000
5174 -562.0000000000
5179 -561.0000000000
5196 -560.0000000000
5202 -559.0000000000
5209 -558.0000000000
5213 -557.0000000000
5214 -556.0000000000
5217 -555.0000000000
5228 -554.0000000000
5232 -553.0000000000
5237 -552.0000000000
5243 -551.0000000000
5249 -550.0000000000
5267 -549.0000000000
5270 -548.0000000000
5274 -547.0000000000
5282 -546.0000000000
5288 -545.0000000000
5303 -544.0000000000
5332 -543.0000000000
5369 -542.0000000000
5371 -541.0000000000
5381 -540.0000000000
5385 -539.0000000000
5400 -538.0000000000
5413 -537.0000000000
5414 -536.0000000000
5416 -535.0000000000
5418 -534.0000000000
5421 -533.0000000000
5426 -532.0000000000
5434 -531.0000000000
5438 -530.0000000000
5456 -529.0000000000
5484 -528.0000000000
5494 -527.0000000000
5503 -525.0000000000
5511 -524.0000000000
5533 -523.0000000000
5542 -521.0000000000
5543 -520.0000000000
5545 -518.0000000000
5547 -517.0000000000
5548 -516.0000000000
5583 -515.0000000000
5587 -514.0000000000
5603 -513.0000000000
5610 -512.0000000000
5616 -511.0000000000
5631 -510.0000000000
5646 -509.0000000000
5647 -508.0000000000
5651 -507.0000000000
5661 -506.0000000000
5675 -505.0000000000
5682 -504.0000000000
5713 -503.0000000000
5715 -502.0000000000
5732 -501.0000000000
5735 -500.0000000000
5741 -499.0000000000
5745 -498.0000000000
5748 -497.0000000000
5755 -496.0000000000
5768 -495.0000000000
5778 -494.0000000000
5793 -493.0000000000
5796 -492.0000000000
5804 -491.0000000000
5807 -490.0000000000
5808 -488.0000000000
5810 -487.0000000000
5816 -486.0000000000
5833 -485.0000000000
5877 -484.0000000000
5881 -483.0000000000
5900 -482.0000000000
5904 -481.0000000000
5912 -480.0000000000
5932 -479.0000000000
5951 -478.0000000000
5952 -477.0000000000
5960 -476.0000000000
5972 -475.0000000000
5975 -474.0000000000
6000 -473.0000000000
6021 -472.0000000000
6025 -471.0000000000
6039 -470.0000000000
6058 -469.0000000000
6059 -468.0000000000
6068 -467.0000000000
6069 -466.0000000000
6075 -465.0000000000
6116 -464.0000000000
6120 -463.0000000000
6122 -462.0000000000
6129 -461.0000000000
6132 -460.0000000000
6141 -459.0000000000
6149 -458.0000000000
6166 -457.0000000000
6192 -456.0000000000
6197 -455.0000000000
6205 -454.0000000000
6229 -453.0000000000
6233 -452.0000000000
6250 -451.0000000000
6266 -450.0000000000
6310 -449.0000000000
6313 -448.0000000000
6331 -447.0000000000
6332 -446.0000000000
6336 -445.0000000000
6341 -444.0000000000
6349 -443.0000000000
6354 -442.0000000000
6356 -441.0000000000
6359 -440.0000000000
6361 -439.0000000000
6379 -438.0000000000
6380 -437.0000000000
6382 -436.0000000000
6384 -435.0000000000
6393 -434.0000000000
6404 -433.0000000000
6431 -432.0000000000
6433 -431.0000000000
6448 -430.0000000000
6449 -429.0000000000
6450 -428.0000000000
6453 -427.0000000000
6462 -425.0000000000
6492 -424.0000000000
6507 -423.0000000000
6511 -422.0000000000
6522 -421.0000000000
6539 -420.0000000000
6548 -419.0000000000
6551 -418.0000000000
6578 -417.0000000000
6589 -416.0000000000
6600 -415.0000000000
6608 -414.0000000000
6609 -413.0000000000
6632 -412.0000000000
6633 -411.0000000000
6646 -410.0000000000
6658 -409.0000000000
6659 -408.0000000000
6660 -407.0000000000
6670 -406.0000000000
6688 -405.0000000000
6689 -404.0000000000
6690 -403.0000000000
6709 -401.0000000000
6740 -400.0000000000
6747 -399.0000000000
6757 -398.0000000000
6769 -397.0000000000
6842 -396.0000000000
6853 -395.0000000000
6854 -394.0000000000
6876 -393.0000000000
6881 -392.0000000000
6885 -391.0000000000
6906 -390.0000000000
6951 -389.0000000000
6977 -388.0000000000
6985 -387.0000000000
7014 -386.0000000000
7027 -385.0000000000
7039 -384.0000000000
7042 -383.0000000000
7044 -382.0000000000
7047 -381.0000000000
7065 -380.0000000000
7080 -379.0000000000
7083 -378.0000000000
7084 -377.0000000000
7096 -376.0000000000
7103 -375.0000000000
7104 -374.0000000000
7154 -373.0000000000
7178 -372.0000000000
7187 -371.0000000000
7192 -370.0000000000
7193 -369.0000000000
7213 -368.0000000000
7214 -367.0000000000
7218 -366.0000000000
7232 -365.0000000000
7241 -364.0000000000
7242 -363.0000000000
7287 -362.0000000000
7294 -361.0000000000
7297 -360.0000000000
7313 -359.0000000000
7323 -358.0000000000
7350 -357.0000000000
7353 -356.0000000000
7361 -355.0000000000
7367 -354.0000000000
7386 -353.0000000000
7387 -352.0000000000
7410 -351.0000000000
7457 -350.0000000000
7468 -349.0000000000
7486 -348.0000000000
7489 -347.0000000000
7497 -346.0000000000
7507 -345.0000000000
7566 -344.0000000000
7580 -343.0000000000
7581 -342.0000000000
7587 -341.0000000000
7639 -340.0000000000
7646 -339.0000000000
7648 -338.0000000000
7673 -337.0000000000
7675 -336.0000000000
7677 -335.0000000000
7685 -334.0000000000
7686 -333.0000000000
7700 -332.0000000000
7765 -331.0000000000
7767 -330.0000000000
7788 -327.0000000000
7790 -326.0000000000
7796 -325.0000000000
7813 -324.0000000000
7825 -323.0000000000
7833 -322.0000000000
7879 -321.0000000000
7896 -320.0000000000
7905 -319.0000000000
7916 -318.0000000000
7921 -317.0000000000
7954 -316.0000000000
7992 -315.0000000000
7994 -314.0000000000
7996 -313.0000000000
8007 -312.0000000000
8011 -311.0000000000
8048 -310.0000000000
8050 -309.0000000000
8052 -308.0000000000
8062 -307.0000000000
8076 -306.0000000000
8127 -305.0000000000
8145 -304.0000000000
8189 -303.0000000000
8196 -302.0000000000
8213 -301.0000000000
8235 -300.0000000000
8238 -299.0000000000
8244 -298.0000000000
8258 -297.0000000000
8259 -296.0000000000
8284 -295.0000000000
8310 -294.0000000000
8324 -293.0000000000
8325 -292.0000000000
8327 -291.0000000000
8338 -290.0000000000
8346 -289.0000000000
8408 -288.0000000000
8415 -287.0000000000
8425 -286.0000000000
8450 -285.0000000000
8472 -284.0000000000
8477 -283.0000000000
8516 -282.0000000000
8527 -281.0000000000
8534 -280.0000000000
8547 -279.0000000000
8637 -278.0000000000
8651 -277.0000000000
8653 -276.0000000000
8682 -275.0000000000
8706 -274.0000000000
8724 -273.0000000000
8741 -272.0000000000
8745 -271.0000000000
8753 -270.0000000000
8808 -269.0000000000
8829 -268.0000000000
8842 -267.0000000000
8843 -266.0000000000
8845 -265.0000000000
8854 -264.0000000000
8864 -263.0000000000
8866 -262.0000000000
8869 -261.0000000000
8921 -260.0000000000
8926 -259.0000000000
8948 -257.0000000000
8962 -256.0000000000
8970 -255.0000000000
9031 -254.0000000000
9039 -253.0000000000
9049 -251.0000000000
9111 -250.0000000000
9154 -249.0000000000
9156 -248.0000000000
9160 -247.0000000000
9201 -246.0000000000
9206 -245.0000000000
9212 -244.0000000000
9213 -243.0000000000
9220 -242.0000000000
9224 -241.0000000000
9233 -240.0000000000
9249 -239.0000000000
9255 -238.0000000000
9284 -237.0000000000
9301 -236.0000000000
9302 -235.0000000000
9324 -234.0000000000
9336 -233.0000000000
9392 -232.0000000000
9396 -231.0000000000
9414 -230.0000000000
9422 -229.0000000000
9433 -228.0000000000
9438 -227.0000000000
9439 -226.0000000000
9447 -225.0000000000
9449 -224.0000000000
9536 -223.0000000000
9542 -222.0000000000
9563 -221.0000000000
9566 -220.0000000000
9587 -219.0000000000
9589 -218.0000000000
9597 -217.0000000000
9617 -216.0000000000
9633 -215.0000000000
9649 -214.0000000000
9688 -213.0000000000
9695 -212.0000000000
9717 -211.0000000000
9764 -210.0000000000
9768 -209.0000000000
9798 -208.0000000000
9802 -207.0000000000
9812 -206.0000000000
9819 -205.0000000000
9878 -204.0000000000
9882 -203.0000000000
9944 -202.0000000000
9967 -201.0000000000
9973 -200.0000000000
9974 -199.0000000000
9975 -198.0000000000
10000 -201.0000000000
