evaluations raw_y
1 -2046.0000000000
3 -2045.0000000000
4 -2044.0000000000
5 -2043.0000000000
10 -2042.0000000000
12 -2041.0000000000
13 -2040.0000000000
15 -2039.0000000000
18 -2038.0000000000
19 -2037.0000000000
21 -2036.0000000000
23 -2035.0000000000
31 -2034.0000000000
32 -2033.0000000000
33 -2032.0000000000
37 -2031.0000000000
38 -2030.0000000000
39 -2029.0000000000
40 -2028.0000000000
43 -2027.0000000000
44 -2026.0000000000
45 -2025.0000000000
49 -2022.0000000000
53 -2021.0000000000
58 -2020.0000000000
62 -2019.0000000000
67 -2018.0000000000
69 -2017.0000000000
71 -2016.0000000000
72 -2012.0000000000
79 -2011.0000000000
80 -2010.0000000000
81 -2009.0000000000
83 -2008.0000000000
85 -2007.0000000000
86 -2006.0000000000
88 -2005.0000000000
89 -2004.0000000000
90 -2003.0000000000
94 -2002.0000000000
96 -2001.0000000000
97 -2000.0000000000
103 -1999.0000000000
105 -1997.0000000000
107 -1994.0000000000
109 -1993.0000000000
110 -1992.0000000000
111 -1991.0000000000
112 -1990.0000000000
114 -1988.0000000000
120 -1987.0000000000
121 -1986.0000000000
124 -1985.0000000000
126 -1984.0000000000
127 -1983.0000000000
136 -1982.0000000000
143 -1980.0000000000
144 -1979.0000000000
145 -1978.0000000000
148 -1976.0000000000
149 -1975.0000000000
152 -1974.0000000000
157 -1973.0000000000
158 -1972.0000000000
159 -1971.0000000000
160 -1970.0000000000
162 -1969.0000000000
164 -1968.0000000000
165 -1967.0000000000
166 -1965.0000000000
168 -1964.0000000000
169 -1963.0000000000
171 -1962.0000000000
172 -1961.0000000000
173 -1960.0000000000
174 -1959.0000000000
177 -1958.0000000000
181 -1957.0000000000
184 -1956.0000000000
185 -1955.0000000000
187 -1954.0000000000
188 -1953.0000000000
189 -1952.0000000000
193 -1951.0000000000
197 -1950.0000000000
198 -1949.0000000000
199 -1948.0000000000
202 -1946.0000000000
204 -1945.0000000000
206 -1944.0000000000
207 -1943.0000000000
208 -1941.0000000000
209 -1940.0000000000
211 -1939.0000000000
214 -1938.0000000000
215 -1937.0000000000
216 -1936.0000000000
217 -1935.0000000000
219 -1934.0000000000
221 -1933.0000000000
223 -1932.0000000000
225 -1931.0000000000
226 -1929.0000000000
227 -1926.0000000000
228 -1925.0000000000
231 -1924.0000000000
232 -1923.0000000000
234 -1922.0000000000
235 -1921.0000000000
240 -1920.0000000000
241 -1918.0000000000
243 -1917.0000000000
244 -1916.0000000000
245 -1915.0000000000
248 -1914.0000000000
253 -1913.0000000000
254 -1912.0000000000
255 -1911.0000000000
256 -1910.0000000000
257 -1909.0000000000
263 -1908.0000000000
264 -1907.0000000000
265 -1906.0000000000
266 -1905.0000000000
268 -1904.0000000000
269 -1903.0000000000
271 -1902.0000000000
272 -1901.0000000000
274 -1900.0000000000
279 -1899.0000000000
281 -1898.0000000000
284 -1897.0000000000
286 -1894.0000000000
287 -1893.0000000000
288 -1892.0000000000
289 -1891.0000000000
290 -1890.0000000000
292 -1889.0000000000
298 -1888.0000000000
302 -1887.0000000000
307 -1885.0000000000
308 -1884.0000000000
309 -1883.0000000000
311 -1882.0000000000
315 -1881.0000000000
317 -1880.0000000000
318 -1879.0000000000
320 -1877.0000000000
321 -1875.0000000000
326 -1874.0000000000
329 -1873.0000000000
330 -1872.0000000000
331 -1871.0000000000
333 -1869.0000000000
334 -1868.0000000000
335 -1867.0000000000
338 -1866.0000000000
339 -1865.0000000000
341 -1864.0000000000
345 -1863.0000000000
347 -1862.0000000000
351 -1860.0000000000
354 -1859.0000000000
356 -1858.0000000000
357 -1857.0000000000
360 -1856.0000000000
361 -1854.0000000000
362 -1852.0000000000
363 -1851.0000000000
364 -1850.0000000000
370 -1849.0000000000
371 -1848.0000000000
373 -1847.0000000000
379 -1846.0000000000
380 -1845.0000000000
386 -1844.0000000000
391 -1843.0000000000
392 -1841.0000000000
394 -1839.0000000000
396 -1837.0000000000
397 -1836.0000000000
401 -1835.0000000000
404 -1834.0000000000
405 -1831.0000000000
412 -1830.0000000000
414 -1829.0000000000
415 -1828.0000000000
417 -1827.0000000000
418 -1826.0000000000
420 -1825.0000000000
421 -1824.0000000000
423 -1823.0000000000
425 -1821.0000000000
427 -1820.0000000000
432 -1819.0000000000
436 -1818.0000000000
437 -1817.0000000000
438 -1816.0000000000
439 -1815.0000000000
445 -1814.0000000000
447 -1813.0000000000
449 -1812.0000000000
453 -1811.0000000000
455 -1810.0000000000
465 -1809.0000000000
473 -1808.0000000000
475 -1807.0000000000
482 -1806.0000000000
484 -1805.0000000000
485 -1804.0000000000
486 -1803.0000000000
489 -1802.0000000000
492 -1801.0000000000
493 -1799.0000000000
497 -1798.0000000000
500 -1796.0000000000
501 -1795.0000000000
504 -1794.0000000000
505 -1791.0000000000
507 -1790.0000000000
509 -1789.0000000000
511 -1788.0000000000
512 -1787.0000000000
515 -1786.0000000000
518 -1785.0000000000
520 -1784.0000000000
521 -1782.0000000000
523 -1780.0000000000
524 -1778.0000000000
525 -1777.0000000000
527 -1776.0000000000
529 -1775.0000000000
531 -1774.0000000000
535 -1773.0000000000
536 -1772.0000000000
538 -1770.0000000000
540 -1769.0000000000
541 -1768.0000000000
542 -1767.0000000000
543 -1766.0000000000
547 -1765.0000000000
548 -1764.0000000000
551 -1763.0000000000
558 -1762.0000000000
559 -1761.0000000000
561 -1760.0000000000
562 -1759.0000000000
564 -1758.0000000000
567 -1757.0000000000
569 -1756.0000000000
572 -1755.0000000000
573 -1753.0000000000
578 -1751.0000000000
581 -1750.0000000000
585 -1749.0000000000
586 -1748.0000000000
588 -1747.0000000000
589 -1746.0000000000
592 -1745.0000000000
595 -1744.0000000000
600 -1743.0000000000
601 -1742.0000000000
605 -1740.0000000000
608 -1739.0000000000
610 -1738.0000000000
613 -1737.0000000000
614 -1736.0000000000
615 -1735.0000000000
616 -1734.0000000000
619 -1733.0000000000
620 -1731.0000000000
623 -1730.0000000000
624 -1729.0000000000
627 -1727.0000000000
631 -1726.0000000000
632 -1725.0000000000
637 -1724.0000000000
638 -1723.0000000000
639 -1722.0000000000
640 -1721.0000000000
642 -1719.0000000000
645 -1718.0000000000
646 -1716.0000000000
647 -1715.0000000000
650 -1714.0000000000
651 -1713.0000000000
652 -1712.0000000000
656 -1711.0000000000
661 -1710.0000000000
665 -1709.0000000000
667 -1707.0000000000
668 -1705.0000000000
671 -1704.0000000000
672 -1703.0000000000
674 -1702.0000000000
677 -1701.0000000000
678 -1700.0000000000
681 -1699.0000000000
687 -1697.0000000000
689 -1696.0000000000
690 -1695.0000000000
691 -1694.0000000000
693 -1693.0000000000
696 -1691.0000000000
697 -1690.0000000000
701 -1689.0000000000
702 -1688.0000000000
706 -1687.0000000000
707 -1686.0000000000
712 -1685.0000000000
715 -1682.0000000000
720 -1681.0000000000
721 -1680.0000000000
726 -1679.0000000000
727 -1678.0000000000
729 -1677.0000000000
730 -1676.0000000000
731 -1673.0000000000
734 -1672.0000000000
736 -1671.0000000000
737 -1670.0000000000
738 -1669.0000000000
740 -1668.0000000000
741 -1667.0000000000
743 -1665.0000000000
744 -1664.0000000000
745 -1663.0000000000
747 -1662.0000000000
748 -1661.0000000000
749 -1660.0000000000
750 -1659.0000000000
755 -1658.0000000000
757 -1657.0000000000
760 -1656.0000000000
762 -1655.0000000000
765 -1654.0000000000
770 -1653.0000000000
771 -1652.0000000000
773 -1651.0000000000
775 -1650.0000000000
776 -1649.0000000000
780 -1648.0000000000
788 -1646.0000000000
789 -1645.0000000000
796 -1644.0000000000
798 -1643.0000000000
799 -1641.0000000000
800 -1640.0000000000
801 -1639.0000000000
804 -1638.0000000000
805 -1636.0000000000
806 -1635.0000000000
813 -1634.0000000000
815 -1633.0000000000
818 -1630.0000000000
824 -1629.0000000000
827 -1628.0000000000
829 -1627.0000000000
835 -1626.0000000000
840 -1625.0000000000
841 -1624.0000000000
842 -1623.0000000000
847 -1622.0000000000
849 -1621.0000000000
854 -1620.0000000000
855 -1619.0000000000
856 -1618.0000000000
858 -1617.0000000000
860 -1616.0000000000
863 -1615.0000000000
865 -1614.0000000000
867 -1613.0000000000
870 -1612.0000000000
873 -1611.0000000000
886 -1609.0000000000
889 -1608.0000000000
891 -1607.0000000000
899 -1606.0000000000
901 -1605.0000000000
902 -1604.0000000000
903 -1603.0000000000
904 -1602.0000000000
905 -1601.0000000000
908 -1600.0000000000
921 -1599.0000000000
925 -1598.0000000000
927 -1597.0000000000
928 -1595.0000000000
937 -1594.0000000000
939 -1593.0000000000
940 -1592.0000000000
945 -1591.0000000000
950 -1590.0000000000
951 -1589.0000000000
952 -1587.0000000000
958 -1586.0000000000
959 -1584.0000000000
961 -1583.0000000000
962 -1582.0000000000
964 -1581.0000000000
968 -1580.0000000000
973 -1579.0000000000
976 -1576.0000000000
979 -1575.0000000000
983 -1574.0000000000
986 -1573.0000000000
988 -1572.0000000000
991 -1571.0000000000
997 -1570.0000000000
1002 -1569.0000000000
1010 -1568.0000000000
1011 -1566.0000000000
1012 -1565.0000000000
1015 -1564.0000000000
1016 -1563.0000000000
1020 -1562.0000000000
1021 -1561.0000000000
1024 -1560.0000000000
1026 -1559.0000000000
1027 -1558.0000000000
1028 -1557.0000000000
1038 -1556.0000000000
1042 -1555.0000000000
1043 -1554.0000000000
1044 -1553.0000000000
1050 -1552.0000000000
1052 -1551.0000000000
1054 -1550.0000000000
1057 -1549.0000000000
1058 -1548.0000000000
1059 -1547.0000000000
1060 -1546.0000000000
1061 -1545.0000000000
1064 -1544.0000000000
1069 -1543.0000000000
1071 -1542.0000000000
1073 -1541.0000000000
1077 -1540.0000000000
1078 -1539.0000000000
1081 -1538.0000000000
1086 -1537.0000000000
1088 -1536.0000000000
1089 -1535.0000000000
1097 -1534.0000000000
1100 -1533.0000000000
1102 -1532.0000000000
1104 -1531.0000000000
1109 -1530.0000000000
1110 -1529.0000000000
1112 -1528.0000000000
1114 -1527.0000000000
1115 -1525.0000000000
1117 -1524.0000000000
1120 -1523.0000000000
1121 -1522.0000000000
1122 -1521.0000000000
1123 -1520.0000000000
1126 -1519.0000000000
1132 -1518.0000000000
1133 -1516.0000000000
1134 -1515.0000000000
1144 -1514.0000000000
1151 -1511.0000000000
1153 -1510.0000000000
1156 -1509.0000000000
1157 -1508.0000000000
1164 -1507.0000000000
1166 -1506.0000000000
1170 -1505.0000000000
1173 -1504.0000000000
1180 -1503.0000000000
1182 -1502.0000000000
1183 -1501.0000000000
1187 -1500.0000000000
1188 -1498.0000000000
1200 -1497.0000000000
1209 -1496.0000000000
1211 -1495.0000000000
1214 -1494.0000000000
1216 -1493.0000000000
1217 -1491.0000000000
1218 -1490.0000000000
1219 -1489.0000000000
1224 -1488.0000000000
1229 -1487.0000000000
1231 -1486.0000000000
1232 -1485.0000000000
1234 -1484.0000000000
1236 -1482.0000000000
1239 -1481.0000000000
1242 -1480.0000000000
1249 -1479.0000000000
1251 -1478.0000000000
1252 -1477.0000000000
1256 -1476.0000000000
1259 -1475.0000000000
1260 -1474.0000000000
1261 -1473.0000000000
1263 -1472.0000000000
1266 -1471.0000000000
1268 -1470.0000000000
1270 -1469.0000000000
1276 -1468.0000000000
1278 -1467.0000000000
1279 -1465.0000000000
1282 -1464.0000000000
1283 -1463.0000000000
1284 -1461.0000000000
1286 -1459.0000000000
1291 -1458.0000000000
1292 -1457.0000000000
1297 -1456.0000000000
1299 -1454.0000000000
1301 -1453.0000000000
1304 -1452.0000000000
1305 -1451.0000000000
1308 -1450.0000000000
1312 -1449.0000000000
1313 -1448.0000000000
1328 -1447.0000000000
1330 -1446.0000000000
1339 -1445.0000000000
1341 -1444.0000000000
1342 -1443.0000000000
1348 -1442.0000000000
1350 -1441.0000000000
1353 -1440.0000000000
1354 -1438.0000000000
1366 -1437.0000000000
1371 -1436.0000000000
1383 -1435.0000000000
1386 -1434.0000000000
1396 -1433.0000000000
1398 -1432.0000000000
1399 -1431.0000000000
1402 -1430.0000000000
1406 -1429.0000000000
1407 -1428.0000000000
1408 -1427.0000000000
1410 -1426.0000000000
1412 -1424.0000000000
1414 -1423.0000000000
1417 -1422.0000000000
1422 -1421.0000000000
1425 -1420.0000000000
1431 -1419.0000000000
1432 -1418.0000000000
1433 -1417.0000000000
1434 -1416.0000000000
1442 -1415.0000000000
1443 -1414.0000000000
1444 -1413.0000000000
1447 -1412.0000000000
1452 -1411.0000000000
1455 -1410.0000000000
1456 -1409.0000000000
1457 -1408.0000000000
1458 -1407.0000000000
1464 -1406.0000000000
1465 -1405.0000000000
1467 -1404.0000000000
1470 -1403.0000000000
1490 -1402.0000000000
1491 -1401.0000000000
1492 -1400.0000000000
1495 -1399.0000000000
1496 -1398.0000000000
1497 -1397.0000000000
1502 -1396.0000000000
1503 -1395.0000000000
1506 -1394.0000000000
1510 -1393.0000000000
1512 -1392.0000000000
1514 -1391.0000000000
1517 -1390.0000000000
1518 -1389.0000000000
1522 -1388.0000000000
1527 -1387.0000000000
1528 -1386.0000000000
1531 -1385.0000000000
1536 -1384.0000000000
1542 -1382.0000000000
1544 -1381.0000000000
1545 -1380.0000000000
1546 -1379.0000000000
1550 -1378.0000000000
1553 -1377.0000000000
1558 -1375.0000000000
1564 -1373.0000000000
1565 -1372.0000000000
1567 -1370.0000000000
1572 -1369.0000000000
1589 -1368.0000000000
1593 -1367.0000000000
1594 -1366.0000000000
1595 -1365.0000000000
1601 -1364.0000000000
1602 -1363.0000000000
1603 -1362.0000000000
1615 -1361.0000000000
1617 -1360.0000000000
1620 -1359.0000000000
1626 -1358.0000000000
1627 -1357.0000000000
1633 -1356.0000000000
1634 -1355.0000000000
1635 -1354.0000000000
1636 -1353.0000000000
1642 -1352.0000000000
1643 -1351.0000000000
1649 -1350.0000000000
1650 -1349.0000000000
1653 -1347.0000000000
1657 -1346.0000000000
1662 -1345.0000000000
1664 -1344.0000000000
1666 -1343.0000000000
1677 -1342.0000000000
1678 -1341.0000000000
1688 -1340.0000000000
1694 -1339.0000000000
1696 -1338.0000000000
1697 -1336.0000000000
1704 -1335.0000000000
1705 -1334.0000000000
1706 -1333.0000000000
1707 -1332.0000000000
1711 -1331.0000000000
1719 -1329.0000000000
1722 -1328.0000000000
1729 -1327.0000000000
1733 -1326.0000000000
1735 -1323.0000000000
1737 -1322.0000000000
1740 -1321.0000000000
1746 -1320.0000000000
1747 -1318.0000000000
1751 -1317.0000000000
1753 -1316.0000000000
1754 -1315.0000000000
1755 -1314.0000000000
1756 -1313.0000000000
1757 -1312.0000000000
1760 -1310.0000000000
1769 -1309.0000000000
1772 -1308.0000000000
1774 -1307.0000000000
1776 -1306.0000000000
1778 -1305.0000000000
1780 -1304.0000000000
1784 -1303.0000000000
1786 -1302.0000000000
1788 -1301.0000000000
1789 -1300.0000000000
1791 -1299.0000000000
1795 -1298.0000000000
1797 -1297.0000000000
1801 -1296.0000000000
1802 -1295.0000000000
1803 -1294.0000000000
1807 -1293.0000000000
1814 -1292.0000000000
1823 -1291.0000000000
1826 -1290.0000000000
1829 -1289.0000000000
1836 -1288.0000000000
1844 -1287.0000000000
1845 -1286.0000000000
1846 -1285.0000000000
1850 -1284.0000000000
1855 -1283.0000000000
1862 -1282.0000000000
1864 -1281.0000000000
1866 -1280.0000000000
1872 -1279.0000000000
1874 -1278.0000000000
1879 -1277.0000000000
1882 -1276.0000000000
1884 -1275.0000000000
1889 -1274.0000000000
1895 -1273.0000000000
1896 -1272.0000000000
1899 -1271.0000000000
1901 -1270.0000000000
1902 -1269.0000000000
1903 -1268.0000000000
1907 -1267.0000000000
1908 -1266.0000000000
1912 -1265.0000000000
1913 -1264.0000000000
1914 -1262.0000000000
1918 -1261.0000000000
1920 -1260.0000000000
1921 -1259.0000000000
1925 -1258.0000000000
1929 -1257.0000000000
1933 -1255.0000000000
1934 -1254.0000000000
1935 -1253.0000000000
1936 -1252.0000000000
1938 -1251.0000000000
1945 -1250.0000000000
1947 -1249.0000000000
1948 -1248.0000000000
1953 -1247.0000000000
1957 -1246.0000000000
1963 -1244.0000000000
1966 -1243.0000000000
1978 -1242.0000000000
1979 -1241.0000000000
1980 -1240.0000000000
1984 -1239.0000000000
1986 -1238.0000000000
1993 -1237.0000000000
2002 -1236.0000000000
2006 -1235.0000000000
2013 -1234.0000000000
2016 -1233.0000000000
2017 -1229.0000000000
2023 -1228.0000000000
2024 -1227.0000000000
2025 -1226.0000000000
2026 -1225.0000000000
2028 -1224.0000000000
2029 -1223.0000000000
2031 -1222.0000000000
2037 -1221.0000000000
2038 -1220.0000000000
2041 -1219.0000000000
2042 -1217.0000000000
2045 -1216.0000000000
2049 -1215.0000000000
2050 -1214.0000000000
2051 -1213.0000000000
2063 -1212.0000000000
2064 -1211.0000000000
2067 -1209.0000000000
2072 -1207.0000000000
2073 -1206.0000000000
2075 -1205.0000000000
2078 -1204.0000000000
2079 -1203.0000000000
2080 -1202.0000000000
2085 -1201.0000000000
2091 -1200.0000000000
2093 -1199.0000000000
2094 -1198.0000000000
2098 -1197.0000000000
2099 -1196.0000000000
2105 -1195.0000000000
2109 -1194.0000000000
2111 -1193.0000000000
2112 -1192.0000000000
2114 -1191.0000000000
2119 -1190.0000000000
2123 -1189.0000000000
2135 -1188.0000000000
2140 -1186.0000000000
2143 -1185.0000000000
2148 -1184.0000000000
2149 -1183.0000000000
2152 -1182.0000000000
2156 -1181.0000000000
2177 -1180.0000000000
2191 -1179.0000000000
2207 -1178.0000000000
2208 -1177.0000000000
2217 -1176.0000000000
2218 -1175.0000000000
2224 -1174.0000000000
2228 -1173.0000000000
2229 -1172.0000000000
2233 -1171.0000000000
2241 -1170.0000000000
2245 -1169.0000000000
2246 -1168.0000000000
2247 -1167.0000000000
2249 -1166.0000000000
2251 -1165.0000000000
2252 -1164.0000000000
2256 -1163.0000000000
2259 -1162.0000000000
2263 -1161.0000000000
2266 -1160.0000000000
2270 -1159.0000000000
2274 -1158.0000000000
2276 -1157.0000000000
2286 -1156.0000000000
2288 -1154.0000000000
2298 -1153.0000000000
2303 -1152.0000000000
2306 -1151.0000000000
2307 -1150.0000000000
2312 -1149.0000000000
2319 -1148.0000000000
2323 -1147.0000000000
2326 -1146.0000000000
2341 -1145.0000000000
2342 -1144.0000000000
2347 -1143.0000000000
2349 -1142.0000000000
2350 -1141.0000000000
2355 -1140.0000000000
2360 -1139.0000000000
2362 -1138.0000000000
2370 -1137.0000000000
2372 -1136.0000000000
2378 -1135.0000000000
2380 -1134.0000000000
2385 -1133.0000000000
2387 -1132.0000000000
2395 -1131.0000000000
2396 -1130.0000000000
2415 -1129.0000000000
2416 -1128.0000000000
2425 -1127.0000000000
2430 -1126.0000000000
2433 -1124.0000000000
2435 -1123.0000000000
2436 -1122.0000000000
2441 -1121.0000000000
2443 -1120.0000000000
2444 -1119.0000000000
2448 -1118.0000000000
2450 -1117.0000000000
2452 -1116.0000000000
2453 -1115.0000000000
2455 -1113.0000000000
2460 -1112.0000000000
2464 -1111.0000000000
2467 -1110.0000000000
2470 -1109.0000000000
2473 -1108.0000000000
2474 -1107.0000000000
2475 -1106.0000000000
2476 -1105.0000000000
2477 -1104.0000000000
2479 -1103.0000000000
2480 -1102.0000000000
2482 -1101.0000000000
2484 -1100.0000000000
2489 -1099.0000000000
2492 -1098.0000000000
2497 -1097.0000000000
2502 -1096.0000000000
2505 -1095.0000000000
2506 -1094.0000000000
2507 -1093.0000000000
2508 -1092.0000000000
2511 -1091.0000000000
2512 -1090.0000000000
2523 -1089.0000000000
2528 -1088.0000000000
2529 -1087.0000000000
2534 -1086.0000000000
2536 -1085.0000000000
2537 -1084.0000000000
2551 -1083.0000000000
2554 -1082.0000000000
2556 -1081.0000000000
2558 -1080.0000000000
2560 -1079.0000000000
2561 -1078.0000000000
2563 -1077.0000000000
2565 -1076.0000000000
2573 -1075.0000000000
2575 -1074.0000000000
2583 -1073.0000000000
2584 -1072.0000000000
2586 -1071.0000000000
2593 -1070.0000000000
2596 -1069.0000000000
2600 -1068.0000000000
2602 -1067.0000000000
2605 -1066.0000000000
2609 -1065.0000000000
2610 -1064.0000000000
2613 -1063.0000000000
2624 -1062.0000000000
2632 -1061.0000000000
2635 -1060.0000000000
2638 -1059.0000000000
2648 -1058.0000000000
2660 -1055.0000000000
2663 -1054.0000000000
2664 -1053.0000000000
2675 -1052.0000000000
2678 -1051.0000000000
2692 -1050.0000000000
2703 -1049.0000000000
2704 -1048.0000000000
2728 -1047.0000000000
2733 -1046.0000000000
2737 -1045.0000000000
2744 -1044.0000000000
2748 -1043.0000000000
2754 -1042.0000000000
2766 -1041.0000000000
2768 -1040.0000000000
2769 -1039.0000000000
2771 -1038.0000000000
2773 -1036.0000000000
2775 -1035.0000000000
2784 -1033.0000000000
2785 -1032.0000000000
2786 -1031.0000000000
2789 -1030.0000000000
2795 -1029.0000000000
2798 -1028.0000000000
2805 -1027.0000000000
2810 -1026.0000000000
2811 -1025.0000000000
2822 -1024.0000000000
2829 -1023.0000000000
2831 -1022.0000000000
2838 -1021.0000000000
2846 -1020.0000000000
2848 -1019.0000000000
2853 -1017.0000000000
2876 -1016.0000000000
2884 -1015.0000000000
2888 -1014.0000000000
2890 -1013.0000000000
2893 -1011.0000000000
2895 -1010.0000000000
2907 -1008.0000000000
2915 -1007.0000000000
2917 -1006.0000000000
2918 -1005.0000000000
2920 -1004.0000000000
2924 -1003.0000000000
2925 -1002.0000000000
2951 -1001.0000000000
2953 -999.0000000000
2958 -998.0000000000
2959 -997.0000000000
2963 -996.0000000000
2967 -994.0000000000
2968 -993.0000000000
2972 -991.0000000000
2973 -990.0000000000
2974 -989.0000000000
2978 -988.0000000000
2981 -987.0000000000
2983 -986.0000000000
2989 -985.0000000000
2999 -984.0000000000
3009 -983.0000000000
3022 -982.0000000000
3024 -981.0000000000
3027 -980.0000000000
3028 -979.0000000000
3033 -978.0000000000
3037 -977.0000000000
3038 -976.0000000000
3044 -975.0000000000
3051 -974.0000000000
3061 -973.0000000000
3063 -972.0000000000
3065 -971.0000000000
3067 -970.0000000000
3069 -969.0000000000
3071 -968.0000000000
3080 -967.0000000000
3081 -966.0000000000
3084 -965.0000000000
3085 -964.0000000000
3086 -963.0000000000
3089 -962.0000000000
3095 -961.0000000000
3101 -960.0000000000
3107 -959.0000000000
3109 -958.0000000000
3114 -957.0000000000
3122 -956.0000000000
3125 -955.0000000000
3127 -954.0000000000
3129 -953.0000000000
3130 -952.0000000000
3131 -951.0000000000
3132 -950.0000000000
3136 -949.0000000000
3140 -948.0000000000
3141 -947.0000000000
3142 -946.0000000000
3153 -945.0000000000
3155 -943.0000000000
3157 -942.0000000000
3160 -941.0000000000
3161 -940.0000000000
3162 -939.0000000000
3170 -938.0000000000
3171 -937.0000000000
3174 -936.0000000000
3190 -935.0000000000
3191 -934.0000000000
3195 -933.0000000000
3197 -932.0000000000
3205 -931.0000000000
3209 -930.0000000000
3213 -929.0000000000
3218 -927.0000000000
3223 -926.0000000000
3231 -925.0000000000
3239 -924.0000000000
3248 -923.0000000000
3255 -922.0000000000
3256 -921.0000000000
3260 -920.0000000000
3262 -918.0000000000
3265 -917.0000000000
3278 -916.0000000000
3288 -915.0000000000
3297 -914.0000000000
3299 -913.0000000000
3304 -912.0000000000
3306 -911.0000000000
3309 -909.0000000000
3314 -908.0000000000
3315 -907.0000000000
3322 -906.0000000000
3329 -905.0000000000
3332 -904.0000000000
3334 -903.0000000000
3335 -902.0000000000
3340 -901.0000000000
3341 -900.0000000000
3344 -899.0000000000
3353 -898.0000000000
3357 -897.0000000000
3359 -896.0000000000
3362 -895.0000000000
3367 -894.0000000000
3370 -893.0000000000
3377 -892.0000000000
3390 -891.0000000000
3393 -890.0000000000
3399 -889.0000000000
3403 -888.0000000000
3408 -887.0000000000
3414 -886.0000000000
3419 -885.0000000000
3425 -884.0000000000
3440 -883.0000000000
3444 -882.0000000000
3448 -881.0000000000
3460 -880.0000000000
3467 -879.0000000000
3468 -878.0000000000
3469 -877.0000000000
3475 -876.0000000000
3477 -875.0000000000
3479 -874.0000000000
3484 -873.0000000000
3485 -872.0000000000
3488 -871.0000000000
3490 -870.0000000000
3492 -869.0000000000
3498 -868.0000000000
3501 -867.0000000000
3503 -866.0000000000
3513 -864.0000000000
3515 -863.0000000000
3516 -862.0000000000
3531 -861.0000000000
3539 -860.0000000000
3542 -859.0000000000
3554 -858.0000000000
3556 -857.0000000000
3561 -856.0000000000
3563 -855.0000000000
3568 -854.0000000000
3575 -853.0000000000
3592 -852.0000000000
3594 -851.0000000000
3595 -850.0000000000
3605 -849.0000000000
3606 -848.0000000000
3612 -847.0000000000
3621 -846.0000000000
3622 -845.0000000000
3623 -844.0000000000
3624 -843.0000000000
3630 -842.0000000000
3631 -841.0000000000
3637 -840.0000000000
3640 -839.0000000000
3644 -838.0000000000
3648 -837.0000000000
3661 -836.0000000000
3664 -835.0000000000
3679 -834.0000000000
3684 -833.0000000000
3699 -832.0000000000
3704 -831.0000000000
3709 -830.0000000000
3727 -829.0000000000
3731 -828.0000000000
3734 -827.0000000000
3743 -826.0000000000
3746 -825.0000000000
3751 -824.0000000000
3755 -823.0000000000
3756 -822.0000000000
3765 -821.0000000000
3766 -820.0000000000
3771 -819.0000000000
3777 -818.0000000000
3778 -817.0000000000
3779 -816.0000000000
3782 -815.0000000000
3783 -814.0000000000
3788 -813.0000000000
3790 -812.0000000000
3800 -811.0000000000
3811 -810.0000000000
3812 -809.0000000000
3813 -808.0000000000
3820 -807.0000000000
3823 -806.0000000000
3831 -805.0000000000
3832 -804.0000000000
3842 -803.0000000000
3843 -802.0000000000
3847 -801.0000000000
3851 -800.0000000000
3857 -799.0000000000
3861 -798.0000000000
3870 -797.0000000000
3873 -796.0000000000
3886 -795.0000000000
3888 -794.0000000000
3901 -793.0000000000
3915 -792.0000000000
3916 -791.0000000000
3917 -790.0000000000
3923 -788.0000000000
3940 -787.0000000000
3948 -786.0000000000
3957 -785.0000000000
3969 -783.0000000000
3975 -782.0000000000
4009 -781.0000000000
4035 -780.0000000000
4044 -779.0000000000
4050 -778.0000000000
4055 -777.0000000000
4057 -776.0000000000
4060 -775.0000000000
4063 -774.0000000000
4065 -773.0000000000
4074 -772.0000000000
4078 -771.0000000000
4083 -770.0000000000
4086 -769.0000000000
4090 -768.0000000000
4101 -767.0000000000
4102 -766.0000000000
4103 -765.0000000000
4108 -764.0000000000
4112 -763.0000000000
4120 -762.0000000000
4140 -761.0000000000
4142 -760.0000000000
4148 -759.0000000000
4175 -758.0000000000
4180 -757.0000000000
4186 -756.0000000000
4188 -755.0000000000
4190 -754.0000000000
4191 -753.0000000000
4209 -752.0000000000
4210 -751.0000000000
4211 -750.0000000000
4213 -749.0000000000
4220 -748.0000000000
4221 -747.0000000000
4225 -746.0000000000
4232 -745.0000000000
4234 -744.0000000000
4246 -743.0000000000
4250 -741.0000000000
4252 -740.0000000000
4255 -739.0000000000
4264 -738.0000000000
4268 -737.0000000000
4274 -736.0000000000
4276 -735.0000000000
4277 -734.0000000000
4305 -733.0000000000
4325 -732.0000000000
4333 -731.0000000000
4338 -730.0000000000
4346 -729.0000000000
4365 -728.0000000000
4368 -727.0000000000
4369 -726.0000000000
4372 -725.0000000000
4384 -724.0000000000
4395 -723.0000000000
4396 -722.0000000000
4397 -721.0000000000
4399 -720.0000000000
4411 -719.0000000000
4422 -718.0000000000
4424 -717.0000000000
4431 -716.0000000000
4465 -715.0000000000
4466 -714.0000000000
4471 -713.0000000000
4488 -712.0000000000
4490 -711.0000000000
4493 -710.0000000000
4523 -708.0000000000
4541 -707.0000000000
4545 -706.0000000000
4550 -705.0000000000
4553 -704.0000000000
4555 -703.0000000000
4559 -702.0000000000
4564 -701.0000000000
4569 -700.0000000000
4572 -699.0000000000
4573 -698.0000000000
4575 -696.0000000000
4586 -695.0000000000
4595 -694.0000000000
4596 -693.0000000000
4598 -692.0000000000
4609 -691.0000000000
4616 -690.0000000000
4618 -689.0000000000
4621 -688.0000000000
4628 -687.0000000000
4635 -686.0000000000
4655 -685.0000000000
4669 -684.0000000000
4678 -683.0000000000
4680 -682.0000000000
4684 -681.0000000000
4685 -680.0000000000
4688 -679.0000000000
4692 -678.0000000000
4698 -677.0000000000
4709 -676.0000000000
4716 -675.0000000000
4725 -674.0000000000
4726 -673.0000000000
4738 -672.0000000000
4740 -671.0000000000
4750 -670.0000000000
4758 -669.0000000000
4765 -668.0000000000
4766 -667.0000000000
4768 -666.0000000000
4776 -665.0000000000
4782 -664.0000000000
4785 -663.0000000000
4798 -662.0000000000
4807 -661.0000000000
4808 -660.0000000000
4815 -659.0000000000
4820 -658.0000000000
4826 -655.0000000000
4827 -653.0000000000
4829 -652.0000000000
4842 -651.0000000000
4853 -650.0000000000
4860 -649.0000000000
4870 -648.0000000000
4892 -647.0000000000
4897 -646.0000000000
4908 -645.0000000000
4910 -644.0000000000
4915 -643.0000000000
4916 -642.0000000000
4920 -641.0000000000
4928 -640.0000000000
4942 -639.0000000000
4946 -638.0000000000
4949 -637.0000000000
4951 -636.0000000000
4953 -635.0000000000
4969 -634.0000000000
4972 -633.0000000000
4982 -632.0000000000
4987 -631.0000000000
4994 -630.0000000000
4997 -629.0000000000
5005 -628.0000000000
5013 -627.0000000000
5017 -626.0000000000
5040 -625.0000000000
5066 -624.0000000000
5069 -623.0000000000
5073 -622.0000000000
5075 -621.0000000000
5076 -620.0000000000
5086 -619.0000000000
5093 -618.0000000000
5095 -617.0000000000
5111 -616.0000000000
5119 -615.0000000000
5132 -614.0000000000
5134 -613.0000000000
5140 -612.0000000000
5141 -610.0000000000
5143 -609.0000000000
5147 -608.0000000000
5155 -607.0000000000
5183 -606.0000000000
5190 -605.0000000000
5202 -604.0000000000
5204 -603.0000000000
5213 -602.0000000000
5214 -601.0000000000
5219 -600.0000000000
5224 -599.0000000000
5232 -598.0000000000
5234 -597.0000000000
5235 -596.0000000000
5244 -595.0000000000
5248 -594.0000000000
5251 -593.0000000000
5255 -592.0000000000
5266 -591.0000000000
5273 -590.0000000000
5275 -589.0000000000
5276 -588.0000000000
5282 -587.0000000000
5285 -586.0000000000
5286 -585.0000000000
5297 -584.0000000000
5304 -583.0000000000
5305 -582.0000000000
5307 -581.0000000000
5321 -580.0000000000
5342 -579.0000000000
5351 -578.0000000000
5355 -577.0000000000
5376 -576.0000000000
5383 -575.0000000000
5409 -574.0000000000
5424 -573.0000000000
5431 -572.0000000000
5437 -571.0000000000
5439 -569.0000000000
5442 -568.0000000000
5447 -567.0000000000
5449 -566.0000000000
5454 -565.0000000000
5465 -564.0000000000
5483 -563.0000000000
5485 -562.0000000000
5500 -561.0000000000
5505 -560.0000000000
5536 -559.0000000000
5538 -558.0000000000
5539 -557.0000000000
5544 -556.0000000000
5550 -555.0000000000
5551 -554.0000000000
5558 -553.0000000000
5562 -552.0000000000
5583 -551.0000000000
5591 -550.0000000000
5597 -549.0000000000
5602 -548.0000000000
5622 -547.0000000000
5629 -546.0000000000
5639 -545.0000000000
5642 -544.0000000000
5650 -543.0000000000
5655 -542.0000000000
5659 -541.0000000000
5724 -540.0000000000
5730 -539.0000000000
5758 -538.0000000000
5768 -537.0000000000
5772 -536.0000000000
5783 -535.0000000000
5786 -534.0000000000
5789 -533.0000000000
5803 -532.0000000000
5819 -531.0000000000
5826 -530.0000000000
5835 -529.0000000000
5858 -528.0000000000
5863 -527.0000000000
5868 -526.0000000000
5872 -524.0000000000
5882 -523.0000000000
5893 -522.0000000000
5901 -521.0000000000
5918 -520.0000000000
5929 -519.0000000000
5935 -518.0000000000
5937 -517.0000000000
5948 -516.0000000000
5962 -515.0000000000
5975 -514.0000000000
6002 -513.0000000000
6032 -512.0000000000
6042 -511.0000000000
6043 -510.0000000000
6055 -509.0000000000
6074 -508.0000000000
6082 -507.0000000000
6090 -506.0000000000
6103 -505.0000000000
6135 -504.0000000000
6136 -503.0000000000
6140 -502.0000000000
6149 -501.0000000000
6153 -500.0000000000
6162 -499.0000000000
6187 -498.0000000000
6200 -497.0000000000
6206 -496.0000000000
6211 -495.0000000000
6215 -494.0000000000
6219 -493.0000000000
6225 -492.0000000000
6231 -491.0000000000
6250 -490.0000000000
6269 -489.0000000000
6273 -488.0000000000
6282 -487.0000000000
6302 -486.0000000000
6316 -485.0000000000
6327 -484.0000000000
6330 -483.0000000000
6349 -482.0000000000
6368 -481.0000000000
6380 -480.0000000000
6382 -479.0000000000
6402 -478.0000000000
6403 -477.0000000000
6418 -476.0000000000
6420 -474.0000000000
6423 -473.0000000000
6426 -472.0000000000
6438 -471.0000000000
6447 -470.0000000000
6454 -469.0000000000
6459 -468.0000000000
6462 -467.0000000000
6473 -466.0000000000
6478 -465.0000000000
6488 -464.0000000000
6497 -463.0000000000
6508 -462.0000000000
6517 -461.0000000000
6522 -460.0000000000
6526 -459.0000000000
6532 -457.0000000000
6558 -455.0000000000
6565 -454.0000000000
6578 -453.0000000000
6582 -452.0000000000
6583 -451.0000000000
6593 -450.0000000000
6612 -449.0000000000
6615 -448.0000000000
6622 -447.0000000000
6628 -446.0000000000
6630 -445.0000000000
6638 -444.0000000000
6645 -443.0000000000
6650 -442.0000000000
6664 -441.0000000000
6668 -440.0000000000
6672 -439.0000000000
6677 -438.0000000000
6703 -437.0000000000
6709 -436.0000000000
6732 -435.0000000000
6740 -434.0000000000
6742 -433.0000000000
6746 -432.0000000000
6761 -431.0000000000
6778 -430.0000000000
6780 -429.0000000000
6784 -428.0000000000
6813 -427.0000000000
6826 -426.0000000000
6827 -425.0000000000
6844 -423.0000000000
6845 -422.0000000000
6860 -421.0000000000
6912 -420.0000000000
6918 -419.0000000000
6927 -418.0000000000
6930 -417.0000000000
6936 -416.0000000000
6960 -415.0000000000
6996 -414.0000000000
7002 -413.0000000000
7004 -412.0000000000
7005 -411.0000000000
7011 -410.0000000000
7049 -409.0000000000
7076 -408.0000000000
7083 -407.0000000000
7087 -406.0000000000
7101 -405.0000000000
7105 -404.0000000000
7116 -403.0000000000
7137 -402.0000000000
7140 -401.0000000000
7166 -400.0000000000
7173 -399.0000000000
7175 -398.0000000000
7186 -397.0000000000
7190 -396.0000000000
7233 -395.0000000000
7238 -394.0000000000
7240 -393.0000000000
7244 -392.0000000000
7251 -391.0000000000
7252 -390.0000000000
7257 -389.0000000000
7275 -388.0000000000
7279 -387.0000000000
7285 -386.0000000000
7298 -385.0000000000
7299 -384.0000000000
7315 -383.0000000000
7316 -382.0000000000
7339 -381.0000000000
7354 -380.0000000000
7417 -379.0000000000
7433 -378.0000000000
7467 -377.0000000000
7499 -376.0000000000
7500 -375.0000000000
7501 -374.0000000000
7516 -373.0000000000
7523 -372.0000000000
7539 -371.0000000000
7588 -370.0000000000
7600 -369.0000000000
7605 -368.0000000000
7606 -367.0000000000
7622 -366.0000000000
7625 -365.0000000000
7626 -364.0000000000
7661 -362.0000000000
7708 -361.0000000000
7719 -360.0000000000
7735 -359.0000000000
7744 -358.0000000000
7757 -357.0000000000
7768 -356.0000000000
7776 -355.0000000000
7779 -354.0000000000
7810 -353.0000000000
7845 -352.0000000000
7855 -351.0000000000
7866 -350.0000000000
7908 -349.0000000000
7945 -348.0000000000
7947 -347.0000000000
7964 -346.0000000000
7966 -345.0000000000
7977 -344.0000000000
8003 -343.0000000000
8006 -342.0000000000
8019 -341.0000000000
8025 -340.0000000000
8028 -339.0000000000
8048 -338.0000000000
8068 -337.0000000000
8072 -336.0000000000
8095 -335.0000000000
8106 -334.0000000000
8125 -333.0000000000
8134 -332.0000000000
8152 -331.0000000000
8160 -330.0000000000
8163 -329.0000000000
8176 -328.0000000000
8181 -327.0000000000
8186 -326.0000000000
8199 -325.0000000000
8201 -324.0000000000
8206 -323.0000000000
8222 -322.0000000000
8224 -321.0000000000
8235 -320.0000000000
8246 -319.0000000000
8253 -318.0000000000
8265 -317.0000000000
8311 -316.0000000000
8314 -314.0000000000
8317 -313.0000000000
8319 -312.0000000000
8353 -311.0000000000
8385 -310.0000000000
8398 -309.0000000000
8416 -308.0000000000
8431 -307.0000000000
8451 -306.0000000000
8452 -305.0000000000
8464 -304.0000000000
8469 -303.0000000000
8480 -302.0000000000
8531 -301.0000000000
8560 -300.0000000000
8567 -299.0000000000
8570 -298.0000000000
8574 -296.0000000000
8581 -295.0000000000
8588 -294.0000000000
8631 -293.0000000000
8640 -292.0000000000
8653 -291.0000000000
8682 -290.0000000000
8697 -289.0000000000
8711 -288.0000000000
8714 -287.0000000000
8718 -286.0000000000
8748 -285.0000000000
8752 -284.0000000000
8758 -283.0000000000
8791 -282.0000000000
8811 -281.0000000000
8828 -280.0000000000
8833 -279.0000000000
8849 -278.0000000000
8851 -277.0000000000
8874 -276.0000000000
8881 -275.0000000000
8921 -274.0000000000
8948 -273.0000000000
8952 -272.0000000000
8971 -271.0000000000
9031 -270.0000000000
9033 -269.0000000000
9034 -268.0000000000
9037 -267.0000000000
9045 -266.0000000000
9047 -265.0000000000
9057 -264.0000000000
9111 -263.0000000000
9129 -262.0000000000
9147 -261.0000000000
9210 -260.0000000000
9292 -259.0000000000
9318 -258.0000000000
9336 -257.0000000000
9413 -256.0000000000
9417 -255.0000000000
9432 -254.0000000000
9444 -253.0000000000
9454 -252.0000000000
9465 -251.0000000000
9479 -250.0000000000
9482 -249.0000000000
9494 -248.0000000000
9507 -247.0000000000
9511 -246.0000000000
9518 -245.0000000000
9538 -244.0000000000
9574 -243.0000000000
9612 -242.0000000000
9619 -241.0000000000
9657 -240.0000000000
9661 -239.0000000000
9671 -238.0000000000
9718 -237.0000000000
9739 -236.0000000000
9833 -235.0000000000
9834 -234.0000000000
9841 -233.0000000000
9858 -232.0000000000
9888 -231.0000000000
9921 -230.0000000000
9928 -229.0000000000
9957 -228.0000000000
9978 -227.0000000000
9987 -226.0000000000
10000 -227.0000000000
