evaluations raw_y
1 -1866.0000000000
2 -1865.0000000000
4 -1864.0000000000
5 -1863.0000000000
7 -1862.0000000000
9 -1861.0000000000
11 -1860.0000000000
12 -1859.0000000000
13 -1858.0000000000
14 -1857.0000000000
15 -1856.0000000000
18 -1855.0000000000
19 -1854.0000000000
21 -1853.0000000000
22 -1852.0000000000
24 -1851.0000000000
25 -1850.0000000000
26 -1849.0000000000
28 -1848.0000000000
31 -1847.0000000000
34 -1846.0000000000
35 -1845.0000000000
36 -1844.0000000000
39 -1843.0000000000
40 -1842.0000000000
45 -1841.0000000000
47 -1840.0000000000
50 -1839.0000000000
52 -1838.0000000000
56 -1837.0000000000
57 -1836.0000000000
58 -1835.0000000000
60 -1834.0000000000
65 -1833.0000000000
66 -1832.0000000000
70 -1831.0000000000
73 -1830.0000000000
76 -1829.0000000000
79 -1828.0000000000
80 -1827.0000000000
81 -1826.0000000000
82 -1825.0000000000
83 -1824.0000000000
87 -1823.0000000000
88 -1822.0000000000
94 -1821.0000000000
98 -1820.0000000000
102 -1819.0000000000
103 -1818.0000000000
104 -1817.0000000000
105 -1816.0000000000
107 -1815.0000000000
109 -1814.0000000000
110 -1813.0000000000
112 -1812.0000000000
115 -1811.0000000000
116 -1810.0000000000
119 -1809.0000000000
120 -1808.0000000000
122 -1807.0000000000
124 -1806.0000000000
129 -1805.0000000000
130 -1804.0000000000
131 -1803.0000000000
132 -1802.0000000000
135 -1801.0000000000
136 -1800.0000000000
137 -1799.0000000000
141 -1798.0000000000
143 -1797.0000000000
144 -1796.0000000000
145 -1795.0000000000
146 -1794.0000000000
149 -1793.0000000000
150 -1792.0000000000
153 -1791.0000000000
154 -1790.0000000000
155 -1789.0000000000
156 -1788.0000000000
158 -1787.0000000000
160 -1786.0000000000
161 -1785.0000000000
164 -1784.0000000000
165 -1783.0000000000
171 -1782.0000000000
173 -1781.0000000000
178 -1780.0000000000
179 -1779.0000000000
182 -1778.0000000000
183 -1777.0000000000
185 -1776.0000000000
187 -1775.0000000000
188 -1774.0000000000
190 -1773.0000000000
193 -1772.0000000000
194 -1771.0000000000
195 -1770.0000000000
196 -1769.0000000000
199 -1768.0000000000
201 -1767.0000000000
202 -1766.0000000000
203 -1765.0000000000
205 -1764.0000000000
207 -1763.0000000000
209 -1762.0000000000
210 -1761.0000000000
214 -1760.0000000000
216 -1759.0000000000
218 -1758.0000000000
220 -1757.0000000000
222 -1756.0000000000
223 -1755.0000000000
226 -1754.0000000000
229 -1753.0000000000
231 -1752.0000000000
232 -1751.0000000000
233 -1750.0000000000
234 -1749.0000000000
236 -1748.0000000000
237 -1747.0000000000
240 -1746.0000000000
244 -1745.0000000000
246 -1744.0000000000
247 -1743.0000000000
253 -1742.0000000000
255 -1741.0000000000
256 -1740.0000000000
257 -1739.0000000000
262 -1738.0000000000
263 -1737.0000000000
265 -1736.0000000000
266 -1735.0000000000
267 -1734.0000000000
270 -1733.0000000000
273 -1732.0000000000
276 -1731.0000000000
278 -1730.0000000000
279 -1729.0000000000
282 -1728.0000000000
283 -1727.0000000000
287 -1726.0000000000
289 -1725.0000000000
292 -1724.0000000000
294 -1723.0000000000
296 -1722.0000000000
299 -1721.0000000000
300 -1720.0000000000
302 -1719.0000000000
305 -1718.0000000000
308 -1717.0000000000
310 -1716.0000000000
314 -1715.0000000000
316 -1714.0000000000
319 -1713.0000000000
320 -1712.0000000000
321 -1711.0000000000
323 -1710.0000000000
324 -1709.0000000000
325 -1708.0000000000
327 -1707.0000000000
329 -1706.0000000000
334 -1705.0000000000
336 -1704.0000000000
337 -1703.0000000000
338 -1702.0000000000
341 -1701.0000000000
346 -1700.0000000000
347 -1699.0000000000
348 -1698.0000000000
351 -1697.0000000000
352 -1696.0000000000
355 -1695.0000000000
359 -1694.0000000000
360 -1693.0000000000
361 -1692.0000000000
365 -1691.0000000000
366 -1690.0000000000
367 -1689.0000000000
369 -1688.0000000000
370 -1687.0000000000
372 -1686.0000000000
373 -1685.0000000000
379 -1684.0000000000
383 -1683.0000000000
392 -1682.0000000000
393 -1681.0000000000
394 -1680.0000000000
397 -1679.0000000000
401 -1678.0000000000
403 -1677.0000000000
408 -1676.0000000000
412 -1675.0000000000
413 -1674.0000000000
415 -1673.0000000000
416 -1672.0000000000
418 -1671.0000000000
420 -1670.0000000000
422 -1669.0000000000
423 -1668.0000000000
427 -1667.0000000000
428 -1666.0000000000
430 -1665.0000000000
432 -1664.0000000000
439 -1663.0000000000
441 -1662.0000000000
443 -1661.0000000000
444 -1660.0000000000
445 -1659.0000000000
450 -1658.0000000000
451 -1657.0000000000
453 -1656.0000000000
454 -1655.0000000000
456 -1654.0000000000
459 -1653.0000000000
465 -1652.0000000000
468 -1651.0000000000
470 -1650.0000000000
472 -1649.0000000000
473 -1648.0000000000
474 -1647.0000000000
480 -1646.0000000000
481 -1645.0000000000
484 -1644.0000000000
486 -1643.0000000000
487 -1642.0000000000
491 -1641.0000000000
497 -1640.0000000000
500 -1639.0000000000
503 -1638.0000000000
506 -1637.0000000000
513 -1636.0000000000
515 -1635.0000000000
517 -1634.0000000000
519 -1633.0000000000
520 -1632.0000000000
523 -1631.0000000000
526 -1630.0000000000
527 -1629.0000000000
528 -1628.0000000000
530 -1627.0000000000
536 -1626.0000000000
541 -1625.0000000000
543 -1624.0000000000
545 -1623.0000000000
546 -1622.0000000000
548 -1621.0000000000
549 -1620.0000000000
550 -1619.0000000000
557 -1618.0000000000
558 -1617.0000000000
560 -1616.0000000000
561 -1615.0000000000
562 -1614.0000000000
565 -1613.0000000000
566 -1612.0000000000
567 -1611.0000000000
568 -1610.0000000000
572 -1609.0000000000
573 -1608.0000000000
574 -1607.0000000000
576 -1606.0000000000
577 -1605.0000000000
582 -1604.0000000000
583 -1603.0000000000
584 -1602.0000000000
586 -1601.0000000000
588 -1600.0000000000
595 -1599.0000000000
596 -1598.0000000000
597 -1597.0000000000
601 -1596.0000000000
602 -1595.0000000000
603 -1594.0000000000
606 -1593.0000000000
612 -1592.0000000000
614 -1591.0000000000
615 -1590.0000000000
616 -1589.0000000000
617 -1588.0000000000
620 -1587.0000000000
621 -1586.0000000000
626 -1585.0000000000
627 -1584.0000000000
630 -1583.0000000000
631 -1582.0000000000
633 -1581.0000000000
643 -1580.0000000000
647 -1579.0000000000
648 -1578.0000000000
652 -1577.0000000000
653 -1576.0000000000
654 -1575.0000000000
658 -1574.0000000000
669 -1573.0000000000
670 -1572.0000000000
673 -1571.0000000000
675 -1570.0000000000
677 -1569.0000000000
681 -1568.0000000000
682 -1567.0000000000
684 -1566.0000000000
688 -1565.0000000000
689 -1564.0000000000
692 -1563.0000000000
695 -1562.0000000000
696 -1561.0000000000
699 -1560.0000000000
703 -1559.0000000000
705 -1558.0000000000
706 -1557.0000000000
709 -1556.0000000000
713 -1555.0000000000
718 -1554.0000000000
719 -1553.0000000000
721 -1552.0000000000
724 -1551.0000000000
725 -1550.0000000000
726 -1549.0000000000
727 -1548.0000000000
732 -1547.0000000000
735 -1546.0000000000
736 -1545.0000000000
737 -1544.0000000000
742 -1543.0000000000
745 -1542.0000000000
746 -1541.0000000000
758 -1540.0000000000
767 -1539.0000000000
771 -1538.0000000000
773 -1537.0000000000
774 -1536.0000000000
775 -1535.0000000000
777 -1534.0000000000
779 -1533.0000000000
783 -1532.0000000000
784 -1531.0000000000
789 -1530.0000000000
794 -1529.0000000000
795 -1528.0000000000
797 -1527.0000000000
798 -1526.0000000000
799 -1525.0000000000
800 -1524.0000000000
801 -1523.0000000000
809 -1522.0000000000
812 -1521.0000000000
814 -1520.0000000000
816 -1519.0000000000
817 -1518.0000000000
821 -1517.0000000000
822 -1516.0000000000
827 -1515.0000000000
830 -1514.0000000000
831 -1513.0000000000
846 -1512.0000000000
847 -1511.0000000000
851 -1510.0000000000
852 -1509.0000000000
853 -1508.0000000000
856 -1507.0000000000
857 -1506.0000000000
858 -1505.0000000000
859 -1504.0000000000
864 -1503.0000000000
865 -1502.0000000000
867 -1501.0000000000
870 -1500.0000000000
877 -1499.0000000000
882 -1498.0000000000
885 -1497.0000000000
886 -1496.0000000000
887 -1495.0000000000
889 -1494.0000000000
890 -1493.0000000000
895 -1492.0000000000
902 -1491.0000000000
904 -1490.0000000000
906 -1489.0000000000
911 -1488.0000000000
913 -1487.0000000000
916 -1486.0000000000
918 -1485.0000000000
919 -1484.0000000000
920 -1483.0000000000
921 -1482.0000000000
922 -1481.0000000000
925 -1480.0000000000
927 -1479.0000000000
928 -1478.0000000000
929 -1477.0000000000
933 -1476.0000000000
934 -1475.0000000000
939 -1474.0000000000
940 -1473.0000000000
942 -1472.0000000000
943 -1471.0000000000
944 -1470.0000000000
946 -1469.0000000000
949 -1468.0000000000
951 -1467.0000000000
953 -1466.0000000000
956 -1465.0000000000
957 -1464.0000000000
962 -1463.0000000000
963 -1462.0000000000
966 -1461.0000000000
968 -1460.0000000000
969 -1459.0000000000
970 -1458.0000000000
976 -1457.0000000000
978 -1456.0000000000
979 -1455.0000000000
980 -1454.0000000000
982 -1453.0000000000
989 -1452.0000000000
991 -1451.0000000000
997 -1450.0000000000
999 -1449.0000000000
1001 -1448.0000000000
1004 -1447.0000000000
1010 -1446.0000000000
1014 -1445.0000000000
1015 -1444.0000000000
1017 -1443.0000000000
1018 -1442.0000000000
1020 -1441.0000000000
1021 -1440.0000000000
1023 -1439.0000000000
1026 -1438.0000000000
1027 -1437.0000000000
1031 -1436.0000000000
1032 -1435.0000000000
1034 -1434.0000000000
1035 -1433.0000000000
1036 -1432.0000000000
1037 -1431.0000000000
1038 -1430.0000000000
1041 -1429.0000000000
1042 -1428.0000000000
1043 -1427.0000000000
1044 -1426.0000000000
1047 -1425.0000000000
1052 -1424.0000000000
1055 -1423.0000000000
1059 -1422.0000000000
1060 -1421.0000000000
1063 -1420.0000000000
1065 -1419.0000000000
1067 -1418.0000000000
1069 -1417.0000000000
1072 -1416.0000000000
1077 -1415.0000000000
1078 -1414.0000000000
1079 -1413.0000000000
1080 -1412.0000000000
1081 -1411.0000000000
1082 -1410.0000000000
1085 -1409.0000000000
1087 -1408.0000000000
1089 -1407.0000000000
1090 -1406.0000000000
1094 -1405.0000000000
1097 -1404.0000000000
1098 -1403.0000000000
1099 -1402.0000000000
1104 -1401.0000000000
1105 -1400.0000000000
1106 -1399.0000000000
1114 -1398.0000000000
1116 -1397.0000000000
1117 -1396.0000000000
1118 -1395.0000000000
1123 -1394.0000000000
1124 -1393.0000000000
1127 -1392.0000000000
1132 -1391.0000000000
1133 -1390.0000000000
1135 -1389.0000000000
1141 -1388.0000000000
1142 -1387.0000000000
1146 -1386.0000000000
1148 -1385.0000000000
1150 -1384.0000000000
1153 -1383.0000000000
1154 -1382.0000000000
1155 -1381.0000000000
1157 -1380.0000000000
1158 -1379.0000000000
1162 -1378.0000000000
1164 -1377.0000000000
1166 -1376.0000000000
1167 -1375.0000000000
1168 -1374.0000000000
1169 -1373.0000000000
1171 -1372.0000000000
1172 -1371.0000000000
1173 -1370.0000000000
1176 -1369.0000000000
1180 -1368.0000000000
1181 -1367.0000000000
1182 -1366.0000000000
1184 -1365.0000000000
1186 -1364.0000000000
1189 -1363.0000000000
1193 -1362.0000000000
1195 -1361.0000000000
1196 -1360.0000000000
1197 -1359.0000000000
1199 -1358.0000000000
1200 -1357.0000000000
1202 -1356.0000000000
1207 -1355.0000000000
1208 -1354.0000000000
1211 -1353.0000000000
1213 -1352.0000000000
1220 -1351.0000000000
1223 -1350.0000000000
1224 -1349.0000000000
1226 -1348.0000000000
1229 -1347.0000000000
1230 -1346.0000000000
1233 -1345.0000000000
1234 -1344.0000000000
1236 -1343.0000000000
1237 -1342.0000000000
1238 -1341.0000000000
1239 -1340.0000000000
1244 -1339.0000000000
1247 -1338.0000000000
1254 -1337.0000000000
1260 -1336.0000000000
1265 -1335.0000000000
1267 -1334.0000000000
1276 -1333.0000000000
1278 -1332.0000000000
1279 -1331.0000000000
1281 -1330.0000000000
1285 -1329.0000000000
1288 -1328.0000000000
1289 -1327.0000000000
1290 -1326.0000000000
1292 -1325.0000000000
1301 -1324.0000000000
1303 -1323.0000000000
1307 -1322.0000000000
1311 -1321.0000000000
1313 -1320.0000000000
1318 -1319.0000000000
1327 -1318.0000000000
1330 -1317.0000000000
1331 -1316.0000000000
1334 -1315.0000000000
1336 -1314.0000000000
1346 -1313.0000000000
1347 -1312.0000000000
1348 -1311.0000000000
1350 -1310.0000000000
1351 -1309.0000000000
1353 -1308.0000000000
1359 -1307.0000000000
1362 -1306.0000000000
1364 -1305.0000000000
1366 -1304.0000000000
1368 -1303.0000000000
1373 -1302.0000000000
1376 -1301.0000000000
1385 -1300.0000000000
1388 -1299.0000000000
1396 -1298.0000000000
1398 -1297.0000000000
1399 -1296.0000000000
1402 -1295.0000000000
1406 -1294.0000000000
1409 -1293.0000000000
1410 -1292.0000000000
1415 -1291.0000000000
1422 -1290.0000000000
1423 -1289.0000000000
1428 -1288.0000000000
1431 -1287.0000000000
1436 -1286.0000000000
1438 -1285.0000000000
1440 -1284.0000000000
1455 -1283.0000000000
1456 -1282.0000000000
1467 -1281.0000000000
1468 -1280.0000000000
1472 -1279.0000000000
1473 -1278.0000000000
1476 -1277.0000000000
1478 -1276.0000000000
1484 -1275.0000000000
1489 -1274.0000000000
1494 -1273.0000000000
1495 -1272.0000000000
1501 -1271.0000000000
1505 -1270.0000000000
1506 -1269.0000000000
1510 -1268.0000000000
1512 -1267.0000000000
1516 -1266.0000000000
1517 -1265.0000000000
1525 -1264.0000000000
1526 -1263.0000000000
1528 -1262.0000000000
1532 -1261.0000000000
1536 -1260.0000000000
1538 -1259.0000000000
1547 -1258.0000000000
1550 -1257.0000000000
1558 -1256.0000000000
1561 -1255.0000000000
1566 -1254.0000000000
1568 -1253.0000000000
1570 -1252.0000000000
1571 -1251.0000000000
1574 -1250.0000000000
1575 -1249.0000000000
1579 -1248.0000000000
1584 -1247.0000000000
1588 -1246.0000000000
1589 -1245.0000000000
1591 -1244.0000000000
1594 -1243.0000000000
1601 -1242.0000000000
1602 -1241.0000000000
1607 -1240.0000000000
1609 -1239.0000000000
1611 -1238.0000000000
1612 -1237.0000000000
1615 -1236.0000000000
1619 -1235.0000000000
1620 -1234.0000000000
1621 -1233.0000000000
1623 -1232.0000000000
1625 -1231.0000000000
1626 -1230.0000000000
1627 -1229.0000000000
1636 -1228.0000000000
1643 -1227.0000000000
1644 -1226.0000000000
1649 -1225.0000000000
1651 -1224.0000000000
1652 -1223.0000000000
1655 -1222.0000000000
1661 -1221.0000000000
1662 -1220.0000000000
1664 -1219.0000000000
1666 -1218.0000000000
1673 -1217.0000000000
1676 -1216.0000000000
1677 -1215.0000000000
1680 -1214.0000000000
1681 -1213.0000000000
1690 -1212.0000000000
1694 -1211.0000000000
1698 -1210.0000000000
1700 -1209.0000000000
1707 -1208.0000000000
1708 -1207.0000000000
1709 -1206.0000000000
1711 -1205.0000000000
1713 -1204.0000000000
1714 -1203.0000000000
1716 -1202.0000000000
1718 -1201.0000000000
1719 -1200.0000000000
1720 -1199.0000000000
1722 -1198.0000000000
1724 -1197.0000000000
1725 -1196.0000000000
1737 -1195.0000000000
1738 -1194.0000000000
1741 -1193.0000000000
1742 -1192.0000000000
1743 -1191.0000000000
1749 -1190.0000000000
1751 -1189.0000000000
1753 -1188.0000000000
1755 -1187.0000000000
1757 -1186.0000000000
1759 -1185.0000000000
1760 -1184.0000000000
1761 -1183.0000000000
1763 -1182.0000000000
1765 -1181.0000000000
1770 -1180.0000000000
1772 -1179.0000000000
1778 -1178.0000000000
1780 -1177.0000000000
1789 -1176.0000000000
1793 -1175.0000000000
1795 -1174.0000000000
1797 -1173.0000000000
1801 -1172.0000000000
1803 -1171.0000000000
1805 -1170.0000000000
1808 -1169.0000000000
1810 -1168.0000000000
1813 -1167.0000000000
1821 -1166.0000000000
1822 -1165.0000000000
1831 -1164.0000000000
1834 -1163.0000000000
1836 -1162.0000000000
1840 -1161.0000000000
1841 -1160.0000000000
1842 -1159.0000000000
1845 -1158.0000000000
1847 -1157.0000000000
1852 -1156.0000000000
1853 -1155.0000000000
1854 -1154.0000000000
1855 -1153.0000000000
1862 -1152.0000000000
1866 -1151.0000000000
1874 -1150.0000000000
1875 -1149.0000000000
1880 -1148.0000000000
1887 -1147.0000000000
1889 -1146.0000000000
1893 -1145.0000000000
1895 -1144.0000000000
1899 -1143.0000000000
1900 -1142.0000000000
1901 -1141.0000000000
1905 -1140.0000000000
1908 -1139.0000000000
1909 -1138.0000000000
1910 -1137.0000000000
1911 -1136.0000000000
1913 -1135.0000000000
1914 -1134.0000000000
1917 -1133.0000000000
1920 -1132.0000000000
1921 -1131.0000000000
1930 -1130.0000000000
1936 -1129.0000000000
1938 -1128.0000000000
1939 -1127.0000000000
1944 -1126.0000000000
1947 -1125.0000000000
1956 -1124.0000000000
1957 -1123.0000000000
1959 -1122.0000000000
1960 -1121.0000000000
1961 -1120.0000000000
1962 -1119.0000000000
1965 -1118.0000000000
1967 -1117.0000000000
1968 -1116.0000000000
1972 -1115.0000000000
1975 -1114.0000000000
1976 -1113.0000000000
1977 -1112.0000000000
1989 -1111.0000000000
1992 -1110.0000000000
1994 -1109.0000000000
1998 -1108.0000000000
1999 -1107.0000000000
2000 -1106.0000000000
2005 -1105.0000000000
2008 -1104.0000000000
2009 -1103.0000000000
2021 -1102.0000000000
2025 -1101.0000000000
2026 -1100.0000000000
2029 -1099.0000000000
2033 -1098.0000000000
2044 -1097.0000000000
2046 -1096.0000000000
2048 -1095.0000000000
2049 -1094.0000000000
2051 -1093.0000000000
2060 -1092.0000000000
2062 -1091.0000000000
2069 -1090.0000000000
2070 -1089.0000000000
2078 -1088.0000000000
2080 -1087.0000000000
2087 -1086.0000000000
2088 -1085.0000000000
2089 -1084.0000000000
2092 -1083.0000000000
2094 -1082.0000000000
2095 -1081.0000000000
2103 -1080.0000000000
2105 -1079.0000000000
2106 -1078.0000000000
2107 -1077.0000000000
2114 -1076.0000000000
2120 -1075.0000000000
2134 -1074.0000000000
2140 -1073.0000000000
2141 -1072.0000000000
2145 -1071.0000000000
2146 -1070.0000000000
2150 -1069.0000000000
2155 -1068.0000000000
2163 -1067.0000000000
2164 -1066.0000000000
2166 -1065.0000000000
2170 -1064.0000000000
2172 -1063.0000000000
2173 -1062.0000000000
2174 -1061.0000000000
2177 -1060.0000000000
2189 -1059.0000000000
2190 -1058.0000000000
2194 -1057.0000000000
2195 -1056.0000000000
2197 -1055.0000000000
2198 -1054.0000000000
2200 -1053.0000000000
2204 -1052.0000000000
2208 -1051.0000000000
2209 -1050.0000000000
2210 -1049.0000000000
2214 -1048.0000000000
2216 -1047.0000000000
2221 -1046.0000000000
2223 -1045.0000000000
2224 -1044.0000000000
2225 -1043.0000000000
2229 -1042.0000000000
2233 -1041.0000000000
2240 -1040.0000000000
2243 -1039.0000000000
2246 -1038.0000000000
2247 -1037.0000000000
2248 -1036.0000000000
2249 -1035.0000000000
2250 -1034.0000000000
2252 -1033.0000000000
2253 -1032.0000000000
2254 -1031.0000000000
2255 -1030.0000000000
2256 -1029.0000000000
2261 -1028.0000000000
2263 -1027.0000000000
2264 -1026.0000000000
2267 -1025.0000000000
2268 -1024.0000000000
2273 -1023.0000000000
2279 -1022.0000000000
2281 -1021.0000000000
2282 -1020.0000000000
2290 -1019.0000000000
2292 -1018.0000000000
2293 -1017.0000000000
2297 -1016.0000000000
2300 -1015.0000000000
2302 -1014.0000000000
2308 -1013.0000000000
2310 -1012.0000000000
2314 -1011.0000000000
2316 -1010.0000000000
2317 -1009.0000000000
2318 -1008.0000000000
2322 -1007.0000000000
2323 -1006.0000000000
2327 -1005.0000000000
2328 -1004.0000000000
2330 -1003.0000000000
2331 -1002.0000000000
2340 -1001.0000000000
2344 -1000.0000000000
2346 -999.0000000000
2347 -998.0000000000
2350 -997.0000000000
2356 -996.0000000000
2364 -995.0000000000
2366 -994.0000000000
2367 -993.0000000000
2371 -992.0000000000
2372 -991.0000000000
2373 -990.0000000000
2376 -989.0000000000
2381 -988.0000000000
2384 -987.0000000000
2387 -986.0000000000
2389 -985.0000000000
2391 -984.0000000000
2393 -983.0000000000
2394 -982.0000000000
2395 -981.0000000000
2396 -980.0000000000
2399 -979.0000000000
2402 -978.0000000000
2405 -977.0000000000
2408 -976.0000000000
2415 -975.0000000000
2417 -974.0000000000
2422 -973.0000000000
2423 -972.0000000000
2426 -971.0000000000
2429 -970.0000000000
2431 -969.0000000000
2432 -968.0000000000
2436 -967.0000000000
2440 -966.0000000000
2446 -965.0000000000
2447 -964.0000000000
2454 -963.0000000000
2464 -962.0000000000
2465 -961.0000000000
2466 -960.0000000000
2467 -959.0000000000
2470 -958.0000000000
2480 -957.0000000000
2486 -956.0000000000
2488 -955.0000000000
2489 -954.0000000000
2492 -953.0000000000
2495 -952.0000000000
2497 -951.0000000000
2498 -950.0000000000
2499 -949.0000000000
2508 -948.0000000000
2512 -947.0000000000
2523 -946.0000000000
2524 -945.0000000000
2526 -944.0000000000
2527 -943.0000000000
2530 -942.0000000000
2534 -941.0000000000
2540 -940.0000000000
2541 -939.0000000000
2542 -938.0000000000
2545 -937.0000000000
2546 -936.0000000000
2549 -935.0000000000
2555 -934.0000000000
2564 -933.0000000000
2567 -932.0000000000
2574 -931.0000000000
2575 -930.0000000000
2584 -929.0000000000
2586 -928.0000000000
2587 -927.0000000000
2590 -926.0000000000
2594 -925.0000000000
2601 -924.0000000000
2603 -923.0000000000
2605 -922.0000000000
2610 -921.0000000000
2614 -920.0000000000
2617 -919.0000000000
2624 -918.0000000000
2625 -917.0000000000
2628 -916.0000000000
2633 -915.0000000000
2636 -914.0000000000
2641 -913.0000000000
2642 -912.0000000000
2643 -911.0000000000
2651 -910.0000000000
2654 -909.0000000000
2658 -908.0000000000
2660 -907.0000000000
2661 -906.0000000000
2667 -905.0000000000
2677 -904.0000000000
2679 -903.0000000000
2683 -902.0000000000
2685 -901.0000000000
2687 -900.0000000000
2688 -899.0000000000
2689 -898.0000000000
2690 -897.0000000000
2691 -896.0000000000
2695 -895.0000000000
2699 -894.0000000000
2700 -893.0000000000
2714 -892.0000000000
2720 -891.0000000000
2724 -890.0000000000
2731 -889.0000000000
2736 -888.0000000000
2737 -887.0000000000
2744 -886.0000000000
2748 -885.0000000000
2751 -884.0000000000
2757 -883.0000000000
2758 -882.0000000000
2764 -881.0000000000
2766 -880.0000000000
2767 -879.0000000000
2774 -878.0000000000
2778 -877.0000000000
2782 -876.0000000000
2794 -875.0000000000
2801 -874.0000000000
2802 -873.0000000000
2806 -872.0000000000
2807 -871.0000000000
2809 -870.0000000000
2811 -869.0000000000
2818 -868.0000000000
2822 -867.0000000000
2826 -866.0000000000
2829 -865.0000000000
2839 -864.0000000000
2840 -863.0000000000
2842 -862.0000000000
2844 -861.0000000000
2853 -860.0000000000
2863 -859.0000000000
2866 -858.0000000000
2869 -857.0000000000
2875 -856.0000000000
2889 -855.0000000000
2895 -854.0000000000
2896 -853.0000000000
2903 -852.0000000000
2909 -851.0000000000
2910 -850.0000000000
2911 -849.0000000000
2920 -848.0000000000
2921 -847.0000000000
2922 -846.0000000000
2930 -845.0000000000
2933 -844.0000000000
2934 -843.0000000000
2939 -842.0000000000
2944 -841.0000000000
2947 -840.0000000000
2948 -839.0000000000
2949 -838.0000000000
2950 -837.0000000000
2952 -836.0000000000
2954 -835.0000000000
2970 -834.0000000000
2971 -833.0000000000
2974 -832.0000000000
2986 -831.0000000000
2992 -830.0000000000
2998 -829.0000000000
3003 -828.0000000000
3005 -827.0000000000
3012 -826.0000000000
3016 -825.0000000000
3020 -824.0000000000
3022 -823.0000000000
3026 -822.0000000000
3027 -821.0000000000
3035 -820.0000000000
3042 -819.0000000000
3051 -818.0000000000
3052 -817.0000000000
3056 -816.0000000000
3058 -815.0000000000
3059 -814.0000000000
3060 -813.0000000000
3069 -812.0000000000
3078 -811.0000000000
3087 -810.0000000000
3093 -809.0000000000
3104 -808.0000000000
3119 -807.0000000000
3120 -806.0000000000
3126 -805.0000000000
3127 -804.0000000000
3133 -803.0000000000
3141 -802.0000000000
3146 -801.0000000000
3150 -800.0000000000
3153 -799.0000000000
3163 -798.0000000000
3164 -797.0000000000
3165 -796.0000000000
3172 -795.0000000000
3177 -794.0000000000
3179 -793.0000000000
3184 -792.0000000000
3186 -791.0000000000
3187 -790.0000000000
3192 -789.0000000000
3194 -788.0000000000
3195 -787.0000000000
3196 -786.0000000000
3198 -785.0000000000
3208 -784.0000000000
3209 -783.0000000000
3212 -782.0000000000
3218 -781.0000000000
3221 -780.0000000000
3225 -779.0000000000
3226 -778.0000000000
3244 -777.0000000000
3247 -776.0000000000
3249 -775.0000000000
3260 -774.0000000000
3265 -773.0000000000
3270 -772.0000000000
3275 -771.0000000000
3278 -770.0000000000
3282 -769.0000000000
3286 -768.0000000000
3291 -767.0000000000
3292 -766.0000000000
3293 -765.0000000000
3299 -764.0000000000
3302 -763.0000000000
3307 -762.0000000000
3313 -761.0000000000
3317 -760.0000000000
3320 -759.0000000000
3322 -758.0000000000
3325 -757.0000000000
3334 -756.0000000000
3337 -755.0000000000
3344 -754.0000000000
3345 -753.0000000000
3354 -752.0000000000
3355 -751.0000000000
3358 -750.0000000000
3360 -749.0000000000
3365 -748.0000000000
3366 -747.0000000000
3373 -746.0000000000
3381 -745.0000000000
3393 -744.0000000000
3402 -743.0000000000
3403 -742.0000000000
3408 -741.0000000000
3412 -740.0000000000
3414 -739.0000000000
3420 -738.0000000000
3421 -737.0000000000
3426 -736.0000000000
3429 -735.0000000000
3430 -734.0000000000
3432 -733.0000000000
3433 -732.0000000000
3442 -731.0000000000
3443 -730.0000000000
3445 -729.0000000000
3451 -728.0000000000
3458 -727.0000000000
3460 -726.0000000000
3463 -725.0000000000
3466 -724.0000000000
3467 -723.0000000000
3473 -722.0000000000
3479 -721.0000000000
3481 -720.0000000000
3483 -719.0000000000
3490 -718.0000000000
3491 -717.0000000000
3493 -716.0000000000
3501 -715.0000000000
3507 -714.0000000000
3514 -713.0000000000
3520 -712.0000000000
3530 -711.0000000000
3542 -710.0000000000
3549 -709.0000000000
3563 -708.0000000000
3569 -707.0000000000
3574 -706.0000000000
3578 -705.0000000000
3583 -704.0000000000
3595 -703.0000000000
3602 -702.0000000000
3608 -701.0000000000
3609 -700.0000000000
3615 -699.0000000000
3623 -698.0000000000
3626 -697.0000000000
3629 -696.0000000000
3630 -695.0000000000
3633 -694.0000000000
3639 -693.0000000000
3642 -692.0000000000
3645 -691.0000000000
3647 -690.0000000000
3654 -689.0000000000
3657 -688.0000000000
3680 -687.0000000000
3682 -686.0000000000
3683 -685.0000000000
3688 -684.0000000000
3695 -683.0000000000
3702 -682.0000000000
3708 -681.0000000000
3710 -680.0000000000
3718 -679.0000000000
3721 -678.0000000000
3726 -677.0000000000
3745 -676.0000000000
3757 -675.0000000000
3764 -674.0000000000
3772 -673.0000000000
3780 -672.0000000000
3782 -671.0000000000
3786 -670.0000000000
3788 -669.0000000000
3790 -668.0000000000
3796 -667.0000000000
3798 -666.0000000000
3799 -665.0000000000
3801 -664.0000000000
3802 -663.0000000000
3804 -662.0000000000
3808 -661.0000000000
3809 -660.0000000000
3814 -659.0000000000
3831 -658.0000000000
3832 -657.0000000000
3841 -656.0000000000
3844 -655.0000000000
3846 -654.0000000000
3849 -653.0000000000
3858 -652.0000000000
3868 -651.0000000000
3873 -650.0000000000
3875 -649.0000000000
3878 -648.0000000000
3890 -647.0000000000
3893 -646.0000000000
3894 -645.0000000000
3898 -644.0000000000
3902 -643.0000000000
3908 -642.0000000000
3916 -641.0000000000
3922 -640.0000000000
3927 -639.0000000000
3935 -638.0000000000
3937 -637.0000000000
3938 -636.0000000000
3947 -635.0000000000
3953 -634.0000000000
3966 -633.0000000000
3970 -632.0000000000
3988 -631.0000000000
4007 -630.0000000000
4009 -629.0000000000
4022 -628.0000000000
4026 -627.0000000000
4029 -626.0000000000
4034 -625.0000000000
4047 -624.0000000000
4052 -623.0000000000
4055 -622.0000000000
4058 -621.0000000000
4080 -620.0000000000
4081 -619.0000000000
4084 -618.0000000000
4089 -617.0000000000
4091 -616.0000000000
4093 -615.0000000000
4097 -614.0000000000
4099 -613.0000000000
4109 -612.0000000000
4119 -611.0000000000
4150 -610.0000000000
4160 -609.0000000000
4161 -608.0000000000
4164 -607.0000000000
4167 -606.0000000000
4173 -605.0000000000
4174 -604.0000000000
4205 -603.0000000000
4211 -602.0000000000
4230 -601.0000000000
4232 -600.0000000000
4258 -599.0000000000
4281 -598.0000000000
4283 -597.0000000000
4288 -596.0000000000
4289 -595.0000000000
4295 -594.0000000000
4296 -593.0000000000
4308 -592.0000000000
4310 -591.0000000000
4322 -590.0000000000
4327 -589.0000000000
4330 -588.0000000000
4335 -587.0000000000
4344 -586.0000000000
4350 -585.0000000000
4357 -584.0000000000
4358 -583.0000000000
4361 -582.0000000000
4365 -581.0000000000
4375 -580.0000000000
4381 -579.0000000000
4392 -578.0000000000
4396 -577.0000000000
4401 -576.0000000000
4404 -575.0000000000
4408 -574.0000000000
4414 -573.0000000000
4415 -572.0000000000
4420 -571.0000000000
4422 -570.0000000000
4423 -569.0000000000
4428 -568.0000000000
4429 -567.0000000000
4451 -566.0000000000
4467 -565.0000000000
4476 -564.0000000000
4478 -563.0000000000
4481 -562.0000000000
4487 -561.0000000000
4494 -560.0000000000
4505 -559.0000000000
4514 -558.0000000000
4518 -557.0000000000
4520 -556.0000000000
4522 -555.0000000000
4527 -554.0000000000
4544 -553.0000000000
4547 -552.0000000000
4549 -551.0000000000
4556 -550.0000000000
4562 -549.0000000000
4568 -548.0000000000
4571 -547.0000000000
4576 -546.0000000000
4578 -545.0000000000
4580 -544.0000000000
4594 -543.0000000000
4596 -542.0000000000
4599 -541.0000000000
4602 -540.0000000000
4603 -539.0000000000
4606 -538.0000000000
4607 -537.0000000000
4612 -536.0000000000
4615 -535.0000000000
4616 -534.0000000000
4623 -533.0000000000
4627 -532.0000000000
4630 -531.0000000000
4631 -530.0000000000
4638 -529.0000000000
4643 -528.0000000000
4655 -527.0000000000
4667 -526.0000000000
4672 -525.0000000000
4674 -524.0000000000
4676 -523.0000000000
4679 -522.0000000000
4681 -521.0000000000
4684 -520.0000000000
4688 -519.0000000000
4689 -518.0000000000
4698 -517.0000000000
4702 -516.0000000000
4708 -515.0000000000
4715 -514.0000000000
4719 -513.0000000000
4730 -512.0000000000
4739 -511.0000000000
4741 -510.0000000000
4747 -509.0000000000
4756 -508.0000000000
4758 -507.0000000000
4761 -506.0000000000
4767 -505.0000000000
4774 -504.0000000000
4785 -503.0000000000
4795 -502.0000000000
4808 -501.0000000000
4822 -500.0000000000
4825 -499.0000000000
4829 -498.0000000000
4838 -497.0000000000
4841 -496.0000000000
4842 -495.0000000000
4843 -494.0000000000
4847 -493.0000000000
4853 -492.0000000000
4854 -491.0000000000
4860 -490.0000000000
4867 -489.0000000000
4871 -488.0000000000
4886 -487.0000000000
4887 -486.0000000000
4889 -485.0000000000
4894 -484.0000000000
4912 -483.0000000000
4916 -482.0000000000
4922 -481.0000000000
4949 -480.0000000000
4953 -479.0000000000
4959 -478.0000000000
4973 -477.0000000000
4987 -476.0000000000
4990 -475.0000000000
5006 -474.0000000000
5017 -473.0000000000
5025 -472.0000000000
5039 -471.0000000000
5040 -470.0000000000
5042 -469.0000000000
5047 -468.0000000000
5049 -467.0000000000
5062 -466.0000000000
5065 -465.0000000000
5072 -464.0000000000
5095 -463.0000000000
5096 -462.0000000000
5099 -461.0000000000
5106 -460.0000000000
5118 -459.0000000000
5135 -458.0000000000
5137 -457.0000000000
5153 -456.0000000000
5157 -455.0000000000
5161 -454.0000000000
5164 -453.0000000000
5181 -452.0000000000
5202 -451.0000000000
5205 -450.0000000000
5207 -449.0000000000
5209 -448.0000000000
5214 -447.0000000000
5246 -446.0000000000
5248 -445.0000000000
5251 -444.0000000000
5254 -443.0000000000
5258 -442.0000000000
5263 -441.0000000000
5273 -440.0000000000
5276 -439.0000000000
5290 -438.0000000000
5309 -437.0000000000
5310 -436.0000000000
5311 -435.0000000000
5321 -434.0000000000
5325 -433.0000000000
5332 -432.0000000000
5338 -431.0000000000
5344 -430.0000000000
5371 -429.0000000000
5373 -428.0000000000
5382 -427.0000000000
5384 -426.0000000000
5386 -425.0000000000
5390 -424.0000000000
5396 -423.0000000000
5409 -422.0000000000
5410 -421.0000000000
5417 -420.0000000000
5423 -419.0000000000
5429 -418.0000000000
5431 -417.0000000000
5433 -416.0000000000
5438 -415.0000000000
5440 -414.0000000000
5443 -413.0000000000
5448 -412.0000000000
5460 -411.0000000000
5469 -410.0000000000
5482 -409.0000000000
5486 -408.0000000000
5491 -407.0000000000
5497 -406.0000000000
5509 -405.0000000000
5531 -404.0000000000
5534 -403.0000000000
5535 -402.0000000000
5541 -401.0000000000
5548 -400.0000000000
5551 -399.0000000000
5569 -398.0000000000
5571 -397.0000000000
5584 -396.0000000000
5592 -395.0000000000
5596 -394.0000000000
5597 -393.0000000000
5600 -392.0000000000
5604 -391.0000000000
5608 -390.0000000000
5610 -389.0000000000
5623 -388.0000000000
5625 -387.0000000000
5635 -386.0000000000
5651 -385.0000000000
5652 -384.0000000000
5657 -383.0000000000
5670 -382.0000000000
5697 -381.0000000000
5702 -380.0000000000
5704 -379.0000000000
5710 -378.0000000000
5713 -377.0000000000
5719 -376.0000000000
5727 -375.0000000000
5728 -374.0000000000
5734 -373.0000000000
5739 -372.0000000000
5743 -371.0000000000
5744 -370.0000000000
5755 -369.0000000000
5759 -368.0000000000
5773 -367.0000000000
5790 -366.0000000000
5799 -365.0000000000
5803 -364.0000000000
5806 -363.0000000000
5811 -362.0000000000
5825 -361.0000000000
5835 -360.0000000000
5841 -359.0000000000
5848 -358.0000000000
5875 -357.0000000000
5895 -356.0000000000
5897 -355.0000000000
5917 -354.0000000000
5918 -353.0000000000
5920 -352.0000000000
5928 -351.0000000000
5937 -350.0000000000
5951 -349.0000000000
5953 -348.0000000000
5962 -347.0000000000
5963 -346.0000000000
5973 -345.0000000000
5984 -344.0000000000
5990 -343.0000000000
5996 -342.0000000000
6002 -341.0000000000
6013 -340.0000000000
6016 -339.0000000000
6017 -338.0000000000
6049 -337.0000000000
6052 -336.0000000000
6067 -335.0000000000
6081 -334.0000000000
6087 -333.0000000000
6088 -332.0000000000
6095 -331.0000000000
6096 -330.0000000000
6102 -329.0000000000
6103 -328.0000000000
6112 -327.0000000000
6121 -326.0000000000
6123 -325.0000000000
6124 -324.0000000000
6134 -323.0000000000
6143 -322.0000000000
6165 -321.0000000000
6171 -320.0000000000
6181 -319.0000000000
6182 -318.0000000000
6186 -317.0000000000
6211 -316.0000000000
6214 -315.0000000000
6218 -314.0000000000
6223 -313.0000000000
6231 -312.0000000000
6236 -311.0000000000
6250 -310.0000000000
6253 -309.0000000000
6260 -308.0000000000
6267 -307.0000000000
6271 -306.0000000000
6277 -305.0000000000
6295 -304.0000000000
6296 -303.0000000000
6313 -302.0000000000
6321 -301.0000000000
6349 -300.0000000000
6353 -299.0000000000
6356 -298.0000000000
6370 -297.0000000000
6378 -296.0000000000
6381 -295.0000000000
6402 -294.0000000000
6404 -293.0000000000
6411 -292.0000000000
6414 -291.0000000000
6416 -290.0000000000
6420 -289.0000000000
6424 -288.0000000000
6432 -287.0000000000
6447 -286.0000000000
6476 -285.0000000000
6497 -284.0000000000
6511 -283.0000000000
6527 -282.0000000000
6551 -281.0000000000
6572 -280.0000000000
6591 -279.0000000000
6592 -278.0000000000
6594 -277.0000000000
6596 -276.0000000000
6597 -275.0000000000
6642 -274.0000000000
6646 -273.0000000000
6650 -272.0000000000
6673 -271.0000000000
6675 -270.0000000000
6686 -269.0000000000
6697 -268.0000000000
6699 -267.0000000000
6716 -266.0000000000
6721 -265.0000000000
6740 -264.0000000000
6752 -263.0000000000
6772 -262.0000000000
6782 -261.0000000000
6785 -260.0000000000
6791 -259.0000000000
6792 -258.0000000000
6809 -257.0000000000
6816 -256.0000000000
6828 -255.0000000000
6837 -254.0000000000
6852 -253.0000000000
6875 -252.0000000000
6909 -251.0000000000
6911 -250.0000000000
6917 -249.0000000000
6932 -248.0000000000
6934 -247.0000000000
6937 -246.0000000000
6946 -245.0000000000
6989 -244.0000000000
7013 -243.0000000000
7041 -242.0000000000
7051 -241.0000000000
7053 -240.0000000000
7058 -239.0000000000
7067 -238.0000000000
7079 -237.0000000000
7084 -236.0000000000
7090 -235.0000000000
7107 -234.0000000000
7108 -233.0000000000
7126 -232.0000000000
7142 -231.0000000000
7148 -230.0000000000
7152 -229.0000000000
7166 -228.0000000000
7176 -227.0000000000
7199 -226.0000000000
7205 -225.0000000000
7206 -224.0000000000
7218 -223.0000000000
7223 -222.0000000000
7225 -221.0000000000
7239 -220.0000000000
7240 -219.0000000000
7252 -218.0000000000
7275 -217.0000000000
7278 -216.0000000000
7279 -215.0000000000
7290 -214.0000000000
7307 -213.0000000000
7309 -212.0000000000
7311 -211.0000000000
7313 -210.0000000000
7321 -209.0000000000
7326 -208.0000000000
7344 -207.0000000000
7353 -206.0000000000
7375 -205.0000000000
7383 -204.0000000000
7384 -203.0000000000
7399 -202.0000000000
7408 -201.0000000000
7445 -200.0000000000
7453 -199.0000000000
7458 -198.0000000000
7463 -197.0000000000
7466 -196.0000000000
7475 -195.0000000000
7478 -194.0000000000
7479 -193.0000000000
7483 -192.0000000000
7485 -191.0000000000
7519 -190.0000000000
7540 -189.0000000000
7558 -188.0000000000
7587 -187.0000000000
7600 -186.0000000000
7603 -185.0000000000
7619 -184.0000000000
7645 -183.0000000000
7658 -182.0000000000
7686 -181.0000000000
7692 -180.0000000000
7707 -179.0000000000
7712 -178.0000000000
7733 -177.0000000000
7746 -176.0000000000
7771 -175.0000000000
7816 -174.0000000000
7823 -173.0000000000
7824 -172.0000000000
7828 -171.0000000000
7850 -170.0000000000
7855 -169.0000000000
7867 -168.0000000000
7876 -167.0000000000
7883 -166.0000000000
7894 -165.0000000000
7917 -164.0000000000
7919 -163.0000000000
7944 -162.0000000000
7948 -161.0000000000
7950 -160.0000000000
7952 -159.0000000000
7973 -158.0000000000
7978 -157.0000000000
8025 -156.0000000000
8030 -155.0000000000
8046 -154.0000000000
8048 -153.0000000000
8071 -152.0000000000
8076 -151.0000000000
8125 -150.0000000000
8131 -149.0000000000
8141 -148.0000000000
8148 -147.0000000000
8180 -146.0000000000
8195 -145.0000000000
8244 -144.0000000000
8245 -143.0000000000
8295 -142.0000000000
8327 -141.0000000000
8336 -140.0000000000
8364 -139.0000000000
8390 -138.0000000000
8444 -137.0000000000
8458 -136.0000000000
8461 -135.0000000000
8489 -134.0000000000
8490 -133.0000000000
8532 -132.0000000000
8538 -131.0000000000
8546 -130.0000000000
8557 -129.0000000000
8563 -128.0000000000
8590 -127.0000000000
8596 -126.0000000000
8638 -125.0000000000
8641 -124.0000000000
8646 -123.0000000000
8654 -122.0000000000
8669 -121.0000000000
8704 -120.0000000000
8760 -119.0000000000
8785 -118.0000000000
8807 -117.0000000000
8881 -116.0000000000
8884 -115.0000000000
8886 -114.0000000000
8891 -113.0000000000
8921 -112.0000000000
8952 -111.0000000000
8955 -110.0000000000
8968 -109.0000000000
9000 -108.0000000000
9004 -107.0000000000
9010 -106.0000000000
9013 -105.0000000000
9014 -104.0000000000
9018 -103.0000000000
9049 -102.0000000000
9116 -101.0000000000
9198 -100.0000000000
9239 -99.0000000000
9260 -98.0000000000
9271 -97.0000000000
9309 -96.0000000000
9324 -95.0000000000
9377 -94.0000000000
9402 -93.0000000000
9410 -92.0000000000
9413 -91.0000000000
9428 -90.0000000000
9443 -89.0000000000
9464 -88.0000000000
9466 -87.0000000000
9478 -86.0000000000
9496 -85.0000000000
9540 -84.0000000000
9548 -83.0000000000
9595 -82.0000000000
9600 -81.0000000000
9624 -80.0000000000
9673 -79.0000000000
9694 -78.0000000000
9706 -77.0000000000
9721 -76.0000000000
9777 -75.0000000000
9818 -74.0000000000
9840 -73.0000000000
9872 -72.0000000000
9887 -71.0000000000
9911 -70.0000000000
9912 -69.0000000000
9923 -68.0000000000
9952 -67.0000000000
9966 -66.0000000000
9967 -65.0000000000
10000 -66.0000000000
