# evaluation best
1 7.0
2 34.0
3 34.0
4 34.0
5 34.0
6 34.0
7 34.0
8 34.0
9 34.0
10 34.0
11 34.0
12 34.0
13 34.0
14 34.0
15 34.0
16 34.0
17 34.0
18 34.0
19 34.0
20 34.0
21 34.0
22 41.0
23 41.0
24 41.0
25 41.0
26 41.0
27 41.0
28 41.0
29 41.0
30 41.0
31 41.0
32 41.0
33 41.0
34 41.0
35 41.0
36 41.0
37 41.0
38 41.0
39 41.0
40 41.0
41 41.0
42 41.0
43 41.0
44 41.0
45 41.0
46 41.0
47 41.0
48 41.0
49 41.0
50 41.0
51 41.0
52 41.0
53 41.0
54 41.0
55 41.0
56 41.0
57 41.0
58 41.0
59 41.0
60 41.0
61 41.0
62 41.0
63 41.0
64 41.0
65 41.0
66 41.0
67 41.0
68 41.0
69 41.0
70 41.0
71 41.0
72 41.0
73 41.0
74 41.0
75 41.0
76 41.0
77 41.0
78 41.0
79 41.0
80 41.0
81 41.0
82 41.0
83 41.0
84 41.0
85 41.0
86 41.0
87 41.0
88 41.0
89 41.0
90 41.0
91 41.0
92 41.0
93 41.0
94 41.0
95 41.0
96 41.0
97 41.0
98 41.0
99 41.0
100 41.0
101 41.0
102 41.0
103 41.0
104 41.0
105 41.0
106 41.0
107 41.0
108 41.0
109 41.0
110 41.0
111 41.0
112 41.0
113 41.0
114 41.0
115 41.0
116 41.0
117 41.0
118 41.0
119 41.0
120 41.0
121 41.0
122 41.0
123 41.0
124 41.0
125 41.0
126 41.0
127 41.0
128 41.0
129 41.0
130 41.0
131 41.0
132 41.0
133 41.0
134 41.0
135 41.0
136 41.0
137 41.0
138 41.0
139 41.0
140 41.0
141 41.0
142 41.0
143 41.0
144 41.0
145 41.0
146 41.0
147 41.0
148 41.0
149 41.0
150 41.0
151 41.0
152 41.0
153 41.0
154 41.0
155 41.0
156 41.0
157 41.0
158 41.0
159 41.0
160 41.0
161 41.0
162 41.0
163 41.0
164 41.0
165 41.0
166 41.0
167 41.0
168 41.0
169 41.0
170 41.0
171 41.0
172 41.0
173 45.0
174 45.0
175 45.0
176 45.0
177 45.0
178 45.0
179 45.0
180 45.0
181 45.0
182 45.0
183 45.0
184 45.0
185 45.0
186 45.0
187 45.0
188 45.0
189 45.0
190 45.0
191 45.0
192 45.0
193 45.0
194 45.0
195 45.0
196 45.0
197 45.0
198 45.0
199 45.0
200 45.0
201 45.0
202 45.0
203 45.0
204 45.0
205 45.0
206 45.0
207 45.0
208 45.0
209 45.0
210 45.0
211 48.0
212 48.0
213 48.0
214 48.0
215 48.0
216 48.0
217 48.0
218 48.0
219 48.0
220 48.0
221 48.0
222 48.0
223 48.0
224 48.0
225 48.0
226 48.0
227 48.0
228 48.0
229 48.0
230 48.0
231 48.0
232 48.0
233 48.0
234 48.0
235 48.0
236 48.0
237 48.0
238 48.0
239 48.0
240 48.0
241 48.0
242 48.0
243 48.0
244 48.0
245 48.0
246 48.0
247 48.0
248 48.0
249 48.0
250 48.0
251 48.0
252 48.0
253 48.0
254 48.0
255 48.0
256 48.0
257 48.0
258 48.0
259 48.0
260 48.0
261 48.0
262 48.0
263 48.0
264 48.0
265 48.0
266 48.0
267 48.0
268 48.0
269 48.0
270 48.0
271 48.0
272 48.0
273 48.0
274 48.0
275 48.0
276 48.0
277 48.0
278 48.0
279 48.0
280 48.0
281 48.0
282 48.0
283 48.0
284 48.0
285 48.0
286 48.0
287 48.0
288 48.0
289 48.0
290 48.0
291 48.0
292 48.0
293 48.0
294 48.0
295 48.0
296 48.0
297 51.0
298 51.0
299 51.0
300 51.0
301 51.0
302 51.0
303 51.0
304 51.0
305 51.0
306 51.0
307 51.0
308 51.0
309 51.0
310 51.0
311 51.0
312 51.0
313 51.0
314 51.0
315 51.0
316 51.0
317 51.0
318 51.0
319 51.0
320 51.0
321 51.0
322 51.0
323 51.0
324 51.0
325 51.0
326 51.0
327 51.0
328 51.0
329 51.0
330 51.0
331 51.0
332 51.0
333 51.0
334 51.0
335 51.0
336 51.0
337 51.0
338 51.0
339 51.0
340 51.0
341 51.0
342 51.0
343 51.0
344 51.0
345 51.0
346 51.0
347 51.0
348 51.0
349 51.0
350 51.0
351 51.0
352 51.0
353 51.0
354 51.0
355 51.0
356 51.0
357 51.0
358 51.0
359 51.0
360 51.0
361 51.0
362 51.0
363 51.0
364 51.0
365 51.0
366 51.0
367 51.0
368 51.0
369 51.0
370 51.0
371 51.0
372 51.0
373 51.0
374 51.0
375 51.0
376 51.0
377 51.0
378 51.0
379 51.0
380 51.0
381 51.0
382 51.0
383 51.0
384 51.0
385 51.0
386 51.0
387 51.0
388 51.0
389 51.0
390 51.0
391 51.0
392 51.0
393 51.0
394 51.0
395 51.0
396 51.0
397 51.0
398 51.0
399 51.0
400 51.0
401 51.0
402 51.0
403 51.0
404 51.0
405 51.0
406 51.0
407 51.0
408 51.0
409 51.0
410 51.0
411 51.0
412 51.0
413 51.0
414 51.0
415 51.0
416 51.0
417 51.0
418 51.0
419 51.0
420 51.0
421 51.0
422 51.0
423 51.0
424 51.0
425 51.0
426 51.0
427 51.0
428 51.0
429 51.0
430 51.0
431 51.0
432 51.0
433 51.0
434 51.0
435 51.0
436 51.0
437 51.0
438 51.0
439 51.0
440 51.0
441 51.0
442 51.0
443 51.0
444 51.0
445 51.0
446 51.0
447 51.0
448 51.0
449 51.0
450 51.0
451 51.0
452 51.0
453 51.0
454 51.0
455 51.0
456 51.0
457 51.0
458 51.0
459 51.0
460 51.0
461 51.0
462 51.0
463 51.0
464 51.0
465 51.0
466 51.0
467 51.0
468 51.0
469 51.0
470 51.0
471 51.0
472 51.0
473 51.0
474 51.0
475 51.0
476 51.0
477 51.0
478 51.0
479 51.0
480 51.0
481 51.0
482 51.0
483 51.0
484 51.0
485 51.0
486 51.0
487 51.0
488 51.0
489 51.0
490 51.0
491 51.0
492 51.0
493 51.0
494 51.0
495 51.0
496 51.0
497 51.0
498 51.0
499 51.0
500 51.0
501 51.0
502 51.0
503 51.0
504 51.0
505 51.0
506 51.0
507 51.0
508 51.0
509 51.0
510 51.0
511 51.0
512 51.0
513 51.0
514 51.0
515 51.0
516 51.0
517 51.0
518 51.0
519 51.0
520 51.0
521 51.0
522 51.0
523 51.0
524 51.0
525 51.0
526 51.0
527 51.0
528 51.0
529 51.0
530 51.0
531 51.0
532 51.0
533 51.0
534 51.0
535 51.0
536 51.0
537 51.0
538 51.0
539 51.0
540 51.0
541 51.0
542 51.0
543 51.0
544 51.0
545 51.0
546 51.0
547 51.0
548 51.0
549 51.0
550 51.0
551 51.0
552 51.0
553 51.0
554 51.0
555 51.0
556 51.0
557 51.0
558 51.0
559 51.0
560 51.0
561 51.0
562 52.0
563 52.0
564 52.0
565 52.0
566 52.0
567 52.0
568 52.0
569 52.0
570 52.0
571 52.0
572 52.0
573 52.0
574 52.0
575 52.0
576 52.0
577 52.0
578 52.0
579 52.0
580 52.0
581 52.0
582 52.0
583 52.0
584 52.0
585 52.0
586 52.0
587 52.0
588 52.0
589 52.0
590 52.0
591 52.0
592 52.0
593 52.0
594 52.0
595 52.0
596 52.0
597 52.0
598 52.0
599 52.0
600 52.0
601 52.0
602 52.0
603 52.0
604 52.0
605 52.0
606 52.0
607 52.0
608 52.0
609 52.0
610 52.0
611 52.0
612 52.0
613 52.0
614 52.0
615 52.0
616 52.0
617 52.0
618 52.0
619 52.0
620 52.0
621 52.0
622 52.0
623 52.0
624 52.0
625 52.0
626 52.0
627 52.0
628 52.0
629 52.0
630 52.0
631 52.0
632 52.0
633 52.0
634 52.0
635 52.0
636 52.0
637 52.0
638 52.0
639 54.0
640 54.0
641 54.0
642 54.0
643 54.0
644 54.0
645 54.0
646 54.0
647 54.0
648 54.0
649 54.0
650 54.0
651 54.0
652 54.0
653 54.0
654 54.0
655 54.0
656 54.0
657 54.0
658 54.0
659 54.0
660 54.0
661 54.0
662 54.0
663 54.0
664 54.0
665 54.0
666 54.0
667 54.0
668 54.0
669 54.0
670 54.0
671 54.0
672 54.0
673 54.0
674 54.0
675 54.0
676 54.0
677 54.0
678 54.0
679 54.0
680 54.0
681 54.0
682 54.0
683 54.0
684 54.0
685 54.0
686 54.0
687 54.0
688 54.0
689 54.0
690 54.0
691 54.0
692 54.0
693 54.0
694 54.0
695 54.0
696 54.0
697 54.0
698 54.0
699 54.0
700 54.0
701 54.0
702 54.0
703 54.0
704 54.0
705 54.0
706 54.0
707 54.0
708 54.0
709 54.0
710 54.0
711 54.0
712 54.0
713 54.0
714 54.0
715 54.0
716 54.0
717 54.0
718 54.0
719 54.0
720 54.0
721 54.0
722 54.0
723 54.0
724 54.0
725 54.0
726 54.0
727 54.0
728 54.0
729 54.0
730 54.0
731 54.0
732 54.0
733 54.0
734 54.0
735 54.0
736 54.0
737 54.0
738 54.0
739 54.0
740 54.0
741 54.0
742 54.0
743 54.0
744 54.0
745 54.0
746 54.0
747 54.0
748 54.0
749 54.0
750 54.0
751 54.0
752 54.0
753 54.0
754 54.0
755 54.0
756 54.0
757 54.0
758 54.0
759 54.0
760 54.0
761 54.0
762 54.0
763 54.0
764 54.0
765 54.0
766 54.0
767 54.0
768 54.0
769 54.0
770 54.0
771 54.0
772 54.0
773 54.0
774 54.0
775 54.0
776 54.0
777 54.0
778 54.0
779 54.0
780 54.0
781 54.0
782 54.0
783 54.0
784 54.0
785 54.0
786 54.0
787 54.0
788 54.0
789 54.0
790 54.0
791 54.0
792 54.0
793 54.0
794 54.0
795 54.0
796 54.0
797 54.0
798 54.0
799 54.0
800 54.0
801 54.0
802 54.0
803 54.0
804 54.0
805 54.0
806 54.0
807 54.0
808 54.0
809 54.0
810 54.0
811 54.0
812 54.0
813 54.0
814 54.0
815 54.0
816 54.0
817 54.0
818 54.0
819 54.0
820 54.0
821 54.0
822 54.0
823 54.0
824 54.0
825 54.0
826 54.0
827 54.0
828 54.0
829 54.0
830 54.0
831 54.0
832 54.0
833 54.0
834 54.0
835 54.0
836 54.0
837 54.0
838 54.0
839 54.0
840 54.0
841 54.0
842 54.0
843 54.0
844 54.0
845 54.0
846 54.0
847 54.0
848 54.0
849 54.0
850 54.0
851 54.0
852 54.0
853 54.0
854 54.0
855 54.0
856 54.0
857 54.0
858 54.0
859 54.0
860 54.0
861 54.0
862 54.0
863 54.0
864 54.0
865 54.0
866 54.0
867 54.0
868 54.0
869 54.0
870 54.0
871 54.0
872 54.0
873 54.0
874 54.0
875 54.0
876 54.0
877 54.0
878 54.0
879 54.0
880 54.0
881 54.0
882 54.0
883 54.0
884 54.0
885 54.0
886 54.0
887 54.0
888 54.0
889 54.0
890 54.0
891 54.0
892 54.0
893 54.0
894 54.0
895 54.0
896 54.0
897 54.0
898 54.0
899 54.0
900 54.0
901 54.0
902 54.0
903 54.0
904 54.0
905 54.0
906 54.0
907 54.0
908 54.0
909 54.0
910 54.0
911 54.0
912 54.0
913 54.0
914 54.0
915 54.0
916 54.0
917 54.0
918 54.0
919 54.0
920 54.0
921 54.0
922 54.0
923 54.0
924 54.0
925 54.0
926 54.0
927 54.0
928 54.0
929 54.0
930 54.0
931 54.0
932 54.0
933 54.0
934 54.0
935 54.0
936 54.0
937 54.0
938 54.0
939 54.0
940 54.0
941 54.0
942 54.0
943 54.0
944 54.0
945 54.0
946 54.0
947 54.0
948 54.0
949 54.0
950 54.0
951 54.0
952 54.0
953 54.0
954 54.0
955 54.0
956 54.0
957 54.0
958 54.0
959 54.0
960 54.0
961 54.0
962 54.0
963 54.0
964 54.0
965 54.0
966 54.0
967 54.0
968 54.0
969 54.0
970 54.0
971 54.0
972 54.0
973 54.0
974 54.0
975 54.0
976 54.0
977 54.0
978 54.0
979 54.0
980 54.0
981 54.0
982 54.0
983 54.0
984 54.0
985 54.0
986 54.0
987 54.0
988 54.0
989 54.0
990 54.0
991 54.0
992 54.0
993 54.0
994 54.0
995 54.0
996 54.0
997 54.0
998 54.0
999 54.0
1000 54.0
1001 54.0
1002 54.0
1003 54.0
1004 54.0
1005 54.0
1006 54.0
1007 54.0
1008 54.0
1009 54.0
1010 54.0
1011 54.0
1012 54.0
1013 54.0
1014 54.0
1015 54.0
1016 54.0
1017 54.0
1018 54.0
1019 54.0
1020 54.0
1021 54.0
1022 54.0
1023 54.0
1024 54.0
1025 54.0
1026 54.0
1027 54.0
1028 54.0
1029 54.0
1030 54.0
1031 54.0
1032 54.0
1033 54.0
1034 54.0
1035 54.0
1036 54.0
1037 54.0
1038 54.0
1039 54.0
1040 54.0
1041 54.0
1042 54.0
1043 54.0
1044 54.0
1045 54.0
1046 54.0
1047 54.0
1048 54.0
1049 54.0
1050 54.0
1051 54.0
1052 54.0
1053 54.0
1054 54.0
1055 54.0
1056 54.0
1057 54.0
1058 54.0
1059 54.0
1060 54.0
1061 54.0
1062 54.0
1063 54.0
1064 54.0
1065 54.0
1066 54.0
1067 54.0
1068 54.0
1069 54.0
1070 54.0
1071 54.0
1072 54.0
1073 54.0
1074 54.0
1075 54.0
1076 54.0
1077 54.0
1078 54.0
1079 54.0
1080 57.0
1081 57.0
1082 57.0
1083 57.0
1084 57.0
1085 57.0
1086 57.0
1087 57.0
1088 57.0
1089 57.0
1090 57.0
1091 57.0
1092 57.0
1093 57.0
1094 57.0
1095 57.0
1096 57.0
1097 57.0
1098 57.0
1099 57.0
1100 57.0
1101 57.0
1102 57.0
1103 57.0
1104 57.0
1105 57.0
1106 57.0
1107 57.0
1108 57.0
1109 57.0
1110 57.0
1111 57.0
1112 57.0
1113 57.0
1114 57.0
1115 57.0
1116 57.0
1117 57.0
1118 57.0
1119 57.0
1120 57.0
1121 57.0
1122 57.0
1123 57.0
1124 57.0
1125 57.0
1126 57.0
1127 57.0
1128 57.0
1129 57.0
1130 57.0
1131 57.0
1132 57.0
1133 57.0
1134 57.0
1135 57.0
1136 57.0
1137 57.0
1138 57.0
1139 57.0
1140 57.0
1141 57.0
1142 57.0
1143 57.0
1144 57.0
1145 57.0
1146 57.0
1147 57.0
1148 57.0
1149 57.0
1150 57.0
1151 57.0
1152 57.0
1153 57.0
1154 57.0
1155 57.0
1156 57.0
1157 57.0
1158 57.0
1159 57.0
1160 57.0
1161 57.0
1162 57.0
1163 57.0
1164 57.0
1165 57.0
1166 57.0
1167 57.0
1168 57.0
1169 57.0
1170 57.0
1171 57.0
1172 57.0
1173 57.0
1174 57.0
1175 57.0
1176 57.0
1177 57.0
1178 57.0
1179 57.0
1180 57.0
1181 57.0
1182 57.0
1183 57.0
1184 57.0
1185 57.0
1186 57.0
1187 57.0
1188 57.0
1189 57.0
1190 57.0
1191 57.0
1192 57.0
1193 57.0
1194 57.0
1195 57.0
1196 57.0
1197 57.0
1198 57.0
1199 57.0
1200 57.0
1201 57.0
1202 57.0
1203 57.0
1204 57.0
1205 57.0
1206 57.0
1207 57.0
1208 57.0
1209 57.0
1210 57.0
1211 57.0
1212 57.0
1213 57.0
1214 57.0
1215 57.0
1216 57.0
1217 57.0
1218 57.0
1219 57.0
1220 57.0
1221 57.0
1222 57.0
1223 57.0
1224 57.0
1225 57.0
1226 57.0
1227 57.0
1228 57.0
1229 57.0
1230 57.0
1231 57.0
1232 57.0
1233 57.0
1234 57.0
1235 57.0
1236 57.0
1237 57.0
1238 57.0
1239 57.0
1240 57.0
1241 57.0
1242 57.0
1243 57.0
1244 57.0
1245 57.0
1246 57.0
1247 57.0
1248 57.0
1249 57.0
1250 57.0
1251 57.0
1252 57.0
1253 57.0
1254 57.0
1255 57.0
1256 57.0
1257 57.0
1258 57.0
1259 57.0
1260 57.0
1261 57.0
1262 57.0
1263 57.0
1264 57.0
1265 57.0
1266 57.0
1267 57.0
1268 57.0
1269 57.0
1270 57.0
1271 57.0
1272 57.0
1273 57.0
1274 57.0
1275 57.0
1276 57.0
1277 57.0
1278 57.0
1279 57.0
1280 57.0
1281 57.0
1282 57.0
1283 57.0
1284 57.0
1285 57.0
1286 57.0
1287 57.0
1288 57.0
1289 57.0
1290 57.0
1291 57.0
1292 57.0
1293 57.0
1294 57.0
1295 57.0
1296 57.0
1297 57.0
1298 57.0
1299 57.0
1300 57.0
1301 57.0
1302 57.0
1303 57.0
1304 57.0
1305 57.0
1306 57.0
1307 57.0
1308 57.0
1309 57.0
1310 57.0
1311 57.0
1312 57.0
1313 57.0
1314 57.0
1315 57.0
1316 57.0
1317 57.0
1318 57.0
1319 57.0
1320 57.0
1321 57.0
1322 57.0
1323 57.0
1324 57.0
1325 57.0
1326 57.0
1327 57.0
1328 57.0
1329 57.0
1330 57.0
1331 57.0
1332 57.0
1333 57.0
1334 57.0
1335 57.0
1336 57.0
1337 57.0
1338 57.0
1339 57.0
1340 57.0
1341 57.0
1342 57.0
1343 57.0
1344 57.0
1345 57.0
1346 57.0
1347 57.0
1348 57.0
1349 57.0
1350 57.0
1351 57.0
1352 57.0
1353 57.0
1354 57.0
1355 57.0
1356 57.0
1357 57.0
1358 57.0
1359 57.0
1360 57.0
1361 57.0
1362 57.0
1363 57.0
1364 57.0
1365 57.0
1366 57.0
1367 57.0
1368 57.0
1369 57.0
1370 57.0
1371 57.0
1372 57.0
1373 57.0
1374 57.0
1375 57.0
1376 57.0
1377 57.0
1378 57.0
1379 57.0
1380 57.0
1381 57.0
1382 57.0
1383 57.0
1384 57.0
1385 57.0
1386 57.0
1387 57.0
1388 57.0
1389 57.0
1390 57.0
1391 57.0
1392 57.0
1393 57.0
1394 57.0
1395 57.0
1396 57.0
1397 57.0
1398 57.0
1399 57.0
1400 57.0
1401 57.0
1402 57.0
1403 57.0
1404 57.0
1405 57.0
1406 57.0
1407 57.0
1408 57.0
1409 57.0
1410 57.0
1411 57.0
1412 57.0
1413 57.0
1414 57.0
1415 57.0
1416 57.0
1417 57.0
1418 57.0
1419 57.0
1420 57.0
1421 57.0
1422 57.0
1423 57.0
1424 57.0
1425 57.0
1426 57.0
1427 57.0
1428 57.0
1429 57.0
1430 57.0
1431 57.0
1432 57.0
1433 57.0
1434 57.0
1435 57.0
1436 57.0
1437 57.0
1438 57.0
1439 57.0
1440 57.0
1441 57.0
1442 57.0
1443 57.0
1444 57.0
1445 57.0
1446 57.0
1447 57.0
1448 57.0
1449 57.0
1450 57.0
1451 57.0
1452 57.0
1453 57.0
1454 57.0
1455 57.0
1456 57.0
1457 57.0
1458 57.0
1459 57.0
1460 57.0
1461 57.0
1462 57.0
1463 57.0
1464 57.0
1465 57.0
1466 57.0
1467 57.0
1468 57.0
1469 57.0
1470 57.0
1471 57.0
1472 57.0
1473 57.0
1474 57.0
1475 57.0
1476 57.0
1477 57.0
1478 57.0
1479 57.0
1480 57.0
1481 57.0
1482 57.0
1483 57.0
1484 57.0
1485 57.0
1486 57.0
1487 57.0
1488 57.0
1489 57.0
1490 57.0
1491 57.0
1492 57.0
1493 57.0
1494 57.0
1495 57.0
1496 57.0
1497 57.0
1498 57.0
1499 57.0
1500 57.0
1501 57.0
1502 57.0
1503 57.0
1504 57.0
1505 57.0
1506 57.0
1507 57.0
1508 57.0
1509 57.0
1510 57.0
1511 57.0
1512 57.0
1513 57.0
1514 57.0
1515 57.0
1516 57.0
1517 57.0
1518 57.0
1519 57.0
1520 57.0
1521 57.0
1522 57.0
1523 57.0
1524 57.0
1525 57.0
1526 57.0
1527 57.0
1528 57.0
1529 57.0
1530 57.0
1531 57.0
1532 57.0
1533 57.0
1534 57.0
1535 57.0
1536 57.0
1537 57.0
1538 57.0
1539 57.0
1540 57.0
1541 57.0
1542 57.0
1543 57.0
1544 57.0
1545 57.0
1546 57.0
1547 57.0
1548 57.0
1549 57.0
1550 57.0
1551 57.0
1552 57.0
1553 57.0
1554 57.0
1555 57.0
1556 57.0
1557 57.0
1558 57.0
1559 57.0
1560 57.0
1561 57.0
1562 57.0
1563 57.0
1564 57.0
1565 57.0
1566 57.0
1567 57.0
1568 57.0
1569 57.0
1570 57.0
1571 57.0
1572 57.0
1573 57.0
1574 57.0
1575 57.0
1576 57.0
1577 57.0
1578 57.0
1579 57.0
1580 57.0
1581 57.0
1582 57.0
1583 57.0
1584 57.0
1585 57.0
1586 57.0
1587 57.0
1588 57.0
1589 57.0
1590 57.0
1591 57.0
1592 57.0
1593 57.0
1594 57.0
1595 57.0
1596 57.0
1597 57.0
1598 57.0
1599 57.0
1600 57.0
1601 57.0
1602 57.0
1603 57.0
1604 57.0
1605 57.0
1606 57.0
1607 57.0
1608 57.0
1609 57.0
1610 57.0
1611 57.0
1612 57.0
1613 57.0
1614 57.0
1615 57.0
1616 57.0
1617 57.0
1618 57.0
1619 57.0
1620 57.0
1621 57.0
1622 57.0
1623 57.0
1624 57.0
1625 57.0
1626 57.0
1627 57.0
1628 57.0
1629 57.0
1630 57.0
1631 57.0
1632 57.0
1633 57.0
1634 57.0
1635 57.0
1636 57.0
1637 57.0
1638 57.0
1639 57.0
1640 57.0
1641 57.0
1642 57.0
1643 57.0
1644 57.0
1645 57.0
1646 57.0
1647 57.0
1648 57.0
1649 57.0
1650 57.0
1651 57.0
1652 57.0
1653 57.0
1654 57.0
1655 57.0
1656 57.0
1657 57.0
1658 57.0
1659 57.0
1660 57.0
1661 57.0
1662 57.0
1663 57.0
1664 57.0
1665 57.0
1666 57.0
1667 57.0
1668 57.0
1669 57.0
1670 57.0
1671 57.0
1672 57.0
1673 57.0
1674 57.0
1675 57.0
1676 57.0
1677 57.0
1678 57.0
1679 57.0
1680 57.0
1681 57.0
1682 57.0
1683 57.0
1684 57.0
1685 57.0
1686 57.0
1687 57.0
1688 57.0
1689 57.0
1690 57.0
1691 57.0
1692 57.0
1693 57.0
1694 57.0
1695 57.0
1696 57.0
1697 57.0
1698 57.0
1699 57.0
1700 57.0
1701 57.0
1702 57.0
1703 57.0
1704 57.0
1705 57.0
1706 57.0
1707 57.0
1708 57.0
1709 57.0
1710 57.0
1711 57.0
1712 57.0
1713 57.0
1714 57.0
1715 57.0
1716 57.0
1717 57.0
1718 57.0
1719 57.0
1720 57.0
1721 57.0
1722 57.0
1723 57.0
1724 57.0
1725 57.0
1726 57.0
1727 57.0
1728 57.0
1729 57.0
1730 57.0
1731 57.0
1732 57.0
1733 57.0
1734 57.0
1735 57.0
1736 57.0
1737 57.0
1738 57.0
1739 57.0
1740 57.0
1741 57.0
1742 57.0
1743 57.0
1744 57.0
1745 57.0
1746 57.0
1747 57.0
1748 57.0
1749 57.0
1750 57.0
1751 57.0
1752 57.0
1753 57.0
1754 57.0
1755 57.0
1756 57.0
1757 57.0
1758 57.0
1759 57.0
1760 57.0
1761 57.0
1762 57.0
1763 57.0
1764 57.0
1765 57.0
1766 57.0
1767 57.0
1768 57.0
1769 57.0
1770 57.0
1771 57.0
1772 57.0
1773 57.0
1774 57.0
1775 57.0
1776 57.0
1777 57.0
1778 57.0
1779 57.0
1780 57.0
1781 57.0
1782 57.0
1783 57.0
1784 57.0
1785 57.0
1786 57.0
1787 57.0
1788 57.0
1789 57.0
1790 57.0
1791 57.0
1792 57.0
1793 57.0
1794 57.0
1795 57.0
1796 57.0
1797 57.0
1798 57.0
1799 57.0
1800 57.0
1801 57.0
1802 57.0
1803 57.0
1804 57.0
1805 57.0
1806 57.0
1807 57.0
1808 57.0
1809 57.0
1810 57.0
1811 57.0
1812 57.0
1813 57.0
1814 57.0
1815 57.0
1816 59.0
1817 59.0
1818 59.0
1819 59.0
1820 59.0
1821 59.0
1822 59.0
1823 59.0
1824 59.0
1825 59.0
1826 59.0
1827 59.0
1828 59.0
1829 59.0
1830 59.0
1831 59.0
1832 59.0
1833 59.0
1834 59.0
1835 59.0
1836 59.0
1837 59.0
1838 59.0
1839 59.0
1840 59.0
1841 59.0
1842 59.0
1843 59.0
1844 59.0
1845 59.0
1846 59.0
1847 59.0
1848 59.0
1849 59.0
1850 59.0
1851 59.0
1852 59.0
1853 59.0
1854 59.0
1855 59.0
1856 59.0
1857 59.0
1858 59.0
1859 59.0
1860 59.0
1861 59.0
1862 59.0
1863 59.0
1864 59.0
1865 59.0
1866 59.0
1867 59.0
1868 59.0
1869 59.0
1870 59.0
1871 59.0
1872 59.0
1873 59.0
1874 59.0
1875 59.0
1876 59.0
1877 59.0
1878 59.0
1879 59.0
1880 59.0
1881 59.0
1882 59.0
1883 59.0
1884 59.0
1885 59.0
1886 59.0
1887 59.0
1888 59.0
1889 59.0
1890 59.0
1891 59.0
1892 59.0
1893 59.0
1894 59.0
1895 59.0
1896 59.0
1897 59.0
1898 59.0
1899 59.0
1900 59.0
1901 59.0
1902 59.0
1903 59.0
1904 59.0
1905 59.0
1906 59.0
1907 59.0
1908 59.0
1909 59.0
1910 59.0
1911 59.0
1912 59.0
1913 59.0
1914 59.0
1915 59.0
1916 59.0
1917 59.0
1918 59.0
1919 59.0
1920 59.0
1921 59.0
1922 59.0
1923 59.0
1924 59.0
1925 59.0
1926 59.0
1927 59.0
1928 59.0
1929 59.0
1930 59.0
1931 59.0
1932 59.0
1933 59.0
1934 59.0
1935 59.0
1936 59.0
1937 59.0
1938 59.0
1939 59.0
1940 59.0
1941 59.0
1942 59.0
1943 59.0
1944 59.0
1945 59.0
1946 59.0
1947 59.0
1948 59.0
1949 59.0
1950 59.0
1951 59.0
1952 59.0
1953 59.0
1954 59.0
1955 59.0
1956 59.0
1957 59.0
1958 59.0
1959 59.0
1960 59.0
1961 59.0
1962 59.0
1963 59.0
1964 59.0
1965 59.0
1966 59.0
1967 59.0
1968 59.0
1969 59.0
1970 59.0
1971 59.0
1972 59.0
1973 59.0
1974 59.0
1975 59.0
1976 59.0
1977 59.0
1978 59.0
1979 59.0
1980 59.0
1981 59.0
1982 59.0
1983 59.0
1984 59.0
1985 59.0
1986 59.0
1987 59.0
1988 59.0
1989 59.0
1990 59.0
1991 59.0
1992 59.0
1993 59.0
1994 59.0
1995 59.0
1996 59.0
1997 59.0
1998 59.0
1999 59.0
2000 59.0
2001 59.0
2002 59.0
2003 59.0
2004 59.0
2005 59.0
2006 59.0
2007 59.0
2008 59.0
2009 59.0
2010 59.0
2011 59.0
2012 59.0
2013 59.0
2014 59.0
2015 59.0
2016 59.0
2017 59.0
2018 59.0
2019 59.0
2020 59.0
2021 59.0
2022 59.0
2023 59.0
2024 59.0
2025 59.0
2026 59.0
2027 59.0
2028 59.0
2029 59.0
2030 59.0
2031 59.0
2032 59.0
2033 59.0
2034 59.0
2035 59.0
2036 59.0
2037 59.0
2038 59.0
2039 59.0
2040 59.0
2041 59.0
2042 59.0
2043 59.0
2044 59.0
2045 59.0
2046 59.0
2047 59.0
2048 59.0
2049 59.0
2050 59.0
2051 59.0
2052 59.0
2053 59.0
2054 59.0
2055 59.0
2056 59.0
2057 59.0
2058 59.0
2059 59.0
2060 59.0
2061 59.0
2062 59.0
2063 59.0
2064 59.0
2065 59.0
2066 59.0
2067 59.0
2068 59.0
2069 59.0
2070 59.0
2071 59.0
2072 59.0
2073 59.0
2074 59.0
2075 59.0
2076 59.0
2077 59.0
2078 59.0
2079 59.0
2080 59.0
2081 59.0
2082 59.0
2083 59.0
2084 59.0
2085 59.0
2086 59.0
2087 59.0
2088 59.0
2089 59.0
2090 59.0
2091 59.0
2092 59.0
2093 59.0
2094 59.0
2095 59.0
2096 59.0
2097 59.0
2098 59.0
2099 59.0
2100 59.0
2101 59.0
2102 59.0
2103 59.0
2104 59.0
2105 59.0
2106 59.0
2107 59.0
2108 59.0
2109 59.0
2110 59.0
2111 59.0
2112 59.0
2113 59.0
2114 59.0
2115 59.0
2116 59.0
2117 59.0
2118 59.0
2119 59.0
2120 59.0
2121 59.0
2122 59.0
2123 59.0
2124 59.0
2125 59.0
2126 59.0
2127 59.0
2128 59.0
2129 59.0
2130 59.0
2131 59.0
2132 59.0
2133 59.0
2134 59.0
2135 59.0
2136 59.0
2137 59.0
2138 59.0
2139 59.0
2140 59.0
2141 59.0
2142 59.0
2143 59.0
2144 59.0
2145 59.0
2146 59.0
2147 59.0
2148 59.0
2149 59.0
2150 59.0
2151 59.0
2152 59.0
2153 59.0
2154 59.0
2155 59.0
2156 59.0
2157 59.0
2158 59.0
2159 59.0
2160 59.0
2161 59.0
2162 59.0
2163 59.0
2164 59.0
2165 59.0
2166 59.0
2167 59.0
2168 59.0
2169 59.0
2170 59.0
2171 59.0
2172 59.0
2173 59.0
2174 59.0
2175 59.0
2176 59.0
2177 59.0
2178 59.0
2179 59.0
2180 59.0
2181 59.0
2182 59.0
2183 59.0
2184 59.0
2185 59.0
2186 59.0
2187 59.0
2188 59.0
2189 59.0
2190 59.0
2191 59.0
2192 59.0
2193 59.0
2194 59.0
2195 59.0
2196 59.0
2197 59.0
2198 59.0
2199 59.0
2200 59.0
2201 59.0
2202 59.0
2203 59.0
2204 59.0
2205 59.0
2206 59.0
2207 59.0
2208 59.0
2209 59.0
2210 59.0
2211 59.0
2212 59.0
2213 59.0
2214 59.0
2215 59.0
2216 59.0
2217 59.0
2218 59.0
2219 59.0
2220 59.0
2221 59.0
2222 59.0
2223 59.0
2224 59.0
2225 59.0
2226 59.0
2227 59.0
2228 59.0
2229 59.0
2230 59.0
2231 59.0
2232 59.0
2233 59.0
2234 59.0
2235 59.0
2236 59.0
2237 59.0
2238 59.0
2239 59.0
2240 59.0
2241 59.0
2242 59.0
2243 59.0
2244 59.0
2245 59.0
2246 59.0
2247 59.0
2248 59.0
2249 59.0
2250 59.0
2251 59.0
2252 59.0
2253 59.0
2254 59.0
2255 59.0
2256 59.0
2257 59.0
2258 59.0
2259 59.0
2260 59.0
2261 59.0
2262 59.0
2263 59.0
2264 59.0
2265 59.0
2266 59.0
2267 59.0
2268 59.0
2269 59.0
2270 59.0
2271 59.0
2272 59.0
2273 59.0
2274 59.0
2275 59.0
2276 59.0
2277 59.0
2278 59.0
2279 59.0
2280 59.0
2281 59.0
2282 59.0
2283 59.0
2284 59.0
2285 59.0
2286 59.0
2287 59.0
2288 59.0
2289 59.0
2290 59.0
2291 59.0
2292 59.0
2293 59.0
2294 59.0
2295 59.0
2296 59.0
2297 59.0
2298 59.0
2299 59.0
2300 59.0
2301 59.0
2302 59.0
2303 59.0
2304 59.0
2305 59.0
2306 59.0
2307 59.0
2308 59.0
2309 59.0
2310 59.0
2311 59.0
2312 59.0
2313 59.0
2314 59.0
2315 59.0
2316 59.0
2317 59.0
2318 59.0
2319 59.0
2320 59.0
2321 59.0
2322 59.0
2323 59.0
2324 59.0
2325 59.0
2326 59.0
2327 59.0
2328 59.0
2329 59.0
2330 59.0
2331 59.0
2332 59.0
2333 59.0
2334 59.0
2335 59.0
2336 59.0
2337 59.0
2338 59.0
2339 59.0
2340 59.0
2341 59.0
2342 59.0
2343 59.0
2344 59.0
2345 59.0
2346 59.0
2347 59.0
2348 59.0
2349 59.0
2350 59.0
2351 59.0
2352 59.0
2353 59.0
2354 59.0
2355 59.0
2356 59.0
2357 59.0
2358 59.0
2359 59.0
2360 59.0
2361 59.0
2362 59.0
2363 59.0
2364 59.0
2365 59.0
2366 59.0
2367 59.0
2368 59.0
2369 59.0
2370 59.0
2371 59.0
2372 59.0
2373 59.0
2374 59.0
2375 59.0
2376 59.0
2377 59.0
2378 59.0
2379 59.0
2380 59.0
2381 59.0
2382 59.0
2383 59.0
2384 59.0
2385 59.0
2386 59.0
2387 59.0
2388 59.0
2389 59.0
2390 59.0
2391 59.0
2392 59.0
2393 59.0
2394 59.0
2395 59.0
2396 59.0
2397 59.0
2398 59.0
2399 59.0
2400 59.0
2401 59.0
2402 59.0
2403 59.0
2404 59.0
2405 59.0
2406 59.0
2407 59.0
2408 59.0
2409 59.0
2410 59.0
2411 59.0
2412 59.0
2413 59.0
2414 59.0
2415 59.0
2416 59.0
2417 59.0
2418 59.0
2419 59.0
2420 59.0
2421 59.0
2422 59.0
2423 59.0
2424 59.0
2425 59.0
2426 59.0
2427 59.0
2428 59.0
2429 59.0
2430 59.0
2431 59.0
2432 59.0
2433 59.0
2434 59.0
2435 59.0
2436 59.0
2437 59.0
2438 59.0
2439 59.0
2440 59.0
2441 59.0
2442 59.0
2443 59.0
2444 59.0
2445 59.0
2446 59.0
2447 59.0
2448 59.0
2449 59.0
2450 59.0
2451 59.0
2452 59.0
2453 59.0
2454 59.0
2455 59.0
2456 59.0
2457 59.0
2458 59.0
2459 59.0
2460 59.0
2461 59.0
2462 59.0
2463 59.0
2464 59.0
2465 59.0
2466 59.0
2467 59.0
2468 59.0
2469 59.0
2470 59.0
2471 59.0
2472 59.0
2473 59.0
2474 59.0
2475 59.0
2476 59.0
2477 59.0
2478 59.0
2479 59.0
2480 59.0
2481 59.0
2482 59.0
2483 59.0
2484 59.0
2485 59.0
2486 59.0
2487 59.0
2488 59.0
2489 59.0
2490 59.0
2491 59.0
2492 59.0
2493 59.0
2494 59.0
2495 59.0
2496 59.0
2497 59.0
2498 59.0
2499 59.0
2500 59.0
2501 59.0
2502 59.0
2503 59.0
2504 59.0
2505 59.0
2506 59.0
2507 59.0
2508 59.0
2509 59.0
2510 59.0
2511 59.0
2512 59.0
2513 59.0
2514 59.0
2515 59.0
2516 59.0
2517 59.0
2518 59.0
2519 59.0
2520 59.0
2521 59.0
2522 59.0
2523 59.0
2524 59.0
2525 59.0
2526 59.0
2527 59.0
2528 59.0
2529 59.0
2530 59.0
2531 59.0
2532 59.0
2533 59.0
2534 59.0
2535 59.0
2536 59.0
2537 59.0
2538 59.0
2539 59.0
2540 59.0
2541 59.0
2542 59.0
2543 59.0
2544 59.0
2545 59.0
2546 59.0
2547 59.0
2548 59.0
2549 59.0
2550 59.0
2551 59.0
2552 59.0
2553 59.0
2554 59.0
2555 59.0
2556 59.0
2557 59.0
2558 59.0
2559 59.0
2560 59.0
2561 59.0
2562 59.0
2563 59.0
2564 59.0
2565 59.0
2566 59.0
2567 59.0
2568 59.0
2569 59.0
2570 59.0
2571 59.0
2572 59.0
2573 59.0
2574 59.0
2575 59.0
2576 59.0
2577 59.0
2578 59.0
2579 59.0
2580 59.0
2581 59.0
2582 59.0
2583 59.0
2584 59.0
2585 59.0
2586 59.0
2587 59.0
2588 59.0
2589 59.0
2590 59.0
2591 59.0
2592 59.0
2593 59.0
2594 59.0
2595 59.0
2596 59.0
2597 59.0
2598 59.0
2599 59.0
2600 59.0
2601 59.0
2602 59.0
2603 59.0
2604 59.0
2605 59.0
2606 59.0
2607 59.0
2608 59.0
2609 59.0
2610 59.0
2611 59.0
2612 59.0
2613 59.0
2614 59.0
2615 59.0
2616 59.0
2617 59.0
2618 59.0
2619 59.0
2620 59.0
2621 59.0
2622 59.0
2623 59.0
2624 59.0
2625 59.0
2626 59.0
2627 59.0
2628 59.0
2629 59.0
2630 59.0
2631 59.0
2632 59.0
2633 59.0
2634 59.0
2635 59.0
2636 59.0
2637 59.0
2638 59.0
2639 59.0
2640 59.0
2641 59.0
2642 59.0
2643 59.0
2644 59.0
2645 59.0
2646 59.0
2647 59.0
2648 59.0
2649 59.0
2650 59.0
2651 59.0
2652 59.0
2653 59.0
2654 59.0
2655 59.0
2656 59.0
2657 59.0
2658 59.0
2659 59.0
2660 59.0
2661 59.0
2662 59.0
2663 59.0
2664 59.0
2665 59.0
2666 59.0
2667 59.0
2668 59.0
2669 59.0
2670 59.0
2671 59.0
2672 59.0
2673 59.0
2674 59.0
2675 59.0
2676 59.0
2677 59.0
2678 59.0
2679 59.0
2680 59.0
2681 59.0
2682 59.0
2683 59.0
2684 59.0
2685 59.0
2686 59.0
2687 59.0
2688 59.0
2689 59.0
2690 59.0
2691 59.0
2692 59.0
2693 59.0
2694 59.0
2695 59.0
2696 59.0
2697 59.0
2698 59.0
2699 59.0
2700 59.0
2701 59.0
2702 61.0
2703 61.0
2704 61.0
2705 61.0
2706 61.0
2707 61.0
2708 61.0
2709 61.0
2710 61.0
2711 61.0
2712 61.0
2713 61.0
2714 61.0
2715 61.0
2716 61.0
2717 61.0
2718 61.0
2719 61.0
2720 61.0
2721 61.0
2722 61.0
2723 61.0
2724 61.0
2725 61.0
2726 61.0
2727 61.0
2728 61.0
2729 61.0
2730 61.0
2731 61.0
2732 61.0
2733 61.0
2734 61.0
2735 61.0
2736 61.0
2737 61.0
2738 61.0
2739 61.0
2740 61.0
2741 61.0
2742 61.0
2743 61.0
2744 61.0
2745 61.0
2746 61.0
2747 61.0
2748 61.0
2749 61.0
2750 61.0
2751 61.0
2752 61.0
2753 61.0
2754 61.0
2755 61.0
2756 61.0
2757 61.0
2758 61.0
2759 61.0
2760 61.0
2761 61.0
2762 61.0
2763 61.0
2764 61.0
2765 61.0
2766 61.0
2767 61.0
2768 61.0
2769 61.0
2770 61.0
2771 61.0
2772 61.0
2773 61.0
2774 61.0
2775 61.0
2776 61.0
2777 61.0
2778 61.0
2779 61.0
2780 61.0
2781 61.0
2782 61.0
2783 61.0
2784 61.0
2785 61.0
2786 61.0
2787 61.0
2788 61.0
2789 61.0
2790 61.0
2791 61.0
2792 61.0
2793 61.0
2794 61.0
2795 61.0
2796 61.0
2797 61.0
2798 61.0
2799 61.0
2800 61.0
2801 61.0
2802 61.0
2803 61.0
2804 61.0
2805 61.0
2806 61.0
2807 61.0
2808 61.0
2809 61.0
2810 61.0
2811 61.0
2812 61.0
2813 61.0
2814 61.0
2815 61.0
2816 61.0
2817 61.0
2818 61.0
2819 61.0
2820 61.0
2821 61.0
2822 61.0
2823 61.0
2824 61.0
2825 61.0
2826 61.0
2827 61.0
2828 61.0
2829 61.0
2830 61.0
2831 61.0
2832 61.0
2833 61.0
2834 61.0
2835 61.0
2836 61.0
2837 61.0
2838 61.0
2839 61.0
2840 61.0
2841 61.0
2842 61.0
2843 61.0
2844 61.0
2845 61.0
2846 61.0
2847 61.0
2848 61.0
2849 61.0
2850 61.0
2851 61.0
2852 61.0
2853 61.0
2854 61.0
2855 61.0
2856 61.0
2857 61.0
2858 61.0
2859 61.0
2860 61.0
2861 61.0
2862 61.0
2863 61.0
2864 61.0
2865 61.0
2866 61.0
2867 61.0
2868 61.0
2869 61.0
2870 61.0
2871 61.0
2872 61.0
2873 61.0
2874 61.0
2875 61.0
2876 61.0
2877 61.0
2878 61.0
2879 61.0
2880 61.0
2881 61.0
2882 61.0
2883 61.0
2884 61.0
2885 61.0
2886 61.0
2887 61.0
2888 61.0
2889 61.0
2890 61.0
2891 61.0
2892 61.0
2893 61.0
2894 61.0
2895 61.0
2896 61.0
2897 61.0
2898 61.0
2899 61.0
2900 61.0
2901 61.0
2902 61.0
2903 61.0
2904 61.0
2905 61.0
2906 61.0
2907 61.0
2908 61.0
2909 61.0
2910 61.0
2911 61.0
2912 61.0
2913 61.0
2914 61.0
2915 61.0
2916 61.0
2917 61.0
2918 61.0
2919 61.0
2920 61.0
2921 61.0
2922 61.0
2923 61.0
2924 61.0
2925 61.0
2926 61.0
2927 61.0
2928 61.0
2929 61.0
2930 61.0
2931 61.0
2932 61.0
2933 61.0
2934 61.0
2935 61.0
2936 61.0
2937 61.0
2938 61.0
2939 61.0
2940 61.0
2941 61.0
2942 61.0
2943 61.0
2944 61.0
2945 61.0
2946 61.0
2947 61.0
2948 61.0
2949 61.0
2950 61.0
2951 61.0
2952 61.0
2953 61.0
2954 61.0
2955 61.0
2956 61.0
2957 61.0
2958 61.0
2959 61.0
2960 61.0
2961 61.0
2962 61.0
2963 61.0
2964 61.0
2965 61.0
2966 61.0
2967 61.0
2968 61.0
2969 61.0
2970 61.0
2971 61.0
2972 61.0
2973 61.0
2974 61.0
2975 61.0
2976 61.0
2977 61.0
2978 61.0
2979 61.0
2980 61.0
2981 61.0
2982 61.0
2983 61.0
2984 61.0
2985 61.0
2986 61.0
2987 61.0
2988 61.0
2989 61.0
2990 61.0
2991 61.0
2992 61.0
2993 61.0
2994 61.0
2995 61.0
2996 61.0
2997 61.0
2998 61.0
2999 61.0
3000 61.0
3001 61.0
3002 61.0
3003 61.0
3004 61.0
3005 61.0
3006 61.0
3007 61.0
3008 61.0
3009 61.0
3010 61.0
3011 61.0
3012 61.0
3013 61.0
3014 61.0
3015 61.0
3016 61.0
3017 61.0
3018 61.0
3019 61.0
3020 61.0
3021 61.0
3022 61.0
3023 61.0
3024 61.0
3025 61.0
3026 61.0
3027 61.0
3028 61.0
3029 61.0
3030 61.0
3031 61.0
3032 61.0
3033 61.0
3034 61.0
3035 61.0
3036 61.0
3037 61.0
3038 61.0
3039 61.0
3040 61.0
3041 61.0
3042 61.0
3043 61.0
3044 61.0
3045 61.0
3046 61.0
3047 61.0
3048 61.0
3049 61.0
3050 61.0
3051 61.0
3052 61.0
3053 61.0
3054 61.0
3055 61.0
3056 61.0
3057 61.0
3058 61.0
3059 61.0
3060 61.0
3061 61.0
3062 61.0
3063 61.0
3064 61.0
3065 61.0
3066 61.0
3067 61.0
3068 61.0
3069 61.0
3070 61.0
3071 61.0
3072 61.0
3073 61.0
3074 61.0
3075 61.0
3076 61.0
3077 61.0
3078 61.0
3079 61.0
3080 61.0
3081 61.0
3082 61.0
3083 61.0
3084 61.0
3085 61.0
3086 61.0
3087 61.0
3088 61.0
3089 61.0
3090 61.0
3091 61.0
3092 61.0
3093 61.0
3094 61.0
3095 61.0
3096 61.0
3097 61.0
3098 61.0
3099 61.0
3100 61.0
3101 61.0
3102 61.0
3103 61.0
3104 61.0
3105 61.0
3106 61.0
3107 61.0
3108 61.0
3109 61.0
3110 61.0
3111 61.0
3112 61.0
3113 61.0
3114 61.0
3115 61.0
3116 61.0
3117 61.0
3118 61.0
3119 61.0
3120 61.0
3121 61.0
3122 61.0
3123 61.0
3124 61.0
3125 61.0
3126 61.0
3127 61.0
3128 61.0
3129 61.0
3130 61.0
3131 61.0
3132 61.0
3133 61.0
3134 61.0
3135 61.0
3136 61.0
3137 61.0
3138 61.0
3139 61.0
3140 61.0
3141 61.0
3142 61.0
3143 61.0
3144 61.0
3145 61.0
3146 61.0
3147 61.0
3148 61.0
3149 61.0
3150 61.0
3151 61.0
3152 61.0
3153 61.0
3154 61.0
3155 61.0
3156 61.0
3157 61.0
3158 61.0
3159 61.0
3160 61.0
3161 61.0
3162 61.0
3163 61.0
3164 61.0
3165 61.0
3166 61.0
3167 61.0
3168 61.0
3169 61.0
3170 61.0
3171 61.0
3172 61.0
3173 61.0
3174 61.0
3175 61.0
3176 61.0
3177 61.0
3178 61.0
3179 61.0
3180 61.0
3181 61.0
3182 61.0
3183 61.0
3184 61.0
3185 61.0
3186 61.0
3187 61.0
3188 61.0
3189 61.0
3190 61.0
3191 61.0
3192 61.0
3193 61.0
3194 61.0
3195 61.0
3196 61.0
3197 61.0
3198 61.0
3199 61.0
3200 61.0
3201 61.0
3202 61.0
3203 61.0
3204 61.0
3205 61.0
3206 61.0
3207 61.0
3208 61.0
3209 61.0
3210 61.0
3211 61.0
3212 61.0
3213 61.0
3214 61.0
3215 61.0
3216 61.0
3217 61.0
3218 61.0
3219 61.0
3220 61.0
3221 61.0
3222 61.0
3223 61.0
3224 61.0
3225 61.0
3226 61.0
3227 61.0
3228 61.0
3229 61.0
3230 61.0
3231 61.0
3232 61.0
3233 61.0
3234 61.0
3235 61.0
3236 61.0
3237 61.0
3238 61.0
3239 61.0
3240 61.0
3241 61.0
3242 61.0
3243 61.0
3244 61.0
3245 61.0
3246 61.0
3247 61.0
3248 61.0
3249 61.0
3250 61.0
3251 61.0
3252 61.0
3253 61.0
3254 61.0
3255 61.0
3256 61.0
3257 61.0
3258 61.0
3259 61.0
3260 61.0
3261 61.0
3262 61.0
3263 61.0
3264 61.0
3265 61.0
3266 61.0
3267 61.0
3268 61.0
3269 61.0
3270 61.0
3271 61.0
3272 61.0
3273 61.0
3274 61.0
3275 61.0
3276 61.0
3277 61.0
3278 61.0
3279 61.0
3280 61.0
3281 61.0
3282 61.0
3283 61.0
3284 61.0
3285 61.0
3286 61.0
3287 61.0
3288 61.0
3289 61.0
3290 61.0
3291 61.0
3292 61.0
3293 61.0
3294 61.0
3295 61.0
3296 61.0
3297 61.0
3298 61.0
3299 61.0
3300 61.0
3301 61.0
3302 61.0
3303 61.0
3304 61.0
3305 61.0
3306 61.0
3307 61.0
3308 61.0
3309 61.0
3310 61.0
3311 61.0
3312 61.0
3313 61.0
3314 61.0
3315 61.0
3316 61.0
3317 61.0
3318 61.0
3319 61.0
3320 61.0
3321 61.0
3322 61.0
3323 61.0
3324 61.0
3325 61.0
3326 61.0
3327 61.0
3328 61.0
3329 61.0
3330 61.0
3331 61.0
3332 61.0
3333 61.0
3334 61.0
3335 61.0
3336 61.0
3337 61.0
3338 61.0
3339 61.0
3340 61.0
3341 61.0
3342 61.0
3343 61.0
3344 61.0
3345 61.0
3346 61.0
3347 61.0
3348 61.0
3349 61.0
3350 61.0
3351 61.0
3352 61.0
3353 61.0
3354 61.0
3355 61.0
3356 61.0
3357 61.0
3358 61.0
3359 61.0
3360 61.0
3361 61.0
3362 61.0
3363 61.0
3364 61.0
3365 61.0
3366 61.0
3367 61.0
3368 61.0
3369 61.0
3370 61.0
3371 61.0
3372 61.0
3373 61.0
3374 61.0
3375 61.0
3376 61.0
3377 61.0
3378 61.0
3379 61.0
3380 61.0
3381 61.0
3382 61.0
3383 61.0
3384 61.0
3385 61.0
3386 61.0
3387 61.0
3388 61.0
3389 61.0
3390 61.0
3391 61.0
3392 61.0
3393 61.0
3394 61.0
3395 61.0
3396 61.0
3397 61.0
3398 61.0
3399 61.0
3400 61.0
3401 61.0
3402 61.0
3403 61.0
3404 61.0
3405 61.0
3406 61.0
3407 61.0
3408 61.0
3409 61.0
3410 61.0
3411 61.0
3412 61.0
3413 61.0
3414 61.0
3415 61.0
3416 61.0
3417 61.0
3418 61.0
3419 61.0
3420 61.0
3421 61.0
3422 61.0
3423 61.0
3424 61.0
3425 61.0
3426 61.0
3427 61.0
3428 61.0
3429 61.0
3430 61.0
3431 61.0
3432 61.0
3433 61.0
3434 61.0
3435 61.0
3436 61.0
3437 61.0
3438 61.0
3439 61.0
3440 61.0
3441 61.0
3442 61.0
3443 61.0
3444 61.0
3445 61.0
3446 61.0
3447 61.0
3448 61.0
3449 61.0
3450 61.0
3451 61.0
3452 61.0
3453 61.0
3454 61.0
3455 61.0
3456 61.0
3457 61.0
3458 61.0
3459 61.0
3460 61.0
3461 61.0
3462 61.0
3463 61.0
3464 61.0
3465 61.0
3466 61.0
3467 61.0
3468 61.0
3469 61.0
3470 61.0
3471 61.0
3472 61.0
3473 61.0
3474 61.0
3475 61.0
3476 61.0
3477 61.0
3478 61.0
3479 61.0
3480 61.0
3481 61.0
3482 61.0
3483 61.0
3484 61.0
3485 61.0
3486 61.0
3487 61.0
3488 61.0
3489 61.0
3490 61.0
3491 61.0
3492 61.0
3493 61.0
3494 61.0
3495 61.0
3496 61.0
3497 61.0
3498 61.0
3499 61.0
3500 61.0
3501 61.0
3502 61.0
3503 61.0
3504 61.0
3505 61.0
3506 61.0
3507 61.0
3508 61.0
3509 61.0
3510 61.0
3511 61.0
3512 61.0
3513 61.0
3514 61.0
3515 61.0
3516 61.0
3517 61.0
3518 61.0
3519 61.0
3520 61.0
3521 61.0
3522 61.0
3523 61.0
3524 61.0
3525 61.0
3526 61.0
3527 61.0
3528 61.0
3529 61.0
3530 61.0
3531 61.0
3532 61.0
3533 61.0
3534 61.0
3535 61.0
3536 61.0
3537 61.0
3538 61.0
3539 61.0
3540 61.0
3541 61.0
3542 61.0
3543 61.0
3544 61.0
3545 61.0
3546 61.0
3547 61.0
3548 61.0
3549 61.0
3550 61.0
3551 61.0
3552 61.0
3553 61.0
3554 61.0
3555 61.0
3556 61.0
3557 61.0
3558 61.0
3559 61.0
3560 61.0
3561 61.0
3562 61.0
3563 61.0
3564 61.0
3565 61.0
3566 61.0
3567 61.0
3568 61.0
3569 61.0
3570 61.0
3571 61.0
3572 61.0
3573 61.0
3574 61.0
3575 61.0
3576 61.0
3577 61.0
3578 61.0
3579 61.0
3580 61.0
3581 61.0
3582 61.0
3583 61.0
3584 61.0
3585 61.0
3586 61.0
3587 61.0
3588 61.0
3589 61.0
3590 61.0
3591 61.0
3592 61.0
3593 61.0
3594 61.0
3595 61.0
3596 61.0
3597 61.0
3598 61.0
3599 61.0
3600 61.0
3601 61.0
3602 61.0
3603 61.0
3604 61.0
3605 61.0
3606 61.0
3607 61.0
3608 61.0
3609 61.0
3610 61.0
3611 61.0
3612 61.0
3613 61.0
3614 61.0
3615 61.0
3616 61.0
3617 61.0
3618 61.0
3619 61.0
3620 61.0
3621 61.0
3622 61.0
3623 61.0
3624 61.0
3625 61.0
3626 61.0
3627 61.0
3628 61.0
3629 61.0
3630 61.0
3631 61.0
3632 61.0
3633 61.0
3634 61.0
3635 61.0
3636 61.0
3637 61.0
3638 61.0
3639 61.0
3640 61.0
3641 61.0
3642 61.0
3643 61.0
3644 61.0
3645 61.0
3646 61.0
3647 61.0
3648 61.0
3649 61.0
3650 61.0
3651 61.0
3652 61.0
3653 61.0
3654 61.0
3655 61.0
3656 61.0
3657 61.0
3658 61.0
3659 61.0
3660 61.0
3661 61.0
3662 61.0
3663 61.0
3664 61.0
3665 61.0
3666 61.0
3667 61.0
3668 61.0
3669 61.0
3670 61.0
3671 61.0
3672 61.0
3673 61.0
3674 61.0
3675 61.0
3676 61.0
3677 61.0
3678 61.0
3679 61.0
3680 61.0
3681 61.0
3682 61.0
3683 61.0
3684 61.0
3685 61.0
3686 61.0
3687 61.0
3688 61.0
3689 61.0
3690 61.0
3691 61.0
3692 61.0
3693 61.0
3694 61.0
3695 61.0
3696 61.0
3697 61.0
3698 61.0
3699 61.0
3700 61.0
3701 61.0
3702 61.0
3703 61.0
3704 61.0
3705 61.0
3706 61.0
3707 61.0
3708 61.0
3709 61.0
3710 61.0
3711 61.0
3712 61.0
3713 61.0
3714 61.0
3715 61.0
3716 61.0
3717 61.0
3718 61.0
3719 61.0
3720 61.0
3721 61.0
3722 61.0
3723 61.0
3724 61.0
3725 61.0
3726 61.0
3727 61.0
3728 61.0
3729 61.0
3730 61.0
3731 61.0
3732 61.0
3733 61.0
3734 61.0
3735 61.0
3736 61.0
3737 61.0
3738 61.0
3739 61.0
3740 61.0
3741 61.0
3742 61.0
3743 61.0
3744 61.0
3745 61.0
3746 61.0
3747 61.0
3748 61.0
3749 61.0
3750 61.0
3751 61.0
3752 61.0
3753 61.0
3754 61.0
3755 61.0
3756 61.0
3757 61.0
3758 61.0
3759 61.0
3760 61.0
3761 61.0
3762 61.0
3763 61.0
3764 61.0
3765 61.0
3766 61.0
3767 61.0
3768 61.0
3769 61.0
3770 61.0
3771 61.0
3772 61.0
3773 61.0
3774 61.0
3775 61.0
3776 61.0
3777 61.0
3778 61.0
3779 61.0
3780 61.0
3781 61.0
3782 61.0
3783 61.0
3784 61.0
3785 61.0
3786 61.0
3787 61.0
3788 61.0
3789 61.0
3790 61.0
3791 61.0
3792 61.0
3793 61.0
3794 61.0
3795 61.0
3796 61.0
3797 61.0
3798 61.0
3799 61.0
3800 61.0
3801 61.0
3802 61.0
3803 61.0
3804 61.0
3805 61.0
3806 61.0
3807 61.0
3808 61.0
3809 61.0
3810 61.0
3811 61.0
3812 61.0
3813 61.0
3814 61.0
3815 61.0
3816 61.0
3817 61.0
3818 61.0
3819 61.0
3820 61.0
3821 61.0
3822 61.0
3823 61.0
3824 61.0
3825 61.0
3826 61.0
3827 61.0
3828 61.0
3829 61.0
3830 61.0
3831 61.0
3832 61.0
3833 61.0
3834 61.0
3835 61.0
3836 61.0
3837 61.0
3838 61.0
3839 61.0
3840 61.0
3841 61.0
3842 61.0
3843 61.0
3844 61.0
3845 61.0
3846 61.0
3847 61.0
3848 61.0
3849 61.0
3850 61.0
3851 61.0
3852 61.0
3853 61.0
3854 61.0
3855 61.0
3856 61.0
3857 61.0
3858 61.0
3859 61.0
3860 61.0
3861 61.0
3862 61.0
3863 61.0
3864 61.0
3865 61.0
3866 61.0
3867 61.0
3868 61.0
3869 61.0
3870 61.0
3871 61.0
3872 61.0
3873 61.0
3874 61.0
3875 61.0
3876 61.0
3877 61.0
3878 61.0
3879 61.0
3880 61.0
3881 61.0
3882 61.0
3883 61.0
3884 61.0
3885 61.0
3886 61.0
3887 61.0
3888 61.0
3889 61.0
3890 61.0
3891 61.0
3892 61.0
3893 61.0
3894 61.0
3895 61.0
3896 61.0
3897 61.0
3898 61.0
3899 61.0
3900 61.0
3901 61.0
3902 61.0
3903 61.0
3904 61.0
3905 61.0
3906 61.0
3907 61.0
3908 61.0
3909 61.0
3910 61.0
3911 61.0
3912 61.0
3913 61.0
3914 61.0
3915 61.0
3916 61.0
3917 61.0
3918 61.0
3919 61.0
3920 61.0
3921 61.0
3922 61.0
3923 61.0
3924 61.0
3925 61.0
3926 61.0
3927 61.0
3928 61.0
3929 61.0
3930 61.0
3931 61.0
3932 61.0
3933 61.0
3934 61.0
3935 61.0
3936 61.0
3937 61.0
3938 61.0
3939 61.0
3940 61.0
3941 61.0
3942 61.0
3943 61.0
3944 61.0
3945 61.0
3946 61.0
3947 61.0
3948 61.0
3949 61.0
3950 61.0
3951 61.0
3952 61.0
3953 61.0
3954 61.0
3955 61.0
3956 61.0
3957 61.0
3958 61.0
3959 61.0
3960 61.0
3961 61.0
3962 61.0
3963 61.0
3964 61.0
3965 61.0
3966 61.0
3967 61.0
3968 61.0
3969 61.0
3970 61.0
3971 61.0
3972 61.0
3973 61.0
3974 61.0
3975 61.0
3976 61.0
3977 61.0
3978 61.0
3979 61.0
3980 61.0
3981 61.0
3982 61.0
3983 61.0
3984 61.0
3985 61.0
3986 61.0
3987 61.0
3988 61.0
3989 61.0
3990 61.0
3991 61.0
3992 61.0
3993 61.0
3994 61.0
3995 61.0
3996 61.0
3997 61.0
3998 61.0
3999 61.0
4000 61.0
4001 61.0
4002 61.0
4003 61.0
4004 61.0
4005 61.0
4006 61.0
4007 61.0
4008 61.0
4009 61.0
4010 61.0
4011 61.0
4012 61.0
4013 61.0
4014 61.0
4015 61.0
4016 61.0
4017 61.0
4018 61.0
4019 61.0
4020 61.0
4021 61.0
4022 61.0
4023 61.0
4024 61.0
4025 61.0
4026 61.0
4027 61.0
4028 61.0
4029 61.0
4030 61.0
4031 61.0
4032 61.0
4033 61.0
4034 61.0
4035 61.0
4036 61.0
4037 61.0
4038 61.0
4039 61.0
4040 61.0
4041 61.0
4042 61.0
4043 61.0
4044 61.0
4045 61.0
4046 61.0
4047 61.0
4048 61.0
4049 61.0
4050 61.0
4051 61.0
4052 61.0
4053 61.0
4054 61.0
4055 61.0
4056 61.0
4057 61.0
4058 61.0
4059 61.0
4060 61.0
4061 61.0
4062 61.0
4063 61.0
4064 61.0
4065 61.0
4066 61.0
4067 61.0
4068 61.0
4069 61.0
4070 61.0
4071 61.0
4072 61.0
4073 61.0
4074 61.0
4075 61.0
4076 61.0
4077 61.0
4078 61.0
4079 61.0
4080 61.0
4081 61.0
4082 61.0
4083 61.0
4084 61.0
4085 61.0
4086 61.0
4087 61.0
4088 61.0
4089 61.0
4090 61.0
4091 61.0
4092 61.0
4093 61.0
4094 61.0
4095 61.0
4096 61.0
4097 61.0
4098 61.0
4099 61.0
4100 61.0
4101 61.0
4102 61.0
4103 61.0
4104 61.0
4105 61.0
4106 61.0
4107 61.0
4108 61.0
4109 61.0
4110 61.0
4111 61.0
4112 61.0
4113 61.0
4114 61.0
4115 61.0
4116 61.0
4117 61.0
4118 61.0
4119 61.0
4120 61.0
4121 61.0
4122 61.0
4123 61.0
4124 61.0
4125 61.0
4126 61.0
4127 61.0
4128 61.0
4129 61.0
4130 61.0
4131 61.0
4132 61.0
4133 61.0
4134 61.0
4135 61.0
4136 61.0
4137 61.0
4138 61.0
4139 61.0
4140 61.0
4141 61.0
4142 61.0
4143 61.0
4144 61.0
4145 61.0
4146 61.0
4147 61.0
4148 61.0
4149 61.0
4150 61.0
4151 61.0
4152 61.0
4153 61.0
4154 61.0
4155 61.0
4156 61.0
4157 61.0
4158 61.0
4159 61.0
4160 61.0
4161 61.0
4162 61.0
4163 61.0
4164 61.0
4165 61.0
4166 61.0
4167 61.0
4168 61.0
4169 61.0
4170 61.0
4171 61.0
4172 61.0
4173 61.0
4174 61.0
4175 61.0
4176 61.0
4177 61.0
4178 61.0
4179 61.0
4180 61.0
4181 61.0
4182 61.0
4183 61.0
4184 61.0
4185 61.0
4186 61.0
4187 61.0
4188 61.0
4189 61.0
4190 61.0
4191 61.0
4192 61.0
4193 61.0
4194 61.0
4195 61.0
4196 61.0
4197 61.0
4198 61.0
4199 61.0
4200 61.0
4201 61.0
4202 61.0
4203 61.0
4204 61.0
4205 61.0
4206 61.0
4207 61.0
4208 61.0
4209 61.0
4210 61.0
4211 61.0
4212 61.0
4213 61.0
4214 61.0
4215 61.0
4216 61.0
4217 61.0
4218 61.0
4219 61.0
4220 61.0
4221 61.0
4222 61.0
4223 61.0
4224 61.0
4225 61.0
4226 61.0
4227 61.0
4228 61.0
4229 61.0
4230 61.0
4231 61.0
4232 61.0
4233 61.0
4234 61.0
4235 61.0
4236 61.0
4237 61.0
4238 61.0
4239 61.0
4240 61.0
4241 61.0
4242 61.0
4243 61.0
4244 61.0
4245 61.0
4246 61.0
4247 61.0
4248 61.0
4249 61.0
4250 61.0
4251 61.0
4252 61.0
4253 61.0
4254 61.0
4255 61.0
4256 61.0
4257 61.0
4258 61.0
4259 61.0
4260 61.0
4261 61.0
4262 61.0
4263 61.0
4264 61.0
4265 61.0
4266 61.0
4267 61.0
4268 61.0
4269 61.0
4270 61.0
4271 61.0
4272 61.0
4273 61.0
4274 61.0
4275 61.0
4276 61.0
4277 61.0
4278 61.0
4279 61.0
4280 61.0
4281 61.0
4282 61.0
4283 61.0
4284 61.0
4285 61.0
4286 61.0
4287 61.0
4288 61.0
4289 61.0
4290 61.0
4291 61.0
4292 61.0
4293 61.0
4294 61.0
4295 61.0
4296 61.0
4297 61.0
4298 61.0
4299 61.0
4300 61.0
4301 61.0
4302 61.0
4303 61.0
4304 61.0
4305 61.0
4306 61.0
4307 61.0
4308 61.0
4309 61.0
4310 61.0
4311 61.0
4312 61.0
4313 61.0
4314 61.0
4315 61.0
4316 61.0
4317 61.0
4318 61.0
4319 61.0
4320 61.0
4321 61.0
4322 61.0
4323 61.0
4324 61.0
4325 61.0
4326 61.0
4327 61.0
4328 61.0
4329 61.0
4330 61.0
4331 61.0
4332 61.0
4333 61.0
4334 61.0
4335 61.0
4336 61.0
4337 61.0
4338 61.0
4339 61.0
4340 61.0
4341 61.0
4342 61.0
4343 61.0
4344 61.0
4345 61.0
4346 61.0
4347 61.0
4348 61.0
4349 61.0
4350 61.0
4351 61.0
4352 61.0
4353 61.0
4354 61.0
4355 61.0
4356 61.0
4357 61.0
4358 61.0
4359 61.0
4360 61.0
4361 61.0
4362 61.0
4363 61.0
4364 61.0
4365 61.0
4366 61.0
4367 61.0
4368 61.0
4369 61.0
4370 61.0
4371 61.0
4372 61.0
4373 61.0
4374 61.0
4375 61.0
4376 61.0
4377 61.0
4378 61.0
4379 61.0
4380 61.0
4381 61.0
4382 61.0
4383 61.0
4384 61.0
4385 61.0
4386 61.0
4387 61.0
4388 61.0
4389 61.0
4390 61.0
4391 61.0
4392 61.0
4393 61.0
4394 61.0
4395 61.0
4396 61.0
4397 61.0
4398 61.0
4399 61.0
4400 61.0
4401 61.0
4402 61.0
4403 61.0
4404 61.0
4405 61.0
4406 61.0
4407 61.0
4408 61.0
4409 61.0
4410 61.0
4411 61.0
4412 61.0
4413 61.0
4414 61.0
4415 61.0
4416 61.0
4417 61.0
4418 61.0
4419 61.0
4420 61.0
4421 61.0
4422 61.0
4423 61.0
4424 61.0
4425 61.0
4426 61.0
4427 61.0
4428 61.0
4429 61.0
4430 61.0
4431 61.0
4432 61.0
4433 61.0
4434 61.0
4435 61.0
4436 61.0
4437 61.0
4438 61.0
4439 61.0
4440 61.0
4441 61.0
4442 61.0
4443 61.0
4444 61.0
4445 61.0
4446 61.0
4447 61.0
4448 61.0
4449 61.0
4450 61.0
4451 61.0
4452 61.0
4453 61.0
4454 61.0
4455 61.0
4456 61.0
4457 61.0
4458 61.0
4459 61.0
4460 61.0
4461 61.0
4462 61.0
4463 61.0
4464 61.0
4465 61.0
4466 61.0
4467 61.0
4468 61.0
4469 61.0
4470 61.0
4471 61.0
4472 61.0
4473 61.0
4474 61.0
4475 61.0
4476 61.0
4477 61.0
4478 61.0
4479 61.0
4480 61.0
4481 61.0
4482 61.0
4483 61.0
4484 61.0
4485 61.0
4486 61.0
4487 61.0
4488 61.0
4489 61.0
4490 61.0
4491 61.0
4492 61.0
4493 61.0
4494 61.0
4495 61.0
4496 61.0
4497 61.0
4498 61.0
4499 61.0
4500 61.0
4501 61.0
4502 61.0
4503 61.0
4504 61.0
4505 61.0
4506 61.0
4507 61.0
4508 61.0
4509 61.0
4510 61.0
4511 61.0
4512 61.0
4513 61.0
4514 61.0
4515 61.0
4516 61.0
4517 61.0
4518 61.0
4519 61.0
4520 61.0
4521 61.0
4522 61.0
4523 61.0
4524 61.0
4525 61.0
4526 61.0
4527 61.0
4528 61.0
4529 61.0
4530 61.0
4531 61.0
4532 61.0
4533 61.0
4534 61.0
4535 61.0
4536 61.0
4537 61.0
4538 61.0
4539 61.0
4540 61.0
4541 61.0
4542 61.0
4543 61.0
4544 61.0
4545 61.0
4546 61.0
4547 61.0
4548 61.0
4549 61.0
4550 61.0
4551 61.0
4552 61.0
4553 61.0
4554 61.0
4555 61.0
4556 61.0
4557 61.0
4558 61.0
4559 61.0
4560 61.0
4561 61.0
4562 61.0
4563 61.0
4564 61.0
4565 61.0
4566 61.0
4567 61.0
4568 61.0
4569 61.0
4570 61.0
4571 61.0
4572 61.0
4573 61.0
4574 61.0
4575 61.0
4576 61.0
4577 61.0
4578 61.0
4579 61.0
4580 61.0
4581 61.0
4582 61.0
4583 61.0
4584 61.0
4585 61.0
4586 61.0
4587 61.0
4588 61.0
4589 61.0
4590 61.0
4591 61.0
4592 61.0
4593 61.0
4594 61.0
4595 61.0
4596 61.0
4597 61.0
4598 61.0
4599 61.0
4600 61.0
4601 61.0
4602 61.0
4603 61.0
4604 61.0
4605 61.0
4606 61.0
4607 61.0
4608 61.0
4609 61.0
4610 61.0
4611 61.0
4612 61.0
4613 61.0
4614 61.0
4615 61.0
4616 61.0
4617 61.0
4618 61.0
4619 61.0
4620 61.0
4621 61.0
4622 61.0
4623 61.0
4624 61.0
4625 61.0
4626 61.0
4627 61.0
4628 61.0
4629 61.0
4630 61.0
4631 61.0
4632 61.0
4633 61.0
4634 61.0
4635 61.0
4636 61.0
4637 61.0
4638 61.0
4639 61.0
4640 61.0
4641 61.0
4642 61.0
4643 61.0
4644 61.0
4645 61.0
4646 61.0
4647 61.0
4648 61.0
4649 61.0
4650 61.0
4651 61.0
4652 61.0
4653 61.0
4654 61.0
4655 61.0
4656 61.0
4657 61.0
4658 61.0
4659 61.0
4660 61.0
4661 61.0
4662 61.0
4663 61.0
4664 61.0
4665 61.0
4666 61.0
4667 61.0
4668 61.0
4669 61.0
4670 61.0
4671 61.0
4672 61.0
4673 61.0
4674 61.0
4675 61.0
4676 61.0
4677 61.0
4678 61.0
4679 61.0
4680 61.0
4681 61.0
4682 61.0
4683 61.0
4684 61.0
4685 61.0
4686 61.0
4687 61.0
4688 61.0
4689 61.0
4690 61.0
4691 61.0
4692 61.0
4693 61.0
4694 61.0
4695 61.0
4696 61.0
4697 61.0
4698 61.0
4699 61.0
4700 61.0
4701 61.0
4702 61.0
4703 61.0
4704 61.0
4705 61.0
4706 61.0
4707 61.0
4708 61.0
4709 61.0
4710 61.0
4711 61.0
4712 61.0
4713 61.0
4714 61.0
4715 61.0
4716 61.0
4717 61.0
4718 61.0
4719 61.0
4720 61.0
4721 61.0
4722 61.0
4723 61.0
4724 61.0
4725 61.0
4726 61.0
4727 61.0
4728 61.0
4729 61.0
4730 61.0
4731 61.0
4732 61.0
4733 61.0
4734 61.0
4735 61.0
4736 61.0
4737 61.0
4738 61.0
4739 61.0
4740 61.0
4741 61.0
4742 61.0
4743 61.0
4744 61.0
4745 61.0
4746 61.0
4747 61.0
4748 61.0
4749 61.0
4750 61.0
4751 61.0
4752 61.0
4753 61.0
4754 61.0
4755 61.0
4756 61.0
4757 61.0
4758 61.0
4759 61.0
4760 61.0
4761 61.0
4762 61.0
4763 61.0
4764 61.0
4765 61.0
4766 61.0
4767 61.0
4768 61.0
4769 61.0
4770 61.0
4771 61.0
4772 61.0
4773 61.0
4774 61.0
4775 61.0
4776 61.0
4777 61.0
4778 61.0
4779 61.0
4780 61.0
4781 61.0
4782 61.0
4783 61.0
4784 61.0
4785 61.0
4786 61.0
4787 61.0
4788 61.0
4789 61.0
4790 61.0
4791 61.0
4792 61.0
4793 61.0
4794 61.0
4795 61.0
4796 61.0
4797 61.0
4798 61.0
4799 61.0
4800 61.0
4801 61.0
4802 61.0
4803 61.0
4804 61.0
4805 61.0
4806 61.0
4807 61.0
4808 61.0
4809 61.0
4810 61.0
4811 61.0
4812 61.0
4813 61.0
4814 61.0
4815 61.0
4816 61.0
4817 61.0
4818 61.0
4819 61.0
4820 61.0
4821 61.0
4822 61.0
4823 61.0
4824 61.0
4825 61.0
4826 61.0
4827 61.0
4828 61.0
4829 61.0
4830 61.0
4831 61.0
4832 61.0
4833 61.0
4834 61.0
4835 61.0
4836 61.0
4837 61.0
4838 61.0
4839 61.0
4840 61.0
4841 61.0
4842 61.0
4843 61.0
4844 61.0
4845 61.0
4846 61.0
4847 61.0
4848 61.0
4849 61.0
4850 61.0
4851 61.0
4852 61.0
4853 61.0
4854 61.0
4855 61.0
4856 61.0
4857 61.0
4858 61.0
4859 61.0
4860 61.0
4861 61.0
4862 61.0
4863 61.0
4864 61.0
4865 61.0
4866 61.0
4867 61.0
4868 61.0
4869 61.0
4870 61.0
4871 61.0
4872 61.0
4873 61.0
4874 61.0
4875 61.0
4876 61.0
4877 61.0
4878 61.0
4879 61.0
4880 61.0
4881 61.0
4882 61.0
4883 61.0
4884 61.0
4885 61.0
4886 61.0
4887 61.0
4888 61.0
4889 61.0
4890 61.0
4891 61.0
4892 61.0
4893 61.0
4894 61.0
4895 61.0
4896 61.0
4897 61.0
4898 61.0
4899 61.0
4900 61.0
4901 61.0
4902 61.0
4903 61.0
4904 61.0
4905 61.0
4906 61.0
4907 61.0
4908 61.0
4909 61.0
4910 61.0
4911 61.0
4912 61.0
4913 61.0
4914 61.0
4915 61.0
4916 61.0
4917 61.0
4918 61.0
4919 61.0
4920 61.0
4921 61.0
4922 61.0
4923 61.0
4924 61.0
4925 61.0
4926 61.0
4927 61.0
4928 61.0
4929 61.0
4930 61.0
4931 61.0
4932 61.0
4933 61.0
4934 61.0
4935 61.0
4936 61.0
4937 61.0
4938 61.0
4939 61.0
4940 61.0
4941 61.0
4942 61.0
4943 61.0
4944 61.0
4945 61.0
4946 61.0
4947 61.0
4948 61.0
4949 61.0
4950 61.0
4951 61.0
4952 61.0
4953 61.0
4954 61.0
4955 61.0
4956 61.0
4957 61.0
4958 61.0
4959 61.0
4960 61.0
4961 61.0
4962 61.0
4963 61.0
4964 61.0
4965 61.0
4966 61.0
4967 61.0
4968 61.0
4969 61.0
4970 61.0
4971 61.0
4972 61.0
4973 61.0
4974 61.0
4975 61.0
4976 61.0
4977 61.0
4978 61.0
4979 61.0
4980 61.0
4981 61.0
4982 61.0
4983 61.0
4984 61.0
4985 61.0
4986 61.0
4987 61.0
4988 61.0
4989 61.0
4990 61.0
4991 61.0
4992 61.0
4993 61.0
4994 61.0
4995 61.0
4996 61.0
4997 61.0
4998 61.0
4999 61.0
5000 61.0
5001 61.0
5002 61.0
5003 61.0
5004 61.0
5005 61.0
5006 61.0
5007 61.0
5008 61.0
5009 61.0
5010 61.0
5011 61.0
5012 61.0
5013 61.0
5014 61.0
5015 61.0
5016 61.0
5017 61.0
5018 61.0
5019 61.0
5020 61.0
5021 61.0
5022 61.0
5023 61.0
5024 61.0
5025 61.0
5026 61.0
5027 61.0
5028 61.0
5029 61.0
5030 61.0
5031 61.0
5032 61.0
5033 61.0
5034 61.0
5035 61.0
5036 61.0
5037 61.0
5038 61.0
5039 61.0
5040 61.0
5041 61.0
5042 61.0
5043 61.0
5044 61.0
5045 61.0
5046 61.0
5047 61.0
5048 61.0
5049 61.0
5050 61.0
5051 61.0
5052 61.0
5053 61.0
5054 61.0
5055 61.0
5056 61.0
5057 61.0
5058 61.0
5059 61.0
5060 61.0
5061 61.0
5062 61.0
5063 61.0
5064 61.0
5065 61.0
5066 61.0
5067 61.0
5068 61.0
5069 61.0
5070 61.0
5071 61.0
5072 61.0
5073 61.0
5074 61.0
5075 61.0
5076 61.0
5077 61.0
5078 61.0
5079 61.0
5080 61.0
5081 61.0
5082 61.0
5083 61.0
5084 61.0
5085 61.0
5086 61.0
5087 61.0
5088 61.0
5089 61.0
5090 61.0
5091 61.0
5092 61.0
5093 61.0
5094 61.0
5095 61.0
5096 61.0
5097 61.0
5098 61.0
5099 61.0
5100 61.0
5101 61.0
5102 61.0
5103 61.0
5104 61.0
5105 61.0
5106 61.0
5107 61.0
5108 61.0
5109 61.0
5110 61.0
5111 61.0
5112 61.0
5113 61.0
5114 61.0
5115 61.0
5116 61.0
5117 61.0
5118 61.0
5119 61.0
5120 61.0
5121 61.0
5122 61.0
5123 61.0
5124 61.0
5125 61.0
5126 61.0
5127 61.0
5128 61.0
5129 61.0
5130 61.0
5131 61.0
5132 61.0
5133 61.0
5134 61.0
5135 61.0
5136 61.0
5137 61.0
5138 61.0
5139 61.0
5140 61.0
5141 61.0
5142 61.0
5143 61.0
5144 61.0
5145 61.0
5146 61.0
5147 61.0
5148 61.0
5149 61.0
5150 61.0
5151 61.0
5152 61.0
5153 61.0
5154 61.0
5155 61.0
5156 61.0
5157 61.0
5158 61.0
5159 61.0
5160 61.0
5161 61.0
5162 61.0
5163 61.0
5164 61.0
5165 61.0
5166 61.0
5167 61.0
5168 61.0
5169 61.0
5170 61.0
5171 61.0
5172 61.0
5173 61.0
5174 61.0
5175 61.0
5176 61.0
5177 61.0
5178 61.0
5179 61.0
5180 61.0
5181 61.0
5182 61.0
5183 61.0
5184 61.0
5185 61.0
5186 61.0
5187 61.0
5188 61.0
5189 61.0
5190 61.0
5191 61.0
5192 61.0
5193 61.0
5194 61.0
5195 61.0
5196 61.0
5197 61.0
5198 61.0
5199 61.0
5200 61.0
5201 61.0
5202 61.0
5203 61.0
5204 61.0
5205 61.0
5206 61.0
5207 61.0
5208 61.0
5209 61.0
5210 61.0
5211 61.0
5212 61.0
5213 61.0
5214 61.0
5215 61.0
5216 61.0
5217 61.0
5218 61.0
5219 61.0
5220 61.0
5221 61.0
5222 61.0
5223 61.0
5224 61.0
5225 61.0
5226 61.0
5227 61.0
5228 61.0
5229 61.0
5230 61.0
5231 61.0
5232 61.0
5233 61.0
5234 61.0
5235 61.0
5236 61.0
5237 61.0
5238 61.0
5239 61.0
5240 61.0
5241 61.0
5242 61.0
5243 61.0
5244 61.0
5245 61.0
5246 61.0
5247 61.0
5248 61.0
5249 61.0
5250 61.0
5251 61.0
5252 61.0
5253 61.0
5254 61.0
5255 61.0
5256 61.0
5257 61.0
5258 61.0
5259 61.0
5260 61.0
5261 61.0
5262 61.0
5263 61.0
5264 61.0
5265 61.0
5266 61.0
5267 61.0
5268 61.0
5269 61.0
5270 61.0
5271 61.0
5272 61.0
5273 61.0
5274 61.0
5275 61.0
5276 61.0
5277 61.0
5278 61.0
5279 61.0
5280 61.0
5281 61.0
5282 61.0
5283 61.0
5284 61.0
5285 61.0
5286 61.0
5287 61.0
5288 61.0
5289 61.0
5290 61.0
5291 61.0
5292 61.0
5293 61.0
5294 61.0
5295 61.0
5296 61.0
5297 61.0
5298 61.0
5299 61.0
5300 61.0
5301 61.0
5302 61.0
5303 61.0
5304 61.0
5305 61.0
5306 61.0
5307 61.0
5308 61.0
5309 61.0
5310 61.0
5311 61.0
5312 61.0
5313 61.0
5314 61.0
5315 61.0
5316 61.0
5317 61.0
5318 61.0
5319 61.0
5320 61.0
5321 61.0
5322 61.0
5323 61.0
5324 61.0
5325 61.0
5326 61.0
5327 61.0
5328 61.0
5329 61.0
5330 61.0
5331 61.0
5332 61.0
5333 61.0
5334 61.0
5335 61.0
5336 61.0
5337 61.0
5338 61.0
5339 61.0
5340 61.0
5341 61.0
5342 61.0
5343 61.0
5344 61.0
5345 61.0
5346 61.0
5347 61.0
5348 61.0
5349 61.0
5350 61.0
5351 61.0
5352 61.0
5353 61.0
5354 61.0
5355 61.0
5356 61.0
5357 61.0
5358 61.0
5359 61.0
5360 61.0
5361 61.0
5362 61.0
5363 61.0
5364 61.0
5365 61.0
5366 61.0
5367 61.0
5368 61.0
5369 61.0
5370 61.0
5371 61.0
5372 61.0
5373 61.0
5374 61.0
5375 61.0
5376 61.0
5377 61.0
5378 61.0
5379 61.0
5380 61.0
5381 61.0
5382 61.0
5383 61.0
5384 61.0
5385 61.0
5386 61.0
5387 61.0
5388 61.0
5389 61.0
5390 61.0
5391 61.0
5392 61.0
5393 61.0
5394 61.0
5395 61.0
5396 61.0
5397 61.0
5398 61.0
5399 61.0
5400 61.0
5401 61.0
5402 61.0
5403 61.0
5404 61.0
5405 61.0
5406 61.0
5407 61.0
5408 61.0
5409 61.0
5410 61.0
5411 61.0
5412 61.0
5413 61.0
5414 61.0
5415 61.0
5416 61.0
5417 61.0
5418 61.0
5419 61.0
5420 61.0
5421 61.0
5422 61.0
5423 61.0
5424 61.0
5425 61.0
5426 61.0
5427 61.0
5428 61.0
5429 61.0
5430 61.0
5431 61.0
5432 61.0
5433 61.0
5434 61.0
5435 61.0
5436 61.0
5437 61.0
5438 61.0
5439 61.0
5440 61.0
5441 61.0
5442 61.0
5443 61.0
5444 61.0
5445 61.0
5446 61.0
5447 61.0
5448 61.0
5449 61.0
5450 61.0
5451 61.0
5452 61.0
5453 61.0
5454 61.0
5455 61.0
5456 61.0
5457 61.0
5458 61.0
5459 61.0
5460 61.0
5461 61.0
5462 61.0
5463 61.0
5464 61.0
5465 61.0
5466 61.0
5467 61.0
5468 61.0
5469 61.0
5470 61.0
5471 61.0
5472 61.0
5473 61.0
5474 61.0
5475 61.0
5476 61.0
5477 61.0
5478 61.0
5479 61.0
5480 61.0
5481 61.0
5482 61.0
5483 61.0
5484 61.0
5485 61.0
5486 61.0
5487 61.0
5488 61.0
5489 61.0
5490 61.0
5491 61.0
5492 61.0
5493 61.0
5494 61.0
5495 61.0
5496 61.0
5497 61.0
5498 61.0
5499 61.0
5500 61.0
5501 61.0
5502 61.0
5503 61.0
5504 61.0
5505 61.0
5506 61.0
5507 61.0
5508 61.0
5509 61.0
5510 61.0
5511 61.0
5512 61.0
5513 61.0
5514 61.0
5515 61.0
5516 61.0
5517 61.0
5518 61.0
5519 61.0
5520 61.0
5521 61.0
5522 61.0
5523 61.0
5524 61.0
5525 61.0
5526 61.0
5527 61.0
5528 61.0
5529 61.0
5530 61.0
5531 61.0
5532 61.0
5533 61.0
5534 61.0
5535 61.0
5536 61.0
5537 61.0
5538 61.0
5539 61.0
5540 61.0
5541 61.0
5542 61.0
5543 61.0
5544 61.0
5545 61.0
5546 61.0
5547 61.0
5548 61.0
5549 61.0
5550 61.0
5551 61.0
5552 61.0
5553 61.0
5554 61.0
5555 61.0
5556 61.0
5557 61.0
5558 61.0
5559 61.0
5560 61.0
5561 61.0
5562 61.0
5563 61.0
5564 61.0
5565 61.0
5566 61.0
5567 61.0
5568 61.0
5569 61.0
5570 61.0
5571 61.0
5572 61.0
5573 61.0
5574 61.0
5575 61.0
5576 61.0
5577 61.0
5578 61.0
5579 61.0
5580 61.0
5581 61.0
5582 61.0
5583 61.0
5584 61.0
5585 61.0
5586 61.0
5587 61.0
5588 61.0
5589 61.0
5590 61.0
5591 61.0
5592 61.0
5593 61.0
5594 61.0
5595 61.0
5596 61.0
5597 61.0
5598 61.0
5599 61.0
5600 61.0
5601 61.0
5602 61.0
5603 61.0
5604 61.0
5605 61.0
5606 61.0
5607 61.0
5608 61.0
5609 61.0
5610 61.0
5611 61.0
5612 61.0
5613 61.0
5614 61.0
5615 61.0
5616 61.0
5617 61.0
5618 61.0
5619 61.0
5620 61.0
5621 61.0
5622 61.0
5623 61.0
5624 61.0
5625 61.0
5626 61.0
5627 61.0
5628 61.0
5629 61.0
5630 61.0
5631 61.0
5632 61.0
5633 61.0
5634 61.0
5635 61.0
5636 61.0
5637 61.0
5638 61.0
5639 61.0
5640 61.0
5641 61.0
5642 61.0
5643 61.0
5644 61.0
5645 61.0
5646 61.0
5647 61.0
5648 61.0
5649 61.0
5650 61.0
5651 61.0
5652 61.0
5653 61.0
5654 61.0
5655 61.0
5656 61.0
5657 61.0
5658 61.0
5659 61.0
5660 61.0
5661 61.0
5662 61.0
5663 61.0
5664 61.0
5665 61.0
5666 61.0
5667 61.0
5668 61.0
5669 61.0
5670 61.0
5671 61.0
5672 61.0
5673 61.0
5674 61.0
5675 61.0
5676 61.0
5677 61.0
5678 61.0
5679 61.0
5680 61.0
5681 61.0
5682 61.0
5683 61.0
5684 61.0
5685 61.0
5686 61.0
5687 61.0
5688 61.0
5689 61.0
5690 61.0
5691 61.0
5692 61.0
5693 61.0
5694 61.0
5695 61.0
5696 61.0
5697 61.0
5698 61.0
5699 61.0
5700 61.0
5701 61.0
5702 61.0
5703 61.0
5704 61.0
5705 61.0
5706 61.0
5707 61.0
5708 61.0
5709 61.0
5710 61.0
5711 61.0
5712 61.0
5713 61.0
5714 61.0
5715 61.0
5716 61.0
5717 61.0
5718 61.0
5719 61.0
5720 61.0
5721 61.0
5722 61.0
5723 61.0
5724 61.0
5725 61.0
5726 61.0
5727 61.0
5728 61.0
5729 61.0
5730 61.0
5731 61.0
5732 61.0
5733 61.0
5734 61.0
5735 61.0
5736 61.0
5737 61.0
5738 61.0
5739 61.0
5740 61.0
5741 61.0
5742 61.0
5743 61.0
5744 61.0
5745 61.0
5746 61.0
5747 61.0
5748 61.0
5749 61.0
5750 61.0
5751 61.0
5752 61.0
5753 61.0
5754 61.0
5755 61.0
5756 61.0
5757 61.0
5758 61.0
5759 61.0
5760 61.0
5761 61.0
5762 61.0
5763 61.0
5764 61.0
5765 61.0
5766 61.0
5767 61.0
5768 61.0
5769 61.0
5770 61.0
5771 61.0
5772 61.0
5773 61.0
5774 61.0
5775 61.0
5776 61.0
5777 61.0
5778 61.0
5779 61.0
5780 61.0
5781 61.0
5782 61.0
5783 61.0
5784 61.0
5785 61.0
5786 61.0
5787 61.0
5788 61.0
5789 61.0
5790 61.0
5791 61.0
5792 61.0
5793 61.0
5794 61.0
5795 61.0
5796 61.0
5797 61.0
5798 61.0
5799 61.0
5800 61.0
5801 61.0
5802 61.0
5803 61.0
5804 61.0
5805 61.0
5806 61.0
5807 61.0
5808 61.0
5809 61.0
5810 61.0
5811 61.0
5812 61.0
5813 61.0
5814 61.0
5815 61.0
5816 61.0
5817 61.0
5818 61.0
5819 61.0
5820 61.0
5821 61.0
5822 61.0
5823 61.0
5824 61.0
5825 61.0
5826 61.0
5827 61.0
5828 61.0
5829 61.0
5830 61.0
5831 61.0
5832 61.0
5833 61.0
5834 61.0
5835 61.0
5836 61.0
5837 61.0
5838 61.0
5839 61.0
5840 61.0
5841 61.0
5842 61.0
5843 61.0
5844 61.0
5845 61.0
5846 61.0
5847 61.0
5848 61.0
5849 61.0
5850 61.0
5851 61.0
5852 61.0
5853 61.0
5854 61.0
5855 61.0
5856 61.0
5857 61.0
5858 61.0
5859 61.0
5860 61.0
5861 61.0
5862 61.0
5863 61.0
5864 61.0
5865 61.0
5866 61.0
5867 61.0
5868 61.0
5869 61.0
5870 61.0
5871 61.0
5872 61.0
5873 61.0
5874 61.0
5875 61.0
5876 61.0
5877 61.0
5878 61.0
5879 61.0
5880 61.0
5881 61.0
5882 61.0
5883 61.0
5884 61.0
5885 61.0
5886 61.0
5887 61.0
5888 61.0
5889 61.0
5890 61.0
5891 61.0
5892 61.0
5893 61.0
5894 61.0
5895 61.0
5896 61.0
5897 61.0
5898 61.0
5899 61.0
5900 61.0
5901 61.0
5902 61.0
5903 61.0
5904 61.0
5905 61.0
5906 61.0
5907 61.0
5908 61.0
5909 61.0
5910 61.0
5911 61.0
5912 61.0
5913 61.0
5914 61.0
5915 61.0
5916 61.0
5917 61.0
5918 61.0
5919 61.0
5920 61.0
5921 61.0
5922 61.0
5923 61.0
5924 61.0
5925 61.0
5926 61.0
5927 61.0
5928 61.0
5929 61.0
5930 61.0
5931 61.0
5932 61.0
5933 61.0
5934 61.0
5935 61.0
5936 61.0
5937 61.0
5938 61.0
5939 61.0
5940 61.0
5941 61.0
5942 61.0
5943 61.0
5944 61.0
5945 61.0
5946 61.0
5947 61.0
5948 61.0
5949 61.0
5950 61.0
5951 61.0
5952 61.0
5953 61.0
5954 61.0
5955 61.0
5956 61.0
5957 61.0
5958 61.0
5959 61.0
5960 61.0
5961 61.0
5962 61.0
5963 61.0
5964 61.0
5965 61.0
5966 61.0
5967 61.0
5968 61.0
5969 61.0
5970 61.0
5971 61.0
5972 61.0
5973 61.0
5974 61.0
5975 61.0
5976 61.0
5977 61.0
5978 61.0
5979 61.0
5980 61.0
5981 61.0
5982 61.0
5983 61.0
5984 61.0
5985 61.0
5986 61.0
5987 61.0
5988 61.0
5989 61.0
5990 61.0
5991 61.0
5992 61.0
5993 61.0
5994 61.0
5995 61.0
5996 61.0
5997 61.0
5998 61.0
5999 61.0
6000 61.0
6001 61.0
6002 61.0
6003 61.0
6004 61.0
6005 61.0
6006 61.0
6007 61.0
6008 61.0
6009 61.0
6010 61.0
6011 61.0
6012 61.0
6013 61.0
6014 61.0
6015 61.0
6016 61.0
6017 61.0
6018 61.0
6019 61.0
6020 61.0
6021 61.0
6022 61.0
6023 61.0
6024 61.0
6025 61.0
6026 61.0
6027 61.0
6028 61.0
6029 61.0
6030 61.0
6031 61.0
6032 61.0
6033 61.0
6034 61.0
6035 61.0
6036 61.0
6037 61.0
6038 61.0
6039 61.0
6040 61.0
6041 61.0
6042 61.0
6043 61.0
6044 61.0
6045 61.0
6046 61.0
6047 61.0
6048 61.0
6049 61.0
6050 61.0
6051 61.0
6052 61.0
6053 61.0
6054 61.0
6055 61.0
6056 61.0
6057 61.0
6058 61.0
6059 61.0
6060 61.0
6061 61.0
6062 61.0
6063 61.0
6064 61.0
6065 61.0
6066 61.0
6067 61.0
6068 61.0
6069 61.0
6070 61.0
6071 61.0
6072 61.0
6073 61.0
6074 61.0
6075 61.0
6076 61.0
6077 61.0
6078 61.0
6079 61.0
6080 61.0
6081 61.0
6082 61.0
6083 61.0
6084 61.0
6085 61.0
6086 61.0
6087 61.0
6088 61.0
6089 61.0
6090 61.0
6091 61.0
6092 61.0
6093 61.0
6094 61.0
6095 61.0
6096 61.0
6097 61.0
6098 61.0
6099 61.0
6100 61.0
6101 61.0
6102 61.0
6103 61.0
6104 61.0
6105 61.0
6106 61.0
6107 61.0
6108 61.0
6109 61.0
6110 61.0
6111 61.0
6112 61.0
6113 61.0
6114 61.0
6115 61.0
6116 61.0
6117 61.0
6118 61.0
6119 61.0
6120 61.0
6121 61.0
6122 61.0
6123 61.0
6124 61.0
6125 61.0
6126 61.0
6127 61.0
6128 61.0
6129 61.0
6130 61.0
6131 61.0
6132 61.0
6133 61.0
6134 61.0
6135 61.0
6136 61.0
6137 61.0
6138 61.0
6139 61.0
6140 61.0
6141 61.0
6142 61.0
6143 61.0
6144 61.0
6145 61.0
6146 61.0
6147 61.0
6148 61.0
6149 61.0
6150 61.0
6151 61.0
6152 61.0
6153 61.0
6154 61.0
6155 61.0
6156 61.0
6157 61.0
6158 61.0
6159 61.0
6160 61.0
6161 61.0
6162 61.0
6163 61.0
6164 61.0
6165 61.0
6166 61.0
6167 61.0
6168 61.0
6169 61.0
6170 61.0
6171 61.0
6172 61.0
6173 61.0
6174 61.0
6175 61.0
6176 61.0
6177 61.0
6178 61.0
6179 61.0
6180 61.0
6181 61.0
6182 61.0
6183 61.0
6184 61.0
6185 61.0
6186 61.0
6187 61.0
6188 61.0
6189 61.0
6190 61.0
6191 61.0
6192 61.0
6193 61.0
6194 61.0
6195 61.0
6196 61.0
6197 61.0
6198 61.0
6199 61.0
6200 61.0
6201 61.0
6202 61.0
6203 61.0
6204 61.0
6205 61.0
6206 61.0
6207 61.0
6208 61.0
6209 61.0
6210 61.0
6211 61.0
6212 61.0
6213 61.0
6214 61.0
6215 61.0
6216 61.0
6217 61.0
6218 61.0
6219 61.0
6220 61.0
6221 61.0
6222 61.0
6223 61.0
6224 61.0
6225 61.0
6226 61.0
6227 61.0
6228 61.0
6229 61.0
6230 61.0
6231 61.0
6232 61.0
6233 61.0
6234 61.0
6235 61.0
6236 61.0
6237 61.0
6238 61.0
6239 61.0
6240 61.0
6241 61.0
6242 61.0
6243 61.0
6244 61.0
6245 61.0
6246 61.0
6247 61.0
6248 61.0
6249 61.0
6250 61.0
6251 61.0
6252 61.0
6253 61.0
6254 61.0
6255 61.0
6256 61.0
6257 61.0
6258 61.0
6259 61.0
6260 61.0
6261 61.0
6262 61.0
6263 61.0
6264 61.0
6265 61.0
6266 61.0
6267 61.0
6268 61.0
6269 61.0
6270 61.0
6271 61.0
6272 61.0
6273 61.0
6274 61.0
6275 61.0
6276 61.0
6277 61.0
6278 61.0
6279 61.0
6280 61.0
6281 61.0
6282 61.0
6283 61.0
6284 61.0
6285 61.0
6286 61.0
6287 61.0
6288 61.0
6289 61.0
6290 61.0
6291 61.0
6292 61.0
6293 61.0
6294 61.0
6295 61.0
6296 61.0
6297 61.0
6298 61.0
6299 61.0
6300 61.0
6301 61.0
6302 61.0
6303 61.0
6304 61.0
6305 61.0
6306 61.0
6307 61.0
6308 61.0
6309 61.0
6310 61.0
6311 61.0
6312 61.0
6313 61.0
6314 61.0
6315 61.0
6316 61.0
6317 61.0
6318 61.0
6319 61.0
6320 61.0
6321 61.0
6322 61.0
6323 61.0
6324 61.0
6325 61.0
6326 61.0
6327 61.0
6328 61.0
6329 61.0
6330 61.0
6331 61.0
6332 61.0
6333 61.0
6334 61.0
6335 61.0
6336 61.0
6337 61.0
6338 61.0
6339 61.0
6340 61.0
6341 61.0
6342 61.0
6343 61.0
6344 61.0
6345 61.0
6346 61.0
6347 61.0
6348 61.0
6349 61.0
6350 61.0
6351 61.0
6352 61.0
6353 61.0
6354 61.0
6355 61.0
6356 61.0
6357 61.0
6358 61.0
6359 61.0
6360 61.0
6361 61.0
6362 61.0
6363 61.0
6364 61.0
6365 61.0
6366 61.0
6367 61.0
6368 61.0
6369 61.0
6370 61.0
6371 61.0
6372 61.0
6373 61.0
6374 61.0
6375 61.0
6376 61.0
6377 61.0
6378 61.0
6379 61.0
6380 61.0
6381 61.0
6382 61.0
6383 61.0
6384 61.0
6385 61.0
6386 61.0
6387 61.0
6388 61.0
6389 61.0
6390 61.0
6391 61.0
6392 61.0
6393 61.0
6394 61.0
6395 61.0
6396 61.0
6397 61.0
6398 61.0
6399 61.0
6400 61.0
6401 61.0
6402 61.0
6403 61.0
6404 61.0
6405 61.0
6406 61.0
6407 61.0
6408 61.0
6409 61.0
6410 61.0
6411 61.0
6412 61.0
6413 61.0
6414 61.0
6415 61.0
6416 61.0
6417 61.0
6418 61.0
6419 61.0
6420 61.0
6421 61.0
6422 61.0
6423 61.0
6424 61.0
6425 61.0
6426 61.0
6427 61.0
6428 61.0
6429 61.0
6430 61.0
6431 61.0
6432 61.0
6433 61.0
6434 61.0
6435 61.0
6436 61.0
6437 61.0
6438 61.0
6439 61.0
6440 61.0
6441 61.0
6442 61.0
6443 61.0
6444 61.0
6445 61.0
6446 61.0
6447 61.0
6448 61.0
6449 61.0
6450 61.0
6451 61.0
6452 61.0
6453 61.0
6454 61.0
6455 61.0
6456 61.0
6457 61.0
6458 61.0
6459 61.0
6460 61.0
6461 61.0
6462 61.0
6463 61.0
6464 61.0
6465 61.0
6466 61.0
6467 61.0
6468 61.0
6469 61.0
6470 61.0
6471 61.0
6472 61.0
6473 61.0
6474 61.0
6475 61.0
6476 61.0
6477 61.0
6478 61.0
6479 61.0
6480 61.0
6481 61.0
6482 61.0
6483 61.0
6484 61.0
6485 61.0
6486 61.0
6487 61.0
6488 61.0
6489 61.0
6490 61.0
6491 61.0
6492 61.0
6493 61.0
6494 61.0
6495 61.0
6496 61.0
6497 61.0
6498 61.0
6499 61.0
6500 61.0
6501 61.0
6502 61.0
6503 61.0
6504 61.0
6505 61.0
6506 61.0
6507 61.0
6508 61.0
6509 61.0
6510 61.0
6511 61.0
6512 61.0
6513 61.0
6514 61.0
6515 61.0
6516 61.0
6517 61.0
6518 61.0
6519 61.0
6520 61.0
6521 61.0
6522 61.0
6523 61.0
6524 61.0
6525 61.0
6526 61.0
6527 61.0
6528 61.0
6529 61.0
6530 61.0
6531 61.0
6532 61.0
6533 61.0
6534 61.0
6535 61.0
6536 61.0
6537 61.0
6538 61.0
6539 61.0
6540 61.0
6541 61.0
6542 61.0
6543 61.0
6544 61.0
6545 61.0
6546 61.0
6547 61.0
6548 61.0
6549 61.0
6550 61.0
6551 61.0
6552 61.0
6553 61.0
6554 61.0
6555 61.0
6556 61.0
6557 61.0
6558 61.0
6559 61.0
6560 61.0
6561 61.0
6562 61.0
6563 61.0
6564 61.0
6565 61.0
6566 61.0
6567 61.0
6568 61.0
6569 61.0
6570 61.0
6571 61.0
6572 61.0
6573 61.0
6574 61.0
6575 61.0
6576 61.0
6577 61.0
6578 61.0
6579 61.0
6580 61.0
6581 61.0
6582 61.0
6583 61.0
6584 61.0
6585 61.0
6586 61.0
6587 61.0
6588 61.0
6589 61.0
6590 61.0
6591 61.0
6592 61.0
6593 61.0
6594 61.0
6595 61.0
6596 61.0
6597 61.0
6598 61.0
6599 61.0
6600 61.0
6601 61.0
6602 61.0
6603 61.0
6604 61.0
6605 61.0
6606 61.0
6607 61.0
6608 61.0
6609 61.0
6610 61.0
6611 61.0
6612 63.0
6613 63.0
6614 63.0
6615 63.0
6616 63.0
6617 63.0
6618 63.0
6619 63.0
6620 63.0
6621 63.0
6622 63.0
6623 63.0
6624 63.0
6625 63.0
6626 63.0
6627 63.0
6628 63.0
6629 63.0
6630 63.0
6631 63.0
6632 63.0
6633 63.0
6634 63.0
6635 63.0
6636 63.0
6637 63.0
6638 63.0
6639 63.0
6640 63.0
6641 63.0
6642 63.0
6643 63.0
6644 63.0
6645 63.0
6646 63.0
6647 63.0
6648 63.0
6649 63.0
6650 63.0
6651 63.0
6652 63.0
6653 63.0
6654 63.0
6655 63.0
6656 63.0
6657 63.0
6658 63.0
6659 63.0
6660 63.0
6661 63.0
6662 63.0
6663 63.0
6664 63.0
6665 63.0
6666 63.0
6667 63.0
6668 63.0
6669 63.0
6670 63.0
6671 63.0
6672 63.0
6673 63.0
6674 63.0
6675 63.0
6676 63.0
6677 63.0
6678 63.0
6679 63.0
6680 63.0
6681 63.0
6682 63.0
6683 63.0
6684 63.0
6685 63.0
6686 63.0
6687 63.0
6688 63.0
6689 63.0
6690 63.0
6691 63.0
6692 63.0
6693 63.0
6694 63.0
6695 63.0
6696 63.0
6697 63.0
6698 63.0
6699 63.0
6700 63.0
6701 63.0
6702 63.0
6703 63.0
6704 63.0
6705 63.0
6706 63.0
6707 63.0
6708 63.0
6709 63.0
6710 63.0
6711 63.0
6712 63.0
6713 63.0
6714 63.0
6715 63.0
6716 63.0
6717 63.0
6718 63.0
6719 63.0
6720 63.0
6721 63.0
6722 63.0
6723 63.0
6724 63.0
6725 63.0
6726 63.0
6727 63.0
6728 63.0
6729 63.0
6730 63.0
6731 63.0
6732 63.0
6733 63.0
6734 63.0
6735 63.0
6736 63.0
6737 63.0
6738 63.0
6739 63.0
6740 63.0
6741 63.0
6742 63.0
6743 63.0
6744 63.0
6745 63.0
6746 63.0
6747 63.0
6748 63.0
6749 63.0
6750 63.0
6751 63.0
6752 63.0
6753 63.0
6754 63.0
6755 63.0
6756 63.0
6757 63.0
6758 63.0
6759 63.0
6760 63.0
6761 63.0
6762 63.0
6763 63.0
6764 63.0
6765 63.0
6766 63.0
6767 63.0
6768 63.0
6769 63.0
6770 63.0
6771 63.0
6772 63.0
6773 63.0
6774 63.0
6775 63.0
6776 63.0
6777 63.0
6778 63.0
6779 63.0
6780 63.0
6781 63.0
6782 63.0
6783 63.0
6784 63.0
6785 63.0
6786 63.0
6787 63.0
6788 63.0
6789 63.0
6790 63.0
6791 63.0
6792 63.0
6793 63.0
6794 63.0
6795 63.0
6796 63.0
6797 63.0
6798 63.0
6799 63.0
6800 63.0
6801 63.0
6802 63.0
6803 63.0
6804 63.0
6805 63.0
6806 63.0
6807 63.0
6808 63.0
6809 63.0
6810 63.0
6811 63.0
6812 63.0
6813 63.0
6814 63.0
6815 63.0
6816 63.0
6817 63.0
6818 63.0
6819 63.0
6820 63.0
6821 63.0
6822 63.0
6823 63.0
6824 63.0
6825 63.0
6826 63.0
6827 63.0
6828 63.0
6829 63.0
6830 63.0
6831 63.0
6832 63.0
6833 63.0
6834 63.0
6835 63.0
6836 63.0
6837 63.0
6838 63.0
6839 63.0
6840 63.0
6841 63.0
6842 63.0
6843 63.0
6844 63.0
6845 63.0
6846 63.0
6847 63.0
6848 63.0
6849 63.0
6850 63.0
6851 63.0
6852 63.0
6853 63.0
6854 63.0
6855 63.0
6856 63.0
6857 63.0
6858 63.0
6859 63.0
6860 63.0
6861 63.0
6862 63.0
6863 63.0
6864 63.0
6865 63.0
6866 63.0
6867 63.0
6868 63.0
6869 63.0
6870 63.0
6871 63.0
6872 63.0
6873 63.0
6874 63.0
6875 63.0
6876 63.0
6877 63.0
6878 63.0
6879 63.0
6880 63.0
6881 63.0
6882 63.0
6883 63.0
6884 63.0
6885 63.0
6886 63.0
6887 63.0
6888 63.0
6889 63.0
6890 63.0
6891 63.0
6892 63.0
6893 63.0
6894 63.0
6895 63.0
6896 63.0
6897 63.0
6898 63.0
6899 63.0
6900 63.0
6901 63.0
6902 63.0
6903 63.0
6904 63.0
6905 63.0
6906 63.0
6907 63.0
6908 63.0
6909 63.0
6910 63.0
6911 63.0
6912 63.0
6913 63.0
6914 63.0
6915 63.0
6916 63.0
6917 63.0
6918 63.0
6919 63.0
6920 63.0
6921 63.0
6922 63.0
6923 63.0
6924 63.0
6925 63.0
6926 63.0
6927 63.0
6928 63.0
6929 63.0
6930 63.0
6931 63.0
6932 63.0
6933 63.0
6934 63.0
6935 63.0
6936 63.0
6937 63.0
6938 63.0
6939 63.0
6940 63.0
6941 63.0
6942 63.0
6943 63.0
6944 63.0
6945 63.0
6946 63.0
6947 63.0
6948 63.0
6949 63.0
6950 63.0
6951 63.0
6952 63.0
6953 63.0
6954 63.0
6955 63.0
6956 63.0
6957 63.0
6958 63.0
6959 63.0
6960 63.0
6961 63.0
6962 63.0
6963 63.0
6964 63.0
6965 63.0
6966 63.0
6967 63.0
6968 63.0
6969 63.0
6970 63.0
6971 63.0
6972 63.0
6973 63.0
6974 63.0
6975 63.0
6976 63.0
6977 63.0
6978 63.0
6979 63.0
6980 63.0
6981 63.0
6982 63.0
6983 63.0
6984 63.0
6985 63.0
6986 63.0
6987 63.0
6988 63.0
6989 63.0
6990 63.0
6991 63.0
6992 63.0
6993 63.0
6994 63.0
6995 63.0
6996 63.0
6997 63.0
6998 63.0
6999 63.0
7000 63.0
7001 63.0
7002 63.0
7003 63.0
7004 63.0
7005 63.0
7006 63.0
7007 63.0
7008 63.0
7009 63.0
7010 63.0
7011 63.0
7012 63.0
7013 63.0
7014 63.0
7015 63.0
7016 63.0
7017 63.0
7018 63.0
7019 63.0
7020 63.0
7021 63.0
7022 63.0
7023 63.0
7024 63.0
7025 63.0
7026 63.0
7027 63.0
7028 63.0
7029 63.0
7030 63.0
7031 63.0
7032 63.0
7033 63.0
7034 63.0
7035 63.0
7036 63.0
7037 63.0
7038 63.0
7039 63.0
7040 63.0
7041 63.0
7042 63.0
7043 63.0
7044 63.0
7045 63.0
7046 63.0
7047 63.0
7048 63.0
7049 63.0
7050 63.0
7051 63.0
7052 63.0
7053 63.0
7054 63.0
7055 63.0
7056 63.0
7057 63.0
7058 63.0
7059 63.0
7060 63.0
7061 63.0
7062 63.0
7063 63.0
7064 63.0
7065 63.0
7066 63.0
7067 63.0
7068 63.0
7069 63.0
7070 63.0
7071 63.0
7072 63.0
7073 63.0
7074 63.0
7075 63.0
7076 63.0
7077 63.0
7078 63.0
7079 63.0
7080 63.0
7081 63.0
7082 63.0
7083 63.0
7084 63.0
7085 63.0
7086 63.0
7087 63.0
7088 63.0
7089 63.0
7090 63.0
7091 63.0
7092 63.0
7093 63.0
7094 63.0
7095 63.0
7096 63.0
7097 63.0
7098 63.0
7099 63.0
7100 63.0
7101 63.0
7102 63.0
7103 63.0
7104 63.0
7105 63.0
7106 63.0
7107 63.0
7108 63.0
7109 63.0
7110 63.0
7111 63.0
7112 63.0
7113 63.0
7114 63.0
7115 63.0
7116 63.0
7117 63.0
7118 63.0
7119 63.0
7120 63.0
7121 63.0
7122 63.0
7123 63.0
7124 63.0
7125 63.0
7126 63.0
7127 63.0
7128 63.0
7129 63.0
7130 63.0
7131 63.0
7132 63.0
7133 63.0
7134 63.0
7135 63.0
7136 63.0
7137 63.0
7138 63.0
7139 63.0
7140 63.0
7141 63.0
7142 63.0
7143 63.0
7144 63.0
7145 63.0
7146 63.0
7147 63.0
7148 63.0
7149 63.0
7150 63.0
7151 63.0
7152 63.0
7153 63.0
7154 63.0
7155 63.0
7156 63.0
7157 63.0
7158 63.0
7159 63.0
7160 63.0
7161 63.0
7162 63.0
7163 63.0
7164 63.0
7165 63.0
7166 63.0
7167 63.0
7168 63.0
7169 63.0
7170 63.0
7171 63.0
7172 63.0
7173 63.0
7174 63.0
7175 63.0
7176 63.0
7177 63.0
7178 63.0
7179 63.0
7180 63.0
7181 63.0
7182 63.0
7183 63.0
7184 63.0
7185 63.0
7186 63.0
7187 63.0
7188 63.0
7189 63.0
7190 63.0
7191 63.0
7192 63.0
7193 63.0
7194 63.0
7195 63.0
7196 63.0
7197 63.0
7198 63.0
7199 63.0
7200 63.0
7201 63.0
7202 63.0
7203 63.0
7204 63.0
7205 63.0
7206 63.0
7207 63.0
7208 63.0
7209 63.0
7210 63.0
7211 63.0
7212 63.0
7213 63.0
7214 63.0
7215 63.0
7216 63.0
7217 63.0
7218 63.0
7219 63.0
7220 63.0
7221 63.0
7222 63.0
7223 63.0
7224 63.0
7225 63.0
7226 63.0
7227 63.0
7228 63.0
7229 63.0
7230 63.0
7231 63.0
7232 63.0
7233 63.0
7234 63.0
7235 63.0
7236 63.0
7237 63.0
7238 63.0
7239 63.0
7240 63.0
7241 63.0
7242 63.0
7243 63.0
7244 63.0
7245 63.0
7246 63.0
7247 63.0
7248 63.0
7249 63.0
7250 63.0
7251 63.0
7252 63.0
7253 63.0
7254 63.0
7255 63.0
7256 63.0
7257 63.0
7258 63.0
7259 63.0
7260 63.0
7261 63.0
7262 63.0
7263 63.0
7264 63.0
7265 63.0
7266 63.0
7267 63.0
7268 63.0
7269 63.0
7270 63.0
7271 63.0
7272 63.0
7273 63.0
7274 63.0
7275 63.0
7276 63.0
7277 63.0
7278 63.0
7279 63.0
7280 63.0
7281 63.0
7282 63.0
7283 63.0
7284 63.0
7285 63.0
7286 63.0
7287 63.0
7288 63.0
7289 63.0
7290 63.0
7291 63.0
7292 63.0
7293 63.0
7294 63.0
7295 63.0
7296 63.0
7297 63.0
7298 63.0
7299 63.0
7300 63.0
7301 63.0
7302 63.0
7303 63.0
7304 63.0
7305 63.0
7306 63.0
7307 63.0
7308 63.0
7309 63.0
7310 63.0
7311 63.0
7312 63.0
7313 63.0
7314 63.0
7315 63.0
7316 63.0
7317 63.0
7318 63.0
7319 63.0
7320 63.0
7321 63.0
7322 63.0
7323 63.0
7324 63.0
7325 63.0
7326 63.0
7327 63.0
7328 63.0
7329 63.0
7330 63.0
7331 63.0
7332 63.0
7333 63.0
7334 63.0
7335 63.0
7336 63.0
7337 63.0
7338 63.0
7339 63.0
7340 63.0
7341 63.0
7342 63.0
7343 63.0
7344 63.0
7345 63.0
7346 63.0
7347 63.0
7348 63.0
7349 63.0
7350 63.0
7351 63.0
7352 63.0
7353 63.0
7354 63.0
7355 63.0
7356 63.0
7357 63.0
7358 63.0
7359 63.0
7360 63.0
7361 63.0
7362 63.0
7363 63.0
7364 63.0
7365 63.0
7366 63.0
7367 63.0
7368 63.0
7369 63.0
7370 63.0
7371 63.0
7372 63.0
7373 63.0
7374 63.0
7375 63.0
7376 63.0
7377 63.0
7378 63.0
7379 63.0
7380 63.0
7381 63.0
7382 63.0
7383 63.0
7384 63.0
7385 63.0
7386 63.0
7387 63.0
7388 63.0
7389 63.0
7390 63.0
7391 63.0
7392 63.0
7393 63.0
7394 63.0
7395 63.0
7396 63.0
7397 63.0
7398 63.0
7399 63.0
7400 63.0
7401 63.0
7402 63.0
7403 63.0
7404 63.0
7405 63.0
7406 63.0
7407 63.0
7408 63.0
7409 63.0
7410 63.0
7411 63.0
7412 63.0
7413 63.0
7414 63.0
7415 63.0
7416 63.0
7417 63.0
7418 63.0
7419 63.0
7420 63.0
7421 63.0
7422 63.0
7423 63.0
7424 63.0
7425 63.0
7426 63.0
7427 63.0
7428 63.0
7429 63.0
7430 63.0
7431 63.0
7432 63.0
7433 63.0
7434 63.0
7435 63.0
7436 63.0
7437 63.0
7438 63.0
7439 63.0
7440 63.0
7441 63.0
7442 63.0
7443 63.0
7444 63.0
7445 63.0
7446 63.0
7447 63.0
7448 63.0
7449 63.0
7450 63.0
7451 63.0
7452 63.0
7453 63.0
7454 63.0
7455 63.0
7456 63.0
7457 63.0
7458 63.0
7459 63.0
7460 63.0
7461 63.0
7462 63.0
7463 63.0
7464 63.0
7465 63.0
7466 63.0
7467 63.0
7468 63.0
7469 63.0
7470 63.0
7471 63.0
7472 63.0
7473 63.0
7474 63.0
7475 63.0
7476 63.0
7477 63.0
7478 63.0
7479 63.0
7480 63.0
7481 63.0
7482 63.0
7483 63.0
7484 63.0
7485 63.0
7486 63.0
7487 63.0
7488 63.0
7489 63.0
7490 63.0
7491 63.0
7492 63.0
7493 63.0
7494 63.0
7495 63.0
7496 63.0
7497 63.0
7498 63.0
7499 63.0
7500 63.0
7501 63.0
7502 63.0
7503 63.0
7504 63.0
7505 63.0
7506 63.0
7507 63.0
7508 63.0
7509 63.0
7510 63.0
7511 63.0
7512 63.0
7513 63.0
7514 63.0
7515 63.0
7516 63.0
7517 63.0
7518 63.0
7519 63.0
7520 63.0
7521 63.0
7522 63.0
7523 63.0
7524 63.0
7525 63.0
7526 63.0
7527 63.0
7528 63.0
7529 63.0
7530 63.0
7531 63.0
7532 63.0
7533 63.0
7534 63.0
7535 63.0
7536 63.0
7537 63.0
7538 63.0
7539 63.0
7540 63.0
7541 63.0
7542 63.0
7543 63.0
7544 63.0
7545 63.0
7546 63.0
7547 63.0
7548 63.0
7549 63.0
7550 63.0
7551 63.0
7552 63.0
7553 63.0
7554 63.0
7555 63.0
7556 63.0
7557 63.0
7558 63.0
7559 63.0
7560 63.0
7561 63.0
7562 63.0
7563 63.0
7564 63.0
7565 63.0
7566 63.0
7567 63.0
7568 63.0
7569 63.0
7570 63.0
7571 63.0
7572 63.0
7573 63.0
7574 63.0
7575 63.0
7576 63.0
7577 63.0
7578 63.0
7579 63.0
7580 63.0
7581 63.0
7582 63.0
7583 63.0
7584 63.0
7585 63.0
7586 63.0
7587 63.0
7588 63.0
7589 63.0
7590 63.0
7591 63.0
7592 63.0
7593 63.0
7594 63.0
7595 63.0
7596 63.0
7597 63.0
7598 63.0
7599 63.0
7600 63.0
7601 63.0
7602 63.0
7603 63.0
7604 63.0
7605 63.0
7606 63.0
7607 63.0
7608 63.0
7609 63.0
7610 63.0
7611 63.0
7612 63.0
7613 63.0
7614 63.0
7615 63.0
7616 63.0
7617 63.0
7618 63.0
7619 63.0
7620 63.0
7621 63.0
7622 63.0
7623 63.0
7624 63.0
7625 63.0
7626 63.0
7627 63.0
7628 63.0
7629 63.0
7630 63.0
7631 63.0
7632 63.0
7633 63.0
7634 63.0
7635 63.0
7636 63.0
7637 63.0
7638 63.0
7639 63.0
7640 63.0
7641 63.0
7642 63.0
7643 63.0
7644 63.0
7645 63.0
7646 63.0
7647 63.0
7648 63.0
7649 63.0
7650 63.0
7651 63.0
7652 63.0
7653 63.0
7654 63.0
7655 63.0
7656 63.0
7657 63.0
7658 63.0
7659 63.0
7660 63.0
7661 63.0
7662 63.0
7663 63.0
7664 63.0
7665 63.0
7666 63.0
7667 63.0
7668 63.0
7669 63.0
7670 63.0
7671 63.0
7672 63.0
7673 63.0
7674 63.0
7675 63.0
7676 63.0
7677 63.0
7678 63.0
7679 63.0
7680 63.0
7681 63.0
7682 63.0
7683 63.0
7684 63.0
7685 63.0
7686 63.0
7687 63.0
7688 63.0
7689 63.0
7690 63.0
7691 63.0
7692 63.0
7693 63.0
7694 63.0
7695 63.0
7696 63.0
7697 63.0
7698 63.0
7699 63.0
7700 63.0
7701 63.0
7702 63.0
7703 63.0
7704 63.0
7705 63.0
7706 63.0
7707 63.0
7708 63.0
7709 63.0
7710 63.0
7711 63.0
7712 63.0
7713 63.0
7714 63.0
7715 63.0
7716 63.0
7717 63.0
7718 63.0
7719 63.0
7720 63.0
7721 63.0
7722 63.0
7723 63.0
7724 63.0
7725 63.0
7726 63.0
7727 63.0
7728 63.0
7729 63.0
7730 63.0
7731 63.0
7732 63.0
7733 63.0
7734 63.0
7735 63.0
7736 63.0
7737 63.0
7738 63.0
7739 63.0
7740 63.0
7741 63.0
7742 63.0
7743 63.0
7744 63.0
7745 63.0
7746 63.0
7747 63.0
7748 63.0
7749 63.0
7750 63.0
7751 63.0
7752 63.0
7753 63.0
7754 63.0
7755 63.0
7756 63.0
7757 63.0
7758 63.0
7759 63.0
7760 63.0
7761 63.0
7762 63.0
7763 63.0
7764 63.0
7765 63.0
7766 63.0
7767 63.0
7768 63.0
7769 63.0
7770 63.0
7771 63.0
7772 63.0
7773 63.0
7774 63.0
7775 63.0
7776 63.0
7777 63.0
7778 63.0
7779 63.0
7780 63.0
7781 63.0
7782 63.0
7783 63.0
7784 63.0
7785 63.0
7786 63.0
7787 63.0
7788 63.0
7789 63.0
7790 63.0
7791 63.0
7792 63.0
7793 63.0
7794 63.0
7795 63.0
7796 63.0
7797 63.0
7798 63.0
7799 63.0
7800 63.0
7801 63.0
7802 63.0
7803 63.0
7804 63.0
7805 63.0
7806 63.0
7807 63.0
7808 63.0
7809 63.0
7810 63.0
7811 63.0
7812 63.0
7813 63.0
7814 63.0
7815 63.0
7816 63.0
7817 63.0
7818 63.0
7819 63.0
7820 63.0
7821 63.0
7822 63.0
7823 63.0
7824 63.0
7825 63.0
7826 63.0
7827 63.0
7828 63.0
7829 63.0
7830 63.0
7831 63.0
7832 63.0
7833 63.0
7834 63.0
7835 63.0
7836 63.0
7837 63.0
7838 63.0
7839 63.0
7840 63.0
7841 63.0
7842 63.0
7843 63.0
7844 63.0
7845 63.0
7846 63.0
7847 63.0
7848 63.0
7849 63.0
7850 63.0
7851 63.0
7852 63.0
7853 63.0
7854 63.0
7855 63.0
7856 63.0
7857 63.0
7858 63.0
7859 63.0
7860 63.0
7861 63.0
7862 63.0
7863 63.0
7864 63.0
7865 63.0
7866 63.0
7867 63.0
7868 63.0
7869 63.0
7870 63.0
7871 63.0
7872 63.0
7873 63.0
7874 63.0
7875 63.0
7876 63.0
7877 63.0
7878 63.0
7879 63.0
7880 63.0
7881 63.0
7882 63.0
7883 63.0
7884 63.0
7885 63.0
7886 63.0
7887 63.0
7888 63.0
7889 63.0
7890 63.0
7891 63.0
7892 63.0
7893 63.0
7894 63.0
7895 63.0
7896 63.0
7897 63.0
7898 63.0
7899 63.0
7900 63.0
7901 63.0
7902 63.0
7903 63.0
7904 63.0
7905 63.0
7906 63.0
7907 63.0
7908 63.0
7909 63.0
7910 63.0
7911 63.0
7912 63.0
7913 63.0
7914 63.0
7915 63.0
7916 63.0
7917 63.0
7918 63.0
7919 63.0
7920 63.0
7921 63.0
7922 63.0
7923 63.0
7924 63.0
7925 63.0
7926 63.0
7927 63.0
7928 63.0
7929 63.0
7930 63.0
7931 63.0
7932 63.0
7933 63.0
7934 63.0
7935 63.0
7936 63.0
7937 63.0
7938 63.0
7939 63.0
7940 63.0
7941 63.0
7942 63.0
7943 63.0
7944 63.0
7945 63.0
7946 63.0
7947 63.0
7948 63.0
7949 63.0
7950 63.0
7951 63.0
7952 63.0
7953 63.0
7954 63.0
7955 63.0
7956 63.0
7957 63.0
7958 63.0
7959 63.0
7960 63.0
7961 63.0
7962 63.0
7963 63.0
7964 63.0
7965 63.0
7966 63.0
7967 63.0
7968 63.0
7969 63.0
7970 63.0
7971 63.0
7972 63.0
7973 63.0
7974 63.0
7975 63.0
7976 63.0
7977 63.0
7978 63.0
7979 63.0
7980 63.0
7981 63.0
7982 63.0
7983 63.0
7984 63.0
7985 63.0
7986 63.0
7987 63.0
7988 63.0
7989 63.0
7990 63.0
7991 63.0
7992 63.0
7993 63.0
7994 63.0
7995 63.0
7996 63.0
7997 63.0
7998 63.0
7999 63.0
8000 63.0
8001 63.0
8002 63.0
8003 63.0
8004 63.0
8005 63.0
8006 63.0
8007 63.0
8008 63.0
8009 63.0
8010 63.0
8011 63.0
8012 63.0
8013 63.0
8014 63.0
8015 63.0
8016 63.0
8017 63.0
8018 63.0
8019 63.0
8020 63.0
8021 63.0
8022 63.0
8023 63.0
8024 63.0
8025 63.0
8026 63.0
8027 63.0
8028 63.0
8029 63.0
8030 63.0
8031 63.0
8032 63.0
8033 63.0
8034 63.0
8035 63.0
8036 63.0
8037 63.0
8038 63.0
8039 63.0
8040 63.0
8041 63.0
8042 63.0
8043 63.0
8044 63.0
8045 63.0
8046 63.0
8047 63.0
8048 63.0
8049 63.0
8050 63.0
8051 63.0
8052 63.0
8053 63.0
8054 63.0
8055 63.0
8056 63.0
8057 63.0
8058 63.0
8059 63.0
8060 63.0
8061 63.0
8062 63.0
8063 63.0
8064 63.0
8065 63.0
8066 63.0
8067 63.0
8068 63.0
8069 63.0
8070 63.0
8071 63.0
8072 63.0
8073 63.0
8074 63.0
8075 63.0
8076 63.0
8077 63.0
8078 63.0
8079 63.0
8080 63.0
8081 63.0
8082 63.0
8083 63.0
8084 63.0
8085 63.0
8086 63.0
8087 63.0
8088 63.0
8089 63.0
8090 63.0
8091 63.0
8092 63.0
8093 63.0
8094 63.0
8095 63.0
8096 63.0
8097 63.0
8098 63.0
8099 63.0
8100 63.0
8101 63.0
8102 63.0
8103 63.0
8104 63.0
8105 63.0
8106 63.0
8107 63.0
8108 63.0
8109 63.0
8110 63.0
8111 63.0
8112 63.0
8113 63.0
8114 63.0
8115 63.0
8116 63.0
8117 63.0
8118 63.0
8119 63.0
8120 63.0
8121 63.0
8122 63.0
8123 63.0
8124 63.0
8125 63.0
8126 63.0
8127 63.0
8128 63.0
8129 63.0
8130 63.0
8131 63.0
8132 63.0
8133 63.0
8134 63.0
8135 63.0
8136 63.0
8137 63.0
8138 63.0
8139 63.0
8140 63.0
8141 63.0
8142 63.0
8143 63.0
8144 63.0
8145 63.0
8146 63.0
8147 63.0
8148 63.0
8149 63.0
8150 63.0
8151 63.0
8152 63.0
8153 63.0
8154 63.0
8155 63.0
8156 63.0
8157 63.0
8158 63.0
8159 63.0
8160 63.0
8161 63.0
8162 63.0
8163 63.0
8164 63.0
8165 63.0
8166 63.0
8167 63.0
8168 63.0
8169 63.0
8170 63.0
8171 63.0
8172 63.0
8173 63.0
8174 63.0
8175 63.0
8176 63.0
8177 63.0
8178 63.0
8179 63.0
8180 63.0
8181 63.0
8182 63.0
8183 63.0
8184 63.0
8185 63.0
8186 63.0
8187 63.0
8188 63.0
8189 63.0
8190 63.0
8191 63.0
8192 63.0
8193 63.0
8194 63.0
8195 63.0
8196 63.0
8197 63.0
8198 63.0
8199 63.0
8200 63.0
8201 63.0
8202 63.0
8203 63.0
8204 63.0
8205 63.0
8206 63.0
8207 63.0
8208 63.0
8209 63.0
8210 63.0
8211 63.0
8212 63.0
8213 63.0
8214 63.0
8215 63.0
8216 63.0
8217 63.0
8218 63.0
8219 63.0
8220 63.0
8221 63.0
8222 63.0
8223 63.0
8224 63.0
8225 63.0
8226 63.0
8227 63.0
8228 63.0
8229 63.0
8230 63.0
8231 63.0
8232 63.0
8233 63.0
8234 63.0
8235 63.0
8236 63.0
8237 63.0
8238 63.0
8239 63.0
8240 63.0
8241 63.0
8242 63.0
8243 63.0
8244 63.0
8245 63.0
8246 63.0
8247 63.0
8248 63.0
8249 63.0
8250 63.0
8251 63.0
8252 63.0
8253 63.0
8254 63.0
8255 63.0
8256 63.0
8257 63.0
8258 63.0
8259 63.0
8260 63.0
8261 63.0
8262 63.0
8263 63.0
8264 63.0
8265 63.0
8266 63.0
8267 63.0
8268 63.0
8269 63.0
8270 63.0
8271 63.0
8272 63.0
8273 63.0
8274 63.0
8275 63.0
8276 63.0
8277 63.0
8278 63.0
8279 63.0
8280 63.0
8281 63.0
8282 63.0
8283 63.0
8284 63.0
8285 63.0
8286 63.0
8287 63.0
8288 63.0
8289 63.0
8290 63.0
8291 63.0
8292 63.0
8293 63.0
8294 63.0
8295 63.0
8296 63.0
8297 63.0
8298 63.0
8299 63.0
8300 63.0
8301 63.0
8302 63.0
8303 63.0
8304 63.0
8305 63.0
8306 63.0
8307 63.0
8308 63.0
8309 63.0
8310 63.0
8311 63.0
8312 63.0
8313 63.0
8314 63.0
8315 63.0
8316 63.0
8317 63.0
8318 63.0
8319 63.0
8320 63.0
8321 63.0
8322 63.0
8323 63.0
8324 63.0
8325 63.0
8326 63.0
8327 63.0
8328 63.0
8329 63.0
8330 63.0
8331 63.0
8332 63.0
8333 63.0
8334 63.0
8335 63.0
8336 63.0
8337 63.0
8338 63.0
8339 63.0
8340 63.0
8341 63.0
8342 63.0
8343 63.0
8344 63.0
8345 63.0
8346 63.0
8347 63.0
8348 63.0
8349 63.0
8350 63.0
8351 63.0
8352 63.0
8353 63.0
8354 63.0
8355 63.0
8356 63.0
8357 63.0
8358 63.0
8359 63.0
8360 63.0
8361 63.0
8362 63.0
8363 63.0
8364 63.0
8365 63.0
8366 63.0
8367 63.0
8368 63.0
8369 63.0
8370 63.0
8371 63.0
8372 63.0
8373 63.0
8374 63.0
8375 63.0
8376 63.0
8377 63.0
8378 63.0
8379 63.0
8380 63.0
8381 63.0
8382 63.0
8383 63.0
8384 63.0
8385 63.0
8386 63.0
8387 63.0
8388 63.0
8389 63.0
8390 63.0
8391 63.0
8392 63.0
8393 63.0
8394 63.0
8395 63.0
8396 63.0
8397 63.0
8398 63.0
8399 63.0
8400 63.0
8401 63.0
8402 63.0
8403 63.0
8404 63.0
8405 63.0
8406 63.0
8407 63.0
8408 63.0
8409 63.0
8410 63.0
8411 63.0
8412 63.0
8413 63.0
8414 63.0
8415 63.0
8416 63.0
8417 63.0
8418 63.0
8419 63.0
8420 63.0
8421 63.0
8422 63.0
8423 63.0
8424 63.0
8425 63.0
8426 63.0
8427 63.0
8428 63.0
8429 63.0
8430 63.0
8431 63.0
8432 63.0
8433 63.0
8434 63.0
8435 63.0
8436 63.0
8437 63.0
8438 63.0
8439 63.0
8440 63.0
8441 63.0
8442 63.0
8443 63.0
8444 63.0
8445 63.0
8446 63.0
8447 63.0
8448 63.0
8449 63.0
8450 63.0
8451 63.0
8452 63.0
8453 63.0
8454 63.0
8455 63.0
8456 63.0
8457 63.0
8458 63.0
8459 63.0
8460 63.0
8461 63.0
8462 63.0
8463 63.0
8464 63.0
8465 63.0
8466 63.0
8467 63.0
8468 63.0
8469 63.0
8470 63.0
8471 63.0
8472 63.0
8473 63.0
8474 63.0
8475 63.0
8476 63.0
8477 63.0
8478 63.0
8479 63.0
8480 63.0
8481 63.0
8482 63.0
8483 63.0
8484 63.0
8485 63.0
8486 63.0
8487 63.0
8488 63.0
8489 63.0
8490 63.0
8491 63.0
8492 63.0
8493 63.0
8494 63.0
8495 63.0
8496 63.0
8497 63.0
8498 63.0
8499 63.0
8500 63.0
8501 63.0
8502 63.0
8503 63.0
8504 63.0
8505 63.0
8506 63.0
8507 63.0
8508 63.0
8509 63.0
8510 63.0
8511 63.0
8512 63.0
8513 63.0
8514 63.0
8515 63.0
8516 63.0
8517 63.0
8518 63.0
8519 63.0
8520 63.0
8521 63.0
8522 63.0
8523 63.0
8524 63.0
8525 63.0
8526 63.0
8527 63.0
8528 63.0
8529 63.0
8530 63.0
8531 63.0
8532 63.0
8533 63.0
8534 63.0
8535 63.0
8536 63.0
8537 63.0
8538 63.0
8539 63.0
8540 63.0
8541 63.0
8542 63.0
8543 63.0
8544 63.0
8545 63.0
8546 63.0
8547 63.0
8548 63.0
8549 63.0
8550 63.0
8551 63.0
8552 63.0
8553 63.0
8554 63.0
8555 63.0
8556 63.0
8557 63.0
8558 63.0
8559 63.0
8560 63.0
8561 63.0
8562 63.0
8563 63.0
8564 63.0
8565 63.0
8566 63.0
8567 63.0
8568 63.0
8569 63.0
8570 63.0
8571 63.0
8572 63.0
8573 63.0
8574 63.0
8575 63.0
8576 63.0
8577 63.0
8578 63.0
8579 63.0
8580 63.0
8581 63.0
8582 63.0
8583 63.0
8584 63.0
8585 63.0
8586 63.0
8587 63.0
8588 63.0
8589 63.0
8590 63.0
8591 63.0
8592 63.0
8593 63.0
8594 63.0
8595 63.0
8596 63.0
8597 63.0
8598 63.0
8599 63.0
8600 63.0
8601 63.0
8602 63.0
8603 63.0
8604 63.0
8605 63.0
8606 63.0
8607 63.0
8608 63.0
8609 63.0
8610 63.0
8611 63.0
8612 63.0
8613 63.0
8614 63.0
8615 63.0
8616 63.0
8617 63.0
8618 63.0
8619 63.0
8620 63.0
8621 63.0
8622 63.0
8623 63.0
8624 63.0
8625 63.0
8626 63.0
8627 63.0
8628 63.0
8629 63.0
8630 63.0
8631 63.0
8632 63.0
8633 63.0
8634 63.0
8635 63.0
8636 63.0
8637 63.0
8638 63.0
8639 63.0
8640 63.0
8641 63.0
8642 63.0
8643 63.0
8644 63.0
8645 63.0
8646 63.0
8647 63.0
8648 63.0
8649 63.0
8650 63.0
8651 63.0
8652 63.0
8653 63.0
8654 63.0
8655 63.0
8656 63.0
8657 63.0
8658 63.0
8659 63.0
8660 63.0
8661 63.0
8662 63.0
8663 63.0
8664 63.0
8665 63.0
8666 63.0
8667 63.0
8668 63.0
8669 63.0
8670 63.0
8671 63.0
8672 63.0
8673 63.0
8674 63.0
8675 63.0
8676 63.0
8677 63.0
8678 63.0
8679 63.0
8680 63.0
8681 63.0
8682 63.0
8683 63.0
8684 63.0
8685 63.0
8686 63.0
8687 63.0
8688 63.0
8689 63.0
8690 63.0
8691 63.0
8692 63.0
8693 63.0
8694 63.0
8695 63.0
8696 63.0
8697 63.0
8698 63.0
8699 63.0
8700 63.0
8701 63.0
8702 63.0
8703 63.0
8704 63.0
8705 63.0
8706 63.0
8707 63.0
8708 63.0
8709 63.0
8710 63.0
8711 63.0
8712 63.0
8713 63.0
8714 63.0
8715 63.0
8716 63.0
8717 63.0
8718 63.0
8719 63.0
8720 63.0
8721 63.0
8722 63.0
8723 63.0
8724 63.0
8725 63.0
8726 63.0
8727 63.0
8728 63.0
8729 63.0
8730 63.0
8731 63.0
8732 63.0
8733 63.0
8734 63.0
8735 63.0
8736 63.0
8737 63.0
8738 63.0
8739 63.0
8740 63.0
8741 63.0
8742 63.0
8743 63.0
8744 63.0
8745 63.0
8746 63.0
8747 63.0
8748 63.0
8749 63.0
8750 63.0
8751 63.0
8752 63.0
8753 63.0
8754 63.0
8755 63.0
8756 63.0
8757 63.0
8758 63.0
8759 63.0
8760 63.0
8761 63.0
8762 63.0
8763 63.0
8764 63.0
8765 63.0
8766 63.0
8767 63.0
8768 63.0
8769 63.0
8770 63.0
8771 63.0
8772 63.0
8773 63.0
8774 63.0
8775 63.0
8776 63.0
8777 63.0
8778 63.0
8779 63.0
8780 63.0
8781 63.0
8782 63.0
8783 63.0
8784 63.0
8785 63.0
8786 63.0
8787 63.0
8788 63.0
8789 63.0
8790 63.0
8791 63.0
8792 63.0
8793 63.0
8794 63.0
8795 63.0
8796 63.0
8797 63.0
8798 63.0
8799 63.0
8800 63.0
8801 63.0
8802 63.0
8803 63.0
8804 63.0
8805 63.0
8806 63.0
8807 63.0
8808 63.0
8809 63.0
8810 63.0
8811 63.0
8812 63.0
8813 63.0
8814 63.0
8815 63.0
8816 63.0
8817 63.0
8818 63.0
8819 63.0
8820 63.0
8821 63.0
8822 63.0
8823 63.0
8824 63.0
8825 63.0
8826 63.0
8827 63.0
8828 63.0
8829 63.0
8830 63.0
8831 63.0
8832 63.0
8833 63.0
8834 63.0
8835 63.0
8836 63.0
8837 63.0
8838 63.0
8839 63.0
8840 63.0
8841 63.0
8842 63.0
8843 63.0
8844 63.0
8845 63.0
8846 63.0
8847 63.0
8848 63.0
8849 63.0
8850 63.0
8851 63.0
8852 63.0
8853 63.0
8854 63.0
8855 63.0
8856 63.0
8857 63.0
8858 63.0
8859 63.0
8860 63.0
8861 63.0
8862 63.0
8863 63.0
8864 63.0
8865 63.0
8866 63.0
8867 63.0
8868 63.0
8869 63.0
8870 63.0
8871 63.0
8872 63.0
8873 63.0
8874 63.0
8875 63.0
8876 63.0
8877 63.0
8878 63.0
8879 63.0
8880 63.0
8881 63.0
8882 63.0
8883 63.0
8884 63.0
8885 63.0
8886 63.0
8887 63.0
8888 63.0
8889 63.0
8890 63.0
8891 63.0
8892 63.0
8893 63.0
8894 63.0
8895 63.0
8896 63.0
8897 63.0
8898 63.0
8899 63.0
8900 63.0
8901 63.0
8902 63.0
8903 63.0
8904 63.0
8905 63.0
8906 63.0
8907 63.0
8908 63.0
8909 63.0
8910 63.0
8911 63.0
8912 63.0
8913 63.0
8914 63.0
8915 63.0
8916 63.0
8917 63.0
8918 63.0
8919 63.0
8920 63.0
8921 63.0
8922 63.0
8923 63.0
8924 63.0
8925 63.0
8926 63.0
8927 63.0
8928 63.0
8929 63.0
8930 63.0
8931 63.0
8932 63.0
8933 63.0
8934 63.0
8935 63.0
8936 63.0
8937 63.0
8938 63.0
8939 63.0
8940 63.0
8941 63.0
8942 63.0
8943 63.0
8944 63.0
8945 63.0
8946 63.0
8947 63.0
8948 63.0
8949 63.0
8950 63.0
8951 63.0
8952 63.0
8953 63.0
8954 63.0
8955 63.0
8956 63.0
8957 63.0
8958 63.0
8959 63.0
8960 63.0
8961 63.0
8962 63.0
8963 63.0
8964 63.0
8965 63.0
8966 63.0
8967 63.0
8968 63.0
8969 63.0
8970 63.0
8971 63.0
8972 63.0
8973 63.0
8974 63.0
8975 63.0
8976 63.0
8977 63.0
8978 63.0
8979 63.0
8980 63.0
8981 63.0
8982 63.0
8983 63.0
8984 63.0
8985 63.0
8986 63.0
8987 63.0
8988 63.0
8989 63.0
8990 63.0
8991 63.0
8992 63.0
8993 63.0
8994 63.0
8995 63.0
8996 63.0
8997 63.0
8998 63.0
8999 63.0
9000 63.0
9001 63.0
9002 63.0
9003 63.0
9004 63.0
9005 63.0
9006 63.0
9007 63.0
9008 63.0
9009 63.0
9010 63.0
9011 63.0
9012 63.0
9013 63.0
9014 63.0
9015 63.0
9016 63.0
9017 63.0
9018 63.0
9019 63.0
9020 63.0
9021 63.0
9022 63.0
9023 63.0
9024 63.0
9025 63.0
9026 63.0
9027 63.0
9028 63.0
9029 63.0
9030 63.0
9031 63.0
9032 63.0
9033 63.0
9034 63.0
9035 63.0
9036 63.0
9037 63.0
9038 63.0
9039 63.0
9040 63.0
9041 63.0
9042 63.0
9043 63.0
9044 63.0
9045 63.0
9046 63.0
9047 63.0
9048 63.0
9049 63.0
9050 63.0
9051 63.0
9052 63.0
9053 63.0
9054 63.0
9055 63.0
9056 63.0
9057 63.0
9058 63.0
9059 63.0
9060 63.0
9061 63.0
9062 63.0
9063 63.0
9064 63.0
9065 63.0
9066 63.0
9067 63.0
9068 63.0
9069 63.0
9070 63.0
9071 63.0
9072 63.0
9073 63.0
9074 63.0
9075 63.0
9076 63.0
9077 63.0
9078 63.0
9079 63.0
9080 63.0
9081 63.0
9082 63.0
9083 63.0
9084 63.0
9085 63.0
9086 63.0
9087 63.0
9088 63.0
9089 63.0
9090 63.0
9091 63.0
9092 63.0
9093 63.0
9094 63.0
9095 63.0
9096 63.0
9097 63.0
9098 63.0
9099 63.0
9100 63.0
9101 63.0
9102 63.0
9103 63.0
9104 63.0
9105 63.0
9106 63.0
9107 63.0
9108 63.0
9109 63.0
9110 63.0
9111 63.0
9112 63.0
9113 63.0
9114 63.0
9115 63.0
9116 63.0
9117 63.0
9118 63.0
9119 63.0
9120 63.0
9121 63.0
9122 63.0
9123 63.0
9124 63.0
9125 63.0
9126 63.0
9127 63.0
9128 63.0
9129 63.0
9130 63.0
9131 63.0
9132 63.0
9133 63.0
9134 63.0
9135 63.0
9136 63.0
9137 63.0
9138 63.0
9139 63.0
9140 63.0
9141 63.0
9142 63.0
9143 63.0
9144 63.0
9145 63.0
9146 63.0
9147 63.0
9148 63.0
9149 63.0
9150 63.0
9151 63.0
9152 63.0
9153 63.0
9154 63.0
9155 63.0
9156 63.0
9157 63.0
9158 63.0
9159 63.0
9160 63.0
9161 63.0
9162 63.0
9163 63.0
9164 63.0
9165 63.0
9166 63.0
9167 63.0
9168 63.0
9169 63.0
9170 63.0
9171 63.0
9172 63.0
9173 63.0
9174 63.0
9175 63.0
9176 63.0
9177 63.0
9178 63.0
9179 63.0
9180 63.0
9181 63.0
9182 63.0
9183 63.0
9184 63.0
9185 63.0
9186 63.0
9187 63.0
9188 63.0
9189 63.0
9190 63.0
9191 63.0
9192 63.0
9193 63.0
9194 63.0
9195 63.0
9196 63.0
9197 63.0
9198 63.0
9199 63.0
9200 63.0
9201 63.0
9202 63.0
9203 63.0
9204 63.0
9205 63.0
9206 63.0
9207 63.0
9208 63.0
9209 63.0
9210 63.0
9211 63.0
9212 63.0
9213 63.0
9214 63.0
9215 63.0
9216 63.0
9217 63.0
9218 63.0
9219 63.0
9220 63.0
9221 63.0
9222 63.0
9223 63.0
9224 63.0
9225 63.0
9226 63.0
9227 63.0
9228 63.0
9229 63.0
9230 63.0
9231 63.0
9232 63.0
9233 63.0
9234 63.0
9235 63.0
9236 63.0
9237 63.0
9238 63.0
9239 63.0
9240 63.0
9241 63.0
9242 63.0
9243 63.0
9244 63.0
9245 63.0
9246 63.0
9247 63.0
9248 63.0
9249 63.0
9250 63.0
9251 63.0
9252 63.0
9253 63.0
9254 63.0
9255 63.0
9256 63.0
9257 63.0
9258 63.0
9259 63.0
9260 63.0
9261 63.0
9262 63.0
9263 63.0
9264 63.0
9265 63.0
9266 63.0
9267 63.0
9268 63.0
9269 63.0
9270 63.0
9271 63.0
9272 63.0
9273 63.0
9274 63.0
9275 63.0
9276 63.0
9277 63.0
9278 63.0
9279 63.0
9280 63.0
9281 63.0
9282 63.0
9283 63.0
9284 63.0
9285 63.0
9286 63.0
9287 63.0
9288 63.0
9289 63.0
9290 63.0
9291 63.0
9292 63.0
9293 63.0
9294 63.0
9295 63.0
9296 63.0
9297 63.0
9298 63.0
9299 63.0
9300 63.0
9301 63.0
9302 63.0
9303 63.0
9304 63.0
9305 63.0
9306 63.0
9307 63.0
9308 63.0
9309 63.0
9310 63.0
9311 63.0
9312 63.0
9313 63.0
9314 63.0
9315 63.0
9316 63.0
9317 63.0
9318 63.0
9319 63.0
9320 63.0
9321 63.0
9322 63.0
9323 63.0
9324 63.0
9325 63.0
9326 63.0
9327 63.0
9328 63.0
9329 63.0
9330 63.0
9331 63.0
9332 63.0
9333 63.0
9334 63.0
9335 63.0
9336 63.0
9337 63.0
9338 63.0
9339 63.0
9340 63.0
9341 63.0
9342 63.0
9343 63.0
9344 63.0
9345 63.0
9346 63.0
9347 63.0
9348 63.0
9349 63.0
9350 63.0
9351 63.0
9352 63.0
9353 63.0
9354 63.0
9355 63.0
9356 63.0
9357 63.0
9358 63.0
9359 63.0
9360 63.0
9361 63.0
9362 63.0
9363 63.0
9364 63.0
9365 63.0
9366 63.0
9367 63.0
9368 63.0
9369 63.0
9370 63.0
9371 63.0
9372 63.0
9373 63.0
9374 63.0
9375 63.0
9376 63.0
9377 63.0
9378 63.0
9379 63.0
9380 63.0
9381 63.0
9382 63.0
9383 63.0
9384 63.0
9385 63.0
9386 63.0
9387 63.0
9388 63.0
9389 63.0
9390 63.0
9391 63.0
9392 63.0
9393 63.0
9394 63.0
9395 63.0
9396 63.0
9397 63.0
9398 63.0
9399 63.0
9400 63.0
9401 63.0
9402 63.0
9403 63.0
9404 63.0
9405 63.0
9406 63.0
9407 63.0
9408 63.0
9409 63.0
9410 63.0
9411 63.0
9412 63.0
9413 63.0
9414 63.0
9415 63.0
9416 63.0
9417 63.0
9418 63.0
9419 63.0
9420 63.0
9421 63.0
9422 63.0
9423 63.0
9424 63.0
9425 63.0
9426 63.0
9427 63.0
9428 63.0
9429 63.0
9430 63.0
9431 63.0
9432 63.0
9433 63.0
9434 63.0
9435 63.0
9436 63.0
9437 63.0
9438 63.0
9439 63.0
9440 63.0
9441 63.0
9442 63.0
9443 63.0
9444 63.0
9445 63.0
9446 63.0
9447 63.0
9448 63.0
9449 63.0
9450 63.0
9451 63.0
9452 63.0
9453 63.0
9454 63.0
9455 63.0
9456 63.0
9457 63.0
9458 63.0
9459 63.0
9460 63.0
9461 63.0
9462 63.0
9463 63.0
9464 63.0
9465 63.0
9466 63.0
9467 63.0
9468 63.0
9469 63.0
9470 63.0
9471 63.0
9472 63.0
9473 63.0
9474 63.0
9475 63.0
9476 63.0
9477 63.0
9478 63.0
9479 63.0
9480 63.0
9481 63.0
9482 63.0
9483 63.0
9484 63.0
9485 63.0
9486 63.0
9487 63.0
9488 63.0
9489 63.0
9490 63.0
9491 63.0
9492 63.0
9493 63.0
9494 63.0
9495 63.0
9496 63.0
9497 63.0
9498 63.0
9499 63.0
9500 63.0
9501 63.0
9502 63.0
9503 63.0
9504 63.0
9505 63.0
9506 63.0
9507 63.0
9508 63.0
9509 63.0
9510 63.0
9511 63.0
9512 63.0
9513 63.0
9514 63.0
9515 63.0
9516 63.0
9517 63.0
9518 63.0
9519 63.0
9520 63.0
9521 63.0
9522 63.0
9523 63.0
9524 63.0
9525 63.0
9526 63.0
9527 63.0
9528 63.0
9529 63.0
9530 63.0
9531 63.0
9532 63.0
9533 63.0
9534 63.0
9535 63.0
9536 63.0
9537 63.0
9538 63.0
9539 63.0
9540 63.0
9541 63.0
9542 63.0
9543 63.0
9544 63.0
9545 63.0
9546 63.0
9547 63.0
9548 63.0
9549 63.0
9550 63.0
9551 63.0
9552 63.0
9553 63.0
9554 63.0
9555 63.0
9556 63.0
9557 63.0
9558 63.0
9559 63.0
9560 63.0
9561 63.0
9562 63.0
9563 63.0
9564 63.0
9565 63.0
9566 63.0
9567 63.0
9568 63.0
9569 63.0
9570 63.0
9571 63.0
9572 63.0
9573 63.0
9574 63.0
9575 63.0
9576 63.0
9577 63.0
9578 63.0
9579 63.0
9580 63.0
9581 63.0
9582 63.0
9583 63.0
9584 63.0
9585 63.0
9586 63.0
9587 63.0
9588 63.0
9589 63.0
9590 63.0
9591 63.0
9592 63.0
9593 63.0
9594 63.0
9595 63.0
9596 63.0
9597 63.0
9598 63.0
9599 63.0
9600 63.0
9601 63.0
9602 63.0
9603 63.0
9604 63.0
9605 63.0
9606 63.0
9607 63.0
9608 63.0
9609 63.0
9610 63.0
9611 63.0
9612 63.0
9613 63.0
9614 63.0
9615 63.0
9616 63.0
9617 63.0
9618 63.0
9619 63.0
9620 63.0
9621 63.0
9622 63.0
9623 63.0
9624 63.0
9625 63.0
9626 63.0
9627 63.0
9628 63.0
9629 63.0
9630 63.0
9631 63.0
9632 63.0
9633 63.0
9634 63.0
9635 63.0
9636 63.0
9637 63.0
9638 63.0
9639 63.0
9640 63.0
9641 63.0
9642 63.0
9643 63.0
9644 63.0
9645 63.0
9646 63.0
9647 63.0
9648 63.0
9649 63.0
9650 63.0
9651 63.0
9652 63.0
9653 63.0
9654 63.0
9655 63.0
9656 63.0
9657 63.0
9658 63.0
9659 63.0
9660 63.0
9661 63.0
9662 63.0
9663 63.0
9664 63.0
9665 63.0
9666 63.0
9667 63.0
9668 63.0
9669 63.0
9670 63.0
9671 63.0
9672 63.0
9673 63.0
9674 63.0
9675 63.0
9676 63.0
9677 63.0
9678 63.0
9679 63.0
9680 63.0
9681 63.0
9682 63.0
9683 63.0
9684 63.0
9685 63.0
9686 63.0
9687 63.0
9688 63.0
9689 63.0
9690 63.0
9691 63.0
9692 63.0
9693 63.0
9694 63.0
9695 63.0
9696 63.0
9697 63.0
9698 63.0
9699 63.0
9700 63.0
9701 63.0
9702 63.0
9703 63.0
9704 63.0
9705 63.0
9706 63.0
9707 63.0
9708 63.0
9709 63.0
9710 63.0
9711 63.0
9712 63.0
9713 63.0
9714 63.0
9715 63.0
9716 63.0
9717 63.0
9718 63.0
9719 63.0
9720 63.0
9721 63.0
9722 63.0
9723 63.0
9724 63.0
9725 63.0
9726 63.0
9727 63.0
9728 63.0
9729 63.0
9730 63.0
9731 63.0
9732 63.0
9733 63.0
9734 63.0
9735 63.0
9736 63.0
9737 63.0
9738 63.0
9739 63.0
9740 63.0
9741 63.0
9742 63.0
9743 63.0
9744 63.0
9745 63.0
9746 63.0
9747 63.0
9748 63.0
9749 63.0
9750 63.0
9751 63.0
9752 63.0
9753 63.0
9754 63.0
9755 63.0
9756 63.0
9757 63.0
9758 63.0
9759 63.0
9760 63.0
9761 63.0
9762 63.0
9763 63.0
9764 63.0
9765 63.0
9766 63.0
9767 63.0
9768 63.0
9769 63.0
9770 63.0
9771 63.0
9772 63.0
9773 63.0
9774 63.0
9775 63.0
9776 63.0
9777 63.0
9778 63.0
9779 63.0
9780 63.0
9781 63.0
9782 63.0
9783 63.0
9784 63.0
9785 63.0
9786 63.0
9787 63.0
9788 63.0
9789 63.0
9790 63.0
9791 63.0
9792 63.0
9793 63.0
9794 63.0
9795 63.0
9796 63.0
9797 63.0
9798 63.0
9799 63.0
9800 63.0
9801 63.0
9802 63.0
9803 63.0
9804 63.0
9805 63.0
9806 63.0
9807 63.0
9808 63.0
9809 63.0
9810 63.0
9811 63.0
9812 63.0
9813 63.0
9814 63.0
9815 63.0
9816 63.0
9817 63.0
9818 63.0
9819 63.0
9820 63.0
9821 63.0
9822 63.0
9823 63.0
9824 63.0
9825 63.0
9826 63.0
9827 63.0
9828 63.0
9829 63.0
9830 63.0
9831 63.0
9832 63.0
9833 63.0
9834 63.0
9835 63.0
9836 63.0
9837 63.0
9838 63.0
9839 63.0
9840 63.0
9841 63.0
9842 63.0
9843 63.0
9844 63.0
9845 63.0
9846 63.0
9847 63.0
9848 63.0
9849 63.0
9850 63.0
9851 63.0
9852 63.0
9853 63.0
9854 63.0
9855 63.0
9856 63.0
9857 63.0
9858 63.0
9859 63.0
9860 63.0
9861 63.0
9862 63.0
9863 63.0
9864 63.0
9865 63.0
9866 63.0
9867 63.0
9868 63.0
9869 63.0
9870 63.0
9871 63.0
9872 63.0
9873 63.0
9874 63.0
9875 63.0
9876 63.0
9877 63.0
9878 63.0
9879 63.0
9880 63.0
9881 63.0
9882 63.0
9883 63.0
9884 63.0
9885 63.0
9886 63.0
9887 63.0
9888 63.0
9889 63.0
9890 63.0
9891 63.0
9892 63.0
9893 63.0
9894 63.0
9895 63.0
9896 63.0
9897 63.0
9898 63.0
9899 63.0
9900 63.0
9901 63.0
9902 63.0
9903 63.0
9904 63.0
9905 63.0
9906 63.0
9907 63.0
9908 63.0
9909 63.0
9910 63.0
9911 63.0
9912 63.0
9913 63.0
9914 63.0
9915 63.0
9916 63.0
9917 63.0
9918 63.0
9919 63.0
9920 63.0
9921 63.0
9922 63.0
9923 63.0
9924 63.0
9925 63.0
9926 63.0
9927 63.0
9928 63.0
9929 63.0
9930 63.0
9931 63.0
9932 63.0
9933 63.0
9934 63.0
9935 63.0
9936 63.0
9937 63.0
9938 63.0
9939 63.0
9940 63.0
9941 63.0
9942 63.0
9943 63.0
9944 63.0
9945 63.0
9946 63.0
9947 63.0
9948 63.0
9949 63.0
9950 63.0
9951 63.0
9952 63.0
9953 63.0
9954 63.0
9955 63.0
9956 63.0
9957 63.0
9958 63.0
9959 63.0
9960 63.0
9961 63.0
9962 63.0
9963 63.0
9964 63.0
9965 63.0
9966 63.0
9967 63.0
9968 63.0
9969 63.0
9970 63.0
9971 63.0
9972 63.0
9973 63.0
9974 63.0
9975 63.0
9976 63.0
9977 63.0
9978 63.0
9979 63.0
9980 63.0
9981 63.0
9982 63.0
9983 63.0
9984 63.0
9985 63.0
9986 63.0
9987 63.0
9988 63.0
9989 63.0
9990 63.0
9991 63.0
9992 63.0
9993 63.0
9994 63.0
9995 63.0
9996 63.0
9997 63.0
9998 63.0
9999 63.0
10000 63.0
10001 63.0
10002 63.0
10003 63.0
10004 63.0
10005 63.0
10006 63.0
10007 63.0
10008 63.0
