evaluations raw_y
1 -1978.0000000000
2 -1977.0000000000
3 -1976.0000000000
5 -1975.0000000000
8 -1974.0000000000
10 -1973.0000000000
11 -1971.0000000000
13 -1970.0000000000
14 -1969.0000000000
15 -1968.0000000000
17 -1967.0000000000
19 -1966.0000000000
21 -1965.0000000000
22 -1964.0000000000
26 -1963.0000000000
27 -1962.0000000000
29 -1961.0000000000
31 -1960.0000000000
32 -1958.0000000000
33 -1957.0000000000
35 -1956.0000000000
36 -1955.0000000000
39 -1954.0000000000
43 -1952.0000000000
45 -1951.0000000000
47 -1950.0000000000
49 -1949.0000000000
54 -1948.0000000000
55 -1947.0000000000
58 -1946.0000000000
59 -1945.0000000000
66 -1944.0000000000
67 -1943.0000000000
70 -1942.0000000000
71 -1941.0000000000
73 -1940.0000000000
74 -1937.0000000000
76 -1936.0000000000
77 -1934.0000000000
80 -1933.0000000000
81 -1932.0000000000
84 -1931.0000000000
86 -1930.0000000000
88 -1929.0000000000
89 -1928.0000000000
93 -1927.0000000000
95 -1926.0000000000
96 -1925.0000000000
97 -1924.0000000000
98 -1923.0000000000
100 -1922.0000000000
102 -1921.0000000000
104 -1920.0000000000
105 -1919.0000000000
108 -1917.0000000000
109 -1916.0000000000
110 -1915.0000000000
116 -1912.0000000000
118 -1911.0000000000
119 -1910.0000000000
121 -1909.0000000000
124 -1908.0000000000
125 -1907.0000000000
127 -1906.0000000000
130 -1904.0000000000
131 -1903.0000000000
132 -1902.0000000000
134 -1901.0000000000
135 -1900.0000000000
138 -1899.0000000000
142 -1898.0000000000
143 -1897.0000000000
144 -1896.0000000000
148 -1894.0000000000
152 -1893.0000000000
154 -1892.0000000000
156 -1891.0000000000
160 -1890.0000000000
169 -1889.0000000000
170 -1888.0000000000
174 -1887.0000000000
179 -1886.0000000000
180 -1885.0000000000
182 -1884.0000000000
183 -1883.0000000000
184 -1882.0000000000
185 -1881.0000000000
188 -1880.0000000000
192 -1879.0000000000
195 -1878.0000000000
196 -1877.0000000000
201 -1876.0000000000
202 -1875.0000000000
203 -1874.0000000000
211 -1873.0000000000
213 -1871.0000000000
214 -1869.0000000000
215 -1868.0000000000
216 -1867.0000000000
217 -1866.0000000000
219 -1865.0000000000
223 -1863.0000000000
225 -1862.0000000000
226 -1860.0000000000
227 -1859.0000000000
229 -1858.0000000000
230 -1857.0000000000
232 -1856.0000000000
234 -1855.0000000000
243 -1854.0000000000
246 -1853.0000000000
249 -1852.0000000000
255 -1851.0000000000
256 -1850.0000000000
257 -1849.0000000000
259 -1848.0000000000
263 -1847.0000000000
264 -1846.0000000000
266 -1845.0000000000
269 -1844.0000000000
271 -1843.0000000000
272 -1842.0000000000
277 -1841.0000000000
279 -1840.0000000000
280 -1839.0000000000
281 -1838.0000000000
284 -1837.0000000000
287 -1836.0000000000
293 -1835.0000000000
296 -1834.0000000000
297 -1833.0000000000
299 -1832.0000000000
300 -1831.0000000000
302 -1828.0000000000
304 -1825.0000000000
306 -1823.0000000000
311 -1822.0000000000
315 -1821.0000000000
316 -1820.0000000000
319 -1819.0000000000
325 -1818.0000000000
327 -1817.0000000000
329 -1815.0000000000
331 -1813.0000000000
333 -1812.0000000000
334 -1811.0000000000
342 -1810.0000000000
349 -1809.0000000000
352 -1808.0000000000
353 -1807.0000000000
364 -1806.0000000000
365 -1804.0000000000
368 -1803.0000000000
369 -1802.0000000000
371 -1801.0000000000
372 -1800.0000000000
375 -1799.0000000000
380 -1798.0000000000
386 -1797.0000000000
389 -1796.0000000000
399 -1795.0000000000
402 -1794.0000000000
406 -1793.0000000000
407 -1792.0000000000
408 -1791.0000000000
409 -1790.0000000000
410 -1789.0000000000
411 -1788.0000000000
412 -1787.0000000000
421 -1786.0000000000
423 -1784.0000000000
425 -1783.0000000000
427 -1782.0000000000
428 -1781.0000000000
432 -1780.0000000000
438 -1777.0000000000
439 -1776.0000000000
440 -1775.0000000000
442 -1774.0000000000
443 -1773.0000000000
444 -1772.0000000000
445 -1770.0000000000
448 -1769.0000000000
449 -1768.0000000000
450 -1767.0000000000
451 -1766.0000000000
459 -1765.0000000000
463 -1764.0000000000
464 -1763.0000000000
466 -1762.0000000000
468 -1761.0000000000
469 -1760.0000000000
471 -1759.0000000000
472 -1757.0000000000
473 -1756.0000000000
475 -1755.0000000000
478 -1754.0000000000
480 -1753.0000000000
481 -1752.0000000000
482 -1751.0000000000
483 -1749.0000000000
484 -1748.0000000000
487 -1747.0000000000
491 -1746.0000000000
493 -1745.0000000000
494 -1744.0000000000
498 -1743.0000000000
504 -1742.0000000000
507 -1741.0000000000
508 -1740.0000000000
509 -1739.0000000000
510 -1738.0000000000
511 -1737.0000000000
514 -1736.0000000000
517 -1735.0000000000
523 -1734.0000000000
526 -1733.0000000000
528 -1732.0000000000
533 -1731.0000000000
534 -1730.0000000000
538 -1729.0000000000
541 -1728.0000000000
544 -1727.0000000000
549 -1726.0000000000
550 -1725.0000000000
552 -1724.0000000000
553 -1723.0000000000
555 -1722.0000000000
557 -1721.0000000000
563 -1720.0000000000
564 -1719.0000000000
569 -1718.0000000000
575 -1717.0000000000
578 -1716.0000000000
579 -1715.0000000000
580 -1714.0000000000
581 -1713.0000000000
585 -1712.0000000000
588 -1711.0000000000
592 -1710.0000000000
593 -1709.0000000000
596 -1708.0000000000
597 -1707.0000000000
600 -1706.0000000000
604 -1705.0000000000
607 -1704.0000000000
612 -1703.0000000000
622 -1702.0000000000
624 -1701.0000000000
629 -1699.0000000000
632 -1698.0000000000
633 -1697.0000000000
636 -1696.0000000000
637 -1695.0000000000
638 -1694.0000000000
641 -1693.0000000000
643 -1692.0000000000
645 -1691.0000000000
646 -1690.0000000000
651 -1689.0000000000
652 -1688.0000000000
657 -1687.0000000000
660 -1684.0000000000
661 -1683.0000000000
662 -1682.0000000000
666 -1681.0000000000
669 -1680.0000000000
673 -1679.0000000000
676 -1678.0000000000
679 -1677.0000000000
681 -1676.0000000000
701 -1675.0000000000
702 -1674.0000000000
704 -1673.0000000000
707 -1671.0000000000
708 -1669.0000000000
711 -1668.0000000000
715 -1667.0000000000
720 -1666.0000000000
721 -1665.0000000000
723 -1664.0000000000
724 -1663.0000000000
725 -1662.0000000000
730 -1661.0000000000
732 -1660.0000000000
736 -1659.0000000000
744 -1658.0000000000
748 -1657.0000000000
752 -1656.0000000000
756 -1655.0000000000
759 -1654.0000000000
761 -1653.0000000000
762 -1651.0000000000
763 -1650.0000000000
767 -1649.0000000000
771 -1648.0000000000
774 -1647.0000000000
782 -1646.0000000000
783 -1645.0000000000
785 -1644.0000000000
788 -1642.0000000000
790 -1641.0000000000
791 -1640.0000000000
792 -1639.0000000000
794 -1638.0000000000
797 -1637.0000000000
798 -1636.0000000000
801 -1635.0000000000
802 -1634.0000000000
803 -1633.0000000000
804 -1632.0000000000
805 -1631.0000000000
807 -1630.0000000000
811 -1629.0000000000
820 -1628.0000000000
822 -1627.0000000000
823 -1626.0000000000
824 -1624.0000000000
830 -1622.0000000000
837 -1621.0000000000
840 -1619.0000000000
841 -1617.0000000000
846 -1616.0000000000
850 -1615.0000000000
851 -1614.0000000000
857 -1613.0000000000
858 -1612.0000000000
862 -1611.0000000000
865 -1610.0000000000
866 -1609.0000000000
868 -1608.0000000000
877 -1606.0000000000
878 -1605.0000000000
880 -1604.0000000000
883 -1603.0000000000
885 -1601.0000000000
893 -1600.0000000000
894 -1599.0000000000
895 -1598.0000000000
898 -1597.0000000000
899 -1596.0000000000
901 -1595.0000000000
903 -1594.0000000000
904 -1593.0000000000
905 -1592.0000000000
910 -1591.0000000000
912 -1590.0000000000
915 -1589.0000000000
916 -1588.0000000000
919 -1587.0000000000
920 -1586.0000000000
922 -1585.0000000000
924 -1583.0000000000
927 -1581.0000000000
935 -1580.0000000000
936 -1579.0000000000
942 -1578.0000000000
943 -1577.0000000000
944 -1576.0000000000
952 -1575.0000000000
953 -1574.0000000000
956 -1573.0000000000
957 -1572.0000000000
958 -1571.0000000000
961 -1570.0000000000
967 -1569.0000000000
969 -1568.0000000000
970 -1567.0000000000
972 -1566.0000000000
973 -1565.0000000000
974 -1564.0000000000
976 -1563.0000000000
978 -1562.0000000000
980 -1561.0000000000
981 -1560.0000000000
982 -1559.0000000000
984 -1558.0000000000
987 -1557.0000000000
994 -1556.0000000000
995 -1555.0000000000
998 -1554.0000000000
1001 -1553.0000000000
1003 -1552.0000000000
1007 -1551.0000000000
1010 -1550.0000000000
1012 -1549.0000000000
1016 -1548.0000000000
1020 -1547.0000000000
1021 -1546.0000000000
1022 -1545.0000000000
1023 -1544.0000000000
1028 -1543.0000000000
1030 -1542.0000000000
1034 -1541.0000000000
1036 -1540.0000000000
1038 -1539.0000000000
1041 -1538.0000000000
1043 -1537.0000000000
1051 -1536.0000000000
1053 -1534.0000000000
1054 -1533.0000000000
1056 -1531.0000000000
1062 -1528.0000000000
1063 -1527.0000000000
1064 -1526.0000000000
1066 -1525.0000000000
1069 -1524.0000000000
1071 -1523.0000000000
1073 -1521.0000000000
1077 -1520.0000000000
1085 -1519.0000000000
1088 -1517.0000000000
1093 -1516.0000000000
1094 -1515.0000000000
1095 -1514.0000000000
1097 -1512.0000000000
1109 -1510.0000000000
1116 -1509.0000000000
1118 -1508.0000000000
1120 -1507.0000000000
1121 -1506.0000000000
1122 -1505.0000000000
1123 -1504.0000000000
1127 -1503.0000000000
1133 -1502.0000000000
1134 -1501.0000000000
1136 -1500.0000000000
1137 -1499.0000000000
1138 -1498.0000000000
1145 -1496.0000000000
1152 -1495.0000000000
1154 -1494.0000000000
1158 -1493.0000000000
1159 -1492.0000000000
1162 -1491.0000000000
1167 -1490.0000000000
1170 -1489.0000000000
1172 -1488.0000000000
1176 -1487.0000000000
1178 -1486.0000000000
1181 -1485.0000000000
1190 -1484.0000000000
1193 -1483.0000000000
1195 -1482.0000000000
1198 -1481.0000000000
1201 -1480.0000000000
1202 -1479.0000000000
1204 -1478.0000000000
1210 -1477.0000000000
1215 -1476.0000000000
1220 -1475.0000000000
1226 -1474.0000000000
1230 -1473.0000000000
1231 -1472.0000000000
1236 -1470.0000000000
1244 -1469.0000000000
1245 -1468.0000000000
1249 -1467.0000000000
1250 -1466.0000000000
1251 -1465.0000000000
1252 -1464.0000000000
1254 -1463.0000000000
1259 -1462.0000000000
1260 -1461.0000000000
1264 -1460.0000000000
1270 -1459.0000000000
1274 -1458.0000000000
1279 -1457.0000000000
1286 -1456.0000000000
1296 -1455.0000000000
1297 -1453.0000000000
1298 -1452.0000000000
1302 -1451.0000000000
1304 -1450.0000000000
1312 -1449.0000000000
1313 -1448.0000000000
1328 -1447.0000000000
1329 -1446.0000000000
1331 -1445.0000000000
1333 -1444.0000000000
1335 -1443.0000000000
1341 -1442.0000000000
1343 -1441.0000000000
1347 -1440.0000000000
1355 -1439.0000000000
1357 -1438.0000000000
1362 -1437.0000000000
1364 -1436.0000000000
1365 -1435.0000000000
1368 -1434.0000000000
1372 -1433.0000000000
1375 -1432.0000000000
1376 -1430.0000000000
1380 -1429.0000000000
1383 -1428.0000000000
1386 -1427.0000000000
1389 -1425.0000000000
1391 -1424.0000000000
1393 -1422.0000000000
1395 -1421.0000000000
1401 -1420.0000000000
1414 -1419.0000000000
1415 -1418.0000000000
1416 -1417.0000000000
1428 -1416.0000000000
1433 -1414.0000000000
1435 -1413.0000000000
1440 -1412.0000000000
1441 -1411.0000000000
1442 -1410.0000000000
1448 -1409.0000000000
1449 -1408.0000000000
1451 -1407.0000000000
1456 -1405.0000000000
1460 -1403.0000000000
1461 -1402.0000000000
1468 -1401.0000000000
1469 -1400.0000000000
1470 -1399.0000000000
1474 -1398.0000000000
1476 -1397.0000000000
1477 -1396.0000000000
1482 -1395.0000000000
1483 -1394.0000000000
1484 -1393.0000000000
1485 -1390.0000000000
1489 -1389.0000000000
1497 -1388.0000000000
1498 -1387.0000000000
1501 -1386.0000000000
1502 -1385.0000000000
1504 -1384.0000000000
1510 -1383.0000000000
1517 -1382.0000000000
1519 -1381.0000000000
1521 -1380.0000000000
1523 -1379.0000000000
1528 -1378.0000000000
1529 -1376.0000000000
1530 -1374.0000000000
1534 -1373.0000000000
1538 -1372.0000000000
1544 -1371.0000000000
1552 -1370.0000000000
1558 -1369.0000000000
1559 -1368.0000000000
1561 -1367.0000000000
1565 -1366.0000000000
1568 -1365.0000000000
1576 -1364.0000000000
1584 -1363.0000000000
1586 -1362.0000000000
1589 -1361.0000000000
1593 -1360.0000000000
1594 -1359.0000000000
1596 -1358.0000000000
1597 -1357.0000000000
1602 -1356.0000000000
1603 -1355.0000000000
1613 -1354.0000000000
1615 -1353.0000000000
1617 -1352.0000000000
1618 -1351.0000000000
1619 -1349.0000000000
1622 -1348.0000000000
1623 -1347.0000000000
1632 -1345.0000000000
1637 -1344.0000000000
1639 -1343.0000000000
1643 -1342.0000000000
1644 -1341.0000000000
1653 -1340.0000000000
1660 -1339.0000000000
1664 -1338.0000000000
1666 -1337.0000000000
1667 -1335.0000000000
1668 -1334.0000000000
1670 -1333.0000000000
1674 -1332.0000000000
1675 -1331.0000000000
1679 -1330.0000000000
1680 -1329.0000000000
1684 -1328.0000000000
1685 -1327.0000000000
1686 -1326.0000000000
1687 -1325.0000000000
1689 -1324.0000000000
1690 -1323.0000000000
1691 -1322.0000000000
1698 -1320.0000000000
1702 -1319.0000000000
1707 -1317.0000000000
1708 -1316.0000000000
1709 -1315.0000000000
1715 -1314.0000000000
1719 -1313.0000000000
1728 -1312.0000000000
1730 -1311.0000000000
1731 -1310.0000000000
1735 -1309.0000000000
1739 -1308.0000000000
1740 -1307.0000000000
1746 -1306.0000000000
1749 -1305.0000000000
1751 -1304.0000000000
1754 -1303.0000000000
1756 -1302.0000000000
1758 -1300.0000000000
1764 -1299.0000000000
1770 -1298.0000000000
1772 -1297.0000000000
1780 -1296.0000000000
1785 -1295.0000000000
1786 -1294.0000000000
1787 -1293.0000000000
1788 -1292.0000000000
1789 -1291.0000000000
1794 -1290.0000000000
1798 -1289.0000000000
1801 -1287.0000000000
1803 -1286.0000000000
1807 -1285.0000000000
1809 -1284.0000000000
1816 -1283.0000000000
1817 -1282.0000000000
1825 -1281.0000000000
1830 -1280.0000000000
1831 -1279.0000000000
1836 -1278.0000000000
1839 -1277.0000000000
1840 -1276.0000000000
1841 -1274.0000000000
1843 -1273.0000000000
1847 -1272.0000000000
1856 -1271.0000000000
1859 -1270.0000000000
1862 -1269.0000000000
1865 -1268.0000000000
1872 -1267.0000000000
1873 -1265.0000000000
1884 -1264.0000000000
1889 -1263.0000000000
1894 -1262.0000000000
1896 -1260.0000000000
1898 -1259.0000000000
1905 -1258.0000000000
1906 -1257.0000000000
1908 -1256.0000000000
1910 -1255.0000000000
1913 -1253.0000000000
1916 -1252.0000000000
1917 -1251.0000000000
1924 -1249.0000000000
1927 -1248.0000000000
1929 -1247.0000000000
1930 -1246.0000000000
1936 -1245.0000000000
1937 -1244.0000000000
1943 -1243.0000000000
1944 -1242.0000000000
1948 -1241.0000000000
1956 -1240.0000000000
1959 -1239.0000000000
1964 -1238.0000000000
1965 -1237.0000000000
1966 -1236.0000000000
1970 -1235.0000000000
1972 -1234.0000000000
1973 -1233.0000000000
1974 -1232.0000000000
1979 -1231.0000000000
1981 -1230.0000000000
1983 -1229.0000000000
1984 -1228.0000000000
1986 -1227.0000000000
1994 -1226.0000000000
1996 -1225.0000000000
2003 -1224.0000000000
2008 -1223.0000000000
2014 -1222.0000000000
2018 -1221.0000000000
2019 -1220.0000000000
2023 -1217.0000000000
2024 -1215.0000000000
2027 -1214.0000000000
2029 -1213.0000000000
2030 -1212.0000000000
2036 -1211.0000000000
2040 -1210.0000000000
2050 -1209.0000000000
2051 -1208.0000000000
2058 -1207.0000000000
2067 -1206.0000000000
2068 -1205.0000000000
2074 -1204.0000000000
2076 -1203.0000000000
2078 -1202.0000000000
2079 -1201.0000000000
2082 -1200.0000000000
2091 -1199.0000000000
2094 -1198.0000000000
2097 -1196.0000000000
2101 -1195.0000000000
2103 -1194.0000000000
2109 -1192.0000000000
2110 -1191.0000000000
2112 -1190.0000000000
2114 -1188.0000000000
2117 -1187.0000000000
2121 -1185.0000000000
2126 -1184.0000000000
2127 -1183.0000000000
2129 -1182.0000000000
2134 -1181.0000000000
2136 -1180.0000000000
2139 -1179.0000000000
2140 -1178.0000000000
2141 -1177.0000000000
2145 -1176.0000000000
2149 -1175.0000000000
2150 -1174.0000000000
2151 -1173.0000000000
2156 -1172.0000000000
2157 -1170.0000000000
2159 -1169.0000000000
2162 -1168.0000000000
2163 -1167.0000000000
2167 -1166.0000000000
2168 -1165.0000000000
2173 -1164.0000000000
2174 -1163.0000000000
2180 -1162.0000000000
2194 -1161.0000000000
2197 -1160.0000000000
2198 -1159.0000000000
2200 -1158.0000000000
2203 -1157.0000000000
2206 -1156.0000000000
2213 -1155.0000000000
2218 -1154.0000000000
2227 -1153.0000000000
2230 -1152.0000000000
2232 -1151.0000000000
2235 -1150.0000000000
2238 -1149.0000000000
2242 -1148.0000000000
2252 -1147.0000000000
2255 -1146.0000000000
2259 -1145.0000000000
2272 -1144.0000000000
2282 -1143.0000000000
2288 -1142.0000000000
2291 -1141.0000000000
2292 -1140.0000000000
2296 -1139.0000000000
2297 -1138.0000000000
2298 -1137.0000000000
2301 -1136.0000000000
2302 -1135.0000000000
2303 -1133.0000000000
2307 -1132.0000000000
2316 -1131.0000000000
2320 -1130.0000000000
2321 -1129.0000000000
2327 -1128.0000000000
2328 -1127.0000000000
2336 -1126.0000000000
2347 -1125.0000000000
2351 -1124.0000000000
2357 -1123.0000000000
2359 -1122.0000000000
2360 -1121.0000000000
2364 -1120.0000000000
2370 -1119.0000000000
2379 -1117.0000000000
2382 -1116.0000000000
2388 -1115.0000000000
2390 -1113.0000000000
2391 -1110.0000000000
2397 -1109.0000000000
2402 -1108.0000000000
2408 -1107.0000000000
2409 -1106.0000000000
2411 -1105.0000000000
2413 -1104.0000000000
2417 -1103.0000000000
2423 -1102.0000000000
2426 -1101.0000000000
2427 -1100.0000000000
2429 -1099.0000000000
2432 -1098.0000000000
2433 -1097.0000000000
2436 -1096.0000000000
2440 -1094.0000000000
2442 -1093.0000000000
2445 -1091.0000000000
2447 -1088.0000000000
2449 -1087.0000000000
2454 -1086.0000000000
2456 -1085.0000000000
2459 -1084.0000000000
2461 -1083.0000000000
2463 -1081.0000000000
2472 -1080.0000000000
2475 -1079.0000000000
2490 -1078.0000000000
2494 -1077.0000000000
2498 -1076.0000000000
2501 -1074.0000000000
2505 -1073.0000000000
2507 -1072.0000000000
2509 -1071.0000000000
2525 -1070.0000000000
2537 -1069.0000000000
2541 -1068.0000000000
2547 -1067.0000000000
2552 -1066.0000000000
2553 -1065.0000000000
2554 -1064.0000000000
2556 -1062.0000000000
2560 -1061.0000000000
2574 -1060.0000000000
2575 -1058.0000000000
2578 -1057.0000000000
2579 -1056.0000000000
2580 -1055.0000000000
2581 -1054.0000000000
2594 -1053.0000000000
2598 -1052.0000000000
2601 -1051.0000000000
2604 -1050.0000000000
2608 -1049.0000000000
2610 -1048.0000000000
2612 -1047.0000000000
2624 -1046.0000000000
2625 -1045.0000000000
2639 -1044.0000000000
2642 -1043.0000000000
2643 -1042.0000000000
2647 -1041.0000000000
2649 -1040.0000000000
2651 -1039.0000000000
2652 -1038.0000000000
2653 -1037.0000000000
2659 -1036.0000000000
2666 -1035.0000000000
2668 -1034.0000000000
2673 -1033.0000000000
2686 -1032.0000000000
2687 -1031.0000000000
2688 -1030.0000000000
2690 -1029.0000000000
2698 -1028.0000000000
2702 -1027.0000000000
2707 -1026.0000000000
2711 -1025.0000000000
2715 -1024.0000000000
2721 -1023.0000000000
2724 -1022.0000000000
2725 -1021.0000000000
2728 -1020.0000000000
2730 -1019.0000000000
2734 -1018.0000000000
2737 -1017.0000000000
2744 -1016.0000000000
2748 -1015.0000000000
2753 -1014.0000000000
2779 -1013.0000000000
2790 -1012.0000000000
2803 -1011.0000000000
2808 -1010.0000000000
2809 -1008.0000000000
2812 -1007.0000000000
2814 -1006.0000000000
2818 -1005.0000000000
2820 -1004.0000000000
2825 -1003.0000000000
2829 -1002.0000000000
2836 -1001.0000000000
2838 -1000.0000000000
2874 -999.0000000000
2879 -998.0000000000
2883 -997.0000000000
2887 -996.0000000000
2890 -995.0000000000
2894 -994.0000000000
2895 -993.0000000000
2899 -992.0000000000
2933 -991.0000000000
2935 -989.0000000000
2939 -988.0000000000
2940 -987.0000000000
2942 -986.0000000000
2959 -984.0000000000
2963 -983.0000000000
2964 -982.0000000000
2966 -981.0000000000
2967 -980.0000000000
2977 -979.0000000000
2994 -978.0000000000
2997 -977.0000000000
2999 -976.0000000000
3000 -975.0000000000
3002 -974.0000000000
3004 -973.0000000000
3012 -972.0000000000
3024 -971.0000000000
3033 -970.0000000000
3051 -969.0000000000
3055 -968.0000000000
3063 -967.0000000000
3073 -966.0000000000
3075 -965.0000000000
3077 -964.0000000000
3079 -963.0000000000
3081 -962.0000000000
3082 -961.0000000000
3084 -960.0000000000
3085 -959.0000000000
3089 -958.0000000000
3094 -957.0000000000
3099 -956.0000000000
3103 -955.0000000000
3107 -954.0000000000
3110 -953.0000000000
3111 -952.0000000000
3113 -951.0000000000
3117 -950.0000000000
3118 -949.0000000000
3120 -948.0000000000
3128 -947.0000000000
3129 -945.0000000000
3130 -944.0000000000
3131 -943.0000000000
3136 -942.0000000000
3137 -941.0000000000
3144 -940.0000000000
3146 -939.0000000000
3148 -938.0000000000
3149 -937.0000000000
3151 -936.0000000000
3152 -935.0000000000
3153 -934.0000000000
3158 -933.0000000000
3162 -932.0000000000
3163 -931.0000000000
3165 -930.0000000000
3166 -929.0000000000
3167 -928.0000000000
3168 -927.0000000000
3171 -926.0000000000
3184 -925.0000000000
3186 -924.0000000000
3187 -923.0000000000
3191 -922.0000000000
3196 -921.0000000000
3198 -920.0000000000
3201 -919.0000000000
3204 -918.0000000000
3207 -917.0000000000
3213 -916.0000000000
3221 -915.0000000000
3238 -914.0000000000
3250 -913.0000000000
3253 -912.0000000000
3255 -911.0000000000
3256 -910.0000000000
3260 -909.0000000000
3270 -907.0000000000
3274 -906.0000000000
3275 -904.0000000000
3282 -903.0000000000
3286 -902.0000000000
3290 -901.0000000000
3292 -900.0000000000
3294 -899.0000000000
3304 -898.0000000000
3307 -897.0000000000
3308 -896.0000000000
3311 -895.0000000000
3318 -894.0000000000
3320 -893.0000000000
3323 -892.0000000000
3326 -891.0000000000
3330 -890.0000000000
3340 -889.0000000000
3342 -888.0000000000
3343 -887.0000000000
3347 -886.0000000000
3351 -885.0000000000
3364 -884.0000000000
3367 -883.0000000000
3383 -882.0000000000
3384 -880.0000000000
3391 -879.0000000000
3401 -878.0000000000
3402 -877.0000000000
3403 -876.0000000000
3404 -875.0000000000
3417 -874.0000000000
3426 -873.0000000000
3428 -871.0000000000
3430 -870.0000000000
3443 -869.0000000000
3446 -867.0000000000
3450 -866.0000000000
3460 -864.0000000000
3463 -863.0000000000
3474 -862.0000000000
3481 -861.0000000000
3486 -860.0000000000
3488 -859.0000000000
3489 -858.0000000000
3491 -856.0000000000
3499 -853.0000000000
3501 -852.0000000000
3502 -851.0000000000
3510 -850.0000000000
3512 -848.0000000000
3523 -847.0000000000
3543 -846.0000000000
3544 -845.0000000000
3550 -844.0000000000
3551 -843.0000000000
3564 -842.0000000000
3566 -841.0000000000
3569 -840.0000000000
3578 -839.0000000000
3587 -838.0000000000
3595 -836.0000000000
3607 -835.0000000000
3609 -834.0000000000
3611 -833.0000000000
3612 -832.0000000000
3613 -831.0000000000
3616 -830.0000000000
3617 -829.0000000000
3621 -828.0000000000
3628 -827.0000000000
3641 -826.0000000000
3648 -825.0000000000
3663 -824.0000000000
3666 -823.0000000000
3671 -822.0000000000
3674 -821.0000000000
3683 -820.0000000000
3685 -819.0000000000
3690 -818.0000000000
3696 -817.0000000000
3700 -816.0000000000
3705 -815.0000000000
3707 -813.0000000000
3715 -812.0000000000
3716 -811.0000000000
3720 -810.0000000000
3722 -809.0000000000
3724 -808.0000000000
3731 -807.0000000000
3732 -806.0000000000
3736 -804.0000000000
3739 -803.0000000000
3745 -802.0000000000
3763 -801.0000000000
3769 -800.0000000000
3784 -799.0000000000
3785 -798.0000000000
3786 -797.0000000000
3789 -796.0000000000
3794 -795.0000000000
3801 -794.0000000000
3810 -793.0000000000
3811 -792.0000000000
3814 -791.0000000000
3824 -790.0000000000
3826 -789.0000000000
3831 -788.0000000000
3835 -787.0000000000
3845 -786.0000000000
3850 -785.0000000000
3852 -784.0000000000
3853 -783.0000000000
3876 -782.0000000000
3880 -781.0000000000
3886 -780.0000000000
3887 -779.0000000000
3900 -778.0000000000
3901 -777.0000000000
3903 -776.0000000000
3908 -775.0000000000
3909 -774.0000000000
3910 -773.0000000000
3915 -772.0000000000
3920 -771.0000000000
3924 -770.0000000000
3941 -769.0000000000
3953 -768.0000000000
3957 -767.0000000000
3958 -766.0000000000
3964 -765.0000000000
3966 -764.0000000000
3971 -763.0000000000
3984 -762.0000000000
3988 -761.0000000000
4008 -759.0000000000
4013 -758.0000000000
4019 -757.0000000000
4047 -756.0000000000
4048 -755.0000000000
4049 -754.0000000000
4056 -753.0000000000
4065 -752.0000000000
4067 -751.0000000000
4075 -750.0000000000
4088 -749.0000000000
4094 -748.0000000000
4110 -747.0000000000
4118 -746.0000000000
4120 -744.0000000000
4125 -743.0000000000
4129 -742.0000000000
4143 -741.0000000000
4158 -740.0000000000
4160 -738.0000000000
4176 -737.0000000000
4201 -736.0000000000
4208 -735.0000000000
4210 -734.0000000000
4212 -733.0000000000
4214 -732.0000000000
4218 -731.0000000000
4227 -730.0000000000
4229 -729.0000000000
4231 -728.0000000000
4241 -727.0000000000
4253 -726.0000000000
4257 -725.0000000000
4258 -724.0000000000
4262 -723.0000000000
4272 -722.0000000000
4287 -721.0000000000
4300 -720.0000000000
4323 -719.0000000000
4330 -718.0000000000
4338 -717.0000000000
4350 -716.0000000000
4351 -715.0000000000
4356 -714.0000000000
4370 -713.0000000000
4371 -712.0000000000
4390 -711.0000000000
4393 -710.0000000000
4397 -709.0000000000
4403 -708.0000000000
4412 -707.0000000000
4424 -706.0000000000
4425 -705.0000000000
4443 -704.0000000000
4455 -703.0000000000
4459 -702.0000000000
4461 -701.0000000000
4470 -700.0000000000
4475 -699.0000000000
4500 -698.0000000000
4502 -697.0000000000
4509 -696.0000000000
4519 -695.0000000000
4521 -694.0000000000
4530 -693.0000000000
4538 -692.0000000000
4551 -691.0000000000
4553 -690.0000000000
4560 -689.0000000000
4563 -688.0000000000
4564 -687.0000000000
4570 -686.0000000000
4572 -685.0000000000
4578 -684.0000000000
4579 -683.0000000000
4583 -682.0000000000
4592 -681.0000000000
4605 -680.0000000000
4613 -679.0000000000
4636 -678.0000000000
4637 -677.0000000000
4647 -676.0000000000
4657 -675.0000000000
4669 -674.0000000000
4675 -673.0000000000
4681 -672.0000000000
4684 -671.0000000000
4706 -670.0000000000
4711 -669.0000000000
4712 -668.0000000000
4732 -667.0000000000
4736 -666.0000000000
4753 -665.0000000000
4760 -664.0000000000
4768 -663.0000000000
4773 -662.0000000000
4785 -661.0000000000
4806 -660.0000000000
4811 -659.0000000000
4814 -658.0000000000
4819 -657.0000000000
4836 -656.0000000000
4846 -655.0000000000
4858 -653.0000000000
4859 -652.0000000000
4860 -651.0000000000
4863 -650.0000000000
4869 -649.0000000000
4875 -648.0000000000
4884 -647.0000000000
4887 -646.0000000000
4902 -645.0000000000
4906 -644.0000000000
4915 -643.0000000000
4916 -642.0000000000
4929 -641.0000000000
4930 -640.0000000000
4942 -639.0000000000
4950 -638.0000000000
4953 -637.0000000000
4957 -636.0000000000
4991 -635.0000000000
4992 -633.0000000000
4997 -632.0000000000
5014 -631.0000000000
5017 -630.0000000000
5028 -629.0000000000
5034 -628.0000000000
5046 -627.0000000000
5059 -626.0000000000
5060 -625.0000000000
5067 -624.0000000000
5068 -623.0000000000
5070 -622.0000000000
5075 -621.0000000000
5078 -620.0000000000
5096 -619.0000000000
5100 -618.0000000000
5108 -617.0000000000
5114 -616.0000000000
5120 -615.0000000000
5125 -613.0000000000
5129 -611.0000000000
5142 -608.0000000000
5163 -607.0000000000
5167 -606.0000000000
5178 -605.0000000000
5179 -604.0000000000
5182 -603.0000000000
5184 -602.0000000000
5193 -601.0000000000
5198 -600.0000000000
5221 -599.0000000000
5235 -598.0000000000
5243 -597.0000000000
5245 -596.0000000000
5257 -595.0000000000
5263 -594.0000000000
5279 -593.0000000000
5296 -592.0000000000
5304 -591.0000000000
5318 -590.0000000000
5324 -589.0000000000
5330 -588.0000000000
5337 -587.0000000000
5342 -586.0000000000
5347 -585.0000000000
5349 -584.0000000000
5369 -583.0000000000
5370 -582.0000000000
5371 -581.0000000000
5396 -580.0000000000
5408 -579.0000000000
5415 -578.0000000000
5425 -577.0000000000
5428 -576.0000000000
5439 -575.0000000000
5445 -574.0000000000
5451 -573.0000000000
5481 -572.0000000000
5490 -571.0000000000
5492 -570.0000000000
5513 -569.0000000000
5517 -568.0000000000
5521 -567.0000000000
5528 -566.0000000000
5533 -564.0000000000
5540 -563.0000000000
5541 -562.0000000000
5548 -561.0000000000
5551 -560.0000000000
5554 -559.0000000000
5559 -558.0000000000
5570 -557.0000000000
5584 -556.0000000000
5596 -555.0000000000
5606 -554.0000000000
5608 -553.0000000000
5611 -552.0000000000
5613 -551.0000000000
5619 -550.0000000000
5628 -549.0000000000
5634 -548.0000000000
5643 -547.0000000000
5657 -546.0000000000
5664 -545.0000000000
5687 -544.0000000000
5689 -543.0000000000
5699 -542.0000000000
5708 -541.0000000000
5723 -540.0000000000
5732 -539.0000000000
5761 -538.0000000000
5770 -537.0000000000
5776 -536.0000000000
5806 -535.0000000000
5817 -534.0000000000
5834 -533.0000000000
5844 -531.0000000000
5863 -530.0000000000
5864 -529.0000000000
5867 -528.0000000000
5870 -527.0000000000
5873 -526.0000000000
5893 -525.0000000000
5894 -524.0000000000
5919 -523.0000000000
5972 -522.0000000000
5974 -521.0000000000
6018 -520.0000000000
6046 -519.0000000000
6047 -518.0000000000
6048 -517.0000000000
6049 -516.0000000000
6066 -515.0000000000
6091 -514.0000000000
6092 -513.0000000000
6101 -512.0000000000
6115 -511.0000000000
6130 -510.0000000000
6131 -509.0000000000
6138 -508.0000000000
6159 -507.0000000000
6195 -506.0000000000
6209 -505.0000000000
6212 -504.0000000000
6227 -503.0000000000
6237 -502.0000000000
6238 -501.0000000000
6242 -500.0000000000
6248 -499.0000000000
6270 -498.0000000000
6279 -497.0000000000
6284 -496.0000000000
6299 -495.0000000000
6300 -493.0000000000
6304 -492.0000000000
6305 -491.0000000000
6309 -490.0000000000
6320 -489.0000000000
6324 -488.0000000000
6343 -487.0000000000
6369 -486.0000000000
6378 -485.0000000000
6382 -484.0000000000
6411 -483.0000000000
6418 -482.0000000000
6431 -481.0000000000
6447 -480.0000000000
6449 -479.0000000000
6454 -478.0000000000
6457 -477.0000000000
6467 -476.0000000000
6471 -475.0000000000
6479 -474.0000000000
6493 -473.0000000000
6502 -472.0000000000
6510 -471.0000000000
6529 -470.0000000000
6536 -469.0000000000
6540 -468.0000000000
6549 -467.0000000000
6554 -466.0000000000
6556 -465.0000000000
6560 -464.0000000000
6571 -463.0000000000
6573 -462.0000000000
6626 -461.0000000000
6633 -460.0000000000
6649 -459.0000000000
6665 -458.0000000000
6669 -457.0000000000
6703 -456.0000000000
6704 -455.0000000000
6711 -454.0000000000
6723 -453.0000000000
6725 -452.0000000000
6734 -451.0000000000
6753 -450.0000000000
6759 -449.0000000000
6772 -448.0000000000
6777 -447.0000000000
6783 -446.0000000000
6785 -445.0000000000
6795 -444.0000000000
6814 -443.0000000000
6821 -442.0000000000
6826 -441.0000000000
6832 -440.0000000000
6852 -439.0000000000
6862 -438.0000000000
6863 -437.0000000000
6894 -436.0000000000
6912 -435.0000000000
6917 -433.0000000000
6920 -432.0000000000
6931 -431.0000000000
6932 -430.0000000000
6951 -429.0000000000
6956 -428.0000000000
6961 -427.0000000000
6981 -426.0000000000
6993 -425.0000000000
7005 -424.0000000000
7039 -423.0000000000
7045 -422.0000000000
7053 -421.0000000000
7079 -420.0000000000
7105 -418.0000000000
7110 -417.0000000000
7127 -416.0000000000
7130 -415.0000000000
7165 -414.0000000000
7172 -413.0000000000
7185 -412.0000000000
7187 -411.0000000000
7190 -410.0000000000
7215 -409.0000000000
7262 -408.0000000000
7274 -407.0000000000
7277 -406.0000000000
7303 -405.0000000000
7308 -404.0000000000
7314 -403.0000000000
7360 -402.0000000000
7369 -401.0000000000
7380 -400.0000000000
7386 -398.0000000000
7391 -397.0000000000
7398 -396.0000000000
7401 -395.0000000000
7410 -394.0000000000
7467 -393.0000000000
7485 -392.0000000000
7500 -391.0000000000
7517 -390.0000000000
7530 -389.0000000000
7541 -388.0000000000
7551 -387.0000000000
7558 -386.0000000000
7566 -385.0000000000
7567 -384.0000000000
7586 -382.0000000000
7587 -381.0000000000
7589 -380.0000000000
7594 -379.0000000000
7611 -378.0000000000
7645 -377.0000000000
7653 -376.0000000000
7672 -375.0000000000
7685 -374.0000000000
7729 -373.0000000000
7759 -372.0000000000
7779 -371.0000000000
7781 -370.0000000000
7801 -369.0000000000
7803 -368.0000000000
7809 -367.0000000000
7813 -366.0000000000
7819 -364.0000000000
7823 -363.0000000000
7849 -362.0000000000
7896 -361.0000000000
7905 -360.0000000000
7908 -359.0000000000
7919 -358.0000000000
7945 -357.0000000000
7961 -356.0000000000
7981 -355.0000000000
7992 -354.0000000000
8007 -353.0000000000
8008 -352.0000000000
8031 -351.0000000000
8061 -350.0000000000
8070 -349.0000000000
8106 -348.0000000000
8123 -347.0000000000
8174 -346.0000000000
8178 -345.0000000000
8183 -344.0000000000
8195 -343.0000000000
8204 -342.0000000000
8211 -341.0000000000
8257 -340.0000000000
8299 -339.0000000000
8315 -338.0000000000
8324 -337.0000000000
8352 -336.0000000000
8368 -335.0000000000
8387 -334.0000000000
8424 -333.0000000000
8434 -332.0000000000
8447 -331.0000000000
8451 -330.0000000000
8464 -329.0000000000
8471 -328.0000000000
8495 -327.0000000000
8543 -326.0000000000
8549 -325.0000000000
8559 -324.0000000000
8563 -323.0000000000
8581 -322.0000000000
8582 -321.0000000000
8587 -320.0000000000
8596 -319.0000000000
8636 -318.0000000000
8644 -317.0000000000
8661 -315.0000000000
8670 -314.0000000000
8672 -313.0000000000
8674 -312.0000000000
8677 -311.0000000000
8678 -310.0000000000
8688 -309.0000000000
8701 -308.0000000000
8705 -307.0000000000
8709 -306.0000000000
8789 -305.0000000000
8811 -304.0000000000
8814 -303.0000000000
8830 -302.0000000000
8835 -301.0000000000
8888 -300.0000000000
8903 -299.0000000000
8909 -298.0000000000
8918 -297.0000000000
8921 -296.0000000000
8946 -295.0000000000
8954 -294.0000000000
8969 -293.0000000000
8979 -292.0000000000
8983 -291.0000000000
9016 -290.0000000000
9042 -289.0000000000
9064 -288.0000000000
9066 -287.0000000000
9080 -286.0000000000
9118 -285.0000000000
9142 -284.0000000000
9143 -283.0000000000
9173 -282.0000000000
9185 -281.0000000000
9200 -280.0000000000
9215 -279.0000000000
9216 -278.0000000000
9258 -277.0000000000
9281 -276.0000000000
9283 -275.0000000000
9310 -274.0000000000
9312 -273.0000000000
9367 -272.0000000000
9431 -271.0000000000
9462 -270.0000000000
9502 -269.0000000000
9515 -268.0000000000
9518 -267.0000000000
9540 -266.0000000000
9572 -265.0000000000
9582 -264.0000000000
9590 -263.0000000000
9608 -262.0000000000
9673 -261.0000000000
9690 -260.0000000000
9706 -259.0000000000
9707 -258.0000000000
9708 -257.0000000000
9757 -256.0000000000
9769 -255.0000000000
9811 -254.0000000000
9814 -253.0000000000
9818 -252.0000000000
9821 -251.0000000000
9841 -250.0000000000
9883 -249.0000000000
9913 -248.0000000000
9955 -247.0000000000
9992 -246.0000000000
10000 -248.0000000000
