# evaluation best
1 19.0
2 19.0
3 42.0
4 42.0
5 42.0
6 42.0
7 42.0
8 42.0
9 42.0
10 42.0
11 42.0
12 42.0
13 42.0
14 42.0
15 42.0
16 42.0
17 42.0
18 42.0
19 42.0
20 42.0
21 42.0
22 42.0
23 42.0
24 42.0
25 42.0
26 42.0
27 42.0
28 42.0
29 42.0
30 42.0
31 42.0
32 42.0
33 42.0
34 42.0
35 42.0
36 42.0
37 42.0
38 42.0
39 42.0
40 42.0
41 42.0
42 42.0
43 42.0
44 42.0
45 42.0
46 42.0
47 42.0
48 42.0
49 42.0
50 42.0
51 42.0
52 42.0
53 42.0
54 42.0
55 42.0
56 42.0
57 42.0
58 42.0
59 42.0
60 42.0
61 42.0
62 42.0
63 42.0
64 42.0
65 42.0
66 42.0
67 42.0
68 42.0
69 42.0
70 42.0
71 42.0
72 42.0
73 42.0
74 42.0
75 42.0
76 42.0
77 42.0
78 42.0
79 42.0
80 42.0
81 42.0
82 42.0
83 42.0
84 42.0
85 42.0
86 42.0
87 42.0
88 42.0
89 42.0
90 42.0
91 42.0
92 42.0
93 42.0
94 42.0
95 42.0
96 42.0
97 42.0
98 42.0
99 42.0
100 42.0
101 42.0
102 42.0
103 42.0
104 42.0
105 42.0
106 49.0
107 49.0
108 49.0
109 49.0
110 49.0
111 49.0
112 49.0
113 49.0
114 49.0
115 49.0
116 49.0
117 49.0
118 49.0
119 49.0
120 49.0
121 49.0
122 49.0
123 49.0
124 49.0
125 49.0
126 49.0
127 49.0
128 49.0
129 49.0
130 49.0
131 49.0
132 49.0
133 49.0
134 49.0
135 49.0
136 49.0
137 49.0
138 49.0
139 49.0
140 49.0
141 49.0
142 49.0
143 49.0
144 49.0
145 49.0
146 49.0
147 49.0
148 49.0
149 49.0
150 49.0
151 49.0
152 49.0
153 49.0
154 49.0
155 49.0
156 49.0
157 49.0
158 49.0
159 49.0
160 49.0
161 49.0
162 49.0
163 49.0
164 49.0
165 49.0
166 49.0
167 49.0
168 49.0
169 49.0
170 54.0
171 54.0
172 54.0
173 54.0
174 54.0
175 54.0
176 54.0
177 54.0
178 54.0
179 54.0
180 54.0
181 54.0
182 54.0
183 54.0
184 54.0
185 54.0
186 54.0
187 54.0
188 54.0
189 54.0
190 54.0
191 54.0
192 54.0
193 54.0
194 54.0
195 54.0
196 54.0
197 54.0
198 54.0
199 54.0
200 54.0
201 54.0
202 54.0
203 54.0
204 54.0
205 54.0
206 54.0
207 54.0
208 54.0
209 54.0
210 54.0
211 54.0
212 54.0
213 54.0
214 54.0
215 54.0
216 54.0
217 54.0
218 54.0
219 54.0
220 54.0
221 54.0
222 54.0
223 54.0
224 54.0
225 54.0
226 54.0
227 54.0
228 54.0
229 54.0
230 54.0
231 54.0
232 54.0
233 54.0
234 54.0
235 54.0
236 54.0
237 54.0
238 54.0
239 54.0
240 54.0
241 54.0
242 54.0
243 54.0
244 54.0
245 54.0
246 54.0
247 54.0
248 54.0
249 54.0
250 54.0
251 54.0
252 54.0
253 54.0
254 54.0
255 54.0
256 54.0
257 54.0
258 54.0
259 54.0
260 54.0
261 54.0
262 54.0
263 54.0
264 54.0
265 54.0
266 54.0
267 54.0
268 54.0
269 54.0
270 54.0
271 54.0
272 54.0
273 54.0
274 54.0
275 54.0
276 54.0
277 54.0
278 54.0
279 54.0
280 54.0
281 54.0
282 54.0
283 54.0
284 54.0
285 54.0
286 54.0
287 54.0
288 54.0
289 54.0
290 54.0
291 54.0
292 54.0
293 54.0
294 54.0
295 54.0
296 54.0
297 54.0
298 54.0
299 54.0
300 54.0
301 54.0
302 54.0
303 54.0
304 54.0
305 54.0
306 54.0
307 54.0
308 54.0
309 54.0
310 54.0
311 54.0
312 54.0
313 54.0
314 54.0
315 54.0
316 54.0
317 54.0
318 54.0
319 54.0
320 54.0
321 54.0
322 54.0
323 54.0
324 54.0
325 54.0
326 54.0
327 54.0
328 54.0
329 54.0
330 54.0
331 54.0
332 54.0
333 54.0
334 54.0
335 54.0
336 54.0
337 54.0
338 54.0
339 54.0
340 54.0
341 54.0
342 54.0
343 54.0
344 54.0
345 54.0
346 54.0
347 54.0
348 54.0
349 54.0
350 54.0
351 54.0
352 54.0
353 54.0
354 54.0
355 54.0
356 54.0
357 54.0
358 54.0
359 54.0
360 54.0
361 54.0
362 54.0
363 54.0
364 54.0
365 54.0
366 54.0
367 54.0
368 54.0
369 54.0
370 54.0
371 54.0
372 54.0
373 54.0
374 54.0
375 54.0
376 54.0
377 54.0
378 54.0
379 54.0
380 54.0
381 54.0
382 54.0
383 54.0
384 54.0
385 54.0
386 54.0
387 54.0
388 54.0
389 54.0
390 54.0
391 54.0
392 54.0
393 54.0
394 54.0
395 54.0
396 54.0
397 54.0
398 54.0
399 54.0
400 54.0
401 54.0
402 54.0
403 54.0
404 54.0
405 54.0
406 54.0
407 54.0
408 54.0
409 54.0
410 54.0
411 54.0
412 54.0
413 54.0
414 54.0
415 54.0
416 54.0
417 54.0
418 54.0
419 54.0
420 54.0
421 54.0
422 54.0
423 54.0
424 54.0
425 54.0
426 54.0
427 54.0
428 54.0
429 54.0
430 54.0
431 54.0
432 54.0
433 54.0
434 54.0
435 54.0
436 54.0
437 54.0
438 54.0
439 54.0
440 54.0
441 54.0
442 54.0
443 54.0
444 54.0
445 54.0
446 54.0
447 56.0
448 56.0
449 56.0
450 56.0
451 56.0
452 56.0
453 56.0
454 56.0
455 56.0
456 56.0
457 56.0
458 56.0
459 56.0
460 56.0
461 56.0
462 56.0
463 56.0
464 56.0
465 56.0
466 56.0
467 56.0
468 56.0
469 56.0
470 56.0
471 56.0
472 56.0
473 56.0
474 56.0
475 56.0
476 56.0
477 56.0
478 56.0
479 56.0
480 56.0
481 56.0
482 56.0
483 56.0
484 56.0
485 56.0
486 56.0
487 56.0
488 56.0
489 56.0
490 56.0
491 56.0
492 56.0
493 56.0
494 56.0
495 56.0
496 56.0
497 56.0
498 56.0
499 56.0
500 56.0
501 56.0
502 56.0
503 56.0
504 56.0
505 56.0
506 56.0
507 56.0
508 56.0
509 56.0
510 56.0
511 56.0
512 56.0
513 56.0
514 56.0
515 56.0
516 56.0
517 56.0
518 56.0
519 56.0
520 56.0
521 56.0
522 56.0
523 56.0
524 56.0
525 56.0
526 56.0
527 56.0
528 56.0
529 56.0
530 56.0
531 56.0
532 56.0
533 56.0
534 56.0
535 56.0
536 56.0
537 56.0
538 56.0
539 56.0
540 56.0
541 57.0
542 57.0
543 57.0
544 57.0
545 57.0
546 57.0
547 57.0
548 57.0
549 57.0
550 57.0
551 57.0
552 57.0
553 57.0
554 57.0
555 57.0
556 57.0
557 57.0
558 57.0
559 57.0
560 57.0
561 57.0
562 57.0
563 57.0
564 57.0
565 57.0
566 57.0
567 57.0
568 57.0
569 57.0
570 57.0
571 57.0
572 57.0
573 57.0
574 57.0
575 57.0
576 57.0
577 57.0
578 57.0
579 57.0
580 57.0
581 57.0
582 57.0
583 57.0
584 57.0
585 57.0
586 57.0
587 57.0
588 57.0
589 57.0
590 57.0
591 57.0
592 57.0
593 57.0
594 57.0
595 57.0
596 57.0
597 57.0
598 57.0
599 57.0
600 57.0
601 57.0
602 57.0
603 57.0
604 57.0
605 57.0
606 57.0
607 57.0
608 57.0
609 57.0
610 57.0
611 57.0
612 57.0
613 57.0
614 57.0
615 57.0
616 57.0
617 57.0
618 57.0
619 57.0
620 57.0
621 57.0
622 57.0
623 57.0
624 57.0
625 57.0
626 57.0
627 57.0
628 57.0
629 57.0
630 57.0
631 57.0
632 57.0
633 57.0
634 57.0
635 57.0
636 57.0
637 57.0
638 57.0
639 57.0
640 57.0
641 57.0
642 57.0
643 57.0
644 57.0
645 57.0
646 57.0
647 57.0
648 57.0
649 57.0
650 57.0
651 57.0
652 57.0
653 57.0
654 57.0
655 57.0
656 57.0
657 57.0
658 57.0
659 57.0
660 57.0
661 57.0
662 57.0
663 57.0
664 57.0
665 57.0
666 57.0
667 57.0
668 57.0
669 57.0
670 57.0
671 57.0
672 57.0
673 57.0
674 57.0
675 57.0
676 57.0
677 57.0
678 57.0
679 57.0
680 57.0
681 57.0
682 57.0
683 57.0
684 57.0
685 57.0
686 57.0
687 57.0
688 57.0
689 57.0
690 57.0
691 57.0
692 57.0
693 57.0
694 57.0
695 57.0
696 57.0
697 57.0
698 57.0
699 57.0
700 57.0
701 57.0
702 57.0
703 57.0
704 57.0
705 57.0
706 57.0
707 57.0
708 57.0
709 57.0
710 57.0
711 57.0
712 57.0
713 57.0
714 62.0
715 62.0
716 62.0
717 62.0
718 62.0
719 62.0
720 62.0
721 62.0
722 62.0
723 62.0
724 62.0
725 62.0
726 62.0
727 62.0
728 62.0
729 62.0
730 62.0
731 62.0
732 62.0
733 62.0
734 62.0
735 62.0
736 62.0
737 62.0
738 62.0
739 62.0
740 62.0
741 62.0
742 62.0
743 62.0
744 62.0
745 62.0
746 62.0
747 62.0
748 62.0
749 62.0
750 62.0
751 62.0
752 62.0
753 62.0
754 62.0
755 62.0
756 62.0
757 62.0
758 62.0
759 62.0
760 62.0
761 62.0
762 62.0
763 62.0
764 62.0
765 62.0
766 62.0
767 62.0
768 62.0
769 62.0
770 62.0
771 62.0
772 62.0
773 62.0
774 62.0
775 62.0
776 62.0
777 62.0
778 62.0
779 62.0
780 62.0
781 62.0
782 62.0
783 62.0
784 62.0
785 62.0
786 62.0
787 62.0
788 62.0
789 62.0
790 62.0
791 62.0
792 62.0
793 62.0
794 62.0
795 62.0
796 62.0
797 62.0
798 62.0
799 62.0
800 62.0
801 62.0
802 62.0
803 62.0
804 62.0
805 62.0
806 62.0
807 62.0
808 62.0
809 62.0
810 62.0
811 62.0
812 62.0
813 62.0
814 62.0
815 62.0
816 62.0
817 62.0
818 62.0
819 62.0
820 62.0
821 62.0
822 62.0
823 62.0
824 62.0
825 62.0
826 62.0
827 62.0
828 62.0
829 62.0
830 62.0
831 62.0
832 62.0
833 62.0
834 62.0
835 62.0
836 62.0
837 62.0
838 62.0
839 62.0
840 62.0
841 62.0
842 62.0
843 62.0
844 62.0
845 62.0
846 62.0
847 62.0
848 62.0
849 62.0
850 62.0
851 62.0
852 62.0
853 62.0
854 62.0
855 62.0
856 62.0
857 62.0
858 62.0
859 62.0
860 62.0
861 62.0
862 62.0
863 62.0
864 62.0
865 62.0
866 62.0
867 62.0
868 62.0
869 62.0
870 62.0
871 62.0
872 62.0
873 62.0
874 62.0
875 62.0
876 62.0
877 62.0
878 62.0
879 62.0
880 62.0
881 62.0
882 62.0
883 62.0
884 62.0
885 62.0
886 62.0
887 62.0
888 62.0
889 62.0
890 62.0
891 62.0
892 62.0
893 62.0
894 62.0
895 62.0
896 62.0
897 62.0
898 62.0
899 62.0
900 62.0
901 62.0
902 62.0
903 62.0
904 62.0
905 62.0
906 62.0
907 62.0
908 62.0
909 62.0
910 62.0
911 62.0
912 62.0
913 62.0
914 62.0
915 62.0
916 62.0
917 62.0
918 62.0
919 62.0
920 62.0
921 62.0
922 62.0
923 62.0
924 62.0
925 62.0
926 62.0
927 62.0
928 62.0
929 62.0
930 62.0
931 62.0
932 62.0
933 62.0
934 62.0
935 62.0
936 62.0
937 62.0
938 62.0
939 62.0
940 62.0
941 62.0
942 62.0
943 62.0
944 62.0
945 62.0
946 62.0
947 62.0
948 62.0
949 62.0
950 62.0
951 62.0
952 62.0
953 62.0
954 62.0
955 62.0
956 62.0
957 62.0
958 62.0
959 62.0
960 62.0
961 62.0
962 62.0
963 62.0
964 62.0
965 62.0
966 62.0
967 62.0
968 62.0
969 62.0
970 62.0
971 62.0
972 62.0
973 62.0
974 62.0
975 62.0
976 62.0
977 62.0
978 62.0
979 62.0
980 62.0
981 62.0
982 62.0
983 62.0
984 62.0
985 62.0
986 62.0
987 62.0
988 62.0
989 62.0
990 62.0
991 62.0
992 62.0
993 62.0
994 62.0
995 62.0
996 62.0
997 62.0
998 62.0
999 62.0
1000 62.0
1001 62.0
1002 62.0
1003 62.0
1004 62.0
1005 62.0
1006 62.0
1007 62.0
1008 62.0
1009 62.0
1010 62.0
1011 62.0
1012 62.0
1013 62.0
1014 62.0
1015 62.0
1016 62.0
1017 62.0
1018 62.0
1019 62.0
1020 62.0
1021 62.0
1022 62.0
1023 62.0
1024 62.0
1025 62.0
1026 62.0
1027 62.0
1028 62.0
1029 62.0
1030 62.0
1031 62.0
1032 62.0
1033 62.0
1034 62.0
1035 62.0
1036 62.0
1037 62.0
1038 62.0
1039 62.0
1040 62.0
1041 62.0
1042 62.0
1043 62.0
1044 62.0
1045 62.0
1046 62.0
1047 62.0
1048 62.0
1049 62.0
1050 62.0
1051 62.0
1052 62.0
1053 62.0
1054 62.0
1055 62.0
1056 62.0
1057 62.0
1058 62.0
1059 62.0
1060 62.0
1061 62.0
1062 62.0
1063 62.0
1064 62.0
1065 62.0
1066 62.0
1067 62.0
1068 62.0
1069 62.0
1070 62.0
1071 62.0
1072 62.0
1073 62.0
1074 62.0
1075 62.0
1076 62.0
1077 62.0
1078 62.0
1079 62.0
1080 62.0
1081 62.0
1082 62.0
1083 62.0
1084 62.0
1085 62.0
1086 62.0
1087 62.0
1088 62.0
1089 62.0
1090 62.0
1091 62.0
1092 62.0
1093 62.0
1094 62.0
1095 62.0
1096 62.0
1097 62.0
1098 62.0
1099 62.0
1100 62.0
1101 62.0
1102 62.0
1103 62.0
1104 62.0
1105 62.0
1106 62.0
1107 62.0
1108 62.0
1109 62.0
1110 62.0
1111 62.0
1112 62.0
1113 62.0
1114 62.0
1115 62.0
1116 62.0
1117 62.0
1118 62.0
1119 62.0
1120 62.0
1121 62.0
1122 62.0
1123 62.0
1124 62.0
1125 62.0
1126 62.0
1127 62.0
1128 62.0
1129 62.0
1130 62.0
1131 62.0
1132 62.0
1133 62.0
1134 62.0
1135 62.0
1136 62.0
1137 62.0
1138 62.0
1139 62.0
1140 62.0
1141 62.0
1142 62.0
1143 62.0
1144 62.0
1145 62.0
1146 62.0
1147 62.0
1148 62.0
1149 62.0
1150 62.0
1151 62.0
1152 62.0
1153 62.0
1154 62.0
1155 62.0
1156 62.0
1157 62.0
1158 62.0
1159 62.0
1160 62.0
1161 62.0
1162 62.0
1163 62.0
1164 62.0
1165 62.0
1166 62.0
1167 62.0
1168 62.0
1169 62.0
1170 62.0
1171 62.0
1172 62.0
1173 62.0
1174 62.0
1175 62.0
1176 62.0
1177 62.0
1178 62.0
1179 62.0
1180 62.0
1181 62.0
1182 62.0
1183 62.0
1184 62.0
1185 62.0
1186 62.0
1187 62.0
1188 62.0
1189 62.0
1190 62.0
1191 62.0
1192 62.0
1193 62.0
1194 62.0
1195 62.0
1196 62.0
1197 62.0
1198 62.0
1199 62.0
1200 62.0
1201 62.0
1202 62.0
1203 62.0
1204 62.0
1205 62.0
1206 62.0
1207 62.0
1208 62.0
1209 62.0
1210 62.0
1211 62.0
1212 62.0
1213 62.0
1214 62.0
1215 62.0
1216 62.0
1217 62.0
1218 62.0
1219 62.0
1220 62.0
1221 62.0
1222 62.0
1223 62.0
1224 62.0
1225 62.0
1226 62.0
1227 62.0
1228 62.0
1229 62.0
1230 62.0
1231 62.0
1232 62.0
1233 62.0
1234 62.0
1235 62.0
1236 62.0
1237 62.0
1238 62.0
1239 62.0
1240 62.0
1241 62.0
1242 62.0
1243 62.0
1244 62.0
1245 62.0
1246 62.0
1247 62.0
1248 62.0
1249 62.0
1250 62.0
1251 62.0
1252 62.0
1253 62.0
1254 62.0
1255 62.0
1256 62.0
1257 62.0
1258 62.0
1259 62.0
1260 62.0
1261 62.0
1262 62.0
1263 62.0
1264 62.0
1265 62.0
1266 62.0
1267 62.0
1268 62.0
1269 62.0
1270 62.0
1271 62.0
1272 62.0
1273 62.0
1274 62.0
1275 62.0
1276 62.0
1277 62.0
1278 62.0
1279 62.0
1280 62.0
1281 62.0
1282 62.0
1283 62.0
1284 62.0
1285 62.0
1286 62.0
1287 62.0
1288 62.0
1289 62.0
1290 62.0
1291 62.0
1292 62.0
1293 62.0
1294 62.0
1295 62.0
1296 62.0
1297 62.0
1298 62.0
1299 62.0
1300 62.0
1301 62.0
1302 62.0
1303 62.0
1304 62.0
1305 62.0
1306 62.0
1307 62.0
1308 62.0
1309 62.0
1310 62.0
1311 62.0
1312 62.0
1313 62.0
1314 62.0
1315 62.0
1316 62.0
1317 62.0
1318 64.0
1319 64.0
1320 64.0
1321 64.0
1322 64.0
1323 64.0
1324 64.0
1325 64.0
1326 64.0
1327 64.0
1328 64.0
1329 64.0
1330 64.0
1331 64.0
1332 64.0
1333 64.0
1334 64.0
1335 64.0
1336 64.0
1337 64.0
1338 64.0
1339 64.0
1340 64.0
1341 64.0
1342 64.0
1343 64.0
1344 64.0
1345 64.0
1346 64.0
1347 64.0
1348 64.0
1349 64.0
1350 64.0
1351 64.0
1352 64.0
1353 64.0
1354 64.0
1355 64.0
1356 64.0
1357 64.0
1358 64.0
1359 64.0
1360 64.0
1361 64.0
1362 64.0
1363 64.0
1364 64.0
1365 64.0
1366 64.0
1367 64.0
1368 64.0
1369 64.0
1370 64.0
1371 64.0
1372 64.0
1373 64.0
1374 64.0
1375 64.0
1376 64.0
1377 64.0
1378 64.0
1379 64.0
1380 64.0
1381 64.0
1382 64.0
1383 64.0
1384 64.0
1385 64.0
1386 64.0
1387 64.0
1388 64.0
1389 64.0
1390 64.0
1391 64.0
1392 64.0
1393 64.0
1394 64.0
1395 64.0
1396 64.0
1397 64.0
1398 64.0
1399 64.0
1400 64.0
1401 64.0
1402 64.0
1403 64.0
1404 64.0
1405 64.0
1406 64.0
1407 64.0
1408 64.0
1409 64.0
1410 64.0
1411 64.0
1412 64.0
1413 64.0
1414 64.0
1415 64.0
1416 64.0
1417 64.0
1418 64.0
1419 64.0
1420 64.0
1421 64.0
1422 64.0
1423 64.0
1424 64.0
1425 64.0
1426 64.0
1427 64.0
1428 64.0
1429 64.0
1430 64.0
1431 64.0
1432 64.0
1433 64.0
1434 64.0
1435 64.0
1436 64.0
1437 64.0
1438 64.0
1439 64.0
1440 64.0
1441 64.0
1442 64.0
1443 64.0
1444 64.0
1445 64.0
1446 64.0
1447 64.0
1448 64.0
1449 64.0
1450 64.0
1451 64.0
1452 64.0
1453 64.0
1454 64.0
1455 64.0
1456 64.0
1457 64.0
1458 64.0
1459 64.0
1460 64.0
1461 64.0
1462 64.0
1463 64.0
1464 64.0
1465 64.0
1466 64.0
1467 64.0
1468 64.0
1469 64.0
1470 64.0
1471 64.0
1472 64.0
1473 64.0
1474 64.0
1475 64.0
1476 64.0
1477 64.0
1478 64.0
1479 64.0
1480 64.0
1481 64.0
1482 64.0
1483 64.0
1484 64.0
1485 64.0
1486 64.0
1487 64.0
1488 64.0
1489 64.0
1490 64.0
1491 64.0
1492 64.0
1493 64.0
1494 64.0
1495 64.0
1496 64.0
1497 64.0
1498 64.0
1499 64.0
1500 64.0
1501 64.0
1502 64.0
1503 64.0
1504 64.0
1505 64.0
1506 64.0
1507 64.0
1508 64.0
1509 64.0
1510 64.0
1511 64.0
1512 64.0
1513 64.0
1514 64.0
1515 64.0
1516 64.0
1517 64.0
1518 64.0
1519 64.0
1520 64.0
1521 64.0
1522 64.0
1523 64.0
1524 64.0
1525 64.0
1526 64.0
1527 64.0
1528 64.0
1529 64.0
1530 64.0
1531 64.0
1532 64.0
1533 64.0
1534 64.0
1535 64.0
1536 64.0
1537 64.0
1538 64.0
1539 64.0
1540 64.0
1541 64.0
1542 64.0
1543 64.0
1544 64.0
1545 64.0
1546 64.0
1547 64.0
1548 64.0
1549 64.0
1550 64.0
1551 64.0
1552 64.0
1553 64.0
1554 64.0
1555 64.0
1556 64.0
1557 64.0
1558 64.0
1559 64.0
1560 64.0
1561 64.0
1562 64.0
1563 64.0
1564 64.0
1565 64.0
1566 64.0
1567 64.0
1568 64.0
1569 64.0
1570 64.0
1571 64.0
1572 64.0
1573 64.0
1574 64.0
1575 64.0
1576 64.0
1577 64.0
1578 64.0
1579 64.0
1580 64.0
1581 64.0
1582 64.0
1583 64.0
1584 64.0
1585 64.0
1586 64.0
1587 64.0
1588 64.0
1589 64.0
1590 64.0
1591 64.0
1592 64.0
1593 64.0
1594 64.0
1595 64.0
1596 64.0
1597 64.0
1598 64.0
1599 64.0
1600 64.0
1601 64.0
1602 64.0
1603 64.0
1604 64.0
1605 64.0
1606 64.0
1607 64.0
1608 64.0
1609 64.0
1610 64.0
1611 64.0
1612 64.0
1613 64.0
1614 64.0
1615 64.0
1616 64.0
1617 64.0
1618 64.0
1619 64.0
1620 64.0
1621 64.0
1622 64.0
1623 64.0
1624 64.0
1625 64.0
1626 64.0
1627 64.0
1628 64.0
1629 64.0
1630 64.0
1631 64.0
1632 64.0
1633 64.0
1634 64.0
1635 64.0
1636 64.0
1637 64.0
1638 64.0
1639 64.0
1640 64.0
1641 64.0
1642 64.0
1643 64.0
1644 64.0
1645 64.0
1646 64.0
1647 64.0
1648 64.0
1649 64.0
1650 64.0
1651 64.0
1652 64.0
1653 64.0
1654 64.0
1655 64.0
1656 64.0
1657 64.0
1658 64.0
1659 64.0
1660 64.0
1661 64.0
1662 64.0
1663 64.0
1664 64.0
1665 64.0
1666 64.0
1667 64.0
1668 64.0
1669 64.0
1670 64.0
1671 64.0
1672 64.0
1673 64.0
1674 64.0
1675 64.0
1676 64.0
1677 64.0
1678 64.0
1679 64.0
1680 64.0
1681 64.0
1682 64.0
1683 64.0
1684 64.0
1685 64.0
1686 64.0
1687 64.0
1688 64.0
1689 64.0
1690 64.0
1691 64.0
1692 64.0
1693 64.0
1694 64.0
1695 64.0
1696 64.0
1697 64.0
1698 64.0
1699 64.0
1700 64.0
1701 64.0
1702 64.0
1703 64.0
1704 64.0
1705 64.0
1706 64.0
1707 64.0
1708 64.0
1709 64.0
1710 64.0
1711 64.0
1712 64.0
1713 64.0
1714 64.0
1715 64.0
1716 64.0
1717 64.0
1718 64.0
1719 64.0
1720 64.0
1721 64.0
1722 64.0
1723 64.0
1724 64.0
1725 64.0
1726 64.0
1727 64.0
1728 64.0
1729 64.0
1730 64.0
1731 64.0
1732 64.0
1733 64.0
1734 64.0
1735 64.0
1736 64.0
1737 64.0
1738 64.0
1739 64.0
1740 64.0
1741 64.0
1742 64.0
1743 64.0
1744 64.0
1745 64.0
1746 64.0
1747 64.0
1748 64.0
1749 64.0
1750 64.0
1751 64.0
1752 64.0
1753 64.0
1754 64.0
1755 64.0
1756 64.0
1757 64.0
1758 64.0
1759 64.0
1760 64.0
1761 64.0
1762 64.0
1763 64.0
1764 64.0
1765 64.0
1766 64.0
1767 64.0
1768 64.0
1769 64.0
1770 64.0
1771 64.0
1772 64.0
1773 64.0
1774 64.0
1775 64.0
1776 64.0
1777 64.0
1778 64.0
1779 64.0
1780 64.0
1781 64.0
1782 64.0
1783 64.0
1784 64.0
1785 64.0
1786 64.0
1787 64.0
1788 64.0
1789 64.0
1790 64.0
1791 64.0
1792 64.0
1793 64.0
1794 64.0
1795 64.0
1796 64.0
1797 64.0
1798 64.0
1799 64.0
1800 64.0
1801 64.0
1802 64.0
1803 64.0
1804 64.0
1805 64.0
1806 64.0
1807 64.0
1808 64.0
1809 64.0
1810 64.0
1811 64.0
1812 64.0
1813 64.0
1814 64.0
1815 64.0
1816 64.0
1817 64.0
1818 64.0
1819 64.0
1820 64.0
1821 64.0
1822 64.0
1823 64.0
1824 64.0
1825 64.0
1826 64.0
1827 64.0
1828 64.0
1829 64.0
1830 64.0
1831 64.0
1832 64.0
1833 64.0
1834 64.0
1835 64.0
1836 64.0
1837 64.0
1838 64.0
1839 64.0
1840 64.0
1841 64.0
1842 64.0
1843 64.0
1844 64.0
1845 64.0
1846 64.0
1847 64.0
1848 64.0
1849 64.0
1850 64.0
1851 64.0
1852 64.0
1853 64.0
1854 64.0
1855 64.0
1856 64.0
1857 64.0
1858 64.0
1859 64.0
1860 64.0
1861 64.0
1862 64.0
1863 64.0
1864 64.0
1865 64.0
1866 64.0
1867 64.0
1868 64.0
1869 64.0
1870 64.0
1871 64.0
1872 64.0
1873 64.0
1874 64.0
1875 64.0
1876 64.0
1877 64.0
1878 64.0
1879 64.0
1880 64.0
1881 64.0
1882 64.0
1883 64.0
1884 64.0
1885 64.0
1886 64.0
1887 64.0
1888 64.0
1889 64.0
1890 64.0
1891 64.0
1892 64.0
1893 64.0
1894 64.0
1895 64.0
1896 64.0
1897 64.0
1898 64.0
1899 64.0
1900 64.0
1901 64.0
1902 64.0
1903 64.0
1904 64.0
1905 64.0
1906 64.0
1907 64.0
1908 64.0
1909 64.0
1910 64.0
1911 64.0
1912 64.0
1913 64.0
1914 64.0
1915 64.0
1916 64.0
1917 64.0
1918 64.0
1919 64.0
1920 64.0
1921 64.0
1922 64.0
1923 64.0
1924 64.0
1925 64.0
1926 64.0
1927 64.0
1928 64.0
1929 64.0
1930 64.0
1931 64.0
1932 64.0
1933 64.0
1934 64.0
1935 64.0
1936 64.0
1937 64.0
1938 64.0
1939 64.0
1940 64.0
1941 64.0
1942 64.0
1943 64.0
1944 64.0
1945 64.0
1946 64.0
1947 64.0
1948 64.0
1949 64.0
1950 64.0
1951 64.0
1952 64.0
1953 64.0
1954 64.0
1955 64.0
1956 64.0
1957 64.0
1958 64.0
1959 64.0
1960 64.0
1961 64.0
1962 64.0
1963 64.0
1964 64.0
1965 64.0
1966 64.0
1967 64.0
1968 64.0
1969 64.0
1970 64.0
1971 64.0
1972 64.0
1973 64.0
1974 64.0
1975 64.0
1976 64.0
1977 64.0
1978 64.0
1979 64.0
1980 64.0
1981 64.0
1982 64.0
1983 64.0
1984 64.0
1985 64.0
1986 64.0
1987 64.0
1988 64.0
1989 64.0
1990 64.0
1991 64.0
1992 64.0
1993 64.0
1994 64.0
1995 64.0
1996 64.0
1997 64.0
1998 64.0
1999 64.0
2000 64.0
2001 64.0
2002 64.0
2003 64.0
2004 64.0
2005 64.0
2006 64.0
2007 64.0
2008 64.0
2009 64.0
2010 64.0
2011 64.0
2012 64.0
2013 64.0
2014 64.0
2015 64.0
2016 64.0
2017 64.0
2018 64.0
2019 64.0
2020 64.0
2021 64.0
2022 64.0
2023 64.0
2024 64.0
2025 64.0
2026 64.0
2027 64.0
2028 64.0
2029 64.0
2030 64.0
2031 64.0
2032 64.0
2033 64.0
2034 64.0
2035 64.0
2036 64.0
2037 64.0
2038 64.0
2039 64.0
2040 64.0
2041 64.0
2042 64.0
2043 64.0
2044 64.0
2045 64.0
2046 64.0
2047 64.0
2048 64.0
2049 64.0
2050 64.0
2051 64.0
2052 64.0
2053 64.0
2054 64.0
2055 64.0
2056 64.0
2057 64.0
2058 64.0
2059 64.0
2060 64.0
2061 64.0
2062 64.0
2063 64.0
2064 64.0
2065 64.0
2066 64.0
2067 64.0
2068 64.0
2069 64.0
2070 64.0
2071 64.0
2072 64.0
2073 64.0
2074 64.0
2075 64.0
2076 64.0
2077 64.0
2078 64.0
2079 64.0
2080 64.0
2081 64.0
2082 64.0
2083 64.0
2084 64.0
2085 64.0
2086 64.0
2087 64.0
2088 64.0
2089 64.0
2090 64.0
2091 64.0
2092 64.0
2093 64.0
2094 64.0
2095 64.0
2096 64.0
2097 64.0
2098 64.0
2099 64.0
2100 64.0
2101 64.0
2102 64.0
2103 64.0
2104 64.0
2105 64.0
2106 64.0
2107 64.0
2108 64.0
2109 64.0
2110 64.0
2111 64.0
2112 64.0
2113 64.0
2114 64.0
2115 64.0
2116 64.0
2117 64.0
2118 64.0
2119 64.0
2120 64.0
2121 64.0
2122 64.0
2123 64.0
2124 64.0
2125 64.0
2126 64.0
2127 64.0
2128 64.0
2129 64.0
2130 64.0
2131 64.0
2132 64.0
2133 64.0
2134 64.0
2135 64.0
2136 64.0
2137 64.0
2138 64.0
2139 64.0
2140 64.0
2141 64.0
2142 64.0
2143 64.0
2144 64.0
2145 64.0
2146 64.0
2147 64.0
2148 64.0
2149 64.0
2150 64.0
2151 64.0
2152 64.0
2153 64.0
2154 64.0
2155 64.0
2156 64.0
2157 64.0
2158 64.0
2159 64.0
2160 64.0
2161 64.0
2162 64.0
2163 64.0
2164 64.0
2165 64.0
2166 64.0
2167 64.0
2168 64.0
2169 64.0
2170 64.0
2171 64.0
2172 64.0
2173 64.0
2174 64.0
2175 64.0
2176 64.0
2177 64.0
2178 64.0
2179 64.0
2180 64.0
2181 64.0
2182 64.0
2183 64.0
2184 64.0
2185 64.0
2186 64.0
2187 64.0
2188 64.0
2189 64.0
2190 64.0
2191 64.0
2192 64.0
2193 64.0
2194 64.0
2195 64.0
2196 64.0
2197 64.0
2198 64.0
2199 64.0
2200 64.0
2201 64.0
2202 64.0
2203 64.0
2204 64.0
2205 64.0
2206 64.0
2207 64.0
2208 64.0
2209 64.0
2210 64.0
2211 64.0
2212 64.0
2213 64.0
2214 64.0
2215 64.0
2216 64.0
2217 64.0
2218 64.0
2219 64.0
2220 64.0
2221 64.0
2222 64.0
2223 64.0
2224 64.0
2225 64.0
2226 64.0
2227 64.0
2228 64.0
2229 64.0
2230 64.0
2231 64.0
2232 64.0
2233 64.0
2234 64.0
2235 64.0
2236 64.0
2237 64.0
2238 64.0
2239 64.0
2240 64.0
2241 64.0
2242 64.0
2243 64.0
2244 64.0
2245 64.0
2246 64.0
2247 64.0
2248 64.0
2249 64.0
2250 64.0
2251 64.0
2252 64.0
2253 64.0
2254 64.0
2255 64.0
2256 64.0
2257 64.0
2258 64.0
2259 64.0
2260 64.0
2261 64.0
2262 64.0
2263 64.0
2264 64.0
2265 64.0
2266 64.0
2267 64.0
2268 64.0
2269 64.0
2270 64.0
2271 64.0
2272 64.0
2273 64.0
2274 64.0
2275 64.0
2276 64.0
2277 64.0
2278 64.0
2279 64.0
2280 64.0
2281 64.0
2282 64.0
2283 64.0
2284 64.0
2285 64.0
2286 64.0
2287 64.0
2288 64.0
2289 64.0
2290 64.0
2291 64.0
2292 64.0
2293 64.0
2294 64.0
2295 64.0
2296 64.0
2297 64.0
2298 64.0
2299 64.0
2300 64.0
2301 64.0
2302 64.0
2303 64.0
2304 64.0
2305 64.0
2306 64.0
2307 64.0
2308 64.0
2309 64.0
2310 64.0
2311 64.0
2312 64.0
2313 64.0
2314 64.0
2315 64.0
2316 64.0
2317 64.0
2318 64.0
2319 64.0
2320 64.0
2321 64.0
2322 64.0
2323 64.0
2324 64.0
2325 64.0
2326 64.0
2327 64.0
2328 64.0
2329 64.0
2330 64.0
2331 64.0
2332 64.0
2333 64.0
2334 64.0
2335 64.0
2336 64.0
2337 64.0
2338 64.0
2339 64.0
2340 64.0
2341 64.0
2342 64.0
2343 64.0
2344 64.0
2345 64.0
2346 64.0
2347 64.0
2348 64.0
2349 64.0
2350 64.0
2351 64.0
2352 64.0
2353 64.0
2354 64.0
2355 64.0
2356 64.0
2357 64.0
2358 64.0
2359 64.0
2360 64.0
2361 64.0
2362 64.0
2363 64.0
2364 64.0
2365 64.0
2366 64.0
2367 64.0
2368 64.0
2369 64.0
2370 64.0
2371 64.0
2372 64.0
2373 64.0
2374 64.0
2375 64.0
2376 64.0
2377 64.0
2378 64.0
2379 64.0
2380 64.0
2381 64.0
2382 64.0
2383 64.0
2384 64.0
2385 64.0
2386 64.0
2387 64.0
2388 64.0
2389 64.0
2390 64.0
2391 64.0
2392 64.0
2393 64.0
2394 64.0
2395 64.0
2396 64.0
2397 64.0
2398 64.0
2399 64.0
2400 64.0
2401 64.0
2402 64.0
2403 64.0
2404 64.0
2405 64.0
2406 64.0
2407 64.0
2408 64.0
2409 64.0
2410 64.0
2411 64.0
2412 64.0
2413 64.0
2414 64.0
2415 64.0
2416 64.0
2417 64.0
2418 64.0
2419 64.0
2420 64.0
2421 64.0
2422 64.0
2423 64.0
2424 64.0
2425 64.0
2426 64.0
2427 64.0
2428 64.0
2429 64.0
2430 64.0
2431 64.0
2432 64.0
2433 64.0
2434 64.0
2435 64.0
2436 64.0
2437 64.0
2438 64.0
2439 64.0
2440 64.0
2441 64.0
2442 64.0
2443 64.0
2444 64.0
2445 64.0
2446 64.0
2447 64.0
2448 64.0
2449 64.0
2450 64.0
2451 64.0
2452 64.0
2453 64.0
2454 64.0
2455 64.0
2456 64.0
2457 64.0
2458 64.0
2459 64.0
2460 64.0
2461 64.0
2462 64.0
2463 64.0
2464 64.0
2465 64.0
2466 64.0
2467 64.0
2468 64.0
2469 64.0
2470 64.0
2471 64.0
2472 64.0
2473 64.0
2474 64.0
2475 64.0
2476 64.0
2477 64.0
2478 64.0
2479 64.0
2480 64.0
2481 64.0
2482 64.0
2483 64.0
2484 64.0
2485 64.0
2486 64.0
2487 64.0
2488 64.0
2489 64.0
2490 64.0
2491 64.0
2492 64.0
2493 64.0
2494 64.0
2495 64.0
2496 64.0
2497 64.0
2498 64.0
2499 64.0
2500 64.0
2501 64.0
2502 64.0
2503 64.0
2504 64.0
2505 64.0
2506 64.0
2507 64.0
2508 64.0
2509 64.0
2510 64.0
2511 64.0
2512 64.0
2513 64.0
2514 64.0
2515 64.0
2516 64.0
2517 64.0
2518 64.0
2519 64.0
2520 64.0
2521 64.0
2522 64.0
2523 64.0
2524 64.0
2525 64.0
2526 64.0
2527 64.0
2528 64.0
2529 64.0
2530 64.0
2531 64.0
2532 64.0
2533 64.0
2534 64.0
2535 64.0
2536 64.0
2537 64.0
2538 64.0
2539 64.0
2540 64.0
2541 64.0
2542 64.0
2543 64.0
2544 64.0
2545 64.0
2546 64.0
2547 64.0
2548 64.0
2549 64.0
2550 64.0
2551 64.0
2552 64.0
2553 64.0
2554 64.0
2555 64.0
2556 64.0
2557 64.0
2558 64.0
2559 64.0
2560 64.0
2561 64.0
2562 64.0
2563 64.0
2564 64.0
2565 64.0
2566 64.0
2567 64.0
2568 64.0
2569 64.0
2570 64.0
2571 64.0
2572 64.0
2573 64.0
2574 64.0
2575 64.0
2576 64.0
2577 64.0
2578 64.0
2579 64.0
2580 64.0
2581 64.0
2582 64.0
2583 64.0
2584 64.0
2585 64.0
2586 64.0
2587 64.0
2588 64.0
2589 64.0
2590 64.0
2591 64.0
2592 64.0
2593 64.0
2594 64.0
2595 64.0
2596 64.0
2597 64.0
2598 64.0
2599 64.0
2600 64.0
2601 64.0
2602 64.0
2603 64.0
2604 64.0
2605 64.0
2606 64.0
2607 64.0
2608 64.0
2609 64.0
2610 64.0
2611 64.0
2612 64.0
2613 64.0
2614 64.0
2615 64.0
2616 64.0
2617 64.0
2618 64.0
2619 64.0
2620 64.0
2621 64.0
2622 64.0
2623 64.0
2624 64.0
2625 64.0
2626 64.0
2627 64.0
2628 64.0
2629 64.0
2630 64.0
2631 64.0
2632 64.0
2633 64.0
2634 64.0
2635 64.0
2636 64.0
2637 64.0
2638 64.0
2639 64.0
2640 64.0
2641 64.0
2642 64.0
2643 64.0
2644 64.0
2645 64.0
2646 64.0
2647 64.0
2648 64.0
2649 64.0
2650 64.0
2651 64.0
2652 64.0
2653 64.0
2654 64.0
2655 64.0
2656 64.0
2657 64.0
2658 64.0
2659 64.0
2660 64.0
2661 64.0
2662 64.0
2663 64.0
2664 64.0
2665 64.0
2666 64.0
2667 64.0
2668 64.0
2669 64.0
2670 64.0
2671 64.0
2672 64.0
2673 64.0
2674 64.0
2675 64.0
2676 64.0
2677 64.0
2678 64.0
2679 64.0
2680 64.0
2681 64.0
2682 64.0
2683 64.0
2684 64.0
2685 64.0
2686 64.0
2687 64.0
2688 64.0
2689 64.0
2690 64.0
2691 64.0
2692 64.0
2693 64.0
2694 64.0
2695 64.0
2696 64.0
2697 64.0
2698 64.0
2699 64.0
2700 64.0
2701 64.0
2702 64.0
2703 64.0
2704 64.0
2705 64.0
2706 64.0
2707 64.0
2708 64.0
2709 64.0
2710 64.0
2711 64.0
2712 64.0
2713 64.0
2714 64.0
2715 64.0
2716 64.0
2717 64.0
2718 64.0
2719 64.0
2720 64.0
2721 64.0
2722 64.0
2723 64.0
2724 64.0
2725 64.0
2726 64.0
2727 64.0
2728 64.0
2729 64.0
2730 64.0
2731 64.0
2732 64.0
2733 64.0
2734 64.0
2735 64.0
2736 64.0
2737 64.0
2738 64.0
2739 64.0
2740 64.0
2741 64.0
2742 64.0
2743 64.0
2744 64.0
2745 64.0
2746 64.0
2747 64.0
2748 64.0
2749 64.0
2750 64.0
2751 64.0
2752 64.0
2753 64.0
2754 64.0
2755 64.0
2756 64.0
2757 64.0
2758 64.0
2759 64.0
2760 64.0
2761 64.0
2762 64.0
2763 64.0
2764 64.0
2765 64.0
2766 64.0
2767 64.0
2768 64.0
2769 64.0
2770 64.0
2771 64.0
2772 64.0
2773 64.0
2774 64.0
2775 64.0
2776 64.0
2777 64.0
2778 64.0
2779 64.0
2780 64.0
2781 64.0
2782 64.0
2783 64.0
2784 64.0
2785 64.0
2786 64.0
2787 64.0
2788 64.0
2789 64.0
2790 64.0
2791 64.0
2792 64.0
2793 64.0
2794 64.0
2795 64.0
2796 64.0
2797 64.0
2798 64.0
2799 64.0
2800 64.0
2801 64.0
2802 64.0
2803 64.0
2804 64.0
2805 64.0
2806 64.0
2807 64.0
2808 64.0
2809 64.0
2810 64.0
2811 64.0
2812 64.0
2813 64.0
2814 64.0
2815 64.0
2816 64.0
2817 64.0
2818 64.0
2819 64.0
2820 64.0
2821 64.0
2822 64.0
2823 64.0
2824 64.0
2825 64.0
2826 64.0
2827 64.0
2828 64.0
2829 64.0
2830 64.0
2831 64.0
2832 64.0
2833 64.0
2834 64.0
2835 64.0
2836 64.0
2837 64.0
2838 64.0
2839 64.0
2840 64.0
2841 64.0
2842 64.0
2843 64.0
2844 64.0
2845 64.0
2846 64.0
2847 64.0
2848 64.0
2849 64.0
2850 64.0
2851 64.0
2852 64.0
2853 64.0
2854 64.0
2855 64.0
2856 64.0
2857 64.0
2858 64.0
2859 64.0
2860 64.0
2861 64.0
2862 64.0
2863 64.0
2864 64.0
2865 64.0
2866 64.0
2867 64.0
2868 64.0
2869 64.0
2870 64.0
2871 64.0
2872 64.0
2873 64.0
2874 64.0
2875 64.0
2876 64.0
2877 64.0
2878 64.0
2879 64.0
2880 64.0
2881 64.0
2882 64.0
2883 64.0
2884 64.0
2885 64.0
2886 64.0
2887 64.0
2888 64.0
2889 64.0
2890 64.0
2891 64.0
2892 64.0
2893 64.0
2894 64.0
2895 64.0
2896 64.0
2897 64.0
2898 64.0
2899 64.0
2900 64.0
2901 64.0
2902 64.0
2903 64.0
2904 64.0
2905 64.0
2906 64.0
2907 64.0
2908 64.0
2909 64.0
2910 64.0
2911 64.0
2912 64.0
2913 64.0
2914 64.0
2915 64.0
2916 64.0
2917 64.0
2918 64.0
2919 64.0
2920 64.0
2921 64.0
2922 64.0
2923 64.0
2924 64.0
2925 64.0
2926 64.0
2927 64.0
2928 64.0
2929 64.0
2930 64.0
2931 64.0
2932 64.0
2933 64.0
2934 64.0
2935 64.0
2936 64.0
2937 64.0
2938 64.0
2939 64.0
2940 64.0
2941 64.0
2942 64.0
2943 64.0
2944 64.0
2945 64.0
2946 64.0
2947 64.0
2948 64.0
2949 64.0
2950 64.0
2951 64.0
2952 64.0
2953 64.0
2954 64.0
2955 64.0
2956 64.0
2957 64.0
2958 64.0
2959 64.0
2960 64.0
2961 64.0
2962 64.0
2963 64.0
2964 64.0
2965 64.0
2966 64.0
2967 64.0
2968 64.0
2969 64.0
2970 64.0
2971 64.0
2972 64.0
2973 64.0
2974 64.0
2975 64.0
2976 64.0
2977 64.0
2978 64.0
2979 64.0
2980 64.0
2981 64.0
2982 64.0
2983 64.0
2984 64.0
2985 64.0
2986 64.0
2987 64.0
2988 64.0
2989 64.0
2990 64.0
2991 64.0
2992 64.0
2993 64.0
2994 64.0
2995 64.0
2996 64.0
2997 64.0
2998 64.0
2999 64.0
3000 64.0
3001 64.0
3002 64.0
3003 64.0
3004 64.0
3005 64.0
3006 64.0
3007 64.0
3008 64.0
3009 64.0
3010 64.0
3011 64.0
3012 64.0
3013 64.0
3014 64.0
3015 64.0
3016 64.0
3017 64.0
3018 64.0
3019 64.0
3020 64.0
3021 64.0
3022 64.0
3023 64.0
3024 64.0
3025 64.0
3026 64.0
3027 64.0
3028 64.0
3029 64.0
3030 64.0
3031 64.0
3032 64.0
3033 64.0
3034 64.0
3035 64.0
3036 64.0
3037 64.0
3038 64.0
3039 64.0
3040 64.0
3041 64.0
3042 64.0
3043 64.0
3044 64.0
3045 64.0
3046 64.0
3047 64.0
3048 64.0
3049 64.0
3050 64.0
3051 64.0
3052 64.0
3053 64.0
3054 64.0
3055 64.0
3056 64.0
3057 64.0
3058 64.0
3059 64.0
3060 64.0
3061 64.0
3062 64.0
3063 64.0
3064 64.0
3065 64.0
3066 64.0
3067 64.0
3068 64.0
3069 64.0
3070 64.0
3071 64.0
3072 64.0
3073 64.0
3074 64.0
3075 64.0
3076 64.0
3077 64.0
3078 64.0
3079 64.0
3080 64.0
3081 64.0
3082 64.0
3083 64.0
3084 64.0
3085 64.0
3086 64.0
3087 64.0
3088 64.0
3089 64.0
3090 64.0
3091 64.0
3092 64.0
3093 64.0
3094 64.0
3095 64.0
3096 64.0
3097 64.0
3098 64.0
3099 64.0
3100 64.0
3101 64.0
3102 64.0
3103 64.0
3104 64.0
3105 64.0
3106 64.0
3107 64.0
3108 64.0
3109 64.0
3110 64.0
3111 64.0
3112 64.0
3113 64.0
3114 64.0
3115 64.0
3116 64.0
3117 64.0
3118 64.0
3119 64.0
3120 64.0
3121 64.0
3122 64.0
3123 64.0
3124 64.0
3125 64.0
3126 64.0
3127 64.0
3128 64.0
3129 64.0
3130 64.0
3131 64.0
3132 64.0
3133 64.0
3134 64.0
3135 64.0
3136 64.0
3137 64.0
3138 64.0
3139 64.0
3140 64.0
3141 64.0
3142 64.0
3143 64.0
3144 64.0
3145 64.0
3146 64.0
3147 64.0
3148 64.0
3149 64.0
3150 64.0
3151 64.0
3152 64.0
3153 64.0
3154 64.0
3155 64.0
3156 64.0
3157 64.0
3158 64.0
3159 64.0
3160 64.0
3161 64.0
3162 64.0
3163 64.0
3164 64.0
3165 64.0
3166 64.0
3167 64.0
3168 64.0
3169 64.0
3170 64.0
3171 64.0
3172 64.0
3173 64.0
3174 64.0
3175 64.0
3176 64.0
3177 64.0
3178 64.0
3179 64.0
3180 64.0
3181 64.0
3182 64.0
3183 64.0
3184 64.0
3185 64.0
3186 64.0
3187 64.0
3188 64.0
3189 64.0
3190 64.0
3191 64.0
3192 64.0
3193 64.0
3194 64.0
3195 64.0
3196 64.0
3197 64.0
3198 64.0
3199 64.0
3200 64.0
3201 64.0
3202 64.0
3203 64.0
3204 64.0
3205 64.0
3206 64.0
3207 64.0
3208 64.0
3209 64.0
3210 64.0
3211 64.0
3212 64.0
3213 64.0
3214 64.0
3215 64.0
3216 64.0
3217 64.0
3218 64.0
3219 64.0
3220 64.0
3221 64.0
3222 64.0
3223 64.0
3224 64.0
3225 64.0
3226 64.0
3227 64.0
3228 64.0
3229 64.0
3230 64.0
3231 64.0
3232 64.0
3233 64.0
3234 64.0
3235 64.0
3236 64.0
3237 64.0
3238 64.0
3239 64.0
3240 64.0
3241 64.0
3242 64.0
3243 64.0
3244 64.0
3245 64.0
3246 64.0
3247 64.0
3248 64.0
3249 64.0
3250 64.0
3251 64.0
3252 64.0
3253 64.0
3254 64.0
3255 64.0
3256 64.0
3257 64.0
3258 64.0
3259 64.0
3260 64.0
3261 64.0
3262 64.0
3263 64.0
3264 64.0
3265 64.0
3266 64.0
3267 64.0
3268 64.0
3269 64.0
3270 64.0
3271 64.0
3272 64.0
3273 64.0
3274 64.0
3275 64.0
3276 64.0
3277 64.0
3278 64.0
3279 64.0
3280 64.0
3281 64.0
3282 64.0
3283 64.0
3284 64.0
3285 64.0
3286 64.0
3287 64.0
3288 64.0
3289 64.0
3290 64.0
3291 64.0
3292 64.0
3293 64.0
3294 64.0
3295 64.0
3296 64.0
3297 64.0
3298 64.0
3299 64.0
3300 64.0
3301 64.0
3302 64.0
3303 64.0
3304 64.0
3305 64.0
3306 64.0
3307 64.0
3308 64.0
3309 64.0
3310 64.0
3311 64.0
3312 64.0
3313 64.0
3314 64.0
3315 64.0
3316 64.0
3317 64.0
3318 64.0
3319 64.0
3320 64.0
3321 64.0
3322 64.0
3323 64.0
3324 64.0
3325 64.0
3326 64.0
3327 64.0
3328 64.0
3329 64.0
3330 64.0
3331 64.0
3332 64.0
3333 64.0
3334 64.0
3335 64.0
3336 64.0
3337 64.0
3338 64.0
3339 64.0
3340 64.0
3341 64.0
3342 64.0
3343 64.0
3344 64.0
3345 64.0
3346 64.0
3347 64.0
3348 64.0
3349 64.0
3350 64.0
3351 64.0
3352 64.0
3353 64.0
3354 64.0
3355 64.0
3356 64.0
3357 64.0
3358 64.0
3359 64.0
3360 64.0
3361 64.0
3362 64.0
3363 64.0
3364 64.0
3365 64.0
3366 64.0
3367 64.0
3368 64.0
3369 64.0
3370 64.0
3371 64.0
3372 64.0
3373 64.0
3374 64.0
3375 64.0
3376 64.0
3377 64.0
3378 64.0
3379 64.0
3380 64.0
3381 64.0
3382 64.0
3383 64.0
3384 64.0
3385 64.0
3386 64.0
3387 64.0
3388 64.0
3389 64.0
3390 64.0
3391 64.0
3392 64.0
3393 64.0
3394 64.0
3395 64.0
3396 64.0
3397 64.0
3398 64.0
3399 64.0
3400 64.0
3401 64.0
3402 64.0
3403 64.0
3404 64.0
3405 64.0
3406 64.0
3407 64.0
3408 64.0
3409 64.0
3410 64.0
3411 64.0
3412 64.0
3413 64.0
3414 64.0
3415 64.0
3416 64.0
3417 64.0
3418 64.0
3419 64.0
3420 64.0
3421 64.0
3422 64.0
3423 64.0
3424 64.0
3425 64.0
3426 64.0
3427 64.0
3428 64.0
3429 64.0
3430 64.0
3431 64.0
3432 64.0
3433 64.0
3434 64.0
3435 64.0
3436 64.0
3437 64.0
3438 64.0
3439 64.0
3440 64.0
3441 64.0
3442 64.0
3443 64.0
3444 64.0
3445 64.0
3446 64.0
3447 64.0
3448 64.0
3449 64.0
3450 64.0
3451 64.0
3452 64.0
3453 64.0
3454 64.0
3455 64.0
3456 64.0
3457 64.0
3458 64.0
3459 64.0
3460 64.0
3461 64.0
3462 64.0
3463 64.0
3464 64.0
3465 64.0
3466 64.0
3467 64.0
3468 64.0
3469 64.0
3470 64.0
3471 64.0
3472 64.0
3473 64.0
3474 64.0
3475 64.0
3476 64.0
3477 64.0
3478 64.0
3479 64.0
3480 64.0
3481 64.0
3482 64.0
3483 64.0
3484 64.0
3485 64.0
3486 64.0
3487 64.0
3488 64.0
3489 64.0
3490 64.0
3491 64.0
3492 64.0
3493 64.0
3494 64.0
3495 64.0
3496 64.0
3497 64.0
3498 64.0
3499 64.0
3500 64.0
3501 64.0
3502 64.0
3503 64.0
3504 64.0
3505 64.0
3506 64.0
3507 64.0
3508 64.0
3509 64.0
3510 64.0
3511 64.0
3512 64.0
3513 64.0
3514 64.0
3515 64.0
3516 64.0
3517 64.0
3518 64.0
3519 64.0
3520 64.0
3521 64.0
3522 64.0
3523 64.0
3524 64.0
3525 64.0
3526 64.0
3527 64.0
3528 64.0
3529 64.0
3530 64.0
3531 64.0
3532 64.0
3533 64.0
3534 64.0
3535 64.0
3536 64.0
3537 64.0
3538 64.0
3539 64.0
3540 64.0
3541 64.0
3542 64.0
3543 64.0
3544 64.0
3545 64.0
3546 64.0
3547 64.0
3548 64.0
3549 64.0
3550 64.0
3551 64.0
3552 64.0
3553 64.0
3554 64.0
3555 64.0
3556 64.0
3557 64.0
3558 64.0
3559 64.0
3560 64.0
3561 64.0
3562 64.0
3563 64.0
3564 64.0
3565 64.0
3566 64.0
3567 64.0
3568 64.0
3569 64.0
3570 64.0
3571 64.0
3572 64.0
3573 64.0
3574 64.0
3575 64.0
3576 64.0
3577 64.0
3578 64.0
3579 64.0
3580 64.0
3581 64.0
3582 64.0
3583 64.0
3584 64.0
3585 64.0
3586 64.0
3587 64.0
3588 64.0
3589 64.0
3590 64.0
3591 64.0
3592 64.0
3593 64.0
3594 64.0
3595 64.0
3596 64.0
3597 64.0
3598 64.0
3599 64.0
3600 64.0
3601 64.0
3602 64.0
3603 64.0
3604 64.0
3605 64.0
3606 64.0
3607 64.0
3608 64.0
3609 64.0
3610 64.0
3611 64.0
3612 64.0
3613 64.0
3614 64.0
3615 64.0
3616 64.0
3617 64.0
3618 64.0
3619 64.0
3620 64.0
3621 64.0
3622 64.0
3623 64.0
3624 64.0
3625 64.0
3626 64.0
3627 64.0
3628 64.0
3629 64.0
3630 64.0
3631 64.0
3632 64.0
3633 64.0
3634 64.0
3635 64.0
3636 64.0
3637 64.0
3638 64.0
3639 64.0
3640 64.0
3641 64.0
3642 64.0
3643 64.0
3644 64.0
3645 64.0
3646 64.0
3647 64.0
3648 64.0
3649 64.0
3650 64.0
3651 64.0
3652 64.0
3653 64.0
3654 64.0
3655 64.0
3656 64.0
3657 64.0
3658 64.0
3659 64.0
3660 64.0
3661 64.0
3662 64.0
3663 64.0
3664 64.0
3665 64.0
3666 64.0
3667 64.0
3668 64.0
3669 64.0
3670 64.0
3671 64.0
3672 64.0
3673 64.0
3674 64.0
3675 64.0
3676 64.0
3677 64.0
3678 64.0
3679 64.0
3680 64.0
3681 64.0
3682 64.0
3683 64.0
3684 64.0
3685 64.0
3686 64.0
3687 64.0
3688 64.0
3689 64.0
3690 64.0
3691 64.0
3692 64.0
3693 64.0
3694 64.0
3695 64.0
3696 64.0
3697 64.0
3698 64.0
3699 64.0
3700 64.0
3701 64.0
3702 64.0
3703 64.0
3704 64.0
3705 64.0
3706 64.0
3707 64.0
3708 64.0
3709 64.0
3710 64.0
3711 64.0
3712 64.0
3713 64.0
3714 64.0
3715 64.0
3716 64.0
3717 64.0
3718 64.0
3719 64.0
3720 64.0
3721 64.0
3722 64.0
3723 64.0
3724 64.0
3725 64.0
3726 64.0
3727 64.0
3728 64.0
3729 65.0
3730 65.0
3731 65.0
3732 65.0
3733 65.0
3734 65.0
3735 65.0
3736 65.0
3737 65.0
3738 65.0
3739 65.0
3740 65.0
3741 65.0
3742 65.0
3743 65.0
3744 65.0
3745 65.0
3746 65.0
3747 65.0
3748 65.0
3749 65.0
3750 65.0
3751 65.0
3752 65.0
3753 65.0
3754 65.0
3755 65.0
3756 65.0
3757 65.0
3758 65.0
3759 65.0
3760 65.0
3761 65.0
3762 65.0
3763 65.0
3764 65.0
3765 65.0
3766 65.0
3767 65.0
3768 65.0
3769 65.0
3770 65.0
3771 65.0
3772 65.0
3773 65.0
3774 65.0
3775 65.0
3776 65.0
3777 65.0
3778 65.0
3779 65.0
3780 65.0
3781 65.0
3782 65.0
3783 65.0
3784 65.0
3785 65.0
3786 65.0
3787 65.0
3788 65.0
3789 65.0
3790 65.0
3791 65.0
3792 65.0
3793 65.0
3794 65.0
3795 65.0
3796 65.0
3797 65.0
3798 65.0
3799 65.0
3800 65.0
3801 65.0
3802 65.0
3803 65.0
3804 65.0
3805 65.0
3806 65.0
3807 65.0
3808 65.0
3809 65.0
3810 65.0
3811 65.0
3812 65.0
3813 65.0
3814 65.0
3815 65.0
3816 65.0
3817 65.0
3818 65.0
3819 65.0
3820 65.0
3821 65.0
3822 65.0
3823 65.0
3824 65.0
3825 65.0
3826 65.0
3827 65.0
3828 65.0
3829 65.0
3830 65.0
3831 65.0
3832 65.0
3833 65.0
3834 65.0
3835 65.0
3836 65.0
3837 65.0
3838 65.0
3839 65.0
3840 65.0
3841 65.0
3842 65.0
3843 65.0
3844 65.0
3845 65.0
3846 65.0
3847 65.0
3848 65.0
3849 65.0
3850 65.0
3851 65.0
3852 65.0
3853 65.0
3854 65.0
3855 65.0
3856 65.0
3857 65.0
3858 65.0
3859 65.0
3860 65.0
3861 65.0
3862 65.0
3863 65.0
3864 65.0
3865 65.0
3866 65.0
3867 65.0
3868 65.0
3869 65.0
3870 65.0
3871 65.0
3872 65.0
3873 65.0
3874 65.0
3875 65.0
3876 65.0
3877 65.0
3878 65.0
3879 65.0
3880 65.0
3881 65.0
3882 65.0
3883 65.0
3884 65.0
3885 65.0
3886 65.0
3887 65.0
3888 65.0
3889 65.0
3890 65.0
3891 65.0
3892 65.0
3893 65.0
3894 65.0
3895 65.0
3896 65.0
3897 65.0
3898 65.0
3899 65.0
3900 65.0
3901 65.0
3902 65.0
3903 65.0
3904 65.0
3905 65.0
3906 65.0
3907 65.0
3908 65.0
3909 65.0
3910 65.0
3911 65.0
3912 65.0
3913 65.0
3914 65.0
3915 65.0
3916 65.0
3917 65.0
3918 65.0
3919 65.0
3920 65.0
3921 65.0
3922 65.0
3923 65.0
3924 65.0
3925 65.0
3926 65.0
3927 65.0
3928 65.0
3929 65.0
3930 65.0
3931 65.0
3932 65.0
3933 65.0
3934 65.0
3935 65.0
3936 65.0
3937 65.0
3938 65.0
3939 65.0
3940 65.0
3941 65.0
3942 65.0
3943 65.0
3944 65.0
3945 65.0
3946 65.0
3947 65.0
3948 65.0
3949 65.0
3950 65.0
3951 65.0
3952 65.0
3953 65.0
3954 65.0
3955 65.0
3956 65.0
3957 65.0
3958 65.0
3959 65.0
3960 65.0
3961 65.0
3962 65.0
3963 65.0
3964 65.0
3965 65.0
3966 65.0
3967 65.0
3968 65.0
3969 65.0
3970 65.0
3971 65.0
3972 65.0
3973 65.0
3974 65.0
3975 65.0
3976 65.0
3977 65.0
3978 65.0
3979 65.0
3980 65.0
3981 65.0
3982 65.0
3983 65.0
3984 65.0
3985 65.0
3986 65.0
3987 65.0
3988 65.0
3989 65.0
3990 65.0
3991 65.0
3992 65.0
3993 65.0
3994 65.0
3995 65.0
3996 65.0
3997 65.0
3998 65.0
3999 65.0
4000 65.0
4001 65.0
4002 65.0
4003 65.0
4004 65.0
4005 65.0
4006 65.0
4007 65.0
4008 65.0
4009 65.0
4010 65.0
4011 65.0
4012 65.0
4013 65.0
4014 65.0
4015 65.0
4016 65.0
4017 65.0
4018 65.0
4019 65.0
4020 65.0
4021 65.0
4022 65.0
4023 65.0
4024 65.0
4025 65.0
4026 65.0
4027 65.0
4028 65.0
4029 65.0
4030 65.0
4031 65.0
4032 65.0
4033 65.0
4034 65.0
4035 65.0
4036 65.0
4037 65.0
4038 65.0
4039 65.0
4040 65.0
4041 65.0
4042 65.0
4043 65.0
4044 65.0
4045 65.0
4046 65.0
4047 65.0
4048 65.0
4049 65.0
4050 65.0
4051 65.0
4052 65.0
4053 65.0
4054 65.0
4055 65.0
4056 65.0
4057 65.0
4058 65.0
4059 65.0
4060 65.0
4061 65.0
4062 65.0
4063 65.0
4064 65.0
4065 65.0
4066 65.0
4067 65.0
4068 65.0
4069 65.0
4070 65.0
4071 65.0
4072 65.0
4073 65.0
4074 65.0
4075 65.0
4076 65.0
4077 65.0
4078 65.0
4079 65.0
4080 65.0
4081 65.0
4082 65.0
4083 65.0
4084 65.0
4085 65.0
4086 65.0
4087 65.0
4088 65.0
4089 65.0
4090 65.0
4091 65.0
4092 65.0
4093 65.0
4094 65.0
4095 65.0
4096 65.0
4097 65.0
4098 65.0
4099 65.0
4100 65.0
4101 65.0
4102 65.0
4103 65.0
4104 65.0
4105 65.0
4106 65.0
4107 65.0
4108 65.0
4109 65.0
4110 65.0
4111 65.0
4112 65.0
4113 65.0
4114 65.0
4115 65.0
4116 65.0
4117 65.0
4118 65.0
4119 65.0
4120 65.0
4121 65.0
4122 65.0
4123 65.0
4124 65.0
4125 65.0
4126 65.0
4127 65.0
4128 65.0
4129 65.0
4130 65.0
4131 65.0
4132 65.0
4133 65.0
4134 65.0
4135 65.0
4136 65.0
4137 65.0
4138 65.0
4139 65.0
4140 65.0
4141 65.0
4142 65.0
4143 65.0
4144 65.0
4145 65.0
4146 65.0
4147 65.0
4148 65.0
4149 65.0
4150 65.0
4151 65.0
4152 65.0
4153 65.0
4154 65.0
4155 65.0
4156 65.0
4157 65.0
4158 65.0
4159 65.0
4160 65.0
4161 65.0
4162 65.0
4163 65.0
4164 65.0
4165 65.0
4166 65.0
4167 65.0
4168 65.0
4169 65.0
4170 65.0
4171 65.0
4172 65.0
4173 65.0
4174 65.0
4175 65.0
4176 65.0
4177 65.0
4178 65.0
4179 65.0
4180 65.0
4181 65.0
4182 65.0
4183 65.0
4184 65.0
4185 65.0
4186 65.0
4187 65.0
4188 65.0
4189 65.0
4190 65.0
4191 65.0
4192 65.0
4193 65.0
4194 65.0
4195 65.0
4196 65.0
4197 65.0
4198 65.0
4199 65.0
4200 65.0
4201 66.0
4202 66.0
4203 66.0
4204 66.0
4205 66.0
4206 66.0
4207 66.0
4208 66.0
4209 66.0
4210 66.0
4211 66.0
4212 66.0
4213 66.0
4214 66.0
4215 66.0
4216 66.0
4217 66.0
4218 66.0
4219 66.0
4220 66.0
4221 66.0
4222 66.0
4223 66.0
4224 66.0
4225 66.0
4226 66.0
4227 66.0
4228 66.0
4229 66.0
4230 66.0
4231 66.0
4232 66.0
4233 66.0
4234 66.0
4235 66.0
4236 66.0
4237 66.0
4238 66.0
4239 66.0
4240 66.0
4241 66.0
4242 66.0
4243 66.0
4244 66.0
4245 66.0
4246 66.0
4247 66.0
4248 66.0
4249 66.0
4250 66.0
4251 66.0
4252 66.0
4253 66.0
4254 66.0
4255 66.0
4256 66.0
4257 66.0
4258 66.0
4259 66.0
4260 66.0
4261 66.0
4262 66.0
4263 66.0
4264 66.0
4265 66.0
4266 66.0
4267 66.0
4268 66.0
4269 66.0
4270 66.0
4271 66.0
4272 66.0
4273 66.0
4274 66.0
4275 66.0
4276 66.0
4277 66.0
4278 66.0
4279 66.0
4280 66.0
4281 66.0
4282 66.0
4283 66.0
4284 66.0
4285 66.0
4286 66.0
4287 66.0
4288 66.0
4289 66.0
4290 66.0
4291 66.0
4292 66.0
4293 66.0
4294 66.0
4295 66.0
4296 66.0
4297 66.0
4298 66.0
4299 66.0
4300 66.0
4301 66.0
4302 66.0
4303 66.0
4304 66.0
4305 66.0
4306 66.0
4307 66.0
4308 66.0
4309 66.0
4310 66.0
4311 66.0
4312 66.0
4313 66.0
4314 66.0
4315 66.0
4316 66.0
4317 66.0
4318 66.0
4319 66.0
4320 66.0
4321 66.0
4322 66.0
4323 66.0
4324 66.0
4325 66.0
4326 66.0
4327 66.0
4328 66.0
4329 66.0
4330 66.0
4331 66.0
4332 66.0
4333 66.0
4334 66.0
4335 66.0
4336 66.0
4337 66.0
4338 66.0
4339 66.0
4340 66.0
4341 66.0
4342 66.0
4343 66.0
4344 66.0
4345 66.0
4346 66.0
4347 66.0
4348 66.0
4349 66.0
4350 66.0
4351 66.0
4352 66.0
4353 66.0
4354 66.0
4355 66.0
4356 66.0
4357 66.0
4358 66.0
4359 66.0
4360 66.0
4361 66.0
4362 66.0
4363 66.0
4364 66.0
4365 66.0
4366 66.0
4367 66.0
4368 66.0
4369 66.0
4370 66.0
4371 66.0
4372 66.0
4373 66.0
4374 66.0
4375 66.0
4376 66.0
4377 66.0
4378 66.0
4379 66.0
4380 66.0
4381 66.0
4382 66.0
4383 66.0
4384 66.0
4385 66.0
4386 66.0
4387 66.0
4388 66.0
4389 66.0
4390 66.0
4391 66.0
4392 66.0
4393 66.0
4394 66.0
4395 66.0
4396 66.0
4397 66.0
4398 66.0
4399 66.0
4400 66.0
4401 66.0
4402 66.0
4403 66.0
4404 66.0
4405 66.0
4406 66.0
4407 66.0
4408 66.0
4409 66.0
4410 66.0
4411 66.0
4412 66.0
4413 66.0
4414 66.0
4415 66.0
4416 66.0
4417 66.0
4418 66.0
4419 66.0
4420 66.0
4421 66.0
4422 66.0
4423 66.0
4424 66.0
4425 66.0
4426 66.0
4427 66.0
4428 66.0
4429 66.0
4430 66.0
4431 66.0
4432 66.0
4433 66.0
4434 66.0
4435 66.0
4436 66.0
4437 66.0
4438 66.0
4439 66.0
4440 66.0
4441 66.0
4442 66.0
4443 66.0
4444 66.0
4445 66.0
4446 66.0
4447 66.0
4448 66.0
4449 66.0
4450 66.0
4451 66.0
4452 66.0
4453 66.0
4454 66.0
4455 66.0
4456 66.0
4457 66.0
4458 66.0
4459 66.0
4460 66.0
4461 66.0
4462 66.0
4463 66.0
4464 66.0
4465 66.0
4466 66.0
4467 66.0
4468 66.0
4469 66.0
4470 66.0
4471 66.0
4472 66.0
4473 66.0
4474 66.0
4475 66.0
4476 66.0
4477 66.0
4478 66.0
4479 66.0
4480 66.0
4481 66.0
4482 66.0
4483 66.0
4484 66.0
4485 66.0
4486 66.0
4487 66.0
4488 66.0
4489 66.0
4490 66.0
4491 66.0
4492 66.0
4493 66.0
4494 66.0
4495 66.0
4496 66.0
4497 66.0
4498 66.0
4499 66.0
4500 66.0
4501 66.0
4502 66.0
4503 66.0
4504 66.0
4505 66.0
4506 66.0
4507 66.0
4508 66.0
4509 66.0
4510 66.0
4511 66.0
4512 66.0
4513 66.0
4514 66.0
4515 66.0
4516 66.0
4517 66.0
4518 66.0
4519 66.0
4520 66.0
4521 66.0
4522 66.0
4523 66.0
4524 66.0
4525 66.0
4526 66.0
4527 66.0
4528 66.0
4529 66.0
4530 66.0
4531 66.0
4532 66.0
4533 66.0
4534 66.0
4535 66.0
4536 66.0
4537 66.0
4538 66.0
4539 66.0
4540 66.0
4541 66.0
4542 66.0
4543 66.0
4544 66.0
4545 66.0
4546 66.0
4547 66.0
4548 66.0
4549 66.0
4550 66.0
4551 66.0
4552 66.0
4553 66.0
4554 66.0
4555 66.0
4556 66.0
4557 66.0
4558 66.0
4559 66.0
4560 66.0
4561 66.0
4562 66.0
4563 66.0
4564 66.0
4565 66.0
4566 66.0
4567 66.0
4568 66.0
4569 66.0
4570 66.0
4571 66.0
4572 66.0
4573 66.0
4574 66.0
4575 66.0
4576 66.0
4577 66.0
4578 66.0
4579 66.0
4580 66.0
4581 66.0
4582 66.0
4583 66.0
4584 66.0
4585 66.0
4586 66.0
4587 66.0
4588 66.0
4589 66.0
4590 66.0
4591 66.0
4592 66.0
4593 66.0
4594 66.0
4595 66.0
4596 66.0
4597 66.0
4598 66.0
4599 66.0
4600 66.0
4601 66.0
4602 66.0
4603 66.0
4604 66.0
4605 66.0
4606 66.0
4607 66.0
4608 66.0
4609 66.0
4610 66.0
4611 66.0
4612 66.0
4613 66.0
4614 66.0
4615 66.0
4616 66.0
4617 66.0
4618 66.0
4619 66.0
4620 66.0
4621 66.0
4622 66.0
4623 66.0
4624 66.0
4625 66.0
4626 66.0
4627 66.0
4628 66.0
4629 66.0
4630 66.0
4631 66.0
4632 66.0
4633 66.0
4634 66.0
4635 66.0
4636 66.0
4637 66.0
4638 66.0
4639 66.0
4640 66.0
4641 66.0
4642 66.0
4643 66.0
4644 66.0
4645 66.0
4646 66.0
4647 66.0
4648 66.0
4649 66.0
4650 66.0
4651 66.0
4652 66.0
4653 66.0
4654 66.0
4655 66.0
4656 66.0
4657 66.0
4658 66.0
4659 66.0
4660 66.0
4661 66.0
4662 66.0
4663 66.0
4664 66.0
4665 66.0
4666 66.0
4667 66.0
4668 66.0
4669 66.0
4670 66.0
4671 66.0
4672 66.0
4673 66.0
4674 66.0
4675 66.0
4676 66.0
4677 66.0
4678 66.0
4679 66.0
4680 66.0
4681 66.0
4682 66.0
4683 66.0
4684 66.0
4685 66.0
4686 66.0
4687 66.0
4688 66.0
4689 66.0
4690 66.0
4691 66.0
4692 66.0
4693 66.0
4694 66.0
4695 66.0
4696 66.0
4697 66.0
4698 66.0
4699 66.0
4700 66.0
4701 66.0
4702 66.0
4703 66.0
4704 66.0
4705 66.0
4706 66.0
4707 66.0
4708 66.0
4709 66.0
4710 66.0
4711 66.0
4712 66.0
4713 66.0
4714 66.0
4715 66.0
4716 66.0
4717 66.0
4718 66.0
4719 66.0
4720 66.0
4721 66.0
4722 66.0
4723 66.0
4724 66.0
4725 66.0
4726 66.0
4727 66.0
4728 66.0
4729 66.0
4730 66.0
4731 66.0
4732 66.0
4733 66.0
4734 66.0
4735 66.0
4736 66.0
4737 66.0
4738 66.0
4739 72.0
4740 72.0
4741 72.0
4742 72.0
4743 72.0
4744 72.0
4745 72.0
4746 72.0
4747 72.0
4748 72.0
4749 72.0
4750 72.0
4751 72.0
4752 72.0
4753 72.0
4754 72.0
4755 72.0
4756 72.0
4757 72.0
4758 72.0
4759 72.0
4760 72.0
4761 72.0
4762 72.0
4763 72.0
4764 72.0
4765 72.0
4766 72.0
4767 72.0
4768 72.0
4769 72.0
4770 72.0
4771 72.0
4772 72.0
4773 72.0
4774 72.0
4775 72.0
4776 72.0
4777 72.0
4778 72.0
4779 72.0
4780 72.0
4781 72.0
4782 72.0
4783 72.0
4784 72.0
4785 72.0
4786 72.0
4787 72.0
4788 72.0
4789 72.0
4790 72.0
4791 72.0
4792 72.0
4793 72.0
4794 72.0
4795 72.0
4796 72.0
4797 72.0
4798 72.0
4799 72.0
4800 72.0
4801 72.0
4802 72.0
4803 72.0
4804 72.0
4805 72.0
4806 72.0
4807 72.0
4808 72.0
4809 72.0
4810 72.0
4811 72.0
4812 72.0
4813 72.0
4814 72.0
4815 72.0
4816 72.0
4817 72.0
4818 72.0
4819 72.0
4820 72.0
4821 72.0
4822 72.0
4823 72.0
4824 72.0
4825 72.0
4826 72.0
4827 72.0
4828 72.0
4829 72.0
4830 72.0
4831 72.0
4832 72.0
4833 72.0
4834 72.0
4835 72.0
4836 72.0
4837 72.0
4838 72.0
4839 72.0
4840 72.0
4841 72.0
4842 72.0
4843 72.0
4844 72.0
4845 72.0
4846 72.0
4847 72.0
4848 72.0
4849 72.0
4850 72.0
4851 72.0
4852 72.0
4853 72.0
4854 72.0
4855 72.0
4856 72.0
4857 72.0
4858 72.0
4859 72.0
4860 72.0
4861 72.0
4862 72.0
4863 72.0
4864 72.0
4865 72.0
4866 72.0
4867 72.0
4868 72.0
4869 72.0
4870 72.0
4871 72.0
4872 72.0
4873 72.0
4874 72.0
4875 72.0
4876 72.0
4877 72.0
4878 72.0
4879 72.0
4880 72.0
4881 72.0
4882 72.0
4883 72.0
4884 72.0
4885 72.0
4886 72.0
4887 72.0
4888 72.0
4889 72.0
4890 72.0
4891 72.0
4892 72.0
4893 72.0
4894 72.0
4895 72.0
4896 72.0
4897 72.0
4898 72.0
4899 72.0
4900 72.0
4901 72.0
4902 72.0
4903 72.0
4904 72.0
4905 72.0
4906 72.0
4907 72.0
4908 72.0
4909 72.0
4910 72.0
4911 72.0
4912 72.0
4913 72.0
4914 72.0
4915 72.0
4916 72.0
4917 72.0
4918 72.0
4919 72.0
4920 72.0
4921 72.0
4922 72.0
4923 72.0
4924 72.0
4925 72.0
4926 72.0
4927 72.0
4928 72.0
4929 72.0
4930 72.0
4931 72.0
4932 72.0
4933 72.0
4934 72.0
4935 72.0
4936 72.0
4937 72.0
4938 72.0
4939 72.0
4940 72.0
4941 72.0
4942 72.0
4943 72.0
4944 72.0
4945 72.0
4946 72.0
4947 72.0
4948 72.0
4949 72.0
4950 72.0
4951 72.0
4952 72.0
4953 72.0
4954 72.0
4955 72.0
4956 72.0
4957 72.0
4958 72.0
4959 72.0
4960 72.0
4961 72.0
4962 72.0
4963 72.0
4964 72.0
4965 72.0
4966 72.0
4967 72.0
4968 72.0
4969 72.0
4970 72.0
4971 72.0
4972 72.0
4973 72.0
4974 72.0
4975 72.0
4976 72.0
4977 72.0
4978 72.0
4979 72.0
4980 72.0
4981 72.0
4982 72.0
4983 72.0
4984 72.0
4985 72.0
4986 72.0
4987 72.0
4988 72.0
4989 72.0
4990 72.0
4991 72.0
4992 72.0
4993 72.0
4994 72.0
4995 72.0
4996 72.0
4997 72.0
4998 72.0
4999 72.0
5000 72.0
5001 72.0
5002 72.0
5003 72.0
5004 72.0
5005 72.0
5006 72.0
5007 72.0
5008 72.0
5009 72.0
5010 72.0
5011 72.0
5012 72.0
5013 72.0
5014 72.0
5015 72.0
5016 72.0
5017 72.0
5018 72.0
5019 72.0
5020 72.0
5021 72.0
5022 72.0
5023 72.0
5024 72.0
5025 72.0
5026 72.0
5027 72.0
5028 72.0
5029 72.0
5030 72.0
5031 72.0
5032 72.0
5033 72.0
5034 72.0
5035 72.0
5036 72.0
5037 72.0
5038 72.0
5039 72.0
5040 72.0
5041 72.0
5042 72.0
5043 72.0
5044 72.0
5045 72.0
5046 72.0
5047 72.0
5048 72.0
5049 72.0
5050 72.0
5051 72.0
5052 72.0
5053 72.0
5054 72.0
5055 72.0
5056 72.0
5057 72.0
5058 72.0
5059 72.0
5060 72.0
5061 72.0
5062 72.0
5063 72.0
5064 72.0
5065 72.0
5066 72.0
5067 72.0
5068 72.0
5069 72.0
5070 72.0
5071 72.0
5072 72.0
5073 72.0
5074 72.0
5075 72.0
5076 72.0
5077 72.0
5078 72.0
5079 72.0
5080 72.0
5081 72.0
5082 72.0
5083 72.0
5084 72.0
5085 72.0
5086 72.0
5087 72.0
5088 72.0
5089 72.0
5090 72.0
5091 72.0
5092 72.0
5093 72.0
5094 72.0
5095 72.0
5096 72.0
5097 72.0
5098 72.0
5099 72.0
5100 72.0
5101 72.0
5102 72.0
5103 72.0
5104 72.0
5105 72.0
5106 72.0
5107 72.0
5108 72.0
5109 72.0
5110 72.0
5111 72.0
5112 72.0
5113 72.0
5114 72.0
5115 72.0
5116 72.0
5117 72.0
5118 72.0
5119 72.0
5120 72.0
5121 72.0
5122 72.0
5123 72.0
5124 72.0
5125 72.0
5126 72.0
5127 72.0
5128 72.0
5129 72.0
5130 72.0
5131 72.0
5132 72.0
5133 72.0
5134 72.0
5135 72.0
5136 72.0
5137 72.0
5138 72.0
5139 72.0
5140 72.0
5141 72.0
5142 72.0
5143 72.0
5144 72.0
5145 72.0
5146 72.0
5147 72.0
5148 72.0
5149 72.0
5150 72.0
5151 72.0
5152 72.0
5153 72.0
5154 72.0
5155 72.0
5156 72.0
5157 72.0
5158 72.0
5159 72.0
5160 72.0
5161 72.0
5162 72.0
5163 72.0
5164 72.0
5165 72.0
5166 72.0
5167 72.0
5168 72.0
5169 72.0
5170 72.0
5171 72.0
5172 72.0
5173 72.0
5174 72.0
5175 72.0
5176 72.0
5177 72.0
5178 72.0
5179 72.0
5180 72.0
5181 72.0
5182 72.0
5183 72.0
5184 72.0
5185 72.0
5186 72.0
5187 72.0
5188 72.0
5189 72.0
5190 72.0
5191 72.0
5192 72.0
5193 72.0
5194 72.0
5195 72.0
5196 72.0
5197 72.0
5198 72.0
5199 72.0
5200 72.0
5201 72.0
5202 72.0
5203 72.0
5204 72.0
5205 72.0
5206 72.0
5207 72.0
5208 72.0
5209 72.0
5210 72.0
5211 72.0
5212 72.0
5213 72.0
5214 72.0
5215 72.0
5216 72.0
5217 72.0
5218 72.0
5219 72.0
5220 72.0
5221 72.0
5222 72.0
5223 72.0
5224 72.0
5225 72.0
5226 72.0
5227 72.0
5228 72.0
5229 72.0
5230 72.0
5231 72.0
5232 72.0
5233 72.0
5234 72.0
5235 72.0
5236 72.0
5237 72.0
5238 72.0
5239 72.0
5240 72.0
5241 72.0
5242 72.0
5243 72.0
5244 72.0
5245 72.0
5246 72.0
5247 72.0
5248 72.0
5249 72.0
5250 72.0
5251 72.0
5252 72.0
5253 72.0
5254 72.0
5255 72.0
5256 72.0
5257 72.0
5258 72.0
5259 72.0
5260 72.0
5261 72.0
5262 72.0
5263 72.0
5264 72.0
5265 72.0
5266 72.0
5267 72.0
5268 72.0
5269 72.0
5270 72.0
5271 72.0
5272 72.0
5273 72.0
5274 72.0
5275 72.0
5276 72.0
5277 72.0
5278 72.0
5279 72.0
5280 72.0
5281 72.0
5282 72.0
5283 72.0
5284 72.0
5285 72.0
5286 72.0
5287 72.0
5288 72.0
5289 72.0
5290 72.0
5291 72.0
5292 72.0
5293 72.0
5294 72.0
5295 72.0
5296 72.0
5297 72.0
5298 72.0
5299 72.0
5300 72.0
5301 72.0
5302 72.0
5303 72.0
5304 72.0
5305 72.0
5306 72.0
5307 72.0
5308 72.0
5309 72.0
5310 72.0
5311 72.0
5312 72.0
5313 72.0
5314 72.0
5315 72.0
5316 72.0
5317 72.0
5318 72.0
5319 72.0
5320 72.0
5321 72.0
5322 72.0
5323 72.0
5324 72.0
5325 72.0
5326 72.0
5327 72.0
5328 72.0
5329 72.0
5330 72.0
5331 72.0
5332 72.0
5333 72.0
5334 72.0
5335 72.0
5336 72.0
5337 72.0
5338 72.0
5339 72.0
5340 72.0
5341 72.0
5342 72.0
5343 72.0
5344 72.0
5345 72.0
5346 72.0
5347 72.0
5348 72.0
5349 72.0
5350 72.0
5351 72.0
5352 72.0
5353 72.0
5354 72.0
5355 72.0
5356 72.0
5357 72.0
5358 72.0
5359 72.0
5360 72.0
5361 72.0
5362 72.0
5363 72.0
5364 72.0
5365 72.0
5366 72.0
5367 72.0
5368 72.0
5369 72.0
5370 72.0
5371 72.0
5372 72.0
5373 72.0
5374 72.0
5375 72.0
5376 72.0
5377 72.0
5378 72.0
5379 72.0
5380 72.0
5381 72.0
5382 72.0
5383 72.0
5384 72.0
5385 72.0
5386 72.0
5387 72.0
5388 72.0
5389 72.0
5390 72.0
5391 72.0
5392 72.0
5393 72.0
5394 72.0
5395 72.0
5396 72.0
5397 72.0
5398 72.0
5399 72.0
5400 72.0
5401 72.0
5402 72.0
5403 72.0
5404 72.0
5405 72.0
5406 72.0
5407 72.0
5408 72.0
5409 72.0
5410 72.0
5411 72.0
5412 72.0
5413 72.0
5414 72.0
5415 72.0
5416 72.0
5417 72.0
5418 72.0
5419 72.0
5420 72.0
5421 72.0
5422 72.0
5423 72.0
5424 72.0
5425 72.0
5426 72.0
5427 72.0
5428 72.0
5429 72.0
5430 72.0
5431 72.0
5432 72.0
5433 72.0
5434 72.0
5435 72.0
5436 72.0
5437 72.0
5438 72.0
5439 72.0
5440 72.0
5441 72.0
5442 72.0
5443 72.0
5444 72.0
5445 72.0
5446 72.0
5447 72.0
5448 72.0
5449 72.0
5450 72.0
5451 72.0
5452 72.0
5453 72.0
5454 72.0
5455 72.0
5456 72.0
5457 72.0
5458 72.0
5459 72.0
5460 72.0
5461 72.0
5462 72.0
5463 72.0
5464 72.0
5465 72.0
5466 72.0
5467 72.0
5468 72.0
5469 72.0
5470 72.0
5471 72.0
5472 72.0
5473 72.0
5474 72.0
5475 72.0
5476 72.0
5477 72.0
5478 72.0
5479 72.0
5480 72.0
5481 72.0
5482 72.0
5483 72.0
5484 72.0
5485 72.0
5486 72.0
5487 72.0
5488 72.0
5489 72.0
5490 72.0
5491 72.0
5492 72.0
5493 72.0
5494 72.0
5495 72.0
5496 72.0
5497 72.0
5498 72.0
5499 72.0
5500 72.0
5501 72.0
5502 72.0
5503 72.0
5504 72.0
5505 72.0
5506 72.0
5507 72.0
5508 72.0
5509 72.0
5510 72.0
5511 72.0
5512 72.0
5513 72.0
5514 72.0
5515 72.0
5516 72.0
5517 72.0
5518 72.0
5519 72.0
5520 72.0
5521 72.0
5522 72.0
5523 72.0
5524 72.0
5525 72.0
5526 72.0
5527 72.0
5528 72.0
5529 72.0
5530 72.0
5531 72.0
5532 72.0
5533 72.0
5534 72.0
5535 72.0
5536 72.0
5537 72.0
5538 72.0
5539 72.0
5540 72.0
5541 72.0
5542 72.0
5543 72.0
5544 72.0
5545 72.0
5546 72.0
5547 72.0
5548 72.0
5549 72.0
5550 72.0
5551 72.0
5552 72.0
5553 72.0
5554 72.0
5555 72.0
5556 72.0
5557 72.0
5558 72.0
5559 72.0
5560 72.0
5561 72.0
5562 72.0
5563 72.0
5564 72.0
5565 72.0
5566 72.0
5567 72.0
5568 72.0
5569 72.0
5570 72.0
5571 72.0
5572 72.0
5573 72.0
5574 72.0
5575 72.0
5576 72.0
5577 72.0
5578 72.0
5579 72.0
5580 72.0
5581 72.0
5582 72.0
5583 72.0
5584 72.0
5585 72.0
5586 72.0
5587 72.0
5588 72.0
5589 72.0
5590 72.0
5591 72.0
5592 72.0
5593 72.0
5594 72.0
5595 72.0
5596 72.0
5597 72.0
5598 72.0
5599 72.0
5600 72.0
5601 72.0
5602 72.0
5603 72.0
5604 72.0
5605 72.0
5606 72.0
5607 72.0
5608 72.0
5609 72.0
5610 72.0
5611 72.0
5612 72.0
5613 72.0
5614 72.0
5615 72.0
5616 72.0
5617 72.0
5618 72.0
5619 72.0
5620 72.0
5621 72.0
5622 72.0
5623 72.0
5624 72.0
5625 72.0
5626 72.0
5627 72.0
5628 72.0
5629 72.0
5630 72.0
5631 72.0
5632 72.0
5633 72.0
5634 72.0
5635 72.0
5636 72.0
5637 72.0
5638 72.0
5639 72.0
5640 72.0
5641 72.0
5642 72.0
5643 72.0
5644 72.0
5645 72.0
5646 72.0
5647 72.0
5648 72.0
5649 72.0
5650 72.0
5651 72.0
5652 72.0
5653 72.0
5654 72.0
5655 72.0
5656 72.0
5657 72.0
5658 72.0
5659 72.0
5660 72.0
5661 72.0
5662 72.0
5663 72.0
5664 72.0
5665 72.0
5666 72.0
5667 72.0
5668 72.0
5669 72.0
5670 72.0
5671 72.0
5672 72.0
5673 72.0
5674 72.0
5675 72.0
5676 72.0
5677 72.0
5678 72.0
5679 72.0
5680 72.0
5681 72.0
5682 72.0
5683 72.0
5684 72.0
5685 72.0
5686 72.0
5687 72.0
5688 72.0
5689 72.0
5690 72.0
5691 72.0
5692 72.0
5693 72.0
5694 72.0
5695 72.0
5696 72.0
5697 72.0
5698 72.0
5699 72.0
5700 72.0
5701 72.0
5702 72.0
5703 72.0
5704 72.0
5705 72.0
5706 72.0
5707 72.0
5708 72.0
5709 72.0
5710 72.0
5711 72.0
5712 72.0
5713 72.0
5714 72.0
5715 72.0
5716 72.0
5717 72.0
5718 72.0
5719 72.0
5720 72.0
5721 72.0
5722 72.0
5723 72.0
5724 72.0
5725 72.0
5726 72.0
5727 72.0
5728 72.0
5729 72.0
5730 72.0
5731 72.0
5732 72.0
5733 72.0
5734 72.0
5735 72.0
5736 72.0
5737 72.0
5738 72.0
5739 72.0
5740 72.0
5741 72.0
5742 72.0
5743 72.0
5744 72.0
5745 72.0
5746 72.0
5747 72.0
5748 72.0
5749 72.0
5750 72.0
5751 72.0
5752 72.0
5753 72.0
5754 72.0
5755 72.0
5756 72.0
5757 72.0
5758 72.0
5759 72.0
5760 72.0
5761 72.0
5762 72.0
5763 72.0
5764 72.0
5765 72.0
5766 72.0
5767 72.0
5768 72.0
5769 72.0
5770 72.0
5771 72.0
5772 72.0
5773 72.0
5774 72.0
5775 72.0
5776 72.0
5777 72.0
5778 72.0
5779 72.0
5780 72.0
5781 72.0
5782 72.0
5783 72.0
5784 72.0
5785 72.0
5786 72.0
5787 72.0
5788 72.0
5789 72.0
5790 72.0
5791 72.0
5792 72.0
5793 72.0
5794 72.0
5795 72.0
5796 72.0
5797 72.0
5798 72.0
5799 72.0
5800 72.0
5801 72.0
5802 72.0
5803 72.0
5804 72.0
5805 72.0
5806 72.0
5807 72.0
5808 72.0
5809 72.0
5810 72.0
5811 72.0
5812 72.0
5813 72.0
5814 72.0
5815 72.0
5816 72.0
5817 72.0
5818 72.0
5819 72.0
5820 72.0
5821 72.0
5822 72.0
5823 72.0
5824 72.0
5825 72.0
5826 72.0
5827 72.0
5828 72.0
5829 72.0
5830 72.0
5831 72.0
5832 72.0
5833 72.0
5834 72.0
5835 72.0
5836 72.0
5837 72.0
5838 72.0
5839 72.0
5840 72.0
5841 72.0
5842 72.0
5843 72.0
5844 72.0
5845 72.0
5846 72.0
5847 72.0
5848 72.0
5849 72.0
5850 72.0
5851 72.0
5852 72.0
5853 72.0
5854 72.0
5855 72.0
5856 72.0
5857 72.0
5858 72.0
5859 72.0
5860 72.0
5861 72.0
5862 72.0
5863 72.0
5864 72.0
5865 72.0
5866 72.0
5867 72.0
5868 72.0
5869 72.0
5870 72.0
5871 72.0
5872 72.0
5873 72.0
5874 72.0
5875 72.0
5876 72.0
5877 72.0
5878 72.0
5879 72.0
5880 72.0
5881 72.0
5882 72.0
5883 72.0
5884 72.0
5885 72.0
5886 72.0
5887 72.0
5888 72.0
5889 72.0
5890 72.0
5891 72.0
5892 72.0
5893 72.0
5894 72.0
5895 72.0
5896 72.0
5897 72.0
5898 72.0
5899 72.0
5900 72.0
5901 72.0
5902 72.0
5903 72.0
5904 72.0
5905 72.0
5906 72.0
5907 72.0
5908 72.0
5909 72.0
5910 72.0
5911 72.0
5912 72.0
5913 72.0
5914 72.0
5915 72.0
5916 72.0
5917 72.0
5918 72.0
5919 72.0
5920 72.0
5921 72.0
5922 72.0
5923 72.0
5924 72.0
5925 72.0
5926 72.0
5927 72.0
5928 72.0
5929 72.0
5930 72.0
5931 72.0
5932 72.0
5933 72.0
5934 72.0
5935 72.0
5936 72.0
5937 72.0
5938 72.0
5939 72.0
5940 72.0
5941 72.0
5942 72.0
5943 72.0
5944 72.0
5945 72.0
5946 72.0
5947 72.0
5948 72.0
5949 72.0
5950 72.0
5951 72.0
5952 72.0
5953 72.0
5954 72.0
5955 72.0
5956 72.0
5957 72.0
5958 72.0
5959 72.0
5960 72.0
5961 72.0
5962 72.0
5963 72.0
5964 72.0
5965 72.0
5966 72.0
5967 72.0
5968 72.0
5969 72.0
5970 72.0
5971 72.0
5972 72.0
5973 72.0
5974 72.0
5975 72.0
5976 72.0
5977 72.0
5978 72.0
5979 72.0
5980 72.0
5981 72.0
5982 72.0
5983 72.0
5984 72.0
5985 72.0
5986 72.0
5987 72.0
5988 72.0
5989 72.0
5990 72.0
5991 72.0
5992 72.0
5993 72.0
5994 72.0
5995 72.0
5996 72.0
5997 72.0
5998 72.0
5999 72.0
6000 72.0
6001 72.0
6002 72.0
6003 72.0
6004 72.0
6005 72.0
6006 72.0
6007 72.0
6008 72.0
6009 72.0
6010 72.0
6011 72.0
6012 72.0
6013 72.0
6014 72.0
6015 72.0
6016 72.0
6017 72.0
6018 72.0
6019 72.0
6020 72.0
6021 72.0
6022 72.0
6023 72.0
6024 72.0
6025 72.0
6026 72.0
6027 72.0
6028 72.0
6029 72.0
6030 72.0
6031 72.0
6032 72.0
6033 72.0
6034 72.0
6035 72.0
6036 72.0
6037 72.0
6038 72.0
6039 72.0
6040 72.0
6041 72.0
6042 72.0
6043 72.0
6044 72.0
6045 72.0
6046 72.0
6047 72.0
6048 72.0
6049 72.0
6050 72.0
6051 72.0
6052 72.0
6053 72.0
6054 72.0
6055 72.0
6056 72.0
6057 72.0
6058 72.0
6059 72.0
6060 72.0
6061 72.0
6062 72.0
6063 72.0
6064 72.0
6065 72.0
6066 72.0
6067 72.0
6068 72.0
6069 72.0
6070 72.0
6071 72.0
6072 72.0
6073 72.0
6074 72.0
6075 72.0
6076 72.0
6077 72.0
6078 72.0
6079 72.0
6080 72.0
6081 72.0
6082 72.0
6083 72.0
6084 72.0
6085 72.0
6086 72.0
6087 72.0
6088 72.0
6089 72.0
6090 72.0
6091 72.0
6092 72.0
6093 72.0
6094 72.0
6095 72.0
6096 72.0
6097 72.0
6098 72.0
6099 72.0
6100 72.0
6101 72.0
6102 72.0
6103 72.0
6104 72.0
6105 72.0
6106 72.0
6107 72.0
6108 72.0
6109 72.0
6110 72.0
6111 72.0
6112 72.0
6113 72.0
6114 72.0
6115 72.0
6116 72.0
6117 72.0
6118 72.0
6119 72.0
6120 72.0
6121 72.0
6122 72.0
6123 72.0
6124 72.0
6125 72.0
6126 72.0
6127 72.0
6128 72.0
6129 72.0
6130 72.0
6131 72.0
6132 72.0
6133 72.0
6134 72.0
6135 72.0
6136 72.0
6137 72.0
6138 72.0
6139 72.0
6140 72.0
6141 72.0
6142 72.0
6143 72.0
6144 72.0
6145 72.0
6146 72.0
6147 72.0
6148 72.0
6149 72.0
6150 72.0
6151 72.0
6152 72.0
6153 72.0
6154 72.0
6155 72.0
6156 72.0
6157 72.0
6158 72.0
6159 72.0
6160 72.0
6161 72.0
6162 72.0
6163 72.0
6164 72.0
6165 72.0
6166 72.0
6167 72.0
6168 72.0
6169 72.0
6170 72.0
6171 72.0
6172 72.0
6173 72.0
6174 72.0
6175 72.0
6176 72.0
6177 72.0
6178 72.0
6179 72.0
6180 72.0
6181 72.0
6182 72.0
6183 72.0
6184 72.0
6185 72.0
6186 72.0
6187 72.0
6188 72.0
6189 72.0
6190 72.0
6191 72.0
6192 72.0
6193 72.0
6194 72.0
6195 72.0
6196 72.0
6197 72.0
6198 72.0
6199 72.0
6200 72.0
6201 72.0
6202 72.0
6203 72.0
6204 72.0
6205 72.0
6206 72.0
6207 72.0
6208 72.0
6209 72.0
6210 72.0
6211 72.0
6212 72.0
6213 72.0
6214 72.0
6215 72.0
6216 72.0
6217 72.0
6218 72.0
6219 72.0
6220 72.0
6221 72.0
6222 72.0
6223 72.0
6224 72.0
6225 72.0
6226 72.0
6227 72.0
6228 72.0
6229 72.0
6230 72.0
6231 72.0
6232 72.0
6233 72.0
6234 72.0
6235 72.0
6236 72.0
6237 72.0
6238 72.0
6239 72.0
6240 72.0
6241 72.0
6242 72.0
6243 72.0
6244 72.0
6245 72.0
6246 72.0
6247 72.0
6248 72.0
6249 72.0
6250 72.0
6251 72.0
6252 72.0
6253 72.0
6254 72.0
6255 72.0
6256 72.0
6257 72.0
6258 72.0
6259 72.0
6260 72.0
6261 72.0
6262 72.0
6263 72.0
6264 72.0
6265 72.0
6266 72.0
6267 72.0
6268 72.0
6269 72.0
6270 72.0
6271 72.0
6272 72.0
6273 72.0
6274 72.0
6275 72.0
6276 72.0
6277 72.0
6278 72.0
6279 72.0
6280 72.0
6281 72.0
6282 72.0
6283 72.0
6284 72.0
6285 72.0
6286 72.0
6287 72.0
6288 72.0
6289 72.0
6290 72.0
6291 72.0
6292 72.0
6293 72.0
6294 72.0
6295 72.0
6296 72.0
6297 72.0
6298 72.0
6299 72.0
6300 72.0
6301 72.0
6302 72.0
6303 72.0
6304 72.0
6305 72.0
6306 72.0
6307 72.0
6308 72.0
6309 72.0
6310 72.0
6311 72.0
6312 72.0
6313 72.0
6314 72.0
6315 72.0
6316 72.0
6317 72.0
6318 72.0
6319 72.0
6320 72.0
6321 72.0
6322 72.0
6323 72.0
6324 72.0
6325 72.0
6326 72.0
6327 72.0
6328 72.0
6329 72.0
6330 72.0
6331 72.0
6332 72.0
6333 72.0
6334 72.0
6335 72.0
6336 72.0
6337 72.0
6338 72.0
6339 72.0
6340 72.0
6341 72.0
6342 72.0
6343 72.0
6344 72.0
6345 72.0
6346 72.0
6347 72.0
6348 72.0
6349 72.0
6350 72.0
6351 72.0
6352 72.0
6353 72.0
6354 72.0
6355 72.0
6356 72.0
6357 72.0
6358 72.0
6359 72.0
6360 72.0
6361 72.0
6362 72.0
6363 72.0
6364 72.0
6365 72.0
6366 72.0
6367 72.0
6368 72.0
6369 72.0
6370 72.0
6371 72.0
6372 72.0
6373 72.0
6374 72.0
6375 72.0
6376 72.0
6377 72.0
6378 72.0
6379 72.0
6380 72.0
6381 72.0
6382 72.0
6383 72.0
6384 72.0
6385 72.0
6386 72.0
6387 72.0
6388 72.0
6389 72.0
6390 72.0
6391 72.0
6392 72.0
6393 72.0
6394 72.0
6395 72.0
6396 72.0
6397 72.0
6398 72.0
6399 72.0
6400 72.0
6401 72.0
6402 72.0
6403 72.0
6404 72.0
6405 72.0
6406 72.0
6407 72.0
6408 72.0
6409 72.0
6410 72.0
6411 72.0
6412 72.0
6413 72.0
6414 72.0
6415 72.0
6416 72.0
6417 72.0
6418 72.0
6419 72.0
6420 72.0
6421 72.0
6422 72.0
6423 72.0
6424 72.0
6425 72.0
6426 72.0
6427 72.0
6428 72.0
6429 72.0
6430 72.0
6431 72.0
6432 72.0
6433 72.0
6434 72.0
6435 72.0
6436 72.0
6437 72.0
6438 72.0
6439 72.0
6440 72.0
6441 72.0
6442 72.0
6443 72.0
6444 72.0
6445 72.0
6446 72.0
6447 72.0
6448 72.0
6449 72.0
6450 72.0
6451 72.0
6452 72.0
6453 72.0
6454 72.0
6455 72.0
6456 72.0
6457 72.0
6458 72.0
6459 72.0
6460 72.0
6461 72.0
6462 72.0
6463 72.0
6464 72.0
6465 72.0
6466 72.0
6467 72.0
6468 72.0
6469 72.0
6470 72.0
6471 72.0
6472 72.0
6473 72.0
6474 72.0
6475 72.0
6476 72.0
6477 72.0
6478 72.0
6479 72.0
6480 72.0
6481 72.0
6482 72.0
6483 72.0
6484 72.0
6485 72.0
6486 72.0
6487 72.0
6488 72.0
6489 72.0
6490 72.0
6491 72.0
6492 72.0
6493 72.0
6494 72.0
6495 72.0
6496 72.0
6497 72.0
6498 72.0
6499 72.0
6500 72.0
6501 72.0
6502 72.0
6503 72.0
6504 72.0
6505 72.0
6506 72.0
6507 72.0
6508 72.0
6509 72.0
6510 72.0
6511 72.0
6512 72.0
6513 72.0
6514 72.0
6515 72.0
6516 72.0
6517 72.0
6518 72.0
6519 72.0
6520 72.0
6521 72.0
6522 72.0
6523 72.0
6524 72.0
6525 72.0
6526 72.0
6527 72.0
6528 72.0
6529 72.0
6530 72.0
6531 72.0
6532 72.0
6533 72.0
6534 72.0
6535 72.0
6536 72.0
6537 72.0
6538 72.0
6539 72.0
6540 72.0
6541 72.0
6542 72.0
6543 72.0
6544 72.0
6545 72.0
6546 72.0
6547 72.0
6548 72.0
6549 72.0
6550 72.0
6551 72.0
6552 72.0
6553 72.0
6554 72.0
6555 72.0
6556 72.0
6557 72.0
6558 72.0
6559 72.0
6560 72.0
6561 72.0
6562 72.0
6563 72.0
6564 72.0
6565 72.0
6566 72.0
6567 72.0
6568 72.0
6569 72.0
6570 72.0
6571 72.0
6572 72.0
6573 72.0
6574 72.0
6575 72.0
6576 72.0
6577 72.0
6578 72.0
6579 72.0
6580 72.0
6581 72.0
6582 72.0
6583 72.0
6584 72.0
6585 72.0
6586 72.0
6587 72.0
6588 72.0
6589 72.0
6590 72.0
6591 72.0
6592 72.0
6593 72.0
6594 72.0
6595 72.0
6596 72.0
6597 72.0
6598 72.0
6599 72.0
6600 72.0
6601 72.0
6602 72.0
6603 72.0
6604 72.0
6605 72.0
6606 72.0
6607 72.0
6608 72.0
6609 72.0
6610 72.0
6611 72.0
6612 72.0
6613 72.0
6614 72.0
6615 72.0
6616 72.0
6617 72.0
6618 72.0
6619 72.0
6620 72.0
6621 72.0
6622 72.0
6623 72.0
6624 72.0
6625 72.0
6626 72.0
6627 72.0
6628 72.0
6629 72.0
6630 72.0
6631 72.0
6632 72.0
6633 72.0
6634 72.0
6635 72.0
6636 72.0
6637 72.0
6638 72.0
6639 72.0
6640 72.0
6641 72.0
6642 72.0
6643 72.0
6644 72.0
6645 72.0
6646 72.0
6647 72.0
6648 72.0
6649 72.0
6650 72.0
6651 72.0
6652 72.0
6653 72.0
6654 72.0
6655 72.0
6656 72.0
6657 72.0
6658 72.0
6659 72.0
6660 72.0
6661 72.0
6662 72.0
6663 72.0
6664 72.0
6665 72.0
6666 72.0
6667 72.0
6668 72.0
6669 72.0
6670 72.0
6671 72.0
6672 72.0
6673 72.0
6674 72.0
6675 72.0
6676 72.0
6677 72.0
6678 72.0
6679 72.0
6680 72.0
6681 72.0
6682 72.0
6683 72.0
6684 72.0
6685 72.0
6686 72.0
6687 72.0
6688 72.0
6689 72.0
6690 72.0
6691 72.0
6692 72.0
6693 72.0
6694 72.0
6695 72.0
6696 72.0
6697 72.0
6698 72.0
6699 72.0
6700 72.0
6701 72.0
6702 72.0
6703 72.0
6704 72.0
6705 72.0
6706 72.0
6707 72.0
6708 72.0
6709 72.0
6710 72.0
6711 72.0
6712 72.0
6713 72.0
6714 72.0
6715 72.0
6716 72.0
6717 72.0
6718 72.0
6719 72.0
6720 72.0
6721 72.0
6722 72.0
6723 72.0
6724 72.0
6725 72.0
6726 72.0
6727 72.0
6728 72.0
6729 72.0
6730 72.0
6731 72.0
6732 72.0
6733 72.0
6734 72.0
6735 72.0
6736 72.0
6737 72.0
6738 72.0
6739 72.0
6740 72.0
6741 72.0
6742 72.0
6743 72.0
6744 72.0
6745 72.0
6746 72.0
6747 72.0
6748 72.0
6749 72.0
6750 72.0
6751 72.0
6752 72.0
6753 72.0
6754 72.0
6755 72.0
6756 72.0
6757 72.0
6758 72.0
6759 72.0
6760 72.0
6761 72.0
6762 72.0
6763 72.0
6764 72.0
6765 72.0
6766 72.0
6767 72.0
6768 72.0
6769 72.0
6770 72.0
6771 72.0
6772 72.0
6773 72.0
6774 72.0
6775 72.0
6776 72.0
6777 72.0
6778 72.0
6779 72.0
6780 72.0
6781 72.0
6782 72.0
6783 72.0
6784 72.0
6785 72.0
6786 72.0
6787 72.0
6788 72.0
6789 72.0
6790 72.0
6791 72.0
6792 72.0
6793 72.0
6794 72.0
6795 72.0
6796 72.0
6797 72.0
6798 72.0
6799 72.0
6800 72.0
6801 72.0
6802 72.0
6803 72.0
6804 72.0
6805 72.0
6806 72.0
6807 72.0
6808 72.0
6809 72.0
6810 72.0
6811 72.0
6812 72.0
6813 72.0
6814 72.0
6815 72.0
6816 72.0
6817 72.0
6818 72.0
6819 72.0
6820 72.0
6821 72.0
6822 72.0
6823 72.0
6824 72.0
6825 72.0
6826 72.0
6827 72.0
6828 72.0
6829 72.0
6830 72.0
6831 72.0
6832 72.0
6833 72.0
6834 72.0
6835 72.0
6836 72.0
6837 72.0
6838 72.0
6839 72.0
6840 72.0
6841 72.0
6842 72.0
6843 72.0
6844 72.0
6845 72.0
6846 72.0
6847 72.0
6848 72.0
6849 72.0
6850 72.0
6851 72.0
6852 72.0
6853 72.0
6854 72.0
6855 72.0
6856 72.0
6857 72.0
6858 72.0
6859 72.0
6860 72.0
6861 72.0
6862 72.0
6863 72.0
6864 72.0
6865 72.0
6866 72.0
6867 72.0
6868 72.0
6869 72.0
6870 72.0
6871 72.0
6872 72.0
6873 72.0
6874 72.0
6875 72.0
6876 72.0
6877 72.0
6878 72.0
6879 72.0
6880 72.0
6881 72.0
6882 72.0
6883 72.0
6884 72.0
6885 72.0
6886 72.0
6887 72.0
6888 72.0
6889 72.0
6890 72.0
6891 72.0
6892 72.0
6893 72.0
6894 72.0
6895 72.0
6896 72.0
6897 72.0
6898 72.0
6899 72.0
6900 72.0
6901 72.0
6902 72.0
6903 72.0
6904 72.0
6905 72.0
6906 72.0
6907 72.0
6908 72.0
6909 72.0
6910 72.0
6911 72.0
6912 72.0
6913 72.0
6914 72.0
6915 72.0
6916 72.0
6917 72.0
6918 72.0
6919 72.0
6920 72.0
6921 72.0
6922 72.0
6923 72.0
6924 72.0
6925 72.0
6926 72.0
6927 72.0
6928 72.0
6929 72.0
6930 72.0
6931 72.0
6932 72.0
6933 72.0
6934 72.0
6935 72.0
6936 72.0
6937 72.0
6938 72.0
6939 72.0
6940 72.0
6941 72.0
6942 72.0
6943 72.0
6944 72.0
6945 72.0
6946 72.0
6947 72.0
6948 72.0
6949 72.0
6950 72.0
6951 72.0
6952 72.0
6953 72.0
6954 72.0
6955 72.0
6956 72.0
6957 72.0
6958 72.0
6959 72.0
6960 72.0
6961 72.0
6962 72.0
6963 72.0
6964 72.0
6965 72.0
6966 72.0
6967 72.0
6968 72.0
6969 72.0
6970 72.0
6971 72.0
6972 72.0
6973 72.0
6974 72.0
6975 72.0
6976 72.0
6977 72.0
6978 72.0
6979 72.0
6980 72.0
6981 72.0
6982 72.0
6983 72.0
6984 72.0
6985 72.0
6986 72.0
6987 72.0
6988 72.0
6989 72.0
6990 72.0
6991 72.0
6992 72.0
6993 72.0
6994 72.0
6995 72.0
6996 72.0
6997 72.0
6998 72.0
6999 72.0
7000 72.0
7001 72.0
7002 72.0
7003 72.0
7004 72.0
7005 72.0
7006 72.0
7007 72.0
7008 72.0
7009 72.0
7010 72.0
7011 72.0
7012 72.0
7013 72.0
7014 72.0
7015 72.0
7016 72.0
7017 72.0
7018 72.0
7019 72.0
7020 72.0
7021 72.0
7022 72.0
7023 72.0
7024 72.0
7025 72.0
7026 72.0
7027 72.0
7028 72.0
7029 72.0
7030 72.0
7031 72.0
7032 72.0
7033 72.0
7034 72.0
7035 72.0
7036 72.0
7037 72.0
7038 72.0
7039 72.0
7040 72.0
7041 72.0
7042 72.0
7043 72.0
7044 72.0
7045 72.0
7046 72.0
7047 72.0
7048 72.0
7049 72.0
7050 72.0
7051 72.0
7052 72.0
7053 72.0
7054 72.0
7055 72.0
7056 72.0
7057 72.0
7058 72.0
7059 72.0
7060 72.0
7061 72.0
7062 72.0
7063 72.0
7064 72.0
7065 72.0
7066 72.0
7067 72.0
7068 72.0
7069 72.0
7070 72.0
7071 72.0
7072 72.0
7073 72.0
7074 72.0
7075 72.0
7076 72.0
7077 72.0
7078 72.0
7079 72.0
7080 72.0
7081 72.0
7082 72.0
7083 72.0
7084 72.0
7085 72.0
7086 72.0
7087 72.0
7088 72.0
7089 72.0
7090 72.0
7091 72.0
7092 72.0
7093 72.0
7094 72.0
7095 72.0
7096 72.0
7097 72.0
7098 72.0
7099 72.0
7100 72.0
7101 72.0
7102 72.0
7103 72.0
7104 72.0
7105 72.0
7106 72.0
7107 72.0
7108 72.0
7109 72.0
7110 72.0
7111 72.0
7112 72.0
7113 72.0
7114 72.0
7115 72.0
7116 72.0
7117 72.0
7118 72.0
7119 72.0
7120 72.0
7121 72.0
7122 72.0
7123 72.0
7124 72.0
7125 72.0
7126 72.0
7127 72.0
7128 72.0
7129 72.0
7130 72.0
7131 72.0
7132 72.0
7133 72.0
7134 72.0
7135 72.0
7136 72.0
7137 72.0
7138 72.0
7139 72.0
7140 72.0
7141 72.0
7142 72.0
7143 72.0
7144 72.0
7145 72.0
7146 72.0
7147 72.0
7148 72.0
7149 72.0
7150 72.0
7151 72.0
7152 72.0
7153 72.0
7154 72.0
7155 72.0
7156 72.0
7157 72.0
7158 72.0
7159 72.0
7160 72.0
7161 72.0
7162 72.0
7163 72.0
7164 72.0
7165 72.0
7166 72.0
7167 72.0
7168 72.0
7169 72.0
7170 72.0
7171 72.0
7172 72.0
7173 72.0
7174 72.0
7175 72.0
7176 72.0
7177 72.0
7178 72.0
7179 72.0
7180 72.0
7181 72.0
7182 72.0
7183 72.0
7184 72.0
7185 72.0
7186 72.0
7187 72.0
7188 72.0
7189 72.0
7190 72.0
7191 72.0
7192 72.0
7193 72.0
7194 72.0
7195 72.0
7196 72.0
7197 72.0
7198 72.0
7199 72.0
7200 72.0
7201 72.0
7202 72.0
7203 72.0
7204 72.0
7205 72.0
7206 72.0
7207 72.0
7208 72.0
7209 72.0
7210 72.0
7211 72.0
7212 72.0
7213 72.0
7214 72.0
7215 72.0
7216 72.0
7217 72.0
7218 72.0
7219 72.0
7220 72.0
7221 72.0
7222 72.0
7223 72.0
7224 72.0
7225 72.0
7226 72.0
7227 72.0
7228 72.0
7229 72.0
7230 72.0
7231 72.0
7232 72.0
7233 72.0
7234 72.0
7235 72.0
7236 72.0
7237 72.0
7238 72.0
7239 72.0
7240 72.0
7241 72.0
7242 72.0
7243 72.0
7244 72.0
7245 72.0
7246 72.0
7247 72.0
7248 72.0
7249 72.0
7250 72.0
7251 72.0
7252 72.0
7253 72.0
7254 72.0
7255 72.0
7256 72.0
7257 72.0
7258 72.0
7259 72.0
7260 72.0
7261 72.0
7262 72.0
7263 72.0
7264 72.0
7265 72.0
7266 72.0
7267 72.0
7268 72.0
7269 72.0
7270 72.0
7271 72.0
7272 72.0
7273 72.0
7274 72.0
7275 72.0
7276 72.0
7277 72.0
7278 72.0
7279 72.0
7280 72.0
7281 72.0
7282 72.0
7283 72.0
7284 72.0
7285 72.0
7286 72.0
7287 72.0
7288 72.0
7289 72.0
7290 72.0
7291 72.0
7292 72.0
7293 72.0
7294 72.0
7295 72.0
7296 72.0
7297 72.0
7298 72.0
7299 72.0
7300 72.0
7301 72.0
7302 72.0
7303 72.0
7304 72.0
7305 72.0
7306 72.0
7307 72.0
7308 72.0
7309 72.0
7310 72.0
7311 72.0
7312 72.0
7313 72.0
7314 72.0
7315 72.0
7316 72.0
7317 72.0
7318 72.0
7319 72.0
7320 72.0
7321 72.0
7322 72.0
7323 72.0
7324 72.0
7325 72.0
7326 72.0
7327 72.0
7328 72.0
7329 72.0
7330 72.0
7331 72.0
7332 72.0
7333 72.0
7334 72.0
7335 72.0
7336 72.0
7337 72.0
7338 72.0
7339 72.0
7340 72.0
7341 72.0
7342 72.0
7343 72.0
7344 72.0
7345 72.0
7346 72.0
7347 72.0
7348 72.0
7349 72.0
7350 72.0
7351 72.0
7352 72.0
7353 72.0
7354 72.0
7355 72.0
7356 72.0
7357 72.0
7358 72.0
7359 72.0
7360 72.0
7361 72.0
7362 72.0
7363 72.0
7364 72.0
7365 72.0
7366 72.0
7367 72.0
7368 72.0
7369 72.0
7370 72.0
7371 72.0
7372 72.0
7373 72.0
7374 72.0
7375 72.0
7376 72.0
7377 72.0
7378 72.0
7379 72.0
7380 72.0
7381 72.0
7382 72.0
7383 72.0
7384 72.0
7385 72.0
7386 72.0
7387 72.0
7388 72.0
7389 72.0
7390 72.0
7391 72.0
7392 72.0
7393 72.0
7394 72.0
7395 72.0
7396 72.0
7397 72.0
7398 72.0
7399 72.0
7400 72.0
7401 72.0
7402 72.0
7403 72.0
7404 72.0
7405 72.0
7406 72.0
7407 72.0
7408 72.0
7409 72.0
7410 72.0
7411 72.0
7412 72.0
7413 72.0
7414 72.0
7415 72.0
7416 72.0
7417 72.0
7418 72.0
7419 72.0
7420 72.0
7421 72.0
7422 72.0
7423 72.0
7424 72.0
7425 72.0
7426 72.0
7427 72.0
7428 72.0
7429 72.0
7430 72.0
7431 72.0
7432 72.0
7433 72.0
7434 72.0
7435 72.0
7436 72.0
7437 72.0
7438 72.0
7439 72.0
7440 72.0
7441 72.0
7442 72.0
7443 72.0
7444 72.0
7445 72.0
7446 72.0
7447 72.0
7448 72.0
7449 72.0
7450 72.0
7451 72.0
7452 72.0
7453 72.0
7454 72.0
7455 72.0
7456 72.0
7457 72.0
7458 72.0
7459 72.0
7460 72.0
7461 72.0
7462 72.0
7463 72.0
7464 72.0
7465 72.0
7466 72.0
7467 72.0
7468 72.0
7469 72.0
7470 72.0
7471 72.0
7472 72.0
7473 72.0
7474 72.0
7475 72.0
7476 72.0
7477 72.0
7478 72.0
7479 72.0
7480 72.0
7481 72.0
7482 72.0
7483 72.0
7484 72.0
7485 72.0
7486 72.0
7487 72.0
7488 72.0
7489 72.0
7490 72.0
7491 72.0
7492 72.0
7493 72.0
7494 72.0
7495 72.0
7496 72.0
7497 72.0
7498 72.0
7499 72.0
7500 72.0
7501 72.0
7502 72.0
7503 72.0
7504 72.0
7505 72.0
7506 72.0
7507 72.0
7508 72.0
7509 72.0
7510 72.0
7511 72.0
7512 72.0
7513 72.0
7514 72.0
7515 72.0
7516 72.0
7517 72.0
7518 72.0
7519 72.0
7520 72.0
7521 72.0
7522 72.0
7523 72.0
7524 72.0
7525 72.0
7526 72.0
7527 72.0
7528 72.0
7529 72.0
7530 72.0
7531 72.0
7532 72.0
7533 72.0
7534 72.0
7535 72.0
7536 72.0
7537 72.0
7538 72.0
7539 72.0
7540 72.0
7541 72.0
7542 72.0
7543 72.0
7544 72.0
7545 72.0
7546 72.0
7547 72.0
7548 72.0
7549 72.0
7550 72.0
7551 72.0
7552 72.0
7553 72.0
7554 72.0
7555 72.0
7556 72.0
7557 72.0
7558 72.0
7559 72.0
7560 72.0
7561 72.0
7562 72.0
7563 72.0
7564 72.0
7565 72.0
7566 72.0
7567 72.0
7568 72.0
7569 72.0
7570 72.0
7571 72.0
7572 72.0
7573 72.0
7574 72.0
7575 72.0
7576 72.0
7577 72.0
7578 72.0
7579 72.0
7580 72.0
7581 72.0
7582 72.0
7583 72.0
7584 72.0
7585 72.0
7586 72.0
7587 72.0
7588 72.0
7589 72.0
7590 72.0
7591 72.0
7592 72.0
7593 72.0
7594 72.0
7595 72.0
7596 72.0
7597 72.0
7598 72.0
7599 72.0
7600 72.0
7601 72.0
7602 72.0
7603 72.0
7604 72.0
7605 72.0
7606 72.0
7607 72.0
7608 72.0
7609 72.0
7610 72.0
7611 72.0
7612 72.0
7613 72.0
7614 72.0
7615 72.0
7616 72.0
7617 72.0
7618 72.0
7619 72.0
7620 72.0
7621 72.0
7622 72.0
7623 72.0
7624 72.0
7625 72.0
7626 72.0
7627 72.0
7628 72.0
7629 72.0
7630 72.0
7631 72.0
7632 72.0
7633 72.0
7634 72.0
7635 72.0
7636 72.0
7637 72.0
7638 72.0
7639 72.0
7640 72.0
7641 72.0
7642 72.0
7643 72.0
7644 72.0
7645 72.0
7646 72.0
7647 72.0
7648 72.0
7649 72.0
7650 72.0
7651 72.0
7652 72.0
7653 72.0
7654 72.0
7655 72.0
7656 72.0
7657 72.0
7658 72.0
7659 72.0
7660 72.0
7661 72.0
7662 72.0
7663 72.0
7664 72.0
7665 72.0
7666 72.0
7667 72.0
7668 72.0
7669 72.0
7670 72.0
7671 72.0
7672 72.0
7673 72.0
7674 72.0
7675 72.0
7676 72.0
7677 72.0
7678 72.0
7679 72.0
7680 72.0
7681 72.0
7682 72.0
7683 72.0
7684 72.0
7685 72.0
7686 72.0
7687 72.0
7688 72.0
7689 72.0
7690 72.0
7691 72.0
7692 72.0
7693 72.0
7694 72.0
7695 72.0
7696 72.0
7697 72.0
7698 72.0
7699 72.0
7700 72.0
7701 72.0
7702 72.0
7703 72.0
7704 72.0
7705 72.0
7706 72.0
7707 72.0
7708 72.0
7709 72.0
7710 72.0
7711 72.0
7712 72.0
7713 72.0
7714 72.0
7715 72.0
7716 72.0
7717 72.0
7718 72.0
7719 72.0
7720 72.0
7721 72.0
7722 72.0
7723 72.0
7724 72.0
7725 72.0
7726 72.0
7727 72.0
7728 72.0
7729 72.0
7730 72.0
7731 72.0
7732 72.0
7733 72.0
7734 72.0
7735 72.0
7736 72.0
7737 72.0
7738 72.0
7739 72.0
7740 72.0
7741 72.0
7742 72.0
7743 72.0
7744 72.0
7745 72.0
7746 72.0
7747 72.0
7748 72.0
7749 72.0
7750 72.0
7751 72.0
7752 72.0
7753 72.0
7754 72.0
7755 72.0
7756 72.0
7757 72.0
7758 72.0
7759 72.0
7760 72.0
7761 72.0
7762 72.0
7763 72.0
7764 72.0
7765 72.0
7766 72.0
7767 72.0
7768 72.0
7769 72.0
7770 72.0
7771 72.0
7772 72.0
7773 72.0
7774 72.0
7775 72.0
7776 72.0
7777 72.0
7778 72.0
7779 72.0
7780 72.0
7781 72.0
7782 72.0
7783 72.0
7784 72.0
7785 72.0
7786 72.0
7787 72.0
7788 72.0
7789 72.0
7790 72.0
7791 72.0
7792 72.0
7793 72.0
7794 72.0
7795 72.0
7796 72.0
7797 72.0
7798 72.0
7799 72.0
7800 72.0
7801 72.0
7802 72.0
7803 72.0
7804 72.0
7805 72.0
7806 72.0
7807 72.0
7808 72.0
7809 72.0
7810 72.0
7811 72.0
7812 72.0
7813 72.0
7814 72.0
7815 72.0
7816 72.0
7817 72.0
7818 72.0
7819 72.0
7820 72.0
7821 72.0
7822 72.0
7823 72.0
7824 72.0
7825 72.0
7826 72.0
7827 72.0
7828 72.0
7829 72.0
7830 72.0
7831 72.0
7832 72.0
7833 72.0
7834 72.0
7835 72.0
7836 72.0
7837 72.0
7838 72.0
7839 72.0
7840 72.0
7841 72.0
7842 72.0
7843 72.0
7844 72.0
7845 72.0
7846 72.0
7847 72.0
7848 72.0
7849 72.0
7850 72.0
7851 72.0
7852 72.0
7853 72.0
7854 72.0
7855 72.0
7856 72.0
7857 72.0
7858 72.0
7859 72.0
7860 72.0
7861 72.0
7862 72.0
7863 72.0
7864 72.0
7865 72.0
7866 72.0
7867 72.0
7868 72.0
7869 72.0
7870 72.0
7871 72.0
7872 72.0
7873 72.0
7874 72.0
7875 72.0
7876 72.0
7877 72.0
7878 72.0
7879 72.0
7880 72.0
7881 72.0
7882 72.0
7883 72.0
7884 72.0
7885 72.0
7886 72.0
7887 72.0
7888 72.0
7889 72.0
7890 72.0
7891 72.0
7892 72.0
7893 72.0
7894 72.0
7895 72.0
7896 72.0
7897 72.0
7898 72.0
7899 72.0
7900 72.0
7901 72.0
7902 72.0
7903 72.0
7904 72.0
7905 72.0
7906 72.0
7907 72.0
7908 72.0
7909 72.0
7910 72.0
7911 72.0
7912 72.0
7913 72.0
7914 72.0
7915 72.0
7916 72.0
7917 72.0
7918 72.0
7919 72.0
7920 72.0
7921 72.0
7922 72.0
7923 72.0
7924 72.0
7925 72.0
7926 72.0
7927 72.0
7928 72.0
7929 72.0
7930 72.0
7931 72.0
7932 72.0
7933 72.0
7934 72.0
7935 72.0
7936 72.0
7937 72.0
7938 72.0
7939 72.0
7940 72.0
7941 72.0
7942 72.0
7943 72.0
7944 72.0
7945 72.0
7946 72.0
7947 72.0
7948 72.0
7949 72.0
7950 72.0
7951 72.0
7952 72.0
7953 72.0
7954 72.0
7955 72.0
7956 72.0
7957 72.0
7958 72.0
7959 72.0
7960 72.0
7961 72.0
7962 72.0
7963 72.0
7964 72.0
7965 72.0
7966 72.0
7967 72.0
7968 72.0
7969 72.0
7970 72.0
7971 72.0
7972 72.0
7973 72.0
7974 72.0
7975 72.0
7976 72.0
7977 72.0
7978 72.0
7979 72.0
7980 72.0
7981 72.0
7982 72.0
7983 72.0
7984 72.0
7985 72.0
7986 72.0
7987 72.0
7988 72.0
7989 72.0
7990 72.0
7991 72.0
7992 72.0
7993 72.0
7994 72.0
7995 72.0
7996 72.0
7997 72.0
7998 72.0
7999 72.0
8000 72.0
8001 72.0
8002 72.0
8003 72.0
8004 72.0
8005 72.0
8006 72.0
8007 72.0
8008 72.0
8009 72.0
8010 72.0
8011 72.0
8012 72.0
8013 72.0
8014 72.0
8015 72.0
8016 72.0
8017 72.0
8018 72.0
8019 72.0
8020 72.0
8021 72.0
8022 72.0
8023 72.0
8024 72.0
8025 72.0
8026 72.0
8027 72.0
8028 72.0
8029 72.0
8030 72.0
8031 72.0
8032 72.0
8033 72.0
8034 72.0
8035 72.0
8036 72.0
8037 72.0
8038 72.0
8039 72.0
8040 72.0
8041 72.0
8042 72.0
8043 72.0
8044 72.0
8045 72.0
8046 72.0
8047 72.0
8048 72.0
8049 72.0
8050 72.0
8051 72.0
8052 72.0
8053 72.0
8054 72.0
8055 72.0
8056 72.0
8057 72.0
8058 72.0
8059 72.0
8060 72.0
8061 72.0
8062 72.0
8063 72.0
8064 72.0
8065 72.0
8066 72.0
8067 72.0
8068 72.0
8069 72.0
8070 72.0
8071 72.0
8072 72.0
8073 72.0
8074 72.0
8075 72.0
8076 72.0
8077 72.0
8078 72.0
8079 72.0
8080 72.0
8081 72.0
8082 72.0
8083 72.0
8084 72.0
8085 72.0
8086 72.0
8087 72.0
8088 72.0
8089 72.0
8090 72.0
8091 72.0
8092 72.0
8093 72.0
8094 72.0
8095 72.0
8096 72.0
8097 72.0
8098 72.0
8099 72.0
8100 72.0
8101 72.0
8102 72.0
8103 72.0
8104 72.0
8105 72.0
8106 72.0
8107 72.0
8108 72.0
8109 72.0
8110 72.0
8111 72.0
8112 72.0
8113 72.0
8114 72.0
8115 72.0
8116 72.0
8117 72.0
8118 72.0
8119 72.0
8120 72.0
8121 72.0
8122 72.0
8123 72.0
8124 72.0
8125 72.0
8126 72.0
8127 72.0
8128 72.0
8129 72.0
8130 72.0
8131 72.0
8132 72.0
8133 72.0
8134 72.0
8135 72.0
8136 72.0
8137 72.0
8138 72.0
8139 72.0
8140 72.0
8141 72.0
8142 72.0
8143 72.0
8144 72.0
8145 72.0
8146 72.0
8147 72.0
8148 72.0
8149 72.0
8150 72.0
8151 72.0
8152 72.0
8153 72.0
8154 72.0
8155 72.0
8156 72.0
8157 72.0
8158 72.0
8159 72.0
8160 72.0
8161 72.0
8162 72.0
8163 72.0
8164 72.0
8165 72.0
8166 72.0
8167 72.0
8168 72.0
8169 72.0
8170 72.0
8171 72.0
8172 72.0
8173 72.0
8174 72.0
8175 72.0
8176 72.0
8177 72.0
8178 72.0
8179 72.0
8180 72.0
8181 72.0
8182 72.0
8183 72.0
8184 72.0
8185 72.0
8186 72.0
8187 72.0
8188 72.0
8189 72.0
8190 72.0
8191 72.0
8192 72.0
8193 72.0
8194 72.0
8195 72.0
8196 72.0
8197 72.0
8198 72.0
8199 72.0
8200 72.0
8201 72.0
8202 72.0
8203 72.0
8204 72.0
8205 72.0
8206 72.0
8207 72.0
8208 72.0
8209 72.0
8210 72.0
8211 72.0
8212 72.0
8213 72.0
8214 72.0
8215 72.0
8216 72.0
8217 72.0
8218 72.0
8219 72.0
8220 72.0
8221 72.0
8222 72.0
8223 72.0
8224 72.0
8225 72.0
8226 72.0
8227 72.0
8228 72.0
8229 72.0
8230 72.0
8231 72.0
8232 72.0
8233 72.0
8234 72.0
8235 72.0
8236 72.0
8237 72.0
8238 72.0
8239 72.0
8240 72.0
8241 72.0
8242 72.0
8243 72.0
8244 72.0
8245 72.0
8246 72.0
8247 72.0
8248 72.0
8249 72.0
8250 72.0
8251 72.0
8252 72.0
8253 72.0
8254 72.0
8255 72.0
8256 72.0
8257 72.0
8258 72.0
8259 72.0
8260 72.0
8261 72.0
8262 72.0
8263 72.0
8264 72.0
8265 72.0
8266 72.0
8267 72.0
8268 72.0
8269 72.0
8270 72.0
8271 72.0
8272 72.0
8273 72.0
8274 72.0
8275 72.0
8276 72.0
8277 72.0
8278 72.0
8279 72.0
8280 72.0
8281 72.0
8282 72.0
8283 72.0
8284 72.0
8285 72.0
8286 72.0
8287 72.0
8288 72.0
8289 72.0
8290 72.0
8291 72.0
8292 72.0
8293 72.0
8294 72.0
8295 72.0
8296 72.0
8297 72.0
8298 72.0
8299 72.0
8300 72.0
8301 72.0
8302 72.0
8303 72.0
8304 72.0
8305 72.0
8306 72.0
8307 72.0
8308 72.0
8309 72.0
8310 72.0
8311 72.0
8312 72.0
8313 72.0
8314 72.0
8315 72.0
8316 72.0
8317 72.0
8318 72.0
8319 72.0
8320 72.0
8321 72.0
8322 72.0
8323 72.0
8324 72.0
8325 72.0
8326 72.0
8327 72.0
8328 72.0
8329 72.0
8330 72.0
8331 72.0
8332 72.0
8333 72.0
8334 72.0
8335 72.0
8336 72.0
8337 72.0
8338 72.0
8339 72.0
8340 72.0
8341 72.0
8342 72.0
8343 72.0
8344 72.0
8345 72.0
8346 72.0
8347 72.0
8348 72.0
8349 72.0
8350 72.0
8351 72.0
8352 72.0
8353 72.0
8354 72.0
8355 72.0
8356 72.0
8357 72.0
8358 72.0
8359 72.0
8360 72.0
8361 72.0
8362 72.0
8363 72.0
8364 72.0
8365 72.0
8366 72.0
8367 72.0
8368 72.0
8369 72.0
8370 72.0
8371 72.0
8372 72.0
8373 72.0
8374 72.0
8375 72.0
8376 72.0
8377 72.0
8378 72.0
8379 72.0
8380 72.0
8381 72.0
8382 72.0
8383 72.0
8384 72.0
8385 72.0
8386 72.0
8387 72.0
8388 72.0
8389 72.0
8390 72.0
8391 72.0
8392 72.0
8393 72.0
8394 72.0
8395 72.0
8396 72.0
8397 72.0
8398 72.0
8399 72.0
8400 72.0
8401 72.0
8402 72.0
8403 72.0
8404 72.0
8405 72.0
8406 72.0
8407 72.0
8408 72.0
8409 72.0
8410 72.0
8411 72.0
8412 72.0
8413 72.0
8414 72.0
8415 72.0
8416 72.0
8417 72.0
8418 72.0
8419 72.0
8420 72.0
8421 72.0
8422 72.0
8423 72.0
8424 72.0
8425 72.0
8426 72.0
8427 72.0
8428 72.0
8429 72.0
8430 72.0
8431 72.0
8432 72.0
8433 72.0
8434 72.0
8435 72.0
8436 72.0
8437 72.0
8438 72.0
8439 72.0
8440 72.0
8441 72.0
8442 72.0
8443 72.0
8444 72.0
8445 72.0
8446 72.0
8447 72.0
8448 72.0
8449 72.0
8450 72.0
8451 72.0
8452 72.0
8453 72.0
8454 72.0
8455 72.0
8456 72.0
8457 72.0
8458 72.0
8459 72.0
8460 72.0
8461 72.0
8462 72.0
8463 72.0
8464 72.0
8465 72.0
8466 72.0
8467 72.0
8468 72.0
8469 72.0
8470 72.0
8471 72.0
8472 72.0
8473 72.0
8474 72.0
8475 72.0
8476 72.0
8477 72.0
8478 72.0
8479 72.0
8480 72.0
8481 72.0
8482 72.0
8483 72.0
8484 72.0
8485 72.0
8486 72.0
8487 72.0
8488 72.0
8489 72.0
8490 72.0
8491 72.0
8492 72.0
8493 72.0
8494 72.0
8495 72.0
8496 72.0
8497 72.0
8498 72.0
8499 72.0
8500 72.0
8501 72.0
8502 72.0
8503 72.0
8504 72.0
8505 72.0
8506 72.0
8507 72.0
8508 72.0
8509 72.0
8510 72.0
8511 72.0
8512 72.0
8513 72.0
8514 72.0
8515 72.0
8516 72.0
8517 72.0
8518 72.0
8519 72.0
8520 72.0
8521 72.0
8522 72.0
8523 72.0
8524 72.0
8525 72.0
8526 72.0
8527 72.0
8528 72.0
8529 72.0
8530 72.0
8531 72.0
8532 72.0
8533 72.0
8534 72.0
8535 72.0
8536 72.0
8537 72.0
8538 72.0
8539 72.0
8540 72.0
8541 72.0
8542 72.0
8543 72.0
8544 72.0
8545 72.0
8546 72.0
8547 72.0
8548 72.0
8549 72.0
8550 72.0
8551 72.0
8552 72.0
8553 72.0
8554 72.0
8555 72.0
8556 72.0
8557 72.0
8558 72.0
8559 72.0
8560 72.0
8561 72.0
8562 72.0
8563 72.0
8564 72.0
8565 72.0
8566 72.0
8567 72.0
8568 72.0
8569 72.0
8570 72.0
8571 72.0
8572 72.0
8573 72.0
8574 72.0
8575 72.0
8576 72.0
8577 72.0
8578 72.0
8579 72.0
8580 72.0
8581 72.0
8582 72.0
8583 72.0
8584 72.0
8585 72.0
8586 72.0
8587 72.0
8588 72.0
8589 72.0
8590 72.0
8591 72.0
8592 72.0
8593 72.0
8594 72.0
8595 72.0
8596 72.0
8597 72.0
8598 72.0
8599 72.0
8600 72.0
8601 72.0
8602 72.0
8603 72.0
8604 72.0
8605 72.0
8606 72.0
8607 72.0
8608 72.0
8609 72.0
8610 72.0
8611 72.0
8612 72.0
8613 72.0
8614 72.0
8615 72.0
8616 72.0
8617 72.0
8618 72.0
8619 72.0
8620 72.0
8621 72.0
8622 72.0
8623 72.0
8624 72.0
8625 72.0
8626 72.0
8627 72.0
8628 72.0
8629 72.0
8630 72.0
8631 72.0
8632 72.0
8633 72.0
8634 72.0
8635 72.0
8636 72.0
8637 72.0
8638 72.0
8639 72.0
8640 72.0
8641 72.0
8642 72.0
8643 72.0
8644 72.0
8645 72.0
8646 72.0
8647 72.0
8648 72.0
8649 72.0
8650 72.0
8651 72.0
8652 72.0
8653 72.0
8654 72.0
8655 72.0
8656 72.0
8657 72.0
8658 72.0
8659 72.0
8660 72.0
8661 72.0
8662 72.0
8663 72.0
8664 72.0
8665 72.0
8666 72.0
8667 72.0
8668 72.0
8669 72.0
8670 72.0
8671 72.0
8672 72.0
8673 72.0
8674 72.0
8675 72.0
8676 72.0
8677 72.0
8678 72.0
8679 72.0
8680 72.0
8681 72.0
8682 72.0
8683 72.0
8684 72.0
8685 72.0
8686 72.0
8687 72.0
8688 72.0
8689 72.0
8690 72.0
8691 72.0
8692 72.0
8693 72.0
8694 72.0
8695 72.0
8696 72.0
8697 72.0
8698 72.0
8699 72.0
8700 72.0
8701 72.0
8702 72.0
8703 72.0
8704 72.0
8705 72.0
8706 72.0
8707 72.0
8708 72.0
8709 72.0
8710 72.0
8711 72.0
8712 72.0
8713 72.0
8714 72.0
8715 72.0
8716 72.0
8717 72.0
8718 72.0
8719 72.0
8720 72.0
8721 72.0
8722 72.0
8723 72.0
8724 72.0
8725 72.0
8726 72.0
8727 72.0
8728 72.0
8729 72.0
8730 72.0
8731 72.0
8732 72.0
8733 72.0
8734 72.0
8735 72.0
8736 72.0
8737 72.0
8738 72.0
8739 72.0
8740 72.0
8741 72.0
8742 72.0
8743 72.0
8744 72.0
8745 72.0
8746 72.0
8747 72.0
8748 72.0
8749 72.0
8750 72.0
8751 72.0
8752 72.0
8753 72.0
8754 72.0
8755 72.0
8756 72.0
8757 72.0
8758 72.0
8759 72.0
8760 72.0
8761 72.0
8762 72.0
8763 72.0
8764 72.0
8765 72.0
8766 72.0
8767 72.0
8768 72.0
8769 72.0
8770 72.0
8771 72.0
8772 72.0
8773 72.0
8774 72.0
8775 72.0
8776 72.0
8777 72.0
8778 72.0
8779 72.0
8780 72.0
8781 72.0
8782 72.0
8783 72.0
8784 72.0
8785 72.0
8786 72.0
8787 72.0
8788 72.0
8789 72.0
8790 72.0
8791 72.0
8792 72.0
8793 72.0
8794 72.0
8795 72.0
8796 72.0
8797 72.0
8798 72.0
8799 72.0
8800 72.0
8801 72.0
8802 72.0
8803 72.0
8804 72.0
8805 72.0
8806 72.0
8807 72.0
8808 72.0
8809 72.0
8810 72.0
8811 72.0
8812 72.0
8813 72.0
8814 72.0
8815 72.0
8816 72.0
8817 72.0
8818 72.0
8819 72.0
8820 72.0
8821 72.0
8822 72.0
8823 72.0
8824 72.0
8825 72.0
8826 72.0
8827 72.0
8828 72.0
8829 72.0
8830 72.0
8831 72.0
8832 72.0
8833 72.0
8834 72.0
8835 72.0
8836 72.0
8837 72.0
8838 72.0
8839 72.0
8840 72.0
8841 72.0
8842 72.0
8843 72.0
8844 72.0
8845 72.0
8846 72.0
8847 72.0
8848 72.0
8849 72.0
8850 72.0
8851 72.0
8852 72.0
8853 72.0
8854 72.0
8855 72.0
8856 72.0
8857 72.0
8858 72.0
8859 72.0
8860 72.0
8861 72.0
8862 72.0
8863 72.0
8864 72.0
8865 72.0
8866 72.0
8867 72.0
8868 72.0
8869 72.0
8870 72.0
8871 72.0
8872 72.0
8873 72.0
8874 72.0
8875 72.0
8876 72.0
8877 72.0
8878 72.0
8879 72.0
8880 72.0
8881 72.0
8882 72.0
8883 72.0
8884 72.0
8885 72.0
8886 72.0
8887 72.0
8888 72.0
8889 72.0
8890 72.0
8891 72.0
8892 72.0
8893 72.0
8894 72.0
8895 72.0
8896 72.0
8897 72.0
8898 72.0
8899 72.0
8900 72.0
8901 72.0
8902 72.0
8903 72.0
8904 72.0
8905 72.0
8906 72.0
8907 72.0
8908 72.0
8909 72.0
8910 72.0
8911 72.0
8912 72.0
8913 72.0
8914 72.0
8915 72.0
8916 72.0
8917 72.0
8918 72.0
8919 72.0
8920 72.0
8921 72.0
8922 72.0
8923 72.0
8924 72.0
8925 72.0
8926 72.0
8927 72.0
8928 72.0
8929 72.0
8930 72.0
8931 72.0
8932 72.0
8933 72.0
8934 72.0
8935 72.0
8936 72.0
8937 72.0
8938 72.0
8939 72.0
8940 72.0
8941 72.0
8942 72.0
8943 72.0
8944 72.0
8945 72.0
8946 72.0
8947 72.0
8948 72.0
8949 72.0
8950 72.0
8951 72.0
8952 72.0
8953 72.0
8954 72.0
8955 72.0
8956 72.0
8957 72.0
8958 72.0
8959 72.0
8960 72.0
8961 72.0
8962 72.0
8963 72.0
8964 72.0
8965 72.0
8966 72.0
8967 72.0
8968 72.0
8969 72.0
8970 72.0
8971 72.0
8972 72.0
8973 72.0
8974 72.0
8975 72.0
8976 72.0
8977 72.0
8978 72.0
8979 72.0
8980 72.0
8981 72.0
8982 72.0
8983 72.0
8984 72.0
8985 72.0
8986 72.0
8987 72.0
8988 72.0
8989 72.0
8990 72.0
8991 72.0
8992 72.0
8993 72.0
8994 72.0
8995 72.0
8996 72.0
8997 72.0
8998 72.0
8999 72.0
9000 72.0
9001 72.0
9002 72.0
9003 72.0
9004 72.0
9005 72.0
9006 72.0
9007 72.0
9008 72.0
9009 72.0
9010 72.0
9011 72.0
9012 72.0
9013 72.0
9014 72.0
9015 72.0
9016 72.0
9017 72.0
9018 72.0
9019 72.0
9020 72.0
9021 72.0
9022 72.0
9023 72.0
9024 72.0
9025 72.0
9026 72.0
9027 72.0
9028 72.0
9029 72.0
9030 72.0
9031 72.0
9032 72.0
9033 72.0
9034 72.0
9035 72.0
9036 72.0
9037 72.0
9038 72.0
9039 72.0
9040 72.0
9041 72.0
9042 72.0
9043 72.0
9044 72.0
9045 72.0
9046 72.0
9047 72.0
9048 72.0
9049 72.0
9050 72.0
9051 72.0
9052 72.0
9053 72.0
9054 72.0
9055 72.0
9056 72.0
9057 72.0
9058 72.0
9059 72.0
9060 72.0
9061 72.0
9062 72.0
9063 72.0
9064 72.0
9065 72.0
9066 72.0
9067 72.0
9068 72.0
9069 72.0
9070 72.0
9071 72.0
9072 72.0
9073 72.0
9074 72.0
9075 72.0
9076 72.0
9077 72.0
9078 72.0
9079 72.0
9080 72.0
9081 72.0
9082 72.0
9083 72.0
9084 72.0
9085 72.0
9086 72.0
9087 72.0
9088 72.0
9089 72.0
9090 72.0
9091 72.0
9092 72.0
9093 72.0
9094 72.0
9095 72.0
9096 72.0
9097 72.0
9098 72.0
9099 72.0
9100 72.0
9101 72.0
9102 72.0
9103 72.0
9104 72.0
9105 72.0
9106 72.0
9107 72.0
9108 72.0
9109 72.0
9110 72.0
9111 72.0
9112 72.0
9113 72.0
9114 72.0
9115 72.0
9116 72.0
9117 72.0
9118 72.0
9119 72.0
9120 72.0
9121 72.0
9122 72.0
9123 72.0
9124 72.0
9125 72.0
9126 72.0
9127 72.0
9128 72.0
9129 72.0
9130 72.0
9131 72.0
9132 72.0
9133 72.0
9134 72.0
9135 72.0
9136 72.0
9137 72.0
9138 72.0
9139 72.0
9140 72.0
9141 72.0
9142 72.0
9143 72.0
9144 72.0
9145 72.0
9146 72.0
9147 72.0
9148 72.0
9149 72.0
9150 72.0
9151 72.0
9152 72.0
9153 72.0
9154 72.0
9155 72.0
9156 72.0
9157 72.0
9158 72.0
9159 72.0
9160 72.0
9161 72.0
9162 72.0
9163 72.0
9164 72.0
9165 72.0
9166 72.0
9167 72.0
9168 72.0
9169 72.0
9170 72.0
9171 72.0
9172 72.0
9173 72.0
9174 72.0
9175 72.0
9176 72.0
9177 72.0
9178 72.0
9179 72.0
9180 72.0
9181 72.0
9182 72.0
9183 72.0
9184 72.0
9185 72.0
9186 72.0
9187 72.0
9188 72.0
9189 72.0
9190 72.0
9191 72.0
9192 72.0
9193 72.0
9194 72.0
9195 72.0
9196 72.0
9197 72.0
9198 72.0
9199 72.0
9200 72.0
9201 72.0
9202 72.0
9203 72.0
9204 72.0
9205 72.0
9206 72.0
9207 72.0
9208 72.0
9209 72.0
9210 72.0
9211 72.0
9212 72.0
9213 72.0
9214 72.0
9215 72.0
9216 72.0
9217 72.0
9218 72.0
9219 72.0
9220 72.0
9221 72.0
9222 72.0
9223 72.0
9224 72.0
9225 72.0
9226 72.0
9227 72.0
9228 72.0
9229 72.0
9230 72.0
9231 72.0
9232 72.0
9233 72.0
9234 72.0
9235 72.0
9236 72.0
9237 72.0
9238 72.0
9239 72.0
9240 72.0
9241 72.0
9242 72.0
9243 72.0
9244 72.0
9245 72.0
9246 72.0
9247 72.0
9248 72.0
9249 72.0
9250 72.0
9251 72.0
9252 72.0
9253 72.0
9254 72.0
9255 72.0
9256 72.0
9257 72.0
9258 72.0
9259 72.0
9260 72.0
9261 72.0
9262 72.0
9263 72.0
9264 72.0
9265 72.0
9266 72.0
9267 72.0
9268 72.0
9269 72.0
9270 72.0
9271 72.0
9272 72.0
9273 72.0
9274 72.0
9275 72.0
9276 72.0
9277 72.0
9278 72.0
9279 72.0
9280 72.0
9281 72.0
9282 72.0
9283 72.0
9284 72.0
9285 72.0
9286 72.0
9287 72.0
9288 72.0
9289 72.0
9290 72.0
9291 72.0
9292 72.0
9293 72.0
9294 72.0
9295 72.0
9296 72.0
9297 72.0
9298 72.0
9299 72.0
9300 72.0
9301 72.0
9302 72.0
9303 72.0
9304 72.0
9305 72.0
9306 72.0
9307 72.0
9308 72.0
9309 72.0
9310 72.0
9311 72.0
9312 72.0
9313 72.0
9314 72.0
9315 72.0
9316 72.0
9317 72.0
9318 72.0
9319 72.0
9320 72.0
9321 72.0
9322 72.0
9323 72.0
9324 72.0
9325 72.0
9326 72.0
9327 72.0
9328 72.0
9329 72.0
9330 72.0
9331 72.0
9332 72.0
9333 72.0
9334 72.0
9335 72.0
9336 72.0
9337 72.0
9338 72.0
9339 72.0
9340 72.0
9341 72.0
9342 72.0
9343 72.0
9344 72.0
9345 72.0
9346 72.0
9347 72.0
9348 72.0
9349 72.0
9350 72.0
9351 72.0
9352 72.0
9353 72.0
9354 72.0
9355 72.0
9356 72.0
9357 72.0
9358 72.0
9359 72.0
9360 72.0
9361 72.0
9362 72.0
9363 72.0
9364 72.0
9365 72.0
9366 72.0
9367 72.0
9368 72.0
9369 72.0
9370 72.0
9371 72.0
9372 72.0
9373 72.0
9374 72.0
9375 72.0
9376 72.0
9377 72.0
9378 72.0
9379 72.0
9380 72.0
9381 72.0
9382 72.0
9383 72.0
9384 72.0
9385 72.0
9386 72.0
9387 72.0
9388 72.0
9389 72.0
9390 72.0
9391 72.0
9392 72.0
9393 72.0
9394 72.0
9395 72.0
9396 72.0
9397 72.0
9398 72.0
9399 72.0
9400 72.0
9401 72.0
9402 72.0
9403 72.0
9404 72.0
9405 72.0
9406 72.0
9407 72.0
9408 72.0
9409 72.0
9410 72.0
9411 72.0
9412 72.0
9413 72.0
9414 72.0
9415 72.0
9416 72.0
9417 72.0
9418 72.0
9419 72.0
9420 72.0
9421 72.0
9422 72.0
9423 72.0
9424 72.0
9425 72.0
9426 72.0
9427 72.0
9428 72.0
9429 72.0
9430 72.0
9431 72.0
9432 72.0
9433 72.0
9434 72.0
9435 72.0
9436 72.0
9437 72.0
9438 72.0
9439 72.0
9440 72.0
9441 72.0
9442 72.0
9443 72.0
9444 72.0
9445 72.0
9446 72.0
9447 72.0
9448 72.0
9449 72.0
9450 72.0
9451 72.0
9452 72.0
9453 72.0
9454 72.0
9455 72.0
9456 72.0
9457 72.0
9458 72.0
9459 72.0
9460 72.0
9461 72.0
9462 72.0
9463 72.0
9464 72.0
9465 72.0
9466 72.0
9467 72.0
9468 72.0
9469 72.0
9470 72.0
9471 72.0
9472 72.0
9473 72.0
9474 72.0
9475 72.0
9476 72.0
9477 72.0
9478 72.0
9479 72.0
9480 72.0
9481 72.0
9482 72.0
9483 72.0
9484 72.0
9485 72.0
9486 72.0
9487 72.0
9488 72.0
9489 72.0
9490 72.0
9491 72.0
9492 72.0
9493 72.0
9494 72.0
9495 72.0
9496 72.0
9497 72.0
9498 72.0
9499 72.0
9500 72.0
9501 72.0
9502 72.0
9503 72.0
9504 72.0
9505 72.0
9506 72.0
9507 72.0
9508 72.0
9509 72.0
9510 72.0
9511 72.0
9512 72.0
9513 72.0
9514 72.0
9515 72.0
9516 72.0
9517 72.0
9518 72.0
9519 72.0
9520 72.0
9521 72.0
9522 72.0
9523 72.0
9524 72.0
9525 72.0
9526 72.0
9527 72.0
9528 72.0
9529 72.0
9530 72.0
9531 72.0
9532 72.0
9533 72.0
9534 72.0
9535 72.0
9536 72.0
9537 72.0
9538 72.0
9539 72.0
9540 72.0
9541 72.0
9542 72.0
9543 72.0
9544 72.0
9545 72.0
9546 72.0
9547 72.0
9548 72.0
9549 72.0
9550 72.0
9551 72.0
9552 72.0
9553 72.0
9554 72.0
9555 72.0
9556 72.0
9557 72.0
9558 72.0
9559 72.0
9560 72.0
9561 72.0
9562 72.0
9563 72.0
9564 72.0
9565 72.0
9566 72.0
9567 72.0
9568 72.0
9569 72.0
9570 72.0
9571 72.0
9572 72.0
9573 72.0
9574 72.0
9575 72.0
9576 72.0
9577 72.0
9578 72.0
9579 72.0
9580 72.0
9581 72.0
9582 72.0
9583 72.0
9584 72.0
9585 72.0
9586 72.0
9587 72.0
9588 72.0
9589 72.0
9590 72.0
9591 72.0
9592 72.0
9593 72.0
9594 72.0
9595 72.0
9596 72.0
9597 72.0
9598 72.0
9599 72.0
9600 72.0
9601 72.0
9602 72.0
9603 72.0
9604 72.0
9605 72.0
9606 72.0
9607 72.0
9608 72.0
9609 72.0
9610 72.0
9611 72.0
9612 72.0
9613 72.0
9614 72.0
9615 72.0
9616 72.0
9617 72.0
9618 72.0
9619 72.0
9620 72.0
9621 72.0
9622 72.0
9623 72.0
9624 72.0
9625 72.0
9626 72.0
9627 72.0
9628 72.0
9629 72.0
9630 72.0
9631 72.0
9632 72.0
9633 72.0
9634 72.0
9635 72.0
9636 72.0
9637 72.0
9638 72.0
9639 72.0
9640 72.0
9641 72.0
9642 72.0
9643 72.0
9644 72.0
9645 72.0
9646 72.0
9647 72.0
9648 72.0
9649 72.0
9650 72.0
9651 72.0
9652 72.0
9653 72.0
9654 72.0
9655 72.0
9656 72.0
9657 72.0
9658 72.0
9659 72.0
9660 72.0
9661 72.0
9662 72.0
9663 72.0
9664 72.0
9665 72.0
9666 72.0
9667 72.0
9668 72.0
9669 72.0
9670 72.0
9671 72.0
9672 72.0
9673 72.0
9674 72.0
9675 72.0
9676 72.0
9677 72.0
9678 72.0
9679 72.0
9680 72.0
9681 72.0
9682 72.0
9683 72.0
9684 72.0
9685 72.0
9686 72.0
9687 72.0
9688 72.0
9689 72.0
9690 72.0
9691 72.0
9692 72.0
9693 72.0
9694 72.0
9695 72.0
9696 72.0
9697 72.0
9698 72.0
9699 72.0
9700 72.0
9701 72.0
9702 72.0
9703 72.0
9704 72.0
9705 72.0
9706 72.0
9707 72.0
9708 72.0
9709 72.0
9710 72.0
9711 72.0
9712 72.0
9713 72.0
9714 72.0
9715 72.0
9716 72.0
9717 72.0
9718 72.0
9719 72.0
9720 72.0
9721 72.0
9722 72.0
9723 72.0
9724 72.0
9725 72.0
9726 72.0
9727 72.0
9728 72.0
9729 72.0
9730 72.0
9731 72.0
9732 72.0
9733 72.0
9734 72.0
9735 72.0
9736 72.0
9737 72.0
9738 72.0
9739 72.0
9740 72.0
9741 72.0
9742 72.0
9743 72.0
9744 72.0
9745 72.0
9746 72.0
9747 72.0
9748 72.0
9749 72.0
9750 72.0
9751 72.0
9752 72.0
9753 72.0
9754 72.0
9755 72.0
9756 72.0
9757 72.0
9758 72.0
9759 72.0
9760 72.0
9761 72.0
9762 72.0
9763 72.0
9764 72.0
9765 72.0
9766 72.0
9767 72.0
9768 72.0
9769 72.0
9770 72.0
9771 72.0
9772 72.0
9773 72.0
9774 72.0
9775 72.0
9776 72.0
9777 72.0
9778 72.0
9779 72.0
9780 72.0
9781 72.0
9782 72.0
9783 72.0
9784 72.0
9785 72.0
9786 72.0
9787 72.0
9788 72.0
9789 72.0
9790 72.0
9791 72.0
9792 72.0
9793 72.0
9794 72.0
9795 72.0
9796 72.0
9797 72.0
9798 72.0
9799 72.0
9800 72.0
9801 72.0
9802 72.0
9803 72.0
9804 72.0
9805 72.0
9806 72.0
9807 72.0
9808 72.0
9809 72.0
9810 72.0
9811 72.0
9812 72.0
9813 72.0
9814 72.0
9815 72.0
9816 72.0
9817 72.0
9818 72.0
9819 72.0
9820 72.0
9821 72.0
9822 72.0
9823 72.0
9824 72.0
9825 72.0
9826 72.0
9827 72.0
9828 72.0
9829 72.0
9830 72.0
9831 72.0
9832 72.0
9833 72.0
9834 72.0
9835 72.0
9836 72.0
9837 72.0
9838 72.0
9839 72.0
9840 72.0
9841 72.0
9842 72.0
9843 72.0
9844 72.0
9845 72.0
9846 72.0
9847 72.0
9848 72.0
9849 72.0
9850 72.0
9851 72.0
9852 72.0
9853 72.0
9854 72.0
9855 72.0
9856 72.0
9857 72.0
9858 72.0
9859 72.0
9860 72.0
9861 72.0
9862 72.0
9863 72.0
9864 72.0
9865 72.0
9866 72.0
9867 72.0
9868 72.0
9869 72.0
9870 72.0
9871 72.0
9872 72.0
9873 72.0
9874 72.0
9875 72.0
9876 72.0
9877 72.0
9878 72.0
9879 72.0
9880 72.0
9881 72.0
9882 72.0
9883 72.0
9884 72.0
9885 72.0
9886 72.0
9887 72.0
9888 72.0
9889 72.0
9890 72.0
9891 72.0
9892 72.0
9893 72.0
9894 72.0
9895 72.0
9896 72.0
9897 72.0
9898 72.0
9899 72.0
9900 72.0
9901 72.0
9902 72.0
9903 72.0
9904 72.0
9905 72.0
9906 72.0
9907 72.0
9908 72.0
9909 72.0
9910 72.0
9911 72.0
9912 72.0
9913 72.0
9914 72.0
9915 72.0
9916 72.0
9917 72.0
9918 72.0
9919 72.0
9920 72.0
9921 72.0
9922 72.0
9923 72.0
9924 72.0
9925 72.0
9926 72.0
9927 72.0
9928 72.0
9929 72.0
9930 72.0
9931 72.0
9932 72.0
9933 72.0
9934 72.0
9935 72.0
9936 72.0
9937 72.0
9938 72.0
9939 72.0
9940 72.0
9941 72.0
9942 72.0
9943 72.0
9944 72.0
9945 72.0
9946 72.0
9947 72.0
9948 72.0
9949 72.0
9950 72.0
9951 72.0
9952 72.0
9953 72.0
9954 72.0
9955 72.0
9956 72.0
9957 72.0
9958 72.0
9959 72.0
9960 72.0
9961 72.0
9962 72.0
9963 72.0
9964 72.0
9965 72.0
9966 72.0
9967 72.0
9968 72.0
9969 72.0
9970 72.0
9971 72.0
9972 72.0
9973 72.0
9974 72.0
9975 72.0
9976 72.0
9977 72.0
9978 72.0
9979 72.0
9980 72.0
9981 72.0
9982 72.0
9983 72.0
9984 72.0
9985 72.0
9986 72.0
9987 72.0
9988 72.0
9989 72.0
9990 72.0
9991 72.0
9992 72.0
9993 72.0
9994 72.0
9995 72.0
9996 72.0
9997 72.0
9998 72.0
9999 72.0
10000 72.0
10001 72.0
10002 72.0
10003 72.0
10004 72.0
10005 72.0
