evaluations raw_y
1 -374.0000000000
3 -373.0000000000
7 -372.0000000000
10 -371.0000000000
12 -370.0000000000
16 -369.0000000000
17 -368.0000000000
20 -367.0000000000
21 -366.0000000000
23 -365.0000000000
25 -364.0000000000
26 -363.0000000000
29 -362.0000000000
32 -360.0000000000
34 -359.0000000000
38 -358.0000000000
41 -357.0000000000
43 -356.0000000000
46 -355.0000000000
49 -352.0000000000
50 -351.0000000000
54 -350.0000000000
58 -349.0000000000
59 -348.0000000000
60 -347.0000000000
63 -346.0000000000
64 -345.0000000000
65 -344.0000000000
66 -343.0000000000
69 -342.0000000000
70 -341.0000000000
72 -340.0000000000
73 -339.0000000000
78 -338.0000000000
79 -335.0000000000
80 -334.0000000000
82 -333.0000000000
85 -332.0000000000
92 -331.0000000000
93 -330.0000000000
95 -329.0000000000
96 -328.0000000000
97 -327.0000000000
100 -326.0000000000
101 -324.0000000000
103 -323.0000000000
105 -322.0000000000
109 -320.0000000000
111 -319.0000000000
114 -318.0000000000
124 -317.0000000000
125 -315.0000000000
129 -314.0000000000
130 -313.0000000000
131 -312.0000000000
133 -311.0000000000
135 -310.0000000000
136 -309.0000000000
137 -308.0000000000
140 -305.0000000000
142 -304.0000000000
143 -303.0000000000
146 -302.0000000000
147 -301.0000000000
150 -300.0000000000
151 -299.0000000000
153 -297.0000000000
160 -296.0000000000
163 -295.0000000000
167 -294.0000000000
169 -293.0000000000
176 -292.0000000000
177 -291.0000000000
178 -290.0000000000
179 -289.0000000000
182 -288.0000000000
183 -286.0000000000
184 -285.0000000000
187 -284.0000000000
190 -283.0000000000
198 -282.0000000000
203 -281.0000000000
204 -280.0000000000
205 -279.0000000000
207 -278.0000000000
213 -277.0000000000
216 -276.0000000000
222 -274.0000000000
223 -272.0000000000
224 -271.0000000000
227 -270.0000000000
228 -269.0000000000
229 -268.0000000000
230 -267.0000000000
234 -266.0000000000
237 -265.0000000000
242 -264.0000000000
246 -263.0000000000
255 -261.0000000000
256 -260.0000000000
257 -258.0000000000
258 -257.0000000000
261 -255.0000000000
264 -254.0000000000
267 -253.0000000000
270 -252.0000000000
271 -250.0000000000
272 -249.0000000000
277 -248.0000000000
280 -247.0000000000
287 -246.0000000000
290 -245.0000000000
291 -244.0000000000
293 -243.0000000000
296 -241.0000000000
302 -240.0000000000
307 -239.0000000000
308 -238.0000000000
309 -237.0000000000
312 -236.0000000000
317 -235.0000000000
320 -234.0000000000
324 -233.0000000000
325 -232.0000000000
334 -231.0000000000
335 -230.0000000000
340 -229.0000000000
344 -228.0000000000
348 -227.0000000000
351 -226.0000000000
352 -225.0000000000
356 -224.0000000000
358 -223.0000000000
359 -222.0000000000
363 -221.0000000000
367 -220.0000000000
370 -219.0000000000
371 -218.0000000000
372 -217.0000000000
373 -216.0000000000
375 -215.0000000000
377 -214.0000000000
378 -213.0000000000
380 -212.0000000000
381 -211.0000000000
383 -210.0000000000
386 -209.0000000000
389 -208.0000000000
391 -207.0000000000
394 -206.0000000000
396 -205.0000000000
403 -204.0000000000
406 -203.0000000000
411 -202.0000000000
412 -201.0000000000
413 -200.0000000000
430 -199.0000000000
431 -198.0000000000
432 -197.0000000000
433 -196.0000000000
434 -195.0000000000
435 -194.0000000000
455 -193.0000000000
457 -192.0000000000
469 -191.0000000000
477 -190.0000000000
485 -189.0000000000
486 -188.0000000000
488 -186.0000000000
490 -185.0000000000
496 -184.0000000000
502 -183.0000000000
507 -182.0000000000
510 -181.0000000000
512 -180.0000000000
527 -179.0000000000
532 -178.0000000000
536 -177.0000000000
538 -176.0000000000
553 -175.0000000000
557 -174.0000000000
559 -173.0000000000
563 -172.0000000000
564 -171.0000000000
568 -170.0000000000
577 -169.0000000000
592 -168.0000000000
594 -167.0000000000
599 -165.0000000000
604 -164.0000000000
609 -163.0000000000
623 -162.0000000000
629 -161.0000000000
633 -160.0000000000
635 -159.0000000000
636 -157.0000000000
647 -156.0000000000
650 -155.0000000000
652 -154.0000000000
656 -153.0000000000
667 -152.0000000000
673 -151.0000000000
676 -150.0000000000
678 -149.0000000000
680 -148.0000000000
688 -147.0000000000
702 -146.0000000000
708 -145.0000000000
710 -144.0000000000
714 -143.0000000000
719 -142.0000000000
720 -141.0000000000
722 -140.0000000000
726 -139.0000000000
728 -138.0000000000
730 -137.0000000000
742 -135.0000000000
746 -134.0000000000
753 -133.0000000000
754 -132.0000000000
755 -131.0000000000
769 -130.0000000000
772 -129.0000000000
776 -128.0000000000
786 -127.0000000000
787 -126.0000000000
801 -125.0000000000
814 -123.0000000000
817 -122.0000000000
823 -121.0000000000
824 -120.0000000000
827 -119.0000000000
828 -118.0000000000
842 -117.0000000000
848 -116.0000000000
869 -115.0000000000
889 -114.0000000000
898 -113.0000000000
903 -112.0000000000
911 -111.0000000000
917 -110.0000000000
918 -109.0000000000
919 -108.0000000000
927 -107.0000000000
932 -106.0000000000
952 -105.0000000000
961 -104.0000000000
967 -103.0000000000
968 -102.0000000000
977 -101.0000000000
985 -100.0000000000
986 -99.0000000000
989 -98.0000000000
991 -97.0000000000
994 -96.0000000000
1005 -95.0000000000
1006 -94.0000000000
1011 -93.0000000000
1016 -92.0000000000
1019 -91.0000000000
1022 -90.0000000000
1024 -89.0000000000
1047 -88.0000000000
1051 -87.0000000000
1052 -86.0000000000
1066 -85.0000000000
1075 -84.0000000000
1092 -83.0000000000
1100 -82.0000000000
1103 -81.0000000000
1113 -80.0000000000
1152 -79.0000000000
1162 -78.0000000000
1171 -77.0000000000
1176 -76.0000000000
1187 -75.0000000000
1191 -74.0000000000
1193 -73.0000000000
1199 -72.0000000000
1204 -71.0000000000
1245 -70.0000000000
1281 -69.0000000000
1295 -68.0000000000
1307 -67.0000000000
1328 -66.0000000000
1347 -65.0000000000
1354 -64.0000000000
1356 -63.0000000000
1373 -62.0000000000
1376 -61.0000000000
1380 -59.0000000000
1381 -58.0000000000
1398 -57.0000000000
1413 -56.0000000000
1429 -55.0000000000
1466 -54.0000000000
1535 -53.0000000000
1552 -52.0000000000
1604 -51.0000000000
1615 -50.0000000000
1641 -49.0000000000
1656 -48.0000000000
1671 -47.0000000000
1674 -46.0000000000
1713 -45.0000000000
1716 -44.0000000000
1717 -43.0000000000
1749 -42.0000000000
1757 -41.0000000000
1822 -40.0000000000
1830 -39.0000000000
1842 -38.0000000000
1847 -37.0000000000
1856 -36.0000000000
1897 -35.0000000000
1918 -34.0000000000
1922 -33.0000000000
1942 -32.0000000000
1992 -31.0000000000
2003 -30.0000000000
2023 -29.0000000000
2111 -28.0000000000
2129 -27.0000000000
2130 -26.0000000000
2164 -25.0000000000
2181 -24.0000000000
2199 -23.0000000000
2236 -22.0000000000
2246 -21.0000000000
2256 -20.0000000000
2257 -19.0000000000
2273 -18.0000000000
2295 -17.0000000000
2315 -16.0000000000
2382 -15.0000000000
2456 -14.0000000000
2462 -13.0000000000
2477 -12.0000000000
2512 -11.0000000000
2562 -10.0000000000
2571 -9.0000000000
2586 -8.0000000000
2661 -7.0000000000
2664 -6.0000000000
2806 -5.0000000000
2881 -4.0000000000
2894 -3.0000000000
2970 -2.0000000000
2998 -1.0000000000
3093 600.0000000000
3150 615.0000000000
3627 619.0000000000
4079 623.0000000000
4271 642.0000000000
4452 644.0000000000
6372 647.0000000000
9105 652.0000000000
9392 661.0000000000
10000 -1.0000000000
