# evaluation best
1 23.0
2 30.0
3 30.0
4 30.0
5 30.0
6 30.0
7 30.0
8 30.0
9 30.0
10 30.0
11 30.0
12 30.0
13 44.0
14 44.0
15 44.0
16 44.0
17 44.0
18 44.0
19 44.0
20 44.0
21 44.0
22 44.0
23 44.0
24 44.0
25 44.0
26 44.0
27 44.0
28 44.0
29 44.0
30 44.0
31 44.0
32 44.0
33 44.0
34 44.0
35 44.0
36 44.0
37 44.0
38 44.0
39 44.0
40 44.0
41 44.0
42 44.0
43 44.0
44 44.0
45 44.0
46 44.0
47 44.0
48 44.0
49 44.0
50 44.0
51 44.0
52 44.0
53 44.0
54 44.0
55 44.0
56 44.0
57 44.0
58 44.0
59 44.0
60 44.0
61 44.0
62 44.0
63 44.0
64 44.0
65 44.0
66 44.0
67 44.0
68 44.0
69 44.0
70 44.0
71 44.0
72 44.0
73 44.0
74 44.0
75 44.0
76 44.0
77 44.0
78 44.0
79 44.0
80 44.0
81 44.0
82 44.0
83 44.0
84 44.0
85 44.0
86 44.0
87 44.0
88 44.0
89 44.0
90 44.0
91 44.0
92 44.0
93 44.0
94 44.0
95 44.0
96 44.0
97 44.0
98 44.0
99 44.0
100 44.0
101 44.0
102 44.0
103 44.0
104 44.0
105 44.0
106 44.0
107 44.0
108 44.0
109 44.0
110 44.0
111 44.0
112 44.0
113 44.0
114 44.0
115 44.0
116 44.0
117 44.0
118 44.0
119 44.0
120 44.0
121 44.0
122 44.0
123 44.0
124 44.0
125 44.0
126 44.0
127 44.0
128 44.0
129 44.0
130 44.0
131 44.0
132 44.0
133 44.0
134 44.0
135 44.0
136 44.0
137 44.0
138 44.0
139 44.0
140 44.0
141 44.0
142 44.0
143 44.0
144 44.0
145 44.0
146 44.0
147 44.0
148 44.0
149 44.0
150 44.0
151 44.0
152 44.0
153 44.0
154 44.0
155 44.0
156 44.0
157 44.0
158 44.0
159 44.0
160 44.0
161 44.0
162 44.0
163 44.0
164 44.0
165 44.0
166 44.0
167 44.0
168 44.0
169 44.0
170 44.0
171 44.0
172 44.0
173 44.0
174 44.0
175 44.0
176 44.0
177 44.0
178 44.0
179 44.0
180 44.0
181 44.0
182 44.0
183 44.0
184 44.0
185 44.0
186 44.0
187 44.0
188 44.0
189 44.0
190 44.0
191 44.0
192 44.0
193 44.0
194 44.0
195 44.0
196 44.0
197 44.0
198 44.0
199 44.0
200 44.0
201 44.0
202 50.0
203 50.0
204 50.0
205 50.0
206 50.0
207 50.0
208 50.0
209 50.0
210 50.0
211 50.0
212 50.0
213 50.0
214 50.0
215 50.0
216 50.0
217 50.0
218 50.0
219 50.0
220 50.0
221 50.0
222 50.0
223 50.0
224 50.0
225 50.0
226 50.0
227 50.0
228 50.0
229 50.0
230 50.0
231 50.0
232 50.0
233 50.0
234 50.0
235 50.0
236 50.0
237 50.0
238 50.0
239 50.0
240 50.0
241 50.0
242 50.0
243 50.0
244 50.0
245 50.0
246 50.0
247 50.0
248 50.0
249 50.0
250 50.0
251 50.0
252 50.0
253 50.0
254 50.0
255 50.0
256 50.0
257 50.0
258 50.0
259 50.0
260 50.0
261 50.0
262 50.0
263 50.0
264 50.0
265 50.0
266 50.0
267 50.0
268 50.0
269 50.0
270 50.0
271 50.0
272 50.0
273 50.0
274 50.0
275 50.0
276 50.0
277 50.0
278 50.0
279 50.0
280 50.0
281 50.0
282 50.0
283 50.0
284 50.0
285 50.0
286 50.0
287 50.0
288 50.0
289 50.0
290 50.0
291 50.0
292 50.0
293 50.0
294 50.0
295 50.0
296 50.0
297 50.0
298 50.0
299 50.0
300 50.0
301 50.0
302 50.0
303 50.0
304 50.0
305 50.0
306 50.0
307 50.0
308 50.0
309 50.0
310 50.0
311 50.0
312 50.0
313 50.0
314 50.0
315 50.0
316 50.0
317 50.0
318 50.0
319 50.0
320 50.0
321 50.0
322 50.0
323 50.0
324 50.0
325 50.0
326 50.0
327 50.0
328 50.0
329 50.0
330 50.0
331 50.0
332 50.0
333 50.0
334 50.0
335 50.0
336 50.0
337 50.0
338 50.0
339 50.0
340 50.0
341 50.0
342 50.0
343 50.0
344 50.0
345 50.0
346 50.0
347 50.0
348 50.0
349 50.0
350 50.0
351 50.0
352 50.0
353 50.0
354 50.0
355 50.0
356 50.0
357 50.0
358 50.0
359 50.0
360 50.0
361 50.0
362 50.0
363 50.0
364 50.0
365 50.0
366 50.0
367 50.0
368 50.0
369 50.0
370 50.0
371 50.0
372 50.0
373 50.0
374 50.0
375 50.0
376 50.0
377 50.0
378 50.0
379 50.0
380 50.0
381 50.0
382 50.0
383 50.0
384 50.0
385 50.0
386 50.0
387 50.0
388 50.0
389 50.0
390 50.0
391 50.0
392 50.0
393 50.0
394 50.0
395 50.0
396 50.0
397 50.0
398 50.0
399 50.0
400 50.0
401 50.0
402 50.0
403 50.0
404 50.0
405 50.0
406 50.0
407 50.0
408 50.0
409 50.0
410 50.0
411 50.0
412 50.0
413 50.0
414 50.0
415 50.0
416 50.0
417 50.0
418 50.0
419 50.0
420 50.0
421 50.0
422 50.0
423 50.0
424 50.0
425 50.0
426 50.0
427 50.0
428 50.0
429 50.0
430 50.0
431 50.0
432 50.0
433 50.0
434 50.0
435 50.0
436 50.0
437 50.0
438 50.0
439 50.0
440 50.0
441 50.0
442 50.0
443 50.0
444 50.0
445 50.0
446 50.0
447 50.0
448 50.0
449 50.0
450 50.0
451 50.0
452 50.0
453 50.0
454 50.0
455 50.0
456 50.0
457 50.0
458 50.0
459 50.0
460 50.0
461 50.0
462 50.0
463 50.0
464 50.0
465 50.0
466 50.0
467 50.0
468 50.0
469 50.0
470 50.0
471 50.0
472 50.0
473 50.0
474 50.0
475 50.0
476 50.0
477 50.0
478 50.0
479 50.0
480 50.0
481 50.0
482 50.0
483 50.0
484 50.0
485 50.0
486 50.0
487 50.0
488 50.0
489 50.0
490 50.0
491 50.0
492 50.0
493 50.0
494 50.0
495 50.0
496 50.0
497 50.0
498 50.0
499 50.0
500 50.0
501 50.0
502 50.0
503 50.0
504 50.0
505 50.0
506 50.0
507 50.0
508 50.0
509 50.0
510 50.0
511 50.0
512 50.0
513 50.0
514 50.0
515 50.0
516 50.0
517 50.0
518 50.0
519 50.0
520 50.0
521 50.0
522 50.0
523 50.0
524 50.0
525 50.0
526 50.0
527 50.0
528 50.0
529 50.0
530 50.0
531 50.0
532 50.0
533 50.0
534 50.0
535 50.0
536 50.0
537 50.0
538 50.0
539 50.0
540 50.0
541 50.0
542 50.0
543 50.0
544 50.0
545 50.0
546 50.0
547 50.0
548 50.0
549 54.0
550 54.0
551 54.0
552 54.0
553 54.0
554 54.0
555 54.0
556 54.0
557 54.0
558 54.0
559 54.0
560 54.0
561 54.0
562 54.0
563 54.0
564 54.0
565 54.0
566 54.0
567 54.0
568 54.0
569 54.0
570 54.0
571 54.0
572 54.0
573 54.0
574 54.0
575 54.0
576 54.0
577 54.0
578 54.0
579 54.0
580 54.0
581 54.0
582 54.0
583 54.0
584 54.0
585 54.0
586 54.0
587 54.0
588 54.0
589 54.0
590 54.0
591 54.0
592 54.0
593 54.0
594 54.0
595 54.0
596 54.0
597 54.0
598 54.0
599 54.0
600 54.0
601 54.0
602 54.0
603 54.0
604 54.0
605 54.0
606 54.0
607 54.0
608 54.0
609 54.0
610 54.0
611 54.0
612 54.0
613 54.0
614 54.0
615 54.0
616 54.0
617 54.0
618 54.0
619 54.0
620 54.0
621 54.0
622 54.0
623 54.0
624 54.0
625 54.0
626 54.0
627 54.0
628 54.0
629 54.0
630 54.0
631 54.0
632 54.0
633 54.0
634 54.0
635 54.0
636 54.0
637 54.0
638 54.0
639 54.0
640 54.0
641 54.0
642 54.0
643 54.0
644 54.0
645 54.0
646 54.0
647 54.0
648 54.0
649 54.0
650 54.0
651 54.0
652 54.0
653 54.0
654 54.0
655 54.0
656 54.0
657 54.0
658 54.0
659 54.0
660 54.0
661 54.0
662 54.0
663 54.0
664 54.0
665 54.0
666 54.0
667 54.0
668 54.0
669 54.0
670 54.0
671 54.0
672 54.0
673 54.0
674 54.0
675 54.0
676 54.0
677 54.0
678 54.0
679 54.0
680 54.0
681 54.0
682 54.0
683 54.0
684 54.0
685 54.0
686 54.0
687 54.0
688 54.0
689 54.0
690 54.0
691 54.0
692 54.0
693 54.0
694 54.0
695 54.0
696 54.0
697 54.0
698 54.0
699 54.0
700 54.0
701 54.0
702 54.0
703 54.0
704 54.0
705 54.0
706 54.0
707 54.0
708 54.0
709 54.0
710 54.0
711 54.0
712 54.0
713 54.0
714 54.0
715 54.0
716 54.0
717 54.0
718 54.0
719 54.0
720 54.0
721 54.0
722 54.0
723 54.0
724 54.0
725 54.0
726 54.0
727 54.0
728 54.0
729 54.0
730 54.0
731 54.0
732 54.0
733 54.0
734 54.0
735 54.0
736 54.0
737 54.0
738 54.0
739 54.0
740 54.0
741 54.0
742 54.0
743 54.0
744 54.0
745 54.0
746 54.0
747 54.0
748 54.0
749 54.0
750 54.0
751 54.0
752 54.0
753 54.0
754 54.0
755 54.0
756 54.0
757 54.0
758 54.0
759 54.0
760 54.0
761 54.0
762 54.0
763 54.0
764 54.0
765 54.0
766 54.0
767 54.0
768 54.0
769 54.0
770 54.0
771 54.0
772 54.0
773 54.0
774 54.0
775 54.0
776 54.0
777 54.0
778 54.0
779 54.0
780 54.0
781 54.0
782 54.0
783 54.0
784 54.0
785 54.0
786 54.0
787 54.0
788 54.0
789 54.0
790 54.0
791 54.0
792 54.0
793 54.0
794 54.0
795 54.0
796 54.0
797 54.0
798 54.0
799 54.0
800 54.0
801 54.0
802 54.0
803 54.0
804 54.0
805 54.0
806 54.0
807 54.0
808 54.0
809 54.0
810 54.0
811 54.0
812 54.0
813 54.0
814 54.0
815 54.0
816 54.0
817 54.0
818 54.0
819 54.0
820 54.0
821 54.0
822 54.0
823 54.0
824 54.0
825 54.0
826 54.0
827 54.0
828 54.0
829 54.0
830 54.0
831 54.0
832 54.0
833 54.0
834 54.0
835 54.0
836 54.0
837 54.0
838 54.0
839 54.0
840 54.0
841 54.0
842 54.0
843 54.0
844 54.0
845 54.0
846 54.0
847 54.0
848 54.0
849 54.0
850 54.0
851 54.0
852 54.0
853 54.0
854 54.0
855 54.0
856 54.0
857 54.0
858 54.0
859 54.0
860 54.0
861 54.0
862 54.0
863 54.0
864 54.0
865 54.0
866 54.0
867 54.0
868 54.0
869 54.0
870 54.0
871 54.0
872 54.0
873 54.0
874 54.0
875 54.0
876 54.0
877 54.0
878 54.0
879 54.0
880 54.0
881 54.0
882 54.0
883 54.0
884 54.0
885 54.0
886 54.0
887 54.0
888 54.0
889 54.0
890 54.0
891 54.0
892 54.0
893 54.0
894 54.0
895 54.0
896 54.0
897 54.0
898 54.0
899 54.0
900 54.0
901 54.0
902 54.0
903 54.0
904 54.0
905 54.0
906 54.0
907 54.0
908 54.0
909 54.0
910 54.0
911 54.0
912 54.0
913 54.0
914 54.0
915 54.0
916 54.0
917 54.0
918 54.0
919 54.0
920 54.0
921 54.0
922 54.0
923 54.0
924 54.0
925 54.0
926 54.0
927 54.0
928 54.0
929 54.0
930 54.0
931 54.0
932 54.0
933 54.0
934 54.0
935 54.0
936 54.0
937 54.0
938 54.0
939 54.0
940 54.0
941 54.0
942 54.0
943 54.0
944 54.0
945 54.0
946 54.0
947 54.0
948 54.0
949 54.0
950 54.0
951 54.0
952 54.0
953 54.0
954 54.0
955 54.0
956 54.0
957 54.0
958 54.0
959 54.0
960 54.0
961 54.0
962 54.0
963 54.0
964 54.0
965 54.0
966 54.0
967 54.0
968 54.0
969 54.0
970 54.0
971 54.0
972 54.0
973 54.0
974 54.0
975 54.0
976 54.0
977 54.0
978 54.0
979 54.0
980 54.0
981 54.0
982 54.0
983 54.0
984 54.0
985 54.0
986 54.0
987 54.0
988 54.0
989 54.0
990 54.0
991 54.0
992 54.0
993 54.0
994 54.0
995 54.0
996 54.0
997 54.0
998 54.0
999 54.0
1000 54.0
1001 54.0
1002 54.0
1003 54.0
1004 54.0
1005 54.0
1006 54.0
1007 54.0
1008 54.0
1009 54.0
1010 54.0
1011 54.0
1012 54.0
1013 54.0
1014 54.0
1015 54.0
1016 54.0
1017 54.0
1018 54.0
1019 54.0
1020 54.0
1021 54.0
1022 54.0
1023 54.0
1024 54.0
1025 54.0
1026 54.0
1027 54.0
1028 54.0
1029 54.0
1030 54.0
1031 54.0
1032 54.0
1033 54.0
1034 54.0
1035 54.0
1036 54.0
1037 54.0
1038 54.0
1039 54.0
1040 54.0
1041 54.0
1042 54.0
1043 54.0
1044 54.0
1045 54.0
1046 54.0
1047 54.0
1048 54.0
1049 54.0
1050 54.0
1051 54.0
1052 54.0
1053 54.0
1054 54.0
1055 54.0
1056 54.0
1057 54.0
1058 54.0
1059 54.0
1060 54.0
1061 54.0
1062 54.0
1063 54.0
1064 54.0
1065 54.0
1066 54.0
1067 54.0
1068 54.0
1069 54.0
1070 54.0
1071 54.0
1072 54.0
1073 54.0
1074 54.0
1075 54.0
1076 54.0
1077 54.0
1078 54.0
1079 54.0
1080 54.0
1081 54.0
1082 54.0
1083 54.0
1084 54.0
1085 54.0
1086 54.0
1087 54.0
1088 54.0
1089 54.0
1090 54.0
1091 54.0
1092 54.0
1093 54.0
1094 54.0
1095 54.0
1096 54.0
1097 54.0
1098 54.0
1099 54.0
1100 54.0
1101 54.0
1102 54.0
1103 54.0
1104 54.0
1105 54.0
1106 54.0
1107 54.0
1108 54.0
1109 54.0
1110 54.0
1111 54.0
1112 54.0
1113 54.0
1114 54.0
1115 54.0
1116 54.0
1117 54.0
1118 54.0
1119 54.0
1120 54.0
1121 54.0
1122 54.0
1123 54.0
1124 54.0
1125 54.0
1126 54.0
1127 54.0
1128 54.0
1129 54.0
1130 54.0
1131 54.0
1132 54.0
1133 54.0
1134 54.0
1135 54.0
1136 54.0
1137 54.0
1138 54.0
1139 54.0
1140 54.0
1141 54.0
1142 54.0
1143 54.0
1144 54.0
1145 54.0
1146 54.0
1147 54.0
1148 54.0
1149 54.0
1150 54.0
1151 54.0
1152 54.0
1153 54.0
1154 54.0
1155 54.0
1156 54.0
1157 54.0
1158 54.0
1159 54.0
1160 54.0
1161 54.0
1162 54.0
1163 54.0
1164 54.0
1165 54.0
1166 54.0
1167 54.0
1168 54.0
1169 54.0
1170 54.0
1171 54.0
1172 54.0
1173 54.0
1174 54.0
1175 54.0
1176 54.0
1177 54.0
1178 54.0
1179 54.0
1180 54.0
1181 54.0
1182 54.0
1183 54.0
1184 54.0
1185 54.0
1186 54.0
1187 54.0
1188 54.0
1189 54.0
1190 54.0
1191 54.0
1192 54.0
1193 54.0
1194 54.0
1195 54.0
1196 54.0
1197 54.0
1198 54.0
1199 54.0
1200 54.0
1201 54.0
1202 54.0
1203 54.0
1204 54.0
1205 54.0
1206 54.0
1207 54.0
1208 54.0
1209 54.0
1210 54.0
1211 54.0
1212 54.0
1213 54.0
1214 54.0
1215 54.0
1216 54.0
1217 54.0
1218 54.0
1219 54.0
1220 54.0
1221 54.0
1222 54.0
1223 54.0
1224 54.0
1225 54.0
1226 54.0
1227 54.0
1228 54.0
1229 54.0
1230 54.0
1231 54.0
1232 54.0
1233 54.0
1234 54.0
1235 54.0
1236 54.0
1237 54.0
1238 54.0
1239 54.0
1240 54.0
1241 54.0
1242 54.0
1243 54.0
1244 54.0
1245 54.0
1246 54.0
1247 54.0
1248 54.0
1249 54.0
1250 54.0
1251 54.0
1252 54.0
1253 54.0
1254 54.0
1255 54.0
1256 54.0
1257 54.0
1258 54.0
1259 54.0
1260 54.0
1261 54.0
1262 54.0
1263 54.0
1264 54.0
1265 54.0
1266 54.0
1267 54.0
1268 54.0
1269 54.0
1270 54.0
1271 54.0
1272 54.0
1273 54.0
1274 54.0
1275 54.0
1276 54.0
1277 54.0
1278 54.0
1279 54.0
1280 54.0
1281 54.0
1282 54.0
1283 54.0
1284 54.0
1285 54.0
1286 54.0
1287 54.0
1288 54.0
1289 54.0
1290 54.0
1291 54.0
1292 54.0
1293 54.0
1294 54.0
1295 54.0
1296 54.0
1297 54.0
1298 54.0
1299 54.0
1300 54.0
1301 54.0
1302 54.0
1303 54.0
1304 54.0
1305 54.0
1306 54.0
1307 54.0
1308 54.0
1309 54.0
1310 54.0
1311 54.0
1312 54.0
1313 54.0
1314 54.0
1315 54.0
1316 54.0
1317 54.0
1318 54.0
1319 54.0
1320 54.0
1321 54.0
1322 54.0
1323 54.0
1324 54.0
1325 54.0
1326 54.0
1327 54.0
1328 54.0
1329 54.0
1330 54.0
1331 54.0
1332 54.0
1333 54.0
1334 54.0
1335 54.0
1336 54.0
1337 54.0
1338 54.0
1339 54.0
1340 54.0
1341 54.0
1342 54.0
1343 54.0
1344 54.0
1345 54.0
1346 54.0
1347 54.0
1348 54.0
1349 54.0
1350 54.0
1351 54.0
1352 54.0
1353 54.0
1354 54.0
1355 54.0
1356 54.0
1357 54.0
1358 54.0
1359 54.0
1360 54.0
1361 54.0
1362 54.0
1363 54.0
1364 54.0
1365 54.0
1366 54.0
1367 54.0
1368 54.0
1369 54.0
1370 54.0
1371 54.0
1372 54.0
1373 54.0
1374 54.0
1375 54.0
1376 54.0
1377 54.0
1378 54.0
1379 54.0
1380 54.0
1381 54.0
1382 54.0
1383 54.0
1384 54.0
1385 54.0
1386 54.0
1387 54.0
1388 54.0
1389 54.0
1390 54.0
1391 54.0
1392 54.0
1393 54.0
1394 54.0
1395 54.0
1396 54.0
1397 54.0
1398 54.0
1399 54.0
1400 54.0
1401 54.0
1402 54.0
1403 54.0
1404 54.0
1405 54.0
1406 54.0
1407 54.0
1408 54.0
1409 54.0
1410 54.0
1411 54.0
1412 54.0
1413 54.0
1414 54.0
1415 54.0
1416 54.0
1417 54.0
1418 54.0
1419 54.0
1420 54.0
1421 54.0
1422 54.0
1423 54.0
1424 54.0
1425 54.0
1426 54.0
1427 54.0
1428 54.0
1429 54.0
1430 54.0
1431 54.0
1432 54.0
1433 54.0
1434 54.0
1435 54.0
1436 54.0
1437 54.0
1438 54.0
1439 54.0
1440 54.0
1441 54.0
1442 54.0
1443 54.0
1444 54.0
1445 54.0
1446 54.0
1447 54.0
1448 54.0
1449 54.0
1450 54.0
1451 54.0
1452 54.0
1453 54.0
1454 54.0
1455 54.0
1456 54.0
1457 54.0
1458 54.0
1459 54.0
1460 54.0
1461 54.0
1462 54.0
1463 54.0
1464 54.0
1465 54.0
1466 54.0
1467 54.0
1468 54.0
1469 54.0
1470 54.0
1471 54.0
1472 54.0
1473 54.0
1474 54.0
1475 54.0
1476 54.0
1477 54.0
1478 54.0
1479 54.0
1480 54.0
1481 54.0
1482 54.0
1483 54.0
1484 54.0
1485 54.0
1486 54.0
1487 54.0
1488 54.0
1489 54.0
1490 54.0
1491 54.0
1492 54.0
1493 54.0
1494 54.0
1495 54.0
1496 54.0
1497 54.0
1498 54.0
1499 54.0
1500 54.0
1501 54.0
1502 54.0
1503 54.0
1504 54.0
1505 54.0
1506 54.0
1507 54.0
1508 54.0
1509 54.0
1510 54.0
1511 54.0
1512 54.0
1513 54.0
1514 54.0
1515 54.0
1516 54.0
1517 54.0
1518 54.0
1519 54.0
1520 54.0
1521 54.0
1522 54.0
1523 54.0
1524 54.0
1525 54.0
1526 54.0
1527 54.0
1528 54.0
1529 54.0
1530 54.0
1531 54.0
1532 54.0
1533 54.0
1534 54.0
1535 54.0
1536 54.0
1537 54.0
1538 54.0
1539 54.0
1540 54.0
1541 54.0
1542 54.0
1543 54.0
1544 54.0
1545 54.0
1546 54.0
1547 54.0
1548 54.0
1549 54.0
1550 54.0
1551 54.0
1552 54.0
1553 54.0
1554 54.0
1555 54.0
1556 54.0
1557 54.0
1558 54.0
1559 54.0
1560 54.0
1561 54.0
1562 54.0
1563 54.0
1564 54.0
1565 54.0
1566 54.0
1567 54.0
1568 54.0
1569 54.0
1570 60.0
1571 60.0
1572 60.0
1573 60.0
1574 60.0
1575 60.0
1576 60.0
1577 60.0
1578 60.0
1579 60.0
1580 60.0
1581 60.0
1582 60.0
1583 60.0
1584 60.0
1585 60.0
1586 60.0
1587 60.0
1588 60.0
1589 60.0
1590 60.0
1591 60.0
1592 60.0
1593 60.0
1594 60.0
1595 60.0
1596 60.0
1597 60.0
1598 60.0
1599 60.0
1600 60.0
1601 60.0
1602 60.0
1603 60.0
1604 60.0
1605 60.0
1606 60.0
1607 60.0
1608 60.0
1609 60.0
1610 60.0
1611 60.0
1612 60.0
1613 60.0
1614 60.0
1615 60.0
1616 60.0
1617 60.0
1618 60.0
1619 60.0
1620 60.0
1621 60.0
1622 60.0
1623 60.0
1624 60.0
1625 60.0
1626 60.0
1627 60.0
1628 60.0
1629 60.0
1630 60.0
1631 60.0
1632 60.0
1633 60.0
1634 60.0
1635 60.0
1636 60.0
1637 60.0
1638 60.0
1639 60.0
1640 60.0
1641 60.0
1642 60.0
1643 60.0
1644 60.0
1645 60.0
1646 60.0
1647 60.0
1648 60.0
1649 60.0
1650 60.0
1651 60.0
1652 60.0
1653 60.0
1654 60.0
1655 60.0
1656 60.0
1657 60.0
1658 60.0
1659 60.0
1660 60.0
1661 60.0
1662 60.0
1663 60.0
1664 60.0
1665 60.0
1666 60.0
1667 60.0
1668 60.0
1669 60.0
1670 60.0
1671 60.0
1672 60.0
1673 60.0
1674 60.0
1675 60.0
1676 60.0
1677 60.0
1678 60.0
1679 60.0
1680 60.0
1681 60.0
1682 60.0
1683 60.0
1684 60.0
1685 60.0
1686 60.0
1687 60.0
1688 60.0
1689 60.0
1690 60.0
1691 60.0
1692 60.0
1693 60.0
1694 60.0
1695 60.0
1696 60.0
1697 60.0
1698 60.0
1699 60.0
1700 60.0
1701 60.0
1702 60.0
1703 60.0
1704 60.0
1705 60.0
1706 60.0
1707 60.0
1708 60.0
1709 60.0
1710 60.0
1711 60.0
1712 60.0
1713 60.0
1714 60.0
1715 60.0
1716 60.0
1717 60.0
1718 60.0
1719 60.0
1720 60.0
1721 60.0
1722 60.0
1723 60.0
1724 60.0
1725 60.0
1726 60.0
1727 60.0
1728 60.0
1729 60.0
1730 60.0
1731 60.0
1732 60.0
1733 60.0
1734 60.0
1735 60.0
1736 60.0
1737 60.0
1738 60.0
1739 60.0
1740 60.0
1741 60.0
1742 60.0
1743 60.0
1744 60.0
1745 60.0
1746 60.0
1747 60.0
1748 60.0
1749 60.0
1750 60.0
1751 60.0
1752 60.0
1753 60.0
1754 60.0
1755 60.0
1756 60.0
1757 60.0
1758 60.0
1759 60.0
1760 60.0
1761 60.0
1762 60.0
1763 60.0
1764 60.0
1765 60.0
1766 60.0
1767 60.0
1768 60.0
1769 60.0
1770 60.0
1771 60.0
1772 60.0
1773 60.0
1774 60.0
1775 60.0
1776 60.0
1777 60.0
1778 60.0
1779 60.0
1780 60.0
1781 60.0
1782 60.0
1783 60.0
1784 60.0
1785 60.0
1786 60.0
1787 60.0
1788 60.0
1789 60.0
1790 60.0
1791 60.0
1792 60.0
1793 60.0
1794 60.0
1795 60.0
1796 60.0
1797 60.0
1798 60.0
1799 60.0
1800 60.0
1801 60.0
1802 60.0
1803 60.0
1804 60.0
1805 60.0
1806 60.0
1807 60.0
1808 60.0
1809 60.0
1810 60.0
1811 60.0
1812 60.0
1813 60.0
1814 60.0
1815 60.0
1816 60.0
1817 60.0
1818 60.0
1819 60.0
1820 60.0
1821 60.0
1822 60.0
1823 60.0
1824 60.0
1825 60.0
1826 60.0
1827 60.0
1828 60.0
1829 60.0
1830 60.0
1831 60.0
1832 60.0
1833 60.0
1834 60.0
1835 60.0
1836 60.0
1837 60.0
1838 60.0
1839 60.0
1840 60.0
1841 60.0
1842 60.0
1843 60.0
1844 60.0
1845 60.0
1846 60.0
1847 60.0
1848 60.0
1849 60.0
1850 60.0
1851 60.0
1852 60.0
1853 60.0
1854 60.0
1855 60.0
1856 60.0
1857 60.0
1858 60.0
1859 60.0
1860 60.0
1861 60.0
1862 60.0
1863 60.0
1864 60.0
1865 60.0
1866 60.0
1867 60.0
1868 60.0
1869 60.0
1870 60.0
1871 60.0
1872 60.0
1873 60.0
1874 60.0
1875 60.0
1876 60.0
1877 60.0
1878 60.0
1879 60.0
1880 60.0
1881 60.0
1882 60.0
1883 60.0
1884 60.0
1885 60.0
1886 60.0
1887 60.0
1888 60.0
1889 60.0
1890 60.0
1891 60.0
1892 60.0
1893 60.0
1894 60.0
1895 60.0
1896 60.0
1897 60.0
1898 60.0
1899 60.0
1900 60.0
1901 60.0
1902 60.0
1903 60.0
1904 60.0
1905 60.0
1906 60.0
1907 60.0
1908 60.0
1909 60.0
1910 60.0
1911 60.0
1912 60.0
1913 60.0
1914 60.0
1915 60.0
1916 60.0
1917 60.0
1918 60.0
1919 60.0
1920 60.0
1921 60.0
1922 60.0
1923 60.0
1924 60.0
1925 60.0
1926 60.0
1927 60.0
1928 60.0
1929 60.0
1930 60.0
1931 60.0
1932 60.0
1933 60.0
1934 60.0
1935 60.0
1936 60.0
1937 60.0
1938 60.0
1939 60.0
1940 60.0
1941 60.0
1942 60.0
1943 60.0
1944 60.0
1945 60.0
1946 60.0
1947 60.0
1948 60.0
1949 60.0
1950 60.0
1951 60.0
1952 60.0
1953 60.0
1954 60.0
1955 60.0
1956 60.0
1957 60.0
1958 60.0
1959 60.0
1960 60.0
1961 60.0
1962 60.0
1963 60.0
1964 60.0
1965 60.0
1966 60.0
1967 60.0
1968 60.0
1969 60.0
1970 60.0
1971 60.0
1972 60.0
1973 60.0
1974 60.0
1975 60.0
1976 60.0
1977 60.0
1978 60.0
1979 60.0
1980 60.0
1981 60.0
1982 60.0
1983 60.0
1984 60.0
1985 60.0
1986 60.0
1987 60.0
1988 60.0
1989 60.0
1990 60.0
1991 60.0
1992 60.0
1993 60.0
1994 60.0
1995 60.0
1996 60.0
1997 60.0
1998 60.0
1999 60.0
2000 60.0
2001 60.0
2002 60.0
2003 60.0
2004 60.0
2005 60.0
2006 60.0
2007 60.0
2008 60.0
2009 60.0
2010 60.0
2011 60.0
2012 60.0
2013 60.0
2014 60.0
2015 60.0
2016 60.0
2017 60.0
2018 60.0
2019 60.0
2020 60.0
2021 60.0
2022 60.0
2023 60.0
2024 60.0
2025 60.0
2026 60.0
2027 60.0
2028 60.0
2029 60.0
2030 60.0
2031 60.0
2032 60.0
2033 60.0
2034 60.0
2035 60.0
2036 60.0
2037 60.0
2038 60.0
2039 60.0
2040 60.0
2041 60.0
2042 60.0
2043 60.0
2044 60.0
2045 60.0
2046 60.0
2047 60.0
2048 60.0
2049 60.0
2050 60.0
2051 60.0
2052 60.0
2053 60.0
2054 60.0
2055 60.0
2056 60.0
2057 60.0
2058 60.0
2059 60.0
2060 60.0
2061 60.0
2062 60.0
2063 60.0
2064 60.0
2065 60.0
2066 60.0
2067 60.0
2068 60.0
2069 60.0
2070 60.0
2071 60.0
2072 60.0
2073 60.0
2074 60.0
2075 60.0
2076 60.0
2077 60.0
2078 60.0
2079 60.0
2080 60.0
2081 60.0
2082 60.0
2083 60.0
2084 60.0
2085 60.0
2086 60.0
2087 60.0
2088 60.0
2089 60.0
2090 60.0
2091 60.0
2092 60.0
2093 60.0
2094 60.0
2095 60.0
2096 60.0
2097 60.0
2098 60.0
2099 60.0
2100 60.0
2101 60.0
2102 60.0
2103 60.0
2104 60.0
2105 60.0
2106 60.0
2107 60.0
2108 60.0
2109 60.0
2110 60.0
2111 60.0
2112 60.0
2113 60.0
2114 60.0
2115 60.0
2116 60.0
2117 60.0
2118 60.0
2119 60.0
2120 60.0
2121 60.0
2122 60.0
2123 60.0
2124 60.0
2125 60.0
2126 60.0
2127 60.0
2128 60.0
2129 60.0
2130 60.0
2131 60.0
2132 60.0
2133 60.0
2134 60.0
2135 60.0
2136 60.0
2137 60.0
2138 60.0
2139 60.0
2140 60.0
2141 60.0
2142 60.0
2143 60.0
2144 60.0
2145 60.0
2146 60.0
2147 60.0
2148 60.0
2149 60.0
2150 60.0
2151 60.0
2152 60.0
2153 60.0
2154 60.0
2155 60.0
2156 60.0
2157 60.0
2158 60.0
2159 60.0
2160 60.0
2161 60.0
2162 60.0
2163 60.0
2164 60.0
2165 60.0
2166 60.0
2167 60.0
2168 60.0
2169 60.0
2170 60.0
2171 60.0
2172 60.0
2173 60.0
2174 60.0
2175 60.0
2176 60.0
2177 60.0
2178 60.0
2179 60.0
2180 60.0
2181 60.0
2182 60.0
2183 60.0
2184 60.0
2185 60.0
2186 60.0
2187 60.0
2188 60.0
2189 60.0
2190 60.0
2191 60.0
2192 60.0
2193 60.0
2194 60.0
2195 60.0
2196 60.0
2197 60.0
2198 60.0
2199 60.0
2200 60.0
2201 60.0
2202 60.0
2203 60.0
2204 60.0
2205 60.0
2206 60.0
2207 60.0
2208 60.0
2209 60.0
2210 60.0
2211 60.0
2212 60.0
2213 60.0
2214 60.0
2215 60.0
2216 60.0
2217 60.0
2218 60.0
2219 60.0
2220 60.0
2221 60.0
2222 60.0
2223 60.0
2224 60.0
2225 60.0
2226 60.0
2227 60.0
2228 60.0
2229 60.0
2230 60.0
2231 60.0
2232 60.0
2233 60.0
2234 60.0
2235 60.0
2236 60.0
2237 60.0
2238 60.0
2239 60.0
2240 60.0
2241 60.0
2242 60.0
2243 60.0
2244 60.0
2245 60.0
2246 60.0
2247 60.0
2248 60.0
2249 60.0
2250 60.0
2251 60.0
2252 60.0
2253 60.0
2254 60.0
2255 60.0
2256 60.0
2257 60.0
2258 60.0
2259 60.0
2260 60.0
2261 60.0
2262 60.0
2263 60.0
2264 60.0
2265 60.0
2266 60.0
2267 60.0
2268 60.0
2269 60.0
2270 60.0
2271 60.0
2272 60.0
2273 60.0
2274 60.0
2275 60.0
2276 60.0
2277 60.0
2278 60.0
2279 60.0
2280 60.0
2281 60.0
2282 60.0
2283 60.0
2284 60.0
2285 60.0
2286 60.0
2287 60.0
2288 60.0
2289 60.0
2290 60.0
2291 60.0
2292 60.0
2293 60.0
2294 60.0
2295 60.0
2296 60.0
2297 60.0
2298 60.0
2299 60.0
2300 60.0
2301 60.0
2302 60.0
2303 60.0
2304 60.0
2305 60.0
2306 60.0
2307 60.0
2308 60.0
2309 60.0
2310 60.0
2311 60.0
2312 60.0
2313 60.0
2314 60.0
2315 60.0
2316 60.0
2317 60.0
2318 60.0
2319 60.0
2320 60.0
2321 60.0
2322 60.0
2323 60.0
2324 60.0
2325 60.0
2326 60.0
2327 60.0
2328 60.0
2329 60.0
2330 60.0
2331 60.0
2332 60.0
2333 60.0
2334 60.0
2335 60.0
2336 60.0
2337 60.0
2338 60.0
2339 60.0
2340 60.0
2341 60.0
2342 60.0
2343 60.0
2344 60.0
2345 60.0
2346 60.0
2347 60.0
2348 60.0
2349 60.0
2350 60.0
2351 60.0
2352 60.0
2353 60.0
2354 60.0
2355 60.0
2356 60.0
2357 60.0
2358 60.0
2359 60.0
2360 60.0
2361 60.0
2362 60.0
2363 60.0
2364 60.0
2365 60.0
2366 60.0
2367 60.0
2368 60.0
2369 60.0
2370 60.0
2371 60.0
2372 60.0
2373 60.0
2374 60.0
2375 60.0
2376 60.0
2377 60.0
2378 60.0
2379 60.0
2380 60.0
2381 60.0
2382 60.0
2383 60.0
2384 60.0
2385 60.0
2386 60.0
2387 60.0
2388 60.0
2389 60.0
2390 60.0
2391 60.0
2392 60.0
2393 60.0
2394 60.0
2395 60.0
2396 60.0
2397 60.0
2398 60.0
2399 60.0
2400 60.0
2401 60.0
2402 60.0
2403 60.0
2404 60.0
2405 60.0
2406 60.0
2407 60.0
2408 60.0
2409 60.0
2410 60.0
2411 60.0
2412 60.0
2413 60.0
2414 60.0
2415 60.0
2416 60.0
2417 60.0
2418 60.0
2419 60.0
2420 60.0
2421 60.0
2422 60.0
2423 60.0
2424 60.0
2425 60.0
2426 60.0
2427 60.0
2428 60.0
2429 60.0
2430 60.0
2431 60.0
2432 60.0
2433 60.0
2434 60.0
2435 60.0
2436 60.0
2437 60.0
2438 60.0
2439 60.0
2440 60.0
2441 60.0
2442 60.0
2443 60.0
2444 60.0
2445 60.0
2446 60.0
2447 60.0
2448 60.0
2449 60.0
2450 60.0
2451 60.0
2452 60.0
2453 60.0
2454 60.0
2455 60.0
2456 60.0
2457 60.0
2458 60.0
2459 60.0
2460 60.0
2461 60.0
2462 60.0
2463 60.0
2464 60.0
2465 60.0
2466 60.0
2467 60.0
2468 60.0
2469 60.0
2470 60.0
2471 60.0
2472 60.0
2473 60.0
2474 60.0
2475 60.0
2476 60.0
2477 60.0
2478 60.0
2479 60.0
2480 60.0
2481 60.0
2482 60.0
2483 60.0
2484 60.0
2485 60.0
2486 60.0
2487 60.0
2488 60.0
2489 60.0
2490 60.0
2491 60.0
2492 60.0
2493 60.0
2494 60.0
2495 60.0
2496 60.0
2497 60.0
2498 60.0
2499 60.0
2500 60.0
2501 60.0
2502 60.0
2503 60.0
2504 60.0
2505 60.0
2506 60.0
2507 60.0
2508 60.0
2509 60.0
2510 60.0
2511 60.0
2512 60.0
2513 60.0
2514 60.0
2515 60.0
2516 60.0
2517 60.0
2518 60.0
2519 60.0
2520 60.0
2521 60.0
2522 60.0
2523 60.0
2524 60.0
2525 60.0
2526 60.0
2527 60.0
2528 60.0
2529 60.0
2530 60.0
2531 60.0
2532 60.0
2533 60.0
2534 60.0
2535 60.0
2536 60.0
2537 60.0
2538 60.0
2539 60.0
2540 60.0
2541 60.0
2542 60.0
2543 60.0
2544 60.0
2545 60.0
2546 60.0
2547 60.0
2548 60.0
2549 60.0
2550 60.0
2551 60.0
2552 60.0
2553 60.0
2554 60.0
2555 60.0
2556 60.0
2557 60.0
2558 60.0
2559 60.0
2560 60.0
2561 60.0
2562 60.0
2563 60.0
2564 60.0
2565 60.0
2566 60.0
2567 60.0
2568 60.0
2569 60.0
2570 60.0
2571 60.0
2572 60.0
2573 60.0
2574 60.0
2575 60.0
2576 60.0
2577 60.0
2578 60.0
2579 60.0
2580 60.0
2581 60.0
2582 60.0
2583 60.0
2584 60.0
2585 60.0
2586 60.0
2587 60.0
2588 60.0
2589 60.0
2590 60.0
2591 60.0
2592 60.0
2593 60.0
2594 60.0
2595 60.0
2596 60.0
2597 60.0
2598 60.0
2599 60.0
2600 60.0
2601 60.0
2602 60.0
2603 60.0
2604 60.0
2605 60.0
2606 60.0
2607 60.0
2608 60.0
2609 60.0
2610 60.0
2611 60.0
2612 60.0
2613 60.0
2614 60.0
2615 60.0
2616 60.0
2617 60.0
2618 60.0
2619 60.0
2620 60.0
2621 60.0
2622 60.0
2623 60.0
2624 60.0
2625 60.0
2626 60.0
2627 60.0
2628 60.0
2629 60.0
2630 60.0
2631 60.0
2632 60.0
2633 60.0
2634 60.0
2635 60.0
2636 60.0
2637 60.0
2638 60.0
2639 60.0
2640 60.0
2641 60.0
2642 60.0
2643 60.0
2644 60.0
2645 60.0
2646 60.0
2647 60.0
2648 60.0
2649 60.0
2650 60.0
2651 60.0
2652 60.0
2653 60.0
2654 60.0
2655 60.0
2656 60.0
2657 60.0
2658 60.0
2659 60.0
2660 60.0
2661 60.0
2662 60.0
2663 60.0
2664 60.0
2665 60.0
2666 60.0
2667 60.0
2668 60.0
2669 60.0
2670 60.0
2671 60.0
2672 60.0
2673 60.0
2674 60.0
2675 60.0
2676 60.0
2677 60.0
2678 60.0
2679 60.0
2680 60.0
2681 60.0
2682 60.0
2683 60.0
2684 60.0
2685 60.0
2686 60.0
2687 60.0
2688 60.0
2689 60.0
2690 60.0
2691 60.0
2692 60.0
2693 60.0
2694 60.0
2695 60.0
2696 60.0
2697 60.0
2698 60.0
2699 60.0
2700 60.0
2701 60.0
2702 60.0
2703 60.0
2704 60.0
2705 60.0
2706 60.0
2707 60.0
2708 60.0
2709 60.0
2710 60.0
2711 60.0
2712 60.0
2713 60.0
2714 60.0
2715 60.0
2716 60.0
2717 60.0
2718 60.0
2719 60.0
2720 60.0
2721 60.0
2722 60.0
2723 60.0
2724 60.0
2725 60.0
2726 60.0
2727 60.0
2728 60.0
2729 60.0
2730 60.0
2731 60.0
2732 60.0
2733 60.0
2734 60.0
2735 60.0
2736 60.0
2737 60.0
2738 60.0
2739 60.0
2740 60.0
2741 60.0
2742 60.0
2743 60.0
2744 60.0
2745 60.0
2746 60.0
2747 60.0
2748 60.0
2749 60.0
2750 60.0
2751 60.0
2752 60.0
2753 60.0
2754 60.0
2755 60.0
2756 60.0
2757 60.0
2758 60.0
2759 60.0
2760 60.0
2761 60.0
2762 60.0
2763 60.0
2764 60.0
2765 60.0
2766 60.0
2767 60.0
2768 60.0
2769 60.0
2770 60.0
2771 60.0
2772 60.0
2773 60.0
2774 60.0
2775 60.0
2776 60.0
2777 60.0
2778 60.0
2779 60.0
2780 60.0
2781 60.0
2782 60.0
2783 60.0
2784 60.0
2785 60.0
2786 60.0
2787 60.0
2788 60.0
2789 60.0
2790 60.0
2791 60.0
2792 60.0
2793 60.0
2794 60.0
2795 60.0
2796 60.0
2797 60.0
2798 60.0
2799 60.0
2800 60.0
2801 60.0
2802 60.0
2803 60.0
2804 60.0
2805 60.0
2806 60.0
2807 60.0
2808 60.0
2809 60.0
2810 60.0
2811 60.0
2812 60.0
2813 60.0
2814 60.0
2815 60.0
2816 60.0
2817 60.0
2818 60.0
2819 60.0
2820 60.0
2821 60.0
2822 60.0
2823 60.0
2824 60.0
2825 60.0
2826 60.0
2827 60.0
2828 60.0
2829 60.0
2830 60.0
2831 60.0
2832 60.0
2833 60.0
2834 60.0
2835 60.0
2836 60.0
2837 60.0
2838 60.0
2839 60.0
2840 60.0
2841 60.0
2842 60.0
2843 60.0
2844 60.0
2845 60.0
2846 60.0
2847 60.0
2848 60.0
2849 60.0
2850 60.0
2851 60.0
2852 60.0
2853 60.0
2854 60.0
2855 60.0
2856 60.0
2857 60.0
2858 60.0
2859 60.0
2860 60.0
2861 60.0
2862 60.0
2863 60.0
2864 60.0
2865 60.0
2866 60.0
2867 60.0
2868 60.0
2869 60.0
2870 60.0
2871 60.0
2872 60.0
2873 60.0
2874 60.0
2875 60.0
2876 60.0
2877 60.0
2878 60.0
2879 60.0
2880 60.0
2881 60.0
2882 60.0
2883 60.0
2884 60.0
2885 60.0
2886 60.0
2887 60.0
2888 60.0
2889 60.0
2890 60.0
2891 60.0
2892 60.0
2893 60.0
2894 60.0
2895 60.0
2896 60.0
2897 60.0
2898 60.0
2899 60.0
2900 60.0
2901 60.0
2902 60.0
2903 60.0
2904 60.0
2905 60.0
2906 60.0
2907 60.0
2908 60.0
2909 60.0
2910 60.0
2911 60.0
2912 60.0
2913 60.0
2914 60.0
2915 60.0
2916 60.0
2917 60.0
2918 60.0
2919 60.0
2920 60.0
2921 60.0
2922 60.0
2923 60.0
2924 60.0
2925 60.0
2926 60.0
2927 60.0
2928 60.0
2929 60.0
2930 60.0
2931 60.0
2932 60.0
2933 60.0
2934 60.0
2935 60.0
2936 60.0
2937 60.0
2938 60.0
2939 60.0
2940 60.0
2941 60.0
2942 60.0
2943 60.0
2944 60.0
2945 60.0
2946 60.0
2947 60.0
2948 60.0
2949 60.0
2950 60.0
2951 60.0
2952 60.0
2953 60.0
2954 60.0
2955 60.0
2956 60.0
2957 60.0
2958 60.0
2959 60.0
2960 60.0
2961 60.0
2962 60.0
2963 60.0
2964 60.0
2965 60.0
2966 60.0
2967 60.0
2968 60.0
2969 60.0
2970 60.0
2971 60.0
2972 60.0
2973 60.0
2974 60.0
2975 60.0
2976 60.0
2977 60.0
2978 60.0
2979 60.0
2980 60.0
2981 60.0
2982 60.0
2983 60.0
2984 60.0
2985 60.0
2986 60.0
2987 60.0
2988 60.0
2989 60.0
2990 60.0
2991 60.0
2992 60.0
2993 60.0
2994 60.0
2995 60.0
2996 60.0
2997 60.0
2998 60.0
2999 60.0
3000 60.0
3001 60.0
3002 60.0
3003 60.0
3004 60.0
3005 60.0
3006 60.0
3007 60.0
3008 60.0
3009 60.0
3010 60.0
3011 60.0
3012 60.0
3013 60.0
3014 60.0
3015 60.0
3016 60.0
3017 60.0
3018 60.0
3019 60.0
3020 60.0
3021 60.0
3022 60.0
3023 60.0
3024 60.0
3025 60.0
3026 60.0
3027 60.0
3028 60.0
3029 60.0
3030 60.0
3031 60.0
3032 60.0
3033 60.0
3034 60.0
3035 60.0
3036 60.0
3037 60.0
3038 60.0
3039 60.0
3040 60.0
3041 60.0
3042 60.0
3043 60.0
3044 60.0
3045 60.0
3046 60.0
3047 60.0
3048 60.0
3049 60.0
3050 60.0
3051 60.0
3052 60.0
3053 60.0
3054 60.0
3055 60.0
3056 60.0
3057 60.0
3058 60.0
3059 60.0
3060 60.0
3061 60.0
3062 60.0
3063 60.0
3064 60.0
3065 60.0
3066 60.0
3067 60.0
3068 60.0
3069 60.0
3070 60.0
3071 60.0
3072 60.0
3073 60.0
3074 60.0
3075 60.0
3076 60.0
3077 60.0
3078 60.0
3079 60.0
3080 60.0
3081 60.0
3082 60.0
3083 60.0
3084 60.0
3085 60.0
3086 60.0
3087 60.0
3088 60.0
3089 60.0
3090 60.0
3091 60.0
3092 60.0
3093 60.0
3094 60.0
3095 60.0
3096 60.0
3097 60.0
3098 60.0
3099 60.0
3100 60.0
3101 60.0
3102 60.0
3103 60.0
3104 60.0
3105 60.0
3106 60.0
3107 60.0
3108 60.0
3109 60.0
3110 60.0
3111 60.0
3112 60.0
3113 60.0
3114 60.0
3115 60.0
3116 60.0
3117 60.0
3118 60.0
3119 60.0
3120 60.0
3121 60.0
3122 60.0
3123 60.0
3124 60.0
3125 60.0
3126 60.0
3127 60.0
3128 60.0
3129 60.0
3130 60.0
3131 60.0
3132 60.0
3133 60.0
3134 60.0
3135 60.0
3136 60.0
3137 60.0
3138 60.0
3139 60.0
3140 60.0
3141 60.0
3142 60.0
3143 60.0
3144 60.0
3145 60.0
3146 60.0
3147 60.0
3148 60.0
3149 60.0
3150 60.0
3151 60.0
3152 60.0
3153 60.0
3154 60.0
3155 60.0
3156 60.0
3157 60.0
3158 60.0
3159 60.0
3160 60.0
3161 60.0
3162 60.0
3163 60.0
3164 60.0
3165 60.0
3166 60.0
3167 60.0
3168 60.0
3169 60.0
3170 60.0
3171 60.0
3172 60.0
3173 60.0
3174 60.0
3175 60.0
3176 60.0
3177 60.0
3178 60.0
3179 60.0
3180 60.0
3181 60.0
3182 60.0
3183 60.0
3184 60.0
3185 60.0
3186 60.0
3187 60.0
3188 60.0
3189 60.0
3190 60.0
3191 60.0
3192 60.0
3193 60.0
3194 60.0
3195 60.0
3196 60.0
3197 60.0
3198 60.0
3199 60.0
3200 60.0
3201 60.0
3202 60.0
3203 60.0
3204 60.0
3205 60.0
3206 60.0
3207 60.0
3208 60.0
3209 60.0
3210 60.0
3211 60.0
3212 60.0
3213 60.0
3214 60.0
3215 60.0
3216 60.0
3217 60.0
3218 60.0
3219 60.0
3220 60.0
3221 60.0
3222 60.0
3223 60.0
3224 60.0
3225 60.0
3226 60.0
3227 60.0
3228 60.0
3229 60.0
3230 60.0
3231 60.0
3232 60.0
3233 60.0
3234 60.0
3235 60.0
3236 60.0
3237 60.0
3238 60.0
3239 60.0
3240 60.0
3241 60.0
3242 60.0
3243 60.0
3244 60.0
3245 60.0
3246 60.0
3247 60.0
3248 60.0
3249 60.0
3250 60.0
3251 60.0
3252 60.0
3253 60.0
3254 60.0
3255 60.0
3256 60.0
3257 60.0
3258 60.0
3259 60.0
3260 60.0
3261 60.0
3262 60.0
3263 60.0
3264 60.0
3265 60.0
3266 60.0
3267 60.0
3268 60.0
3269 60.0
3270 60.0
3271 60.0
3272 60.0
3273 60.0
3274 60.0
3275 60.0
3276 60.0
3277 60.0
3278 60.0
3279 60.0
3280 60.0
3281 60.0
3282 60.0
3283 60.0
3284 60.0
3285 60.0
3286 60.0
3287 60.0
3288 60.0
3289 60.0
3290 60.0
3291 60.0
3292 60.0
3293 60.0
3294 60.0
3295 60.0
3296 60.0
3297 60.0
3298 60.0
3299 60.0
3300 60.0
3301 60.0
3302 60.0
3303 60.0
3304 60.0
3305 60.0
3306 60.0
3307 60.0
3308 60.0
3309 60.0
3310 60.0
3311 60.0
3312 60.0
3313 60.0
3314 60.0
3315 60.0
3316 60.0
3317 60.0
3318 60.0
3319 60.0
3320 60.0
3321 60.0
3322 60.0
3323 60.0
3324 60.0
3325 60.0
3326 60.0
3327 60.0
3328 60.0
3329 60.0
3330 60.0
3331 60.0
3332 60.0
3333 60.0
3334 60.0
3335 60.0
3336 60.0
3337 60.0
3338 60.0
3339 60.0
3340 60.0
3341 60.0
3342 60.0
3343 60.0
3344 60.0
3345 60.0
3346 60.0
3347 60.0
3348 60.0
3349 60.0
3350 60.0
3351 60.0
3352 60.0
3353 60.0
3354 60.0
3355 60.0
3356 60.0
3357 60.0
3358 60.0
3359 60.0
3360 60.0
3361 60.0
3362 60.0
3363 60.0
3364 60.0
3365 60.0
3366 60.0
3367 60.0
3368 60.0
3369 60.0
3370 60.0
3371 60.0
3372 60.0
3373 60.0
3374 60.0
3375 60.0
3376 60.0
3377 60.0
3378 60.0
3379 60.0
3380 60.0
3381 60.0
3382 60.0
3383 60.0
3384 60.0
3385 60.0
3386 60.0
3387 60.0
3388 60.0
3389 60.0
3390 60.0
3391 60.0
3392 60.0
3393 60.0
3394 60.0
3395 60.0
3396 60.0
3397 60.0
3398 60.0
3399 60.0
3400 60.0
3401 60.0
3402 60.0
3403 60.0
3404 60.0
3405 60.0
3406 60.0
3407 60.0
3408 60.0
3409 60.0
3410 60.0
3411 60.0
3412 60.0
3413 60.0
3414 60.0
3415 60.0
3416 60.0
3417 60.0
3418 60.0
3419 60.0
3420 60.0
3421 60.0
3422 60.0
3423 60.0
3424 60.0
3425 60.0
3426 60.0
3427 60.0
3428 60.0
3429 60.0
3430 60.0
3431 60.0
3432 60.0
3433 60.0
3434 60.0
3435 60.0
3436 60.0
3437 60.0
3438 60.0
3439 60.0
3440 60.0
3441 60.0
3442 60.0
3443 60.0
3444 60.0
3445 60.0
3446 60.0
3447 60.0
3448 60.0
3449 60.0
3450 60.0
3451 60.0
3452 60.0
3453 60.0
3454 60.0
3455 60.0
3456 60.0
3457 60.0
3458 60.0
3459 60.0
3460 60.0
3461 60.0
3462 60.0
3463 60.0
3464 60.0
3465 60.0
3466 60.0
3467 60.0
3468 60.0
3469 60.0
3470 60.0
3471 60.0
3472 60.0
3473 60.0
3474 60.0
3475 60.0
3476 60.0
3477 60.0
3478 60.0
3479 60.0
3480 60.0
3481 60.0
3482 60.0
3483 60.0
3484 60.0
3485 60.0
3486 60.0
3487 60.0
3488 60.0
3489 60.0
3490 60.0
3491 60.0
3492 60.0
3493 60.0
3494 60.0
3495 60.0
3496 60.0
3497 60.0
3498 60.0
3499 60.0
3500 60.0
3501 60.0
3502 60.0
3503 60.0
3504 60.0
3505 60.0
3506 60.0
3507 60.0
3508 60.0
3509 60.0
3510 60.0
3511 60.0
3512 60.0
3513 60.0
3514 60.0
3515 60.0
3516 60.0
3517 60.0
3518 60.0
3519 60.0
3520 60.0
3521 60.0
3522 60.0
3523 60.0
3524 60.0
3525 60.0
3526 60.0
3527 60.0
3528 60.0
3529 60.0
3530 60.0
3531 60.0
3532 60.0
3533 60.0
3534 60.0
3535 60.0
3536 60.0
3537 60.0
3538 60.0
3539 60.0
3540 60.0
3541 60.0
3542 60.0
3543 60.0
3544 60.0
3545 60.0
3546 60.0
3547 60.0
3548 60.0
3549 60.0
3550 60.0
3551 60.0
3552 60.0
3553 60.0
3554 60.0
3555 60.0
3556 60.0
3557 60.0
3558 60.0
3559 60.0
3560 60.0
3561 60.0
3562 60.0
3563 60.0
3564 60.0
3565 60.0
3566 60.0
3567 60.0
3568 60.0
3569 60.0
3570 60.0
3571 60.0
3572 60.0
3573 60.0
3574 60.0
3575 60.0
3576 60.0
3577 60.0
3578 60.0
3579 60.0
3580 60.0
3581 60.0
3582 60.0
3583 60.0
3584 60.0
3585 60.0
3586 60.0
3587 60.0
3588 60.0
3589 60.0
3590 60.0
3591 60.0
3592 60.0
3593 60.0
3594 60.0
3595 60.0
3596 60.0
3597 60.0
3598 60.0
3599 60.0
3600 60.0
3601 60.0
3602 60.0
3603 60.0
3604 60.0
3605 60.0
3606 60.0
3607 60.0
3608 60.0
3609 60.0
3610 60.0
3611 60.0
3612 60.0
3613 60.0
3614 60.0
3615 60.0
3616 60.0
3617 60.0
3618 60.0
3619 60.0
3620 60.0
3621 60.0
3622 60.0
3623 60.0
3624 60.0
3625 60.0
3626 60.0
3627 60.0
3628 60.0
3629 60.0
3630 60.0
3631 60.0
3632 60.0
3633 60.0
3634 60.0
3635 60.0
3636 60.0
3637 60.0
3638 60.0
3639 60.0
3640 60.0
3641 60.0
3642 60.0
3643 60.0
3644 60.0
3645 60.0
3646 60.0
3647 60.0
3648 60.0
3649 60.0
3650 60.0
3651 60.0
3652 60.0
3653 60.0
3654 60.0
3655 60.0
3656 60.0
3657 60.0
3658 60.0
3659 60.0
3660 60.0
3661 60.0
3662 60.0
3663 60.0
3664 60.0
3665 60.0
3666 60.0
3667 60.0
3668 60.0
3669 60.0
3670 60.0
3671 60.0
3672 60.0
3673 60.0
3674 60.0
3675 60.0
3676 60.0
3677 60.0
3678 60.0
3679 60.0
3680 60.0
3681 60.0
3682 60.0
3683 60.0
3684 60.0
3685 60.0
3686 60.0
3687 60.0
3688 60.0
3689 60.0
3690 60.0
3691 60.0
3692 60.0
3693 60.0
3694 60.0
3695 60.0
3696 60.0
3697 60.0
3698 60.0
3699 60.0
3700 60.0
3701 60.0
3702 60.0
3703 60.0
3704 60.0
3705 60.0
3706 60.0
3707 60.0
3708 60.0
3709 60.0
3710 60.0
3711 60.0
3712 60.0
3713 60.0
3714 60.0
3715 60.0
3716 60.0
3717 60.0
3718 60.0
3719 60.0
3720 60.0
3721 60.0
3722 60.0
3723 60.0
3724 60.0
3725 60.0
3726 60.0
3727 60.0
3728 60.0
3729 60.0
3730 60.0
3731 60.0
3732 60.0
3733 60.0
3734 60.0
3735 60.0
3736 60.0
3737 60.0
3738 60.0
3739 60.0
3740 60.0
3741 60.0
3742 60.0
3743 60.0
3744 60.0
3745 60.0
3746 60.0
3747 60.0
3748 60.0
3749 60.0
3750 60.0
3751 60.0
3752 60.0
3753 60.0
3754 60.0
3755 60.0
3756 60.0
3757 60.0
3758 60.0
3759 60.0
3760 60.0
3761 60.0
3762 60.0
3763 60.0
3764 60.0
3765 60.0
3766 60.0
3767 60.0
3768 60.0
3769 60.0
3770 60.0
3771 60.0
3772 60.0
3773 60.0
3774 60.0
3775 60.0
3776 60.0
3777 60.0
3778 60.0
3779 60.0
3780 60.0
3781 60.0
3782 60.0
3783 60.0
3784 60.0
3785 60.0
3786 60.0
3787 60.0
3788 60.0
3789 60.0
3790 60.0
3791 60.0
3792 60.0
3793 60.0
3794 60.0
3795 60.0
3796 60.0
3797 60.0
3798 60.0
3799 60.0
3800 60.0
3801 60.0
3802 60.0
3803 60.0
3804 60.0
3805 60.0
3806 60.0
3807 60.0
3808 60.0
3809 60.0
3810 60.0
3811 60.0
3812 60.0
3813 60.0
3814 60.0
3815 60.0
3816 60.0
3817 60.0
3818 60.0
3819 60.0
3820 60.0
3821 60.0
3822 60.0
3823 60.0
3824 60.0
3825 60.0
3826 60.0
3827 60.0
3828 60.0
3829 60.0
3830 60.0
3831 60.0
3832 60.0
3833 60.0
3834 60.0
3835 60.0
3836 60.0
3837 60.0
3838 60.0
3839 60.0
3840 60.0
3841 60.0
3842 60.0
3843 60.0
3844 60.0
3845 60.0
3846 60.0
3847 60.0
3848 60.0
3849 60.0
3850 60.0
3851 60.0
3852 60.0
3853 60.0
3854 60.0
3855 60.0
3856 60.0
3857 60.0
3858 60.0
3859 60.0
3860 60.0
3861 60.0
3862 60.0
3863 60.0
3864 60.0
3865 60.0
3866 60.0
3867 60.0
3868 60.0
3869 60.0
3870 60.0
3871 60.0
3872 60.0
3873 60.0
3874 60.0
3875 60.0
3876 60.0
3877 60.0
3878 60.0
3879 60.0
3880 60.0
3881 60.0
3882 60.0
3883 60.0
3884 60.0
3885 60.0
3886 60.0
3887 60.0
3888 60.0
3889 60.0
3890 60.0
3891 60.0
3892 60.0
3893 60.0
3894 60.0
3895 60.0
3896 60.0
3897 60.0
3898 60.0
3899 60.0
3900 60.0
3901 60.0
3902 60.0
3903 60.0
3904 60.0
3905 60.0
3906 60.0
3907 60.0
3908 60.0
3909 60.0
3910 60.0
3911 60.0
3912 60.0
3913 60.0
3914 60.0
3915 60.0
3916 60.0
3917 60.0
3918 60.0
3919 60.0
3920 60.0
3921 60.0
3922 60.0
3923 60.0
3924 60.0
3925 60.0
3926 60.0
3927 60.0
3928 60.0
3929 60.0
3930 60.0
3931 60.0
3932 60.0
3933 60.0
3934 60.0
3935 60.0
3936 60.0
3937 60.0
3938 60.0
3939 60.0
3940 60.0
3941 60.0
3942 60.0
3943 60.0
3944 60.0
3945 60.0
3946 60.0
3947 60.0
3948 60.0
3949 60.0
3950 60.0
3951 60.0
3952 60.0
3953 60.0
3954 60.0
3955 60.0
3956 60.0
3957 60.0
3958 60.0
3959 60.0
3960 60.0
3961 60.0
3962 60.0
3963 60.0
3964 60.0
3965 60.0
3966 60.0
3967 60.0
3968 60.0
3969 60.0
3970 60.0
3971 60.0
3972 60.0
3973 60.0
3974 60.0
3975 60.0
3976 60.0
3977 60.0
3978 60.0
3979 60.0
3980 60.0
3981 60.0
3982 60.0
3983 60.0
3984 60.0
3985 60.0
3986 60.0
3987 60.0
3988 60.0
3989 60.0
3990 60.0
3991 60.0
3992 60.0
3993 60.0
3994 60.0
3995 60.0
3996 60.0
3997 60.0
3998 60.0
3999 60.0
4000 60.0
4001 60.0
4002 60.0
4003 60.0
4004 60.0
4005 60.0
4006 60.0
4007 60.0
4008 60.0
4009 60.0
4010 60.0
4011 60.0
4012 60.0
4013 60.0
4014 60.0
4015 60.0
4016 60.0
4017 60.0
4018 60.0
4019 60.0
4020 60.0
4021 60.0
4022 60.0
4023 60.0
4024 60.0
4025 60.0
4026 60.0
4027 60.0
4028 60.0
4029 60.0
4030 60.0
4031 60.0
4032 60.0
4033 60.0
4034 60.0
4035 60.0
4036 60.0
4037 60.0
4038 60.0
4039 60.0
4040 60.0
4041 60.0
4042 60.0
4043 60.0
4044 60.0
4045 60.0
4046 60.0
4047 60.0
4048 60.0
4049 60.0
4050 60.0
4051 60.0
4052 60.0
4053 60.0
4054 60.0
4055 60.0
4056 60.0
4057 60.0
4058 60.0
4059 60.0
4060 60.0
4061 60.0
4062 60.0
4063 60.0
4064 60.0
4065 60.0
4066 60.0
4067 60.0
4068 60.0
4069 60.0
4070 60.0
4071 60.0
4072 60.0
4073 60.0
4074 60.0
4075 60.0
4076 60.0
4077 60.0
4078 60.0
4079 60.0
4080 60.0
4081 60.0
4082 60.0
4083 60.0
4084 60.0
4085 60.0
4086 60.0
4087 60.0
4088 60.0
4089 60.0
4090 60.0
4091 60.0
4092 60.0
4093 60.0
4094 60.0
4095 60.0
4096 60.0
4097 60.0
4098 60.0
4099 60.0
4100 60.0
4101 60.0
4102 60.0
4103 60.0
4104 60.0
4105 60.0
4106 60.0
4107 60.0
4108 60.0
4109 60.0
4110 60.0
4111 60.0
4112 60.0
4113 60.0
4114 60.0
4115 60.0
4116 60.0
4117 60.0
4118 60.0
4119 60.0
4120 60.0
4121 60.0
4122 60.0
4123 60.0
4124 60.0
4125 60.0
4126 60.0
4127 60.0
4128 60.0
4129 60.0
4130 60.0
4131 60.0
4132 60.0
4133 60.0
4134 60.0
4135 60.0
4136 60.0
4137 60.0
4138 60.0
4139 60.0
4140 60.0
4141 60.0
4142 60.0
4143 60.0
4144 60.0
4145 60.0
4146 60.0
4147 60.0
4148 60.0
4149 60.0
4150 60.0
4151 60.0
4152 60.0
4153 60.0
4154 60.0
4155 60.0
4156 60.0
4157 60.0
4158 60.0
4159 60.0
4160 60.0
4161 60.0
4162 60.0
4163 60.0
4164 60.0
4165 60.0
4166 60.0
4167 60.0
4168 60.0
4169 60.0
4170 60.0
4171 60.0
4172 60.0
4173 60.0
4174 60.0
4175 60.0
4176 60.0
4177 60.0
4178 60.0
4179 60.0
4180 60.0
4181 60.0
4182 60.0
4183 60.0
4184 60.0
4185 60.0
4186 60.0
4187 60.0
4188 60.0
4189 60.0
4190 60.0
4191 60.0
4192 60.0
4193 60.0
4194 60.0
4195 60.0
4196 60.0
4197 60.0
4198 60.0
4199 60.0
4200 60.0
4201 60.0
4202 60.0
4203 60.0
4204 60.0
4205 60.0
4206 60.0
4207 60.0
4208 60.0
4209 60.0
4210 60.0
4211 60.0
4212 60.0
4213 60.0
4214 60.0
4215 60.0
4216 60.0
4217 60.0
4218 60.0
4219 60.0
4220 60.0
4221 60.0
4222 60.0
4223 60.0
4224 60.0
4225 60.0
4226 60.0
4227 60.0
4228 60.0
4229 60.0
4230 60.0
4231 60.0
4232 60.0
4233 60.0
4234 60.0
4235 60.0
4236 60.0
4237 60.0
4238 60.0
4239 60.0
4240 60.0
4241 60.0
4242 60.0
4243 60.0
4244 60.0
4245 60.0
4246 60.0
4247 60.0
4248 60.0
4249 60.0
4250 60.0
4251 60.0
4252 60.0
4253 60.0
4254 60.0
4255 60.0
4256 60.0
4257 60.0
4258 60.0
4259 60.0
4260 60.0
4261 60.0
4262 60.0
4263 60.0
4264 60.0
4265 60.0
4266 60.0
4267 60.0
4268 60.0
4269 60.0
4270 60.0
4271 60.0
4272 60.0
4273 60.0
4274 60.0
4275 60.0
4276 60.0
4277 60.0
4278 60.0
4279 60.0
4280 60.0
4281 60.0
4282 60.0
4283 60.0
4284 60.0
4285 60.0
4286 60.0
4287 60.0
4288 60.0
4289 60.0
4290 60.0
4291 60.0
4292 60.0
4293 60.0
4294 60.0
4295 60.0
4296 60.0
4297 60.0
4298 60.0
4299 60.0
4300 60.0
4301 60.0
4302 60.0
4303 60.0
4304 60.0
4305 60.0
4306 60.0
4307 60.0
4308 60.0
4309 60.0
4310 60.0
4311 60.0
4312 60.0
4313 60.0
4314 60.0
4315 60.0
4316 60.0
4317 60.0
4318 60.0
4319 60.0
4320 60.0
4321 60.0
4322 60.0
4323 60.0
4324 60.0
4325 60.0
4326 60.0
4327 60.0
4328 60.0
4329 60.0
4330 60.0
4331 60.0
4332 60.0
4333 60.0
4334 60.0
4335 60.0
4336 60.0
4337 60.0
4338 60.0
4339 60.0
4340 60.0
4341 60.0
4342 60.0
4343 60.0
4344 60.0
4345 60.0
4346 60.0
4347 60.0
4348 60.0
4349 60.0
4350 60.0
4351 60.0
4352 60.0
4353 60.0
4354 60.0
4355 60.0
4356 60.0
4357 60.0
4358 60.0
4359 60.0
4360 60.0
4361 60.0
4362 60.0
4363 60.0
4364 60.0
4365 60.0
4366 60.0
4367 60.0
4368 60.0
4369 60.0
4370 60.0
4371 60.0
4372 60.0
4373 60.0
4374 60.0
4375 60.0
4376 60.0
4377 60.0
4378 60.0
4379 60.0
4380 60.0
4381 60.0
4382 60.0
4383 60.0
4384 60.0
4385 60.0
4386 60.0
4387 60.0
4388 60.0
4389 60.0
4390 60.0
4391 60.0
4392 60.0
4393 60.0
4394 60.0
4395 60.0
4396 60.0
4397 60.0
4398 60.0
4399 60.0
4400 60.0
4401 60.0
4402 60.0
4403 60.0
4404 60.0
4405 60.0
4406 60.0
4407 60.0
4408 60.0
4409 60.0
4410 60.0
4411 60.0
4412 60.0
4413 60.0
4414 60.0
4415 60.0
4416 60.0
4417 60.0
4418 60.0
4419 60.0
4420 60.0
4421 60.0
4422 60.0
4423 60.0
4424 60.0
4425 60.0
4426 60.0
4427 60.0
4428 60.0
4429 60.0
4430 60.0
4431 60.0
4432 60.0
4433 60.0
4434 60.0
4435 60.0
4436 60.0
4437 60.0
4438 60.0
4439 60.0
4440 60.0
4441 60.0
4442 60.0
4443 60.0
4444 60.0
4445 60.0
4446 60.0
4447 60.0
4448 60.0
4449 60.0
4450 60.0
4451 60.0
4452 60.0
4453 60.0
4454 60.0
4455 60.0
4456 60.0
4457 60.0
4458 60.0
4459 60.0
4460 60.0
4461 60.0
4462 60.0
4463 60.0
4464 60.0
4465 60.0
4466 60.0
4467 60.0
4468 60.0
4469 60.0
4470 60.0
4471 60.0
4472 60.0
4473 60.0
4474 60.0
4475 60.0
4476 60.0
4477 60.0
4478 60.0
4479 60.0
4480 60.0
4481 60.0
4482 60.0
4483 60.0
4484 60.0
4485 60.0
4486 60.0
4487 60.0
4488 60.0
4489 60.0
4490 60.0
4491 60.0
4492 60.0
4493 60.0
4494 60.0
4495 60.0
4496 60.0
4497 60.0
4498 60.0
4499 60.0
4500 60.0
4501 60.0
4502 60.0
4503 60.0
4504 60.0
4505 60.0
4506 60.0
4507 60.0
4508 60.0
4509 60.0
4510 60.0
4511 60.0
4512 60.0
4513 60.0
4514 60.0
4515 60.0
4516 60.0
4517 60.0
4518 60.0
4519 60.0
4520 60.0
4521 60.0
4522 60.0
4523 60.0
4524 60.0
4525 60.0
4526 60.0
4527 60.0
4528 60.0
4529 60.0
4530 60.0
4531 60.0
4532 60.0
4533 60.0
4534 60.0
4535 60.0
4536 60.0
4537 60.0
4538 60.0
4539 60.0
4540 60.0
4541 60.0
4542 60.0
4543 60.0
4544 60.0
4545 60.0
4546 60.0
4547 60.0
4548 60.0
4549 60.0
4550 60.0
4551 60.0
4552 60.0
4553 60.0
4554 60.0
4555 60.0
4556 60.0
4557 60.0
4558 60.0
4559 60.0
4560 60.0
4561 60.0
4562 60.0
4563 60.0
4564 60.0
4565 60.0
4566 60.0
4567 60.0
4568 60.0
4569 60.0
4570 60.0
4571 60.0
4572 60.0
4573 60.0
4574 60.0
4575 60.0
4576 60.0
4577 60.0
4578 60.0
4579 60.0
4580 60.0
4581 60.0
4582 60.0
4583 60.0
4584 60.0
4585 60.0
4586 60.0
4587 60.0
4588 60.0
4589 60.0
4590 60.0
4591 60.0
4592 60.0
4593 60.0
4594 60.0
4595 60.0
4596 60.0
4597 60.0
4598 60.0
4599 60.0
4600 60.0
4601 60.0
4602 60.0
4603 60.0
4604 60.0
4605 60.0
4606 60.0
4607 60.0
4608 60.0
4609 60.0
4610 60.0
4611 60.0
4612 60.0
4613 60.0
4614 60.0
4615 60.0
4616 60.0
4617 60.0
4618 60.0
4619 60.0
4620 60.0
4621 60.0
4622 60.0
4623 60.0
4624 60.0
4625 60.0
4626 60.0
4627 60.0
4628 60.0
4629 60.0
4630 60.0
4631 60.0
4632 60.0
4633 60.0
4634 60.0
4635 60.0
4636 60.0
4637 60.0
4638 60.0
4639 60.0
4640 60.0
4641 60.0
4642 60.0
4643 60.0
4644 60.0
4645 60.0
4646 60.0
4647 60.0
4648 60.0
4649 60.0
4650 60.0
4651 60.0
4652 60.0
4653 60.0
4654 60.0
4655 60.0
4656 60.0
4657 60.0
4658 60.0
4659 60.0
4660 60.0
4661 60.0
4662 60.0
4663 60.0
4664 60.0
4665 60.0
4666 60.0
4667 60.0
4668 60.0
4669 60.0
4670 60.0
4671 60.0
4672 60.0
4673 60.0
4674 60.0
4675 60.0
4676 60.0
4677 60.0
4678 60.0
4679 60.0
4680 60.0
4681 60.0
4682 60.0
4683 60.0
4684 60.0
4685 60.0
4686 60.0
4687 60.0
4688 60.0
4689 60.0
4690 60.0
4691 60.0
4692 60.0
4693 60.0
4694 60.0
4695 60.0
4696 60.0
4697 60.0
4698 60.0
4699 60.0
4700 60.0
4701 60.0
4702 60.0
4703 60.0
4704 60.0
4705 60.0
4706 60.0
4707 60.0
4708 60.0
4709 60.0
4710 60.0
4711 60.0
4712 60.0
4713 60.0
4714 60.0
4715 60.0
4716 60.0
4717 60.0
4718 60.0
4719 60.0
4720 60.0
4721 60.0
4722 60.0
4723 60.0
4724 60.0
4725 60.0
4726 60.0
4727 60.0
4728 60.0
4729 60.0
4730 60.0
4731 60.0
4732 60.0
4733 60.0
4734 60.0
4735 60.0
4736 60.0
4737 60.0
4738 60.0
4739 60.0
4740 60.0
4741 60.0
4742 60.0
4743 60.0
4744 60.0
4745 60.0
4746 60.0
4747 60.0
4748 60.0
4749 60.0
4750 60.0
4751 60.0
4752 60.0
4753 60.0
4754 60.0
4755 60.0
4756 60.0
4757 60.0
4758 60.0
4759 60.0
4760 60.0
4761 60.0
4762 60.0
4763 60.0
4764 60.0
4765 60.0
4766 60.0
4767 60.0
4768 60.0
4769 60.0
4770 60.0
4771 60.0
4772 60.0
4773 60.0
4774 60.0
4775 60.0
4776 60.0
4777 60.0
4778 60.0
4779 60.0
4780 60.0
4781 60.0
4782 60.0
4783 60.0
4784 60.0
4785 60.0
4786 60.0
4787 60.0
4788 60.0
4789 60.0
4790 60.0
4791 60.0
4792 60.0
4793 60.0
4794 60.0
4795 60.0
4796 60.0
4797 60.0
4798 60.0
4799 60.0
4800 60.0
4801 60.0
4802 60.0
4803 60.0
4804 60.0
4805 60.0
4806 60.0
4807 60.0
4808 60.0
4809 60.0
4810 60.0
4811 60.0
4812 60.0
4813 60.0
4814 60.0
4815 60.0
4816 60.0
4817 60.0
4818 60.0
4819 60.0
4820 60.0
4821 60.0
4822 60.0
4823 60.0
4824 60.0
4825 60.0
4826 60.0
4827 60.0
4828 60.0
4829 60.0
4830 60.0
4831 60.0
4832 60.0
4833 60.0
4834 60.0
4835 60.0
4836 60.0
4837 60.0
4838 60.0
4839 60.0
4840 60.0
4841 60.0
4842 60.0
4843 60.0
4844 60.0
4845 60.0
4846 60.0
4847 60.0
4848 60.0
4849 60.0
4850 60.0
4851 60.0
4852 60.0
4853 60.0
4854 60.0
4855 60.0
4856 60.0
4857 60.0
4858 60.0
4859 60.0
4860 60.0
4861 60.0
4862 60.0
4863 60.0
4864 60.0
4865 60.0
4866 60.0
4867 60.0
4868 60.0
4869 60.0
4870 60.0
4871 60.0
4872 60.0
4873 60.0
4874 60.0
4875 60.0
4876 60.0
4877 60.0
4878 60.0
4879 60.0
4880 60.0
4881 60.0
4882 60.0
4883 60.0
4884 60.0
4885 60.0
4886 60.0
4887 60.0
4888 60.0
4889 60.0
4890 60.0
4891 60.0
4892 60.0
4893 60.0
4894 60.0
4895 60.0
4896 60.0
4897 60.0
4898 60.0
4899 60.0
4900 60.0
4901 60.0
4902 60.0
4903 60.0
4904 60.0
4905 60.0
4906 60.0
4907 60.0
4908 60.0
4909 60.0
4910 60.0
4911 60.0
4912 60.0
4913 60.0
4914 60.0
4915 60.0
4916 60.0
4917 60.0
4918 60.0
4919 60.0
4920 60.0
4921 60.0
4922 60.0
4923 60.0
4924 60.0
4925 60.0
4926 60.0
4927 60.0
4928 60.0
4929 60.0
4930 60.0
4931 60.0
4932 60.0
4933 60.0
4934 60.0
4935 60.0
4936 60.0
4937 60.0
4938 60.0
4939 60.0
4940 60.0
4941 60.0
4942 60.0
4943 60.0
4944 60.0
4945 60.0
4946 60.0
4947 60.0
4948 60.0
4949 60.0
4950 60.0
4951 60.0
4952 60.0
4953 60.0
4954 60.0
4955 60.0
4956 60.0
4957 60.0
4958 60.0
4959 60.0
4960 60.0
4961 60.0
4962 60.0
4963 60.0
4964 60.0
4965 60.0
4966 60.0
4967 60.0
4968 60.0
4969 60.0
4970 60.0
4971 60.0
4972 60.0
4973 60.0
4974 60.0
4975 60.0
4976 60.0
4977 60.0
4978 60.0
4979 60.0
4980 60.0
4981 60.0
4982 60.0
4983 60.0
4984 60.0
4985 60.0
4986 60.0
4987 60.0
4988 60.0
4989 60.0
4990 60.0
4991 60.0
4992 60.0
4993 60.0
4994 60.0
4995 60.0
4996 60.0
4997 60.0
4998 60.0
4999 60.0
5000 60.0
5001 60.0
5002 60.0
5003 60.0
5004 60.0
5005 60.0
5006 60.0
5007 60.0
5008 60.0
5009 60.0
5010 60.0
5011 60.0
5012 60.0
5013 60.0
5014 60.0
5015 60.0
5016 60.0
5017 60.0
5018 60.0
5019 60.0
5020 60.0
5021 60.0
5022 60.0
5023 60.0
5024 60.0
5025 60.0
5026 60.0
5027 60.0
5028 60.0
5029 60.0
5030 60.0
5031 60.0
5032 60.0
5033 60.0
5034 60.0
5035 60.0
5036 60.0
5037 60.0
5038 60.0
5039 60.0
5040 60.0
5041 60.0
5042 60.0
5043 60.0
5044 60.0
5045 60.0
5046 60.0
5047 60.0
5048 60.0
5049 60.0
5050 60.0
5051 60.0
5052 60.0
5053 60.0
5054 60.0
5055 60.0
5056 60.0
5057 60.0
5058 60.0
5059 60.0
5060 60.0
5061 60.0
5062 60.0
5063 60.0
5064 60.0
5065 60.0
5066 60.0
5067 60.0
5068 60.0
5069 60.0
5070 60.0
5071 60.0
5072 60.0
5073 60.0
5074 60.0
5075 60.0
5076 60.0
5077 60.0
5078 60.0
5079 60.0
5080 60.0
5081 60.0
5082 60.0
5083 60.0
5084 60.0
5085 60.0
5086 60.0
5087 60.0
5088 60.0
5089 60.0
5090 60.0
5091 60.0
5092 60.0
5093 60.0
5094 60.0
5095 60.0
5096 60.0
5097 60.0
5098 60.0
5099 60.0
5100 60.0
5101 60.0
5102 60.0
5103 60.0
5104 60.0
5105 60.0
5106 60.0
5107 60.0
5108 60.0
5109 60.0
5110 60.0
5111 60.0
5112 60.0
5113 60.0
5114 60.0
5115 60.0
5116 60.0
5117 60.0
5118 60.0
5119 60.0
5120 60.0
5121 60.0
5122 60.0
5123 60.0
5124 60.0
5125 60.0
5126 60.0
5127 60.0
5128 60.0
5129 60.0
5130 60.0
5131 60.0
5132 60.0
5133 60.0
5134 60.0
5135 60.0
5136 60.0
5137 60.0
5138 60.0
5139 60.0
5140 60.0
5141 60.0
5142 60.0
5143 60.0
5144 60.0
5145 60.0
5146 60.0
5147 60.0
5148 60.0
5149 60.0
5150 60.0
5151 60.0
5152 60.0
5153 60.0
5154 60.0
5155 60.0
5156 60.0
5157 60.0
5158 60.0
5159 60.0
5160 60.0
5161 60.0
5162 60.0
5163 60.0
5164 60.0
5165 60.0
5166 60.0
5167 60.0
5168 60.0
5169 60.0
5170 60.0
5171 60.0
5172 60.0
5173 60.0
5174 60.0
5175 60.0
5176 60.0
5177 60.0
5178 60.0
5179 60.0
5180 60.0
5181 60.0
5182 60.0
5183 60.0
5184 60.0
5185 60.0
5186 60.0
5187 60.0
5188 60.0
5189 60.0
5190 60.0
5191 60.0
5192 60.0
5193 60.0
5194 60.0
5195 60.0
5196 60.0
5197 60.0
5198 60.0
5199 60.0
5200 60.0
5201 60.0
5202 60.0
5203 60.0
5204 60.0
5205 60.0
5206 60.0
5207 60.0
5208 60.0
5209 60.0
5210 60.0
5211 60.0
5212 60.0
5213 60.0
5214 60.0
5215 60.0
5216 60.0
5217 60.0
5218 60.0
5219 60.0
5220 60.0
5221 60.0
5222 60.0
5223 60.0
5224 60.0
5225 60.0
5226 60.0
5227 60.0
5228 60.0
5229 60.0
5230 60.0
5231 60.0
5232 60.0
5233 60.0
5234 60.0
5235 60.0
5236 60.0
5237 60.0
5238 60.0
5239 60.0
5240 60.0
5241 60.0
5242 60.0
5243 60.0
5244 60.0
5245 60.0
5246 60.0
5247 60.0
5248 60.0
5249 60.0
5250 60.0
5251 60.0
5252 60.0
5253 60.0
5254 60.0
5255 60.0
5256 60.0
5257 60.0
5258 60.0
5259 60.0
5260 60.0
5261 60.0
5262 60.0
5263 60.0
5264 60.0
5265 60.0
5266 60.0
5267 60.0
5268 60.0
5269 60.0
5270 60.0
5271 60.0
5272 60.0
5273 60.0
5274 60.0
5275 60.0
5276 60.0
5277 60.0
5278 60.0
5279 60.0
5280 60.0
5281 60.0
5282 60.0
5283 60.0
5284 60.0
5285 60.0
5286 60.0
5287 60.0
5288 60.0
5289 60.0
5290 60.0
5291 60.0
5292 60.0
5293 60.0
5294 60.0
5295 60.0
5296 60.0
5297 60.0
5298 60.0
5299 60.0
5300 60.0
5301 60.0
5302 60.0
5303 60.0
5304 60.0
5305 60.0
5306 60.0
5307 60.0
5308 60.0
5309 60.0
5310 60.0
5311 60.0
5312 60.0
5313 60.0
5314 60.0
5315 60.0
5316 60.0
5317 60.0
5318 60.0
5319 60.0
5320 60.0
5321 60.0
5322 60.0
5323 60.0
5324 60.0
5325 60.0
5326 60.0
5327 60.0
5328 60.0
5329 60.0
5330 60.0
5331 60.0
5332 60.0
5333 60.0
5334 60.0
5335 60.0
5336 60.0
5337 60.0
5338 60.0
5339 60.0
5340 60.0
5341 60.0
5342 60.0
5343 60.0
5344 60.0
5345 60.0
5346 60.0
5347 60.0
5348 60.0
5349 60.0
5350 60.0
5351 60.0
5352 60.0
5353 60.0
5354 60.0
5355 60.0
5356 60.0
5357 60.0
5358 60.0
5359 60.0
5360 60.0
5361 60.0
5362 60.0
5363 60.0
5364 60.0
5365 60.0
5366 60.0
5367 60.0
5368 60.0
5369 60.0
5370 60.0
5371 60.0
5372 60.0
5373 60.0
5374 60.0
5375 60.0
5376 60.0
5377 60.0
5378 60.0
5379 60.0
5380 60.0
5381 60.0
5382 60.0
5383 60.0
5384 60.0
5385 60.0
5386 60.0
5387 60.0
5388 60.0
5389 60.0
5390 60.0
5391 60.0
5392 60.0
5393 60.0
5394 60.0
5395 60.0
5396 60.0
5397 60.0
5398 60.0
5399 60.0
5400 60.0
5401 60.0
5402 60.0
5403 60.0
5404 60.0
5405 60.0
5406 60.0
5407 60.0
5408 60.0
5409 60.0
5410 60.0
5411 60.0
5412 60.0
5413 60.0
5414 60.0
5415 60.0
5416 60.0
5417 60.0
5418 60.0
5419 60.0
5420 60.0
5421 60.0
5422 60.0
5423 60.0
5424 60.0
5425 60.0
5426 60.0
5427 60.0
5428 60.0
5429 60.0
5430 60.0
5431 60.0
5432 60.0
5433 60.0
5434 60.0
5435 60.0
5436 60.0
5437 60.0
5438 60.0
5439 60.0
5440 60.0
5441 60.0
5442 60.0
5443 60.0
5444 60.0
5445 60.0
5446 60.0
5447 60.0
5448 60.0
5449 60.0
5450 60.0
5451 60.0
5452 60.0
5453 60.0
5454 60.0
5455 60.0
5456 60.0
5457 60.0
5458 60.0
5459 60.0
5460 60.0
5461 60.0
5462 60.0
5463 60.0
5464 60.0
5465 60.0
5466 60.0
5467 60.0
5468 60.0
5469 60.0
5470 60.0
5471 60.0
5472 60.0
5473 60.0
5474 60.0
5475 60.0
5476 60.0
5477 60.0
5478 60.0
5479 60.0
5480 60.0
5481 60.0
5482 60.0
5483 60.0
5484 60.0
5485 60.0
5486 60.0
5487 60.0
5488 60.0
5489 60.0
5490 60.0
5491 60.0
5492 60.0
5493 60.0
5494 60.0
5495 60.0
5496 60.0
5497 60.0
5498 60.0
5499 60.0
5500 60.0
5501 60.0
5502 60.0
5503 60.0
5504 60.0
5505 60.0
5506 60.0
5507 60.0
5508 60.0
5509 60.0
5510 60.0
5511 60.0
5512 60.0
5513 60.0
5514 60.0
5515 60.0
5516 60.0
5517 60.0
5518 60.0
5519 60.0
5520 60.0
5521 60.0
5522 60.0
5523 60.0
5524 60.0
5525 60.0
5526 60.0
5527 60.0
5528 60.0
5529 60.0
5530 60.0
5531 60.0
5532 60.0
5533 60.0
5534 60.0
5535 60.0
5536 60.0
5537 60.0
5538 60.0
5539 60.0
5540 60.0
5541 60.0
5542 60.0
5543 60.0
5544 60.0
5545 60.0
5546 60.0
5547 60.0
5548 60.0
5549 60.0
5550 60.0
5551 60.0
5552 60.0
5553 60.0
5554 60.0
5555 60.0
5556 60.0
5557 60.0
5558 60.0
5559 60.0
5560 60.0
5561 60.0
5562 60.0
5563 60.0
5564 60.0
5565 60.0
5566 60.0
5567 60.0
5568 60.0
5569 60.0
5570 60.0
5571 60.0
5572 60.0
5573 60.0
5574 60.0
5575 60.0
5576 60.0
5577 60.0
5578 60.0
5579 60.0
5580 60.0
5581 60.0
5582 60.0
5583 60.0
5584 60.0
5585 60.0
5586 60.0
5587 60.0
5588 60.0
5589 60.0
5590 60.0
5591 60.0
5592 60.0
5593 60.0
5594 60.0
5595 60.0
5596 60.0
5597 60.0
5598 60.0
5599 60.0
5600 60.0
5601 60.0
5602 60.0
5603 60.0
5604 60.0
5605 60.0
5606 60.0
5607 60.0
5608 60.0
5609 60.0
5610 60.0
5611 60.0
5612 60.0
5613 60.0
5614 60.0
5615 60.0
5616 60.0
5617 60.0
5618 60.0
5619 60.0
5620 60.0
5621 60.0
5622 60.0
5623 60.0
5624 60.0
5625 60.0
5626 60.0
5627 60.0
5628 60.0
5629 60.0
5630 60.0
5631 60.0
5632 60.0
5633 60.0
5634 60.0
5635 60.0
5636 60.0
5637 60.0
5638 60.0
5639 60.0
5640 60.0
5641 60.0
5642 60.0
5643 60.0
5644 60.0
5645 60.0
5646 60.0
5647 60.0
5648 60.0
5649 60.0
5650 60.0
5651 60.0
5652 60.0
5653 60.0
5654 60.0
5655 60.0
5656 60.0
5657 60.0
5658 60.0
5659 60.0
5660 60.0
5661 60.0
5662 60.0
5663 60.0
5664 60.0
5665 60.0
5666 60.0
5667 60.0
5668 60.0
5669 60.0
5670 60.0
5671 60.0
5672 60.0
5673 60.0
5674 60.0
5675 60.0
5676 60.0
5677 60.0
5678 60.0
5679 60.0
5680 60.0
5681 60.0
5682 60.0
5683 60.0
5684 60.0
5685 60.0
5686 60.0
5687 60.0
5688 60.0
5689 60.0
5690 60.0
5691 60.0
5692 60.0
5693 60.0
5694 60.0
5695 60.0
5696 60.0
5697 60.0
5698 60.0
5699 60.0
5700 60.0
5701 60.0
5702 60.0
5703 60.0
5704 60.0
5705 60.0
5706 60.0
5707 60.0
5708 60.0
5709 60.0
5710 60.0
5711 60.0
5712 60.0
5713 60.0
5714 60.0
5715 60.0
5716 60.0
5717 60.0
5718 60.0
5719 60.0
5720 60.0
5721 60.0
5722 60.0
5723 60.0
5724 60.0
5725 60.0
5726 60.0
5727 60.0
5728 60.0
5729 60.0
5730 60.0
5731 60.0
5732 60.0
5733 60.0
5734 60.0
5735 60.0
5736 60.0
5737 60.0
5738 60.0
5739 60.0
5740 60.0
5741 60.0
5742 60.0
5743 60.0
5744 60.0
5745 60.0
5746 60.0
5747 60.0
5748 60.0
5749 60.0
5750 60.0
5751 60.0
5752 60.0
5753 60.0
5754 60.0
5755 60.0
5756 60.0
5757 60.0
5758 60.0
5759 60.0
5760 60.0
5761 60.0
5762 60.0
5763 60.0
5764 60.0
5765 60.0
5766 60.0
5767 60.0
5768 60.0
5769 60.0
5770 60.0
5771 60.0
5772 60.0
5773 60.0
5774 60.0
5775 60.0
5776 60.0
5777 60.0
5778 60.0
5779 60.0
5780 60.0
5781 60.0
5782 60.0
5783 60.0
5784 60.0
5785 60.0
5786 60.0
5787 60.0
5788 60.0
5789 60.0
5790 60.0
5791 60.0
5792 60.0
5793 60.0
5794 60.0
5795 60.0
5796 60.0
5797 60.0
5798 60.0
5799 60.0
5800 60.0
5801 60.0
5802 60.0
5803 60.0
5804 60.0
5805 60.0
5806 60.0
5807 60.0
5808 60.0
5809 60.0
5810 60.0
5811 60.0
5812 60.0
5813 60.0
5814 60.0
5815 60.0
5816 60.0
5817 60.0
5818 60.0
5819 60.0
5820 60.0
5821 60.0
5822 60.0
5823 60.0
5824 60.0
5825 60.0
5826 60.0
5827 60.0
5828 60.0
5829 60.0
5830 60.0
5831 60.0
5832 60.0
5833 60.0
5834 60.0
5835 60.0
5836 60.0
5837 60.0
5838 60.0
5839 60.0
5840 60.0
5841 60.0
5842 60.0
5843 60.0
5844 60.0
5845 60.0
5846 60.0
5847 60.0
5848 60.0
5849 60.0
5850 60.0
5851 60.0
5852 60.0
5853 60.0
5854 60.0
5855 60.0
5856 60.0
5857 60.0
5858 60.0
5859 60.0
5860 60.0
5861 60.0
5862 60.0
5863 60.0
5864 60.0
5865 60.0
5866 60.0
5867 60.0
5868 60.0
5869 60.0
5870 60.0
5871 60.0
5872 60.0
5873 60.0
5874 60.0
5875 60.0
5876 60.0
5877 60.0
5878 60.0
5879 60.0
5880 60.0
5881 60.0
5882 60.0
5883 60.0
5884 60.0
5885 60.0
5886 60.0
5887 60.0
5888 60.0
5889 60.0
5890 60.0
5891 60.0
5892 60.0
5893 60.0
5894 60.0
5895 60.0
5896 60.0
5897 60.0
5898 60.0
5899 60.0
5900 60.0
5901 60.0
5902 60.0
5903 60.0
5904 60.0
5905 60.0
5906 60.0
5907 60.0
5908 60.0
5909 60.0
5910 60.0
5911 60.0
5912 60.0
5913 60.0
5914 60.0
5915 60.0
5916 60.0
5917 60.0
5918 60.0
5919 60.0
5920 60.0
5921 60.0
5922 60.0
5923 60.0
5924 60.0
5925 60.0
5926 60.0
5927 60.0
5928 60.0
5929 60.0
5930 60.0
5931 60.0
5932 60.0
5933 60.0
5934 60.0
5935 60.0
5936 60.0
5937 60.0
5938 60.0
5939 60.0
5940 60.0
5941 60.0
5942 60.0
5943 60.0
5944 60.0
5945 60.0
5946 60.0
5947 60.0
5948 60.0
5949 60.0
5950 60.0
5951 60.0
5952 60.0
5953 60.0
5954 60.0
5955 60.0
5956 60.0
5957 60.0
5958 60.0
5959 60.0
5960 60.0
5961 60.0
5962 60.0
5963 60.0
5964 60.0
5965 60.0
5966 60.0
5967 60.0
5968 60.0
5969 60.0
5970 60.0
5971 60.0
5972 60.0
5973 60.0
5974 60.0
5975 60.0
5976 60.0
5977 60.0
5978 60.0
5979 60.0
5980 60.0
5981 60.0
5982 60.0
5983 60.0
5984 60.0
5985 60.0
5986 60.0
5987 60.0
5988 60.0
5989 60.0
5990 60.0
5991 60.0
5992 60.0
5993 60.0
5994 60.0
5995 60.0
5996 60.0
5997 60.0
5998 60.0
5999 60.0
6000 60.0
6001 60.0
6002 60.0
6003 60.0
6004 60.0
6005 60.0
6006 60.0
6007 60.0
6008 60.0
6009 60.0
6010 60.0
6011 60.0
6012 60.0
6013 60.0
6014 60.0
6015 60.0
6016 60.0
6017 60.0
6018 60.0
6019 60.0
6020 60.0
6021 60.0
6022 60.0
6023 60.0
6024 60.0
6025 60.0
6026 60.0
6027 60.0
6028 60.0
6029 60.0
6030 60.0
6031 60.0
6032 60.0
6033 60.0
6034 60.0
6035 60.0
6036 60.0
6037 60.0
6038 60.0
6039 60.0
6040 60.0
6041 60.0
6042 60.0
6043 60.0
6044 60.0
6045 60.0
6046 60.0
6047 60.0
6048 60.0
6049 60.0
6050 60.0
6051 60.0
6052 60.0
6053 60.0
6054 60.0
6055 60.0
6056 60.0
6057 60.0
6058 60.0
6059 60.0
6060 60.0
6061 60.0
6062 60.0
6063 60.0
6064 60.0
6065 60.0
6066 60.0
6067 60.0
6068 60.0
6069 60.0
6070 60.0
6071 60.0
6072 60.0
6073 60.0
6074 60.0
6075 60.0
6076 60.0
6077 60.0
6078 60.0
6079 60.0
6080 60.0
6081 60.0
6082 60.0
6083 60.0
6084 60.0
6085 60.0
6086 60.0
6087 60.0
6088 60.0
6089 60.0
6090 60.0
6091 60.0
6092 60.0
6093 60.0
6094 60.0
6095 60.0
6096 60.0
6097 60.0
6098 60.0
6099 60.0
6100 60.0
6101 60.0
6102 60.0
6103 60.0
6104 60.0
6105 60.0
6106 60.0
6107 60.0
6108 60.0
6109 60.0
6110 60.0
6111 60.0
6112 60.0
6113 60.0
6114 60.0
6115 60.0
6116 60.0
6117 60.0
6118 60.0
6119 60.0
6120 60.0
6121 60.0
6122 60.0
6123 60.0
6124 60.0
6125 60.0
6126 60.0
6127 60.0
6128 60.0
6129 60.0
6130 60.0
6131 60.0
6132 60.0
6133 60.0
6134 60.0
6135 60.0
6136 60.0
6137 60.0
6138 60.0
6139 60.0
6140 60.0
6141 60.0
6142 60.0
6143 60.0
6144 60.0
6145 60.0
6146 60.0
6147 60.0
6148 60.0
6149 60.0
6150 60.0
6151 60.0
6152 60.0
6153 60.0
6154 60.0
6155 60.0
6156 60.0
6157 60.0
6158 60.0
6159 60.0
6160 60.0
6161 60.0
6162 60.0
6163 60.0
6164 60.0
6165 60.0
6166 60.0
6167 60.0
6168 60.0
6169 60.0
6170 60.0
6171 60.0
6172 60.0
6173 60.0
6174 60.0
6175 60.0
6176 60.0
6177 60.0
6178 60.0
6179 60.0
6180 60.0
6181 60.0
6182 60.0
6183 60.0
6184 60.0
6185 60.0
6186 60.0
6187 60.0
6188 60.0
6189 60.0
6190 60.0
6191 60.0
6192 60.0
6193 60.0
6194 60.0
6195 60.0
6196 60.0
6197 60.0
6198 60.0
6199 60.0
6200 60.0
6201 60.0
6202 60.0
6203 60.0
6204 60.0
6205 60.0
6206 60.0
6207 60.0
6208 60.0
6209 60.0
6210 60.0
6211 60.0
6212 60.0
6213 60.0
6214 60.0
6215 60.0
6216 60.0
6217 60.0
6218 60.0
6219 60.0
6220 60.0
6221 60.0
6222 60.0
6223 60.0
6224 60.0
6225 60.0
6226 60.0
6227 60.0
6228 60.0
6229 60.0
6230 60.0
6231 60.0
6232 60.0
6233 60.0
6234 60.0
6235 60.0
6236 60.0
6237 60.0
6238 60.0
6239 60.0
6240 60.0
6241 60.0
6242 60.0
6243 60.0
6244 60.0
6245 60.0
6246 60.0
6247 60.0
6248 60.0
6249 60.0
6250 60.0
6251 60.0
6252 60.0
6253 60.0
6254 60.0
6255 60.0
6256 60.0
6257 60.0
6258 60.0
6259 60.0
6260 60.0
6261 60.0
6262 60.0
6263 60.0
6264 60.0
6265 60.0
6266 60.0
6267 60.0
6268 60.0
6269 60.0
6270 60.0
6271 60.0
6272 60.0
6273 60.0
6274 60.0
6275 60.0
6276 60.0
6277 60.0
6278 60.0
6279 60.0
6280 60.0
6281 60.0
6282 60.0
6283 60.0
6284 60.0
6285 60.0
6286 60.0
6287 60.0
6288 60.0
6289 60.0
6290 60.0
6291 60.0
6292 60.0
6293 60.0
6294 60.0
6295 60.0
6296 60.0
6297 60.0
6298 60.0
6299 60.0
6300 60.0
6301 60.0
6302 60.0
6303 60.0
6304 60.0
6305 60.0
6306 60.0
6307 60.0
6308 60.0
6309 60.0
6310 60.0
6311 60.0
6312 60.0
6313 60.0
6314 60.0
6315 60.0
6316 60.0
6317 60.0
6318 60.0
6319 60.0
6320 60.0
6321 60.0
6322 60.0
6323 60.0
6324 60.0
6325 60.0
6326 60.0
6327 60.0
6328 60.0
6329 60.0
6330 60.0
6331 60.0
6332 60.0
6333 60.0
6334 60.0
6335 60.0
6336 60.0
6337 60.0
6338 60.0
6339 60.0
6340 60.0
6341 60.0
6342 60.0
6343 60.0
6344 60.0
6345 60.0
6346 60.0
6347 60.0
6348 60.0
6349 60.0
6350 60.0
6351 60.0
6352 60.0
6353 60.0
6354 60.0
6355 60.0
6356 60.0
6357 60.0
6358 60.0
6359 60.0
6360 60.0
6361 60.0
6362 60.0
6363 60.0
6364 60.0
6365 60.0
6366 60.0
6367 60.0
6368 60.0
6369 60.0
6370 60.0
6371 60.0
6372 60.0
6373 60.0
6374 60.0
6375 60.0
6376 60.0
6377 60.0
6378 60.0
6379 60.0
6380 60.0
6381 60.0
6382 60.0
6383 60.0
6384 60.0
6385 60.0
6386 60.0
6387 60.0
6388 60.0
6389 60.0
6390 60.0
6391 60.0
6392 60.0
6393 60.0
6394 60.0
6395 60.0
6396 60.0
6397 60.0
6398 60.0
6399 60.0
6400 60.0
6401 60.0
6402 60.0
6403 60.0
6404 60.0
6405 60.0
6406 60.0
6407 60.0
6408 60.0
6409 60.0
6410 60.0
6411 60.0
6412 60.0
6413 60.0
6414 60.0
6415 60.0
6416 60.0
6417 60.0
6418 60.0
6419 60.0
6420 60.0
6421 60.0
6422 60.0
6423 60.0
6424 60.0
6425 60.0
6426 60.0
6427 60.0
6428 60.0
6429 60.0
6430 60.0
6431 60.0
6432 60.0
6433 60.0
6434 60.0
6435 60.0
6436 60.0
6437 60.0
6438 60.0
6439 60.0
6440 60.0
6441 60.0
6442 60.0
6443 60.0
6444 60.0
6445 60.0
6446 60.0
6447 60.0
6448 60.0
6449 60.0
6450 60.0
6451 60.0
6452 60.0
6453 60.0
6454 60.0
6455 60.0
6456 60.0
6457 60.0
6458 60.0
6459 60.0
6460 60.0
6461 60.0
6462 60.0
6463 60.0
6464 60.0
6465 60.0
6466 60.0
6467 60.0
6468 60.0
6469 60.0
6470 60.0
6471 60.0
6472 60.0
6473 60.0
6474 60.0
6475 60.0
6476 60.0
6477 60.0
6478 60.0
6479 60.0
6480 60.0
6481 60.0
6482 60.0
6483 60.0
6484 60.0
6485 60.0
6486 60.0
6487 60.0
6488 60.0
6489 60.0
6490 60.0
6491 60.0
6492 60.0
6493 60.0
6494 60.0
6495 60.0
6496 60.0
6497 60.0
6498 60.0
6499 60.0
6500 60.0
6501 60.0
6502 60.0
6503 60.0
6504 60.0
6505 60.0
6506 60.0
6507 60.0
6508 60.0
6509 60.0
6510 60.0
6511 60.0
6512 60.0
6513 60.0
6514 60.0
6515 60.0
6516 60.0
6517 60.0
6518 60.0
6519 60.0
6520 60.0
6521 60.0
6522 60.0
6523 60.0
6524 60.0
6525 60.0
6526 60.0
6527 60.0
6528 60.0
6529 60.0
6530 60.0
6531 60.0
6532 60.0
6533 60.0
6534 60.0
6535 60.0
6536 60.0
6537 60.0
6538 60.0
6539 60.0
6540 60.0
6541 60.0
6542 60.0
6543 60.0
6544 60.0
6545 60.0
6546 60.0
6547 60.0
6548 60.0
6549 60.0
6550 60.0
6551 60.0
6552 60.0
6553 60.0
6554 60.0
6555 60.0
6556 60.0
6557 60.0
6558 60.0
6559 60.0
6560 60.0
6561 60.0
6562 60.0
6563 60.0
6564 60.0
6565 60.0
6566 60.0
6567 60.0
6568 60.0
6569 60.0
6570 60.0
6571 60.0
6572 60.0
6573 60.0
6574 60.0
6575 60.0
6576 60.0
6577 60.0
6578 60.0
6579 60.0
6580 60.0
6581 60.0
6582 60.0
6583 60.0
6584 60.0
6585 60.0
6586 60.0
6587 60.0
6588 60.0
6589 60.0
6590 60.0
6591 60.0
6592 60.0
6593 60.0
6594 60.0
6595 60.0
6596 60.0
6597 60.0
6598 60.0
6599 60.0
6600 60.0
6601 60.0
6602 60.0
6603 60.0
6604 60.0
6605 60.0
6606 60.0
6607 60.0
6608 60.0
6609 60.0
6610 60.0
6611 60.0
6612 60.0
6613 60.0
6614 60.0
6615 60.0
6616 60.0
6617 60.0
6618 60.0
6619 60.0
6620 60.0
6621 60.0
6622 60.0
6623 60.0
6624 60.0
6625 60.0
6626 60.0
6627 60.0
6628 60.0
6629 60.0
6630 60.0
6631 60.0
6632 60.0
6633 60.0
6634 60.0
6635 60.0
6636 60.0
6637 60.0
6638 60.0
6639 60.0
6640 60.0
6641 60.0
6642 60.0
6643 60.0
6644 60.0
6645 60.0
6646 60.0
6647 60.0
6648 60.0
6649 60.0
6650 60.0
6651 60.0
6652 60.0
6653 60.0
6654 60.0
6655 60.0
6656 60.0
6657 60.0
6658 60.0
6659 60.0
6660 60.0
6661 60.0
6662 60.0
6663 60.0
6664 60.0
6665 60.0
6666 60.0
6667 60.0
6668 60.0
6669 60.0
6670 60.0
6671 60.0
6672 60.0
6673 60.0
6674 60.0
6675 60.0
6676 60.0
6677 60.0
6678 60.0
6679 60.0
6680 60.0
6681 60.0
6682 60.0
6683 60.0
6684 60.0
6685 60.0
6686 60.0
6687 60.0
6688 60.0
6689 60.0
6690 60.0
6691 60.0
6692 60.0
6693 60.0
6694 60.0
6695 60.0
6696 60.0
6697 60.0
6698 60.0
6699 60.0
6700 60.0
6701 60.0
6702 60.0
6703 60.0
6704 60.0
6705 60.0
6706 60.0
6707 60.0
6708 60.0
6709 60.0
6710 60.0
6711 60.0
6712 60.0
6713 60.0
6714 60.0
6715 60.0
6716 60.0
6717 60.0
6718 60.0
6719 60.0
6720 60.0
6721 60.0
6722 60.0
6723 60.0
6724 60.0
6725 60.0
6726 60.0
6727 60.0
6728 60.0
6729 60.0
6730 60.0
6731 60.0
6732 60.0
6733 60.0
6734 60.0
6735 60.0
6736 60.0
6737 60.0
6738 60.0
6739 60.0
6740 60.0
6741 60.0
6742 60.0
6743 60.0
6744 60.0
6745 60.0
6746 60.0
6747 60.0
6748 60.0
6749 60.0
6750 60.0
6751 60.0
6752 60.0
6753 60.0
6754 60.0
6755 60.0
6756 60.0
6757 60.0
6758 60.0
6759 60.0
6760 60.0
6761 60.0
6762 60.0
6763 60.0
6764 60.0
6765 60.0
6766 60.0
6767 60.0
6768 60.0
6769 60.0
6770 60.0
6771 60.0
6772 60.0
6773 60.0
6774 60.0
6775 60.0
6776 60.0
6777 60.0
6778 60.0
6779 60.0
6780 60.0
6781 60.0
6782 60.0
6783 60.0
6784 60.0
6785 60.0
6786 60.0
6787 60.0
6788 60.0
6789 60.0
6790 60.0
6791 60.0
6792 60.0
6793 60.0
6794 60.0
6795 60.0
6796 60.0
6797 60.0
6798 60.0
6799 60.0
6800 60.0
6801 60.0
6802 60.0
6803 60.0
6804 60.0
6805 60.0
6806 60.0
6807 60.0
6808 60.0
6809 60.0
6810 60.0
6811 60.0
6812 60.0
6813 60.0
6814 60.0
6815 60.0
6816 60.0
6817 60.0
6818 60.0
6819 60.0
6820 60.0
6821 60.0
6822 60.0
6823 60.0
6824 60.0
6825 60.0
6826 60.0
6827 60.0
6828 60.0
6829 60.0
6830 60.0
6831 60.0
6832 60.0
6833 60.0
6834 60.0
6835 60.0
6836 60.0
6837 60.0
6838 60.0
6839 60.0
6840 60.0
6841 60.0
6842 60.0
6843 60.0
6844 60.0
6845 60.0
6846 60.0
6847 60.0
6848 60.0
6849 60.0
6850 60.0
6851 60.0
6852 60.0
6853 60.0
6854 60.0
6855 60.0
6856 60.0
6857 60.0
6858 60.0
6859 60.0
6860 60.0
6861 60.0
6862 60.0
6863 60.0
6864 60.0
6865 60.0
6866 60.0
6867 60.0
6868 60.0
6869 60.0
6870 60.0
6871 60.0
6872 60.0
6873 60.0
6874 60.0
6875 60.0
6876 60.0
6877 60.0
6878 60.0
6879 60.0
6880 60.0
6881 60.0
6882 60.0
6883 60.0
6884 60.0
6885 60.0
6886 60.0
6887 60.0
6888 60.0
6889 60.0
6890 60.0
6891 60.0
6892 60.0
6893 60.0
6894 60.0
6895 60.0
6896 60.0
6897 60.0
6898 60.0
6899 60.0
6900 60.0
6901 60.0
6902 60.0
6903 60.0
6904 60.0
6905 60.0
6906 60.0
6907 60.0
6908 60.0
6909 60.0
6910 60.0
6911 60.0
6912 60.0
6913 60.0
6914 60.0
6915 60.0
6916 60.0
6917 60.0
6918 60.0
6919 60.0
6920 60.0
6921 60.0
6922 60.0
6923 60.0
6924 60.0
6925 60.0
6926 60.0
6927 60.0
6928 60.0
6929 60.0
6930 60.0
6931 60.0
6932 60.0
6933 60.0
6934 60.0
6935 60.0
6936 60.0
6937 60.0
6938 60.0
6939 60.0
6940 60.0
6941 60.0
6942 60.0
6943 60.0
6944 60.0
6945 60.0
6946 60.0
6947 60.0
6948 60.0
6949 60.0
6950 60.0
6951 60.0
6952 60.0
6953 60.0
6954 60.0
6955 60.0
6956 60.0
6957 60.0
6958 60.0
6959 60.0
6960 60.0
6961 60.0
6962 60.0
6963 60.0
6964 60.0
6965 60.0
6966 60.0
6967 60.0
6968 60.0
6969 60.0
6970 60.0
6971 60.0
6972 60.0
6973 60.0
6974 60.0
6975 60.0
6976 60.0
6977 60.0
6978 60.0
6979 60.0
6980 60.0
6981 60.0
6982 60.0
6983 60.0
6984 60.0
6985 60.0
6986 60.0
6987 60.0
6988 60.0
6989 60.0
6990 60.0
6991 60.0
6992 60.0
6993 60.0
6994 60.0
6995 60.0
6996 60.0
6997 60.0
6998 60.0
6999 60.0
7000 60.0
7001 60.0
7002 60.0
7003 60.0
7004 60.0
7005 60.0
7006 60.0
7007 60.0
7008 60.0
7009 60.0
7010 60.0
7011 60.0
7012 60.0
7013 60.0
7014 60.0
7015 60.0
7016 60.0
7017 60.0
7018 60.0
7019 60.0
7020 60.0
7021 60.0
7022 60.0
7023 60.0
7024 60.0
7025 60.0
7026 60.0
7027 60.0
7028 60.0
7029 60.0
7030 60.0
7031 60.0
7032 60.0
7033 60.0
7034 60.0
7035 60.0
7036 60.0
7037 60.0
7038 60.0
7039 60.0
7040 60.0
7041 60.0
7042 60.0
7043 60.0
7044 60.0
7045 60.0
7046 60.0
7047 60.0
7048 60.0
7049 60.0
7050 60.0
7051 60.0
7052 60.0
7053 60.0
7054 60.0
7055 60.0
7056 60.0
7057 60.0
7058 60.0
7059 60.0
7060 60.0
7061 60.0
7062 60.0
7063 60.0
7064 60.0
7065 60.0
7066 60.0
7067 60.0
7068 60.0
7069 60.0
7070 60.0
7071 60.0
7072 60.0
7073 60.0
7074 60.0
7075 60.0
7076 60.0
7077 60.0
7078 60.0
7079 60.0
7080 60.0
7081 60.0
7082 60.0
7083 60.0
7084 60.0
7085 60.0
7086 60.0
7087 60.0
7088 60.0
7089 60.0
7090 60.0
7091 60.0
7092 60.0
7093 60.0
7094 60.0
7095 60.0
7096 60.0
7097 60.0
7098 60.0
7099 60.0
7100 60.0
7101 60.0
7102 60.0
7103 60.0
7104 60.0
7105 60.0
7106 60.0
7107 60.0
7108 60.0
7109 60.0
7110 60.0
7111 60.0
7112 60.0
7113 60.0
7114 60.0
7115 60.0
7116 60.0
7117 60.0
7118 60.0
7119 60.0
7120 60.0
7121 60.0
7122 60.0
7123 60.0
7124 60.0
7125 60.0
7126 60.0
7127 60.0
7128 60.0
7129 60.0
7130 60.0
7131 60.0
7132 60.0
7133 60.0
7134 60.0
7135 60.0
7136 60.0
7137 60.0
7138 60.0
7139 60.0
7140 60.0
7141 60.0
7142 60.0
7143 60.0
7144 60.0
7145 60.0
7146 60.0
7147 60.0
7148 60.0
7149 60.0
7150 60.0
7151 60.0
7152 60.0
7153 60.0
7154 60.0
7155 60.0
7156 60.0
7157 60.0
7158 60.0
7159 60.0
7160 60.0
7161 60.0
7162 60.0
7163 60.0
7164 60.0
7165 60.0
7166 60.0
7167 60.0
7168 60.0
7169 60.0
7170 60.0
7171 60.0
7172 60.0
7173 60.0
7174 60.0
7175 60.0
7176 60.0
7177 60.0
7178 60.0
7179 60.0
7180 60.0
7181 60.0
7182 60.0
7183 60.0
7184 60.0
7185 60.0
7186 60.0
7187 60.0
7188 60.0
7189 60.0
7190 60.0
7191 60.0
7192 60.0
7193 60.0
7194 60.0
7195 60.0
7196 60.0
7197 60.0
7198 60.0
7199 60.0
7200 60.0
7201 60.0
7202 60.0
7203 60.0
7204 60.0
7205 60.0
7206 60.0
7207 60.0
7208 60.0
7209 60.0
7210 60.0
7211 60.0
7212 60.0
7213 60.0
7214 60.0
7215 60.0
7216 60.0
7217 60.0
7218 60.0
7219 60.0
7220 60.0
7221 60.0
7222 60.0
7223 60.0
7224 60.0
7225 60.0
7226 60.0
7227 60.0
7228 60.0
7229 60.0
7230 60.0
7231 60.0
7232 60.0
7233 60.0
7234 60.0
7235 60.0
7236 60.0
7237 60.0
7238 60.0
7239 60.0
7240 60.0
7241 60.0
7242 60.0
7243 60.0
7244 60.0
7245 60.0
7246 60.0
7247 60.0
7248 61.0
7249 61.0
7250 61.0
7251 61.0
7252 61.0
7253 61.0
7254 61.0
7255 61.0
7256 61.0
7257 61.0
7258 61.0
7259 61.0
7260 61.0
7261 61.0
7262 61.0
7263 61.0
7264 61.0
7265 61.0
7266 61.0
7267 61.0
7268 61.0
7269 61.0
7270 61.0
7271 61.0
7272 61.0
7273 61.0
7274 61.0
7275 61.0
7276 61.0
7277 61.0
7278 61.0
7279 61.0
7280 61.0
7281 61.0
7282 61.0
7283 61.0
7284 61.0
7285 61.0
7286 61.0
7287 61.0
7288 61.0
7289 61.0
7290 61.0
7291 61.0
7292 61.0
7293 61.0
7294 61.0
7295 61.0
7296 61.0
7297 61.0
7298 61.0
7299 61.0
7300 61.0
7301 61.0
7302 61.0
7303 61.0
7304 61.0
7305 61.0
7306 61.0
7307 61.0
7308 61.0
7309 61.0
7310 61.0
7311 61.0
7312 61.0
7313 61.0
7314 61.0
7315 61.0
7316 61.0
7317 61.0
7318 61.0
7319 61.0
7320 61.0
7321 61.0
7322 61.0
7323 61.0
7324 61.0
7325 61.0
7326 61.0
7327 61.0
7328 61.0
7329 61.0
7330 61.0
7331 61.0
7332 61.0
7333 61.0
7334 61.0
7335 61.0
7336 61.0
7337 61.0
7338 61.0
7339 61.0
7340 61.0
7341 61.0
7342 61.0
7343 61.0
7344 61.0
7345 61.0
7346 61.0
7347 61.0
7348 61.0
7349 61.0
7350 61.0
7351 61.0
7352 61.0
7353 61.0
7354 61.0
7355 61.0
7356 61.0
7357 61.0
7358 61.0
7359 61.0
7360 61.0
7361 61.0
7362 61.0
7363 61.0
7364 61.0
7365 61.0
7366 61.0
7367 61.0
7368 61.0
7369 61.0
7370 61.0
7371 61.0
7372 61.0
7373 61.0
7374 61.0
7375 61.0
7376 61.0
7377 61.0
7378 61.0
7379 61.0
7380 61.0
7381 61.0
7382 61.0
7383 61.0
7384 61.0
7385 61.0
7386 61.0
7387 61.0
7388 61.0
7389 61.0
7390 61.0
7391 61.0
7392 61.0
7393 61.0
7394 61.0
7395 61.0
7396 61.0
7397 61.0
7398 61.0
7399 61.0
7400 61.0
7401 61.0
7402 61.0
7403 61.0
7404 61.0
7405 61.0
7406 61.0
7407 61.0
7408 61.0
7409 61.0
7410 61.0
7411 61.0
7412 61.0
7413 61.0
7414 61.0
7415 61.0
7416 61.0
7417 61.0
7418 61.0
7419 61.0
7420 61.0
7421 61.0
7422 61.0
7423 61.0
7424 61.0
7425 61.0
7426 61.0
7427 61.0
7428 61.0
7429 61.0
7430 61.0
7431 61.0
7432 61.0
7433 61.0
7434 61.0
7435 61.0
7436 61.0
7437 61.0
7438 61.0
7439 61.0
7440 61.0
7441 61.0
7442 61.0
7443 61.0
7444 61.0
7445 61.0
7446 61.0
7447 61.0
7448 61.0
7449 61.0
7450 61.0
7451 61.0
7452 61.0
7453 61.0
7454 61.0
7455 61.0
7456 61.0
7457 61.0
7458 61.0
7459 61.0
7460 61.0
7461 61.0
7462 61.0
7463 61.0
7464 61.0
7465 61.0
7466 61.0
7467 61.0
7468 61.0
7469 61.0
7470 61.0
7471 61.0
7472 61.0
7473 61.0
7474 61.0
7475 61.0
7476 61.0
7477 61.0
7478 61.0
7479 61.0
7480 61.0
7481 61.0
7482 61.0
7483 61.0
7484 61.0
7485 61.0
7486 61.0
7487 61.0
7488 61.0
7489 61.0
7490 61.0
7491 61.0
7492 61.0
7493 61.0
7494 61.0
7495 61.0
7496 61.0
7497 61.0
7498 61.0
7499 61.0
7500 61.0
7501 61.0
7502 61.0
7503 61.0
7504 61.0
7505 61.0
7506 61.0
7507 61.0
7508 61.0
7509 61.0
7510 61.0
7511 61.0
7512 61.0
7513 61.0
7514 61.0
7515 61.0
7516 61.0
7517 61.0
7518 61.0
7519 61.0
7520 61.0
7521 61.0
7522 61.0
7523 61.0
7524 61.0
7525 61.0
7526 61.0
7527 61.0
7528 61.0
7529 61.0
7530 61.0
7531 61.0
7532 61.0
7533 61.0
7534 61.0
7535 61.0
7536 61.0
7537 61.0
7538 61.0
7539 61.0
7540 61.0
7541 61.0
7542 61.0
7543 61.0
7544 61.0
7545 61.0
7546 61.0
7547 61.0
7548 61.0
7549 61.0
7550 61.0
7551 61.0
7552 61.0
7553 61.0
7554 61.0
7555 61.0
7556 61.0
7557 61.0
7558 61.0
7559 61.0
7560 61.0
7561 61.0
7562 61.0
7563 61.0
7564 61.0
7565 61.0
7566 61.0
7567 61.0
7568 61.0
7569 61.0
7570 61.0
7571 61.0
7572 61.0
7573 61.0
7574 61.0
7575 61.0
7576 61.0
7577 61.0
7578 61.0
7579 61.0
7580 61.0
7581 61.0
7582 61.0
7583 61.0
7584 61.0
7585 61.0
7586 61.0
7587 61.0
7588 61.0
7589 61.0
7590 61.0
7591 61.0
7592 61.0
7593 61.0
7594 61.0
7595 61.0
7596 61.0
7597 61.0
7598 61.0
7599 61.0
7600 61.0
7601 61.0
7602 61.0
7603 61.0
7604 61.0
7605 61.0
7606 61.0
7607 61.0
7608 61.0
7609 61.0
7610 61.0
7611 61.0
7612 61.0
7613 61.0
7614 61.0
7615 61.0
7616 61.0
7617 61.0
7618 61.0
7619 61.0
7620 61.0
7621 61.0
7622 61.0
7623 61.0
7624 61.0
7625 61.0
7626 61.0
7627 61.0
7628 61.0
7629 61.0
7630 61.0
7631 61.0
7632 61.0
7633 61.0
7634 61.0
7635 61.0
7636 61.0
7637 61.0
7638 61.0
7639 61.0
7640 61.0
7641 61.0
7642 61.0
7643 61.0
7644 61.0
7645 61.0
7646 61.0
7647 61.0
7648 61.0
7649 61.0
7650 61.0
7651 61.0
7652 61.0
7653 61.0
7654 61.0
7655 61.0
7656 61.0
7657 61.0
7658 61.0
7659 61.0
7660 61.0
7661 61.0
7662 61.0
7663 61.0
7664 61.0
7665 61.0
7666 61.0
7667 61.0
7668 61.0
7669 61.0
7670 61.0
7671 61.0
7672 61.0
7673 61.0
7674 61.0
7675 61.0
7676 61.0
7677 61.0
7678 61.0
7679 61.0
7680 61.0
7681 61.0
7682 61.0
7683 61.0
7684 61.0
7685 61.0
7686 61.0
7687 61.0
7688 61.0
7689 61.0
7690 61.0
7691 61.0
7692 61.0
7693 61.0
7694 61.0
7695 61.0
7696 61.0
7697 61.0
7698 61.0
7699 61.0
7700 61.0
7701 61.0
7702 61.0
7703 61.0
7704 61.0
7705 61.0
7706 61.0
7707 61.0
7708 61.0
7709 61.0
7710 61.0
7711 61.0
7712 61.0
7713 61.0
7714 61.0
7715 61.0
7716 61.0
7717 61.0
7718 61.0
7719 61.0
7720 61.0
7721 61.0
7722 61.0
7723 61.0
7724 61.0
7725 61.0
7726 61.0
7727 61.0
7728 61.0
7729 61.0
7730 61.0
7731 61.0
7732 61.0
7733 61.0
7734 61.0
7735 61.0
7736 61.0
7737 61.0
7738 61.0
7739 61.0
7740 61.0
7741 61.0
7742 61.0
7743 61.0
7744 61.0
7745 61.0
7746 61.0
7747 61.0
7748 61.0
7749 61.0
7750 61.0
7751 61.0
7752 61.0
7753 61.0
7754 61.0
7755 61.0
7756 61.0
7757 61.0
7758 61.0
7759 61.0
7760 61.0
7761 61.0
7762 61.0
7763 61.0
7764 61.0
7765 61.0
7766 61.0
7767 61.0
7768 61.0
7769 61.0
7770 61.0
7771 61.0
7772 61.0
7773 61.0
7774 61.0
7775 61.0
7776 61.0
7777 61.0
7778 61.0
7779 61.0
7780 61.0
7781 61.0
7782 61.0
7783 61.0
7784 61.0
7785 61.0
7786 61.0
7787 61.0
7788 61.0
7789 61.0
7790 61.0
7791 61.0
7792 61.0
7793 61.0
7794 61.0
7795 61.0
7796 61.0
7797 61.0
7798 61.0
7799 61.0
7800 61.0
7801 61.0
7802 61.0
7803 61.0
7804 61.0
7805 61.0
7806 61.0
7807 61.0
7808 61.0
7809 61.0
7810 61.0
7811 61.0
7812 61.0
7813 61.0
7814 61.0
7815 61.0
7816 61.0
7817 61.0
7818 61.0
7819 61.0
7820 61.0
7821 61.0
7822 61.0
7823 61.0
7824 61.0
7825 61.0
7826 61.0
7827 61.0
7828 61.0
7829 61.0
7830 61.0
7831 61.0
7832 61.0
7833 61.0
7834 61.0
7835 61.0
7836 61.0
7837 61.0
7838 61.0
7839 61.0
7840 61.0
7841 61.0
7842 61.0
7843 61.0
7844 61.0
7845 61.0
7846 61.0
7847 61.0
7848 61.0
7849 61.0
7850 61.0
7851 61.0
7852 61.0
7853 61.0
7854 61.0
7855 61.0
7856 61.0
7857 61.0
7858 61.0
7859 61.0
7860 61.0
7861 61.0
7862 61.0
7863 61.0
7864 61.0
7865 61.0
7866 61.0
7867 61.0
7868 61.0
7869 61.0
7870 61.0
7871 61.0
7872 61.0
7873 61.0
7874 61.0
7875 61.0
7876 61.0
7877 61.0
7878 61.0
7879 61.0
7880 61.0
7881 61.0
7882 61.0
7883 61.0
7884 61.0
7885 61.0
7886 61.0
7887 61.0
7888 61.0
7889 61.0
7890 61.0
7891 61.0
7892 61.0
7893 61.0
7894 61.0
7895 61.0
7896 61.0
7897 61.0
7898 61.0
7899 61.0
7900 61.0
7901 61.0
7902 61.0
7903 61.0
7904 61.0
7905 61.0
7906 61.0
7907 61.0
7908 61.0
7909 61.0
7910 61.0
7911 61.0
7912 61.0
7913 61.0
7914 61.0
7915 61.0
7916 61.0
7917 61.0
7918 61.0
7919 61.0
7920 61.0
7921 61.0
7922 61.0
7923 61.0
7924 61.0
7925 61.0
7926 61.0
7927 61.0
7928 61.0
7929 61.0
7930 61.0
7931 61.0
7932 61.0
7933 61.0
7934 61.0
7935 61.0
7936 61.0
7937 61.0
7938 61.0
7939 61.0
7940 61.0
7941 61.0
7942 61.0
7943 61.0
7944 61.0
7945 61.0
7946 61.0
7947 61.0
7948 61.0
7949 61.0
7950 61.0
7951 61.0
7952 61.0
7953 61.0
7954 61.0
7955 61.0
7956 61.0
7957 61.0
7958 61.0
7959 61.0
7960 61.0
7961 61.0
7962 61.0
7963 61.0
7964 61.0
7965 61.0
7966 61.0
7967 61.0
7968 61.0
7969 61.0
7970 61.0
7971 61.0
7972 61.0
7973 61.0
7974 61.0
7975 61.0
7976 61.0
7977 61.0
7978 61.0
7979 61.0
7980 61.0
7981 61.0
7982 61.0
7983 61.0
7984 61.0
7985 61.0
7986 61.0
7987 61.0
7988 61.0
7989 61.0
7990 61.0
7991 61.0
7992 61.0
7993 61.0
7994 61.0
7995 61.0
7996 61.0
7997 61.0
7998 61.0
7999 61.0
8000 61.0
8001 61.0
8002 61.0
8003 61.0
8004 61.0
8005 61.0
8006 61.0
8007 61.0
8008 61.0
8009 61.0
8010 61.0
8011 61.0
8012 61.0
8013 61.0
8014 61.0
8015 61.0
8016 61.0
8017 61.0
8018 61.0
8019 61.0
8020 61.0
8021 61.0
8022 61.0
8023 61.0
8024 61.0
8025 61.0
8026 61.0
8027 61.0
8028 61.0
8029 61.0
8030 61.0
8031 61.0
8032 61.0
8033 61.0
8034 61.0
8035 61.0
8036 61.0
8037 61.0
8038 61.0
8039 61.0
8040 61.0
8041 61.0
8042 61.0
8043 61.0
8044 61.0
8045 61.0
8046 61.0
8047 61.0
8048 61.0
8049 61.0
8050 61.0
8051 61.0
8052 61.0
8053 61.0
8054 61.0
8055 61.0
8056 61.0
8057 61.0
8058 61.0
8059 61.0
8060 61.0
8061 61.0
8062 61.0
8063 61.0
8064 61.0
8065 61.0
8066 61.0
8067 61.0
8068 61.0
8069 61.0
8070 61.0
8071 61.0
8072 61.0
8073 61.0
8074 61.0
8075 61.0
8076 61.0
8077 61.0
8078 61.0
8079 61.0
8080 61.0
8081 61.0
8082 61.0
8083 61.0
8084 61.0
8085 61.0
8086 61.0
8087 61.0
8088 61.0
8089 61.0
8090 61.0
8091 61.0
8092 61.0
8093 61.0
8094 61.0
8095 61.0
8096 61.0
8097 61.0
8098 61.0
8099 61.0
8100 61.0
8101 61.0
8102 61.0
8103 61.0
8104 61.0
8105 61.0
8106 61.0
8107 61.0
8108 61.0
8109 61.0
8110 61.0
8111 61.0
8112 61.0
8113 61.0
8114 61.0
8115 61.0
8116 61.0
8117 61.0
8118 61.0
8119 61.0
8120 61.0
8121 61.0
8122 61.0
8123 61.0
8124 61.0
8125 61.0
8126 61.0
8127 61.0
8128 61.0
8129 61.0
8130 61.0
8131 61.0
8132 61.0
8133 61.0
8134 61.0
8135 61.0
8136 61.0
8137 61.0
8138 61.0
8139 61.0
8140 61.0
8141 61.0
8142 61.0
8143 61.0
8144 61.0
8145 61.0
8146 61.0
8147 61.0
8148 61.0
8149 61.0
8150 61.0
8151 61.0
8152 61.0
8153 61.0
8154 61.0
8155 61.0
8156 61.0
8157 61.0
8158 61.0
8159 61.0
8160 61.0
8161 61.0
8162 61.0
8163 61.0
8164 61.0
8165 61.0
8166 61.0
8167 61.0
8168 61.0
8169 61.0
8170 61.0
8171 61.0
8172 61.0
8173 61.0
8174 61.0
8175 61.0
8176 61.0
8177 61.0
8178 61.0
8179 61.0
8180 61.0
8181 61.0
8182 61.0
8183 61.0
8184 61.0
8185 61.0
8186 61.0
8187 61.0
8188 61.0
8189 61.0
8190 61.0
8191 61.0
8192 61.0
8193 61.0
8194 61.0
8195 61.0
8196 61.0
8197 61.0
8198 61.0
8199 61.0
8200 61.0
8201 61.0
8202 61.0
8203 61.0
8204 61.0
8205 61.0
8206 61.0
8207 61.0
8208 61.0
8209 61.0
8210 61.0
8211 61.0
8212 61.0
8213 61.0
8214 61.0
8215 61.0
8216 61.0
8217 61.0
8218 61.0
8219 61.0
8220 61.0
8221 61.0
8222 61.0
8223 61.0
8224 61.0
8225 61.0
8226 61.0
8227 61.0
8228 61.0
8229 61.0
8230 61.0
8231 61.0
8232 61.0
8233 61.0
8234 61.0
8235 61.0
8236 61.0
8237 61.0
8238 61.0
8239 61.0
8240 61.0
8241 61.0
8242 61.0
8243 61.0
8244 61.0
8245 61.0
8246 61.0
8247 61.0
8248 61.0
8249 61.0
8250 61.0
8251 61.0
8252 61.0
8253 61.0
8254 61.0
8255 61.0
8256 61.0
8257 61.0
8258 61.0
8259 61.0
8260 61.0
8261 61.0
8262 61.0
8263 61.0
8264 61.0
8265 61.0
8266 61.0
8267 61.0
8268 61.0
8269 61.0
8270 61.0
8271 61.0
8272 61.0
8273 61.0
8274 61.0
8275 61.0
8276 61.0
8277 61.0
8278 61.0
8279 61.0
8280 61.0
8281 61.0
8282 61.0
8283 61.0
8284 61.0
8285 61.0
8286 61.0
8287 61.0
8288 61.0
8289 61.0
8290 61.0
8291 61.0
8292 61.0
8293 61.0
8294 61.0
8295 61.0
8296 61.0
8297 61.0
8298 61.0
8299 61.0
8300 61.0
8301 61.0
8302 61.0
8303 61.0
8304 61.0
8305 61.0
8306 61.0
8307 61.0
8308 61.0
8309 61.0
8310 61.0
8311 61.0
8312 61.0
8313 61.0
8314 61.0
8315 61.0
8316 61.0
8317 61.0
8318 61.0
8319 61.0
8320 61.0
8321 61.0
8322 61.0
8323 61.0
8324 61.0
8325 61.0
8326 61.0
8327 61.0
8328 61.0
8329 61.0
8330 61.0
8331 61.0
8332 61.0
8333 61.0
8334 61.0
8335 61.0
8336 61.0
8337 61.0
8338 61.0
8339 61.0
8340 61.0
8341 61.0
8342 61.0
8343 61.0
8344 61.0
8345 61.0
8346 61.0
8347 61.0
8348 61.0
8349 61.0
8350 61.0
8351 61.0
8352 61.0
8353 61.0
8354 61.0
8355 61.0
8356 61.0
8357 61.0
8358 61.0
8359 61.0
8360 61.0
8361 61.0
8362 61.0
8363 61.0
8364 61.0
8365 61.0
8366 61.0
8367 61.0
8368 61.0
8369 61.0
8370 61.0
8371 61.0
8372 61.0
8373 61.0
8374 61.0
8375 61.0
8376 61.0
8377 61.0
8378 61.0
8379 61.0
8380 61.0
8381 61.0
8382 61.0
8383 61.0
8384 61.0
8385 61.0
8386 61.0
8387 61.0
8388 61.0
8389 61.0
8390 61.0
8391 61.0
8392 61.0
8393 61.0
8394 61.0
8395 61.0
8396 61.0
8397 61.0
8398 61.0
8399 61.0
8400 61.0
8401 61.0
8402 61.0
8403 61.0
8404 61.0
8405 61.0
8406 61.0
8407 61.0
8408 61.0
8409 61.0
8410 61.0
8411 61.0
8412 61.0
8413 61.0
8414 61.0
8415 61.0
8416 61.0
8417 61.0
8418 61.0
8419 61.0
8420 61.0
8421 61.0
8422 61.0
8423 61.0
8424 61.0
8425 61.0
8426 61.0
8427 61.0
8428 61.0
8429 61.0
8430 61.0
8431 61.0
8432 61.0
8433 61.0
8434 61.0
8435 61.0
8436 61.0
8437 61.0
8438 61.0
8439 61.0
8440 61.0
8441 61.0
8442 61.0
8443 61.0
8444 61.0
8445 61.0
8446 61.0
8447 61.0
8448 61.0
8449 61.0
8450 61.0
8451 61.0
8452 61.0
8453 61.0
8454 61.0
8455 61.0
8456 61.0
8457 61.0
8458 61.0
8459 61.0
8460 61.0
8461 61.0
8462 61.0
8463 61.0
8464 61.0
8465 61.0
8466 61.0
8467 61.0
8468 61.0
8469 61.0
8470 61.0
8471 61.0
8472 61.0
8473 61.0
8474 61.0
8475 61.0
8476 61.0
8477 61.0
8478 61.0
8479 61.0
8480 61.0
8481 61.0
8482 61.0
8483 61.0
8484 61.0
8485 61.0
8486 61.0
8487 61.0
8488 61.0
8489 61.0
8490 61.0
8491 61.0
8492 61.0
8493 61.0
8494 61.0
8495 61.0
8496 61.0
8497 61.0
8498 61.0
8499 61.0
8500 61.0
8501 61.0
8502 61.0
8503 61.0
8504 61.0
8505 61.0
8506 61.0
8507 61.0
8508 61.0
8509 61.0
8510 61.0
8511 61.0
8512 61.0
8513 61.0
8514 61.0
8515 61.0
8516 61.0
8517 61.0
8518 61.0
8519 61.0
8520 61.0
8521 61.0
8522 61.0
8523 61.0
8524 61.0
8525 61.0
8526 61.0
8527 61.0
8528 61.0
8529 61.0
8530 61.0
8531 61.0
8532 61.0
8533 61.0
8534 61.0
8535 61.0
8536 61.0
8537 61.0
8538 61.0
8539 61.0
8540 61.0
8541 61.0
8542 61.0
8543 61.0
8544 61.0
8545 61.0
8546 61.0
8547 61.0
8548 61.0
8549 61.0
8550 61.0
8551 61.0
8552 61.0
8553 61.0
8554 61.0
8555 61.0
8556 61.0
8557 61.0
8558 61.0
8559 61.0
8560 61.0
8561 61.0
8562 61.0
8563 61.0
8564 61.0
8565 61.0
8566 61.0
8567 61.0
8568 61.0
8569 61.0
8570 61.0
8571 61.0
8572 61.0
8573 61.0
8574 61.0
8575 61.0
8576 61.0
8577 61.0
8578 61.0
8579 61.0
8580 61.0
8581 61.0
8582 61.0
8583 61.0
8584 61.0
8585 61.0
8586 61.0
8587 61.0
8588 61.0
8589 61.0
8590 61.0
8591 61.0
8592 61.0
8593 61.0
8594 61.0
8595 61.0
8596 61.0
8597 61.0
8598 61.0
8599 61.0
8600 61.0
8601 61.0
8602 61.0
8603 61.0
8604 61.0
8605 61.0
8606 61.0
8607 61.0
8608 61.0
8609 61.0
8610 61.0
8611 61.0
8612 61.0
8613 61.0
8614 61.0
8615 61.0
8616 61.0
8617 61.0
8618 61.0
8619 61.0
8620 61.0
8621 61.0
8622 61.0
8623 61.0
8624 61.0
8625 61.0
8626 61.0
8627 61.0
8628 61.0
8629 61.0
8630 61.0
8631 61.0
8632 61.0
8633 61.0
8634 61.0
8635 61.0
8636 61.0
8637 61.0
8638 61.0
8639 61.0
8640 61.0
8641 61.0
8642 61.0
8643 61.0
8644 61.0
8645 61.0
8646 61.0
8647 61.0
8648 61.0
8649 61.0
8650 61.0
8651 61.0
8652 61.0
8653 61.0
8654 61.0
8655 61.0
8656 61.0
8657 61.0
8658 61.0
8659 61.0
8660 61.0
8661 61.0
8662 61.0
8663 61.0
8664 61.0
8665 61.0
8666 61.0
8667 61.0
8668 61.0
8669 61.0
8670 61.0
8671 61.0
8672 61.0
8673 61.0
8674 61.0
8675 61.0
8676 61.0
8677 61.0
8678 61.0
8679 61.0
8680 61.0
8681 61.0
8682 61.0
8683 61.0
8684 61.0
8685 61.0
8686 61.0
8687 61.0
8688 61.0
8689 61.0
8690 61.0
8691 61.0
8692 61.0
8693 61.0
8694 61.0
8695 61.0
8696 61.0
8697 61.0
8698 61.0
8699 61.0
8700 61.0
8701 61.0
8702 61.0
8703 61.0
8704 61.0
8705 61.0
8706 61.0
8707 61.0
8708 61.0
8709 61.0
8710 61.0
8711 61.0
8712 61.0
8713 61.0
8714 61.0
8715 61.0
8716 61.0
8717 61.0
8718 61.0
8719 61.0
8720 61.0
8721 61.0
8722 61.0
8723 61.0
8724 61.0
8725 61.0
8726 61.0
8727 61.0
8728 61.0
8729 61.0
8730 61.0
8731 61.0
8732 61.0
8733 61.0
8734 61.0
8735 61.0
8736 61.0
8737 61.0
8738 61.0
8739 61.0
8740 61.0
8741 61.0
8742 61.0
8743 61.0
8744 61.0
8745 61.0
8746 61.0
8747 61.0
8748 61.0
8749 61.0
8750 61.0
8751 61.0
8752 61.0
8753 61.0
8754 61.0
8755 61.0
8756 61.0
8757 61.0
8758 61.0
8759 61.0
8760 61.0
8761 61.0
8762 61.0
8763 61.0
8764 61.0
8765 61.0
8766 61.0
8767 61.0
8768 61.0
8769 61.0
8770 61.0
8771 61.0
8772 61.0
8773 61.0
8774 61.0
8775 61.0
8776 61.0
8777 61.0
8778 61.0
8779 61.0
8780 61.0
8781 61.0
8782 61.0
8783 61.0
8784 61.0
8785 61.0
8786 61.0
8787 61.0
8788 61.0
8789 61.0
8790 61.0
8791 61.0
8792 61.0
8793 61.0
8794 61.0
8795 61.0
8796 61.0
8797 61.0
8798 61.0
8799 61.0
8800 61.0
8801 61.0
8802 61.0
8803 61.0
8804 61.0
8805 61.0
8806 61.0
8807 61.0
8808 61.0
8809 61.0
8810 61.0
8811 61.0
8812 61.0
8813 61.0
8814 61.0
8815 61.0
8816 61.0
8817 61.0
8818 61.0
8819 61.0
8820 61.0
8821 61.0
8822 61.0
8823 61.0
8824 61.0
8825 61.0
8826 61.0
8827 61.0
8828 61.0
8829 61.0
8830 61.0
8831 61.0
8832 61.0
8833 61.0
8834 61.0
8835 61.0
8836 61.0
8837 61.0
8838 61.0
8839 61.0
8840 61.0
8841 61.0
8842 61.0
8843 61.0
8844 61.0
8845 61.0
8846 61.0
8847 61.0
8848 61.0
8849 61.0
8850 61.0
8851 61.0
8852 61.0
8853 61.0
8854 61.0
8855 61.0
8856 61.0
8857 61.0
8858 61.0
8859 61.0
8860 61.0
8861 61.0
8862 61.0
8863 61.0
8864 61.0
8865 61.0
8866 61.0
8867 61.0
8868 61.0
8869 61.0
8870 61.0
8871 61.0
8872 61.0
8873 61.0
8874 61.0
8875 61.0
8876 61.0
8877 61.0
8878 61.0
8879 61.0
8880 61.0
8881 61.0
8882 61.0
8883 61.0
8884 61.0
8885 61.0
8886 61.0
8887 61.0
8888 61.0
8889 61.0
8890 61.0
8891 61.0
8892 61.0
8893 61.0
8894 61.0
8895 61.0
8896 61.0
8897 61.0
8898 61.0
8899 61.0
8900 61.0
8901 61.0
8902 61.0
8903 61.0
8904 61.0
8905 61.0
8906 61.0
8907 61.0
8908 61.0
8909 61.0
8910 61.0
8911 61.0
8912 61.0
8913 61.0
8914 61.0
8915 61.0
8916 61.0
8917 61.0
8918 61.0
8919 61.0
8920 61.0
8921 61.0
8922 61.0
8923 61.0
8924 61.0
8925 61.0
8926 61.0
8927 61.0
8928 61.0
8929 61.0
8930 61.0
8931 61.0
8932 61.0
8933 61.0
8934 61.0
8935 61.0
8936 61.0
8937 61.0
8938 61.0
8939 61.0
8940 61.0
8941 61.0
8942 61.0
8943 61.0
8944 61.0
8945 61.0
8946 61.0
8947 61.0
8948 61.0
8949 61.0
8950 61.0
8951 61.0
8952 61.0
8953 61.0
8954 61.0
8955 61.0
8956 61.0
8957 61.0
8958 61.0
8959 61.0
8960 61.0
8961 61.0
8962 61.0
8963 61.0
8964 61.0
8965 61.0
8966 61.0
8967 61.0
8968 61.0
8969 61.0
8970 61.0
8971 61.0
8972 61.0
8973 61.0
8974 61.0
8975 61.0
8976 61.0
8977 61.0
8978 61.0
8979 61.0
8980 61.0
8981 61.0
8982 61.0
8983 61.0
8984 61.0
8985 61.0
8986 61.0
8987 61.0
8988 61.0
8989 61.0
8990 61.0
8991 61.0
8992 61.0
8993 61.0
8994 61.0
8995 61.0
8996 61.0
8997 61.0
8998 61.0
8999 61.0
9000 61.0
9001 61.0
9002 61.0
9003 61.0
9004 61.0
9005 61.0
9006 61.0
9007 61.0
9008 61.0
9009 61.0
9010 61.0
9011 61.0
9012 61.0
9013 61.0
9014 61.0
9015 61.0
9016 61.0
9017 61.0
9018 61.0
9019 61.0
9020 61.0
9021 61.0
9022 61.0
9023 61.0
9024 61.0
9025 61.0
9026 61.0
9027 61.0
9028 61.0
9029 61.0
9030 61.0
9031 61.0
9032 61.0
9033 61.0
9034 61.0
9035 61.0
9036 61.0
9037 61.0
9038 61.0
9039 61.0
9040 61.0
9041 61.0
9042 61.0
9043 61.0
9044 61.0
9045 61.0
9046 61.0
9047 61.0
9048 61.0
9049 61.0
9050 61.0
9051 61.0
9052 61.0
9053 61.0
9054 61.0
9055 61.0
9056 61.0
9057 61.0
9058 61.0
9059 61.0
9060 61.0
9061 61.0
9062 61.0
9063 61.0
9064 61.0
9065 61.0
9066 61.0
9067 61.0
9068 61.0
9069 61.0
9070 61.0
9071 61.0
9072 61.0
9073 61.0
9074 61.0
9075 61.0
9076 61.0
9077 61.0
9078 61.0
9079 61.0
9080 61.0
9081 61.0
9082 61.0
9083 61.0
9084 61.0
9085 61.0
9086 61.0
9087 61.0
9088 61.0
9089 61.0
9090 61.0
9091 61.0
9092 61.0
9093 61.0
9094 61.0
9095 61.0
9096 61.0
9097 61.0
9098 61.0
9099 61.0
9100 61.0
9101 61.0
9102 61.0
9103 61.0
9104 61.0
9105 61.0
9106 61.0
9107 61.0
9108 61.0
9109 61.0
9110 61.0
9111 61.0
9112 61.0
9113 61.0
9114 61.0
9115 61.0
9116 61.0
9117 61.0
9118 61.0
9119 61.0
9120 61.0
9121 61.0
9122 61.0
9123 61.0
9124 61.0
9125 61.0
9126 61.0
9127 61.0
9128 61.0
9129 61.0
9130 61.0
9131 61.0
9132 61.0
9133 61.0
9134 61.0
9135 61.0
9136 61.0
9137 61.0
9138 61.0
9139 61.0
9140 61.0
9141 61.0
9142 61.0
9143 61.0
9144 61.0
9145 61.0
9146 61.0
9147 61.0
9148 61.0
9149 61.0
9150 61.0
9151 61.0
9152 61.0
9153 61.0
9154 61.0
9155 61.0
9156 61.0
9157 61.0
9158 61.0
9159 61.0
9160 61.0
9161 61.0
9162 61.0
9163 61.0
9164 61.0
9165 61.0
9166 61.0
9167 61.0
9168 61.0
9169 61.0
9170 61.0
9171 61.0
9172 61.0
9173 61.0
9174 61.0
9175 61.0
9176 61.0
9177 61.0
9178 61.0
9179 61.0
9180 61.0
9181 61.0
9182 61.0
9183 61.0
9184 61.0
9185 61.0
9186 61.0
9187 61.0
9188 61.0
9189 61.0
9190 61.0
9191 61.0
9192 61.0
9193 61.0
9194 61.0
9195 61.0
9196 61.0
9197 61.0
9198 61.0
9199 61.0
9200 61.0
9201 61.0
9202 61.0
9203 61.0
9204 61.0
9205 61.0
9206 61.0
9207 61.0
9208 61.0
9209 61.0
9210 61.0
9211 61.0
9212 61.0
9213 61.0
9214 61.0
9215 61.0
9216 61.0
9217 61.0
9218 61.0
9219 61.0
9220 61.0
9221 61.0
9222 61.0
9223 61.0
9224 61.0
9225 61.0
9226 61.0
9227 61.0
9228 61.0
9229 61.0
9230 61.0
9231 61.0
9232 61.0
9233 61.0
9234 61.0
9235 61.0
9236 61.0
9237 61.0
9238 61.0
9239 61.0
9240 61.0
9241 61.0
9242 61.0
9243 61.0
9244 61.0
9245 61.0
9246 61.0
9247 61.0
9248 61.0
9249 61.0
9250 61.0
9251 61.0
9252 61.0
9253 61.0
9254 61.0
9255 61.0
9256 61.0
9257 61.0
9258 61.0
9259 61.0
9260 61.0
9261 61.0
9262 61.0
9263 61.0
9264 61.0
9265 61.0
9266 61.0
9267 61.0
9268 61.0
9269 61.0
9270 61.0
9271 61.0
9272 61.0
9273 61.0
9274 61.0
9275 61.0
9276 61.0
9277 61.0
9278 61.0
9279 61.0
9280 61.0
9281 61.0
9282 61.0
9283 61.0
9284 61.0
9285 61.0
9286 61.0
9287 61.0
9288 61.0
9289 61.0
9290 61.0
9291 61.0
9292 61.0
9293 61.0
9294 61.0
9295 61.0
9296 61.0
9297 61.0
9298 61.0
9299 61.0
9300 61.0
9301 61.0
9302 61.0
9303 61.0
9304 61.0
9305 61.0
9306 61.0
9307 61.0
9308 61.0
9309 61.0
9310 61.0
9311 61.0
9312 61.0
9313 61.0
9314 61.0
9315 61.0
9316 61.0
9317 61.0
9318 61.0
9319 61.0
9320 61.0
9321 61.0
9322 61.0
9323 61.0
9324 61.0
9325 61.0
9326 61.0
9327 61.0
9328 61.0
9329 61.0
9330 61.0
9331 61.0
9332 61.0
9333 61.0
9334 61.0
9335 61.0
9336 61.0
9337 61.0
9338 61.0
9339 61.0
9340 61.0
9341 61.0
9342 61.0
9343 61.0
9344 61.0
9345 61.0
9346 61.0
9347 61.0
9348 61.0
9349 61.0
9350 61.0
9351 61.0
9352 61.0
9353 61.0
9354 61.0
9355 61.0
9356 61.0
9357 61.0
9358 61.0
9359 61.0
9360 61.0
9361 61.0
9362 61.0
9363 61.0
9364 61.0
9365 61.0
9366 61.0
9367 61.0
9368 61.0
9369 61.0
9370 61.0
9371 61.0
9372 61.0
9373 61.0
9374 61.0
9375 61.0
9376 61.0
9377 61.0
9378 61.0
9379 61.0
9380 61.0
9381 61.0
9382 61.0
9383 61.0
9384 61.0
9385 61.0
9386 61.0
9387 61.0
9388 61.0
9389 61.0
9390 61.0
9391 61.0
9392 61.0
9393 61.0
9394 61.0
9395 61.0
9396 61.0
9397 61.0
9398 61.0
9399 61.0
9400 61.0
9401 61.0
9402 61.0
9403 61.0
9404 61.0
9405 61.0
9406 61.0
9407 61.0
9408 61.0
9409 61.0
9410 61.0
9411 61.0
9412 61.0
9413 61.0
9414 61.0
9415 61.0
9416 61.0
9417 61.0
9418 61.0
9419 61.0
9420 61.0
9421 61.0
9422 61.0
9423 61.0
9424 61.0
9425 61.0
9426 61.0
9427 61.0
9428 61.0
9429 61.0
9430 61.0
9431 61.0
9432 61.0
9433 61.0
9434 61.0
9435 61.0
9436 61.0
9437 61.0
9438 61.0
9439 61.0
9440 61.0
9441 61.0
9442 61.0
9443 61.0
9444 61.0
9445 61.0
9446 61.0
9447 61.0
9448 61.0
9449 61.0
9450 61.0
9451 61.0
9452 61.0
9453 61.0
9454 61.0
9455 61.0
9456 61.0
9457 61.0
9458 61.0
9459 61.0
9460 61.0
9461 61.0
9462 61.0
9463 61.0
9464 61.0
9465 61.0
9466 61.0
9467 61.0
9468 61.0
9469 61.0
9470 61.0
9471 61.0
9472 61.0
9473 61.0
9474 61.0
9475 61.0
9476 61.0
9477 61.0
9478 61.0
9479 61.0
9480 61.0
9481 61.0
9482 61.0
9483 61.0
9484 61.0
9485 61.0
9486 61.0
9487 61.0
9488 61.0
9489 61.0
9490 61.0
9491 61.0
9492 61.0
9493 61.0
9494 61.0
9495 61.0
9496 61.0
9497 61.0
9498 61.0
9499 61.0
9500 61.0
9501 61.0
9502 61.0
9503 61.0
9504 61.0
9505 61.0
9506 61.0
9507 61.0
9508 61.0
9509 61.0
9510 61.0
9511 61.0
9512 61.0
9513 61.0
9514 61.0
9515 61.0
9516 61.0
9517 61.0
9518 61.0
9519 61.0
9520 61.0
9521 61.0
9522 61.0
9523 61.0
9524 61.0
9525 61.0
9526 61.0
9527 61.0
9528 61.0
9529 61.0
9530 61.0
9531 61.0
9532 61.0
9533 61.0
9534 61.0
9535 61.0
9536 61.0
9537 61.0
9538 61.0
9539 61.0
9540 61.0
9541 61.0
9542 61.0
9543 61.0
9544 61.0
9545 61.0
9546 61.0
9547 61.0
9548 61.0
9549 61.0
9550 61.0
9551 61.0
9552 61.0
9553 61.0
9554 61.0
9555 61.0
9556 61.0
9557 61.0
9558 61.0
9559 61.0
9560 61.0
9561 61.0
9562 61.0
9563 61.0
9564 61.0
9565 61.0
9566 61.0
9567 61.0
9568 61.0
9569 61.0
9570 61.0
9571 61.0
9572 61.0
9573 61.0
9574 61.0
9575 61.0
9576 61.0
9577 61.0
9578 61.0
9579 61.0
9580 61.0
9581 61.0
9582 61.0
9583 61.0
9584 61.0
9585 61.0
9586 61.0
9587 61.0
9588 61.0
9589 61.0
9590 61.0
9591 61.0
9592 61.0
9593 61.0
9594 61.0
9595 61.0
9596 61.0
9597 61.0
9598 61.0
9599 61.0
9600 61.0
9601 61.0
9602 61.0
9603 61.0
9604 61.0
9605 61.0
9606 61.0
9607 61.0
9608 61.0
9609 61.0
9610 61.0
9611 61.0
9612 61.0
9613 61.0
9614 61.0
9615 61.0
9616 61.0
9617 61.0
9618 61.0
9619 61.0
9620 61.0
9621 61.0
9622 61.0
9623 61.0
9624 61.0
9625 61.0
9626 61.0
9627 61.0
9628 61.0
9629 61.0
9630 61.0
9631 61.0
9632 61.0
9633 61.0
9634 61.0
9635 61.0
9636 61.0
9637 61.0
9638 61.0
9639 61.0
9640 61.0
9641 61.0
9642 61.0
9643 61.0
9644 61.0
9645 61.0
9646 61.0
9647 61.0
9648 61.0
9649 61.0
9650 61.0
9651 61.0
9652 61.0
9653 61.0
9654 61.0
9655 61.0
9656 61.0
9657 61.0
9658 61.0
9659 61.0
9660 61.0
9661 61.0
9662 61.0
9663 61.0
9664 61.0
9665 61.0
9666 61.0
9667 61.0
9668 61.0
9669 61.0
9670 61.0
9671 61.0
9672 61.0
9673 61.0
9674 61.0
9675 61.0
9676 61.0
9677 61.0
9678 61.0
9679 61.0
9680 61.0
9681 61.0
9682 61.0
9683 61.0
9684 61.0
9685 61.0
9686 61.0
9687 61.0
9688 61.0
9689 61.0
9690 61.0
9691 61.0
9692 61.0
9693 61.0
9694 61.0
9695 61.0
9696 61.0
9697 61.0
9698 61.0
9699 61.0
9700 61.0
9701 61.0
9702 61.0
9703 61.0
9704 61.0
9705 61.0
9706 61.0
9707 61.0
9708 61.0
9709 61.0
9710 61.0
9711 61.0
9712 61.0
9713 61.0
9714 61.0
9715 61.0
9716 61.0
9717 61.0
9718 61.0
9719 61.0
9720 61.0
9721 61.0
9722 61.0
9723 61.0
9724 61.0
9725 61.0
9726 61.0
9727 61.0
9728 61.0
9729 61.0
9730 61.0
9731 61.0
9732 61.0
9733 61.0
9734 61.0
9735 61.0
9736 61.0
9737 61.0
9738 61.0
9739 61.0
9740 61.0
9741 61.0
9742 61.0
9743 61.0
9744 61.0
9745 61.0
9746 61.0
9747 61.0
9748 61.0
9749 61.0
9750 61.0
9751 61.0
9752 61.0
9753 61.0
9754 61.0
9755 61.0
9756 61.0
9757 61.0
9758 61.0
9759 61.0
9760 61.0
9761 61.0
9762 61.0
9763 61.0
9764 61.0
9765 61.0
9766 61.0
9767 61.0
9768 61.0
9769 61.0
9770 61.0
9771 61.0
9772 61.0
9773 61.0
9774 61.0
9775 61.0
9776 61.0
9777 61.0
9778 61.0
9779 61.0
9780 61.0
9781 61.0
9782 61.0
9783 61.0
9784 61.0
9785 61.0
9786 61.0
9787 61.0
9788 61.0
9789 61.0
9790 61.0
9791 61.0
9792 61.0
9793 61.0
9794 61.0
9795 61.0
9796 61.0
9797 61.0
9798 61.0
9799 61.0
9800 61.0
9801 61.0
9802 61.0
9803 61.0
9804 61.0
9805 61.0
9806 61.0
9807 61.0
9808 61.0
9809 61.0
9810 61.0
9811 61.0
9812 61.0
9813 61.0
9814 61.0
9815 61.0
9816 61.0
9817 61.0
9818 61.0
9819 61.0
9820 61.0
9821 61.0
9822 61.0
9823 61.0
9824 61.0
9825 61.0
9826 61.0
9827 61.0
9828 61.0
9829 61.0
9830 61.0
9831 61.0
9832 61.0
9833 61.0
9834 61.0
9835 61.0
9836 61.0
9837 61.0
9838 61.0
9839 61.0
9840 61.0
9841 61.0
9842 61.0
9843 61.0
9844 61.0
9845 61.0
9846 61.0
9847 61.0
9848 61.0
9849 61.0
9850 61.0
9851 61.0
9852 61.0
9853 61.0
9854 61.0
9855 61.0
9856 61.0
9857 61.0
9858 61.0
9859 61.0
9860 61.0
9861 61.0
9862 61.0
9863 61.0
9864 61.0
9865 61.0
9866 61.0
9867 61.0
9868 61.0
9869 61.0
9870 61.0
9871 61.0
9872 61.0
9873 61.0
9874 61.0
9875 61.0
9876 61.0
9877 61.0
9878 61.0
9879 61.0
9880 61.0
9881 61.0
9882 61.0
9883 61.0
9884 61.0
9885 61.0
9886 61.0
9887 61.0
9888 61.0
9889 61.0
9890 61.0
9891 61.0
9892 61.0
9893 61.0
9894 61.0
9895 61.0
9896 61.0
9897 61.0
9898 61.0
9899 61.0
9900 61.0
9901 61.0
9902 61.0
9903 61.0
9904 61.0
9905 61.0
9906 61.0
9907 61.0
9908 61.0
9909 61.0
9910 61.0
9911 61.0
9912 61.0
9913 61.0
9914 61.0
9915 61.0
9916 61.0
9917 61.0
9918 61.0
9919 61.0
9920 61.0
9921 61.0
9922 61.0
9923 61.0
9924 61.0
9925 61.0
9926 61.0
9927 61.0
9928 61.0
9929 61.0
9930 61.0
9931 61.0
9932 61.0
9933 61.0
9934 61.0
9935 61.0
9936 61.0
9937 61.0
9938 61.0
9939 61.0
9940 61.0
9941 61.0
9942 61.0
9943 61.0
9944 61.0
9945 61.0
9946 61.0
9947 61.0
9948 61.0
9949 61.0
9950 61.0
9951 61.0
9952 61.0
9953 61.0
9954 61.0
9955 61.0
9956 61.0
9957 61.0
9958 61.0
9959 61.0
9960 61.0
9961 61.0
9962 61.0
9963 61.0
9964 61.0
9965 61.0
9966 61.0
9967 61.0
9968 61.0
9969 61.0
9970 61.0
9971 61.0
9972 61.0
9973 61.0
9974 61.0
9975 61.0
9976 61.0
9977 61.0
9978 61.0
9979 61.0
9980 61.0
9981 61.0
9982 61.0
9983 61.0
9984 61.0
9985 61.0
9986 61.0
9987 61.0
9988 61.0
9989 61.0
9990 61.0
9991 61.0
9992 61.0
9993 61.0
9994 61.0
9995 61.0
9996 61.0
9997 61.0
9998 61.0
9999 61.0
10000 61.0
10001 61.0
10002 61.0
10003 61.0
10004 61.0
10005 61.0
10006 61.0
10007 61.0
