evaluations raw_y
1 -377.0000000000
4 -376.0000000000
5 -375.0000000000
8 -374.0000000000
9 -373.0000000000
11 -372.0000000000
13 -371.0000000000
14 -370.0000000000
15 -369.0000000000
16 -368.0000000000
17 -367.0000000000
18 -366.0000000000
19 -365.0000000000
26 -364.0000000000
30 -363.0000000000
34 -362.0000000000
36 -361.0000000000
37 -360.0000000000
38 -359.0000000000
44 -358.0000000000
52 -357.0000000000
53 -356.0000000000
54 -355.0000000000
55 -354.0000000000
56 -353.0000000000
58 -352.0000000000
61 -351.0000000000
62 -350.0000000000
66 -349.0000000000
68 -348.0000000000
69 -347.0000000000
70 -346.0000000000
71 -345.0000000000
72 -344.0000000000
75 -343.0000000000
78 -342.0000000000
79 -341.0000000000
80 -340.0000000000
82 -339.0000000000
84 -338.0000000000
86 -337.0000000000
89 -336.0000000000
94 -335.0000000000
95 -334.0000000000
97 -333.0000000000
101 -332.0000000000
102 -331.0000000000
105 -330.0000000000
108 -329.0000000000
109 -328.0000000000
110 -327.0000000000
116 -326.0000000000
117 -325.0000000000
118 -324.0000000000
120 -323.0000000000
121 -322.0000000000
122 -321.0000000000
124 -320.0000000000
125 -319.0000000000
126 -318.0000000000
128 -317.0000000000
129 -316.0000000000
132 -315.0000000000
134 -314.0000000000
136 -313.0000000000
137 -312.0000000000
138 -311.0000000000
139 -310.0000000000
141 -309.0000000000
142 -308.0000000000
143 -307.0000000000
144 -306.0000000000
145 -305.0000000000
146 -304.0000000000
148 -303.0000000000
152 -302.0000000000
153 -301.0000000000
156 -300.0000000000
157 -299.0000000000
158 -298.0000000000
160 -297.0000000000
161 -296.0000000000
163 -295.0000000000
164 -294.0000000000
168 -293.0000000000
169 -292.0000000000
173 -291.0000000000
175 -290.0000000000
178 -289.0000000000
179 -288.0000000000
180 -287.0000000000
181 -286.0000000000
183 -285.0000000000
192 -284.0000000000
193 -283.0000000000
194 -282.0000000000
195 -281.0000000000
196 -280.0000000000
197 -279.0000000000
203 -278.0000000000
204 -277.0000000000
206 -276.0000000000
207 -275.0000000000
208 -274.0000000000
209 -273.0000000000
211 -272.0000000000
213 -271.0000000000
214 -270.0000000000
216 -269.0000000000
218 -268.0000000000
219 -267.0000000000
222 -266.0000000000
223 -265.0000000000
224 -264.0000000000
227 -263.0000000000
230 -262.0000000000
237 -261.0000000000
241 -260.0000000000
242 -259.0000000000
246 -258.0000000000
247 -257.0000000000
251 -256.0000000000
257 -255.0000000000
258 -254.0000000000
260 -253.0000000000
261 -252.0000000000
268 -251.0000000000
271 -250.0000000000
272 -249.0000000000
273 -248.0000000000
275 -247.0000000000
277 -246.0000000000
283 -245.0000000000
285 -244.0000000000
287 -243.0000000000
289 -242.0000000000
292 -241.0000000000
293 -240.0000000000
300 -239.0000000000
301 -238.0000000000
304 -237.0000000000
307 -236.0000000000
312 -235.0000000000
314 -234.0000000000
315 -233.0000000000
316 -232.0000000000
318 -231.0000000000
322 -230.0000000000
328 -229.0000000000
336 -228.0000000000
341 -227.0000000000
346 -226.0000000000
354 -225.0000000000
358 -224.0000000000
359 -223.0000000000
362 -222.0000000000
365 -221.0000000000
366 -220.0000000000
370 -219.0000000000
371 -218.0000000000
372 -217.0000000000
373 -216.0000000000
374 -215.0000000000
382 -214.0000000000
389 -213.0000000000
391 -212.0000000000
392 -211.0000000000
393 -210.0000000000
394 -209.0000000000
402 -208.0000000000
404 -207.0000000000
406 -206.0000000000
421 -205.0000000000
423 -204.0000000000
428 -203.0000000000
434 -202.0000000000
441 -201.0000000000
442 -200.0000000000
444 -199.0000000000
445 -198.0000000000
453 -197.0000000000
454 -196.0000000000
456 -195.0000000000
460 -194.0000000000
464 -193.0000000000
467 -192.0000000000
470 -191.0000000000
474 -190.0000000000
477 -189.0000000000
481 -188.0000000000
483 -187.0000000000
485 -186.0000000000
488 -185.0000000000
489 -184.0000000000
490 -183.0000000000
499 -182.0000000000
503 -181.0000000000
505 -180.0000000000
506 -179.0000000000
508 -178.0000000000
509 -177.0000000000
511 -176.0000000000
513 -175.0000000000
516 -174.0000000000
518 -173.0000000000
522 -172.0000000000
524 -171.0000000000
528 -170.0000000000
530 -169.0000000000
538 -168.0000000000
542 -167.0000000000
547 -166.0000000000
549 -165.0000000000
552 -164.0000000000
555 -163.0000000000
556 -162.0000000000
560 -161.0000000000
561 -160.0000000000
569 -159.0000000000
570 -158.0000000000
572 -157.0000000000
575 -156.0000000000
579 -155.0000000000
581 -154.0000000000
585 -153.0000000000
588 -152.0000000000
590 -151.0000000000
591 -150.0000000000
598 -149.0000000000
602 -148.0000000000
603 -147.0000000000
605 -146.0000000000
610 -145.0000000000
612 -144.0000000000
613 -143.0000000000
616 -142.0000000000
623 -141.0000000000
624 -140.0000000000
636 -139.0000000000
637 -138.0000000000
641 -137.0000000000
643 -136.0000000000
645 -135.0000000000
647 -134.0000000000
657 -133.0000000000
663 -132.0000000000
664 -131.0000000000
672 -130.0000000000
676 -129.0000000000
683 -128.0000000000
686 -127.0000000000
690 -126.0000000000
693 -125.0000000000
706 -124.0000000000
724 -123.0000000000
725 -122.0000000000
726 -121.0000000000
727 -120.0000000000
729 -119.0000000000
737 -118.0000000000
744 -117.0000000000
751 -116.0000000000
756 -115.0000000000
758 -114.0000000000
759 -113.0000000000
785 -112.0000000000
786 -111.0000000000
789 -110.0000000000
790 -109.0000000000
795 -108.0000000000
803 -107.0000000000
810 -106.0000000000
818 -105.0000000000
828 -104.0000000000
835 -103.0000000000
840 -102.0000000000
853 -101.0000000000
862 -100.0000000000
866 -99.0000000000
876 -98.0000000000
892 -97.0000000000
895 -96.0000000000
904 -95.0000000000
909 -94.0000000000
919 -93.0000000000
930 -92.0000000000
931 -91.0000000000
941 -90.0000000000
942 -89.0000000000
946 -88.0000000000
985 -87.0000000000
991 -86.0000000000
994 -85.0000000000
1000 -84.0000000000
1001 -83.0000000000
1037 -82.0000000000
1047 -81.0000000000
1064 -80.0000000000
1086 -79.0000000000
1092 -78.0000000000
1110 -77.0000000000
1114 -76.0000000000
1128 -75.0000000000
1130 -74.0000000000
1152 -73.0000000000
1179 -72.0000000000
1181 -71.0000000000
1188 -70.0000000000
1192 -69.0000000000
1195 -68.0000000000
1209 -67.0000000000
1234 -66.0000000000
1237 -65.0000000000
1243 -64.0000000000
1247 -63.0000000000
1257 -62.0000000000
1260 -61.0000000000
1266 -60.0000000000
1267 -59.0000000000
1272 -58.0000000000
1274 -57.0000000000
1289 -56.0000000000
1314 -55.0000000000
1324 -54.0000000000
1361 -53.0000000000
1370 -52.0000000000
1398 -51.0000000000
1427 -50.0000000000
1433 -49.0000000000
1443 -48.0000000000
1464 -47.0000000000
1482 -46.0000000000
1516 -45.0000000000
1518 -44.0000000000
1520 -43.0000000000
1609 -42.0000000000
1611 -41.0000000000
1619 -40.0000000000
1650 -39.0000000000
1655 -38.0000000000
1660 -37.0000000000
1674 -36.0000000000
1685 -35.0000000000
1687 -34.0000000000
1718 -33.0000000000
1743 -32.0000000000
1760 -31.0000000000
1784 -30.0000000000
1791 -29.0000000000
1793 -28.0000000000
1807 -27.0000000000
1817 -26.0000000000
1832 -25.0000000000
1855 -24.0000000000
1881 -23.0000000000
1886 -22.0000000000
1899 -21.0000000000
1914 -20.0000000000
1973 -19.0000000000
1980 -18.0000000000
1981 -17.0000000000
1984 -16.0000000000
1998 -15.0000000000
2001 -14.0000000000
2026 -13.0000000000
2036 -12.0000000000
2039 -11.0000000000
2081 -10.0000000000
2109 -9.0000000000
2125 -8.0000000000
2213 -7.0000000000
2259 -6.0000000000
2324 -5.0000000000
2349 -4.0000000000
2499 -3.0000000000
2529 -2.0000000000
2572 -1.0000000000
2938 613.0000000000
10000 -1.0000000000
