evaluations raw_y
1 -2034.0000000000
2 -2033.0000000000
4 -2032.0000000000
5 -2031.0000000000
9 -2030.0000000000
11 -2029.0000000000
15 -2028.0000000000
17 -2027.0000000000
18 -2026.0000000000
19 -2025.0000000000
21 -2024.0000000000
23 -2023.0000000000
24 -2022.0000000000
27 -2021.0000000000
32 -2020.0000000000
33 -2018.0000000000
39 -2017.0000000000
40 -2016.0000000000
42 -2014.0000000000
44 -2013.0000000000
48 -2011.0000000000
50 -2010.0000000000
54 -2009.0000000000
56 -2008.0000000000
57 -2005.0000000000
59 -2004.0000000000
61 -2003.0000000000
62 -2002.0000000000
63 -2001.0000000000
65 -2000.0000000000
66 -1999.0000000000
67 -1998.0000000000
71 -1997.0000000000
72 -1996.0000000000
73 -1994.0000000000
77 -1993.0000000000
78 -1992.0000000000
79 -1991.0000000000
80 -1990.0000000000
82 -1989.0000000000
84 -1988.0000000000
86 -1986.0000000000
87 -1985.0000000000
89 -1984.0000000000
91 -1983.0000000000
93 -1982.0000000000
94 -1981.0000000000
95 -1980.0000000000
99 -1979.0000000000
106 -1978.0000000000
107 -1977.0000000000
110 -1976.0000000000
114 -1975.0000000000
115 -1974.0000000000
116 -1973.0000000000
119 -1971.0000000000
122 -1970.0000000000
126 -1969.0000000000
127 -1968.0000000000
130 -1967.0000000000
131 -1966.0000000000
135 -1965.0000000000
137 -1964.0000000000
141 -1963.0000000000
142 -1962.0000000000
143 -1960.0000000000
144 -1959.0000000000
145 -1958.0000000000
149 -1957.0000000000
152 -1956.0000000000
153 -1955.0000000000
154 -1954.0000000000
157 -1953.0000000000
158 -1952.0000000000
160 -1951.0000000000
163 -1950.0000000000
164 -1949.0000000000
166 -1948.0000000000
168 -1947.0000000000
170 -1946.0000000000
173 -1945.0000000000
174 -1944.0000000000
175 -1943.0000000000
179 -1942.0000000000
182 -1940.0000000000
188 -1938.0000000000
194 -1937.0000000000
195 -1936.0000000000
201 -1935.0000000000
203 -1934.0000000000
204 -1933.0000000000
205 -1932.0000000000
206 -1931.0000000000
209 -1930.0000000000
210 -1928.0000000000
211 -1927.0000000000
212 -1925.0000000000
213 -1924.0000000000
214 -1923.0000000000
215 -1922.0000000000
216 -1919.0000000000
220 -1918.0000000000
222 -1917.0000000000
225 -1916.0000000000
230 -1915.0000000000
231 -1914.0000000000
235 -1913.0000000000
241 -1912.0000000000
247 -1911.0000000000
248 -1909.0000000000
249 -1908.0000000000
251 -1907.0000000000
253 -1906.0000000000
254 -1905.0000000000
256 -1904.0000000000
257 -1902.0000000000
259 -1901.0000000000
260 -1900.0000000000
263 -1899.0000000000
267 -1898.0000000000
268 -1897.0000000000
269 -1896.0000000000
272 -1894.0000000000
275 -1893.0000000000
277 -1892.0000000000
278 -1891.0000000000
279 -1890.0000000000
283 -1889.0000000000
286 -1888.0000000000
296 -1887.0000000000
297 -1886.0000000000
301 -1885.0000000000
304 -1884.0000000000
310 -1883.0000000000
311 -1882.0000000000
313 -1881.0000000000
314 -1880.0000000000
315 -1879.0000000000
319 -1878.0000000000
320 -1877.0000000000
323 -1876.0000000000
327 -1875.0000000000
329 -1874.0000000000
330 -1873.0000000000
335 -1872.0000000000
336 -1871.0000000000
338 -1870.0000000000
342 -1869.0000000000
343 -1868.0000000000
344 -1867.0000000000
347 -1866.0000000000
348 -1865.0000000000
349 -1864.0000000000
351 -1863.0000000000
356 -1862.0000000000
357 -1861.0000000000
358 -1860.0000000000
359 -1859.0000000000
361 -1858.0000000000
372 -1857.0000000000
375 -1856.0000000000
376 -1855.0000000000
377 -1854.0000000000
378 -1853.0000000000
382 -1852.0000000000
383 -1851.0000000000
387 -1849.0000000000
389 -1848.0000000000
390 -1847.0000000000
391 -1845.0000000000
392 -1844.0000000000
393 -1843.0000000000
396 -1842.0000000000
397 -1841.0000000000
398 -1838.0000000000
399 -1836.0000000000
404 -1835.0000000000
407 -1834.0000000000
409 -1833.0000000000
410 -1832.0000000000
412 -1831.0000000000
413 -1830.0000000000
416 -1829.0000000000
417 -1828.0000000000
418 -1827.0000000000
420 -1826.0000000000
423 -1824.0000000000
424 -1823.0000000000
425 -1822.0000000000
427 -1821.0000000000
428 -1820.0000000000
430 -1819.0000000000
431 -1818.0000000000
433 -1816.0000000000
435 -1815.0000000000
438 -1813.0000000000
440 -1812.0000000000
441 -1809.0000000000
443 -1808.0000000000
444 -1807.0000000000
448 -1806.0000000000
449 -1805.0000000000
450 -1804.0000000000
452 -1803.0000000000
453 -1802.0000000000
459 -1800.0000000000
461 -1799.0000000000
464 -1798.0000000000
472 -1797.0000000000
473 -1795.0000000000
477 -1794.0000000000
478 -1793.0000000000
479 -1792.0000000000
481 -1791.0000000000
482 -1790.0000000000
489 -1789.0000000000
491 -1788.0000000000
495 -1786.0000000000
496 -1785.0000000000
499 -1784.0000000000
500 -1783.0000000000
501 -1782.0000000000
502 -1781.0000000000
507 -1780.0000000000
510 -1779.0000000000
512 -1778.0000000000
514 -1776.0000000000
517 -1774.0000000000
518 -1773.0000000000
519 -1772.0000000000
520 -1771.0000000000
521 -1770.0000000000
525 -1769.0000000000
528 -1768.0000000000
529 -1767.0000000000
531 -1765.0000000000
532 -1764.0000000000
535 -1763.0000000000
536 -1762.0000000000
537 -1760.0000000000
539 -1757.0000000000
541 -1756.0000000000
544 -1755.0000000000
545 -1752.0000000000
547 -1751.0000000000
550 -1750.0000000000
553 -1749.0000000000
557 -1748.0000000000
559 -1747.0000000000
563 -1746.0000000000
565 -1745.0000000000
566 -1744.0000000000
571 -1743.0000000000
572 -1742.0000000000
573 -1741.0000000000
574 -1740.0000000000
575 -1739.0000000000
578 -1737.0000000000
580 -1736.0000000000
586 -1735.0000000000
589 -1734.0000000000
590 -1733.0000000000
591 -1732.0000000000
592 -1731.0000000000
593 -1730.0000000000
597 -1729.0000000000
599 -1728.0000000000
601 -1727.0000000000
604 -1726.0000000000
609 -1725.0000000000
610 -1724.0000000000
612 -1723.0000000000
613 -1721.0000000000
614 -1720.0000000000
615 -1719.0000000000
616 -1718.0000000000
617 -1717.0000000000
618 -1716.0000000000
619 -1714.0000000000
621 -1713.0000000000
622 -1712.0000000000
623 -1711.0000000000
628 -1710.0000000000
636 -1709.0000000000
639 -1705.0000000000
645 -1704.0000000000
648 -1703.0000000000
650 -1702.0000000000
655 -1701.0000000000
657 -1700.0000000000
658 -1699.0000000000
662 -1698.0000000000
667 -1697.0000000000
670 -1696.0000000000
672 -1695.0000000000
674 -1694.0000000000
677 -1693.0000000000
683 -1692.0000000000
685 -1690.0000000000
686 -1689.0000000000
688 -1688.0000000000
689 -1687.0000000000
690 -1686.0000000000
692 -1685.0000000000
696 -1684.0000000000
708 -1683.0000000000
714 -1682.0000000000
715 -1681.0000000000
720 -1680.0000000000
721 -1679.0000000000
726 -1678.0000000000
728 -1677.0000000000
730 -1676.0000000000
735 -1674.0000000000
739 -1673.0000000000
741 -1672.0000000000
747 -1671.0000000000
755 -1670.0000000000
756 -1669.0000000000
758 -1668.0000000000
759 -1667.0000000000
763 -1666.0000000000
765 -1665.0000000000
769 -1664.0000000000
772 -1663.0000000000
774 -1662.0000000000
777 -1661.0000000000
778 -1660.0000000000
781 -1658.0000000000
786 -1657.0000000000
791 -1656.0000000000
793 -1655.0000000000
794 -1654.0000000000
801 -1653.0000000000
802 -1652.0000000000
804 -1650.0000000000
805 -1648.0000000000
806 -1647.0000000000
808 -1646.0000000000
809 -1645.0000000000
810 -1644.0000000000
811 -1643.0000000000
814 -1642.0000000000
815 -1640.0000000000
818 -1639.0000000000
823 -1638.0000000000
827 -1637.0000000000
828 -1636.0000000000
831 -1635.0000000000
833 -1634.0000000000
837 -1633.0000000000
839 -1632.0000000000
840 -1631.0000000000
842 -1630.0000000000
843 -1629.0000000000
845 -1628.0000000000
846 -1627.0000000000
849 -1626.0000000000
855 -1625.0000000000
856 -1624.0000000000
857 -1623.0000000000
858 -1622.0000000000
859 -1621.0000000000
860 -1620.0000000000
861 -1619.0000000000
862 -1618.0000000000
864 -1617.0000000000
866 -1615.0000000000
869 -1614.0000000000
870 -1613.0000000000
874 -1612.0000000000
875 -1611.0000000000
881 -1610.0000000000
883 -1609.0000000000
887 -1608.0000000000
888 -1606.0000000000
892 -1605.0000000000
896 -1604.0000000000
901 -1603.0000000000
906 -1602.0000000000
908 -1601.0000000000
910 -1600.0000000000
911 -1599.0000000000
913 -1598.0000000000
914 -1597.0000000000
919 -1596.0000000000
921 -1593.0000000000
925 -1592.0000000000
927 -1591.0000000000
931 -1590.0000000000
936 -1589.0000000000
938 -1588.0000000000
940 -1587.0000000000
942 -1585.0000000000
946 -1584.0000000000
949 -1583.0000000000
957 -1582.0000000000
958 -1581.0000000000
961 -1580.0000000000
962 -1579.0000000000
964 -1578.0000000000
965 -1576.0000000000
973 -1575.0000000000
974 -1574.0000000000
975 -1573.0000000000
977 -1572.0000000000
978 -1571.0000000000
981 -1570.0000000000
982 -1569.0000000000
983 -1568.0000000000
990 -1566.0000000000
991 -1565.0000000000
994 -1563.0000000000
999 -1562.0000000000
1006 -1559.0000000000
1018 -1558.0000000000
1019 -1557.0000000000
1020 -1556.0000000000
1021 -1555.0000000000
1022 -1554.0000000000
1023 -1553.0000000000
1026 -1552.0000000000
1027 -1551.0000000000
1029 -1550.0000000000
1030 -1549.0000000000
1034 -1548.0000000000
1036 -1547.0000000000
1040 -1546.0000000000
1043 -1545.0000000000
1046 -1544.0000000000
1048 -1543.0000000000
1050 -1542.0000000000
1054 -1541.0000000000
1057 -1540.0000000000
1058 -1539.0000000000
1063 -1538.0000000000
1064 -1537.0000000000
1067 -1536.0000000000
1073 -1535.0000000000
1074 -1534.0000000000
1081 -1533.0000000000
1084 -1532.0000000000
1091 -1529.0000000000
1092 -1527.0000000000
1094 -1526.0000000000
1095 -1525.0000000000
1096 -1524.0000000000
1102 -1523.0000000000
1103 -1522.0000000000
1110 -1521.0000000000
1112 -1520.0000000000
1113 -1519.0000000000
1116 -1518.0000000000
1123 -1517.0000000000
1124 -1516.0000000000
1127 -1515.0000000000
1130 -1514.0000000000
1133 -1513.0000000000
1135 -1512.0000000000
1136 -1511.0000000000
1138 -1510.0000000000
1140 -1509.0000000000
1144 -1508.0000000000
1145 -1507.0000000000
1147 -1506.0000000000
1151 -1505.0000000000
1154 -1504.0000000000
1156 -1502.0000000000
1165 -1501.0000000000
1168 -1500.0000000000
1169 -1499.0000000000
1173 -1498.0000000000
1174 -1497.0000000000
1176 -1496.0000000000
1181 -1495.0000000000
1184 -1493.0000000000
1185 -1492.0000000000
1191 -1491.0000000000
1192 -1490.0000000000
1197 -1489.0000000000
1198 -1488.0000000000
1199 -1487.0000000000
1201 -1486.0000000000
1203 -1485.0000000000
1204 -1484.0000000000
1205 -1483.0000000000
1213 -1481.0000000000
1214 -1480.0000000000
1215 -1479.0000000000
1217 -1478.0000000000
1221 -1477.0000000000
1226 -1476.0000000000
1227 -1474.0000000000
1228 -1473.0000000000
1230 -1472.0000000000
1232 -1471.0000000000
1233 -1470.0000000000
1237 -1469.0000000000
1241 -1468.0000000000
1242 -1467.0000000000
1243 -1466.0000000000
1245 -1465.0000000000
1247 -1464.0000000000
1249 -1463.0000000000
1257 -1462.0000000000
1264 -1461.0000000000
1265 -1460.0000000000
1266 -1459.0000000000
1267 -1458.0000000000
1268 -1457.0000000000
1269 -1456.0000000000
1273 -1455.0000000000
1275 -1453.0000000000
1282 -1452.0000000000
1288 -1451.0000000000
1291 -1450.0000000000
1298 -1449.0000000000
1300 -1448.0000000000
1304 -1447.0000000000
1305 -1446.0000000000
1308 -1445.0000000000
1313 -1444.0000000000
1321 -1443.0000000000
1326 -1442.0000000000
1335 -1441.0000000000
1338 -1440.0000000000
1341 -1439.0000000000
1354 -1438.0000000000
1358 -1437.0000000000
1359 -1436.0000000000
1360 -1435.0000000000
1362 -1434.0000000000
1363 -1433.0000000000
1367 -1432.0000000000
1368 -1431.0000000000
1371 -1430.0000000000
1385 -1429.0000000000
1387 -1428.0000000000
1390 -1427.0000000000
1394 -1426.0000000000
1397 -1425.0000000000
1400 -1424.0000000000
1408 -1423.0000000000
1410 -1422.0000000000
1415 -1421.0000000000
1419 -1420.0000000000
1428 -1419.0000000000
1429 -1417.0000000000
1434 -1416.0000000000
1436 -1415.0000000000
1440 -1414.0000000000
1441 -1413.0000000000
1445 -1412.0000000000
1446 -1411.0000000000
1455 -1410.0000000000
1461 -1409.0000000000
1463 -1408.0000000000
1471 -1406.0000000000
1472 -1405.0000000000
1473 -1404.0000000000
1479 -1403.0000000000
1481 -1402.0000000000
1482 -1399.0000000000
1484 -1398.0000000000
1485 -1397.0000000000
1492 -1396.0000000000
1495 -1395.0000000000
1497 -1394.0000000000
1498 -1393.0000000000
1502 -1392.0000000000
1508 -1391.0000000000
1516 -1390.0000000000
1517 -1389.0000000000
1523 -1388.0000000000
1524 -1387.0000000000
1532 -1386.0000000000
1538 -1385.0000000000
1539 -1384.0000000000
1541 -1383.0000000000
1543 -1382.0000000000
1546 -1381.0000000000
1549 -1380.0000000000
1551 -1379.0000000000
1553 -1377.0000000000
1556 -1376.0000000000
1558 -1375.0000000000
1561 -1374.0000000000
1563 -1373.0000000000
1564 -1372.0000000000
1565 -1371.0000000000
1566 -1369.0000000000
1570 -1368.0000000000
1582 -1367.0000000000
1583 -1366.0000000000
1585 -1365.0000000000
1587 -1364.0000000000
1589 -1363.0000000000
1591 -1362.0000000000
1592 -1361.0000000000
1593 -1360.0000000000
1596 -1359.0000000000
1600 -1358.0000000000
1601 -1357.0000000000
1604 -1356.0000000000
1605 -1355.0000000000
1608 -1354.0000000000
1610 -1353.0000000000
1614 -1351.0000000000
1616 -1350.0000000000
1621 -1349.0000000000
1629 -1347.0000000000
1630 -1346.0000000000
1632 -1345.0000000000
1635 -1344.0000000000
1636 -1343.0000000000
1638 -1342.0000000000
1640 -1341.0000000000
1643 -1339.0000000000
1648 -1338.0000000000
1650 -1337.0000000000
1653 -1336.0000000000
1655 -1335.0000000000
1656 -1334.0000000000
1660 -1333.0000000000
1661 -1332.0000000000
1666 -1331.0000000000
1667 -1330.0000000000
1675 -1329.0000000000
1682 -1328.0000000000
1684 -1327.0000000000
1693 -1325.0000000000
1697 -1323.0000000000
1698 -1322.0000000000
1706 -1321.0000000000
1708 -1320.0000000000
1713 -1319.0000000000
1714 -1318.0000000000
1719 -1317.0000000000
1726 -1316.0000000000
1729 -1315.0000000000
1734 -1314.0000000000
1746 -1313.0000000000
1753 -1312.0000000000
1754 -1311.0000000000
1756 -1310.0000000000
1757 -1309.0000000000
1758 -1306.0000000000
1759 -1305.0000000000
1764 -1303.0000000000
1765 -1302.0000000000
1767 -1301.0000000000
1768 -1300.0000000000
1776 -1299.0000000000
1785 -1298.0000000000
1787 -1297.0000000000
1788 -1296.0000000000
1792 -1295.0000000000
1798 -1294.0000000000
1810 -1293.0000000000
1814 -1292.0000000000
1815 -1290.0000000000
1822 -1289.0000000000
1836 -1288.0000000000
1837 -1287.0000000000
1839 -1286.0000000000
1842 -1285.0000000000
1844 -1284.0000000000
1846 -1283.0000000000
1850 -1282.0000000000
1852 -1281.0000000000
1853 -1280.0000000000
1856 -1279.0000000000
1857 -1277.0000000000
1858 -1276.0000000000
1859 -1275.0000000000
1862 -1274.0000000000
1865 -1273.0000000000
1867 -1272.0000000000
1868 -1271.0000000000
1876 -1270.0000000000
1883 -1267.0000000000
1884 -1266.0000000000
1886 -1265.0000000000
1890 -1264.0000000000
1895 -1263.0000000000
1900 -1262.0000000000
1901 -1261.0000000000
1903 -1259.0000000000
1904 -1258.0000000000
1909 -1257.0000000000
1914 -1256.0000000000
1918 -1254.0000000000
1924 -1253.0000000000
1928 -1251.0000000000
1937 -1250.0000000000
1940 -1249.0000000000
1941 -1248.0000000000
1948 -1247.0000000000
1949 -1246.0000000000
1954 -1245.0000000000
1956 -1244.0000000000
1958 -1242.0000000000
1962 -1241.0000000000
1964 -1240.0000000000
1978 -1239.0000000000
1980 -1238.0000000000
1983 -1237.0000000000
1984 -1236.0000000000
1985 -1235.0000000000
1986 -1234.0000000000
1987 -1233.0000000000
1991 -1232.0000000000
1999 -1231.0000000000
2000 -1230.0000000000
2001 -1229.0000000000
2007 -1228.0000000000
2008 -1227.0000000000
2009 -1226.0000000000
2014 -1225.0000000000
2018 -1224.0000000000
2020 -1223.0000000000
2031 -1222.0000000000
2037 -1221.0000000000
2039 -1220.0000000000
2041 -1219.0000000000
2044 -1218.0000000000
2048 -1217.0000000000
2049 -1216.0000000000
2052 -1215.0000000000
2053 -1212.0000000000
2054 -1211.0000000000
2057 -1210.0000000000
2061 -1209.0000000000
2064 -1208.0000000000
2069 -1207.0000000000
2079 -1206.0000000000
2080 -1205.0000000000
2083 -1204.0000000000
2087 -1203.0000000000
2090 -1202.0000000000
2092 -1201.0000000000
2094 -1200.0000000000
2103 -1199.0000000000
2109 -1198.0000000000
2110 -1197.0000000000
2113 -1196.0000000000
2119 -1195.0000000000
2126 -1194.0000000000
2127 -1193.0000000000
2130 -1192.0000000000
2132 -1191.0000000000
2133 -1190.0000000000
2136 -1189.0000000000
2141 -1188.0000000000
2142 -1187.0000000000
2144 -1186.0000000000
2149 -1185.0000000000
2150 -1184.0000000000
2151 -1182.0000000000
2153 -1181.0000000000
2154 -1180.0000000000
2161 -1179.0000000000
2167 -1178.0000000000
2168 -1177.0000000000
2171 -1176.0000000000
2172 -1175.0000000000
2176 -1174.0000000000
2179 -1172.0000000000
2189 -1171.0000000000
2191 -1170.0000000000
2194 -1169.0000000000
2195 -1168.0000000000
2202 -1167.0000000000
2203 -1166.0000000000
2219 -1164.0000000000
2220 -1162.0000000000
2225 -1161.0000000000
2227 -1160.0000000000
2237 -1159.0000000000
2238 -1158.0000000000
2239 -1156.0000000000
2244 -1155.0000000000
2245 -1154.0000000000
2246 -1153.0000000000
2247 -1152.0000000000
2253 -1151.0000000000
2262 -1150.0000000000
2268 -1148.0000000000
2274 -1147.0000000000
2280 -1146.0000000000
2281 -1145.0000000000
2282 -1144.0000000000
2283 -1143.0000000000
2287 -1142.0000000000
2289 -1141.0000000000
2291 -1140.0000000000
2295 -1139.0000000000
2299 -1138.0000000000
2310 -1137.0000000000
2317 -1136.0000000000
2319 -1135.0000000000
2322 -1134.0000000000
2329 -1133.0000000000
2337 -1132.0000000000
2338 -1131.0000000000
2362 -1130.0000000000
2363 -1129.0000000000
2365 -1128.0000000000
2369 -1127.0000000000
2378 -1126.0000000000
2386 -1125.0000000000
2392 -1124.0000000000
2393 -1123.0000000000
2396 -1122.0000000000
2399 -1121.0000000000
2402 -1119.0000000000
2405 -1118.0000000000
2407 -1117.0000000000
2410 -1116.0000000000
2413 -1115.0000000000
2420 -1114.0000000000
2424 -1113.0000000000
2426 -1112.0000000000
2427 -1111.0000000000
2432 -1110.0000000000
2433 -1109.0000000000
2435 -1107.0000000000
2437 -1106.0000000000
2438 -1105.0000000000
2442 -1104.0000000000
2456 -1103.0000000000
2465 -1102.0000000000
2468 -1101.0000000000
2470 -1100.0000000000
2478 -1097.0000000000
2479 -1096.0000000000
2480 -1095.0000000000
2481 -1094.0000000000
2484 -1093.0000000000
2485 -1092.0000000000
2509 -1091.0000000000
2515 -1090.0000000000
2516 -1089.0000000000
2518 -1088.0000000000
2527 -1087.0000000000
2534 -1086.0000000000
2539 -1085.0000000000
2540 -1084.0000000000
2542 -1083.0000000000
2545 -1081.0000000000
2547 -1080.0000000000
2554 -1079.0000000000
2558 -1078.0000000000
2564 -1077.0000000000
2565 -1076.0000000000
2568 -1075.0000000000
2578 -1074.0000000000
2579 -1073.0000000000
2580 -1072.0000000000
2587 -1071.0000000000
2592 -1070.0000000000
2595 -1069.0000000000
2599 -1068.0000000000
2600 -1067.0000000000
2603 -1066.0000000000
2610 -1065.0000000000
2616 -1064.0000000000
2622 -1062.0000000000
2625 -1061.0000000000
2627 -1060.0000000000
2629 -1059.0000000000
2633 -1057.0000000000
2634 -1056.0000000000
2642 -1055.0000000000
2646 -1054.0000000000
2656 -1052.0000000000
2658 -1051.0000000000
2659 -1050.0000000000
2660 -1049.0000000000
2661 -1048.0000000000
2662 -1047.0000000000
2667 -1046.0000000000
2668 -1045.0000000000
2672 -1044.0000000000
2673 -1043.0000000000
2681 -1042.0000000000
2695 -1041.0000000000
2707 -1040.0000000000
2710 -1039.0000000000
2712 -1038.0000000000
2713 -1037.0000000000
2714 -1036.0000000000
2716 -1035.0000000000
2725 -1034.0000000000
2731 -1033.0000000000
2734 -1032.0000000000
2738 -1031.0000000000
2741 -1030.0000000000
2743 -1029.0000000000
2744 -1028.0000000000
2746 -1027.0000000000
2748 -1026.0000000000
2750 -1025.0000000000
2756 -1024.0000000000
2759 -1023.0000000000
2761 -1022.0000000000
2769 -1021.0000000000
2776 -1020.0000000000
2779 -1019.0000000000
2784 -1018.0000000000
2785 -1017.0000000000
2806 -1016.0000000000
2811 -1015.0000000000
2814 -1014.0000000000
2818 -1013.0000000000
2822 -1012.0000000000
2825 -1011.0000000000
2830 -1010.0000000000
2836 -1009.0000000000
2837 -1008.0000000000
2843 -1007.0000000000
2850 -1006.0000000000
2855 -1005.0000000000
2856 -1004.0000000000
2864 -1003.0000000000
2866 -1002.0000000000
2872 -1001.0000000000
2884 -1000.0000000000
2887 -999.0000000000
2891 -998.0000000000
2897 -997.0000000000
2899 -993.0000000000
2901 -992.0000000000
2902 -990.0000000000
2907 -989.0000000000
2910 -988.0000000000
2912 -987.0000000000
2914 -986.0000000000
2916 -985.0000000000
2926 -984.0000000000
2930 -983.0000000000
2939 -982.0000000000
2943 -981.0000000000
2966 -980.0000000000
2968 -979.0000000000
2969 -978.0000000000
2973 -977.0000000000
2975 -976.0000000000
2979 -975.0000000000
2984 -974.0000000000
2986 -973.0000000000
2991 -972.0000000000
2994 -971.0000000000
2995 -970.0000000000
2996 -969.0000000000
3002 -968.0000000000
3004 -967.0000000000
3005 -966.0000000000
3014 -965.0000000000
3018 -964.0000000000
3022 -963.0000000000
3026 -962.0000000000
3027 -960.0000000000
3038 -959.0000000000
3046 -957.0000000000
3050 -956.0000000000
3056 -955.0000000000
3059 -954.0000000000
3062 -953.0000000000
3063 -951.0000000000
3064 -950.0000000000
3067 -949.0000000000
3074 -948.0000000000
3082 -947.0000000000
3088 -946.0000000000
3106 -945.0000000000
3111 -944.0000000000
3117 -943.0000000000
3118 -942.0000000000
3126 -940.0000000000
3129 -939.0000000000
3147 -938.0000000000
3151 -937.0000000000
3172 -936.0000000000
3178 -935.0000000000
3181 -934.0000000000
3187 -933.0000000000
3189 -932.0000000000
3197 -931.0000000000
3203 -930.0000000000
3204 -928.0000000000
3205 -927.0000000000
3207 -926.0000000000
3209 -925.0000000000
3212 -924.0000000000
3213 -923.0000000000
3218 -922.0000000000
3223 -921.0000000000
3225 -920.0000000000
3236 -919.0000000000
3239 -918.0000000000
3244 -917.0000000000
3245 -916.0000000000
3248 -915.0000000000
3249 -914.0000000000
3261 -913.0000000000
3276 -912.0000000000
3280 -911.0000000000
3289 -910.0000000000
3290 -909.0000000000
3292 -908.0000000000
3293 -906.0000000000
3294 -905.0000000000
3296 -904.0000000000
3301 -903.0000000000
3306 -902.0000000000
3310 -901.0000000000
3312 -900.0000000000
3313 -899.0000000000
3323 -898.0000000000
3328 -897.0000000000
3330 -896.0000000000
3337 -895.0000000000
3342 -894.0000000000
3344 -893.0000000000
3354 -892.0000000000
3358 -890.0000000000
3361 -889.0000000000
3366 -888.0000000000
3370 -887.0000000000
3387 -886.0000000000
3389 -885.0000000000
3392 -884.0000000000
3398 -883.0000000000
3402 -882.0000000000
3412 -879.0000000000
3419 -878.0000000000
3425 -877.0000000000
3429 -876.0000000000
3433 -875.0000000000
3435 -874.0000000000
3454 -873.0000000000
3455 -872.0000000000
3460 -871.0000000000
3464 -870.0000000000
3465 -869.0000000000
3473 -868.0000000000
3479 -867.0000000000
3482 -866.0000000000
3485 -865.0000000000
3486 -864.0000000000
3494 -863.0000000000
3499 -862.0000000000
3502 -861.0000000000
3508 -860.0000000000
3514 -859.0000000000
3518 -858.0000000000
3523 -857.0000000000
3543 -856.0000000000
3582 -855.0000000000
3586 -854.0000000000
3588 -853.0000000000
3589 -852.0000000000
3609 -851.0000000000
3615 -850.0000000000
3620 -849.0000000000
3623 -848.0000000000
3624 -847.0000000000
3627 -846.0000000000
3631 -844.0000000000
3646 -843.0000000000
3648 -842.0000000000
3649 -841.0000000000
3654 -839.0000000000
3659 -838.0000000000
3661 -837.0000000000
3674 -836.0000000000
3676 -835.0000000000
3680 -834.0000000000
3681 -833.0000000000
3689 -832.0000000000
3697 -830.0000000000
3703 -829.0000000000
3709 -827.0000000000
3723 -826.0000000000
3728 -825.0000000000
3731 -824.0000000000
3733 -822.0000000000
3739 -821.0000000000
3745 -820.0000000000
3747 -819.0000000000
3749 -818.0000000000
3754 -817.0000000000
3765 -816.0000000000
3766 -815.0000000000
3774 -814.0000000000
3775 -813.0000000000
3786 -812.0000000000
3788 -811.0000000000
3802 -810.0000000000
3805 -809.0000000000
3808 -808.0000000000
3811 -807.0000000000
3826 -806.0000000000
3830 -805.0000000000
3839 -804.0000000000
3860 -803.0000000000
3865 -802.0000000000
3872 -801.0000000000
3875 -800.0000000000
3883 -799.0000000000
3887 -798.0000000000
3891 -796.0000000000
3892 -795.0000000000
3900 -794.0000000000
3904 -793.0000000000
3910 -792.0000000000
3916 -791.0000000000
3925 -790.0000000000
3950 -789.0000000000
3955 -788.0000000000
3970 -787.0000000000
3973 -786.0000000000
3977 -785.0000000000
3978 -784.0000000000
3988 -783.0000000000
3995 -782.0000000000
3998 -781.0000000000
4021 -780.0000000000
4051 -779.0000000000
4061 -778.0000000000
4069 -777.0000000000
4073 -776.0000000000
4075 -775.0000000000
4089 -774.0000000000
4091 -773.0000000000
4093 -772.0000000000
4095 -771.0000000000
4097 -770.0000000000
4101 -769.0000000000
4109 -768.0000000000
4117 -767.0000000000
4124 -766.0000000000
4138 -765.0000000000
4143 -764.0000000000
4145 -763.0000000000
4149 -761.0000000000
4163 -760.0000000000
4166 -759.0000000000
4196 -758.0000000000
4229 -757.0000000000
4243 -756.0000000000
4244 -755.0000000000
4246 -754.0000000000
4256 -753.0000000000
4261 -752.0000000000
4270 -751.0000000000
4281 -750.0000000000
4290 -749.0000000000
4292 -748.0000000000
4295 -747.0000000000
4308 -746.0000000000
4318 -745.0000000000
4343 -744.0000000000
4344 -743.0000000000
4350 -742.0000000000
4362 -741.0000000000
4369 -740.0000000000
4371 -739.0000000000
4381 -738.0000000000
4383 -737.0000000000
4388 -736.0000000000
4389 -735.0000000000
4390 -734.0000000000
4391 -733.0000000000
4397 -732.0000000000
4399 -731.0000000000
4402 -730.0000000000
4403 -729.0000000000
4405 -728.0000000000
4413 -727.0000000000
4439 -726.0000000000
4443 -725.0000000000
4451 -724.0000000000
4452 -723.0000000000
4473 -722.0000000000
4479 -721.0000000000
4499 -720.0000000000
4502 -719.0000000000
4503 -718.0000000000
4506 -717.0000000000
4511 -716.0000000000
4513 -715.0000000000
4516 -714.0000000000
4517 -713.0000000000
4530 -712.0000000000
4533 -711.0000000000
4534 -710.0000000000
4537 -709.0000000000
4541 -708.0000000000
4543 -707.0000000000
4552 -706.0000000000
4569 -705.0000000000
4588 -704.0000000000
4612 -703.0000000000
4616 -702.0000000000
4620 -701.0000000000
4657 -700.0000000000
4659 -699.0000000000
4660 -698.0000000000
4666 -697.0000000000
4667 -696.0000000000
4669 -695.0000000000
4685 -694.0000000000
4687 -693.0000000000
4690 -692.0000000000
4694 -691.0000000000
4724 -690.0000000000
4727 -689.0000000000
4731 -687.0000000000
4736 -686.0000000000
4739 -685.0000000000
4749 -684.0000000000
4750 -683.0000000000
4755 -682.0000000000
4758 -681.0000000000
4766 -680.0000000000
4770 -679.0000000000
4774 -678.0000000000
4785 -677.0000000000
4789 -676.0000000000
4798 -675.0000000000
4804 -673.0000000000
4811 -672.0000000000
4822 -670.0000000000
4825 -669.0000000000
4842 -668.0000000000
4853 -667.0000000000
4857 -666.0000000000
4863 -665.0000000000
4866 -664.0000000000
4868 -663.0000000000
4873 -662.0000000000
4874 -661.0000000000
4882 -660.0000000000
4895 -659.0000000000
4904 -658.0000000000
4906 -657.0000000000
4908 -656.0000000000
4929 -655.0000000000
4939 -654.0000000000
4941 -653.0000000000
4952 -652.0000000000
4956 -651.0000000000
4965 -650.0000000000
4967 -649.0000000000
4980 -647.0000000000
4981 -646.0000000000
4988 -645.0000000000
4998 -644.0000000000
5005 -643.0000000000
5011 -642.0000000000
5012 -641.0000000000
5027 -640.0000000000
5028 -639.0000000000
5036 -638.0000000000
5053 -637.0000000000
5056 -636.0000000000
5059 -635.0000000000
5066 -634.0000000000
5098 -633.0000000000
5101 -632.0000000000
5107 -631.0000000000
5108 -630.0000000000
5114 -629.0000000000
5145 -628.0000000000
5149 -627.0000000000
5150 -626.0000000000
5156 -625.0000000000
5166 -624.0000000000
5174 -623.0000000000
5183 -622.0000000000
5192 -621.0000000000
5196 -620.0000000000
5212 -619.0000000000
5217 -618.0000000000
5229 -617.0000000000
5243 -616.0000000000
5253 -615.0000000000
5258 -614.0000000000
5262 -613.0000000000
5265 -611.0000000000
5276 -610.0000000000
5279 -609.0000000000
5292 -608.0000000000
5303 -607.0000000000
5304 -606.0000000000
5307 -605.0000000000
5356 -604.0000000000
5381 -603.0000000000
5382 -601.0000000000
5384 -600.0000000000
5389 -599.0000000000
5399 -598.0000000000
5418 -596.0000000000
5429 -595.0000000000
5431 -594.0000000000
5433 -593.0000000000
5439 -592.0000000000
5440 -591.0000000000
5463 -590.0000000000
5487 -589.0000000000
5497 -588.0000000000
5503 -587.0000000000
5506 -586.0000000000
5510 -585.0000000000
5515 -584.0000000000
5528 -582.0000000000
5529 -581.0000000000
5536 -580.0000000000
5540 -579.0000000000
5541 -578.0000000000
5550 -577.0000000000
5555 -575.0000000000
5557 -574.0000000000
5564 -573.0000000000
5567 -572.0000000000
5568 -571.0000000000
5572 -570.0000000000
5573 -569.0000000000
5577 -568.0000000000
5594 -567.0000000000
5612 -566.0000000000
5615 -565.0000000000
5620 -564.0000000000
5625 -563.0000000000
5628 -562.0000000000
5642 -561.0000000000
5689 -560.0000000000
5690 -559.0000000000
5696 -558.0000000000
5716 -557.0000000000
5727 -556.0000000000
5738 -555.0000000000
5757 -554.0000000000
5780 -553.0000000000
5806 -552.0000000000
5810 -551.0000000000
5820 -550.0000000000
5853 -549.0000000000
5888 -548.0000000000
5889 -547.0000000000
5894 -546.0000000000
5895 -545.0000000000
5905 -544.0000000000
5911 -543.0000000000
5915 -542.0000000000
5918 -541.0000000000
5919 -540.0000000000
5924 -539.0000000000
5935 -538.0000000000
5937 -537.0000000000
5940 -536.0000000000
5944 -535.0000000000
5965 -534.0000000000
5982 -533.0000000000
5985 -532.0000000000
5997 -531.0000000000
6000 -530.0000000000
6002 -529.0000000000
6006 -528.0000000000
6011 -527.0000000000
6013 -526.0000000000
6030 -525.0000000000
6036 -524.0000000000
6050 -523.0000000000
6058 -522.0000000000
6063 -521.0000000000
6066 -520.0000000000
6071 -519.0000000000
6074 -518.0000000000
6077 -517.0000000000
6108 -516.0000000000
6113 -515.0000000000
6118 -514.0000000000
6120 -513.0000000000
6126 -512.0000000000
6134 -511.0000000000
6142 -509.0000000000
6168 -508.0000000000
6180 -507.0000000000
6196 -506.0000000000
6198 -505.0000000000
6209 -504.0000000000
6220 -503.0000000000
6245 -502.0000000000
6264 -501.0000000000
6268 -500.0000000000
6273 -499.0000000000
6277 -498.0000000000
6279 -497.0000000000
6287 -496.0000000000
6296 -495.0000000000
6302 -494.0000000000
6303 -493.0000000000
6330 -492.0000000000
6331 -491.0000000000
6366 -490.0000000000
6370 -489.0000000000
6374 -488.0000000000
6377 -487.0000000000
6386 -486.0000000000
6390 -485.0000000000
6406 -484.0000000000
6414 -483.0000000000
6442 -482.0000000000
6445 -481.0000000000
6455 -480.0000000000
6468 -479.0000000000
6481 -478.0000000000
6485 -477.0000000000
6494 -476.0000000000
6512 -475.0000000000
6523 -474.0000000000
6566 -473.0000000000
6573 -472.0000000000
6576 -471.0000000000
6582 -470.0000000000
6588 -469.0000000000
6589 -468.0000000000
6624 -467.0000000000
6646 -466.0000000000
6655 -465.0000000000
6656 -464.0000000000
6665 -463.0000000000
6671 -462.0000000000
6674 -461.0000000000
6681 -460.0000000000
6704 -459.0000000000
6706 -458.0000000000
6741 -457.0000000000
6742 -456.0000000000
6744 -455.0000000000
6758 -454.0000000000
6764 -453.0000000000
6772 -451.0000000000
6773 -450.0000000000
6800 -449.0000000000
6804 -448.0000000000
6812 -447.0000000000
6813 -446.0000000000
6815 -445.0000000000
6819 -444.0000000000
6836 -443.0000000000
6860 -442.0000000000
6866 -441.0000000000
6875 -440.0000000000
6880 -439.0000000000
6881 -438.0000000000
6882 -437.0000000000
6884 -436.0000000000
6888 -435.0000000000
6900 -434.0000000000
6906 -433.0000000000
6923 -432.0000000000
6932 -431.0000000000
6950 -430.0000000000
6958 -429.0000000000
6963 -428.0000000000
6991 -427.0000000000
7023 -426.0000000000
7026 -425.0000000000
7044 -424.0000000000
7055 -423.0000000000
7057 -422.0000000000
7069 -421.0000000000
7076 -420.0000000000
7079 -419.0000000000
7080 -418.0000000000
7130 -417.0000000000
7142 -416.0000000000
7146 -415.0000000000
7154 -414.0000000000
7157 -413.0000000000
7186 -412.0000000000
7225 -411.0000000000
7258 -410.0000000000
7295 -409.0000000000
7299 -408.0000000000
7311 -407.0000000000
7327 -406.0000000000
7338 -405.0000000000
7340 -404.0000000000
7343 -402.0000000000
7345 -401.0000000000
7351 -400.0000000000
7363 -399.0000000000
7367 -398.0000000000
7375 -397.0000000000
7388 -396.0000000000
7403 -395.0000000000
7404 -394.0000000000
7410 -393.0000000000
7417 -392.0000000000
7432 -391.0000000000
7498 -390.0000000000
7510 -389.0000000000
7521 -388.0000000000
7524 -387.0000000000
7540 -386.0000000000
7554 -385.0000000000
7559 -384.0000000000
7562 -383.0000000000
7589 -382.0000000000
7604 -381.0000000000
7627 -380.0000000000
7628 -379.0000000000
7666 -378.0000000000
7668 -377.0000000000
7676 -376.0000000000
7678 -375.0000000000
7681 -374.0000000000
7682 -373.0000000000
7691 -372.0000000000
7694 -371.0000000000
7706 -370.0000000000
7708 -369.0000000000
7714 -368.0000000000
7719 -367.0000000000
7752 -366.0000000000
7764 -365.0000000000
7770 -364.0000000000
7779 -363.0000000000
7780 -362.0000000000
7791 -361.0000000000
7811 -360.0000000000
7823 -359.0000000000
7834 -358.0000000000
7845 -357.0000000000
7850 -356.0000000000
7879 -355.0000000000
7898 -354.0000000000
7917 -353.0000000000
7931 -352.0000000000
7949 -351.0000000000
7950 -350.0000000000
7964 -349.0000000000
7967 -348.0000000000
7972 -347.0000000000
7981 -346.0000000000
7997 -345.0000000000
8015 -344.0000000000
8040 -342.0000000000
8057 -341.0000000000
8068 -340.0000000000
8069 -339.0000000000
8070 -338.0000000000
8087 -337.0000000000
8116 -336.0000000000
8120 -335.0000000000
8136 -334.0000000000
8170 -333.0000000000
8172 -332.0000000000
8177 -331.0000000000
8189 -330.0000000000
8206 -329.0000000000
8222 -328.0000000000
8271 -327.0000000000
8290 -326.0000000000
8292 -325.0000000000
8306 -324.0000000000
8307 -323.0000000000
8326 -322.0000000000
8334 -321.0000000000
8338 -320.0000000000
8343 -319.0000000000
8365 -318.0000000000
8384 -317.0000000000
8429 -316.0000000000
8451 -315.0000000000
8452 -314.0000000000
8472 -313.0000000000
8480 -312.0000000000
8495 -311.0000000000
8497 -310.0000000000
8516 -309.0000000000
8571 -307.0000000000
8583 -306.0000000000
8586 -305.0000000000
8587 -304.0000000000
8589 -303.0000000000
8604 -302.0000000000
8621 -300.0000000000
8627 -299.0000000000
8649 -298.0000000000
8653 -297.0000000000
8659 -296.0000000000
8664 -295.0000000000
8666 -294.0000000000
8681 -293.0000000000
8689 -292.0000000000
8704 -291.0000000000
8705 -290.0000000000
8710 -289.0000000000
8726 -288.0000000000
8762 -287.0000000000
8769 -286.0000000000
8784 -285.0000000000
8809 -284.0000000000
8813 -283.0000000000
8850 -282.0000000000
8859 -281.0000000000
8860 -280.0000000000
8864 -279.0000000000
8868 -278.0000000000
8899 -277.0000000000
8920 -276.0000000000
8925 -275.0000000000
8931 -274.0000000000
8932 -273.0000000000
8945 -272.0000000000
9027 -271.0000000000
9036 -270.0000000000
9102 -269.0000000000
9114 -268.0000000000
9117 -267.0000000000
9120 -266.0000000000
9164 -265.0000000000
9169 -264.0000000000
9229 -263.0000000000
9306 -262.0000000000
9342 -261.0000000000
9353 -260.0000000000
9365 -259.0000000000
9431 -258.0000000000
9440 -257.0000000000
9442 -256.0000000000
9454 -255.0000000000
9465 -254.0000000000
9501 -253.0000000000
9502 -252.0000000000
9518 -251.0000000000
9553 -250.0000000000
9558 -249.0000000000
9559 -248.0000000000
9586 -247.0000000000
9588 -245.0000000000
9626 -244.0000000000
9636 -243.0000000000
9643 -242.0000000000
9650 -241.0000000000
9700 -240.0000000000
9737 -239.0000000000
9746 -238.0000000000
9761 -237.0000000000
9805 -236.0000000000
9808 -235.0000000000
9848 -234.0000000000
9882 -233.0000000000
9884 -232.0000000000
9888 -231.0000000000
9895 -230.0000000000
9896 -229.0000000000
9908 -228.0000000000
9928 -227.0000000000
9977 -226.0000000000
10000 -227.0000000000
