# evaluation best
1 25.0
2 25.0
3 25.0
4 25.0
5 25.0
6 25.0
7 25.0
8 25.0
9 25.0
10 48.0
11 48.0
12 48.0
13 48.0
14 48.0
15 48.0
16 48.0
17 48.0
18 48.0
19 48.0
20 48.0
21 48.0
22 48.0
23 48.0
24 48.0
25 48.0
26 48.0
27 48.0
28 48.0
29 48.0
30 48.0
31 48.0
32 48.0
33 48.0
34 48.0
35 48.0
36 48.0
37 48.0
38 48.0
39 48.0
40 48.0
41 48.0
42 48.0
43 48.0
44 48.0
45 48.0
46 48.0
47 48.0
48 48.0
49 48.0
50 48.0
51 48.0
52 48.0
53 48.0
54 48.0
55 48.0
56 48.0
57 48.0
58 48.0
59 48.0
60 48.0
61 48.0
62 48.0
63 48.0
64 48.0
65 48.0
66 48.0
67 48.0
68 48.0
69 48.0
70 48.0
71 49.0
72 49.0
73 49.0
74 49.0
75 49.0
76 49.0
77 49.0
78 49.0
79 49.0
80 49.0
81 49.0
82 49.0
83 49.0
84 49.0
85 49.0
86 49.0
87 49.0
88 49.0
89 49.0
90 49.0
91 49.0
92 49.0
93 49.0
94 49.0
95 49.0
96 49.0
97 49.0
98 49.0
99 49.0
100 49.0
101 49.0
102 49.0
103 49.0
104 49.0
105 49.0
106 49.0
107 49.0
108 49.0
109 49.0
110 49.0
111 49.0
112 49.0
113 49.0
114 49.0
115 49.0
116 49.0
117 49.0
118 49.0
119 49.0
120 49.0
121 49.0
122 49.0
123 49.0
124 49.0
125 49.0
126 49.0
127 49.0
128 49.0
129 49.0
130 49.0
131 49.0
132 49.0
133 49.0
134 49.0
135 49.0
136 49.0
137 49.0
138 49.0
139 49.0
140 49.0
141 49.0
142 49.0
143 49.0
144 49.0
145 49.0
146 49.0
147 49.0
148 49.0
149 49.0
150 49.0
151 49.0
152 49.0
153 49.0
154 49.0
155 49.0
156 49.0
157 49.0
158 49.0
159 49.0
160 49.0
161 49.0
162 49.0
163 49.0
164 49.0
165 49.0
166 49.0
167 49.0
168 49.0
169 49.0
170 49.0
171 49.0
172 49.0
173 49.0
174 49.0
175 49.0
176 49.0
177 49.0
178 49.0
179 49.0
180 49.0
181 49.0
182 49.0
183 49.0
184 49.0
185 49.0
186 49.0
187 49.0
188 49.0
189 49.0
190 49.0
191 49.0
192 49.0
193 49.0
194 49.0
195 49.0
196 49.0
197 49.0
198 49.0
199 49.0
200 49.0
201 49.0
202 49.0
203 49.0
204 49.0
205 49.0
206 49.0
207 49.0
208 49.0
209 49.0
210 49.0
211 49.0
212 49.0
213 49.0
214 49.0
215 49.0
216 49.0
217 49.0
218 49.0
219 49.0
220 49.0
221 49.0
222 49.0
223 49.0
224 49.0
225 49.0
226 49.0
227 49.0
228 49.0
229 49.0
230 49.0
231 49.0
232 49.0
233 49.0
234 49.0
235 49.0
236 49.0
237 49.0
238 49.0
239 49.0
240 49.0
241 49.0
242 49.0
243 49.0
244 49.0
245 49.0
246 49.0
247 49.0
248 49.0
249 49.0
250 49.0
251 49.0
252 49.0
253 49.0
254 49.0
255 49.0
256 49.0
257 49.0
258 49.0
259 49.0
260 49.0
261 49.0
262 49.0
263 49.0
264 49.0
265 49.0
266 49.0
267 49.0
268 49.0
269 49.0
270 49.0
271 49.0
272 49.0
273 49.0
274 49.0
275 49.0
276 49.0
277 49.0
278 49.0
279 49.0
280 49.0
281 49.0
282 49.0
283 49.0
284 49.0
285 49.0
286 49.0
287 49.0
288 49.0
289 49.0
290 49.0
291 49.0
292 49.0
293 49.0
294 49.0
295 49.0
296 49.0
297 49.0
298 49.0
299 49.0
300 49.0
301 49.0
302 49.0
303 49.0
304 49.0
305 49.0
306 49.0
307 49.0
308 49.0
309 49.0
310 49.0
311 49.0
312 49.0
313 49.0
314 49.0
315 49.0
316 49.0
317 49.0
318 49.0
319 49.0
320 49.0
321 49.0
322 49.0
323 49.0
324 49.0
325 50.0
326 50.0
327 50.0
328 50.0
329 50.0
330 50.0
331 50.0
332 50.0
333 50.0
334 50.0
335 50.0
336 50.0
337 50.0
338 50.0
339 50.0
340 50.0
341 50.0
342 50.0
343 50.0
344 50.0
345 50.0
346 50.0
347 50.0
348 50.0
349 50.0
350 50.0
351 50.0
352 50.0
353 50.0
354 50.0
355 50.0
356 50.0
357 50.0
358 50.0
359 50.0
360 50.0
361 50.0
362 50.0
363 50.0
364 50.0
365 50.0
366 50.0
367 50.0
368 50.0
369 50.0
370 50.0
371 50.0
372 50.0
373 50.0
374 50.0
375 50.0
376 50.0
377 50.0
378 50.0
379 50.0
380 50.0
381 50.0
382 50.0
383 50.0
384 50.0
385 50.0
386 50.0
387 50.0
388 50.0
389 50.0
390 50.0
391 50.0
392 50.0
393 50.0
394 50.0
395 50.0
396 50.0
397 50.0
398 50.0
399 50.0
400 50.0
401 50.0
402 50.0
403 50.0
404 50.0
405 50.0
406 50.0
407 50.0
408 50.0
409 50.0
410 50.0
411 50.0
412 50.0
413 50.0
414 50.0
415 50.0
416 50.0
417 50.0
418 50.0
419 50.0
420 50.0
421 50.0
422 50.0
423 50.0
424 50.0
425 50.0
426 50.0
427 50.0
428 50.0
429 50.0
430 50.0
431 50.0
432 50.0
433 50.0
434 50.0
435 50.0
436 50.0
437 50.0
438 50.0
439 50.0
440 50.0
441 50.0
442 50.0
443 50.0
444 50.0
445 50.0
446 50.0
447 50.0
448 50.0
449 50.0
450 50.0
451 50.0
452 50.0
453 50.0
454 50.0
455 50.0
456 50.0
457 50.0
458 50.0
459 50.0
460 50.0
461 50.0
462 50.0
463 50.0
464 50.0
465 50.0
466 50.0
467 50.0
468 50.0
469 50.0
470 50.0
471 50.0
472 50.0
473 50.0
474 50.0
475 50.0
476 50.0
477 50.0
478 50.0
479 50.0
480 50.0
481 50.0
482 50.0
483 50.0
484 50.0
485 50.0
486 50.0
487 50.0
488 50.0
489 50.0
490 50.0
491 50.0
492 50.0
493 50.0
494 50.0
495 50.0
496 50.0
497 50.0
498 50.0
499 50.0
500 50.0
501 50.0
502 50.0
503 50.0
504 50.0
505 50.0
506 50.0
507 50.0
508 50.0
509 50.0
510 50.0
511 50.0
512 50.0
513 50.0
514 50.0
515 50.0
516 50.0
517 50.0
518 50.0
519 50.0
520 50.0
521 50.0
522 50.0
523 50.0
524 50.0
525 50.0
526 50.0
527 50.0
528 50.0
529 50.0
530 50.0
531 50.0
532 50.0
533 50.0
534 50.0
535 50.0
536 50.0
537 50.0
538 50.0
539 50.0
540 50.0
541 50.0
542 50.0
543 50.0
544 50.0
545 50.0
546 50.0
547 50.0
548 50.0
549 50.0
550 50.0
551 50.0
552 50.0
553 50.0
554 50.0
555 50.0
556 50.0
557 50.0
558 50.0
559 50.0
560 50.0
561 50.0
562 50.0
563 50.0
564 50.0
565 50.0
566 50.0
567 50.0
568 50.0
569 50.0
570 50.0
571 50.0
572 50.0
573 50.0
574 50.0
575 50.0
576 50.0
577 50.0
578 50.0
579 50.0
580 50.0
581 50.0
582 50.0
583 50.0
584 50.0
585 50.0
586 50.0
587 50.0
588 50.0
589 50.0
590 50.0
591 50.0
592 50.0
593 50.0
594 50.0
595 50.0
596 50.0
597 50.0
598 50.0
599 50.0
600 50.0
601 50.0
602 50.0
603 50.0
604 50.0
605 50.0
606 50.0
607 50.0
608 50.0
609 50.0
610 50.0
611 50.0
612 50.0
613 50.0
614 50.0
615 50.0
616 50.0
617 50.0
618 50.0
619 50.0
620 50.0
621 50.0
622 50.0
623 50.0
624 50.0
625 50.0
626 50.0
627 50.0
628 50.0
629 50.0
630 50.0
631 50.0
632 50.0
633 50.0
634 50.0
635 50.0
636 50.0
637 50.0
638 50.0
639 50.0
640 50.0
641 50.0
642 50.0
643 50.0
644 50.0
645 50.0
646 50.0
647 50.0
648 50.0
649 50.0
650 50.0
651 50.0
652 50.0
653 50.0
654 50.0
655 50.0
656 50.0
657 50.0
658 50.0
659 50.0
660 50.0
661 50.0
662 50.0
663 50.0
664 50.0
665 50.0
666 50.0
667 50.0
668 50.0
669 50.0
670 50.0
671 50.0
672 50.0
673 50.0
674 50.0
675 50.0
676 50.0
677 50.0
678 50.0
679 50.0
680 50.0
681 50.0
682 50.0
683 50.0
684 50.0
685 50.0
686 50.0
687 50.0
688 50.0
689 50.0
690 50.0
691 50.0
692 50.0
693 50.0
694 50.0
695 50.0
696 50.0
697 50.0
698 50.0
699 50.0
700 50.0
701 50.0
702 50.0
703 50.0
704 50.0
705 50.0
706 50.0
707 50.0
708 50.0
709 50.0
710 50.0
711 50.0
712 50.0
713 50.0
714 50.0
715 50.0
716 50.0
717 50.0
718 50.0
719 50.0
720 50.0
721 50.0
722 50.0
723 50.0
724 50.0
725 50.0
726 50.0
727 50.0
728 50.0
729 50.0
730 50.0
731 50.0
732 50.0
733 50.0
734 50.0
735 50.0
736 50.0
737 50.0
738 50.0
739 50.0
740 50.0
741 50.0
742 50.0
743 50.0
744 50.0
745 50.0
746 50.0
747 50.0
748 50.0
749 50.0
750 50.0
751 50.0
752 50.0
753 50.0
754 50.0
755 50.0
756 50.0
757 50.0
758 50.0
759 50.0
760 50.0
761 50.0
762 50.0
763 50.0
764 50.0
765 50.0
766 50.0
767 50.0
768 50.0
769 50.0
770 50.0
771 50.0
772 50.0
773 50.0
774 50.0
775 50.0
776 50.0
777 50.0
778 50.0
779 50.0
780 50.0
781 50.0
782 50.0
783 50.0
784 50.0
785 50.0
786 50.0
787 50.0
788 50.0
789 50.0
790 50.0
791 50.0
792 50.0
793 50.0
794 50.0
795 50.0
796 50.0
797 50.0
798 50.0
799 50.0
800 50.0
801 50.0
802 50.0
803 50.0
804 50.0
805 50.0
806 50.0
807 50.0
808 50.0
809 50.0
810 50.0
811 50.0
812 50.0
813 50.0
814 50.0
815 50.0
816 50.0
817 50.0
818 50.0
819 50.0
820 50.0
821 50.0
822 50.0
823 50.0
824 50.0
825 50.0
826 50.0
827 50.0
828 50.0
829 50.0
830 50.0
831 50.0
832 50.0
833 50.0
834 50.0
835 50.0
836 50.0
837 50.0
838 50.0
839 50.0
840 50.0
841 50.0
842 50.0
843 50.0
844 50.0
845 50.0
846 50.0
847 50.0
848 50.0
849 50.0
850 50.0
851 50.0
852 50.0
853 50.0
854 50.0
855 50.0
856 50.0
857 50.0
858 50.0
859 50.0
860 50.0
861 50.0
862 50.0
863 50.0
864 50.0
865 50.0
866 50.0
867 50.0
868 50.0
869 50.0
870 50.0
871 50.0
872 50.0
873 50.0
874 50.0
875 50.0
876 50.0
877 50.0
878 50.0
879 50.0
880 50.0
881 50.0
882 50.0
883 50.0
884 50.0
885 50.0
886 50.0
887 50.0
888 50.0
889 50.0
890 50.0
891 50.0
892 50.0
893 50.0
894 50.0
895 50.0
896 50.0
897 50.0
898 50.0
899 50.0
900 50.0
901 50.0
902 50.0
903 50.0
904 50.0
905 50.0
906 50.0
907 50.0
908 50.0
909 50.0
910 50.0
911 50.0
912 50.0
913 50.0
914 50.0
915 50.0
916 50.0
917 50.0
918 50.0
919 50.0
920 50.0
921 50.0
922 50.0
923 50.0
924 50.0
925 50.0
926 50.0
927 50.0
928 50.0
929 50.0
930 50.0
931 50.0
932 50.0
933 50.0
934 50.0
935 50.0
936 50.0
937 50.0
938 50.0
939 50.0
940 50.0
941 50.0
942 50.0
943 50.0
944 50.0
945 50.0
946 50.0
947 50.0
948 50.0
949 50.0
950 50.0
951 50.0
952 50.0
953 50.0
954 50.0
955 50.0
956 50.0
957 50.0
958 50.0
959 50.0
960 50.0
961 50.0
962 50.0
963 50.0
964 50.0
965 50.0
966 50.0
967 50.0
968 50.0
969 50.0
970 50.0
971 50.0
972 50.0
973 50.0
974 50.0
975 50.0
976 50.0
977 50.0
978 50.0
979 50.0
980 50.0
981 50.0
982 50.0
983 50.0
984 50.0
985 50.0
986 50.0
987 50.0
988 50.0
989 50.0
990 50.0
991 50.0
992 50.0
993 50.0
994 50.0
995 50.0
996 50.0
997 50.0
998 50.0
999 50.0
1000 50.0
1001 50.0
1002 50.0
1003 50.0
1004 50.0
1005 50.0
1006 50.0
1007 50.0
1008 50.0
1009 50.0
1010 50.0
1011 50.0
1012 50.0
1013 50.0
1014 50.0
1015 56.0
1016 56.0
1017 56.0
1018 56.0
1019 56.0
1020 56.0
1021 56.0
1022 56.0
1023 56.0
1024 56.0
1025 56.0
1026 56.0
1027 56.0
1028 56.0
1029 56.0
1030 56.0
1031 56.0
1032 56.0
1033 56.0
1034 56.0
1035 56.0
1036 56.0
1037 56.0
1038 56.0
1039 56.0
1040 56.0
1041 56.0
1042 56.0
1043 56.0
1044 56.0
1045 56.0
1046 56.0
1047 56.0
1048 56.0
1049 56.0
1050 56.0
1051 56.0
1052 56.0
1053 56.0
1054 56.0
1055 56.0
1056 56.0
1057 56.0
1058 56.0
1059 56.0
1060 56.0
1061 56.0
1062 56.0
1063 56.0
1064 56.0
1065 56.0
1066 56.0
1067 56.0
1068 56.0
1069 56.0
1070 56.0
1071 56.0
1072 56.0
1073 56.0
1074 56.0
1075 56.0
1076 56.0
1077 56.0
1078 56.0
1079 56.0
1080 56.0
1081 56.0
1082 56.0
1083 56.0
1084 56.0
1085 56.0
1086 56.0
1087 56.0
1088 61.0
1089 61.0
1090 61.0
1091 61.0
1092 61.0
1093 61.0
1094 61.0
1095 61.0
1096 61.0
1097 61.0
1098 61.0
1099 61.0
1100 61.0
1101 61.0
1102 61.0
1103 61.0
1104 61.0
1105 61.0
1106 61.0
1107 61.0
1108 61.0
1109 61.0
1110 61.0
1111 61.0
1112 61.0
1113 61.0
1114 61.0
1115 61.0
1116 61.0
1117 61.0
1118 61.0
1119 61.0
1120 61.0
1121 61.0
1122 61.0
1123 61.0
1124 61.0
1125 61.0
1126 61.0
1127 61.0
1128 61.0
1129 61.0
1130 61.0
1131 61.0
1132 61.0
1133 61.0
1134 61.0
1135 61.0
1136 61.0
1137 61.0
1138 61.0
1139 61.0
1140 61.0
1141 61.0
1142 61.0
1143 61.0
1144 61.0
1145 61.0
1146 61.0
1147 61.0
1148 61.0
1149 61.0
1150 61.0
1151 61.0
1152 61.0
1153 61.0
1154 61.0
1155 61.0
1156 61.0
1157 61.0
1158 61.0
1159 61.0
1160 61.0
1161 61.0
1162 61.0
1163 61.0
1164 61.0
1165 61.0
1166 61.0
1167 61.0
1168 61.0
1169 61.0
1170 61.0
1171 61.0
1172 61.0
1173 61.0
1174 61.0
1175 61.0
1176 61.0
1177 61.0
1178 61.0
1179 61.0
1180 61.0
1181 61.0
1182 61.0
1183 61.0
1184 61.0
1185 61.0
1186 61.0
1187 61.0
1188 61.0
1189 61.0
1190 61.0
1191 61.0
1192 61.0
1193 61.0
1194 61.0
1195 61.0
1196 61.0
1197 61.0
1198 61.0
1199 61.0
1200 61.0
1201 61.0
1202 61.0
1203 61.0
1204 61.0
1205 61.0
1206 61.0
1207 61.0
1208 61.0
1209 61.0
1210 61.0
1211 61.0
1212 61.0
1213 61.0
1214 61.0
1215 61.0
1216 61.0
1217 61.0
1218 61.0
1219 61.0
1220 61.0
1221 61.0
1222 61.0
1223 61.0
1224 61.0
1225 61.0
1226 61.0
1227 61.0
1228 61.0
1229 61.0
1230 61.0
1231 61.0
1232 61.0
1233 61.0
1234 61.0
1235 61.0
1236 61.0
1237 61.0
1238 61.0
1239 61.0
1240 61.0
1241 61.0
1242 61.0
1243 61.0
1244 61.0
1245 61.0
1246 61.0
1247 61.0
1248 61.0
1249 61.0
1250 61.0
1251 61.0
1252 61.0
1253 61.0
1254 61.0
1255 61.0
1256 61.0
1257 61.0
1258 61.0
1259 61.0
1260 61.0
1261 61.0
1262 61.0
1263 61.0
1264 61.0
1265 61.0
1266 61.0
1267 61.0
1268 61.0
1269 61.0
1270 61.0
1271 61.0
1272 61.0
1273 61.0
1274 61.0
1275 61.0
1276 61.0
1277 61.0
1278 61.0
1279 61.0
1280 61.0
1281 61.0
1282 61.0
1283 61.0
1284 61.0
1285 61.0
1286 61.0
1287 61.0
1288 61.0
1289 61.0
1290 61.0
1291 61.0
1292 61.0
1293 61.0
1294 61.0
1295 61.0
1296 61.0
1297 61.0
1298 61.0
1299 61.0
1300 61.0
1301 61.0
1302 61.0
1303 61.0
1304 61.0
1305 61.0
1306 61.0
1307 61.0
1308 61.0
1309 61.0
1310 61.0
1311 61.0
1312 61.0
1313 61.0
1314 61.0
1315 61.0
1316 61.0
1317 61.0
1318 61.0
1319 61.0
1320 61.0
1321 61.0
1322 61.0
1323 61.0
1324 61.0
1325 61.0
1326 61.0
1327 61.0
1328 61.0
1329 61.0
1330 61.0
1331 61.0
1332 61.0
1333 61.0
1334 61.0
1335 61.0
1336 61.0
1337 61.0
1338 61.0
1339 61.0
1340 61.0
1341 61.0
1342 61.0
1343 61.0
1344 61.0
1345 61.0
1346 61.0
1347 61.0
1348 61.0
1349 61.0
1350 61.0
1351 61.0
1352 61.0
1353 61.0
1354 61.0
1355 61.0
1356 61.0
1357 61.0
1358 61.0
1359 61.0
1360 61.0
1361 61.0
1362 61.0
1363 61.0
1364 61.0
1365 61.0
1366 61.0
1367 61.0
1368 61.0
1369 61.0
1370 61.0
1371 61.0
1372 61.0
1373 61.0
1374 61.0
1375 61.0
1376 61.0
1377 61.0
1378 61.0
1379 61.0
1380 61.0
1381 61.0
1382 61.0
1383 61.0
1384 61.0
1385 61.0
1386 61.0
1387 61.0
1388 61.0
1389 61.0
1390 61.0
1391 61.0
1392 61.0
1393 61.0
1394 61.0
1395 61.0
1396 61.0
1397 61.0
1398 61.0
1399 61.0
1400 61.0
1401 61.0
1402 61.0
1403 61.0
1404 61.0
1405 61.0
1406 61.0
1407 61.0
1408 61.0
1409 61.0
1410 61.0
1411 61.0
1412 61.0
1413 61.0
1414 61.0
1415 61.0
1416 61.0
1417 61.0
1418 61.0
1419 61.0
1420 61.0
1421 61.0
1422 61.0
1423 61.0
1424 61.0
1425 61.0
1426 61.0
1427 61.0
1428 61.0
1429 61.0
1430 61.0
1431 61.0
1432 61.0
1433 61.0
1434 61.0
1435 61.0
1436 61.0
1437 61.0
1438 61.0
1439 61.0
1440 61.0
1441 61.0
1442 61.0
1443 61.0
1444 61.0
1445 61.0
1446 61.0
1447 61.0
1448 61.0
1449 61.0
1450 61.0
1451 61.0
1452 61.0
1453 61.0
1454 61.0
1455 61.0
1456 61.0
1457 61.0
1458 61.0
1459 61.0
1460 61.0
1461 61.0
1462 61.0
1463 61.0
1464 61.0
1465 61.0
1466 61.0
1467 61.0
1468 61.0
1469 61.0
1470 61.0
1471 61.0
1472 61.0
1473 61.0
1474 61.0
1475 61.0
1476 61.0
1477 61.0
1478 61.0
1479 61.0
1480 61.0
1481 61.0
1482 61.0
1483 61.0
1484 61.0
1485 61.0
1486 61.0
1487 61.0
1488 61.0
1489 61.0
1490 61.0
1491 61.0
1492 61.0
1493 61.0
1494 61.0
1495 61.0
1496 61.0
1497 61.0
1498 61.0
1499 61.0
1500 61.0
1501 61.0
1502 61.0
1503 61.0
1504 61.0
1505 61.0
1506 61.0
1507 61.0
1508 61.0
1509 61.0
1510 61.0
1511 61.0
1512 61.0
1513 61.0
1514 61.0
1515 61.0
1516 61.0
1517 61.0
1518 61.0
1519 61.0
1520 61.0
1521 61.0
1522 61.0
1523 61.0
1524 61.0
1525 61.0
1526 61.0
1527 61.0
1528 61.0
1529 61.0
1530 61.0
1531 61.0
1532 61.0
1533 61.0
1534 61.0
1535 61.0
1536 61.0
1537 61.0
1538 61.0
1539 61.0
1540 61.0
1541 61.0
1542 61.0
1543 61.0
1544 61.0
1545 61.0
1546 61.0
1547 61.0
1548 61.0
1549 61.0
1550 61.0
1551 61.0
1552 61.0
1553 61.0
1554 61.0
1555 61.0
1556 61.0
1557 61.0
1558 61.0
1559 61.0
1560 61.0
1561 61.0
1562 61.0
1563 61.0
1564 61.0
1565 61.0
1566 61.0
1567 61.0
1568 61.0
1569 61.0
1570 61.0
1571 61.0
1572 61.0
1573 61.0
1574 61.0
1575 61.0
1576 61.0
1577 61.0
1578 61.0
1579 61.0
1580 61.0
1581 61.0
1582 61.0
1583 61.0
1584 61.0
1585 61.0
1586 61.0
1587 61.0
1588 61.0
1589 61.0
1590 61.0
1591 61.0
1592 61.0
1593 61.0
1594 61.0
1595 61.0
1596 61.0
1597 61.0
1598 61.0
1599 61.0
1600 61.0
1601 61.0
1602 61.0
1603 61.0
1604 61.0
1605 61.0
1606 61.0
1607 61.0
1608 61.0
1609 61.0
1610 61.0
1611 61.0
1612 61.0
1613 61.0
1614 61.0
1615 61.0
1616 61.0
1617 61.0
1618 61.0
1619 61.0
1620 61.0
1621 61.0
1622 61.0
1623 61.0
1624 61.0
1625 61.0
1626 61.0
1627 61.0
1628 61.0
1629 61.0
1630 61.0
1631 61.0
1632 61.0
1633 61.0
1634 61.0
1635 61.0
1636 61.0
1637 61.0
1638 61.0
1639 61.0
1640 61.0
1641 61.0
1642 61.0
1643 61.0
1644 61.0
1645 61.0
1646 61.0
1647 61.0
1648 61.0
1649 61.0
1650 61.0
1651 61.0
1652 61.0
1653 61.0
1654 61.0
1655 61.0
1656 61.0
1657 61.0
1658 61.0
1659 61.0
1660 61.0
1661 61.0
1662 61.0
1663 61.0
1664 61.0
1665 61.0
1666 61.0
1667 61.0
1668 61.0
1669 61.0
1670 61.0
1671 61.0
1672 61.0
1673 61.0
1674 61.0
1675 61.0
1676 61.0
1677 61.0
1678 61.0
1679 61.0
1680 61.0
1681 61.0
1682 61.0
1683 61.0
1684 61.0
1685 61.0
1686 61.0
1687 61.0
1688 61.0
1689 61.0
1690 61.0
1691 61.0
1692 61.0
1693 61.0
1694 61.0
1695 61.0
1696 61.0
1697 61.0
1698 61.0
1699 61.0
1700 61.0
1701 61.0
1702 61.0
1703 61.0
1704 61.0
1705 61.0
1706 61.0
1707 61.0
1708 61.0
1709 61.0
1710 61.0
1711 61.0
1712 61.0
1713 61.0
1714 61.0
1715 61.0
1716 61.0
1717 61.0
1718 61.0
1719 61.0
1720 61.0
1721 61.0
1722 61.0
1723 61.0
1724 61.0
1725 61.0
1726 61.0
1727 61.0
1728 61.0
1729 61.0
1730 61.0
1731 61.0
1732 61.0
1733 61.0
1734 61.0
1735 61.0
1736 61.0
1737 61.0
1738 61.0
1739 61.0
1740 61.0
1741 61.0
1742 61.0
1743 61.0
1744 61.0
1745 61.0
1746 61.0
1747 61.0
1748 61.0
1749 61.0
1750 61.0
1751 61.0
1752 61.0
1753 61.0
1754 61.0
1755 61.0
1756 61.0
1757 61.0
1758 61.0
1759 61.0
1760 61.0
1761 61.0
1762 61.0
1763 61.0
1764 61.0
1765 61.0
1766 61.0
1767 61.0
1768 61.0
1769 61.0
1770 61.0
1771 61.0
1772 61.0
1773 61.0
1774 61.0
1775 61.0
1776 61.0
1777 61.0
1778 61.0
1779 61.0
1780 61.0
1781 61.0
1782 61.0
1783 61.0
1784 61.0
1785 61.0
1786 61.0
1787 61.0
1788 61.0
1789 61.0
1790 61.0
1791 61.0
1792 61.0
1793 61.0
1794 61.0
1795 61.0
1796 61.0
1797 61.0
1798 61.0
1799 61.0
1800 61.0
1801 61.0
1802 61.0
1803 61.0
1804 61.0
1805 61.0
1806 61.0
1807 61.0
1808 61.0
1809 61.0
1810 61.0
1811 61.0
1812 61.0
1813 61.0
1814 61.0
1815 61.0
1816 61.0
1817 61.0
1818 61.0
1819 61.0
1820 61.0
1821 61.0
1822 61.0
1823 61.0
1824 61.0
1825 61.0
1826 61.0
1827 61.0
1828 61.0
1829 61.0
1830 61.0
1831 61.0
1832 61.0
1833 61.0
1834 61.0
1835 61.0
1836 61.0
1837 61.0
1838 61.0
1839 61.0
1840 61.0
1841 61.0
1842 61.0
1843 61.0
1844 61.0
1845 61.0
1846 61.0
1847 61.0
1848 61.0
1849 61.0
1850 61.0
1851 61.0
1852 61.0
1853 61.0
1854 61.0
1855 61.0
1856 61.0
1857 61.0
1858 61.0
1859 61.0
1860 61.0
1861 61.0
1862 61.0
1863 61.0
1864 61.0
1865 61.0
1866 61.0
1867 61.0
1868 61.0
1869 61.0
1870 61.0
1871 61.0
1872 61.0
1873 61.0
1874 61.0
1875 61.0
1876 61.0
1877 61.0
1878 61.0
1879 61.0
1880 61.0
1881 61.0
1882 61.0
1883 61.0
1884 61.0
1885 61.0
1886 61.0
1887 61.0
1888 61.0
1889 61.0
1890 61.0
1891 61.0
1892 61.0
1893 61.0
1894 61.0
1895 61.0
1896 61.0
1897 61.0
1898 61.0
1899 61.0
1900 61.0
1901 61.0
1902 61.0
1903 61.0
1904 61.0
1905 61.0
1906 61.0
1907 61.0
1908 61.0
1909 61.0
1910 61.0
1911 61.0
1912 61.0
1913 61.0
1914 61.0
1915 61.0
1916 61.0
1917 61.0
1918 61.0
1919 61.0
1920 61.0
1921 61.0
1922 61.0
1923 61.0
1924 61.0
1925 61.0
1926 61.0
1927 61.0
1928 61.0
1929 61.0
1930 61.0
1931 61.0
1932 61.0
1933 61.0
1934 61.0
1935 61.0
1936 61.0
1937 61.0
1938 61.0
1939 61.0
1940 61.0
1941 61.0
1942 61.0
1943 61.0
1944 61.0
1945 61.0
1946 61.0
1947 61.0
1948 61.0
1949 61.0
1950 61.0
1951 61.0
1952 61.0
1953 61.0
1954 61.0
1955 61.0
1956 61.0
1957 61.0
1958 61.0
1959 61.0
1960 61.0
1961 61.0
1962 61.0
1963 61.0
1964 61.0
1965 61.0
1966 61.0
1967 61.0
1968 61.0
1969 61.0
1970 61.0
1971 61.0
1972 61.0
1973 61.0
1974 61.0
1975 61.0
1976 61.0
1977 61.0
1978 61.0
1979 61.0
1980 61.0
1981 61.0
1982 61.0
1983 61.0
1984 61.0
1985 61.0
1986 61.0
1987 61.0
1988 61.0
1989 61.0
1990 61.0
1991 61.0
1992 61.0
1993 61.0
1994 61.0
1995 61.0
1996 61.0
1997 61.0
1998 61.0
1999 61.0
2000 61.0
2001 61.0
2002 61.0
2003 61.0
2004 61.0
2005 61.0
2006 61.0
2007 61.0
2008 61.0
2009 61.0
2010 61.0
2011 61.0
2012 61.0
2013 61.0
2014 61.0
2015 61.0
2016 61.0
2017 61.0
2018 61.0
2019 61.0
2020 61.0
2021 61.0
2022 61.0
2023 61.0
2024 61.0
2025 61.0
2026 61.0
2027 61.0
2028 61.0
2029 61.0
2030 61.0
2031 61.0
2032 61.0
2033 61.0
2034 61.0
2035 61.0
2036 61.0
2037 61.0
2038 61.0
2039 61.0
2040 61.0
2041 61.0
2042 61.0
2043 61.0
2044 61.0
2045 61.0
2046 61.0
2047 61.0
2048 61.0
2049 61.0
2050 61.0
2051 61.0
2052 61.0
2053 61.0
2054 61.0
2055 61.0
2056 61.0
2057 61.0
2058 61.0
2059 61.0
2060 61.0
2061 61.0
2062 61.0
2063 61.0
2064 61.0
2065 61.0
2066 61.0
2067 61.0
2068 61.0
2069 61.0
2070 61.0
2071 61.0
2072 61.0
2073 61.0
2074 61.0
2075 61.0
2076 61.0
2077 61.0
2078 61.0
2079 61.0
2080 61.0
2081 61.0
2082 61.0
2083 61.0
2084 61.0
2085 61.0
2086 61.0
2087 61.0
2088 61.0
2089 61.0
2090 61.0
2091 61.0
2092 61.0
2093 61.0
2094 61.0
2095 61.0
2096 61.0
2097 61.0
2098 61.0
2099 61.0
2100 61.0
2101 61.0
2102 61.0
2103 61.0
2104 61.0
2105 61.0
2106 61.0
2107 61.0
2108 61.0
2109 61.0
2110 61.0
2111 61.0
2112 61.0
2113 61.0
2114 61.0
2115 61.0
2116 61.0
2117 61.0
2118 61.0
2119 61.0
2120 61.0
2121 61.0
2122 61.0
2123 61.0
2124 61.0
2125 61.0
2126 61.0
2127 61.0
2128 61.0
2129 61.0
2130 61.0
2131 61.0
2132 61.0
2133 61.0
2134 61.0
2135 61.0
2136 61.0
2137 61.0
2138 61.0
2139 61.0
2140 61.0
2141 61.0
2142 61.0
2143 61.0
2144 61.0
2145 61.0
2146 61.0
2147 61.0
2148 61.0
2149 61.0
2150 61.0
2151 61.0
2152 61.0
2153 61.0
2154 61.0
2155 61.0
2156 61.0
2157 61.0
2158 61.0
2159 61.0
2160 61.0
2161 61.0
2162 61.0
2163 61.0
2164 61.0
2165 61.0
2166 61.0
2167 61.0
2168 61.0
2169 61.0
2170 61.0
2171 61.0
2172 61.0
2173 61.0
2174 61.0
2175 61.0
2176 61.0
2177 61.0
2178 61.0
2179 61.0
2180 61.0
2181 61.0
2182 61.0
2183 61.0
2184 61.0
2185 61.0
2186 61.0
2187 61.0
2188 61.0
2189 61.0
2190 61.0
2191 61.0
2192 61.0
2193 61.0
2194 61.0
2195 61.0
2196 61.0
2197 61.0
2198 61.0
2199 61.0
2200 61.0
2201 61.0
2202 61.0
2203 61.0
2204 61.0
2205 61.0
2206 61.0
2207 61.0
2208 61.0
2209 61.0
2210 61.0
2211 61.0
2212 61.0
2213 61.0
2214 61.0
2215 61.0
2216 61.0
2217 61.0
2218 61.0
2219 61.0
2220 61.0
2221 61.0
2222 61.0
2223 61.0
2224 61.0
2225 61.0
2226 61.0
2227 61.0
2228 61.0
2229 61.0
2230 61.0
2231 61.0
2232 61.0
2233 61.0
2234 61.0
2235 61.0
2236 61.0
2237 61.0
2238 61.0
2239 61.0
2240 61.0
2241 61.0
2242 61.0
2243 61.0
2244 61.0
2245 61.0
2246 61.0
2247 61.0
2248 61.0
2249 61.0
2250 61.0
2251 61.0
2252 61.0
2253 61.0
2254 61.0
2255 61.0
2256 61.0
2257 61.0
2258 61.0
2259 61.0
2260 61.0
2261 61.0
2262 61.0
2263 61.0
2264 61.0
2265 61.0
2266 61.0
2267 61.0
2268 61.0
2269 61.0
2270 61.0
2271 61.0
2272 61.0
2273 61.0
2274 61.0
2275 61.0
2276 61.0
2277 61.0
2278 61.0
2279 61.0
2280 61.0
2281 61.0
2282 61.0
2283 61.0
2284 61.0
2285 61.0
2286 61.0
2287 61.0
2288 61.0
2289 61.0
2290 61.0
2291 61.0
2292 61.0
2293 61.0
2294 61.0
2295 61.0
2296 61.0
2297 61.0
2298 61.0
2299 61.0
2300 61.0
2301 61.0
2302 61.0
2303 61.0
2304 61.0
2305 61.0
2306 61.0
2307 61.0
2308 61.0
2309 61.0
2310 61.0
2311 61.0
2312 61.0
2313 61.0
2314 61.0
2315 61.0
2316 61.0
2317 61.0
2318 61.0
2319 61.0
2320 61.0
2321 61.0
2322 61.0
2323 61.0
2324 61.0
2325 61.0
2326 61.0
2327 61.0
2328 61.0
2329 61.0
2330 61.0
2331 61.0
2332 61.0
2333 61.0
2334 61.0
2335 61.0
2336 61.0
2337 61.0
2338 61.0
2339 61.0
2340 61.0
2341 61.0
2342 61.0
2343 61.0
2344 61.0
2345 61.0
2346 61.0
2347 61.0
2348 61.0
2349 61.0
2350 61.0
2351 61.0
2352 61.0
2353 61.0
2354 61.0
2355 61.0
2356 61.0
2357 61.0
2358 61.0
2359 61.0
2360 61.0
2361 61.0
2362 61.0
2363 61.0
2364 61.0
2365 61.0
2366 61.0
2367 61.0
2368 61.0
2369 61.0
2370 61.0
2371 61.0
2372 61.0
2373 61.0
2374 61.0
2375 61.0
2376 61.0
2377 61.0
2378 61.0
2379 61.0
2380 61.0
2381 61.0
2382 61.0
2383 61.0
2384 61.0
2385 61.0
2386 61.0
2387 61.0
2388 61.0
2389 61.0
2390 61.0
2391 61.0
2392 61.0
2393 61.0
2394 61.0
2395 61.0
2396 61.0
2397 61.0
2398 61.0
2399 61.0
2400 61.0
2401 61.0
2402 61.0
2403 61.0
2404 61.0
2405 61.0
2406 61.0
2407 61.0
2408 61.0
2409 61.0
2410 61.0
2411 61.0
2412 61.0
2413 61.0
2414 61.0
2415 61.0
2416 61.0
2417 61.0
2418 61.0
2419 61.0
2420 61.0
2421 61.0
2422 61.0
2423 61.0
2424 61.0
2425 61.0
2426 61.0
2427 61.0
2428 61.0
2429 61.0
2430 61.0
2431 61.0
2432 61.0
2433 61.0
2434 61.0
2435 61.0
2436 61.0
2437 61.0
2438 61.0
2439 61.0
2440 61.0
2441 61.0
2442 61.0
2443 61.0
2444 61.0
2445 61.0
2446 61.0
2447 61.0
2448 61.0
2449 61.0
2450 61.0
2451 61.0
2452 61.0
2453 61.0
2454 61.0
2455 61.0
2456 61.0
2457 61.0
2458 61.0
2459 61.0
2460 61.0
2461 61.0
2462 61.0
2463 61.0
2464 61.0
2465 61.0
2466 61.0
2467 61.0
2468 61.0
2469 61.0
2470 61.0
2471 61.0
2472 61.0
2473 61.0
2474 61.0
2475 61.0
2476 61.0
2477 61.0
2478 61.0
2479 61.0
2480 61.0
2481 61.0
2482 61.0
2483 61.0
2484 61.0
2485 61.0
2486 61.0
2487 61.0
2488 61.0
2489 61.0
2490 61.0
2491 61.0
2492 61.0
2493 61.0
2494 61.0
2495 61.0
2496 61.0
2497 61.0
2498 61.0
2499 61.0
2500 61.0
2501 61.0
2502 61.0
2503 61.0
2504 61.0
2505 61.0
2506 61.0
2507 61.0
2508 61.0
2509 61.0
2510 61.0
2511 61.0
2512 61.0
2513 61.0
2514 61.0
2515 61.0
2516 61.0
2517 61.0
2518 61.0
2519 61.0
2520 61.0
2521 61.0
2522 61.0
2523 61.0
2524 61.0
2525 61.0
2526 61.0
2527 61.0
2528 61.0
2529 61.0
2530 61.0
2531 61.0
2532 61.0
2533 61.0
2534 61.0
2535 61.0
2536 61.0
2537 61.0
2538 61.0
2539 61.0
2540 61.0
2541 61.0
2542 61.0
2543 61.0
2544 61.0
2545 61.0
2546 61.0
2547 61.0
2548 61.0
2549 61.0
2550 61.0
2551 61.0
2552 61.0
2553 61.0
2554 61.0
2555 61.0
2556 61.0
2557 61.0
2558 61.0
2559 61.0
2560 61.0
2561 61.0
2562 61.0
2563 61.0
2564 61.0
2565 61.0
2566 61.0
2567 61.0
2568 61.0
2569 61.0
2570 61.0
2571 61.0
2572 61.0
2573 61.0
2574 61.0
2575 61.0
2576 61.0
2577 61.0
2578 61.0
2579 61.0
2580 61.0
2581 61.0
2582 61.0
2583 61.0
2584 61.0
2585 61.0
2586 61.0
2587 61.0
2588 61.0
2589 61.0
2590 61.0
2591 61.0
2592 61.0
2593 61.0
2594 61.0
2595 61.0
2596 61.0
2597 61.0
2598 61.0
2599 61.0
2600 61.0
2601 61.0
2602 61.0
2603 61.0
2604 61.0
2605 61.0
2606 61.0
2607 61.0
2608 61.0
2609 61.0
2610 61.0
2611 61.0
2612 61.0
2613 61.0
2614 61.0
2615 61.0
2616 61.0
2617 61.0
2618 61.0
2619 61.0
2620 61.0
2621 61.0
2622 61.0
2623 61.0
2624 61.0
2625 61.0
2626 61.0
2627 61.0
2628 61.0
2629 61.0
2630 61.0
2631 61.0
2632 61.0
2633 61.0
2634 61.0
2635 61.0
2636 61.0
2637 61.0
2638 61.0
2639 61.0
2640 61.0
2641 61.0
2642 61.0
2643 61.0
2644 61.0
2645 61.0
2646 61.0
2647 61.0
2648 61.0
2649 61.0
2650 61.0
2651 61.0
2652 61.0
2653 61.0
2654 61.0
2655 61.0
2656 61.0
2657 61.0
2658 61.0
2659 61.0
2660 61.0
2661 61.0
2662 61.0
2663 61.0
2664 61.0
2665 61.0
2666 61.0
2667 61.0
2668 61.0
2669 61.0
2670 61.0
2671 61.0
2672 61.0
2673 61.0
2674 61.0
2675 61.0
2676 61.0
2677 61.0
2678 61.0
2679 61.0
2680 61.0
2681 61.0
2682 61.0
2683 61.0
2684 61.0
2685 61.0
2686 61.0
2687 61.0
2688 61.0
2689 61.0
2690 61.0
2691 61.0
2692 61.0
2693 61.0
2694 61.0
2695 61.0
2696 61.0
2697 61.0
2698 61.0
2699 61.0
2700 61.0
2701 61.0
2702 61.0
2703 61.0
2704 61.0
2705 61.0
2706 61.0
2707 61.0
2708 61.0
2709 61.0
2710 61.0
2711 61.0
2712 61.0
2713 61.0
2714 61.0
2715 61.0
2716 61.0
2717 61.0
2718 61.0
2719 61.0
2720 61.0
2721 61.0
2722 61.0
2723 61.0
2724 61.0
2725 61.0
2726 61.0
2727 61.0
2728 61.0
2729 61.0
2730 61.0
2731 61.0
2732 61.0
2733 61.0
2734 61.0
2735 61.0
2736 61.0
2737 61.0
2738 61.0
2739 61.0
2740 61.0
2741 61.0
2742 61.0
2743 61.0
2744 61.0
2745 61.0
2746 61.0
2747 61.0
2748 61.0
2749 61.0
2750 61.0
2751 61.0
2752 61.0
2753 61.0
2754 61.0
2755 61.0
2756 61.0
2757 61.0
2758 61.0
2759 61.0
2760 61.0
2761 61.0
2762 61.0
2763 61.0
2764 61.0
2765 61.0
2766 61.0
2767 61.0
2768 61.0
2769 61.0
2770 61.0
2771 61.0
2772 61.0
2773 61.0
2774 61.0
2775 61.0
2776 61.0
2777 61.0
2778 61.0
2779 61.0
2780 61.0
2781 61.0
2782 61.0
2783 61.0
2784 61.0
2785 61.0
2786 61.0
2787 61.0
2788 61.0
2789 61.0
2790 61.0
2791 61.0
2792 61.0
2793 61.0
2794 61.0
2795 61.0
2796 61.0
2797 61.0
2798 61.0
2799 61.0
2800 61.0
2801 61.0
2802 61.0
2803 61.0
2804 61.0
2805 61.0
2806 61.0
2807 61.0
2808 61.0
2809 61.0
2810 61.0
2811 61.0
2812 61.0
2813 61.0
2814 61.0
2815 61.0
2816 61.0
2817 61.0
2818 61.0
2819 61.0
2820 61.0
2821 61.0
2822 61.0
2823 61.0
2824 61.0
2825 61.0
2826 61.0
2827 61.0
2828 61.0
2829 61.0
2830 61.0
2831 61.0
2832 61.0
2833 61.0
2834 61.0
2835 61.0
2836 61.0
2837 61.0
2838 61.0
2839 61.0
2840 61.0
2841 61.0
2842 61.0
2843 61.0
2844 61.0
2845 61.0
2846 61.0
2847 61.0
2848 61.0
2849 61.0
2850 61.0
2851 61.0
2852 61.0
2853 61.0
2854 61.0
2855 61.0
2856 61.0
2857 61.0
2858 61.0
2859 61.0
2860 61.0
2861 61.0
2862 61.0
2863 61.0
2864 61.0
2865 61.0
2866 61.0
2867 61.0
2868 61.0
2869 61.0
2870 61.0
2871 61.0
2872 61.0
2873 61.0
2874 61.0
2875 61.0
2876 61.0
2877 61.0
2878 61.0
2879 61.0
2880 61.0
2881 61.0
2882 61.0
2883 61.0
2884 61.0
2885 61.0
2886 61.0
2887 61.0
2888 61.0
2889 61.0
2890 61.0
2891 61.0
2892 61.0
2893 61.0
2894 61.0
2895 61.0
2896 61.0
2897 61.0
2898 61.0
2899 61.0
2900 61.0
2901 61.0
2902 61.0
2903 61.0
2904 61.0
2905 61.0
2906 61.0
2907 61.0
2908 61.0
2909 61.0
2910 61.0
2911 61.0
2912 61.0
2913 61.0
2914 61.0
2915 61.0
2916 61.0
2917 61.0
2918 61.0
2919 61.0
2920 61.0
2921 61.0
2922 61.0
2923 61.0
2924 61.0
2925 61.0
2926 61.0
2927 61.0
2928 61.0
2929 61.0
2930 61.0
2931 61.0
2932 61.0
2933 61.0
2934 61.0
2935 61.0
2936 61.0
2937 61.0
2938 61.0
2939 61.0
2940 61.0
2941 61.0
2942 61.0
2943 61.0
2944 61.0
2945 61.0
2946 61.0
2947 61.0
2948 61.0
2949 61.0
2950 61.0
2951 61.0
2952 61.0
2953 61.0
2954 61.0
2955 61.0
2956 61.0
2957 61.0
2958 61.0
2959 61.0
2960 61.0
2961 61.0
2962 61.0
2963 61.0
2964 61.0
2965 61.0
2966 61.0
2967 61.0
2968 61.0
2969 61.0
2970 61.0
2971 61.0
2972 61.0
2973 61.0
2974 61.0
2975 61.0
2976 61.0
2977 61.0
2978 61.0
2979 61.0
2980 61.0
2981 61.0
2982 61.0
2983 61.0
2984 61.0
2985 61.0
2986 61.0
2987 61.0
2988 61.0
2989 61.0
2990 61.0
2991 61.0
2992 61.0
2993 61.0
2994 61.0
2995 61.0
2996 61.0
2997 61.0
2998 61.0
2999 61.0
3000 61.0
3001 61.0
3002 61.0
3003 61.0
3004 61.0
3005 61.0
3006 61.0
3007 61.0
3008 61.0
3009 61.0
3010 61.0
3011 61.0
3012 61.0
3013 61.0
3014 61.0
3015 61.0
3016 61.0
3017 61.0
3018 61.0
3019 61.0
3020 61.0
3021 61.0
3022 61.0
3023 61.0
3024 61.0
3025 61.0
3026 61.0
3027 61.0
3028 61.0
3029 61.0
3030 61.0
3031 61.0
3032 61.0
3033 61.0
3034 61.0
3035 61.0
3036 61.0
3037 61.0
3038 61.0
3039 61.0
3040 61.0
3041 61.0
3042 61.0
3043 61.0
3044 61.0
3045 61.0
3046 61.0
3047 61.0
3048 61.0
3049 61.0
3050 61.0
3051 61.0
3052 61.0
3053 61.0
3054 61.0
3055 63.0
3056 63.0
3057 63.0
3058 63.0
3059 63.0
3060 63.0
3061 63.0
3062 63.0
3063 63.0
3064 63.0
3065 63.0
3066 63.0
3067 63.0
3068 63.0
3069 63.0
3070 63.0
3071 63.0
3072 63.0
3073 63.0
3074 63.0
3075 63.0
3076 63.0
3077 63.0
3078 63.0
3079 63.0
3080 63.0
3081 63.0
3082 63.0
3083 63.0
3084 63.0
3085 63.0
3086 63.0
3087 63.0
3088 63.0
3089 63.0
3090 63.0
3091 63.0
3092 63.0
3093 63.0
3094 63.0
3095 63.0
3096 63.0
3097 63.0
3098 63.0
3099 63.0
3100 63.0
3101 63.0
3102 63.0
3103 63.0
3104 63.0
3105 63.0
3106 63.0
3107 63.0
3108 63.0
3109 63.0
3110 63.0
3111 63.0
3112 63.0
3113 63.0
3114 63.0
3115 63.0
3116 63.0
3117 63.0
3118 63.0
3119 63.0
3120 63.0
3121 63.0
3122 63.0
3123 63.0
3124 63.0
3125 63.0
3126 63.0
3127 63.0
3128 63.0
3129 63.0
3130 63.0
3131 63.0
3132 63.0
3133 63.0
3134 63.0
3135 63.0
3136 63.0
3137 63.0
3138 63.0
3139 63.0
3140 63.0
3141 63.0
3142 63.0
3143 63.0
3144 63.0
3145 63.0
3146 63.0
3147 63.0
3148 63.0
3149 63.0
3150 63.0
3151 63.0
3152 63.0
3153 63.0
3154 63.0
3155 63.0
3156 63.0
3157 63.0
3158 63.0
3159 63.0
3160 63.0
3161 63.0
3162 63.0
3163 63.0
3164 63.0
3165 63.0
3166 63.0
3167 63.0
3168 63.0
3169 63.0
3170 63.0
3171 63.0
3172 63.0
3173 63.0
3174 63.0
3175 63.0
3176 63.0
3177 63.0
3178 63.0
3179 63.0
3180 63.0
3181 63.0
3182 63.0
3183 63.0
3184 63.0
3185 63.0
3186 63.0
3187 63.0
3188 63.0
3189 63.0
3190 63.0
3191 63.0
3192 63.0
3193 63.0
3194 63.0
3195 63.0
3196 63.0
3197 63.0
3198 63.0
3199 63.0
3200 63.0
3201 63.0
3202 63.0
3203 63.0
3204 63.0
3205 63.0
3206 63.0
3207 63.0
3208 63.0
3209 63.0
3210 63.0
3211 63.0
3212 63.0
3213 63.0
3214 63.0
3215 63.0
3216 63.0
3217 63.0
3218 63.0
3219 63.0
3220 63.0
3221 63.0
3222 63.0
3223 63.0
3224 63.0
3225 63.0
3226 63.0
3227 63.0
3228 63.0
3229 63.0
3230 63.0
3231 63.0
3232 63.0
3233 63.0
3234 63.0
3235 63.0
3236 63.0
3237 63.0
3238 63.0
3239 63.0
3240 63.0
3241 63.0
3242 63.0
3243 63.0
3244 63.0
3245 63.0
3246 63.0
3247 63.0
3248 63.0
3249 63.0
3250 63.0
3251 63.0
3252 63.0
3253 63.0
3254 63.0
3255 63.0
3256 63.0
3257 63.0
3258 63.0
3259 63.0
3260 63.0
3261 63.0
3262 63.0
3263 63.0
3264 63.0
3265 63.0
3266 63.0
3267 63.0
3268 63.0
3269 63.0
3270 63.0
3271 63.0
3272 63.0
3273 63.0
3274 63.0
3275 63.0
3276 63.0
3277 63.0
3278 63.0
3279 63.0
3280 63.0
3281 63.0
3282 63.0
3283 63.0
3284 63.0
3285 63.0
3286 63.0
3287 63.0
3288 63.0
3289 63.0
3290 63.0
3291 63.0
3292 63.0
3293 63.0
3294 63.0
3295 63.0
3296 63.0
3297 63.0
3298 63.0
3299 63.0
3300 63.0
3301 63.0
3302 63.0
3303 63.0
3304 63.0
3305 63.0
3306 63.0
3307 63.0
3308 63.0
3309 63.0
3310 63.0
3311 63.0
3312 63.0
3313 63.0
3314 63.0
3315 63.0
3316 63.0
3317 63.0
3318 63.0
3319 63.0
3320 63.0
3321 63.0
3322 63.0
3323 63.0
3324 63.0
3325 63.0
3326 63.0
3327 63.0
3328 63.0
3329 63.0
3330 63.0
3331 63.0
3332 63.0
3333 63.0
3334 63.0
3335 63.0
3336 63.0
3337 63.0
3338 63.0
3339 63.0
3340 63.0
3341 63.0
3342 63.0
3343 63.0
3344 63.0
3345 63.0
3346 63.0
3347 63.0
3348 63.0
3349 63.0
3350 63.0
3351 63.0
3352 63.0
3353 63.0
3354 63.0
3355 63.0
3356 63.0
3357 63.0
3358 63.0
3359 63.0
3360 63.0
3361 63.0
3362 63.0
3363 63.0
3364 63.0
3365 63.0
3366 63.0
3367 63.0
3368 63.0
3369 63.0
3370 63.0
3371 63.0
3372 63.0
3373 63.0
3374 63.0
3375 63.0
3376 63.0
3377 63.0
3378 63.0
3379 63.0
3380 63.0
3381 63.0
3382 63.0
3383 63.0
3384 63.0
3385 63.0
3386 63.0
3387 63.0
3388 63.0
3389 63.0
3390 63.0
3391 63.0
3392 63.0
3393 63.0
3394 63.0
3395 63.0
3396 63.0
3397 63.0
3398 63.0
3399 63.0
3400 63.0
3401 63.0
3402 63.0
3403 63.0
3404 63.0
3405 63.0
3406 63.0
3407 63.0
3408 63.0
3409 63.0
3410 63.0
3411 63.0
3412 63.0
3413 63.0
3414 63.0
3415 63.0
3416 63.0
3417 63.0
3418 63.0
3419 63.0
3420 63.0
3421 63.0
3422 63.0
3423 63.0
3424 63.0
3425 63.0
3426 63.0
3427 63.0
3428 63.0
3429 63.0
3430 63.0
3431 63.0
3432 63.0
3433 63.0
3434 63.0
3435 63.0
3436 63.0
3437 63.0
3438 63.0
3439 63.0
3440 63.0
3441 63.0
3442 63.0
3443 63.0
3444 63.0
3445 63.0
3446 63.0
3447 63.0
3448 63.0
3449 63.0
3450 63.0
3451 63.0
3452 63.0
3453 63.0
3454 63.0
3455 63.0
3456 63.0
3457 63.0
3458 63.0
3459 63.0
3460 63.0
3461 63.0
3462 63.0
3463 63.0
3464 63.0
3465 63.0
3466 63.0
3467 63.0
3468 63.0
3469 63.0
3470 63.0
3471 63.0
3472 63.0
3473 63.0
3474 63.0
3475 63.0
3476 63.0
3477 63.0
3478 63.0
3479 63.0
3480 63.0
3481 63.0
3482 63.0
3483 63.0
3484 63.0
3485 63.0
3486 63.0
3487 63.0
3488 63.0
3489 63.0
3490 63.0
3491 63.0
3492 63.0
3493 63.0
3494 63.0
3495 63.0
3496 63.0
3497 63.0
3498 63.0
3499 63.0
3500 63.0
3501 63.0
3502 63.0
3503 63.0
3504 63.0
3505 63.0
3506 63.0
3507 63.0
3508 63.0
3509 63.0
3510 63.0
3511 63.0
3512 63.0
3513 63.0
3514 63.0
3515 63.0
3516 63.0
3517 63.0
3518 63.0
3519 63.0
3520 63.0
3521 63.0
3522 63.0
3523 63.0
3524 63.0
3525 63.0
3526 63.0
3527 63.0
3528 63.0
3529 63.0
3530 63.0
3531 63.0
3532 63.0
3533 63.0
3534 63.0
3535 63.0
3536 63.0
3537 63.0
3538 63.0
3539 63.0
3540 63.0
3541 63.0
3542 63.0
3543 63.0
3544 63.0
3545 63.0
3546 63.0
3547 63.0
3548 63.0
3549 63.0
3550 63.0
3551 63.0
3552 63.0
3553 63.0
3554 63.0
3555 63.0
3556 63.0
3557 63.0
3558 63.0
3559 63.0
3560 63.0
3561 63.0
3562 63.0
3563 63.0
3564 63.0
3565 63.0
3566 63.0
3567 63.0
3568 63.0
3569 63.0
3570 63.0
3571 63.0
3572 63.0
3573 63.0
3574 63.0
3575 63.0
3576 63.0
3577 63.0
3578 63.0
3579 63.0
3580 63.0
3581 63.0
3582 63.0
3583 63.0
3584 63.0
3585 63.0
3586 63.0
3587 63.0
3588 63.0
3589 63.0
3590 63.0
3591 63.0
3592 63.0
3593 63.0
3594 63.0
3595 63.0
3596 63.0
3597 63.0
3598 63.0
3599 63.0
3600 63.0
3601 63.0
3602 63.0
3603 63.0
3604 63.0
3605 63.0
3606 63.0
3607 63.0
3608 63.0
3609 63.0
3610 63.0
3611 63.0
3612 63.0
3613 63.0
3614 63.0
3615 63.0
3616 63.0
3617 63.0
3618 63.0
3619 63.0
3620 63.0
3621 63.0
3622 63.0
3623 63.0
3624 63.0
3625 63.0
3626 63.0
3627 63.0
3628 63.0
3629 63.0
3630 63.0
3631 63.0
3632 63.0
3633 63.0
3634 63.0
3635 63.0
3636 63.0
3637 63.0
3638 63.0
3639 63.0
3640 63.0
3641 63.0
3642 63.0
3643 63.0
3644 63.0
3645 63.0
3646 63.0
3647 63.0
3648 63.0
3649 63.0
3650 63.0
3651 63.0
3652 63.0
3653 63.0
3654 63.0
3655 63.0
3656 63.0
3657 63.0
3658 63.0
3659 63.0
3660 63.0
3661 63.0
3662 63.0
3663 63.0
3664 63.0
3665 63.0
3666 63.0
3667 63.0
3668 63.0
3669 63.0
3670 63.0
3671 63.0
3672 63.0
3673 63.0
3674 63.0
3675 63.0
3676 63.0
3677 63.0
3678 63.0
3679 63.0
3680 63.0
3681 63.0
3682 63.0
3683 63.0
3684 63.0
3685 63.0
3686 63.0
3687 63.0
3688 63.0
3689 63.0
3690 63.0
3691 63.0
3692 63.0
3693 63.0
3694 63.0
3695 63.0
3696 63.0
3697 63.0
3698 63.0
3699 63.0
3700 63.0
3701 63.0
3702 63.0
3703 63.0
3704 63.0
3705 63.0
3706 63.0
3707 63.0
3708 63.0
3709 63.0
3710 63.0
3711 63.0
3712 63.0
3713 63.0
3714 63.0
3715 63.0
3716 63.0
3717 63.0
3718 63.0
3719 63.0
3720 63.0
3721 63.0
3722 63.0
3723 63.0
3724 63.0
3725 63.0
3726 63.0
3727 63.0
3728 63.0
3729 63.0
3730 63.0
3731 63.0
3732 63.0
3733 63.0
3734 63.0
3735 63.0
3736 63.0
3737 63.0
3738 63.0
3739 63.0
3740 63.0
3741 63.0
3742 63.0
3743 63.0
3744 63.0
3745 63.0
3746 63.0
3747 63.0
3748 63.0
3749 63.0
3750 63.0
3751 63.0
3752 63.0
3753 63.0
3754 63.0
3755 63.0
3756 63.0
3757 63.0
3758 63.0
3759 63.0
3760 63.0
3761 63.0
3762 63.0
3763 63.0
3764 63.0
3765 63.0
3766 63.0
3767 63.0
3768 63.0
3769 63.0
3770 63.0
3771 63.0
3772 63.0
3773 63.0
3774 63.0
3775 63.0
3776 63.0
3777 63.0
3778 63.0
3779 63.0
3780 63.0
3781 63.0
3782 63.0
3783 63.0
3784 63.0
3785 63.0
3786 63.0
3787 63.0
3788 63.0
3789 63.0
3790 63.0
3791 63.0
3792 63.0
3793 63.0
3794 63.0
3795 63.0
3796 63.0
3797 63.0
3798 63.0
3799 63.0
3800 63.0
3801 63.0
3802 63.0
3803 63.0
3804 63.0
3805 63.0
3806 63.0
3807 63.0
3808 63.0
3809 63.0
3810 63.0
3811 63.0
3812 63.0
3813 63.0
3814 63.0
3815 63.0
3816 63.0
3817 63.0
3818 63.0
3819 63.0
3820 63.0
3821 63.0
3822 63.0
3823 63.0
3824 63.0
3825 63.0
3826 63.0
3827 63.0
3828 63.0
3829 63.0
3830 63.0
3831 63.0
3832 63.0
3833 63.0
3834 63.0
3835 63.0
3836 63.0
3837 63.0
3838 63.0
3839 63.0
3840 63.0
3841 63.0
3842 63.0
3843 63.0
3844 63.0
3845 63.0
3846 63.0
3847 63.0
3848 63.0
3849 63.0
3850 63.0
3851 63.0
3852 63.0
3853 63.0
3854 63.0
3855 63.0
3856 63.0
3857 63.0
3858 63.0
3859 63.0
3860 63.0
3861 63.0
3862 63.0
3863 63.0
3864 63.0
3865 63.0
3866 63.0
3867 63.0
3868 63.0
3869 63.0
3870 63.0
3871 63.0
3872 63.0
3873 63.0
3874 63.0
3875 63.0
3876 63.0
3877 63.0
3878 63.0
3879 63.0
3880 63.0
3881 63.0
3882 63.0
3883 63.0
3884 63.0
3885 63.0
3886 63.0
3887 63.0
3888 63.0
3889 63.0
3890 63.0
3891 63.0
3892 63.0
3893 63.0
3894 63.0
3895 63.0
3896 63.0
3897 63.0
3898 63.0
3899 63.0
3900 63.0
3901 63.0
3902 63.0
3903 63.0
3904 63.0
3905 63.0
3906 63.0
3907 63.0
3908 63.0
3909 63.0
3910 63.0
3911 63.0
3912 63.0
3913 63.0
3914 63.0
3915 63.0
3916 63.0
3917 63.0
3918 63.0
3919 63.0
3920 63.0
3921 63.0
3922 63.0
3923 63.0
3924 63.0
3925 63.0
3926 63.0
3927 63.0
3928 63.0
3929 63.0
3930 63.0
3931 63.0
3932 63.0
3933 63.0
3934 63.0
3935 63.0
3936 63.0
3937 63.0
3938 63.0
3939 63.0
3940 63.0
3941 63.0
3942 63.0
3943 63.0
3944 63.0
3945 63.0
3946 63.0
3947 63.0
3948 63.0
3949 63.0
3950 63.0
3951 63.0
3952 63.0
3953 63.0
3954 63.0
3955 63.0
3956 63.0
3957 63.0
3958 63.0
3959 63.0
3960 63.0
3961 63.0
3962 63.0
3963 63.0
3964 63.0
3965 63.0
3966 63.0
3967 63.0
3968 63.0
3969 63.0
3970 63.0
3971 63.0
3972 63.0
3973 63.0
3974 63.0
3975 63.0
3976 63.0
3977 63.0
3978 63.0
3979 63.0
3980 63.0
3981 63.0
3982 63.0
3983 63.0
3984 63.0
3985 63.0
3986 63.0
3987 63.0
3988 63.0
3989 63.0
3990 63.0
3991 63.0
3992 63.0
3993 63.0
3994 63.0
3995 63.0
3996 63.0
3997 63.0
3998 63.0
3999 63.0
4000 63.0
4001 63.0
4002 63.0
4003 63.0
4004 63.0
4005 63.0
4006 63.0
4007 63.0
4008 63.0
4009 63.0
4010 63.0
4011 63.0
4012 63.0
4013 63.0
4014 63.0
4015 63.0
4016 63.0
4017 63.0
4018 63.0
4019 63.0
4020 63.0
4021 63.0
4022 63.0
4023 63.0
4024 63.0
4025 63.0
4026 63.0
4027 63.0
4028 63.0
4029 63.0
4030 63.0
4031 63.0
4032 63.0
4033 63.0
4034 63.0
4035 63.0
4036 63.0
4037 63.0
4038 63.0
4039 63.0
4040 63.0
4041 63.0
4042 63.0
4043 63.0
4044 63.0
4045 63.0
4046 63.0
4047 63.0
4048 63.0
4049 63.0
4050 63.0
4051 63.0
4052 63.0
4053 63.0
4054 63.0
4055 63.0
4056 63.0
4057 63.0
4058 63.0
4059 63.0
4060 63.0
4061 63.0
4062 63.0
4063 63.0
4064 63.0
4065 63.0
4066 63.0
4067 63.0
4068 63.0
4069 63.0
4070 63.0
4071 63.0
4072 63.0
4073 63.0
4074 63.0
4075 63.0
4076 63.0
4077 63.0
4078 63.0
4079 63.0
4080 63.0
4081 63.0
4082 63.0
4083 63.0
4084 63.0
4085 63.0
4086 63.0
4087 63.0
4088 63.0
4089 63.0
4090 63.0
4091 63.0
4092 63.0
4093 63.0
4094 63.0
4095 63.0
4096 63.0
4097 63.0
4098 63.0
4099 63.0
4100 63.0
4101 63.0
4102 63.0
4103 63.0
4104 63.0
4105 63.0
4106 63.0
4107 63.0
4108 63.0
4109 63.0
4110 63.0
4111 63.0
4112 63.0
4113 63.0
4114 63.0
4115 63.0
4116 63.0
4117 63.0
4118 63.0
4119 63.0
4120 63.0
4121 63.0
4122 63.0
4123 63.0
4124 63.0
4125 63.0
4126 63.0
4127 63.0
4128 63.0
4129 63.0
4130 63.0
4131 63.0
4132 63.0
4133 63.0
4134 63.0
4135 63.0
4136 63.0
4137 63.0
4138 63.0
4139 63.0
4140 63.0
4141 63.0
4142 63.0
4143 63.0
4144 63.0
4145 63.0
4146 63.0
4147 63.0
4148 63.0
4149 63.0
4150 63.0
4151 63.0
4152 63.0
4153 63.0
4154 63.0
4155 63.0
4156 63.0
4157 63.0
4158 63.0
4159 63.0
4160 63.0
4161 63.0
4162 63.0
4163 63.0
4164 63.0
4165 63.0
4166 63.0
4167 63.0
4168 63.0
4169 63.0
4170 63.0
4171 63.0
4172 63.0
4173 63.0
4174 63.0
4175 63.0
4176 63.0
4177 63.0
4178 63.0
4179 63.0
4180 63.0
4181 63.0
4182 63.0
4183 63.0
4184 63.0
4185 63.0
4186 63.0
4187 63.0
4188 63.0
4189 63.0
4190 63.0
4191 63.0
4192 63.0
4193 63.0
4194 63.0
4195 63.0
4196 63.0
4197 63.0
4198 63.0
4199 63.0
4200 63.0
4201 63.0
4202 63.0
4203 63.0
4204 63.0
4205 63.0
4206 63.0
4207 63.0
4208 63.0
4209 63.0
4210 63.0
4211 63.0
4212 63.0
4213 63.0
4214 63.0
4215 63.0
4216 63.0
4217 63.0
4218 63.0
4219 63.0
4220 63.0
4221 63.0
4222 63.0
4223 63.0
4224 63.0
4225 63.0
4226 63.0
4227 63.0
4228 63.0
4229 63.0
4230 63.0
4231 63.0
4232 63.0
4233 63.0
4234 63.0
4235 63.0
4236 63.0
4237 63.0
4238 63.0
4239 63.0
4240 63.0
4241 63.0
4242 63.0
4243 63.0
4244 63.0
4245 63.0
4246 63.0
4247 63.0
4248 63.0
4249 63.0
4250 63.0
4251 63.0
4252 63.0
4253 63.0
4254 63.0
4255 63.0
4256 63.0
4257 63.0
4258 63.0
4259 63.0
4260 63.0
4261 63.0
4262 63.0
4263 63.0
4264 63.0
4265 63.0
4266 63.0
4267 63.0
4268 63.0
4269 63.0
4270 63.0
4271 63.0
4272 63.0
4273 63.0
4274 63.0
4275 63.0
4276 63.0
4277 63.0
4278 63.0
4279 63.0
4280 63.0
4281 63.0
4282 63.0
4283 63.0
4284 63.0
4285 63.0
4286 63.0
4287 63.0
4288 63.0
4289 63.0
4290 63.0
4291 63.0
4292 63.0
4293 63.0
4294 63.0
4295 63.0
4296 63.0
4297 63.0
4298 63.0
4299 63.0
4300 63.0
4301 63.0
4302 63.0
4303 63.0
4304 63.0
4305 63.0
4306 63.0
4307 63.0
4308 63.0
4309 63.0
4310 63.0
4311 63.0
4312 63.0
4313 63.0
4314 63.0
4315 63.0
4316 63.0
4317 63.0
4318 63.0
4319 63.0
4320 63.0
4321 63.0
4322 63.0
4323 63.0
4324 63.0
4325 63.0
4326 63.0
4327 63.0
4328 63.0
4329 63.0
4330 63.0
4331 63.0
4332 63.0
4333 63.0
4334 63.0
4335 63.0
4336 63.0
4337 63.0
4338 63.0
4339 63.0
4340 63.0
4341 63.0
4342 63.0
4343 63.0
4344 63.0
4345 63.0
4346 63.0
4347 63.0
4348 63.0
4349 63.0
4350 63.0
4351 63.0
4352 63.0
4353 63.0
4354 63.0
4355 63.0
4356 63.0
4357 63.0
4358 63.0
4359 63.0
4360 63.0
4361 63.0
4362 63.0
4363 63.0
4364 63.0
4365 63.0
4366 63.0
4367 63.0
4368 63.0
4369 63.0
4370 63.0
4371 63.0
4372 63.0
4373 63.0
4374 63.0
4375 63.0
4376 63.0
4377 63.0
4378 63.0
4379 63.0
4380 63.0
4381 63.0
4382 63.0
4383 63.0
4384 63.0
4385 63.0
4386 63.0
4387 63.0
4388 63.0
4389 63.0
4390 63.0
4391 63.0
4392 63.0
4393 63.0
4394 63.0
4395 63.0
4396 63.0
4397 63.0
4398 63.0
4399 63.0
4400 63.0
4401 63.0
4402 63.0
4403 63.0
4404 63.0
4405 63.0
4406 63.0
4407 63.0
4408 63.0
4409 63.0
4410 63.0
4411 63.0
4412 63.0
4413 63.0
4414 63.0
4415 63.0
4416 63.0
4417 63.0
4418 63.0
4419 63.0
4420 63.0
4421 63.0
4422 63.0
4423 63.0
4424 63.0
4425 63.0
4426 63.0
4427 63.0
4428 63.0
4429 63.0
4430 63.0
4431 63.0
4432 63.0
4433 63.0
4434 63.0
4435 63.0
4436 63.0
4437 63.0
4438 63.0
4439 63.0
4440 63.0
4441 63.0
4442 63.0
4443 63.0
4444 63.0
4445 63.0
4446 63.0
4447 63.0
4448 63.0
4449 63.0
4450 63.0
4451 63.0
4452 63.0
4453 63.0
4454 63.0
4455 63.0
4456 63.0
4457 63.0
4458 63.0
4459 63.0
4460 63.0
4461 63.0
4462 63.0
4463 63.0
4464 63.0
4465 63.0
4466 63.0
4467 63.0
4468 63.0
4469 63.0
4470 63.0
4471 63.0
4472 63.0
4473 63.0
4474 63.0
4475 63.0
4476 63.0
4477 63.0
4478 63.0
4479 63.0
4480 63.0
4481 63.0
4482 63.0
4483 63.0
4484 63.0
4485 63.0
4486 63.0
4487 63.0
4488 63.0
4489 63.0
4490 63.0
4491 63.0
4492 63.0
4493 63.0
4494 63.0
4495 63.0
4496 63.0
4497 63.0
4498 63.0
4499 63.0
4500 63.0
4501 63.0
4502 63.0
4503 63.0
4504 63.0
4505 63.0
4506 63.0
4507 63.0
4508 63.0
4509 63.0
4510 63.0
4511 63.0
4512 63.0
4513 63.0
4514 63.0
4515 63.0
4516 63.0
4517 63.0
4518 63.0
4519 63.0
4520 63.0
4521 63.0
4522 63.0
4523 63.0
4524 63.0
4525 63.0
4526 63.0
4527 63.0
4528 63.0
4529 63.0
4530 63.0
4531 63.0
4532 63.0
4533 63.0
4534 63.0
4535 63.0
4536 63.0
4537 63.0
4538 63.0
4539 63.0
4540 63.0
4541 63.0
4542 63.0
4543 63.0
4544 63.0
4545 63.0
4546 63.0
4547 63.0
4548 63.0
4549 63.0
4550 63.0
4551 63.0
4552 63.0
4553 63.0
4554 63.0
4555 63.0
4556 63.0
4557 63.0
4558 63.0
4559 63.0
4560 63.0
4561 63.0
4562 63.0
4563 63.0
4564 63.0
4565 63.0
4566 63.0
4567 63.0
4568 63.0
4569 63.0
4570 63.0
4571 63.0
4572 63.0
4573 63.0
4574 63.0
4575 63.0
4576 63.0
4577 63.0
4578 63.0
4579 63.0
4580 63.0
4581 63.0
4582 63.0
4583 63.0
4584 63.0
4585 63.0
4586 63.0
4587 63.0
4588 63.0
4589 63.0
4590 63.0
4591 63.0
4592 63.0
4593 63.0
4594 63.0
4595 63.0
4596 63.0
4597 63.0
4598 63.0
4599 63.0
4600 63.0
4601 63.0
4602 63.0
4603 63.0
4604 63.0
4605 63.0
4606 63.0
4607 63.0
4608 63.0
4609 63.0
4610 63.0
4611 63.0
4612 63.0
4613 63.0
4614 63.0
4615 63.0
4616 63.0
4617 63.0
4618 63.0
4619 63.0
4620 63.0
4621 63.0
4622 63.0
4623 63.0
4624 63.0
4625 63.0
4626 63.0
4627 63.0
4628 63.0
4629 63.0
4630 63.0
4631 63.0
4632 63.0
4633 63.0
4634 63.0
4635 63.0
4636 63.0
4637 63.0
4638 63.0
4639 63.0
4640 63.0
4641 63.0
4642 63.0
4643 63.0
4644 63.0
4645 63.0
4646 63.0
4647 63.0
4648 63.0
4649 63.0
4650 63.0
4651 63.0
4652 63.0
4653 63.0
4654 63.0
4655 63.0
4656 63.0
4657 63.0
4658 63.0
4659 63.0
4660 63.0
4661 63.0
4662 63.0
4663 63.0
4664 63.0
4665 63.0
4666 63.0
4667 63.0
4668 63.0
4669 63.0
4670 63.0
4671 63.0
4672 63.0
4673 63.0
4674 63.0
4675 63.0
4676 63.0
4677 63.0
4678 63.0
4679 63.0
4680 63.0
4681 63.0
4682 63.0
4683 63.0
4684 63.0
4685 63.0
4686 63.0
4687 63.0
4688 63.0
4689 63.0
4690 63.0
4691 63.0
4692 63.0
4693 63.0
4694 63.0
4695 63.0
4696 63.0
4697 63.0
4698 63.0
4699 63.0
4700 63.0
4701 63.0
4702 63.0
4703 63.0
4704 63.0
4705 63.0
4706 63.0
4707 63.0
4708 63.0
4709 63.0
4710 63.0
4711 63.0
4712 63.0
4713 63.0
4714 63.0
4715 63.0
4716 63.0
4717 63.0
4718 63.0
4719 63.0
4720 63.0
4721 63.0
4722 63.0
4723 63.0
4724 63.0
4725 63.0
4726 63.0
4727 63.0
4728 63.0
4729 63.0
4730 63.0
4731 63.0
4732 63.0
4733 63.0
4734 63.0
4735 63.0
4736 63.0
4737 63.0
4738 63.0
4739 63.0
4740 63.0
4741 63.0
4742 63.0
4743 63.0
4744 63.0
4745 63.0
4746 63.0
4747 63.0
4748 63.0
4749 63.0
4750 63.0
4751 63.0
4752 63.0
4753 63.0
4754 63.0
4755 63.0
4756 63.0
4757 63.0
4758 63.0
4759 63.0
4760 63.0
4761 63.0
4762 63.0
4763 63.0
4764 63.0
4765 63.0
4766 63.0
4767 63.0
4768 63.0
4769 63.0
4770 63.0
4771 63.0
4772 63.0
4773 63.0
4774 63.0
4775 63.0
4776 63.0
4777 63.0
4778 63.0
4779 63.0
4780 63.0
4781 63.0
4782 63.0
4783 63.0
4784 63.0
4785 63.0
4786 63.0
4787 63.0
4788 63.0
4789 63.0
4790 63.0
4791 63.0
4792 63.0
4793 63.0
4794 63.0
4795 63.0
4796 63.0
4797 63.0
4798 63.0
4799 63.0
4800 63.0
4801 63.0
4802 63.0
4803 63.0
4804 63.0
4805 63.0
4806 63.0
4807 63.0
4808 63.0
4809 63.0
4810 63.0
4811 63.0
4812 63.0
4813 63.0
4814 63.0
4815 63.0
4816 63.0
4817 63.0
4818 63.0
4819 63.0
4820 63.0
4821 63.0
4822 63.0
4823 63.0
4824 63.0
4825 63.0
4826 63.0
4827 63.0
4828 63.0
4829 63.0
4830 63.0
4831 63.0
4832 63.0
4833 63.0
4834 63.0
4835 63.0
4836 63.0
4837 63.0
4838 63.0
4839 63.0
4840 63.0
4841 63.0
4842 63.0
4843 63.0
4844 63.0
4845 63.0
4846 63.0
4847 63.0
4848 63.0
4849 63.0
4850 63.0
4851 63.0
4852 63.0
4853 63.0
4854 63.0
4855 63.0
4856 63.0
4857 63.0
4858 63.0
4859 63.0
4860 63.0
4861 63.0
4862 63.0
4863 63.0
4864 63.0
4865 63.0
4866 63.0
4867 63.0
4868 63.0
4869 63.0
4870 63.0
4871 63.0
4872 63.0
4873 63.0
4874 63.0
4875 63.0
4876 63.0
4877 63.0
4878 63.0
4879 63.0
4880 63.0
4881 63.0
4882 63.0
4883 63.0
4884 63.0
4885 63.0
4886 63.0
4887 63.0
4888 63.0
4889 63.0
4890 63.0
4891 63.0
4892 63.0
4893 63.0
4894 63.0
4895 63.0
4896 63.0
4897 63.0
4898 63.0
4899 63.0
4900 63.0
4901 63.0
4902 63.0
4903 63.0
4904 63.0
4905 63.0
4906 63.0
4907 63.0
4908 63.0
4909 63.0
4910 63.0
4911 63.0
4912 63.0
4913 63.0
4914 63.0
4915 63.0
4916 63.0
4917 63.0
4918 63.0
4919 63.0
4920 63.0
4921 63.0
4922 63.0
4923 63.0
4924 63.0
4925 63.0
4926 63.0
4927 63.0
4928 63.0
4929 63.0
4930 63.0
4931 63.0
4932 63.0
4933 63.0
4934 63.0
4935 63.0
4936 63.0
4937 63.0
4938 63.0
4939 63.0
4940 63.0
4941 63.0
4942 63.0
4943 63.0
4944 63.0
4945 63.0
4946 63.0
4947 63.0
4948 63.0
4949 63.0
4950 63.0
4951 63.0
4952 63.0
4953 63.0
4954 63.0
4955 63.0
4956 63.0
4957 63.0
4958 63.0
4959 63.0
4960 63.0
4961 63.0
4962 63.0
4963 63.0
4964 63.0
4965 63.0
4966 63.0
4967 63.0
4968 63.0
4969 63.0
4970 63.0
4971 63.0
4972 63.0
4973 63.0
4974 63.0
4975 63.0
4976 63.0
4977 63.0
4978 63.0
4979 63.0
4980 63.0
4981 63.0
4982 63.0
4983 63.0
4984 63.0
4985 63.0
4986 63.0
4987 63.0
4988 63.0
4989 63.0
4990 63.0
4991 63.0
4992 63.0
4993 63.0
4994 63.0
4995 63.0
4996 63.0
4997 63.0
4998 63.0
4999 63.0
5000 63.0
5001 63.0
5002 63.0
5003 63.0
5004 63.0
5005 63.0
5006 63.0
5007 63.0
5008 63.0
5009 63.0
5010 63.0
5011 63.0
5012 63.0
5013 63.0
5014 63.0
5015 63.0
5016 63.0
5017 63.0
5018 63.0
5019 63.0
5020 63.0
5021 63.0
5022 63.0
5023 63.0
5024 63.0
5025 63.0
5026 63.0
5027 63.0
5028 63.0
5029 63.0
5030 63.0
5031 63.0
5032 63.0
5033 63.0
5034 63.0
5035 63.0
5036 63.0
5037 63.0
5038 63.0
5039 63.0
5040 63.0
5041 63.0
5042 63.0
5043 63.0
5044 63.0
5045 63.0
5046 63.0
5047 63.0
5048 63.0
5049 63.0
5050 63.0
5051 63.0
5052 63.0
5053 63.0
5054 63.0
5055 63.0
5056 63.0
5057 63.0
5058 63.0
5059 63.0
5060 63.0
5061 63.0
5062 63.0
5063 63.0
5064 63.0
5065 63.0
5066 63.0
5067 63.0
5068 63.0
5069 63.0
5070 63.0
5071 63.0
5072 63.0
5073 63.0
5074 63.0
5075 63.0
5076 63.0
5077 63.0
5078 63.0
5079 63.0
5080 63.0
5081 63.0
5082 63.0
5083 63.0
5084 63.0
5085 63.0
5086 63.0
5087 63.0
5088 63.0
5089 63.0
5090 63.0
5091 63.0
5092 63.0
5093 63.0
5094 63.0
5095 63.0
5096 63.0
5097 63.0
5098 63.0
5099 63.0
5100 63.0
5101 63.0
5102 63.0
5103 63.0
5104 63.0
5105 63.0
5106 63.0
5107 63.0
5108 63.0
5109 63.0
5110 63.0
5111 63.0
5112 63.0
5113 63.0
5114 63.0
5115 63.0
5116 63.0
5117 63.0
5118 63.0
5119 63.0
5120 63.0
5121 63.0
5122 63.0
5123 63.0
5124 63.0
5125 63.0
5126 63.0
5127 63.0
5128 63.0
5129 63.0
5130 63.0
5131 63.0
5132 63.0
5133 63.0
5134 63.0
5135 63.0
5136 63.0
5137 63.0
5138 63.0
5139 63.0
5140 63.0
5141 63.0
5142 63.0
5143 63.0
5144 63.0
5145 63.0
5146 63.0
5147 63.0
5148 63.0
5149 63.0
5150 63.0
5151 63.0
5152 63.0
5153 63.0
5154 63.0
5155 63.0
5156 63.0
5157 63.0
5158 63.0
5159 63.0
5160 63.0
5161 63.0
5162 63.0
5163 63.0
5164 63.0
5165 63.0
5166 63.0
5167 63.0
5168 63.0
5169 63.0
5170 63.0
5171 63.0
5172 63.0
5173 63.0
5174 63.0
5175 63.0
5176 63.0
5177 63.0
5178 63.0
5179 63.0
5180 63.0
5181 63.0
5182 63.0
5183 63.0
5184 63.0
5185 63.0
5186 63.0
5187 63.0
5188 63.0
5189 63.0
5190 63.0
5191 63.0
5192 63.0
5193 63.0
5194 63.0
5195 63.0
5196 63.0
5197 63.0
5198 63.0
5199 63.0
5200 63.0
5201 63.0
5202 63.0
5203 63.0
5204 63.0
5205 63.0
5206 63.0
5207 63.0
5208 63.0
5209 63.0
5210 63.0
5211 63.0
5212 63.0
5213 63.0
5214 63.0
5215 63.0
5216 63.0
5217 63.0
5218 63.0
5219 63.0
5220 63.0
5221 63.0
5222 63.0
5223 63.0
5224 63.0
5225 63.0
5226 63.0
5227 63.0
5228 63.0
5229 63.0
5230 63.0
5231 63.0
5232 63.0
5233 63.0
5234 63.0
5235 63.0
5236 63.0
5237 63.0
5238 63.0
5239 63.0
5240 63.0
5241 63.0
5242 63.0
5243 63.0
5244 63.0
5245 63.0
5246 63.0
5247 63.0
5248 63.0
5249 63.0
5250 63.0
5251 63.0
5252 63.0
5253 63.0
5254 63.0
5255 63.0
5256 63.0
5257 63.0
5258 63.0
5259 63.0
5260 63.0
5261 63.0
5262 63.0
5263 63.0
5264 63.0
5265 63.0
5266 63.0
5267 63.0
5268 63.0
5269 63.0
5270 63.0
5271 63.0
5272 63.0
5273 63.0
5274 63.0
5275 63.0
5276 63.0
5277 63.0
5278 63.0
5279 63.0
5280 63.0
5281 63.0
5282 63.0
5283 63.0
5284 63.0
5285 63.0
5286 63.0
5287 63.0
5288 63.0
5289 63.0
5290 63.0
5291 63.0
5292 63.0
5293 63.0
5294 63.0
5295 63.0
5296 63.0
5297 63.0
5298 63.0
5299 63.0
5300 63.0
5301 63.0
5302 63.0
5303 63.0
5304 63.0
5305 63.0
5306 63.0
5307 63.0
5308 63.0
5309 63.0
5310 63.0
5311 63.0
5312 63.0
5313 63.0
5314 63.0
5315 63.0
5316 63.0
5317 63.0
5318 63.0
5319 63.0
5320 63.0
5321 63.0
5322 63.0
5323 63.0
5324 63.0
5325 63.0
5326 63.0
5327 63.0
5328 63.0
5329 63.0
5330 63.0
5331 63.0
5332 63.0
5333 63.0
5334 63.0
5335 63.0
5336 63.0
5337 63.0
5338 63.0
5339 63.0
5340 63.0
5341 63.0
5342 63.0
5343 63.0
5344 63.0
5345 63.0
5346 63.0
5347 63.0
5348 63.0
5349 63.0
5350 63.0
5351 63.0
5352 63.0
5353 63.0
5354 63.0
5355 63.0
5356 63.0
5357 63.0
5358 63.0
5359 63.0
5360 63.0
5361 63.0
5362 63.0
5363 63.0
5364 63.0
5365 63.0
5366 63.0
5367 63.0
5368 63.0
5369 63.0
5370 63.0
5371 63.0
5372 63.0
5373 63.0
5374 63.0
5375 63.0
5376 63.0
5377 63.0
5378 63.0
5379 63.0
5380 63.0
5381 63.0
5382 63.0
5383 63.0
5384 63.0
5385 63.0
5386 63.0
5387 63.0
5388 63.0
5389 63.0
5390 63.0
5391 63.0
5392 63.0
5393 63.0
5394 63.0
5395 63.0
5396 63.0
5397 63.0
5398 63.0
5399 63.0
5400 63.0
5401 63.0
5402 63.0
5403 63.0
5404 63.0
5405 63.0
5406 63.0
5407 63.0
5408 63.0
5409 63.0
5410 63.0
5411 63.0
5412 63.0
5413 63.0
5414 63.0
5415 63.0
5416 63.0
5417 63.0
5418 63.0
5419 63.0
5420 63.0
5421 63.0
5422 63.0
5423 63.0
5424 63.0
5425 63.0
5426 63.0
5427 63.0
5428 63.0
5429 63.0
5430 63.0
5431 63.0
5432 63.0
5433 63.0
5434 63.0
5435 63.0
5436 63.0
5437 63.0
5438 63.0
5439 63.0
5440 63.0
5441 63.0
5442 63.0
5443 63.0
5444 63.0
5445 63.0
5446 63.0
5447 63.0
5448 63.0
5449 63.0
5450 63.0
5451 63.0
5452 63.0
5453 63.0
5454 63.0
5455 63.0
5456 63.0
5457 63.0
5458 63.0
5459 63.0
5460 63.0
5461 63.0
5462 63.0
5463 63.0
5464 63.0
5465 63.0
5466 63.0
5467 63.0
5468 63.0
5469 63.0
5470 63.0
5471 63.0
5472 63.0
5473 63.0
5474 63.0
5475 63.0
5476 63.0
5477 63.0
5478 63.0
5479 63.0
5480 63.0
5481 63.0
5482 63.0
5483 63.0
5484 63.0
5485 63.0
5486 63.0
5487 63.0
5488 63.0
5489 63.0
5490 63.0
5491 63.0
5492 63.0
5493 63.0
5494 63.0
5495 63.0
5496 63.0
5497 63.0
5498 63.0
5499 63.0
5500 63.0
5501 63.0
5502 63.0
5503 63.0
5504 63.0
5505 63.0
5506 63.0
5507 63.0
5508 63.0
5509 63.0
5510 63.0
5511 63.0
5512 63.0
5513 63.0
5514 63.0
5515 63.0
5516 63.0
5517 63.0
5518 63.0
5519 63.0
5520 63.0
5521 63.0
5522 63.0
5523 63.0
5524 63.0
5525 63.0
5526 63.0
5527 63.0
5528 63.0
5529 63.0
5530 63.0
5531 63.0
5532 63.0
5533 63.0
5534 63.0
5535 63.0
5536 63.0
5537 63.0
5538 63.0
5539 63.0
5540 63.0
5541 63.0
5542 63.0
5543 63.0
5544 63.0
5545 63.0
5546 63.0
5547 63.0
5548 63.0
5549 63.0
5550 63.0
5551 63.0
5552 63.0
5553 63.0
5554 63.0
5555 63.0
5556 63.0
5557 63.0
5558 63.0
5559 63.0
5560 63.0
5561 63.0
5562 63.0
5563 63.0
5564 63.0
5565 63.0
5566 63.0
5567 63.0
5568 63.0
5569 63.0
5570 63.0
5571 63.0
5572 63.0
5573 63.0
5574 63.0
5575 63.0
5576 63.0
5577 63.0
5578 63.0
5579 63.0
5580 63.0
5581 63.0
5582 63.0
5583 63.0
5584 63.0
5585 63.0
5586 63.0
5587 63.0
5588 63.0
5589 63.0
5590 63.0
5591 63.0
5592 63.0
5593 63.0
5594 63.0
5595 63.0
5596 63.0
5597 63.0
5598 63.0
5599 63.0
5600 63.0
5601 63.0
5602 63.0
5603 63.0
5604 63.0
5605 63.0
5606 63.0
5607 63.0
5608 63.0
5609 63.0
5610 63.0
5611 63.0
5612 63.0
5613 63.0
5614 63.0
5615 63.0
5616 63.0
5617 63.0
5618 63.0
5619 63.0
5620 63.0
5621 63.0
5622 63.0
5623 63.0
5624 63.0
5625 63.0
5626 63.0
5627 63.0
5628 63.0
5629 63.0
5630 63.0
5631 63.0
5632 63.0
5633 63.0
5634 63.0
5635 63.0
5636 63.0
5637 63.0
5638 63.0
5639 63.0
5640 63.0
5641 63.0
5642 63.0
5643 63.0
5644 63.0
5645 63.0
5646 63.0
5647 63.0
5648 63.0
5649 63.0
5650 63.0
5651 63.0
5652 63.0
5653 63.0
5654 63.0
5655 63.0
5656 63.0
5657 63.0
5658 63.0
5659 63.0
5660 63.0
5661 63.0
5662 63.0
5663 63.0
5664 63.0
5665 63.0
5666 63.0
5667 63.0
5668 63.0
5669 63.0
5670 63.0
5671 63.0
5672 63.0
5673 63.0
5674 63.0
5675 63.0
5676 63.0
5677 63.0
5678 63.0
5679 63.0
5680 63.0
5681 63.0
5682 63.0
5683 63.0
5684 63.0
5685 63.0
5686 63.0
5687 63.0
5688 63.0
5689 63.0
5690 63.0
5691 63.0
5692 63.0
5693 63.0
5694 63.0
5695 63.0
5696 63.0
5697 63.0
5698 63.0
5699 63.0
5700 63.0
5701 63.0
5702 63.0
5703 63.0
5704 63.0
5705 63.0
5706 63.0
5707 63.0
5708 63.0
5709 63.0
5710 63.0
5711 63.0
5712 63.0
5713 63.0
5714 63.0
5715 63.0
5716 63.0
5717 63.0
5718 63.0
5719 63.0
5720 63.0
5721 63.0
5722 63.0
5723 63.0
5724 63.0
5725 63.0
5726 63.0
5727 63.0
5728 63.0
5729 63.0
5730 63.0
5731 63.0
5732 63.0
5733 63.0
5734 63.0
5735 63.0
5736 63.0
5737 63.0
5738 63.0
5739 63.0
5740 63.0
5741 63.0
5742 63.0
5743 63.0
5744 63.0
5745 63.0
5746 63.0
5747 63.0
5748 63.0
5749 63.0
5750 63.0
5751 63.0
5752 63.0
5753 63.0
5754 63.0
5755 63.0
5756 63.0
5757 63.0
5758 63.0
5759 63.0
5760 63.0
5761 63.0
5762 63.0
5763 63.0
5764 63.0
5765 63.0
5766 63.0
5767 63.0
5768 63.0
5769 63.0
5770 63.0
5771 63.0
5772 63.0
5773 63.0
5774 63.0
5775 63.0
5776 63.0
5777 63.0
5778 63.0
5779 63.0
5780 63.0
5781 63.0
5782 63.0
5783 63.0
5784 63.0
5785 63.0
5786 63.0
5787 63.0
5788 63.0
5789 63.0
5790 63.0
5791 63.0
5792 63.0
5793 63.0
5794 63.0
5795 63.0
5796 63.0
5797 63.0
5798 63.0
5799 63.0
5800 63.0
5801 63.0
5802 63.0
5803 63.0
5804 63.0
5805 63.0
5806 63.0
5807 63.0
5808 63.0
5809 63.0
5810 63.0
5811 63.0
5812 63.0
5813 63.0
5814 63.0
5815 63.0
5816 63.0
5817 63.0
5818 63.0
5819 63.0
5820 63.0
5821 63.0
5822 63.0
5823 63.0
5824 63.0
5825 63.0
5826 63.0
5827 63.0
5828 63.0
5829 63.0
5830 63.0
5831 63.0
5832 63.0
5833 63.0
5834 63.0
5835 63.0
5836 63.0
5837 63.0
5838 63.0
5839 63.0
5840 63.0
5841 63.0
5842 63.0
5843 63.0
5844 63.0
5845 63.0
5846 63.0
5847 63.0
5848 63.0
5849 63.0
5850 63.0
5851 63.0
5852 63.0
5853 63.0
5854 63.0
5855 63.0
5856 63.0
5857 63.0
5858 63.0
5859 63.0
5860 63.0
5861 63.0
5862 63.0
5863 63.0
5864 63.0
5865 63.0
5866 63.0
5867 63.0
5868 63.0
5869 63.0
5870 63.0
5871 63.0
5872 63.0
5873 63.0
5874 63.0
5875 63.0
5876 63.0
5877 63.0
5878 63.0
5879 63.0
5880 63.0
5881 63.0
5882 63.0
5883 63.0
5884 63.0
5885 63.0
5886 63.0
5887 63.0
5888 63.0
5889 63.0
5890 63.0
5891 63.0
5892 63.0
5893 63.0
5894 63.0
5895 63.0
5896 63.0
5897 63.0
5898 63.0
5899 63.0
5900 63.0
5901 63.0
5902 63.0
5903 63.0
5904 63.0
5905 63.0
5906 63.0
5907 63.0
5908 63.0
5909 63.0
5910 63.0
5911 63.0
5912 63.0
5913 63.0
5914 63.0
5915 63.0
5916 63.0
5917 63.0
5918 63.0
5919 63.0
5920 63.0
5921 63.0
5922 63.0
5923 63.0
5924 63.0
5925 63.0
5926 63.0
5927 63.0
5928 63.0
5929 63.0
5930 63.0
5931 63.0
5932 63.0
5933 63.0
5934 63.0
5935 63.0
5936 63.0
5937 63.0
5938 63.0
5939 63.0
5940 63.0
5941 63.0
5942 63.0
5943 63.0
5944 63.0
5945 63.0
5946 63.0
5947 63.0
5948 63.0
5949 63.0
5950 63.0
5951 63.0
5952 63.0
5953 63.0
5954 63.0
5955 63.0
5956 63.0
5957 63.0
5958 63.0
5959 63.0
5960 63.0
5961 63.0
5962 63.0
5963 63.0
5964 63.0
5965 63.0
5966 63.0
5967 63.0
5968 63.0
5969 63.0
5970 63.0
5971 63.0
5972 63.0
5973 63.0
5974 63.0
5975 63.0
5976 63.0
5977 63.0
5978 63.0
5979 63.0
5980 63.0
5981 63.0
5982 63.0
5983 63.0
5984 63.0
5985 63.0
5986 63.0
5987 63.0
5988 63.0
5989 63.0
5990 63.0
5991 63.0
5992 63.0
5993 63.0
5994 63.0
5995 63.0
5996 63.0
5997 63.0
5998 63.0
5999 63.0
6000 63.0
6001 63.0
6002 63.0
6003 63.0
6004 63.0
6005 63.0
6006 63.0
6007 63.0
6008 63.0
6009 63.0
6010 63.0
6011 63.0
6012 63.0
6013 63.0
6014 63.0
6015 63.0
6016 63.0
6017 63.0
6018 63.0
6019 63.0
6020 63.0
6021 63.0
6022 63.0
6023 63.0
6024 63.0
6025 63.0
6026 63.0
6027 63.0
6028 63.0
6029 63.0
6030 63.0
6031 63.0
6032 63.0
6033 63.0
6034 63.0
6035 63.0
6036 63.0
6037 63.0
6038 63.0
6039 63.0
6040 63.0
6041 63.0
6042 63.0
6043 63.0
6044 63.0
6045 63.0
6046 63.0
6047 63.0
6048 63.0
6049 63.0
6050 63.0
6051 63.0
6052 63.0
6053 63.0
6054 63.0
6055 63.0
6056 63.0
6057 63.0
6058 63.0
6059 63.0
6060 63.0
6061 63.0
6062 63.0
6063 63.0
6064 63.0
6065 63.0
6066 63.0
6067 63.0
6068 63.0
6069 63.0
6070 63.0
6071 63.0
6072 63.0
6073 63.0
6074 63.0
6075 63.0
6076 63.0
6077 63.0
6078 63.0
6079 63.0
6080 63.0
6081 63.0
6082 63.0
6083 63.0
6084 63.0
6085 63.0
6086 63.0
6087 63.0
6088 63.0
6089 63.0
6090 63.0
6091 63.0
6092 63.0
6093 63.0
6094 63.0
6095 63.0
6096 63.0
6097 63.0
6098 63.0
6099 63.0
6100 63.0
6101 63.0
6102 63.0
6103 63.0
6104 63.0
6105 63.0
6106 63.0
6107 63.0
6108 63.0
6109 63.0
6110 63.0
6111 63.0
6112 63.0
6113 63.0
6114 63.0
6115 63.0
6116 63.0
6117 63.0
6118 63.0
6119 63.0
6120 63.0
6121 63.0
6122 63.0
6123 63.0
6124 63.0
6125 63.0
6126 63.0
6127 63.0
6128 63.0
6129 63.0
6130 63.0
6131 63.0
6132 63.0
6133 63.0
6134 63.0
6135 63.0
6136 63.0
6137 63.0
6138 63.0
6139 63.0
6140 63.0
6141 63.0
6142 63.0
6143 63.0
6144 63.0
6145 63.0
6146 63.0
6147 63.0
6148 63.0
6149 63.0
6150 63.0
6151 63.0
6152 63.0
6153 63.0
6154 63.0
6155 63.0
6156 63.0
6157 63.0
6158 63.0
6159 63.0
6160 63.0
6161 63.0
6162 63.0
6163 63.0
6164 63.0
6165 63.0
6166 63.0
6167 63.0
6168 63.0
6169 63.0
6170 63.0
6171 63.0
6172 63.0
6173 63.0
6174 63.0
6175 63.0
6176 63.0
6177 63.0
6178 63.0
6179 63.0
6180 63.0
6181 63.0
6182 63.0
6183 63.0
6184 63.0
6185 63.0
6186 63.0
6187 63.0
6188 63.0
6189 63.0
6190 63.0
6191 63.0
6192 63.0
6193 63.0
6194 63.0
6195 63.0
6196 63.0
6197 63.0
6198 63.0
6199 63.0
6200 63.0
6201 63.0
6202 63.0
6203 63.0
6204 63.0
6205 63.0
6206 63.0
6207 63.0
6208 63.0
6209 63.0
6210 63.0
6211 63.0
6212 63.0
6213 63.0
6214 63.0
6215 63.0
6216 63.0
6217 63.0
6218 63.0
6219 63.0
6220 63.0
6221 63.0
6222 63.0
6223 63.0
6224 63.0
6225 63.0
6226 63.0
6227 63.0
6228 63.0
6229 63.0
6230 63.0
6231 63.0
6232 63.0
6233 63.0
6234 63.0
6235 63.0
6236 63.0
6237 63.0
6238 63.0
6239 63.0
6240 63.0
6241 63.0
6242 63.0
6243 63.0
6244 63.0
6245 63.0
6246 63.0
6247 63.0
6248 63.0
6249 63.0
6250 63.0
6251 63.0
6252 63.0
6253 63.0
6254 63.0
6255 63.0
6256 63.0
6257 63.0
6258 63.0
6259 63.0
6260 63.0
6261 63.0
6262 63.0
6263 63.0
6264 63.0
6265 63.0
6266 63.0
6267 63.0
6268 63.0
6269 63.0
6270 63.0
6271 63.0
6272 63.0
6273 63.0
6274 63.0
6275 63.0
6276 63.0
6277 63.0
6278 63.0
6279 63.0
6280 63.0
6281 63.0
6282 63.0
6283 63.0
6284 63.0
6285 63.0
6286 63.0
6287 63.0
6288 63.0
6289 63.0
6290 63.0
6291 63.0
6292 63.0
6293 63.0
6294 63.0
6295 63.0
6296 63.0
6297 63.0
6298 63.0
6299 63.0
6300 63.0
6301 63.0
6302 63.0
6303 63.0
6304 63.0
6305 63.0
6306 63.0
6307 63.0
6308 63.0
6309 63.0
6310 63.0
6311 63.0
6312 63.0
6313 63.0
6314 63.0
6315 63.0
6316 63.0
6317 63.0
6318 63.0
6319 63.0
6320 63.0
6321 63.0
6322 63.0
6323 63.0
6324 63.0
6325 63.0
6326 63.0
6327 63.0
6328 63.0
6329 63.0
6330 63.0
6331 63.0
6332 63.0
6333 63.0
6334 63.0
6335 63.0
6336 63.0
6337 63.0
6338 63.0
6339 63.0
6340 63.0
6341 63.0
6342 63.0
6343 63.0
6344 63.0
6345 63.0
6346 63.0
6347 63.0
6348 63.0
6349 63.0
6350 63.0
6351 63.0
6352 63.0
6353 63.0
6354 63.0
6355 63.0
6356 63.0
6357 63.0
6358 63.0
6359 63.0
6360 63.0
6361 63.0
6362 63.0
6363 63.0
6364 63.0
6365 63.0
6366 63.0
6367 63.0
6368 63.0
6369 63.0
6370 63.0
6371 63.0
6372 63.0
6373 63.0
6374 63.0
6375 63.0
6376 63.0
6377 63.0
6378 63.0
6379 63.0
6380 63.0
6381 63.0
6382 63.0
6383 63.0
6384 63.0
6385 63.0
6386 63.0
6387 63.0
6388 63.0
6389 63.0
6390 63.0
6391 63.0
6392 63.0
6393 63.0
6394 63.0
6395 63.0
6396 63.0
6397 63.0
6398 63.0
6399 63.0
6400 63.0
6401 63.0
6402 63.0
6403 63.0
6404 63.0
6405 63.0
6406 63.0
6407 63.0
6408 63.0
6409 63.0
6410 63.0
6411 63.0
6412 63.0
6413 63.0
6414 63.0
6415 63.0
6416 63.0
6417 63.0
6418 63.0
6419 63.0
6420 63.0
6421 63.0
6422 63.0
6423 63.0
6424 63.0
6425 63.0
6426 63.0
6427 63.0
6428 63.0
6429 63.0
6430 63.0
6431 63.0
6432 63.0
6433 63.0
6434 63.0
6435 63.0
6436 63.0
6437 63.0
6438 63.0
6439 63.0
6440 63.0
6441 63.0
6442 63.0
6443 63.0
6444 63.0
6445 63.0
6446 63.0
6447 63.0
6448 63.0
6449 63.0
6450 63.0
6451 63.0
6452 63.0
6453 63.0
6454 63.0
6455 63.0
6456 63.0
6457 63.0
6458 63.0
6459 63.0
6460 63.0
6461 63.0
6462 63.0
6463 63.0
6464 63.0
6465 63.0
6466 63.0
6467 63.0
6468 63.0
6469 63.0
6470 63.0
6471 63.0
6472 63.0
6473 63.0
6474 63.0
6475 63.0
6476 63.0
6477 63.0
6478 63.0
6479 63.0
6480 63.0
6481 63.0
6482 63.0
6483 63.0
6484 63.0
6485 63.0
6486 63.0
6487 63.0
6488 63.0
6489 63.0
6490 63.0
6491 63.0
6492 63.0
6493 63.0
6494 63.0
6495 63.0
6496 63.0
6497 63.0
6498 63.0
6499 63.0
6500 63.0
6501 63.0
6502 63.0
6503 63.0
6504 63.0
6505 63.0
6506 63.0
6507 63.0
6508 63.0
6509 63.0
6510 63.0
6511 63.0
6512 63.0
6513 63.0
6514 63.0
6515 63.0
6516 63.0
6517 63.0
6518 63.0
6519 63.0
6520 63.0
6521 63.0
6522 63.0
6523 63.0
6524 63.0
6525 63.0
6526 63.0
6527 63.0
6528 63.0
6529 63.0
6530 63.0
6531 63.0
6532 63.0
6533 63.0
6534 63.0
6535 63.0
6536 63.0
6537 63.0
6538 63.0
6539 63.0
6540 63.0
6541 63.0
6542 63.0
6543 63.0
6544 63.0
6545 63.0
6546 63.0
6547 63.0
6548 63.0
6549 63.0
6550 63.0
6551 63.0
6552 63.0
6553 63.0
6554 63.0
6555 63.0
6556 63.0
6557 63.0
6558 63.0
6559 63.0
6560 63.0
6561 63.0
6562 63.0
6563 63.0
6564 63.0
6565 63.0
6566 63.0
6567 63.0
6568 63.0
6569 63.0
6570 63.0
6571 63.0
6572 63.0
6573 63.0
6574 63.0
6575 63.0
6576 63.0
6577 63.0
6578 63.0
6579 63.0
6580 63.0
6581 63.0
6582 63.0
6583 63.0
6584 63.0
6585 63.0
6586 63.0
6587 63.0
6588 63.0
6589 63.0
6590 63.0
6591 63.0
6592 63.0
6593 63.0
6594 63.0
6595 63.0
6596 63.0
6597 63.0
6598 63.0
6599 63.0
6600 63.0
6601 63.0
6602 63.0
6603 63.0
6604 63.0
6605 63.0
6606 63.0
6607 63.0
6608 63.0
6609 63.0
6610 63.0
6611 63.0
6612 63.0
6613 63.0
6614 63.0
6615 63.0
6616 63.0
6617 63.0
6618 63.0
6619 63.0
6620 63.0
6621 63.0
6622 63.0
6623 63.0
6624 63.0
6625 63.0
6626 63.0
6627 63.0
6628 63.0
6629 63.0
6630 63.0
6631 63.0
6632 63.0
6633 63.0
6634 63.0
6635 63.0
6636 63.0
6637 63.0
6638 63.0
6639 63.0
6640 63.0
6641 63.0
6642 63.0
6643 63.0
6644 63.0
6645 63.0
6646 63.0
6647 63.0
6648 63.0
6649 63.0
6650 63.0
6651 63.0
6652 63.0
6653 63.0
6654 63.0
6655 63.0
6656 63.0
6657 63.0
6658 63.0
6659 63.0
6660 63.0
6661 63.0
6662 63.0
6663 63.0
6664 63.0
6665 63.0
6666 63.0
6667 63.0
6668 63.0
6669 63.0
6670 63.0
6671 63.0
6672 63.0
6673 63.0
6674 63.0
6675 63.0
6676 63.0
6677 63.0
6678 63.0
6679 63.0
6680 63.0
6681 63.0
6682 63.0
6683 63.0
6684 63.0
6685 63.0
6686 63.0
6687 63.0
6688 63.0
6689 63.0
6690 63.0
6691 63.0
6692 63.0
6693 63.0
6694 63.0
6695 63.0
6696 63.0
6697 63.0
6698 63.0
6699 63.0
6700 63.0
6701 63.0
6702 63.0
6703 63.0
6704 63.0
6705 63.0
6706 63.0
6707 63.0
6708 63.0
6709 63.0
6710 63.0
6711 63.0
6712 63.0
6713 63.0
6714 63.0
6715 63.0
6716 63.0
6717 63.0
6718 63.0
6719 63.0
6720 63.0
6721 63.0
6722 63.0
6723 63.0
6724 63.0
6725 63.0
6726 63.0
6727 63.0
6728 63.0
6729 63.0
6730 63.0
6731 63.0
6732 63.0
6733 63.0
6734 63.0
6735 63.0
6736 63.0
6737 63.0
6738 63.0
6739 63.0
6740 63.0
6741 63.0
6742 63.0
6743 63.0
6744 63.0
6745 63.0
6746 63.0
6747 63.0
6748 63.0
6749 63.0
6750 63.0
6751 63.0
6752 63.0
6753 63.0
6754 63.0
6755 63.0
6756 63.0
6757 63.0
6758 63.0
6759 63.0
6760 63.0
6761 63.0
6762 63.0
6763 63.0
6764 63.0
6765 63.0
6766 63.0
6767 63.0
6768 63.0
6769 63.0
6770 63.0
6771 63.0
6772 63.0
6773 63.0
6774 63.0
6775 63.0
6776 63.0
6777 63.0
6778 63.0
6779 63.0
6780 63.0
6781 63.0
6782 63.0
6783 63.0
6784 63.0
6785 63.0
6786 63.0
6787 63.0
6788 63.0
6789 63.0
6790 63.0
6791 63.0
6792 63.0
6793 63.0
6794 63.0
6795 63.0
6796 63.0
6797 63.0
6798 63.0
6799 63.0
6800 63.0
6801 63.0
6802 63.0
6803 63.0
6804 63.0
6805 63.0
6806 63.0
6807 63.0
6808 63.0
6809 63.0
6810 63.0
6811 63.0
6812 63.0
6813 63.0
6814 63.0
6815 63.0
6816 63.0
6817 63.0
6818 63.0
6819 63.0
6820 63.0
6821 63.0
6822 63.0
6823 63.0
6824 63.0
6825 63.0
6826 63.0
6827 63.0
6828 63.0
6829 63.0
6830 63.0
6831 63.0
6832 63.0
6833 63.0
6834 63.0
6835 63.0
6836 63.0
6837 63.0
6838 63.0
6839 63.0
6840 63.0
6841 63.0
6842 63.0
6843 63.0
6844 63.0
6845 63.0
6846 63.0
6847 63.0
6848 63.0
6849 63.0
6850 63.0
6851 63.0
6852 63.0
6853 63.0
6854 63.0
6855 63.0
6856 63.0
6857 63.0
6858 63.0
6859 63.0
6860 63.0
6861 63.0
6862 63.0
6863 63.0
6864 63.0
6865 63.0
6866 63.0
6867 63.0
6868 63.0
6869 63.0
6870 63.0
6871 63.0
6872 63.0
6873 63.0
6874 63.0
6875 63.0
6876 63.0
6877 63.0
6878 63.0
6879 63.0
6880 63.0
6881 63.0
6882 63.0
6883 63.0
6884 63.0
6885 63.0
6886 63.0
6887 63.0
6888 63.0
6889 63.0
6890 63.0
6891 63.0
6892 63.0
6893 63.0
6894 63.0
6895 63.0
6896 63.0
6897 63.0
6898 63.0
6899 63.0
6900 63.0
6901 63.0
6902 63.0
6903 63.0
6904 63.0
6905 63.0
6906 63.0
6907 63.0
6908 63.0
6909 63.0
6910 63.0
6911 63.0
6912 63.0
6913 63.0
6914 63.0
6915 63.0
6916 63.0
6917 63.0
6918 63.0
6919 63.0
6920 63.0
6921 63.0
6922 63.0
6923 63.0
6924 63.0
6925 63.0
6926 63.0
6927 63.0
6928 63.0
6929 63.0
6930 63.0
6931 63.0
6932 63.0
6933 63.0
6934 63.0
6935 63.0
6936 63.0
6937 63.0
6938 63.0
6939 63.0
6940 63.0
6941 63.0
6942 63.0
6943 63.0
6944 63.0
6945 63.0
6946 63.0
6947 63.0
6948 63.0
6949 63.0
6950 63.0
6951 63.0
6952 63.0
6953 63.0
6954 63.0
6955 63.0
6956 63.0
6957 63.0
6958 63.0
6959 63.0
6960 63.0
6961 63.0
6962 63.0
6963 63.0
6964 63.0
6965 63.0
6966 63.0
6967 63.0
6968 63.0
6969 63.0
6970 63.0
6971 63.0
6972 63.0
6973 63.0
6974 63.0
6975 63.0
6976 63.0
6977 63.0
6978 63.0
6979 63.0
6980 63.0
6981 63.0
6982 63.0
6983 63.0
6984 63.0
6985 63.0
6986 63.0
6987 63.0
6988 63.0
6989 63.0
6990 63.0
6991 63.0
6992 63.0
6993 63.0
6994 63.0
6995 63.0
6996 63.0
6997 63.0
6998 63.0
6999 63.0
7000 63.0
7001 63.0
7002 63.0
7003 63.0
7004 63.0
7005 63.0
7006 63.0
7007 63.0
7008 63.0
7009 63.0
7010 63.0
7011 63.0
7012 63.0
7013 63.0
7014 63.0
7015 63.0
7016 63.0
7017 63.0
7018 63.0
7019 63.0
7020 63.0
7021 63.0
7022 63.0
7023 63.0
7024 63.0
7025 63.0
7026 63.0
7027 63.0
7028 63.0
7029 63.0
7030 63.0
7031 63.0
7032 63.0
7033 63.0
7034 63.0
7035 63.0
7036 63.0
7037 63.0
7038 63.0
7039 63.0
7040 63.0
7041 63.0
7042 63.0
7043 63.0
7044 63.0
7045 63.0
7046 63.0
7047 63.0
7048 63.0
7049 63.0
7050 63.0
7051 63.0
7052 63.0
7053 63.0
7054 63.0
7055 63.0
7056 63.0
7057 63.0
7058 63.0
7059 63.0
7060 63.0
7061 63.0
7062 63.0
7063 63.0
7064 63.0
7065 63.0
7066 63.0
7067 63.0
7068 63.0
7069 63.0
7070 63.0
7071 63.0
7072 63.0
7073 63.0
7074 63.0
7075 63.0
7076 63.0
7077 63.0
7078 63.0
7079 63.0
7080 63.0
7081 63.0
7082 63.0
7083 63.0
7084 63.0
7085 63.0
7086 63.0
7087 63.0
7088 63.0
7089 63.0
7090 63.0
7091 63.0
7092 63.0
7093 63.0
7094 63.0
7095 63.0
7096 63.0
7097 63.0
7098 63.0
7099 63.0
7100 63.0
7101 63.0
7102 63.0
7103 63.0
7104 63.0
7105 63.0
7106 63.0
7107 63.0
7108 63.0
7109 63.0
7110 63.0
7111 63.0
7112 63.0
7113 63.0
7114 63.0
7115 63.0
7116 63.0
7117 63.0
7118 63.0
7119 63.0
7120 63.0
7121 63.0
7122 63.0
7123 63.0
7124 63.0
7125 63.0
7126 63.0
7127 63.0
7128 63.0
7129 63.0
7130 63.0
7131 63.0
7132 63.0
7133 63.0
7134 63.0
7135 63.0
7136 63.0
7137 63.0
7138 63.0
7139 63.0
7140 63.0
7141 63.0
7142 63.0
7143 63.0
7144 63.0
7145 63.0
7146 63.0
7147 63.0
7148 63.0
7149 63.0
7150 63.0
7151 63.0
7152 63.0
7153 63.0
7154 63.0
7155 63.0
7156 63.0
7157 63.0
7158 63.0
7159 63.0
7160 63.0
7161 63.0
7162 63.0
7163 63.0
7164 63.0
7165 63.0
7166 63.0
7167 63.0
7168 63.0
7169 63.0
7170 63.0
7171 63.0
7172 63.0
7173 63.0
7174 63.0
7175 63.0
7176 63.0
7177 63.0
7178 63.0
7179 63.0
7180 63.0
7181 63.0
7182 63.0
7183 63.0
7184 63.0
7185 63.0
7186 63.0
7187 63.0
7188 63.0
7189 63.0
7190 63.0
7191 63.0
7192 63.0
7193 63.0
7194 63.0
7195 63.0
7196 63.0
7197 63.0
7198 63.0
7199 63.0
7200 63.0
7201 63.0
7202 63.0
7203 63.0
7204 63.0
7205 63.0
7206 63.0
7207 63.0
7208 63.0
7209 63.0
7210 63.0
7211 63.0
7212 63.0
7213 63.0
7214 63.0
7215 63.0
7216 63.0
7217 63.0
7218 63.0
7219 63.0
7220 63.0
7221 63.0
7222 63.0
7223 63.0
7224 63.0
7225 63.0
7226 63.0
7227 63.0
7228 63.0
7229 63.0
7230 63.0
7231 63.0
7232 63.0
7233 63.0
7234 63.0
7235 63.0
7236 63.0
7237 63.0
7238 63.0
7239 63.0
7240 63.0
7241 63.0
7242 63.0
7243 63.0
7244 63.0
7245 63.0
7246 63.0
7247 63.0
7248 63.0
7249 63.0
7250 63.0
7251 63.0
7252 63.0
7253 63.0
7254 63.0
7255 63.0
7256 63.0
7257 63.0
7258 63.0
7259 63.0
7260 63.0
7261 63.0
7262 63.0
7263 63.0
7264 63.0
7265 63.0
7266 63.0
7267 63.0
7268 63.0
7269 63.0
7270 63.0
7271 63.0
7272 63.0
7273 63.0
7274 63.0
7275 63.0
7276 63.0
7277 63.0
7278 63.0
7279 63.0
7280 63.0
7281 63.0
7282 63.0
7283 63.0
7284 63.0
7285 63.0
7286 63.0
7287 63.0
7288 63.0
7289 63.0
7290 63.0
7291 63.0
7292 63.0
7293 63.0
7294 63.0
7295 63.0
7296 63.0
7297 63.0
7298 63.0
7299 63.0
7300 63.0
7301 63.0
7302 63.0
7303 63.0
7304 63.0
7305 63.0
7306 63.0
7307 63.0
7308 63.0
7309 63.0
7310 63.0
7311 63.0
7312 63.0
7313 63.0
7314 63.0
7315 63.0
7316 63.0
7317 63.0
7318 63.0
7319 63.0
7320 63.0
7321 63.0
7322 63.0
7323 63.0
7324 63.0
7325 63.0
7326 63.0
7327 63.0
7328 63.0
7329 63.0
7330 63.0
7331 63.0
7332 63.0
7333 63.0
7334 63.0
7335 63.0
7336 63.0
7337 63.0
7338 63.0
7339 63.0
7340 63.0
7341 63.0
7342 63.0
7343 63.0
7344 63.0
7345 63.0
7346 63.0
7347 63.0
7348 63.0
7349 63.0
7350 63.0
7351 63.0
7352 63.0
7353 63.0
7354 63.0
7355 63.0
7356 63.0
7357 63.0
7358 63.0
7359 63.0
7360 63.0
7361 63.0
7362 63.0
7363 63.0
7364 63.0
7365 63.0
7366 63.0
7367 63.0
7368 63.0
7369 63.0
7370 63.0
7371 63.0
7372 63.0
7373 63.0
7374 63.0
7375 63.0
7376 63.0
7377 63.0
7378 63.0
7379 63.0
7380 63.0
7381 63.0
7382 63.0
7383 63.0
7384 63.0
7385 63.0
7386 63.0
7387 63.0
7388 63.0
7389 63.0
7390 63.0
7391 63.0
7392 63.0
7393 63.0
7394 63.0
7395 63.0
7396 63.0
7397 63.0
7398 63.0
7399 63.0
7400 63.0
7401 63.0
7402 63.0
7403 63.0
7404 63.0
7405 63.0
7406 63.0
7407 63.0
7408 63.0
7409 63.0
7410 63.0
7411 63.0
7412 63.0
7413 63.0
7414 63.0
7415 63.0
7416 63.0
7417 63.0
7418 63.0
7419 63.0
7420 63.0
7421 63.0
7422 63.0
7423 63.0
7424 63.0
7425 63.0
7426 63.0
7427 63.0
7428 63.0
7429 63.0
7430 63.0
7431 63.0
7432 63.0
7433 63.0
7434 63.0
7435 63.0
7436 63.0
7437 63.0
7438 63.0
7439 63.0
7440 63.0
7441 63.0
7442 63.0
7443 63.0
7444 63.0
7445 63.0
7446 63.0
7447 63.0
7448 63.0
7449 63.0
7450 63.0
7451 63.0
7452 63.0
7453 63.0
7454 63.0
7455 63.0
7456 63.0
7457 63.0
7458 63.0
7459 63.0
7460 63.0
7461 63.0
7462 63.0
7463 63.0
7464 63.0
7465 63.0
7466 63.0
7467 63.0
7468 63.0
7469 63.0
7470 63.0
7471 63.0
7472 63.0
7473 63.0
7474 63.0
7475 63.0
7476 63.0
7477 63.0
7478 63.0
7479 63.0
7480 63.0
7481 63.0
7482 63.0
7483 63.0
7484 63.0
7485 63.0
7486 63.0
7487 63.0
7488 63.0
7489 63.0
7490 63.0
7491 63.0
7492 63.0
7493 63.0
7494 63.0
7495 63.0
7496 63.0
7497 63.0
7498 63.0
7499 63.0
7500 63.0
7501 63.0
7502 63.0
7503 63.0
7504 63.0
7505 63.0
7506 63.0
7507 63.0
7508 63.0
7509 63.0
7510 63.0
7511 63.0
7512 63.0
7513 63.0
7514 63.0
7515 63.0
7516 63.0
7517 63.0
7518 63.0
7519 63.0
7520 63.0
7521 63.0
7522 63.0
7523 63.0
7524 63.0
7525 63.0
7526 63.0
7527 63.0
7528 63.0
7529 63.0
7530 63.0
7531 63.0
7532 63.0
7533 63.0
7534 63.0
7535 63.0
7536 63.0
7537 63.0
7538 63.0
7539 63.0
7540 63.0
7541 63.0
7542 63.0
7543 63.0
7544 63.0
7545 63.0
7546 63.0
7547 63.0
7548 63.0
7549 63.0
7550 63.0
7551 63.0
7552 63.0
7553 63.0
7554 63.0
7555 63.0
7556 63.0
7557 63.0
7558 63.0
7559 63.0
7560 63.0
7561 63.0
7562 63.0
7563 63.0
7564 63.0
7565 63.0
7566 63.0
7567 63.0
7568 63.0
7569 63.0
7570 63.0
7571 63.0
7572 63.0
7573 63.0
7574 63.0
7575 63.0
7576 63.0
7577 63.0
7578 63.0
7579 63.0
7580 63.0
7581 63.0
7582 63.0
7583 63.0
7584 63.0
7585 63.0
7586 63.0
7587 63.0
7588 63.0
7589 63.0
7590 63.0
7591 63.0
7592 63.0
7593 63.0
7594 63.0
7595 63.0
7596 63.0
7597 63.0
7598 63.0
7599 63.0
7600 63.0
7601 63.0
7602 63.0
7603 63.0
7604 63.0
7605 63.0
7606 63.0
7607 63.0
7608 63.0
7609 63.0
7610 63.0
7611 63.0
7612 63.0
7613 63.0
7614 63.0
7615 63.0
7616 63.0
7617 63.0
7618 63.0
7619 63.0
7620 63.0
7621 63.0
7622 63.0
7623 63.0
7624 63.0
7625 63.0
7626 63.0
7627 63.0
7628 63.0
7629 63.0
7630 63.0
7631 63.0
7632 63.0
7633 63.0
7634 63.0
7635 63.0
7636 63.0
7637 63.0
7638 63.0
7639 63.0
7640 63.0
7641 63.0
7642 63.0
7643 63.0
7644 63.0
7645 63.0
7646 63.0
7647 63.0
7648 63.0
7649 63.0
7650 63.0
7651 63.0
7652 63.0
7653 63.0
7654 63.0
7655 63.0
7656 63.0
7657 63.0
7658 63.0
7659 63.0
7660 63.0
7661 63.0
7662 63.0
7663 63.0
7664 63.0
7665 63.0
7666 63.0
7667 63.0
7668 63.0
7669 63.0
7670 63.0
7671 63.0
7672 63.0
7673 63.0
7674 63.0
7675 63.0
7676 63.0
7677 63.0
7678 63.0
7679 63.0
7680 63.0
7681 63.0
7682 63.0
7683 63.0
7684 63.0
7685 63.0
7686 63.0
7687 63.0
7688 63.0
7689 63.0
7690 63.0
7691 63.0
7692 63.0
7693 63.0
7694 63.0
7695 63.0
7696 63.0
7697 63.0
7698 63.0
7699 63.0
7700 63.0
7701 63.0
7702 63.0
7703 63.0
7704 63.0
7705 63.0
7706 63.0
7707 63.0
7708 63.0
7709 63.0
7710 63.0
7711 63.0
7712 63.0
7713 63.0
7714 63.0
7715 63.0
7716 63.0
7717 63.0
7718 63.0
7719 63.0
7720 63.0
7721 63.0
7722 63.0
7723 63.0
7724 63.0
7725 63.0
7726 63.0
7727 63.0
7728 63.0
7729 63.0
7730 63.0
7731 63.0
7732 63.0
7733 63.0
7734 63.0
7735 63.0
7736 63.0
7737 63.0
7738 63.0
7739 63.0
7740 63.0
7741 63.0
7742 63.0
7743 63.0
7744 63.0
7745 63.0
7746 63.0
7747 63.0
7748 63.0
7749 63.0
7750 63.0
7751 63.0
7752 63.0
7753 63.0
7754 63.0
7755 63.0
7756 63.0
7757 63.0
7758 63.0
7759 63.0
7760 63.0
7761 63.0
7762 63.0
7763 63.0
7764 63.0
7765 63.0
7766 63.0
7767 63.0
7768 63.0
7769 63.0
7770 63.0
7771 63.0
7772 63.0
7773 63.0
7774 63.0
7775 63.0
7776 63.0
7777 63.0
7778 63.0
7779 63.0
7780 63.0
7781 63.0
7782 63.0
7783 63.0
7784 63.0
7785 63.0
7786 63.0
7787 63.0
7788 63.0
7789 63.0
7790 63.0
7791 63.0
7792 63.0
7793 63.0
7794 63.0
7795 63.0
7796 63.0
7797 63.0
7798 63.0
7799 63.0
7800 63.0
7801 63.0
7802 63.0
7803 63.0
7804 63.0
7805 63.0
7806 63.0
7807 63.0
7808 63.0
7809 63.0
7810 63.0
7811 63.0
7812 63.0
7813 63.0
7814 63.0
7815 63.0
7816 63.0
7817 63.0
7818 63.0
7819 63.0
7820 63.0
7821 63.0
7822 63.0
7823 63.0
7824 63.0
7825 63.0
7826 63.0
7827 63.0
7828 63.0
7829 63.0
7830 63.0
7831 63.0
7832 63.0
7833 63.0
7834 63.0
7835 63.0
7836 63.0
7837 63.0
7838 63.0
7839 63.0
7840 63.0
7841 63.0
7842 63.0
7843 63.0
7844 63.0
7845 63.0
7846 63.0
7847 63.0
7848 63.0
7849 63.0
7850 63.0
7851 63.0
7852 63.0
7853 63.0
7854 63.0
7855 63.0
7856 63.0
7857 63.0
7858 63.0
7859 63.0
7860 63.0
7861 63.0
7862 63.0
7863 63.0
7864 63.0
7865 63.0
7866 63.0
7867 63.0
7868 63.0
7869 63.0
7870 63.0
7871 63.0
7872 63.0
7873 63.0
7874 63.0
7875 63.0
7876 63.0
7877 63.0
7878 63.0
7879 63.0
7880 63.0
7881 63.0
7882 63.0
7883 63.0
7884 63.0
7885 63.0
7886 63.0
7887 63.0
7888 63.0
7889 63.0
7890 63.0
7891 63.0
7892 63.0
7893 63.0
7894 63.0
7895 63.0
7896 63.0
7897 63.0
7898 63.0
7899 63.0
7900 63.0
7901 63.0
7902 63.0
7903 63.0
7904 63.0
7905 63.0
7906 63.0
7907 63.0
7908 63.0
7909 63.0
7910 63.0
7911 63.0
7912 63.0
7913 63.0
7914 63.0
7915 63.0
7916 63.0
7917 63.0
7918 63.0
7919 63.0
7920 63.0
7921 63.0
7922 63.0
7923 63.0
7924 63.0
7925 63.0
7926 63.0
7927 63.0
7928 63.0
7929 63.0
7930 63.0
7931 63.0
7932 63.0
7933 63.0
7934 63.0
7935 63.0
7936 63.0
7937 63.0
7938 63.0
7939 63.0
7940 63.0
7941 63.0
7942 63.0
7943 63.0
7944 63.0
7945 63.0
7946 63.0
7947 63.0
7948 63.0
7949 63.0
7950 63.0
7951 63.0
7952 63.0
7953 63.0
7954 63.0
7955 63.0
7956 63.0
7957 63.0
7958 63.0
7959 63.0
7960 63.0
7961 63.0
7962 63.0
7963 63.0
7964 63.0
7965 63.0
7966 63.0
7967 63.0
7968 63.0
7969 63.0
7970 63.0
7971 63.0
7972 63.0
7973 63.0
7974 63.0
7975 63.0
7976 63.0
7977 63.0
7978 63.0
7979 63.0
7980 63.0
7981 63.0
7982 63.0
7983 63.0
7984 63.0
7985 63.0
7986 63.0
7987 63.0
7988 63.0
7989 63.0
7990 63.0
7991 63.0
7992 63.0
7993 63.0
7994 63.0
7995 63.0
7996 63.0
7997 63.0
7998 63.0
7999 63.0
8000 63.0
8001 63.0
8002 63.0
8003 63.0
8004 63.0
8005 63.0
8006 63.0
8007 63.0
8008 63.0
8009 63.0
8010 63.0
8011 63.0
8012 63.0
8013 63.0
8014 63.0
8015 63.0
8016 63.0
8017 63.0
8018 63.0
8019 63.0
8020 63.0
8021 63.0
8022 63.0
8023 63.0
8024 63.0
8025 63.0
8026 63.0
8027 63.0
8028 63.0
8029 63.0
8030 63.0
8031 63.0
8032 63.0
8033 63.0
8034 63.0
8035 63.0
8036 63.0
8037 63.0
8038 63.0
8039 63.0
8040 63.0
8041 63.0
8042 63.0
8043 63.0
8044 63.0
8045 63.0
8046 63.0
8047 63.0
8048 63.0
8049 63.0
8050 63.0
8051 63.0
8052 63.0
8053 63.0
8054 63.0
8055 63.0
8056 63.0
8057 63.0
8058 63.0
8059 63.0
8060 63.0
8061 63.0
8062 63.0
8063 63.0
8064 63.0
8065 63.0
8066 63.0
8067 63.0
8068 63.0
8069 63.0
8070 63.0
8071 63.0
8072 63.0
8073 63.0
8074 63.0
8075 63.0
8076 63.0
8077 63.0
8078 63.0
8079 63.0
8080 63.0
8081 63.0
8082 63.0
8083 63.0
8084 63.0
8085 63.0
8086 63.0
8087 63.0
8088 63.0
8089 63.0
8090 63.0
8091 63.0
8092 63.0
8093 63.0
8094 63.0
8095 63.0
8096 63.0
8097 63.0
8098 63.0
8099 63.0
8100 63.0
8101 63.0
8102 63.0
8103 63.0
8104 63.0
8105 63.0
8106 63.0
8107 63.0
8108 63.0
8109 63.0
8110 63.0
8111 63.0
8112 63.0
8113 63.0
8114 63.0
8115 63.0
8116 63.0
8117 63.0
8118 63.0
8119 63.0
8120 63.0
8121 63.0
8122 63.0
8123 63.0
8124 63.0
8125 63.0
8126 63.0
8127 63.0
8128 63.0
8129 63.0
8130 63.0
8131 63.0
8132 63.0
8133 63.0
8134 63.0
8135 63.0
8136 63.0
8137 63.0
8138 63.0
8139 63.0
8140 63.0
8141 63.0
8142 63.0
8143 63.0
8144 63.0
8145 63.0
8146 63.0
8147 63.0
8148 63.0
8149 63.0
8150 63.0
8151 63.0
8152 63.0
8153 63.0
8154 63.0
8155 63.0
8156 63.0
8157 63.0
8158 63.0
8159 63.0
8160 63.0
8161 63.0
8162 63.0
8163 63.0
8164 63.0
8165 63.0
8166 63.0
8167 63.0
8168 63.0
8169 63.0
8170 63.0
8171 63.0
8172 63.0
8173 63.0
8174 63.0
8175 63.0
8176 63.0
8177 63.0
8178 63.0
8179 63.0
8180 63.0
8181 63.0
8182 63.0
8183 63.0
8184 63.0
8185 63.0
8186 63.0
8187 63.0
8188 63.0
8189 63.0
8190 63.0
8191 63.0
8192 63.0
8193 63.0
8194 63.0
8195 63.0
8196 63.0
8197 63.0
8198 63.0
8199 63.0
8200 63.0
8201 63.0
8202 63.0
8203 63.0
8204 63.0
8205 63.0
8206 63.0
8207 63.0
8208 63.0
8209 63.0
8210 63.0
8211 63.0
8212 63.0
8213 63.0
8214 63.0
8215 63.0
8216 63.0
8217 63.0
8218 63.0
8219 63.0
8220 63.0
8221 63.0
8222 63.0
8223 63.0
8224 63.0
8225 63.0
8226 63.0
8227 63.0
8228 63.0
8229 63.0
8230 63.0
8231 63.0
8232 63.0
8233 63.0
8234 63.0
8235 63.0
8236 63.0
8237 63.0
8238 63.0
8239 63.0
8240 63.0
8241 63.0
8242 63.0
8243 63.0
8244 63.0
8245 63.0
8246 63.0
8247 63.0
8248 63.0
8249 63.0
8250 63.0
8251 63.0
8252 63.0
8253 63.0
8254 63.0
8255 63.0
8256 63.0
8257 63.0
8258 63.0
8259 63.0
8260 63.0
8261 63.0
8262 63.0
8263 63.0
8264 63.0
8265 63.0
8266 63.0
8267 63.0
8268 63.0
8269 63.0
8270 63.0
8271 63.0
8272 63.0
8273 63.0
8274 63.0
8275 63.0
8276 63.0
8277 63.0
8278 63.0
8279 63.0
8280 63.0
8281 63.0
8282 63.0
8283 63.0
8284 63.0
8285 63.0
8286 63.0
8287 63.0
8288 63.0
8289 63.0
8290 63.0
8291 63.0
8292 63.0
8293 63.0
8294 63.0
8295 63.0
8296 63.0
8297 63.0
8298 63.0
8299 63.0
8300 63.0
8301 63.0
8302 63.0
8303 63.0
8304 63.0
8305 63.0
8306 63.0
8307 63.0
8308 63.0
8309 63.0
8310 63.0
8311 63.0
8312 63.0
8313 63.0
8314 63.0
8315 63.0
8316 63.0
8317 63.0
8318 63.0
8319 63.0
8320 63.0
8321 63.0
8322 63.0
8323 63.0
8324 63.0
8325 63.0
8326 63.0
8327 63.0
8328 63.0
8329 63.0
8330 63.0
8331 63.0
8332 63.0
8333 63.0
8334 63.0
8335 63.0
8336 63.0
8337 63.0
8338 63.0
8339 63.0
8340 63.0
8341 63.0
8342 63.0
8343 63.0
8344 63.0
8345 63.0
8346 63.0
8347 63.0
8348 63.0
8349 63.0
8350 63.0
8351 63.0
8352 63.0
8353 63.0
8354 63.0
8355 63.0
8356 63.0
8357 63.0
8358 63.0
8359 63.0
8360 63.0
8361 63.0
8362 63.0
8363 63.0
8364 63.0
8365 63.0
8366 63.0
8367 63.0
8368 63.0
8369 63.0
8370 63.0
8371 63.0
8372 63.0
8373 63.0
8374 63.0
8375 63.0
8376 63.0
8377 63.0
8378 63.0
8379 63.0
8380 63.0
8381 63.0
8382 63.0
8383 63.0
8384 63.0
8385 63.0
8386 63.0
8387 63.0
8388 63.0
8389 63.0
8390 63.0
8391 63.0
8392 63.0
8393 63.0
8394 63.0
8395 63.0
8396 63.0
8397 63.0
8398 63.0
8399 63.0
8400 63.0
8401 63.0
8402 63.0
8403 63.0
8404 63.0
8405 63.0
8406 63.0
8407 63.0
8408 63.0
8409 63.0
8410 63.0
8411 63.0
8412 63.0
8413 63.0
8414 63.0
8415 63.0
8416 63.0
8417 63.0
8418 63.0
8419 63.0
8420 63.0
8421 63.0
8422 63.0
8423 63.0
8424 63.0
8425 63.0
8426 63.0
8427 63.0
8428 63.0
8429 63.0
8430 63.0
8431 63.0
8432 63.0
8433 63.0
8434 63.0
8435 63.0
8436 63.0
8437 63.0
8438 63.0
8439 63.0
8440 63.0
8441 63.0
8442 63.0
8443 63.0
8444 63.0
8445 63.0
8446 63.0
8447 63.0
8448 63.0
8449 63.0
8450 63.0
8451 63.0
8452 63.0
8453 63.0
8454 63.0
8455 63.0
8456 63.0
8457 63.0
8458 63.0
8459 63.0
8460 63.0
8461 63.0
8462 63.0
8463 63.0
8464 63.0
8465 63.0
8466 63.0
8467 63.0
8468 63.0
8469 63.0
8470 63.0
8471 63.0
8472 63.0
8473 63.0
8474 63.0
8475 63.0
8476 63.0
8477 63.0
8478 63.0
8479 63.0
8480 63.0
8481 63.0
8482 63.0
8483 63.0
8484 63.0
8485 63.0
8486 63.0
8487 63.0
8488 63.0
8489 63.0
8490 63.0
8491 63.0
8492 63.0
8493 63.0
8494 63.0
8495 63.0
8496 63.0
8497 63.0
8498 63.0
8499 63.0
8500 63.0
8501 63.0
8502 63.0
8503 63.0
8504 63.0
8505 63.0
8506 63.0
8507 63.0
8508 63.0
8509 63.0
8510 63.0
8511 63.0
8512 63.0
8513 63.0
8514 63.0
8515 63.0
8516 63.0
8517 63.0
8518 63.0
8519 63.0
8520 63.0
8521 63.0
8522 63.0
8523 63.0
8524 63.0
8525 63.0
8526 63.0
8527 63.0
8528 63.0
8529 63.0
8530 63.0
8531 63.0
8532 63.0
8533 63.0
8534 63.0
8535 63.0
8536 63.0
8537 63.0
8538 63.0
8539 63.0
8540 63.0
8541 63.0
8542 63.0
8543 63.0
8544 63.0
8545 63.0
8546 63.0
8547 63.0
8548 63.0
8549 63.0
8550 63.0
8551 63.0
8552 63.0
8553 63.0
8554 63.0
8555 63.0
8556 63.0
8557 63.0
8558 63.0
8559 63.0
8560 63.0
8561 63.0
8562 63.0
8563 63.0
8564 63.0
8565 63.0
8566 63.0
8567 63.0
8568 63.0
8569 63.0
8570 63.0
8571 63.0
8572 63.0
8573 63.0
8574 63.0
8575 63.0
8576 63.0
8577 63.0
8578 63.0
8579 63.0
8580 63.0
8581 63.0
8582 63.0
8583 63.0
8584 63.0
8585 63.0
8586 63.0
8587 63.0
8588 63.0
8589 63.0
8590 63.0
8591 63.0
8592 63.0
8593 63.0
8594 63.0
8595 63.0
8596 63.0
8597 63.0
8598 63.0
8599 63.0
8600 63.0
8601 63.0
8602 63.0
8603 63.0
8604 63.0
8605 63.0
8606 63.0
8607 63.0
8608 63.0
8609 63.0
8610 63.0
8611 63.0
8612 63.0
8613 63.0
8614 63.0
8615 63.0
8616 63.0
8617 63.0
8618 63.0
8619 63.0
8620 63.0
8621 63.0
8622 63.0
8623 63.0
8624 63.0
8625 63.0
8626 63.0
8627 63.0
8628 63.0
8629 63.0
8630 63.0
8631 63.0
8632 63.0
8633 63.0
8634 63.0
8635 63.0
8636 63.0
8637 63.0
8638 63.0
8639 63.0
8640 63.0
8641 63.0
8642 63.0
8643 63.0
8644 63.0
8645 63.0
8646 63.0
8647 63.0
8648 63.0
8649 63.0
8650 63.0
8651 63.0
8652 63.0
8653 63.0
8654 63.0
8655 63.0
8656 63.0
8657 63.0
8658 63.0
8659 63.0
8660 63.0
8661 63.0
8662 63.0
8663 63.0
8664 63.0
8665 63.0
8666 63.0
8667 63.0
8668 63.0
8669 63.0
8670 63.0
8671 63.0
8672 63.0
8673 63.0
8674 63.0
8675 63.0
8676 63.0
8677 63.0
8678 66.0
8679 66.0
8680 66.0
8681 66.0
8682 66.0
8683 66.0
8684 66.0
8685 66.0
8686 66.0
8687 66.0
8688 66.0
8689 66.0
8690 66.0
8691 66.0
8692 66.0
8693 66.0
8694 66.0
8695 66.0
8696 66.0
8697 66.0
8698 66.0
8699 66.0
8700 66.0
8701 66.0
8702 66.0
8703 66.0
8704 66.0
8705 66.0
8706 66.0
8707 66.0
8708 66.0
8709 66.0
8710 66.0
8711 66.0
8712 66.0
8713 66.0
8714 66.0
8715 66.0
8716 66.0
8717 66.0
8718 66.0
8719 66.0
8720 66.0
8721 66.0
8722 66.0
8723 66.0
8724 66.0
8725 66.0
8726 66.0
8727 66.0
8728 66.0
8729 66.0
8730 66.0
8731 66.0
8732 66.0
8733 66.0
8734 66.0
8735 66.0
8736 66.0
8737 66.0
8738 66.0
8739 66.0
8740 66.0
8741 66.0
8742 66.0
8743 66.0
8744 66.0
8745 66.0
8746 66.0
8747 66.0
8748 66.0
8749 66.0
8750 66.0
8751 66.0
8752 66.0
8753 66.0
8754 66.0
8755 66.0
8756 66.0
8757 66.0
8758 66.0
8759 66.0
8760 66.0
8761 66.0
8762 66.0
8763 66.0
8764 66.0
8765 66.0
8766 66.0
8767 66.0
8768 66.0
8769 66.0
8770 66.0
8771 66.0
8772 66.0
8773 66.0
8774 66.0
8775 66.0
8776 66.0
8777 66.0
8778 66.0
8779 66.0
8780 66.0
8781 66.0
8782 66.0
8783 66.0
8784 66.0
8785 66.0
8786 66.0
8787 66.0
8788 66.0
8789 66.0
8790 66.0
8791 66.0
8792 66.0
8793 66.0
8794 66.0
8795 66.0
8796 66.0
8797 66.0
8798 66.0
8799 66.0
8800 66.0
8801 66.0
8802 66.0
8803 66.0
8804 66.0
8805 66.0
8806 66.0
8807 66.0
8808 66.0
8809 66.0
8810 66.0
8811 66.0
8812 66.0
8813 66.0
8814 66.0
8815 66.0
8816 66.0
8817 66.0
8818 66.0
8819 66.0
8820 66.0
8821 66.0
8822 66.0
8823 66.0
8824 66.0
8825 66.0
8826 66.0
8827 66.0
8828 66.0
8829 66.0
8830 66.0
8831 66.0
8832 66.0
8833 66.0
8834 66.0
8835 66.0
8836 66.0
8837 66.0
8838 66.0
8839 66.0
8840 66.0
8841 66.0
8842 66.0
8843 66.0
8844 66.0
8845 66.0
8846 66.0
8847 66.0
8848 66.0
8849 66.0
8850 66.0
8851 66.0
8852 66.0
8853 66.0
8854 66.0
8855 66.0
8856 66.0
8857 66.0
8858 66.0
8859 66.0
8860 66.0
8861 66.0
8862 66.0
8863 66.0
8864 66.0
8865 66.0
8866 66.0
8867 66.0
8868 66.0
8869 66.0
8870 66.0
8871 66.0
8872 66.0
8873 66.0
8874 66.0
8875 66.0
8876 66.0
8877 66.0
8878 66.0
8879 66.0
8880 66.0
8881 66.0
8882 66.0
8883 66.0
8884 66.0
8885 66.0
8886 66.0
8887 66.0
8888 66.0
8889 66.0
8890 66.0
8891 66.0
8892 66.0
8893 66.0
8894 66.0
8895 66.0
8896 66.0
8897 66.0
8898 66.0
8899 66.0
8900 66.0
8901 66.0
8902 66.0
8903 66.0
8904 66.0
8905 66.0
8906 66.0
8907 66.0
8908 66.0
8909 66.0
8910 66.0
8911 66.0
8912 66.0
8913 66.0
8914 66.0
8915 66.0
8916 66.0
8917 66.0
8918 66.0
8919 66.0
8920 66.0
8921 66.0
8922 66.0
8923 66.0
8924 66.0
8925 66.0
8926 66.0
8927 66.0
8928 66.0
8929 66.0
8930 66.0
8931 66.0
8932 66.0
8933 66.0
8934 66.0
8935 66.0
8936 66.0
8937 66.0
8938 66.0
8939 66.0
8940 66.0
8941 66.0
8942 66.0
8943 66.0
8944 66.0
8945 66.0
8946 66.0
8947 66.0
8948 66.0
8949 66.0
8950 66.0
8951 66.0
8952 66.0
8953 66.0
8954 66.0
8955 66.0
8956 66.0
8957 66.0
8958 66.0
8959 66.0
8960 66.0
8961 66.0
8962 66.0
8963 66.0
8964 66.0
8965 66.0
8966 66.0
8967 66.0
8968 66.0
8969 66.0
8970 66.0
8971 66.0
8972 66.0
8973 66.0
8974 66.0
8975 66.0
8976 66.0
8977 66.0
8978 66.0
8979 66.0
8980 66.0
8981 66.0
8982 66.0
8983 66.0
8984 66.0
8985 66.0
8986 66.0
8987 66.0
8988 66.0
8989 66.0
8990 66.0
8991 66.0
8992 66.0
8993 66.0
8994 66.0
8995 66.0
8996 66.0
8997 66.0
8998 66.0
8999 66.0
9000 66.0
9001 66.0
9002 66.0
9003 66.0
9004 66.0
9005 66.0
9006 66.0
9007 66.0
9008 66.0
9009 66.0
9010 66.0
9011 66.0
9012 66.0
9013 66.0
9014 66.0
9015 66.0
9016 66.0
9017 66.0
9018 66.0
9019 66.0
9020 66.0
9021 66.0
9022 66.0
9023 66.0
9024 66.0
9025 66.0
9026 66.0
9027 66.0
9028 66.0
9029 66.0
9030 66.0
9031 66.0
9032 66.0
9033 66.0
9034 66.0
9035 66.0
9036 66.0
9037 66.0
9038 66.0
9039 66.0
9040 66.0
9041 66.0
9042 66.0
9043 66.0
9044 66.0
9045 66.0
9046 66.0
9047 66.0
9048 66.0
9049 66.0
9050 66.0
9051 66.0
9052 66.0
9053 66.0
9054 66.0
9055 66.0
9056 66.0
9057 66.0
9058 66.0
9059 66.0
9060 66.0
9061 66.0
9062 66.0
9063 66.0
9064 66.0
9065 66.0
9066 66.0
9067 66.0
9068 66.0
9069 66.0
9070 66.0
9071 66.0
9072 66.0
9073 66.0
9074 66.0
9075 66.0
9076 66.0
9077 66.0
9078 66.0
9079 66.0
9080 66.0
9081 66.0
9082 66.0
9083 66.0
9084 66.0
9085 66.0
9086 66.0
9087 66.0
9088 66.0
9089 66.0
9090 66.0
9091 66.0
9092 66.0
9093 66.0
9094 66.0
9095 66.0
9096 66.0
9097 66.0
9098 66.0
9099 66.0
9100 66.0
9101 66.0
9102 66.0
9103 66.0
9104 66.0
9105 66.0
9106 66.0
9107 66.0
9108 66.0
9109 66.0
9110 66.0
9111 66.0
9112 66.0
9113 66.0
9114 66.0
9115 66.0
9116 66.0
9117 66.0
9118 66.0
9119 66.0
9120 66.0
9121 66.0
9122 66.0
9123 66.0
9124 66.0
9125 66.0
9126 66.0
9127 66.0
9128 66.0
9129 66.0
9130 66.0
9131 66.0
9132 66.0
9133 66.0
9134 66.0
9135 66.0
9136 66.0
9137 66.0
9138 66.0
9139 66.0
9140 66.0
9141 66.0
9142 66.0
9143 66.0
9144 66.0
9145 66.0
9146 66.0
9147 66.0
9148 66.0
9149 66.0
9150 66.0
9151 66.0
9152 66.0
9153 66.0
9154 66.0
9155 66.0
9156 66.0
9157 66.0
9158 66.0
9159 66.0
9160 66.0
9161 66.0
9162 66.0
9163 66.0
9164 66.0
9165 66.0
9166 66.0
9167 66.0
9168 66.0
9169 66.0
9170 66.0
9171 66.0
9172 66.0
9173 66.0
9174 66.0
9175 66.0
9176 66.0
9177 66.0
9178 66.0
9179 66.0
9180 66.0
9181 66.0
9182 66.0
9183 66.0
9184 66.0
9185 66.0
9186 66.0
9187 66.0
9188 66.0
9189 66.0
9190 66.0
9191 66.0
9192 66.0
9193 66.0
9194 66.0
9195 66.0
9196 66.0
9197 66.0
9198 66.0
9199 66.0
9200 66.0
9201 66.0
9202 66.0
9203 66.0
9204 66.0
9205 66.0
9206 66.0
9207 66.0
9208 66.0
9209 66.0
9210 66.0
9211 66.0
9212 66.0
9213 66.0
9214 66.0
9215 66.0
9216 66.0
9217 66.0
9218 66.0
9219 66.0
9220 66.0
9221 66.0
9222 66.0
9223 66.0
9224 66.0
9225 66.0
9226 66.0
9227 66.0
9228 66.0
9229 66.0
9230 66.0
9231 66.0
9232 66.0
9233 66.0
9234 66.0
9235 66.0
9236 66.0
9237 66.0
9238 66.0
9239 66.0
9240 66.0
9241 66.0
9242 66.0
9243 66.0
9244 66.0
9245 66.0
9246 66.0
9247 66.0
9248 66.0
9249 66.0
9250 66.0
9251 66.0
9252 66.0
9253 66.0
9254 66.0
9255 66.0
9256 66.0
9257 66.0
9258 66.0
9259 66.0
9260 66.0
9261 66.0
9262 66.0
9263 66.0
9264 66.0
9265 66.0
9266 66.0
9267 66.0
9268 66.0
9269 66.0
9270 66.0
9271 66.0
9272 66.0
9273 66.0
9274 66.0
9275 66.0
9276 66.0
9277 66.0
9278 66.0
9279 66.0
9280 66.0
9281 66.0
9282 66.0
9283 66.0
9284 66.0
9285 66.0
9286 66.0
9287 66.0
9288 66.0
9289 66.0
9290 66.0
9291 66.0
9292 66.0
9293 66.0
9294 66.0
9295 66.0
9296 66.0
9297 66.0
9298 66.0
9299 66.0
9300 66.0
9301 66.0
9302 66.0
9303 66.0
9304 66.0
9305 66.0
9306 66.0
9307 66.0
9308 66.0
9309 66.0
9310 66.0
9311 66.0
9312 66.0
9313 66.0
9314 66.0
9315 66.0
9316 66.0
9317 66.0
9318 66.0
9319 66.0
9320 66.0
9321 66.0
9322 66.0
9323 66.0
9324 66.0
9325 66.0
9326 66.0
9327 66.0
9328 66.0
9329 66.0
9330 66.0
9331 66.0
9332 66.0
9333 66.0
9334 66.0
9335 66.0
9336 66.0
9337 66.0
9338 66.0
9339 66.0
9340 66.0
9341 66.0
9342 66.0
9343 66.0
9344 66.0
9345 66.0
9346 66.0
9347 66.0
9348 66.0
9349 66.0
9350 66.0
9351 66.0
9352 66.0
9353 66.0
9354 66.0
9355 66.0
9356 66.0
9357 66.0
9358 66.0
9359 66.0
9360 66.0
9361 66.0
9362 66.0
9363 66.0
9364 66.0
9365 66.0
9366 66.0
9367 66.0
9368 66.0
9369 66.0
9370 66.0
9371 66.0
9372 66.0
9373 66.0
9374 66.0
9375 66.0
9376 66.0
9377 66.0
9378 66.0
9379 66.0
9380 66.0
9381 66.0
9382 66.0
9383 66.0
9384 66.0
9385 66.0
9386 66.0
9387 66.0
9388 66.0
9389 66.0
9390 66.0
9391 66.0
9392 66.0
9393 66.0
9394 66.0
9395 66.0
9396 66.0
9397 66.0
9398 66.0
9399 66.0
9400 66.0
9401 66.0
9402 66.0
9403 66.0
9404 66.0
9405 66.0
9406 66.0
9407 66.0
9408 66.0
9409 66.0
9410 66.0
9411 66.0
9412 66.0
9413 66.0
9414 66.0
9415 66.0
9416 66.0
9417 66.0
9418 66.0
9419 66.0
9420 66.0
9421 66.0
9422 66.0
9423 66.0
9424 66.0
9425 66.0
9426 66.0
9427 66.0
9428 66.0
9429 66.0
9430 66.0
9431 66.0
9432 66.0
9433 66.0
9434 66.0
9435 66.0
9436 66.0
9437 66.0
9438 66.0
9439 66.0
9440 66.0
9441 66.0
9442 66.0
9443 66.0
9444 66.0
9445 66.0
9446 66.0
9447 66.0
9448 66.0
9449 66.0
9450 66.0
9451 66.0
9452 66.0
9453 66.0
9454 66.0
9455 66.0
9456 66.0
9457 66.0
9458 66.0
9459 66.0
9460 66.0
9461 66.0
9462 66.0
9463 66.0
9464 66.0
9465 66.0
9466 66.0
9467 66.0
9468 66.0
9469 66.0
9470 66.0
9471 66.0
9472 66.0
9473 66.0
9474 66.0
9475 66.0
9476 66.0
9477 66.0
9478 66.0
9479 66.0
9480 66.0
9481 66.0
9482 66.0
9483 66.0
9484 66.0
9485 66.0
9486 66.0
9487 66.0
9488 66.0
9489 66.0
9490 66.0
9491 66.0
9492 66.0
9493 66.0
9494 66.0
9495 66.0
9496 66.0
9497 66.0
9498 66.0
9499 66.0
9500 66.0
9501 66.0
9502 66.0
9503 66.0
9504 66.0
9505 66.0
9506 66.0
9507 66.0
9508 66.0
9509 66.0
9510 66.0
9511 66.0
9512 66.0
9513 66.0
9514 66.0
9515 66.0
9516 66.0
9517 66.0
9518 66.0
9519 66.0
9520 66.0
9521 66.0
9522 66.0
9523 66.0
9524 66.0
9525 66.0
9526 66.0
9527 66.0
9528 66.0
9529 66.0
9530 66.0
9531 66.0
9532 66.0
9533 66.0
9534 66.0
9535 66.0
9536 66.0
9537 66.0
9538 66.0
9539 66.0
9540 66.0
9541 66.0
9542 66.0
9543 66.0
9544 66.0
9545 66.0
9546 66.0
9547 66.0
9548 66.0
9549 66.0
9550 66.0
9551 66.0
9552 66.0
9553 66.0
9554 66.0
9555 66.0
9556 66.0
9557 66.0
9558 66.0
9559 66.0
9560 66.0
9561 66.0
9562 66.0
9563 66.0
9564 66.0
9565 66.0
9566 66.0
9567 66.0
9568 66.0
9569 66.0
9570 66.0
9571 66.0
9572 66.0
9573 66.0
9574 66.0
9575 66.0
9576 66.0
9577 66.0
9578 66.0
9579 66.0
9580 66.0
9581 66.0
9582 66.0
9583 66.0
9584 66.0
9585 66.0
9586 66.0
9587 66.0
9588 66.0
9589 66.0
9590 66.0
9591 66.0
9592 66.0
9593 66.0
9594 66.0
9595 66.0
9596 66.0
9597 66.0
9598 66.0
9599 66.0
9600 66.0
9601 66.0
9602 66.0
9603 66.0
9604 66.0
9605 66.0
9606 66.0
9607 66.0
9608 66.0
9609 66.0
9610 66.0
9611 66.0
9612 66.0
9613 66.0
9614 66.0
9615 66.0
9616 66.0
9617 66.0
9618 66.0
9619 66.0
9620 66.0
9621 66.0
9622 66.0
9623 66.0
9624 66.0
9625 66.0
9626 66.0
9627 66.0
9628 66.0
9629 66.0
9630 66.0
9631 66.0
9632 66.0
9633 66.0
9634 66.0
9635 66.0
9636 66.0
9637 66.0
9638 66.0
9639 66.0
9640 66.0
9641 66.0
9642 66.0
9643 66.0
9644 66.0
9645 66.0
9646 66.0
9647 66.0
9648 66.0
9649 66.0
9650 66.0
9651 66.0
9652 66.0
9653 66.0
9654 66.0
9655 66.0
9656 66.0
9657 66.0
9658 66.0
9659 66.0
9660 66.0
9661 66.0
9662 66.0
9663 66.0
9664 66.0
9665 66.0
9666 66.0
9667 66.0
9668 66.0
9669 66.0
9670 66.0
9671 66.0
9672 66.0
9673 66.0
9674 66.0
9675 66.0
9676 66.0
9677 66.0
9678 66.0
9679 66.0
9680 66.0
9681 66.0
9682 66.0
9683 66.0
9684 66.0
9685 66.0
9686 66.0
9687 66.0
9688 66.0
9689 66.0
9690 66.0
9691 66.0
9692 66.0
9693 66.0
9694 66.0
9695 66.0
9696 66.0
9697 66.0
9698 66.0
9699 66.0
9700 66.0
9701 66.0
9702 66.0
9703 66.0
9704 66.0
9705 66.0
9706 66.0
9707 66.0
9708 66.0
9709 66.0
9710 66.0
9711 66.0
9712 66.0
9713 66.0
9714 66.0
9715 66.0
9716 66.0
9717 66.0
9718 66.0
9719 66.0
9720 66.0
9721 66.0
9722 66.0
9723 66.0
9724 66.0
9725 66.0
9726 66.0
9727 66.0
9728 66.0
9729 66.0
9730 66.0
9731 66.0
9732 66.0
9733 66.0
9734 66.0
9735 66.0
9736 66.0
9737 66.0
9738 66.0
9739 66.0
9740 66.0
9741 66.0
9742 66.0
9743 66.0
9744 66.0
9745 66.0
9746 66.0
9747 66.0
9748 66.0
9749 66.0
9750 66.0
9751 66.0
9752 66.0
9753 66.0
9754 66.0
9755 66.0
9756 66.0
9757 66.0
9758 66.0
9759 66.0
9760 66.0
9761 66.0
9762 66.0
9763 66.0
9764 66.0
9765 66.0
9766 66.0
9767 66.0
9768 66.0
9769 66.0
9770 66.0
9771 66.0
9772 66.0
9773 66.0
9774 66.0
9775 66.0
9776 66.0
9777 66.0
9778 66.0
9779 66.0
9780 66.0
9781 66.0
9782 66.0
9783 66.0
9784 66.0
9785 66.0
9786 66.0
9787 66.0
9788 66.0
9789 66.0
9790 66.0
9791 66.0
9792 66.0
9793 66.0
9794 66.0
9795 66.0
9796 66.0
9797 66.0
9798 66.0
9799 66.0
9800 66.0
9801 66.0
9802 66.0
9803 66.0
9804 66.0
9805 66.0
9806 66.0
9807 66.0
9808 66.0
9809 66.0
9810 66.0
9811 66.0
9812 66.0
9813 66.0
9814 66.0
9815 66.0
9816 66.0
9817 66.0
9818 66.0
9819 66.0
9820 66.0
9821 66.0
9822 66.0
9823 66.0
9824 66.0
9825 66.0
9826 66.0
9827 66.0
9828 66.0
9829 66.0
9830 66.0
9831 66.0
9832 66.0
9833 66.0
9834 66.0
9835 66.0
9836 66.0
9837 66.0
9838 66.0
9839 66.0
9840 66.0
9841 66.0
9842 66.0
9843 66.0
9844 66.0
9845 66.0
9846 66.0
9847 66.0
9848 66.0
9849 66.0
9850 66.0
9851 66.0
9852 66.0
9853 66.0
9854 66.0
9855 66.0
9856 66.0
9857 66.0
9858 66.0
9859 66.0
9860 66.0
9861 66.0
9862 66.0
9863 66.0
9864 66.0
9865 66.0
9866 66.0
9867 66.0
9868 66.0
9869 66.0
9870 66.0
9871 66.0
9872 66.0
9873 66.0
9874 66.0
9875 66.0
9876 66.0
9877 66.0
9878 66.0
9879 66.0
9880 66.0
9881 66.0
9882 66.0
9883 66.0
9884 66.0
9885 66.0
9886 66.0
9887 66.0
9888 66.0
9889 66.0
9890 66.0
9891 66.0
9892 66.0
9893 66.0
9894 66.0
9895 66.0
9896 66.0
9897 66.0
9898 66.0
9899 66.0
9900 66.0
9901 66.0
9902 66.0
9903 66.0
9904 66.0
9905 66.0
9906 66.0
9907 66.0
9908 66.0
9909 66.0
9910 66.0
9911 66.0
9912 66.0
9913 66.0
9914 66.0
9915 66.0
9916 66.0
9917 66.0
9918 66.0
9919 66.0
9920 66.0
9921 66.0
9922 66.0
9923 66.0
9924 66.0
9925 66.0
9926 66.0
9927 66.0
9928 66.0
9929 66.0
9930 66.0
9931 66.0
9932 66.0
9933 66.0
9934 66.0
9935 66.0
9936 66.0
9937 66.0
9938 66.0
9939 66.0
9940 66.0
9941 66.0
9942 66.0
9943 66.0
9944 66.0
9945 66.0
9946 66.0
9947 66.0
9948 66.0
9949 66.0
9950 66.0
9951 66.0
9952 66.0
9953 66.0
9954 66.0
9955 66.0
9956 66.0
9957 66.0
9958 66.0
9959 66.0
9960 66.0
9961 66.0
9962 66.0
9963 66.0
9964 66.0
9965 66.0
9966 66.0
9967 66.0
9968 66.0
9969 66.0
9970 66.0
9971 66.0
9972 66.0
9973 66.0
9974 66.0
9975 66.0
9976 66.0
9977 66.0
9978 66.0
9979 66.0
9980 66.0
9981 66.0
9982 66.0
9983 66.0
9984 66.0
9985 66.0
9986 66.0
9987 66.0
9988 66.0
9989 66.0
9990 66.0
9991 66.0
9992 66.0
9993 66.0
9994 66.0
9995 66.0
9996 66.0
9997 66.0
9998 66.0
9999 66.0
10000 66.0
10001 66.0
10002 66.0
10003 66.0
10004 66.0
10005 66.0
10006 66.0
10007 66.0
10008 66.0
10009 66.0
10010 66.0
10011 66.0
10012 66.0
10013 66.0
