evaluations raw_y
1 -2028.0000000000
2 -2027.0000000000
3 -2025.0000000000
4 -2024.0000000000
10 -2023.0000000000
13 -2022.0000000000
14 -2020.0000000000
15 -2019.0000000000
16 -2017.0000000000
18 -2016.0000000000
23 -2015.0000000000
24 -2014.0000000000
25 -2013.0000000000
29 -2011.0000000000
30 -2010.0000000000
35 -2009.0000000000
36 -2008.0000000000
37 -2006.0000000000
39 -2005.0000000000
40 -2004.0000000000
41 -2003.0000000000
43 -2002.0000000000
44 -2001.0000000000
45 -2000.0000000000
47 -1999.0000000000
48 -1998.0000000000
53 -1997.0000000000
54 -1996.0000000000
55 -1995.0000000000
57 -1994.0000000000
60 -1993.0000000000
61 -1991.0000000000
63 -1990.0000000000
64 -1989.0000000000
65 -1988.0000000000
66 -1986.0000000000
68 -1985.0000000000
71 -1984.0000000000
76 -1981.0000000000
77 -1979.0000000000
78 -1977.0000000000
79 -1976.0000000000
80 -1975.0000000000
81 -1974.0000000000
82 -1973.0000000000
84 -1972.0000000000
86 -1970.0000000000
87 -1969.0000000000
89 -1968.0000000000
91 -1967.0000000000
92 -1966.0000000000
93 -1964.0000000000
94 -1962.0000000000
98 -1961.0000000000
100 -1960.0000000000
101 -1959.0000000000
102 -1957.0000000000
104 -1956.0000000000
106 -1955.0000000000
107 -1954.0000000000
111 -1953.0000000000
112 -1952.0000000000
113 -1951.0000000000
114 -1950.0000000000
117 -1949.0000000000
118 -1948.0000000000
120 -1946.0000000000
121 -1945.0000000000
124 -1944.0000000000
125 -1943.0000000000
128 -1942.0000000000
130 -1941.0000000000
131 -1940.0000000000
132 -1939.0000000000
137 -1938.0000000000
139 -1936.0000000000
143 -1935.0000000000
147 -1934.0000000000
149 -1933.0000000000
150 -1932.0000000000
156 -1931.0000000000
157 -1930.0000000000
159 -1929.0000000000
165 -1928.0000000000
166 -1927.0000000000
169 -1926.0000000000
174 -1925.0000000000
178 -1924.0000000000
184 -1923.0000000000
186 -1922.0000000000
188 -1921.0000000000
190 -1920.0000000000
192 -1919.0000000000
193 -1918.0000000000
194 -1917.0000000000
195 -1915.0000000000
196 -1914.0000000000
197 -1913.0000000000
199 -1912.0000000000
200 -1911.0000000000
203 -1909.0000000000
205 -1907.0000000000
206 -1905.0000000000
207 -1904.0000000000
208 -1903.0000000000
209 -1902.0000000000
215 -1901.0000000000
217 -1900.0000000000
219 -1899.0000000000
222 -1898.0000000000
225 -1896.0000000000
228 -1895.0000000000
231 -1894.0000000000
233 -1893.0000000000
235 -1892.0000000000
237 -1891.0000000000
240 -1890.0000000000
241 -1889.0000000000
245 -1887.0000000000
251 -1886.0000000000
252 -1885.0000000000
255 -1883.0000000000
256 -1882.0000000000
257 -1881.0000000000
262 -1879.0000000000
266 -1878.0000000000
267 -1877.0000000000
268 -1876.0000000000
274 -1875.0000000000
276 -1874.0000000000
281 -1873.0000000000
284 -1872.0000000000
285 -1871.0000000000
286 -1870.0000000000
287 -1869.0000000000
289 -1868.0000000000
291 -1867.0000000000
293 -1866.0000000000
300 -1865.0000000000
302 -1863.0000000000
305 -1862.0000000000
306 -1861.0000000000
312 -1860.0000000000
314 -1859.0000000000
315 -1857.0000000000
316 -1856.0000000000
317 -1855.0000000000
320 -1854.0000000000
321 -1853.0000000000
325 -1852.0000000000
328 -1851.0000000000
332 -1850.0000000000
335 -1849.0000000000
336 -1848.0000000000
341 -1847.0000000000
342 -1846.0000000000
343 -1845.0000000000
353 -1844.0000000000
355 -1843.0000000000
356 -1842.0000000000
361 -1841.0000000000
365 -1840.0000000000
367 -1839.0000000000
370 -1837.0000000000
372 -1836.0000000000
373 -1833.0000000000
374 -1832.0000000000
377 -1831.0000000000
378 -1830.0000000000
381 -1829.0000000000
384 -1828.0000000000
388 -1827.0000000000
389 -1826.0000000000
392 -1825.0000000000
394 -1824.0000000000
395 -1823.0000000000
396 -1822.0000000000
400 -1821.0000000000
402 -1820.0000000000
406 -1819.0000000000
408 -1818.0000000000
412 -1817.0000000000
415 -1816.0000000000
419 -1815.0000000000
422 -1814.0000000000
423 -1813.0000000000
425 -1812.0000000000
428 -1811.0000000000
434 -1810.0000000000
436 -1809.0000000000
439 -1807.0000000000
443 -1806.0000000000
445 -1805.0000000000
449 -1804.0000000000
451 -1803.0000000000
452 -1802.0000000000
453 -1801.0000000000
454 -1800.0000000000
457 -1799.0000000000
458 -1798.0000000000
466 -1796.0000000000
470 -1795.0000000000
472 -1794.0000000000
474 -1793.0000000000
475 -1792.0000000000
476 -1791.0000000000
480 -1790.0000000000
481 -1789.0000000000
482 -1788.0000000000
484 -1787.0000000000
486 -1786.0000000000
489 -1784.0000000000
490 -1783.0000000000
491 -1782.0000000000
497 -1781.0000000000
498 -1780.0000000000
499 -1779.0000000000
500 -1777.0000000000
502 -1776.0000000000
503 -1775.0000000000
505 -1774.0000000000
508 -1773.0000000000
509 -1772.0000000000
513 -1771.0000000000
515 -1770.0000000000
519 -1768.0000000000
524 -1767.0000000000
529 -1766.0000000000
536 -1765.0000000000
539 -1764.0000000000
540 -1763.0000000000
542 -1762.0000000000
544 -1761.0000000000
545 -1760.0000000000
546 -1759.0000000000
549 -1758.0000000000
551 -1757.0000000000
557 -1756.0000000000
559 -1755.0000000000
561 -1754.0000000000
562 -1751.0000000000
572 -1750.0000000000
576 -1748.0000000000
583 -1747.0000000000
590 -1746.0000000000
597 -1745.0000000000
599 -1744.0000000000
602 -1742.0000000000
604 -1741.0000000000
605 -1739.0000000000
607 -1738.0000000000
611 -1737.0000000000
613 -1736.0000000000
614 -1735.0000000000
615 -1734.0000000000
617 -1733.0000000000
619 -1732.0000000000
620 -1731.0000000000
622 -1730.0000000000
623 -1729.0000000000
628 -1728.0000000000
631 -1727.0000000000
632 -1726.0000000000
638 -1725.0000000000
639 -1724.0000000000
641 -1723.0000000000
644 -1722.0000000000
647 -1721.0000000000
649 -1720.0000000000
657 -1719.0000000000
658 -1718.0000000000
659 -1717.0000000000
663 -1716.0000000000
666 -1715.0000000000
667 -1714.0000000000
668 -1713.0000000000
676 -1712.0000000000
677 -1711.0000000000
678 -1710.0000000000
680 -1709.0000000000
682 -1708.0000000000
683 -1707.0000000000
686 -1706.0000000000
690 -1705.0000000000
694 -1704.0000000000
696 -1703.0000000000
698 -1702.0000000000
702 -1701.0000000000
704 -1700.0000000000
705 -1699.0000000000
706 -1698.0000000000
707 -1697.0000000000
708 -1696.0000000000
710 -1695.0000000000
712 -1694.0000000000
713 -1693.0000000000
716 -1692.0000000000
718 -1691.0000000000
719 -1690.0000000000
722 -1689.0000000000
724 -1688.0000000000
725 -1685.0000000000
726 -1684.0000000000
729 -1683.0000000000
730 -1682.0000000000
736 -1681.0000000000
737 -1680.0000000000
739 -1679.0000000000
740 -1677.0000000000
741 -1676.0000000000
763 -1675.0000000000
767 -1674.0000000000
768 -1673.0000000000
770 -1672.0000000000
771 -1671.0000000000
774 -1670.0000000000
779 -1669.0000000000
781 -1668.0000000000
782 -1667.0000000000
783 -1666.0000000000
785 -1665.0000000000
786 -1664.0000000000
789 -1663.0000000000
791 -1662.0000000000
801 -1661.0000000000
802 -1660.0000000000
806 -1659.0000000000
808 -1658.0000000000
809 -1657.0000000000
810 -1656.0000000000
812 -1655.0000000000
814 -1654.0000000000
819 -1653.0000000000
821 -1652.0000000000
823 -1651.0000000000
831 -1650.0000000000
835 -1649.0000000000
837 -1648.0000000000
841 -1647.0000000000
842 -1645.0000000000
844 -1644.0000000000
845 -1643.0000000000
848 -1642.0000000000
849 -1641.0000000000
851 -1640.0000000000
853 -1639.0000000000
856 -1638.0000000000
860 -1637.0000000000
862 -1636.0000000000
863 -1635.0000000000
865 -1633.0000000000
871 -1632.0000000000
873 -1631.0000000000
875 -1630.0000000000
877 -1628.0000000000
878 -1627.0000000000
881 -1626.0000000000
884 -1625.0000000000
885 -1624.0000000000
892 -1623.0000000000
893 -1622.0000000000
896 -1621.0000000000
901 -1619.0000000000
904 -1618.0000000000
918 -1617.0000000000
919 -1616.0000000000
921 -1614.0000000000
922 -1613.0000000000
924 -1612.0000000000
927 -1610.0000000000
929 -1609.0000000000
934 -1608.0000000000
935 -1607.0000000000
936 -1606.0000000000
939 -1605.0000000000
942 -1604.0000000000
945 -1603.0000000000
946 -1602.0000000000
955 -1601.0000000000
962 -1599.0000000000
963 -1598.0000000000
964 -1597.0000000000
965 -1596.0000000000
966 -1595.0000000000
969 -1594.0000000000
972 -1593.0000000000
981 -1592.0000000000
984 -1591.0000000000
985 -1590.0000000000
986 -1588.0000000000
987 -1587.0000000000
988 -1585.0000000000
990 -1584.0000000000
991 -1583.0000000000
992 -1582.0000000000
994 -1581.0000000000
998 -1580.0000000000
999 -1579.0000000000
1000 -1578.0000000000
1003 -1577.0000000000
1005 -1576.0000000000
1007 -1574.0000000000
1017 -1573.0000000000
1021 -1572.0000000000
1022 -1571.0000000000
1025 -1570.0000000000
1026 -1567.0000000000
1028 -1566.0000000000
1029 -1565.0000000000
1031 -1564.0000000000
1049 -1563.0000000000
1051 -1562.0000000000
1054 -1561.0000000000
1056 -1560.0000000000
1057 -1559.0000000000
1058 -1558.0000000000
1059 -1557.0000000000
1064 -1556.0000000000
1067 -1555.0000000000
1068 -1554.0000000000
1070 -1553.0000000000
1071 -1552.0000000000
1075 -1551.0000000000
1079 -1550.0000000000
1081 -1549.0000000000
1083 -1548.0000000000
1086 -1547.0000000000
1091 -1546.0000000000
1092 -1545.0000000000
1096 -1544.0000000000
1097 -1543.0000000000
1098 -1541.0000000000
1099 -1540.0000000000
1100 -1539.0000000000
1104 -1538.0000000000
1105 -1537.0000000000
1109 -1536.0000000000
1110 -1535.0000000000
1111 -1534.0000000000
1113 -1533.0000000000
1116 -1532.0000000000
1118 -1531.0000000000
1120 -1530.0000000000
1121 -1529.0000000000
1122 -1528.0000000000
1123 -1527.0000000000
1125 -1526.0000000000
1128 -1524.0000000000
1136 -1522.0000000000
1143 -1521.0000000000
1144 -1520.0000000000
1145 -1517.0000000000
1147 -1516.0000000000
1149 -1515.0000000000
1151 -1514.0000000000
1153 -1513.0000000000
1157 -1512.0000000000
1162 -1511.0000000000
1165 -1510.0000000000
1166 -1509.0000000000
1171 -1508.0000000000
1172 -1507.0000000000
1173 -1506.0000000000
1174 -1505.0000000000
1175 -1504.0000000000
1177 -1503.0000000000
1183 -1501.0000000000
1184 -1500.0000000000
1191 -1499.0000000000
1192 -1498.0000000000
1201 -1497.0000000000
1219 -1496.0000000000
1220 -1495.0000000000
1221 -1494.0000000000
1222 -1493.0000000000
1223 -1492.0000000000
1224 -1491.0000000000
1227 -1490.0000000000
1228 -1489.0000000000
1231 -1488.0000000000
1237 -1487.0000000000
1241 -1486.0000000000
1244 -1485.0000000000
1246 -1484.0000000000
1247 -1483.0000000000
1250 -1482.0000000000
1251 -1481.0000000000
1257 -1480.0000000000
1258 -1479.0000000000
1262 -1478.0000000000
1268 -1477.0000000000
1269 -1476.0000000000
1270 -1475.0000000000
1275 -1474.0000000000
1280 -1473.0000000000
1281 -1472.0000000000
1282 -1471.0000000000
1283 -1470.0000000000
1284 -1469.0000000000
1286 -1468.0000000000
1288 -1467.0000000000
1294 -1466.0000000000
1297 -1465.0000000000
1301 -1464.0000000000
1303 -1463.0000000000
1304 -1462.0000000000
1305 -1461.0000000000
1306 -1460.0000000000
1307 -1459.0000000000
1313 -1458.0000000000
1314 -1457.0000000000
1318 -1456.0000000000
1320 -1455.0000000000
1321 -1454.0000000000
1323 -1453.0000000000
1327 -1452.0000000000
1331 -1451.0000000000
1333 -1450.0000000000
1340 -1449.0000000000
1341 -1448.0000000000
1343 -1447.0000000000
1346 -1446.0000000000
1354 -1445.0000000000
1358 -1442.0000000000
1360 -1441.0000000000
1361 -1440.0000000000
1365 -1439.0000000000
1366 -1438.0000000000
1372 -1437.0000000000
1373 -1436.0000000000
1374 -1435.0000000000
1375 -1434.0000000000
1376 -1433.0000000000
1379 -1432.0000000000
1383 -1429.0000000000
1385 -1428.0000000000
1387 -1427.0000000000
1391 -1426.0000000000
1392 -1425.0000000000
1395 -1424.0000000000
1397 -1422.0000000000
1401 -1421.0000000000
1402 -1420.0000000000
1409 -1419.0000000000
1410 -1418.0000000000
1412 -1417.0000000000
1413 -1416.0000000000
1415 -1415.0000000000
1419 -1414.0000000000
1420 -1413.0000000000
1425 -1412.0000000000
1429 -1411.0000000000
1430 -1410.0000000000
1434 -1409.0000000000
1438 -1408.0000000000
1439 -1407.0000000000
1445 -1406.0000000000
1449 -1405.0000000000
1451 -1404.0000000000
1453 -1403.0000000000
1455 -1402.0000000000
1457 -1401.0000000000
1464 -1400.0000000000
1467 -1398.0000000000
1468 -1397.0000000000
1473 -1396.0000000000
1474 -1395.0000000000
1475 -1394.0000000000
1476 -1393.0000000000
1478 -1392.0000000000
1479 -1391.0000000000
1488 -1390.0000000000
1494 -1389.0000000000
1498 -1388.0000000000
1500 -1387.0000000000
1501 -1386.0000000000
1513 -1385.0000000000
1515 -1384.0000000000
1517 -1383.0000000000
1518 -1382.0000000000
1522 -1381.0000000000
1527 -1380.0000000000
1529 -1379.0000000000
1537 -1378.0000000000
1542 -1377.0000000000
1544 -1376.0000000000
1547 -1375.0000000000
1550 -1374.0000000000
1551 -1373.0000000000
1555 -1371.0000000000
1556 -1369.0000000000
1561 -1368.0000000000
1562 -1367.0000000000
1568 -1366.0000000000
1573 -1365.0000000000
1577 -1364.0000000000
1578 -1363.0000000000
1579 -1362.0000000000
1583 -1361.0000000000
1585 -1360.0000000000
1589 -1359.0000000000
1590 -1357.0000000000
1595 -1356.0000000000
1600 -1355.0000000000
1602 -1354.0000000000
1609 -1353.0000000000
1612 -1352.0000000000
1619 -1351.0000000000
1620 -1350.0000000000
1626 -1349.0000000000
1628 -1348.0000000000
1630 -1347.0000000000
1634 -1346.0000000000
1637 -1345.0000000000
1641 -1344.0000000000
1652 -1343.0000000000
1656 -1342.0000000000
1659 -1341.0000000000
1664 -1340.0000000000
1666 -1339.0000000000
1668 -1338.0000000000
1671 -1337.0000000000
1675 -1336.0000000000
1678 -1335.0000000000
1681 -1334.0000000000
1684 -1333.0000000000
1686 -1332.0000000000
1688 -1331.0000000000
1690 -1330.0000000000
1698 -1329.0000000000
1701 -1328.0000000000
1710 -1327.0000000000
1712 -1325.0000000000
1716 -1324.0000000000
1718 -1323.0000000000
1722 -1321.0000000000
1726 -1320.0000000000
1727 -1319.0000000000
1729 -1318.0000000000
1735 -1317.0000000000
1736 -1316.0000000000
1737 -1315.0000000000
1739 -1314.0000000000
1744 -1313.0000000000
1745 -1312.0000000000
1746 -1311.0000000000
1747 -1310.0000000000
1750 -1308.0000000000
1758 -1305.0000000000
1763 -1304.0000000000
1772 -1303.0000000000
1774 -1301.0000000000
1775 -1300.0000000000
1779 -1299.0000000000
1789 -1298.0000000000
1793 -1297.0000000000
1796 -1296.0000000000
1800 -1295.0000000000
1802 -1294.0000000000
1806 -1293.0000000000
1824 -1291.0000000000
1826 -1290.0000000000
1828 -1289.0000000000
1829 -1287.0000000000
1833 -1286.0000000000
1839 -1285.0000000000
1840 -1283.0000000000
1847 -1282.0000000000
1848 -1281.0000000000
1851 -1280.0000000000
1852 -1278.0000000000
1853 -1277.0000000000
1855 -1275.0000000000
1857 -1274.0000000000
1858 -1273.0000000000
1862 -1272.0000000000
1865 -1271.0000000000
1866 -1270.0000000000
1867 -1269.0000000000
1869 -1268.0000000000
1872 -1265.0000000000
1877 -1264.0000000000
1879 -1263.0000000000
1885 -1262.0000000000
1887 -1261.0000000000
1892 -1260.0000000000
1901 -1259.0000000000
1904 -1258.0000000000
1926 -1257.0000000000
1928 -1256.0000000000
1929 -1253.0000000000
1930 -1252.0000000000
1931 -1251.0000000000
1932 -1250.0000000000
1935 -1249.0000000000
1938 -1248.0000000000
1945 -1247.0000000000
1946 -1246.0000000000
1951 -1245.0000000000
1953 -1244.0000000000
1957 -1243.0000000000
1960 -1242.0000000000
1961 -1241.0000000000
1963 -1240.0000000000
1980 -1239.0000000000
1981 -1238.0000000000
1985 -1237.0000000000
1988 -1236.0000000000
1990 -1235.0000000000
1991 -1234.0000000000
1994 -1232.0000000000
2002 -1231.0000000000
2004 -1230.0000000000
2006 -1229.0000000000
2009 -1228.0000000000
2012 -1227.0000000000
2013 -1226.0000000000
2020 -1225.0000000000
2027 -1224.0000000000
2031 -1223.0000000000
2034 -1222.0000000000
2035 -1221.0000000000
2039 -1220.0000000000
2043 -1219.0000000000
2044 -1218.0000000000
2045 -1217.0000000000
2048 -1216.0000000000
2049 -1215.0000000000
2052 -1214.0000000000
2059 -1212.0000000000
2060 -1211.0000000000
2067 -1209.0000000000
2071 -1208.0000000000
2078 -1207.0000000000
2083 -1206.0000000000
2087 -1205.0000000000
2089 -1204.0000000000
2101 -1202.0000000000
2102 -1201.0000000000
2106 -1200.0000000000
2111 -1199.0000000000
2112 -1198.0000000000
2117 -1197.0000000000
2121 -1196.0000000000
2124 -1195.0000000000
2128 -1194.0000000000
2129 -1193.0000000000
2131 -1192.0000000000
2147 -1191.0000000000
2150 -1189.0000000000
2159 -1188.0000000000
2160 -1187.0000000000
2163 -1186.0000000000
2165 -1185.0000000000
2166 -1184.0000000000
2176 -1183.0000000000
2185 -1182.0000000000
2188 -1181.0000000000
2193 -1180.0000000000
2194 -1179.0000000000
2199 -1178.0000000000
2200 -1177.0000000000
2209 -1175.0000000000
2215 -1174.0000000000
2219 -1173.0000000000
2221 -1172.0000000000
2225 -1171.0000000000
2226 -1170.0000000000
2232 -1169.0000000000
2236 -1168.0000000000
2238 -1167.0000000000
2245 -1166.0000000000
2250 -1165.0000000000
2253 -1163.0000000000
2264 -1162.0000000000
2270 -1161.0000000000
2271 -1160.0000000000
2272 -1158.0000000000
2276 -1157.0000000000
2277 -1156.0000000000
2279 -1155.0000000000
2280 -1154.0000000000
2284 -1153.0000000000
2295 -1152.0000000000
2300 -1151.0000000000
2301 -1150.0000000000
2309 -1149.0000000000
2310 -1148.0000000000
2317 -1147.0000000000
2319 -1146.0000000000
2330 -1145.0000000000
2342 -1144.0000000000
2348 -1143.0000000000
2352 -1142.0000000000
2353 -1141.0000000000
2361 -1140.0000000000
2362 -1139.0000000000
2366 -1138.0000000000
2375 -1137.0000000000
2376 -1136.0000000000
2380 -1135.0000000000
2386 -1134.0000000000
2387 -1133.0000000000
2406 -1132.0000000000
2408 -1131.0000000000
2414 -1130.0000000000
2419 -1129.0000000000
2420 -1127.0000000000
2421 -1126.0000000000
2422 -1125.0000000000
2427 -1124.0000000000
2433 -1123.0000000000
2438 -1122.0000000000
2445 -1121.0000000000
2448 -1120.0000000000
2459 -1119.0000000000
2464 -1118.0000000000
2467 -1117.0000000000
2468 -1116.0000000000
2469 -1115.0000000000
2473 -1114.0000000000
2483 -1113.0000000000
2485 -1112.0000000000
2489 -1111.0000000000
2493 -1110.0000000000
2497 -1109.0000000000
2505 -1108.0000000000
2519 -1107.0000000000
2528 -1106.0000000000
2530 -1105.0000000000
2533 -1104.0000000000
2536 -1103.0000000000
2539 -1102.0000000000
2554 -1101.0000000000
2557 -1100.0000000000
2558 -1099.0000000000
2559 -1098.0000000000
2560 -1097.0000000000
2564 -1095.0000000000
2565 -1094.0000000000
2566 -1093.0000000000
2568 -1092.0000000000
2570 -1091.0000000000
2572 -1090.0000000000
2575 -1089.0000000000
2584 -1087.0000000000
2590 -1086.0000000000
2597 -1085.0000000000
2600 -1084.0000000000
2608 -1083.0000000000
2613 -1082.0000000000
2621 -1080.0000000000
2637 -1078.0000000000
2639 -1077.0000000000
2645 -1076.0000000000
2649 -1075.0000000000
2650 -1074.0000000000
2652 -1073.0000000000
2657 -1072.0000000000
2659 -1071.0000000000
2661 -1070.0000000000
2664 -1069.0000000000
2667 -1068.0000000000
2681 -1065.0000000000
2682 -1064.0000000000
2684 -1063.0000000000
2686 -1062.0000000000
2689 -1061.0000000000
2694 -1060.0000000000
2698 -1059.0000000000
2702 -1058.0000000000
2710 -1057.0000000000
2711 -1056.0000000000
2719 -1055.0000000000
2720 -1054.0000000000
2725 -1053.0000000000
2726 -1052.0000000000
2737 -1050.0000000000
2741 -1049.0000000000
2750 -1048.0000000000
2751 -1047.0000000000
2753 -1046.0000000000
2759 -1045.0000000000
2762 -1044.0000000000
2765 -1043.0000000000
2769 -1042.0000000000
2775 -1041.0000000000
2781 -1039.0000000000
2793 -1038.0000000000
2796 -1037.0000000000
2797 -1036.0000000000
2799 -1034.0000000000
2803 -1033.0000000000
2805 -1032.0000000000
2808 -1031.0000000000
2810 -1030.0000000000
2813 -1029.0000000000
2816 -1028.0000000000
2822 -1027.0000000000
2827 -1026.0000000000
2829 -1025.0000000000
2830 -1024.0000000000
2833 -1023.0000000000
2836 -1022.0000000000
2844 -1020.0000000000
2849 -1018.0000000000
2866 -1017.0000000000
2867 -1016.0000000000
2875 -1015.0000000000
2876 -1014.0000000000
2890 -1013.0000000000
2901 -1012.0000000000
2909 -1011.0000000000
2913 -1010.0000000000
2915 -1009.0000000000
2916 -1008.0000000000
2922 -1006.0000000000
2926 -1005.0000000000
2931 -1004.0000000000
2943 -1003.0000000000
2944 -1002.0000000000
2945 -1001.0000000000
2953 -1000.0000000000
2971 -999.0000000000
2977 -998.0000000000
2986 -997.0000000000
2989 -996.0000000000
2999 -995.0000000000
3002 -994.0000000000
3003 -993.0000000000
3018 -991.0000000000
3027 -990.0000000000
3032 -989.0000000000
3034 -988.0000000000
3036 -987.0000000000
3040 -985.0000000000
3047 -984.0000000000
3060 -983.0000000000
3069 -982.0000000000
3070 -981.0000000000
3071 -980.0000000000
3073 -979.0000000000
3077 -978.0000000000
3080 -977.0000000000
3083 -976.0000000000
3084 -975.0000000000
3091 -974.0000000000
3095 -973.0000000000
3098 -971.0000000000
3099 -970.0000000000
3106 -969.0000000000
3108 -968.0000000000
3113 -967.0000000000
3119 -966.0000000000
3120 -965.0000000000
3135 -964.0000000000
3143 -963.0000000000
3155 -962.0000000000
3158 -961.0000000000
3161 -960.0000000000
3163 -959.0000000000
3170 -958.0000000000
3171 -957.0000000000
3172 -956.0000000000
3173 -955.0000000000
3183 -954.0000000000
3185 -953.0000000000
3187 -952.0000000000
3197 -951.0000000000
3199 -950.0000000000
3204 -949.0000000000
3209 -948.0000000000
3216 -947.0000000000
3237 -946.0000000000
3241 -945.0000000000
3246 -944.0000000000
3262 -943.0000000000
3263 -942.0000000000
3264 -941.0000000000
3268 -940.0000000000
3270 -939.0000000000
3273 -938.0000000000
3274 -937.0000000000
3287 -936.0000000000
3295 -935.0000000000
3298 -934.0000000000
3309 -933.0000000000
3316 -932.0000000000
3319 -931.0000000000
3321 -930.0000000000
3327 -929.0000000000
3338 -928.0000000000
3341 -927.0000000000
3348 -926.0000000000
3355 -925.0000000000
3361 -924.0000000000
3364 -923.0000000000
3366 -922.0000000000
3372 -921.0000000000
3373 -920.0000000000
3377 -919.0000000000
3380 -918.0000000000
3390 -917.0000000000
3391 -916.0000000000
3392 -915.0000000000
3400 -914.0000000000
3402 -913.0000000000
3407 -912.0000000000
3408 -911.0000000000
3417 -910.0000000000
3421 -909.0000000000
3422 -908.0000000000
3428 -907.0000000000
3430 -906.0000000000
3431 -905.0000000000
3432 -904.0000000000
3446 -902.0000000000
3451 -901.0000000000
3454 -900.0000000000
3468 -899.0000000000
3470 -898.0000000000
3471 -896.0000000000
3474 -895.0000000000
3479 -894.0000000000
3481 -893.0000000000
3483 -892.0000000000
3491 -891.0000000000
3497 -890.0000000000
3500 -889.0000000000
3503 -888.0000000000
3509 -887.0000000000
3525 -885.0000000000
3553 -884.0000000000
3558 -883.0000000000
3575 -882.0000000000
3585 -881.0000000000
3599 -880.0000000000
3601 -879.0000000000
3603 -878.0000000000
3606 -877.0000000000
3618 -876.0000000000
3620 -875.0000000000
3628 -874.0000000000
3639 -873.0000000000
3641 -872.0000000000
3642 -871.0000000000
3645 -870.0000000000
3660 -869.0000000000
3670 -868.0000000000
3673 -867.0000000000
3678 -866.0000000000
3689 -865.0000000000
3695 -864.0000000000
3696 -863.0000000000
3702 -862.0000000000
3710 -861.0000000000
3712 -860.0000000000
3715 -859.0000000000
3717 -858.0000000000
3725 -857.0000000000
3727 -856.0000000000
3729 -854.0000000000
3731 -853.0000000000
3742 -852.0000000000
3744 -851.0000000000
3756 -850.0000000000
3758 -849.0000000000
3762 -848.0000000000
3768 -847.0000000000
3773 -846.0000000000
3776 -845.0000000000
3777 -844.0000000000
3781 -843.0000000000
3786 -842.0000000000
3800 -841.0000000000
3805 -840.0000000000
3806 -839.0000000000
3819 -838.0000000000
3825 -837.0000000000
3828 -836.0000000000
3830 -835.0000000000
3831 -834.0000000000
3833 -833.0000000000
3837 -832.0000000000
3839 -829.0000000000
3840 -828.0000000000
3855 -827.0000000000
3859 -826.0000000000
3863 -825.0000000000
3875 -824.0000000000
3879 -823.0000000000
3886 -821.0000000000
3889 -820.0000000000
3890 -819.0000000000
3903 -818.0000000000
3911 -817.0000000000
3914 -816.0000000000
3916 -814.0000000000
3918 -813.0000000000
3929 -812.0000000000
3930 -811.0000000000
3935 -810.0000000000
3940 -809.0000000000
3941 -808.0000000000
3945 -807.0000000000
3949 -806.0000000000
3950 -805.0000000000
3953 -804.0000000000
3966 -803.0000000000
3984 -802.0000000000
3988 -801.0000000000
3998 -800.0000000000
4008 -799.0000000000
4010 -798.0000000000
4015 -797.0000000000
4019 -796.0000000000
4021 -795.0000000000
4024 -794.0000000000
4028 -793.0000000000
4045 -792.0000000000
4049 -791.0000000000
4052 -790.0000000000
4063 -789.0000000000
4071 -788.0000000000
4075 -787.0000000000
4087 -786.0000000000
4089 -785.0000000000
4091 -784.0000000000
4096 -783.0000000000
4114 -782.0000000000
4120 -781.0000000000
4121 -780.0000000000
4127 -779.0000000000
4135 -778.0000000000
4136 -777.0000000000
4143 -776.0000000000
4144 -775.0000000000
4155 -774.0000000000
4158 -773.0000000000
4163 -772.0000000000
4166 -771.0000000000
4171 -770.0000000000
4181 -769.0000000000
4193 -768.0000000000
4194 -767.0000000000
4196 -766.0000000000
4198 -765.0000000000
4220 -764.0000000000
4221 -763.0000000000
4222 -762.0000000000
4246 -761.0000000000
4264 -760.0000000000
4271 -759.0000000000
4274 -758.0000000000
4276 -757.0000000000
4277 -756.0000000000
4280 -754.0000000000
4283 -753.0000000000
4287 -752.0000000000
4289 -750.0000000000
4292 -749.0000000000
4297 -748.0000000000
4307 -747.0000000000
4312 -746.0000000000
4313 -745.0000000000
4317 -744.0000000000
4325 -743.0000000000
4329 -742.0000000000
4331 -741.0000000000
4332 -740.0000000000
4338 -739.0000000000
4345 -738.0000000000
4347 -737.0000000000
4353 -736.0000000000
4358 -735.0000000000
4363 -734.0000000000
4364 -733.0000000000
4369 -732.0000000000
4379 -731.0000000000
4383 -730.0000000000
4394 -729.0000000000
4399 -728.0000000000
4409 -726.0000000000
4410 -725.0000000000
4433 -724.0000000000
4437 -723.0000000000
4438 -722.0000000000
4445 -721.0000000000
4454 -720.0000000000
4458 -719.0000000000
4461 -718.0000000000
4462 -717.0000000000
4463 -716.0000000000
4464 -715.0000000000
4468 -714.0000000000
4477 -713.0000000000
4481 -712.0000000000
4485 -711.0000000000
4494 -710.0000000000
4497 -709.0000000000
4504 -708.0000000000
4507 -707.0000000000
4510 -706.0000000000
4512 -705.0000000000
4514 -704.0000000000
4516 -703.0000000000
4518 -701.0000000000
4519 -700.0000000000
4522 -699.0000000000
4525 -698.0000000000
4533 -697.0000000000
4542 -696.0000000000
4551 -695.0000000000
4558 -694.0000000000
4563 -693.0000000000
4570 -692.0000000000
4577 -691.0000000000
4578 -690.0000000000
4604 -689.0000000000
4610 -688.0000000000
4617 -687.0000000000
4620 -686.0000000000
4624 -685.0000000000
4627 -684.0000000000
4643 -683.0000000000
4648 -682.0000000000
4652 -681.0000000000
4665 -680.0000000000
4668 -679.0000000000
4681 -678.0000000000
4697 -677.0000000000
4699 -676.0000000000
4719 -675.0000000000
4726 -674.0000000000
4727 -673.0000000000
4765 -672.0000000000
4774 -671.0000000000
4782 -670.0000000000
4792 -669.0000000000
4793 -668.0000000000
4798 -667.0000000000
4800 -666.0000000000
4806 -665.0000000000
4807 -664.0000000000
4827 -663.0000000000
4831 -662.0000000000
4832 -661.0000000000
4849 -660.0000000000
4852 -659.0000000000
4868 -658.0000000000
4886 -657.0000000000
4890 -656.0000000000
4897 -655.0000000000
4905 -654.0000000000
4906 -653.0000000000
4910 -652.0000000000
4919 -651.0000000000
4930 -650.0000000000
4932 -649.0000000000
4943 -648.0000000000
4945 -647.0000000000
4956 -646.0000000000
4957 -645.0000000000
4960 -644.0000000000
4963 -643.0000000000
4994 -642.0000000000
5000 -640.0000000000
5023 -639.0000000000
5025 -638.0000000000
5028 -636.0000000000
5036 -635.0000000000
5049 -634.0000000000
5050 -633.0000000000
5055 -632.0000000000
5061 -631.0000000000
5071 -630.0000000000
5073 -629.0000000000
5074 -628.0000000000
5081 -627.0000000000
5089 -626.0000000000
5100 -625.0000000000
5113 -624.0000000000
5119 -623.0000000000
5123 -622.0000000000
5142 -621.0000000000
5143 -620.0000000000
5155 -619.0000000000
5158 -618.0000000000
5169 -617.0000000000
5170 -616.0000000000
5175 -615.0000000000
5187 -614.0000000000
5198 -613.0000000000
5199 -612.0000000000
5200 -611.0000000000
5203 -610.0000000000
5204 -609.0000000000
5210 -608.0000000000
5215 -607.0000000000
5227 -606.0000000000
5228 -605.0000000000
5235 -603.0000000000
5236 -602.0000000000
5238 -601.0000000000
5241 -600.0000000000
5243 -599.0000000000
5248 -598.0000000000
5256 -597.0000000000
5260 -596.0000000000
5273 -595.0000000000
5274 -594.0000000000
5283 -593.0000000000
5285 -592.0000000000
5307 -591.0000000000
5308 -590.0000000000
5315 -589.0000000000
5324 -588.0000000000
5327 -587.0000000000
5334 -586.0000000000
5361 -584.0000000000
5367 -583.0000000000
5380 -582.0000000000
5381 -581.0000000000
5388 -580.0000000000
5396 -579.0000000000
5402 -578.0000000000
5408 -577.0000000000
5410 -576.0000000000
5453 -575.0000000000
5457 -574.0000000000
5458 -573.0000000000
5467 -572.0000000000
5476 -571.0000000000
5492 -570.0000000000
5503 -569.0000000000
5510 -568.0000000000
5520 -567.0000000000
5526 -566.0000000000
5529 -564.0000000000
5532 -563.0000000000
5536 -562.0000000000
5538 -561.0000000000
5547 -560.0000000000
5551 -559.0000000000
5561 -558.0000000000
5578 -557.0000000000
5589 -556.0000000000
5593 -555.0000000000
5594 -554.0000000000
5595 -553.0000000000
5600 -552.0000000000
5603 -551.0000000000
5604 -550.0000000000
5607 -549.0000000000
5612 -548.0000000000
5626 -547.0000000000
5634 -546.0000000000
5664 -545.0000000000
5674 -544.0000000000
5680 -543.0000000000
5691 -542.0000000000
5719 -541.0000000000
5720 -540.0000000000
5721 -539.0000000000
5724 -538.0000000000
5735 -537.0000000000
5736 -536.0000000000
5741 -535.0000000000
5757 -534.0000000000
5767 -533.0000000000
5775 -532.0000000000
5776 -531.0000000000
5786 -530.0000000000
5794 -529.0000000000
5795 -528.0000000000
5800 -527.0000000000
5813 -526.0000000000
5821 -525.0000000000
5823 -524.0000000000
5824 -523.0000000000
5825 -522.0000000000
5829 -521.0000000000
5831 -520.0000000000
5832 -519.0000000000
5844 -518.0000000000
5857 -517.0000000000
5859 -516.0000000000
5866 -515.0000000000
5870 -514.0000000000
5872 -513.0000000000
5895 -512.0000000000
5904 -511.0000000000
5921 -510.0000000000
5928 -509.0000000000
5935 -508.0000000000
5940 -507.0000000000
5941 -506.0000000000
5944 -505.0000000000
5946 -504.0000000000
5957 -503.0000000000
5974 -501.0000000000
5978 -500.0000000000
5981 -499.0000000000
6000 -498.0000000000
6006 -497.0000000000
6015 -496.0000000000
6020 -495.0000000000
6049 -494.0000000000
6055 -493.0000000000
6066 -492.0000000000
6070 -491.0000000000
6087 -490.0000000000
6115 -489.0000000000
6127 -487.0000000000
6137 -486.0000000000
6143 -485.0000000000
6156 -484.0000000000
6162 -483.0000000000
6167 -482.0000000000
6177 -481.0000000000
6180 -480.0000000000
6199 -479.0000000000
6207 -477.0000000000
6215 -476.0000000000
6225 -475.0000000000
6230 -474.0000000000
6234 -473.0000000000
6235 -472.0000000000
6255 -471.0000000000
6273 -470.0000000000
6275 -469.0000000000
6278 -468.0000000000
6281 -467.0000000000
6322 -466.0000000000
6365 -465.0000000000
6366 -464.0000000000
6378 -463.0000000000
6382 -462.0000000000
6406 -461.0000000000
6432 -460.0000000000
6433 -459.0000000000
6446 -458.0000000000
6449 -457.0000000000
6452 -456.0000000000
6458 -455.0000000000
6459 -454.0000000000
6477 -453.0000000000
6479 -452.0000000000
6484 -451.0000000000
6516 -450.0000000000
6519 -449.0000000000
6535 -448.0000000000
6543 -447.0000000000
6550 -446.0000000000
6557 -445.0000000000
6558 -443.0000000000
6569 -442.0000000000
6603 -441.0000000000
6617 -440.0000000000
6630 -439.0000000000
6634 -438.0000000000
6658 -437.0000000000
6673 -436.0000000000
6717 -435.0000000000
6720 -434.0000000000
6750 -433.0000000000
6753 -431.0000000000
6793 -430.0000000000
6798 -429.0000000000
6802 -428.0000000000
6836 -427.0000000000
6842 -426.0000000000
6857 -425.0000000000
6858 -424.0000000000
6889 -423.0000000000
6895 -422.0000000000
6898 -421.0000000000
6903 -420.0000000000
6909 -419.0000000000
6918 -418.0000000000
6968 -417.0000000000
7001 -416.0000000000
7027 -415.0000000000
7052 -414.0000000000
7053 -413.0000000000
7073 -412.0000000000
7079 -411.0000000000
7080 -410.0000000000
7098 -409.0000000000
7112 -408.0000000000
7127 -407.0000000000
7137 -406.0000000000
7142 -405.0000000000
7154 -404.0000000000
7171 -403.0000000000
7207 -402.0000000000
7226 -401.0000000000
7260 -400.0000000000
7268 -399.0000000000
7292 -398.0000000000
7332 -397.0000000000
7338 -396.0000000000
7339 -395.0000000000
7340 -394.0000000000
7353 -393.0000000000
7406 -392.0000000000
7407 -391.0000000000
7423 -390.0000000000
7434 -389.0000000000
7462 -388.0000000000
7487 -387.0000000000
7518 -386.0000000000
7522 -385.0000000000
7558 -384.0000000000
7571 -383.0000000000
7584 -382.0000000000
7586 -381.0000000000
7602 -380.0000000000
7612 -379.0000000000
7632 -378.0000000000
7656 -377.0000000000
7674 -376.0000000000
7676 -375.0000000000
7684 -374.0000000000
7687 -372.0000000000
7688 -371.0000000000
7692 -370.0000000000
7699 -369.0000000000
7700 -368.0000000000
7716 -367.0000000000
7719 -366.0000000000
7733 -365.0000000000
7797 -364.0000000000
7808 -363.0000000000
7818 -362.0000000000
7826 -361.0000000000
7852 -360.0000000000
7867 -359.0000000000
7901 -358.0000000000
7902 -357.0000000000
7929 -356.0000000000
7932 -355.0000000000
7951 -354.0000000000
7992 -353.0000000000
8018 -352.0000000000
8024 -351.0000000000
8055 -350.0000000000
8059 -349.0000000000
8072 -348.0000000000
8121 -346.0000000000
8168 -345.0000000000
8172 -344.0000000000
8173 -343.0000000000
8182 -342.0000000000
8193 -341.0000000000
8205 -340.0000000000
8211 -338.0000000000
8234 -337.0000000000
8261 -336.0000000000
8286 -335.0000000000
8307 -334.0000000000
8316 -333.0000000000
8323 -332.0000000000
8333 -331.0000000000
8410 -330.0000000000
8411 -328.0000000000
8421 -327.0000000000
8424 -326.0000000000
8452 -325.0000000000
8476 -324.0000000000
8496 -323.0000000000
8503 -322.0000000000
8527 -321.0000000000
8557 -320.0000000000
8560 -319.0000000000
8561 -318.0000000000
8578 -317.0000000000
8587 -316.0000000000
8590 -315.0000000000
8595 -314.0000000000
8599 -312.0000000000
8622 -311.0000000000
8629 -310.0000000000
8641 -309.0000000000
8642 -308.0000000000
8649 -307.0000000000
8659 -306.0000000000
8669 -305.0000000000
8721 -304.0000000000
8733 -303.0000000000
8742 -302.0000000000
8744 -301.0000000000
8798 -300.0000000000
8802 -299.0000000000
8821 -298.0000000000
8832 -297.0000000000
8841 -296.0000000000
8862 -295.0000000000
8895 -294.0000000000
8949 -293.0000000000
8958 -292.0000000000
9008 -291.0000000000
9073 -290.0000000000
9117 -289.0000000000
9149 -288.0000000000
9160 -287.0000000000
9168 -286.0000000000
9173 -285.0000000000
9194 -284.0000000000
9205 -283.0000000000
9220 -282.0000000000
9271 -281.0000000000
9306 -280.0000000000
9320 -279.0000000000
9341 -278.0000000000
9344 -277.0000000000
9346 -276.0000000000
9356 -275.0000000000
9361 -274.0000000000
9394 -273.0000000000
9402 -272.0000000000
9440 -271.0000000000
9450 -270.0000000000
9454 -269.0000000000
9462 -268.0000000000
9514 -267.0000000000
9518 -266.0000000000
9527 -265.0000000000
9536 -264.0000000000
9592 -263.0000000000
9611 -262.0000000000
9624 -261.0000000000
9637 -260.0000000000
9639 -259.0000000000
9655 -258.0000000000
9671 -257.0000000000
9714 -256.0000000000
9720 -255.0000000000
9738 -254.0000000000
9744 -253.0000000000
9835 -252.0000000000
9837 -251.0000000000
9874 -249.0000000000
9880 -248.0000000000
9906 -247.0000000000
9915 -246.0000000000
9957 -245.0000000000
9962 -244.0000000000
9971 -243.0000000000
9988 -242.0000000000
10000 -243.0000000000
