# evaluation best
1 0.0
2 5.0
3 14.0
4 14.0
5 14.0
6 34.0
7 34.0
8 34.0
9 44.0
10 44.0
11 44.0
12 44.0
13 44.0
14 47.0
15 56.0
16 56.0
17 56.0
18 56.0
19 56.0
20 56.0
21 56.0
22 56.0
23 56.0
24 56.0
25 56.0
26 56.0
27 56.0
28 56.0
29 56.0
30 56.0
31 56.0
32 56.0
33 56.0
34 56.0
35 56.0
36 56.0
37 56.0
38 56.0
39 56.0
40 56.0
41 56.0
42 56.0
43 56.0
44 56.0
45 56.0
46 56.0
47 56.0
48 56.0
49 56.0
50 56.0
51 56.0
52 56.0
53 56.0
54 56.0
55 56.0
56 56.0
57 56.0
58 56.0
59 56.0
60 56.0
61 56.0
62 56.0
63 56.0
64 56.0
65 56.0
66 56.0
67 56.0
68 56.0
69 56.0
70 56.0
71 56.0
72 56.0
73 56.0
74 56.0
75 56.0
76 56.0
77 56.0
78 56.0
79 56.0
80 56.0
81 56.0
82 56.0
83 56.0
84 56.0
85 56.0
86 56.0
87 56.0
88 56.0
89 56.0
90 56.0
91 56.0
92 56.0
93 56.0
94 56.0
95 56.0
96 56.0
97 56.0
98 56.0
99 56.0
100 56.0
101 56.0
102 56.0
103 56.0
104 56.0
105 56.0
106 56.0
107 56.0
108 56.0
109 56.0
110 56.0
111 56.0
112 56.0
113 56.0
114 56.0
115 56.0
116 56.0
117 56.0
118 56.0
119 56.0
120 56.0
121 56.0
122 56.0
123 56.0
124 56.0
125 56.0
126 56.0
127 56.0
128 56.0
129 56.0
130 56.0
131 56.0
132 56.0
133 56.0
134 56.0
135 56.0
136 56.0
137 56.0
138 56.0
139 56.0
140 56.0
141 56.0
142 56.0
143 56.0
144 56.0
145 56.0
146 56.0
147 56.0
148 56.0
149 56.0
150 56.0
151 56.0
152 56.0
153 56.0
154 56.0
155 56.0
156 56.0
157 56.0
158 56.0
159 56.0
160 56.0
161 56.0
162 56.0
163 56.0
164 56.0
165 56.0
166 56.0
167 56.0
168 56.0
169 56.0
170 56.0
171 56.0
172 56.0
173 56.0
174 56.0
175 56.0
176 56.0
177 56.0
178 56.0
179 56.0
180 56.0
181 56.0
182 56.0
183 56.0
184 56.0
185 56.0
186 56.0
187 56.0
188 56.0
189 56.0
190 56.0
191 56.0
192 56.0
193 56.0
194 56.0
195 56.0
196 56.0
197 56.0
198 56.0
199 56.0
200 56.0
201 56.0
202 56.0
203 56.0
204 56.0
205 56.0
206 56.0
207 56.0
208 56.0
209 56.0
210 56.0
211 56.0
212 56.0
213 56.0
214 56.0
215 56.0
216 56.0
217 56.0
218 56.0
219 56.0
220 56.0
221 56.0
222 56.0
223 56.0
224 56.0
225 56.0
226 56.0
227 56.0
228 56.0
229 56.0
230 56.0
231 56.0
232 56.0
233 56.0
234 56.0
235 56.0
236 56.0
237 56.0
238 56.0
239 56.0
240 56.0
241 56.0
242 56.0
243 56.0
244 56.0
245 56.0
246 56.0
247 56.0
248 56.0
249 56.0
250 56.0
251 56.0
252 56.0
253 56.0
254 56.0
255 56.0
256 56.0
257 56.0
258 56.0
259 56.0
260 56.0
261 56.0
262 56.0
263 56.0
264 56.0
265 56.0
266 56.0
267 56.0
268 56.0
269 56.0
270 56.0
271 56.0
272 56.0
273 56.0
274 56.0
275 56.0
276 56.0
277 56.0
278 56.0
279 56.0
280 56.0
281 56.0
282 56.0
283 56.0
284 56.0
285 56.0
286 56.0
287 56.0
288 56.0
289 56.0
290 56.0
291 56.0
292 56.0
293 56.0
294 56.0
295 56.0
296 56.0
297 56.0
298 56.0
299 56.0
300 56.0
301 56.0
302 56.0
303 56.0
304 56.0
305 56.0
306 56.0
307 56.0
308 56.0
309 56.0
310 56.0
311 56.0
312 56.0
313 56.0
314 56.0
315 56.0
316 56.0
317 56.0
318 56.0
319 56.0
320 56.0
321 56.0
322 56.0
323 56.0
324 56.0
325 56.0
326 56.0
327 56.0
328 56.0
329 56.0
330 56.0
331 56.0
332 56.0
333 56.0
334 56.0
335 56.0
336 56.0
337 56.0
338 56.0
339 56.0
340 56.0
341 56.0
342 56.0
343 56.0
344 56.0
345 56.0
346 56.0
347 56.0
348 56.0
349 56.0
350 56.0
351 56.0
352 56.0
353 56.0
354 56.0
355 56.0
356 56.0
357 56.0
358 56.0
359 56.0
360 56.0
361 56.0
362 56.0
363 56.0
364 56.0
365 56.0
366 56.0
367 56.0
368 56.0
369 56.0
370 56.0
371 56.0
372 56.0
373 56.0
374 56.0
375 56.0
376 56.0
377 56.0
378 56.0
379 56.0
380 56.0
381 56.0
382 56.0
383 56.0
384 56.0
385 56.0
386 56.0
387 56.0
388 56.0
389 56.0
390 56.0
391 56.0
392 56.0
393 56.0
394 56.0
395 56.0
396 56.0
397 56.0
398 56.0
399 56.0
400 56.0
401 56.0
402 56.0
403 56.0
404 56.0
405 56.0
406 56.0
407 56.0
408 56.0
409 56.0
410 56.0
411 56.0
412 56.0
413 56.0
414 56.0
415 56.0
416 56.0
417 56.0
418 56.0
419 56.0
420 56.0
421 56.0
422 56.0
423 56.0
424 56.0
425 56.0
426 56.0
427 56.0
428 56.0
429 56.0
430 56.0
431 56.0
432 56.0
433 56.0
434 56.0
435 56.0
436 56.0
437 56.0
438 56.0
439 56.0
440 56.0
441 56.0
442 56.0
443 56.0
444 56.0
445 56.0
446 56.0
447 56.0
448 56.0
449 56.0
450 56.0
451 56.0
452 56.0
453 56.0
454 56.0
455 56.0
456 56.0
457 56.0
458 56.0
459 56.0
460 56.0
461 56.0
462 56.0
463 56.0
464 56.0
465 56.0
466 56.0
467 56.0
468 56.0
469 56.0
470 56.0
471 56.0
472 56.0
473 56.0
474 56.0
475 56.0
476 56.0
477 56.0
478 56.0
479 56.0
480 56.0
481 56.0
482 56.0
483 56.0
484 56.0
485 56.0
486 56.0
487 56.0
488 56.0
489 56.0
490 56.0
491 56.0
492 56.0
493 56.0
494 56.0
495 56.0
496 56.0
497 56.0
498 56.0
499 56.0
500 56.0
501 56.0
502 56.0
503 56.0
504 56.0
505 56.0
506 56.0
507 56.0
508 56.0
509 56.0
510 56.0
511 56.0
512 56.0
513 56.0
514 56.0
515 56.0
516 56.0
517 56.0
518 56.0
519 56.0
520 56.0
521 56.0
522 56.0
523 56.0
524 56.0
525 56.0
526 56.0
527 56.0
528 56.0
529 56.0
530 56.0
531 56.0
532 56.0
533 56.0
534 56.0
535 56.0
536 56.0
537 56.0
538 56.0
539 56.0
540 56.0
541 56.0
542 56.0
543 56.0
544 56.0
545 56.0
546 56.0
547 56.0
548 56.0
549 56.0
550 56.0
551 56.0
552 56.0
553 56.0
554 56.0
555 56.0
556 56.0
557 56.0
558 56.0
559 56.0
560 56.0
561 56.0
562 56.0
563 56.0
564 56.0
565 56.0
566 56.0
567 56.0
568 56.0
569 56.0
570 56.0
571 56.0
572 56.0
573 56.0
574 56.0
575 56.0
576 56.0
577 56.0
578 56.0
579 56.0
580 56.0
581 56.0
582 56.0
583 56.0
584 56.0
585 56.0
586 56.0
587 56.0
588 56.0
589 56.0
590 56.0
591 56.0
592 56.0
593 56.0
594 56.0
595 56.0
596 56.0
597 56.0
598 56.0
599 56.0
600 56.0
601 56.0
602 56.0
603 56.0
604 56.0
605 56.0
606 56.0
607 56.0
608 56.0
609 56.0
610 56.0
611 56.0
612 56.0
613 56.0
614 56.0
615 56.0
616 56.0
617 56.0
618 56.0
619 56.0
620 56.0
621 56.0
622 56.0
623 56.0
624 56.0
625 56.0
626 56.0
627 56.0
628 56.0
629 56.0
630 56.0
631 56.0
632 56.0
633 56.0
634 56.0
635 56.0
636 56.0
637 56.0
638 56.0
639 56.0
640 56.0
641 56.0
642 56.0
643 56.0
644 56.0
645 56.0
646 56.0
647 56.0
648 56.0
649 56.0
650 56.0
651 56.0
652 56.0
653 56.0
654 56.0
655 56.0
656 56.0
657 56.0
658 56.0
659 56.0
660 56.0
661 56.0
662 56.0
663 56.0
664 56.0
665 56.0
666 56.0
667 56.0
668 56.0
669 56.0
670 56.0
671 56.0
672 56.0
673 56.0
674 56.0
675 56.0
676 56.0
677 56.0
678 56.0
679 56.0
680 56.0
681 56.0
682 56.0
683 56.0
684 56.0
685 56.0
686 56.0
687 56.0
688 56.0
689 56.0
690 56.0
691 56.0
692 56.0
693 56.0
694 56.0
695 56.0
696 56.0
697 56.0
698 56.0
699 56.0
700 56.0
701 56.0
702 56.0
703 56.0
704 56.0
705 56.0
706 56.0
707 56.0
708 56.0
709 56.0
710 56.0
711 56.0
712 56.0
713 56.0
714 56.0
715 56.0
716 56.0
717 56.0
718 56.0
719 56.0
720 56.0
721 56.0
722 56.0
723 56.0
724 56.0
725 56.0
726 56.0
727 56.0
728 56.0
729 56.0
730 56.0
731 56.0
732 56.0
733 56.0
734 56.0
735 56.0
736 56.0
737 56.0
738 56.0
739 56.0
740 56.0
741 56.0
742 56.0
743 56.0
744 56.0
745 56.0
746 56.0
747 56.0
748 56.0
749 56.0
750 56.0
751 56.0
752 56.0
753 56.0
754 56.0
755 56.0
756 56.0
757 56.0
758 56.0
759 56.0
760 56.0
761 56.0
762 56.0
763 56.0
764 56.0
765 56.0
766 56.0
767 56.0
768 56.0
769 56.0
770 56.0
771 56.0
772 56.0
773 56.0
774 56.0
775 56.0
776 56.0
777 56.0
778 56.0
779 56.0
780 56.0
781 56.0
782 56.0
783 56.0
784 56.0
785 56.0
786 56.0
787 56.0
788 56.0
789 56.0
790 56.0
791 56.0
792 56.0
793 56.0
794 56.0
795 56.0
796 56.0
797 56.0
798 56.0
799 56.0
800 56.0
801 56.0
802 56.0
803 56.0
804 56.0
805 56.0
806 56.0
807 56.0
808 56.0
809 56.0
810 56.0
811 56.0
812 56.0
813 56.0
814 56.0
815 56.0
816 56.0
817 56.0
818 56.0
819 56.0
820 56.0
821 56.0
822 56.0
823 56.0
824 56.0
825 56.0
826 56.0
827 56.0
828 56.0
829 56.0
830 56.0
831 56.0
832 56.0
833 56.0
834 56.0
835 56.0
836 56.0
837 56.0
838 56.0
839 56.0
840 56.0
841 56.0
842 56.0
843 56.0
844 56.0
845 56.0
846 56.0
847 56.0
848 56.0
849 56.0
850 56.0
851 56.0
852 56.0
853 56.0
854 56.0
855 56.0
856 56.0
857 56.0
858 56.0
859 56.0
860 56.0
861 56.0
862 56.0
863 56.0
864 56.0
865 56.0
866 56.0
867 56.0
868 56.0
869 56.0
870 56.0
871 56.0
872 56.0
873 56.0
874 56.0
875 56.0
876 56.0
877 56.0
878 56.0
879 56.0
880 56.0
881 56.0
882 56.0
883 56.0
884 56.0
885 56.0
886 56.0
887 56.0
888 56.0
889 56.0
890 56.0
891 56.0
892 56.0
893 56.0
894 56.0
895 56.0
896 56.0
897 56.0
898 56.0
899 56.0
900 56.0
901 56.0
902 56.0
903 56.0
904 56.0
905 56.0
906 56.0
907 56.0
908 56.0
909 56.0
910 56.0
911 56.0
912 56.0
913 56.0
914 56.0
915 56.0
916 56.0
917 56.0
918 56.0
919 56.0
920 56.0
921 56.0
922 56.0
923 56.0
924 56.0
925 56.0
926 56.0
927 56.0
928 56.0
929 56.0
930 56.0
931 56.0
932 56.0
933 56.0
934 56.0
935 56.0
936 56.0
937 56.0
938 56.0
939 56.0
940 56.0
941 56.0
942 56.0
943 56.0
944 56.0
945 56.0
946 56.0
947 56.0
948 56.0
949 56.0
950 56.0
951 56.0
952 56.0
953 56.0
954 56.0
955 56.0
956 56.0
957 56.0
958 56.0
959 56.0
960 56.0
961 56.0
962 56.0
963 56.0
964 56.0
965 56.0
966 56.0
967 56.0
968 56.0
969 56.0
970 56.0
971 56.0
972 56.0
973 56.0
974 56.0
975 56.0
976 56.0
977 56.0
978 56.0
979 56.0
980 56.0
981 56.0
982 56.0
983 56.0
984 56.0
985 56.0
986 56.0
987 56.0
988 56.0
989 56.0
990 56.0
991 56.0
992 56.0
993 56.0
994 56.0
995 56.0
996 56.0
997 56.0
998 56.0
999 56.0
1000 56.0
1001 56.0
1002 56.0
1003 56.0
1004 56.0
1005 56.0
1006 56.0
1007 56.0
1008 56.0
1009 56.0
1010 56.0
1011 56.0
1012 56.0
1013 56.0
1014 56.0
1015 56.0
1016 56.0
1017 56.0
1018 56.0
1019 56.0
1020 56.0
1021 56.0
1022 56.0
1023 56.0
1024 56.0
1025 56.0
1026 56.0
1027 56.0
1028 56.0
1029 56.0
1030 56.0
1031 56.0
1032 56.0
1033 56.0
1034 56.0
1035 56.0
1036 56.0
1037 56.0
1038 56.0
1039 56.0
1040 56.0
1041 56.0
1042 56.0
1043 56.0
1044 56.0
1045 56.0
1046 56.0
1047 56.0
1048 56.0
1049 56.0
1050 56.0
1051 56.0
1052 56.0
1053 56.0
1054 56.0
1055 56.0
1056 56.0
1057 56.0
1058 56.0
1059 56.0
1060 56.0
1061 56.0
1062 56.0
1063 56.0
1064 56.0
1065 56.0
1066 56.0
1067 56.0
1068 56.0
1069 56.0
1070 56.0
1071 56.0
1072 56.0
1073 56.0
1074 56.0
1075 56.0
1076 56.0
1077 56.0
1078 56.0
1079 56.0
1080 56.0
1081 56.0
1082 56.0
1083 56.0
1084 56.0
1085 56.0
1086 56.0
1087 56.0
1088 56.0
1089 56.0
1090 56.0
1091 56.0
1092 56.0
1093 56.0
1094 56.0
1095 56.0
1096 56.0
1097 56.0
1098 56.0
1099 56.0
1100 56.0
1101 56.0
1102 56.0
1103 56.0
1104 56.0
1105 56.0
1106 56.0
1107 56.0
1108 56.0
1109 56.0
1110 56.0
1111 56.0
1112 56.0
1113 56.0
1114 56.0
1115 56.0
1116 56.0
1117 56.0
1118 56.0
1119 56.0
1120 56.0
1121 56.0
1122 56.0
1123 56.0
1124 56.0
1125 56.0
1126 56.0
1127 56.0
1128 56.0
1129 56.0
1130 56.0
1131 56.0
1132 56.0
1133 56.0
1134 56.0
1135 56.0
1136 56.0
1137 56.0
1138 56.0
1139 56.0
1140 56.0
1141 56.0
1142 56.0
1143 56.0
1144 56.0
1145 56.0
1146 56.0
1147 56.0
1148 56.0
1149 56.0
1150 56.0
1151 56.0
1152 56.0
1153 56.0
1154 56.0
1155 56.0
1156 56.0
1157 56.0
1158 56.0
1159 56.0
1160 56.0
1161 56.0
1162 56.0
1163 56.0
1164 56.0
1165 56.0
1166 56.0
1167 56.0
1168 56.0
1169 56.0
1170 56.0
1171 56.0
1172 56.0
1173 56.0
1174 56.0
1175 56.0
1176 56.0
1177 56.0
1178 56.0
1179 56.0
1180 56.0
1181 56.0
1182 56.0
1183 56.0
1184 56.0
1185 56.0
1186 56.0
1187 56.0
1188 56.0
1189 56.0
1190 56.0
1191 56.0
1192 56.0
1193 56.0
1194 56.0
1195 56.0
1196 56.0
1197 56.0
1198 56.0
1199 56.0
1200 56.0
1201 56.0
1202 56.0
1203 56.0
1204 56.0
1205 56.0
1206 56.0
1207 56.0
1208 56.0
1209 56.0
1210 56.0
1211 56.0
1212 56.0
1213 56.0
1214 56.0
1215 56.0
1216 56.0
1217 56.0
1218 56.0
1219 56.0
1220 56.0
1221 56.0
1222 56.0
1223 56.0
1224 56.0
1225 56.0
1226 56.0
1227 56.0
1228 56.0
1229 56.0
1230 56.0
1231 56.0
1232 56.0
1233 56.0
1234 56.0
1235 56.0
1236 56.0
1237 56.0
1238 56.0
1239 56.0
1240 56.0
1241 56.0
1242 56.0
1243 56.0
1244 56.0
1245 56.0
1246 56.0
1247 56.0
1248 56.0
1249 56.0
1250 56.0
1251 56.0
1252 56.0
1253 56.0
1254 56.0
1255 56.0
1256 56.0
1257 56.0
1258 56.0
1259 56.0
1260 56.0
1261 56.0
1262 56.0
1263 56.0
1264 56.0
1265 56.0
1266 56.0
1267 56.0
1268 56.0
1269 56.0
1270 56.0
1271 56.0
1272 56.0
1273 56.0
1274 56.0
1275 56.0
1276 56.0
1277 56.0
1278 56.0
1279 56.0
1280 56.0
1281 56.0
1282 56.0
1283 56.0
1284 56.0
1285 56.0
1286 56.0
1287 56.0
1288 56.0
1289 56.0
1290 56.0
1291 56.0
1292 56.0
1293 56.0
1294 56.0
1295 56.0
1296 56.0
1297 56.0
1298 56.0
1299 56.0
1300 56.0
1301 56.0
1302 56.0
1303 56.0
1304 56.0
1305 56.0
1306 56.0
1307 56.0
1308 56.0
1309 56.0
1310 56.0
1311 56.0
1312 56.0
1313 56.0
1314 56.0
1315 56.0
1316 56.0
1317 56.0
1318 56.0
1319 56.0
1320 56.0
1321 56.0
1322 56.0
1323 56.0
1324 56.0
1325 56.0
1326 56.0
1327 56.0
1328 56.0
1329 56.0
1330 56.0
1331 56.0
1332 56.0
1333 56.0
1334 56.0
1335 56.0
1336 56.0
1337 56.0
1338 56.0
1339 56.0
1340 56.0
1341 56.0
1342 56.0
1343 56.0
1344 56.0
1345 56.0
1346 56.0
1347 56.0
1348 56.0
1349 56.0
1350 56.0
1351 56.0
1352 56.0
1353 56.0
1354 56.0
1355 56.0
1356 56.0
1357 56.0
1358 56.0
1359 56.0
1360 56.0
1361 56.0
1362 56.0
1363 56.0
1364 56.0
1365 56.0
1366 56.0
1367 56.0
1368 56.0
1369 56.0
1370 56.0
1371 56.0
1372 56.0
1373 56.0
1374 56.0
1375 56.0
1376 56.0
1377 56.0
1378 56.0
1379 56.0
1380 56.0
1381 56.0
1382 56.0
1383 56.0
1384 56.0
1385 56.0
1386 56.0
1387 56.0
1388 56.0
1389 56.0
1390 56.0
1391 56.0
1392 56.0
1393 56.0
1394 56.0
1395 56.0
1396 56.0
1397 56.0
1398 56.0
1399 56.0
1400 56.0
1401 56.0
1402 56.0
1403 56.0
1404 56.0
1405 56.0
1406 56.0
1407 56.0
1408 56.0
1409 56.0
1410 56.0
1411 56.0
1412 56.0
1413 56.0
1414 56.0
1415 56.0
1416 56.0
1417 56.0
1418 56.0
1419 56.0
1420 56.0
1421 56.0
1422 56.0
1423 56.0
1424 56.0
1425 56.0
1426 56.0
1427 56.0
1428 56.0
1429 56.0
1430 56.0
1431 56.0
1432 56.0
1433 56.0
1434 56.0
1435 56.0
1436 56.0
1437 56.0
1438 56.0
1439 56.0
1440 56.0
1441 56.0
1442 56.0
1443 56.0
1444 56.0
1445 56.0
1446 56.0
1447 56.0
1448 56.0
1449 56.0
1450 56.0
1451 56.0
1452 56.0
1453 56.0
1454 56.0
1455 56.0
1456 56.0
1457 56.0
1458 56.0
1459 56.0
1460 56.0
1461 56.0
1462 56.0
1463 56.0
1464 56.0
1465 56.0
1466 56.0
1467 56.0
1468 56.0
1469 56.0
1470 56.0
1471 56.0
1472 56.0
1473 56.0
1474 56.0
1475 56.0
1476 56.0
1477 56.0
1478 56.0
1479 56.0
1480 56.0
1481 56.0
1482 56.0
1483 56.0
1484 56.0
1485 56.0
1486 56.0
1487 56.0
1488 56.0
1489 56.0
1490 56.0
1491 56.0
1492 56.0
1493 56.0
1494 56.0
1495 56.0
1496 56.0
1497 56.0
1498 56.0
1499 56.0
1500 56.0
1501 56.0
1502 56.0
1503 56.0
1504 56.0
1505 56.0
1506 56.0
1507 56.0
1508 56.0
1509 56.0
1510 56.0
1511 56.0
1512 56.0
1513 56.0
1514 56.0
1515 56.0
1516 56.0
1517 56.0
1518 56.0
1519 56.0
1520 56.0
1521 56.0
1522 56.0
1523 56.0
1524 56.0
1525 56.0
1526 56.0
1527 56.0
1528 56.0
1529 56.0
1530 56.0
1531 56.0
1532 56.0
1533 56.0
1534 56.0
1535 56.0
1536 56.0
1537 56.0
1538 56.0
1539 56.0
1540 56.0
1541 56.0
1542 56.0
1543 56.0
1544 56.0
1545 56.0
1546 56.0
1547 56.0
1548 56.0
1549 56.0
1550 56.0
1551 56.0
1552 56.0
1553 56.0
1554 56.0
1555 56.0
1556 56.0
1557 56.0
1558 56.0
1559 56.0
1560 56.0
1561 56.0
1562 56.0
1563 56.0
1564 56.0
1565 56.0
1566 56.0
1567 56.0
1568 56.0
1569 56.0
1570 56.0
1571 56.0
1572 56.0
1573 56.0
1574 56.0
1575 56.0
1576 56.0
1577 56.0
1578 56.0
1579 56.0
1580 56.0
1581 56.0
1582 56.0
1583 56.0
1584 56.0
1585 56.0
1586 56.0
1587 56.0
1588 56.0
1589 56.0
1590 56.0
1591 56.0
1592 56.0
1593 56.0
1594 56.0
1595 56.0
1596 56.0
1597 56.0
1598 56.0
1599 56.0
1600 56.0
1601 56.0
1602 56.0
1603 56.0
1604 56.0
1605 56.0
1606 56.0
1607 56.0
1608 56.0
1609 56.0
1610 56.0
1611 56.0
1612 56.0
1613 56.0
1614 56.0
1615 56.0
1616 56.0
1617 56.0
1618 56.0
1619 56.0
1620 56.0
1621 56.0
1622 56.0
1623 56.0
1624 56.0
1625 56.0
1626 56.0
1627 56.0
1628 56.0
1629 56.0
1630 56.0
1631 56.0
1632 56.0
1633 56.0
1634 56.0
1635 56.0
1636 56.0
1637 56.0
1638 56.0
1639 56.0
1640 56.0
1641 56.0
1642 56.0
1643 56.0
1644 56.0
1645 56.0
1646 56.0
1647 56.0
1648 56.0
1649 56.0
1650 56.0
1651 56.0
1652 56.0
1653 56.0
1654 56.0
1655 56.0
1656 56.0
1657 56.0
1658 56.0
1659 56.0
1660 56.0
1661 56.0
1662 56.0
1663 56.0
1664 56.0
1665 56.0
1666 56.0
1667 56.0
1668 56.0
1669 56.0
1670 56.0
1671 56.0
1672 56.0
1673 56.0
1674 56.0
1675 56.0
1676 56.0
1677 56.0
1678 56.0
1679 56.0
1680 56.0
1681 56.0
1682 56.0
1683 56.0
1684 56.0
1685 56.0
1686 56.0
1687 56.0
1688 56.0
1689 56.0
1690 56.0
1691 56.0
1692 56.0
1693 56.0
1694 56.0
1695 56.0
1696 56.0
1697 56.0
1698 56.0
1699 56.0
1700 56.0
1701 56.0
1702 56.0
1703 56.0
1704 56.0
1705 56.0
1706 56.0
1707 56.0
1708 56.0
1709 56.0
1710 56.0
1711 56.0
1712 56.0
1713 56.0
1714 56.0
1715 56.0
1716 56.0
1717 56.0
1718 56.0
1719 56.0
1720 56.0
1721 56.0
1722 56.0
1723 56.0
1724 56.0
1725 56.0
1726 56.0
1727 56.0
1728 56.0
1729 56.0
1730 56.0
1731 56.0
1732 56.0
1733 56.0
1734 56.0
1735 56.0
1736 56.0
1737 56.0
1738 56.0
1739 56.0
1740 56.0
1741 56.0
1742 56.0
1743 56.0
1744 56.0
1745 56.0
1746 56.0
1747 56.0
1748 56.0
1749 56.0
1750 56.0
1751 56.0
1752 56.0
1753 56.0
1754 56.0
1755 56.0
1756 56.0
1757 56.0
1758 56.0
1759 56.0
1760 56.0
1761 56.0
1762 56.0
1763 56.0
1764 56.0
1765 56.0
1766 56.0
1767 56.0
1768 56.0
1769 56.0
1770 56.0
1771 56.0
1772 56.0
1773 56.0
1774 56.0
1775 56.0
1776 56.0
1777 56.0
1778 56.0
1779 56.0
1780 56.0
1781 56.0
1782 56.0
1783 56.0
1784 56.0
1785 56.0
1786 56.0
1787 56.0
1788 56.0
1789 56.0
1790 56.0
1791 56.0
1792 56.0
1793 56.0
1794 56.0
1795 56.0
1796 56.0
1797 56.0
1798 56.0
1799 56.0
1800 56.0
1801 56.0
1802 56.0
1803 56.0
1804 56.0
1805 56.0
1806 56.0
1807 56.0
1808 56.0
1809 56.0
1810 56.0
1811 56.0
1812 56.0
1813 56.0
1814 56.0
1815 56.0
1816 56.0
1817 56.0
1818 56.0
1819 56.0
1820 56.0
1821 56.0
1822 56.0
1823 56.0
1824 56.0
1825 56.0
1826 56.0
1827 56.0
1828 56.0
1829 56.0
1830 56.0
1831 56.0
1832 56.0
1833 56.0
1834 56.0
1835 56.0
1836 56.0
1837 56.0
1838 56.0
1839 56.0
1840 56.0
1841 56.0
1842 56.0
1843 56.0
1844 56.0
1845 56.0
1846 56.0
1847 56.0
1848 56.0
1849 56.0
1850 56.0
1851 56.0
1852 56.0
1853 56.0
1854 56.0
1855 56.0
1856 56.0
1857 56.0
1858 56.0
1859 56.0
1860 56.0
1861 56.0
1862 56.0
1863 56.0
1864 56.0
1865 56.0
1866 56.0
1867 56.0
1868 56.0
1869 56.0
1870 56.0
1871 56.0
1872 56.0
1873 56.0
1874 56.0
1875 56.0
1876 56.0
1877 56.0
1878 56.0
1879 56.0
1880 56.0
1881 56.0
1882 56.0
1883 56.0
1884 56.0
1885 56.0
1886 56.0
1887 56.0
1888 56.0
1889 56.0
1890 56.0
1891 56.0
1892 56.0
1893 56.0
1894 56.0
1895 56.0
1896 56.0
1897 56.0
1898 56.0
1899 56.0
1900 56.0
1901 56.0
1902 56.0
1903 56.0
1904 56.0
1905 56.0
1906 56.0
1907 56.0
1908 56.0
1909 56.0
1910 56.0
1911 56.0
1912 56.0
1913 56.0
1914 56.0
1915 56.0
1916 56.0
1917 56.0
1918 56.0
1919 56.0
1920 56.0
1921 56.0
1922 56.0
1923 56.0
1924 56.0
1925 56.0
1926 56.0
1927 56.0
1928 56.0
1929 56.0
1930 56.0
1931 56.0
1932 56.0
1933 56.0
1934 56.0
1935 56.0
1936 56.0
1937 56.0
1938 56.0
1939 56.0
1940 56.0
1941 56.0
1942 56.0
1943 56.0
1944 56.0
1945 56.0
1946 56.0
1947 56.0
1948 56.0
1949 56.0
1950 56.0
1951 56.0
1952 56.0
1953 56.0
1954 56.0
1955 56.0
1956 56.0
1957 56.0
1958 56.0
1959 56.0
1960 56.0
1961 56.0
1962 56.0
1963 56.0
1964 56.0
1965 56.0
1966 56.0
1967 56.0
1968 56.0
1969 56.0
1970 56.0
1971 56.0
1972 56.0
1973 56.0
1974 56.0
1975 56.0
1976 56.0
1977 56.0
1978 56.0
1979 56.0
1980 56.0
1981 56.0
1982 56.0
1983 56.0
1984 56.0
1985 56.0
1986 56.0
1987 56.0
1988 56.0
1989 56.0
1990 56.0
1991 56.0
1992 56.0
1993 56.0
1994 56.0
1995 56.0
1996 56.0
1997 56.0
1998 56.0
1999 56.0
2000 56.0
2001 56.0
2002 56.0
2003 56.0
2004 56.0
2005 56.0
2006 56.0
2007 56.0
2008 56.0
2009 56.0
2010 56.0
2011 56.0
2012 56.0
2013 56.0
2014 56.0
2015 56.0
2016 56.0
2017 56.0
2018 56.0
2019 56.0
2020 56.0
2021 56.0
2022 56.0
2023 56.0
2024 56.0
2025 56.0
2026 56.0
2027 56.0
2028 56.0
2029 56.0
2030 56.0
2031 56.0
2032 56.0
2033 56.0
2034 56.0
2035 56.0
2036 56.0
2037 56.0
2038 56.0
2039 56.0
2040 56.0
2041 56.0
2042 56.0
2043 56.0
2044 56.0
2045 56.0
2046 56.0
2047 56.0
2048 56.0
2049 56.0
2050 56.0
2051 56.0
2052 56.0
2053 56.0
2054 56.0
2055 56.0
2056 56.0
2057 56.0
2058 56.0
2059 56.0
2060 56.0
2061 56.0
2062 56.0
2063 56.0
2064 56.0
2065 56.0
2066 56.0
2067 56.0
2068 56.0
2069 56.0
2070 56.0
2071 56.0
2072 56.0
2073 56.0
2074 56.0
2075 56.0
2076 56.0
2077 56.0
2078 56.0
2079 56.0
2080 56.0
2081 56.0
2082 56.0
2083 56.0
2084 56.0
2085 56.0
2086 56.0
2087 56.0
2088 56.0
2089 56.0
2090 56.0
2091 56.0
2092 56.0
2093 56.0
2094 56.0
2095 56.0
2096 56.0
2097 56.0
2098 56.0
2099 56.0
2100 56.0
2101 56.0
2102 56.0
2103 56.0
2104 56.0
2105 56.0
2106 56.0
2107 56.0
2108 56.0
2109 56.0
2110 56.0
2111 56.0
2112 56.0
2113 56.0
2114 56.0
2115 56.0
2116 56.0
2117 56.0
2118 56.0
2119 56.0
2120 56.0
2121 56.0
2122 56.0
2123 56.0
2124 56.0
2125 56.0
2126 56.0
2127 56.0
2128 56.0
2129 56.0
2130 56.0
2131 56.0
2132 56.0
2133 56.0
2134 56.0
2135 56.0
2136 56.0
2137 56.0
2138 56.0
2139 56.0
2140 56.0
2141 56.0
2142 56.0
2143 56.0
2144 56.0
2145 56.0
2146 56.0
2147 56.0
2148 56.0
2149 56.0
2150 56.0
2151 56.0
2152 56.0
2153 56.0
2154 56.0
2155 56.0
2156 56.0
2157 56.0
2158 56.0
2159 56.0
2160 56.0
2161 56.0
2162 56.0
2163 56.0
2164 56.0
2165 56.0
2166 56.0
2167 56.0
2168 56.0
2169 56.0
2170 56.0
2171 56.0
2172 56.0
2173 56.0
2174 56.0
2175 56.0
2176 56.0
2177 56.0
2178 56.0
2179 56.0
2180 56.0
2181 56.0
2182 56.0
2183 56.0
2184 56.0
2185 56.0
2186 56.0
2187 56.0
2188 56.0
2189 56.0
2190 56.0
2191 56.0
2192 56.0
2193 56.0
2194 56.0
2195 56.0
2196 56.0
2197 56.0
2198 56.0
2199 56.0
2200 56.0
2201 56.0
2202 56.0
2203 56.0
2204 56.0
2205 56.0
2206 56.0
2207 56.0
2208 56.0
2209 56.0
2210 56.0
2211 56.0
2212 56.0
2213 56.0
2214 56.0
2215 56.0
2216 56.0
2217 56.0
2218 56.0
2219 56.0
2220 56.0
2221 56.0
2222 56.0
2223 56.0
2224 56.0
2225 56.0
2226 56.0
2227 56.0
2228 56.0
2229 56.0
2230 56.0
2231 56.0
2232 56.0
2233 56.0
2234 56.0
2235 56.0
2236 56.0
2237 56.0
2238 56.0
2239 56.0
2240 56.0
2241 56.0
2242 56.0
2243 56.0
2244 56.0
2245 56.0
2246 56.0
2247 56.0
2248 56.0
2249 56.0
2250 56.0
2251 56.0
2252 56.0
2253 56.0
2254 56.0
2255 56.0
2256 56.0
2257 56.0
2258 56.0
2259 56.0
2260 56.0
2261 56.0
2262 56.0
2263 56.0
2264 56.0
2265 56.0
2266 56.0
2267 56.0
2268 56.0
2269 56.0
2270 56.0
2271 56.0
2272 56.0
2273 56.0
2274 56.0
2275 56.0
2276 56.0
2277 56.0
2278 56.0
2279 56.0
2280 56.0
2281 56.0
2282 56.0
2283 56.0
2284 56.0
2285 56.0
2286 56.0
2287 56.0
2288 56.0
2289 56.0
2290 56.0
2291 56.0
2292 56.0
2293 56.0
2294 56.0
2295 56.0
2296 56.0
2297 56.0
2298 56.0
2299 56.0
2300 56.0
2301 56.0
2302 56.0
2303 56.0
2304 56.0
2305 56.0
2306 56.0
2307 56.0
2308 56.0
2309 56.0
2310 56.0
2311 56.0
2312 56.0
2313 56.0
2314 56.0
2315 56.0
2316 56.0
2317 56.0
2318 56.0
2319 56.0
2320 56.0
2321 56.0
2322 56.0
2323 56.0
2324 56.0
2325 56.0
2326 56.0
2327 56.0
2328 56.0
2329 56.0
2330 56.0
2331 56.0
2332 56.0
2333 56.0
2334 56.0
2335 56.0
2336 56.0
2337 56.0
2338 56.0
2339 56.0
2340 56.0
2341 56.0
2342 56.0
2343 56.0
2344 56.0
2345 56.0
2346 56.0
2347 56.0
2348 56.0
2349 56.0
2350 56.0
2351 56.0
2352 56.0
2353 56.0
2354 56.0
2355 56.0
2356 56.0
2357 56.0
2358 56.0
2359 56.0
2360 56.0
2361 56.0
2362 56.0
2363 56.0
2364 56.0
2365 56.0
2366 56.0
2367 56.0
2368 56.0
2369 56.0
2370 56.0
2371 56.0
2372 56.0
2373 56.0
2374 56.0
2375 56.0
2376 56.0
2377 56.0
2378 56.0
2379 56.0
2380 56.0
2381 56.0
2382 56.0
2383 56.0
2384 56.0
2385 56.0
2386 56.0
2387 56.0
2388 56.0
2389 56.0
2390 56.0
2391 56.0
2392 56.0
2393 56.0
2394 56.0
2395 56.0
2396 56.0
2397 56.0
2398 56.0
2399 56.0
2400 56.0
2401 56.0
2402 56.0
2403 56.0
2404 56.0
2405 56.0
2406 56.0
2407 56.0
2408 56.0
2409 56.0
2410 56.0
2411 56.0
2412 56.0
2413 56.0
2414 56.0
2415 56.0
2416 56.0
2417 56.0
2418 56.0
2419 56.0
2420 56.0
2421 60.0
2422 60.0
2423 60.0
2424 60.0
2425 60.0
2426 60.0
2427 60.0
2428 60.0
2429 60.0
2430 60.0
2431 60.0
2432 60.0
2433 60.0
2434 60.0
2435 60.0
2436 60.0
2437 60.0
2438 60.0
2439 60.0
2440 60.0
2441 60.0
2442 60.0
2443 60.0
2444 60.0
2445 60.0
2446 60.0
2447 60.0
2448 60.0
2449 60.0
2450 60.0
2451 60.0
2452 60.0
2453 60.0
2454 60.0
2455 60.0
2456 60.0
2457 60.0
2458 60.0
2459 60.0
2460 60.0
2461 60.0
2462 60.0
2463 65.0
2464 65.0
2465 65.0
2466 65.0
2467 65.0
2468 65.0
2469 65.0
2470 65.0
2471 65.0
2472 65.0
2473 65.0
2474 65.0
2475 65.0
2476 65.0
2477 65.0
2478 65.0
2479 65.0
2480 65.0
2481 65.0
2482 65.0
2483 65.0
2484 65.0
2485 65.0
2486 65.0
2487 65.0
2488 65.0
2489 65.0
2490 65.0
2491 65.0
2492 65.0
2493 65.0
2494 65.0
2495 65.0
2496 65.0
2497 65.0
2498 65.0
2499 65.0
2500 65.0
2501 65.0
2502 65.0
2503 65.0
2504 65.0
2505 65.0
2506 65.0
2507 65.0
2508 65.0
2509 65.0
2510 65.0
2511 65.0
2512 65.0
2513 65.0
2514 65.0
2515 65.0
2516 65.0
2517 65.0
2518 65.0
2519 65.0
2520 65.0
2521 65.0
2522 65.0
2523 65.0
2524 65.0
2525 65.0
2526 65.0
2527 65.0
2528 65.0
2529 65.0
2530 65.0
2531 65.0
2532 65.0
2533 65.0
2534 65.0
2535 65.0
2536 65.0
2537 65.0
2538 65.0
2539 65.0
2540 65.0
2541 65.0
2542 65.0
2543 65.0
2544 65.0
2545 65.0
2546 65.0
2547 65.0
2548 65.0
2549 65.0
2550 65.0
2551 65.0
2552 65.0
2553 65.0
2554 65.0
2555 65.0
2556 65.0
2557 65.0
2558 65.0
2559 65.0
2560 65.0
2561 65.0
2562 65.0
2563 65.0
2564 65.0
2565 65.0
2566 65.0
2567 65.0
2568 65.0
2569 65.0
2570 65.0
2571 65.0
2572 65.0
2573 65.0
2574 65.0
2575 65.0
2576 65.0
2577 65.0
2578 65.0
2579 65.0
2580 65.0
2581 65.0
2582 65.0
2583 65.0
2584 65.0
2585 65.0
2586 65.0
2587 65.0
2588 65.0
2589 65.0
2590 65.0
2591 65.0
2592 65.0
2593 65.0
2594 65.0
2595 65.0
2596 65.0
2597 65.0
2598 65.0
2599 65.0
2600 65.0
2601 65.0
2602 65.0
2603 65.0
2604 65.0
2605 65.0
2606 65.0
2607 65.0
2608 65.0
2609 65.0
2610 65.0
2611 65.0
2612 65.0
2613 65.0
2614 65.0
2615 65.0
2616 65.0
2617 65.0
2618 65.0
2619 65.0
2620 65.0
2621 65.0
2622 65.0
2623 65.0
2624 65.0
2625 65.0
2626 65.0
2627 65.0
2628 65.0
2629 65.0
2630 65.0
2631 65.0
2632 65.0
2633 65.0
2634 65.0
2635 65.0
2636 65.0
2637 65.0
2638 65.0
2639 65.0
2640 65.0
2641 65.0
2642 65.0
2643 65.0
2644 65.0
2645 65.0
2646 65.0
2647 65.0
2648 65.0
2649 65.0
2650 65.0
2651 65.0
2652 65.0
2653 65.0
2654 65.0
2655 65.0
2656 65.0
2657 65.0
2658 65.0
2659 65.0
2660 65.0
2661 65.0
2662 65.0
2663 65.0
2664 65.0
2665 65.0
2666 65.0
2667 65.0
2668 65.0
2669 65.0
2670 65.0
2671 65.0
2672 65.0
2673 65.0
2674 65.0
2675 65.0
2676 65.0
2677 65.0
2678 65.0
2679 65.0
2680 65.0
2681 65.0
2682 65.0
2683 65.0
2684 65.0
2685 65.0
2686 65.0
2687 65.0
2688 65.0
2689 65.0
2690 65.0
2691 65.0
2692 65.0
2693 65.0
2694 65.0
2695 65.0
2696 65.0
2697 65.0
2698 65.0
2699 65.0
2700 65.0
2701 65.0
2702 65.0
2703 65.0
2704 65.0
2705 65.0
2706 65.0
2707 65.0
2708 65.0
2709 65.0
2710 65.0
2711 65.0
2712 65.0
2713 65.0
2714 65.0
2715 65.0
2716 65.0
2717 65.0
2718 65.0
2719 65.0
2720 65.0
2721 65.0
2722 65.0
2723 65.0
2724 65.0
2725 65.0
2726 65.0
2727 65.0
2728 65.0
2729 65.0
2730 65.0
2731 65.0
2732 65.0
2733 65.0
2734 65.0
2735 65.0
2736 65.0
2737 65.0
2738 65.0
2739 65.0
2740 65.0
2741 65.0
2742 65.0
2743 65.0
2744 65.0
2745 65.0
2746 65.0
2747 65.0
2748 65.0
2749 65.0
2750 65.0
2751 65.0
2752 65.0
2753 65.0
2754 65.0
2755 65.0
2756 65.0
2757 65.0
2758 65.0
2759 65.0
2760 65.0
2761 65.0
2762 65.0
2763 65.0
2764 65.0
2765 65.0
2766 65.0
2767 65.0
2768 65.0
2769 65.0
2770 65.0
2771 65.0
2772 65.0
2773 65.0
2774 65.0
2775 65.0
2776 65.0
2777 65.0
2778 65.0
2779 65.0
2780 65.0
2781 65.0
2782 65.0
2783 65.0
2784 65.0
2785 65.0
2786 65.0
2787 65.0
2788 65.0
2789 65.0
2790 65.0
2791 65.0
2792 65.0
2793 65.0
2794 65.0
2795 65.0
2796 65.0
2797 65.0
2798 65.0
2799 65.0
2800 65.0
2801 65.0
2802 65.0
2803 65.0
2804 65.0
2805 65.0
2806 65.0
2807 65.0
2808 65.0
2809 65.0
2810 65.0
2811 65.0
2812 65.0
2813 65.0
2814 65.0
2815 65.0
2816 65.0
2817 65.0
2818 65.0
2819 65.0
2820 65.0
2821 65.0
2822 65.0
2823 65.0
2824 65.0
2825 65.0
2826 65.0
2827 65.0
2828 65.0
2829 65.0
2830 65.0
2831 65.0
2832 65.0
2833 65.0
2834 65.0
2835 65.0
2836 65.0
2837 65.0
2838 65.0
2839 65.0
2840 65.0
2841 65.0
2842 65.0
2843 65.0
2844 65.0
2845 65.0
2846 65.0
2847 65.0
2848 65.0
2849 65.0
2850 65.0
2851 65.0
2852 65.0
2853 65.0
2854 65.0
2855 65.0
2856 65.0
2857 65.0
2858 65.0
2859 65.0
2860 65.0
2861 65.0
2862 65.0
2863 65.0
2864 65.0
2865 65.0
2866 65.0
2867 65.0
2868 65.0
2869 65.0
2870 65.0
2871 65.0
2872 65.0
2873 65.0
2874 65.0
2875 65.0
2876 65.0
2877 65.0
2878 65.0
2879 65.0
2880 65.0
2881 65.0
2882 65.0
2883 65.0
2884 65.0
2885 65.0
2886 65.0
2887 65.0
2888 65.0
2889 65.0
2890 65.0
2891 65.0
2892 65.0
2893 65.0
2894 65.0
2895 65.0
2896 65.0
2897 65.0
2898 65.0
2899 65.0
2900 65.0
2901 65.0
2902 65.0
2903 65.0
2904 65.0
2905 65.0
2906 65.0
2907 65.0
2908 65.0
2909 65.0
2910 65.0
2911 65.0
2912 65.0
2913 65.0
2914 65.0
2915 65.0
2916 65.0
2917 65.0
2918 65.0
2919 65.0
2920 65.0
2921 65.0
2922 65.0
2923 65.0
2924 65.0
2925 65.0
2926 65.0
2927 65.0
2928 65.0
2929 65.0
2930 65.0
2931 65.0
2932 65.0
2933 65.0
2934 65.0
2935 65.0
2936 65.0
2937 65.0
2938 65.0
2939 65.0
2940 65.0
2941 65.0
2942 65.0
2943 65.0
2944 65.0
2945 65.0
2946 65.0
2947 65.0
2948 65.0
2949 65.0
2950 65.0
2951 65.0
2952 65.0
2953 65.0
2954 65.0
2955 65.0
2956 65.0
2957 65.0
2958 65.0
2959 65.0
2960 65.0
2961 65.0
2962 65.0
2963 65.0
2964 65.0
2965 65.0
2966 65.0
2967 65.0
2968 65.0
2969 65.0
2970 65.0
2971 65.0
2972 65.0
2973 65.0
2974 65.0
2975 65.0
2976 65.0
2977 65.0
2978 65.0
2979 65.0
2980 65.0
2981 65.0
2982 65.0
2983 65.0
2984 65.0
2985 65.0
2986 65.0
2987 65.0
2988 65.0
2989 65.0
2990 65.0
2991 65.0
2992 65.0
2993 65.0
2994 65.0
2995 65.0
2996 65.0
2997 65.0
2998 65.0
2999 65.0
3000 65.0
3001 65.0
3002 65.0
3003 65.0
3004 65.0
3005 65.0
3006 65.0
3007 65.0
3008 65.0
3009 65.0
3010 65.0
3011 65.0
3012 65.0
3013 65.0
3014 65.0
3015 65.0
3016 65.0
3017 65.0
3018 65.0
3019 65.0
3020 65.0
3021 65.0
3022 65.0
3023 65.0
3024 65.0
3025 65.0
3026 65.0
3027 65.0
3028 65.0
3029 65.0
3030 65.0
3031 65.0
3032 65.0
3033 65.0
3034 65.0
3035 65.0
3036 65.0
3037 65.0
3038 65.0
3039 65.0
3040 65.0
3041 65.0
3042 65.0
3043 65.0
3044 65.0
3045 65.0
3046 65.0
3047 65.0
3048 65.0
3049 65.0
3050 65.0
3051 65.0
3052 65.0
3053 65.0
3054 65.0
3055 65.0
3056 65.0
3057 65.0
3058 65.0
3059 65.0
3060 65.0
3061 65.0
3062 65.0
3063 65.0
3064 65.0
3065 65.0
3066 65.0
3067 65.0
3068 65.0
3069 65.0
3070 65.0
3071 65.0
3072 65.0
3073 65.0
3074 65.0
3075 65.0
3076 65.0
3077 65.0
3078 65.0
3079 65.0
3080 65.0
3081 65.0
3082 65.0
3083 65.0
3084 65.0
3085 65.0
3086 65.0
3087 65.0
3088 65.0
3089 65.0
3090 65.0
3091 65.0
3092 65.0
3093 65.0
3094 65.0
3095 65.0
3096 65.0
3097 65.0
3098 65.0
3099 65.0
3100 65.0
3101 65.0
3102 65.0
3103 65.0
3104 65.0
3105 65.0
3106 65.0
3107 65.0
3108 65.0
3109 65.0
3110 65.0
3111 65.0
3112 65.0
3113 65.0
3114 65.0
3115 65.0
3116 65.0
3117 65.0
3118 65.0
3119 65.0
3120 65.0
3121 65.0
3122 65.0
3123 65.0
3124 65.0
3125 65.0
3126 65.0
3127 65.0
3128 65.0
3129 65.0
3130 65.0
3131 65.0
3132 65.0
3133 65.0
3134 65.0
3135 65.0
3136 65.0
3137 65.0
3138 65.0
3139 65.0
3140 65.0
3141 65.0
3142 65.0
3143 65.0
3144 65.0
3145 65.0
3146 65.0
3147 65.0
3148 65.0
3149 65.0
3150 65.0
3151 65.0
3152 65.0
3153 65.0
3154 65.0
3155 65.0
3156 65.0
3157 65.0
3158 65.0
3159 65.0
3160 65.0
3161 65.0
3162 65.0
3163 65.0
3164 65.0
3165 65.0
3166 65.0
3167 65.0
3168 65.0
3169 65.0
3170 65.0
3171 65.0
3172 65.0
3173 65.0
3174 65.0
3175 65.0
3176 65.0
3177 65.0
3178 65.0
3179 65.0
3180 65.0
3181 65.0
3182 65.0
3183 65.0
3184 65.0
3185 65.0
3186 65.0
3187 65.0
3188 65.0
3189 65.0
3190 65.0
3191 65.0
3192 65.0
3193 65.0
3194 65.0
3195 65.0
3196 65.0
3197 65.0
3198 65.0
3199 65.0
3200 65.0
3201 65.0
3202 65.0
3203 65.0
3204 65.0
3205 65.0
3206 65.0
3207 65.0
3208 65.0
3209 65.0
3210 65.0
3211 65.0
3212 65.0
3213 65.0
3214 65.0
3215 65.0
3216 65.0
3217 65.0
3218 65.0
3219 65.0
3220 65.0
3221 65.0
3222 65.0
3223 65.0
3224 65.0
3225 65.0
3226 65.0
3227 65.0
3228 65.0
3229 65.0
3230 65.0
3231 65.0
3232 65.0
3233 65.0
3234 65.0
3235 65.0
3236 65.0
3237 65.0
3238 65.0
3239 65.0
3240 65.0
3241 65.0
3242 65.0
3243 65.0
3244 65.0
3245 65.0
3246 65.0
3247 65.0
3248 65.0
3249 65.0
3250 65.0
3251 65.0
3252 65.0
3253 65.0
3254 65.0
3255 65.0
3256 65.0
3257 65.0
3258 65.0
3259 65.0
3260 65.0
3261 65.0
3262 65.0
3263 65.0
3264 65.0
3265 65.0
3266 65.0
3267 65.0
3268 65.0
3269 65.0
3270 65.0
3271 65.0
3272 65.0
3273 65.0
3274 65.0
3275 65.0
3276 65.0
3277 65.0
3278 65.0
3279 65.0
3280 65.0
3281 65.0
3282 65.0
3283 65.0
3284 65.0
3285 65.0
3286 65.0
3287 65.0
3288 65.0
3289 65.0
3290 65.0
3291 65.0
3292 65.0
3293 65.0
3294 65.0
3295 65.0
3296 65.0
3297 65.0
3298 65.0
3299 65.0
3300 65.0
3301 65.0
3302 65.0
3303 65.0
3304 65.0
3305 65.0
3306 65.0
3307 65.0
3308 65.0
3309 65.0
3310 65.0
3311 65.0
3312 65.0
3313 65.0
3314 65.0
3315 65.0
3316 65.0
3317 65.0
3318 65.0
3319 65.0
3320 65.0
3321 65.0
3322 65.0
3323 65.0
3324 65.0
3325 65.0
3326 65.0
3327 65.0
3328 65.0
3329 65.0
3330 65.0
3331 65.0
3332 65.0
3333 65.0
3334 65.0
3335 65.0
3336 65.0
3337 65.0
3338 65.0
3339 65.0
3340 65.0
3341 65.0
3342 65.0
3343 65.0
3344 65.0
3345 65.0
3346 65.0
3347 65.0
3348 65.0
3349 65.0
3350 65.0
3351 65.0
3352 65.0
3353 65.0
3354 65.0
3355 65.0
3356 65.0
3357 65.0
3358 65.0
3359 65.0
3360 65.0
3361 65.0
3362 65.0
3363 65.0
3364 65.0
3365 65.0
3366 65.0
3367 65.0
3368 65.0
3369 65.0
3370 65.0
3371 65.0
3372 65.0
3373 65.0
3374 65.0
3375 65.0
3376 65.0
3377 65.0
3378 65.0
3379 65.0
3380 65.0
3381 65.0
3382 65.0
3383 65.0
3384 65.0
3385 65.0
3386 65.0
3387 65.0
3388 65.0
3389 65.0
3390 65.0
3391 65.0
3392 65.0
3393 65.0
3394 65.0
3395 65.0
3396 65.0
3397 65.0
3398 65.0
3399 65.0
3400 65.0
3401 65.0
3402 65.0
3403 65.0
3404 65.0
3405 65.0
3406 65.0
3407 65.0
3408 65.0
3409 65.0
3410 65.0
3411 65.0
3412 65.0
3413 65.0
3414 65.0
3415 65.0
3416 65.0
3417 65.0
3418 65.0
3419 65.0
3420 65.0
3421 65.0
3422 65.0
3423 65.0
3424 65.0
3425 65.0
3426 65.0
3427 65.0
3428 65.0
3429 65.0
3430 65.0
3431 65.0
3432 65.0
3433 65.0
3434 65.0
3435 65.0
3436 65.0
3437 65.0
3438 65.0
3439 65.0
3440 65.0
3441 65.0
3442 65.0
3443 65.0
3444 65.0
3445 65.0
3446 65.0
3447 65.0
3448 65.0
3449 65.0
3450 65.0
3451 65.0
3452 65.0
3453 65.0
3454 65.0
3455 65.0
3456 65.0
3457 65.0
3458 65.0
3459 65.0
3460 65.0
3461 65.0
3462 65.0
3463 65.0
3464 65.0
3465 65.0
3466 65.0
3467 65.0
3468 65.0
3469 65.0
3470 65.0
3471 65.0
3472 65.0
3473 65.0
3474 65.0
3475 65.0
3476 65.0
3477 65.0
3478 65.0
3479 65.0
3480 65.0
3481 65.0
3482 65.0
3483 65.0
3484 65.0
3485 65.0
3486 65.0
3487 65.0
3488 65.0
3489 65.0
3490 65.0
3491 65.0
3492 65.0
3493 65.0
3494 65.0
3495 65.0
3496 65.0
3497 65.0
3498 65.0
3499 65.0
3500 65.0
3501 65.0
3502 65.0
3503 65.0
3504 65.0
3505 65.0
3506 65.0
3507 65.0
3508 65.0
3509 65.0
3510 65.0
3511 65.0
3512 65.0
3513 65.0
3514 65.0
3515 65.0
3516 65.0
3517 65.0
3518 65.0
3519 65.0
3520 65.0
3521 65.0
3522 65.0
3523 65.0
3524 65.0
3525 65.0
3526 65.0
3527 65.0
3528 65.0
3529 65.0
3530 65.0
3531 65.0
3532 65.0
3533 65.0
3534 65.0
3535 65.0
3536 65.0
3537 65.0
3538 65.0
3539 65.0
3540 65.0
3541 65.0
3542 65.0
3543 65.0
3544 65.0
3545 65.0
3546 65.0
3547 65.0
3548 65.0
3549 65.0
3550 65.0
3551 65.0
3552 65.0
3553 65.0
3554 65.0
3555 65.0
3556 65.0
3557 65.0
3558 65.0
3559 65.0
3560 65.0
3561 65.0
3562 65.0
3563 65.0
3564 65.0
3565 65.0
3566 65.0
3567 65.0
3568 65.0
3569 65.0
3570 65.0
3571 65.0
3572 65.0
3573 65.0
3574 65.0
3575 65.0
3576 65.0
3577 65.0
3578 65.0
3579 65.0
3580 65.0
3581 65.0
3582 65.0
3583 65.0
3584 65.0
3585 65.0
3586 65.0
3587 65.0
3588 65.0
3589 65.0
3590 65.0
3591 65.0
3592 65.0
3593 65.0
3594 65.0
3595 65.0
3596 65.0
3597 65.0
3598 65.0
3599 65.0
3600 65.0
3601 65.0
3602 65.0
3603 65.0
3604 65.0
3605 65.0
3606 65.0
3607 65.0
3608 65.0
3609 65.0
3610 65.0
3611 65.0
3612 65.0
3613 65.0
3614 65.0
3615 65.0
3616 65.0
3617 65.0
3618 65.0
3619 65.0
3620 65.0
3621 65.0
3622 65.0
3623 65.0
3624 65.0
3625 65.0
3626 65.0
3627 65.0
3628 65.0
3629 65.0
3630 65.0
3631 65.0
3632 65.0
3633 65.0
3634 65.0
3635 65.0
3636 65.0
3637 65.0
3638 65.0
3639 65.0
3640 65.0
3641 65.0
3642 65.0
3643 65.0
3644 65.0
3645 65.0
3646 65.0
3647 65.0
3648 65.0
3649 65.0
3650 65.0
3651 65.0
3652 65.0
3653 65.0
3654 65.0
3655 65.0
3656 65.0
3657 65.0
3658 65.0
3659 65.0
3660 65.0
3661 65.0
3662 65.0
3663 65.0
3664 65.0
3665 65.0
3666 65.0
3667 65.0
3668 65.0
3669 65.0
3670 65.0
3671 65.0
3672 65.0
3673 65.0
3674 65.0
3675 65.0
3676 65.0
3677 65.0
3678 65.0
3679 65.0
3680 65.0
3681 65.0
3682 65.0
3683 65.0
3684 65.0
3685 65.0
3686 65.0
3687 65.0
3688 65.0
3689 65.0
3690 65.0
3691 65.0
3692 65.0
3693 65.0
3694 65.0
3695 65.0
3696 65.0
3697 65.0
3698 65.0
3699 65.0
3700 65.0
3701 65.0
3702 65.0
3703 65.0
3704 65.0
3705 65.0
3706 65.0
3707 65.0
3708 65.0
3709 65.0
3710 65.0
3711 65.0
3712 65.0
3713 65.0
3714 65.0
3715 65.0
3716 65.0
3717 65.0
3718 65.0
3719 65.0
3720 65.0
3721 65.0
3722 65.0
3723 65.0
3724 65.0
3725 65.0
3726 65.0
3727 65.0
3728 65.0
3729 65.0
3730 65.0
3731 65.0
3732 65.0
3733 65.0
3734 65.0
3735 65.0
3736 65.0
3737 65.0
3738 65.0
3739 65.0
3740 65.0
3741 65.0
3742 65.0
3743 65.0
3744 65.0
3745 65.0
3746 65.0
3747 65.0
3748 65.0
3749 65.0
3750 65.0
3751 65.0
3752 65.0
3753 65.0
3754 65.0
3755 65.0
3756 65.0
3757 65.0
3758 65.0
3759 65.0
3760 65.0
3761 65.0
3762 65.0
3763 65.0
3764 65.0
3765 65.0
3766 65.0
3767 65.0
3768 65.0
3769 65.0
3770 65.0
3771 65.0
3772 65.0
3773 65.0
3774 65.0
3775 65.0
3776 65.0
3777 65.0
3778 65.0
3779 65.0
3780 65.0
3781 65.0
3782 65.0
3783 65.0
3784 65.0
3785 65.0
3786 65.0
3787 65.0
3788 65.0
3789 65.0
3790 65.0
3791 65.0
3792 65.0
3793 65.0
3794 65.0
3795 65.0
3796 65.0
3797 65.0
3798 65.0
3799 65.0
3800 65.0
3801 65.0
3802 65.0
3803 65.0
3804 65.0
3805 65.0
3806 65.0
3807 65.0
3808 65.0
3809 65.0
3810 65.0
3811 65.0
3812 65.0
3813 65.0
3814 65.0
3815 65.0
3816 65.0
3817 65.0
3818 65.0
3819 65.0
3820 65.0
3821 65.0
3822 65.0
3823 65.0
3824 65.0
3825 65.0
3826 65.0
3827 65.0
3828 65.0
3829 65.0
3830 65.0
3831 65.0
3832 65.0
3833 65.0
3834 65.0
3835 65.0
3836 65.0
3837 65.0
3838 65.0
3839 65.0
3840 65.0
3841 65.0
3842 65.0
3843 65.0
3844 65.0
3845 65.0
3846 65.0
3847 65.0
3848 65.0
3849 65.0
3850 65.0
3851 65.0
3852 65.0
3853 65.0
3854 65.0
3855 65.0
3856 65.0
3857 65.0
3858 65.0
3859 65.0
3860 65.0
3861 65.0
3862 65.0
3863 65.0
3864 65.0
3865 65.0
3866 65.0
3867 65.0
3868 65.0
3869 65.0
3870 65.0
3871 65.0
3872 65.0
3873 65.0
3874 65.0
3875 65.0
3876 65.0
3877 65.0
3878 65.0
3879 65.0
3880 65.0
3881 65.0
3882 65.0
3883 65.0
3884 65.0
3885 65.0
3886 65.0
3887 65.0
3888 65.0
3889 65.0
3890 65.0
3891 65.0
3892 65.0
3893 65.0
3894 65.0
3895 65.0
3896 65.0
3897 65.0
3898 65.0
3899 65.0
3900 65.0
3901 65.0
3902 65.0
3903 65.0
3904 65.0
3905 65.0
3906 65.0
3907 65.0
3908 65.0
3909 65.0
3910 65.0
3911 65.0
3912 65.0
3913 65.0
3914 65.0
3915 65.0
3916 65.0
3917 65.0
3918 65.0
3919 65.0
3920 65.0
3921 65.0
3922 65.0
3923 65.0
3924 65.0
3925 65.0
3926 65.0
3927 65.0
3928 65.0
3929 65.0
3930 65.0
3931 65.0
3932 65.0
3933 65.0
3934 65.0
3935 65.0
3936 65.0
3937 65.0
3938 65.0
3939 65.0
3940 65.0
3941 65.0
3942 65.0
3943 65.0
3944 65.0
3945 65.0
3946 65.0
3947 65.0
3948 65.0
3949 65.0
3950 65.0
3951 65.0
3952 65.0
3953 65.0
3954 65.0
3955 65.0
3956 65.0
3957 65.0
3958 65.0
3959 65.0
3960 65.0
3961 65.0
3962 65.0
3963 65.0
3964 65.0
3965 65.0
3966 65.0
3967 65.0
3968 65.0
3969 65.0
3970 65.0
3971 65.0
3972 65.0
3973 65.0
3974 65.0
3975 65.0
3976 65.0
3977 65.0
3978 65.0
3979 65.0
3980 65.0
3981 65.0
3982 65.0
3983 65.0
3984 65.0
3985 65.0
3986 65.0
3987 65.0
3988 65.0
3989 65.0
3990 65.0
3991 65.0
3992 65.0
3993 65.0
3994 65.0
3995 65.0
3996 65.0
3997 65.0
3998 65.0
3999 65.0
4000 65.0
4001 65.0
4002 65.0
4003 65.0
4004 65.0
4005 65.0
4006 65.0
4007 65.0
4008 65.0
4009 65.0
4010 65.0
4011 65.0
4012 65.0
4013 65.0
4014 65.0
4015 65.0
4016 65.0
4017 65.0
4018 65.0
4019 65.0
4020 65.0
4021 65.0
4022 65.0
4023 65.0
4024 65.0
4025 65.0
4026 65.0
4027 65.0
4028 65.0
4029 65.0
4030 65.0
4031 65.0
4032 65.0
4033 65.0
4034 65.0
4035 65.0
4036 65.0
4037 65.0
4038 65.0
4039 65.0
4040 65.0
4041 65.0
4042 65.0
4043 65.0
4044 65.0
4045 65.0
4046 65.0
4047 65.0
4048 65.0
4049 65.0
4050 65.0
4051 65.0
4052 65.0
4053 65.0
4054 65.0
4055 65.0
4056 65.0
4057 65.0
4058 65.0
4059 65.0
4060 65.0
4061 65.0
4062 65.0
4063 65.0
4064 65.0
4065 65.0
4066 65.0
4067 65.0
4068 65.0
4069 65.0
4070 65.0
4071 65.0
4072 65.0
4073 65.0
4074 65.0
4075 65.0
4076 65.0
4077 65.0
4078 65.0
4079 65.0
4080 65.0
4081 65.0
4082 65.0
4083 65.0
4084 65.0
4085 65.0
4086 65.0
4087 65.0
4088 65.0
4089 65.0
4090 65.0
4091 65.0
4092 65.0
4093 65.0
4094 65.0
4095 65.0
4096 65.0
4097 65.0
4098 65.0
4099 65.0
4100 65.0
4101 65.0
4102 65.0
4103 65.0
4104 65.0
4105 65.0
4106 65.0
4107 65.0
4108 65.0
4109 65.0
4110 65.0
4111 65.0
4112 65.0
4113 65.0
4114 65.0
4115 65.0
4116 65.0
4117 65.0
4118 65.0
4119 65.0
4120 65.0
4121 65.0
4122 65.0
4123 65.0
4124 65.0
4125 65.0
4126 65.0
4127 65.0
4128 65.0
4129 65.0
4130 65.0
4131 65.0
4132 65.0
4133 65.0
4134 65.0
4135 65.0
4136 65.0
4137 65.0
4138 65.0
4139 65.0
4140 65.0
4141 65.0
4142 65.0
4143 65.0
4144 65.0
4145 65.0
4146 65.0
4147 65.0
4148 65.0
4149 65.0
4150 65.0
4151 65.0
4152 65.0
4153 65.0
4154 65.0
4155 65.0
4156 65.0
4157 65.0
4158 65.0
4159 65.0
4160 65.0
4161 65.0
4162 65.0
4163 65.0
4164 65.0
4165 65.0
4166 65.0
4167 65.0
4168 65.0
4169 65.0
4170 65.0
4171 65.0
4172 65.0
4173 65.0
4174 65.0
4175 65.0
4176 65.0
4177 65.0
4178 65.0
4179 65.0
4180 65.0
4181 65.0
4182 65.0
4183 65.0
4184 65.0
4185 65.0
4186 65.0
4187 65.0
4188 65.0
4189 65.0
4190 65.0
4191 65.0
4192 65.0
4193 65.0
4194 65.0
4195 65.0
4196 65.0
4197 65.0
4198 65.0
4199 65.0
4200 65.0
4201 65.0
4202 65.0
4203 65.0
4204 65.0
4205 65.0
4206 65.0
4207 65.0
4208 65.0
4209 65.0
4210 65.0
4211 65.0
4212 65.0
4213 65.0
4214 65.0
4215 65.0
4216 65.0
4217 65.0
4218 65.0
4219 65.0
4220 65.0
4221 65.0
4222 65.0
4223 65.0
4224 65.0
4225 65.0
4226 65.0
4227 65.0
4228 65.0
4229 65.0
4230 65.0
4231 65.0
4232 65.0
4233 65.0
4234 65.0
4235 65.0
4236 65.0
4237 65.0
4238 65.0
4239 65.0
4240 65.0
4241 65.0
4242 65.0
4243 65.0
4244 65.0
4245 65.0
4246 65.0
4247 65.0
4248 65.0
4249 65.0
4250 65.0
4251 65.0
4252 65.0
4253 65.0
4254 65.0
4255 65.0
4256 65.0
4257 65.0
4258 65.0
4259 65.0
4260 65.0
4261 65.0
4262 65.0
4263 65.0
4264 65.0
4265 65.0
4266 65.0
4267 65.0
4268 65.0
4269 65.0
4270 65.0
4271 65.0
4272 65.0
4273 65.0
4274 65.0
4275 65.0
4276 65.0
4277 65.0
4278 65.0
4279 65.0
4280 65.0
4281 65.0
4282 65.0
4283 65.0
4284 65.0
4285 65.0
4286 65.0
4287 65.0
4288 65.0
4289 65.0
4290 65.0
4291 65.0
4292 65.0
4293 65.0
4294 65.0
4295 65.0
4296 65.0
4297 65.0
4298 65.0
4299 65.0
4300 65.0
4301 65.0
4302 65.0
4303 65.0
4304 65.0
4305 65.0
4306 65.0
4307 65.0
4308 65.0
4309 65.0
4310 65.0
4311 65.0
4312 65.0
4313 65.0
4314 65.0
4315 65.0
4316 65.0
4317 65.0
4318 65.0
4319 65.0
4320 65.0
4321 65.0
4322 65.0
4323 65.0
4324 65.0
4325 65.0
4326 65.0
4327 65.0
4328 65.0
4329 65.0
4330 65.0
4331 65.0
4332 65.0
4333 65.0
4334 65.0
4335 65.0
4336 65.0
4337 65.0
4338 65.0
4339 65.0
4340 65.0
4341 65.0
4342 65.0
4343 65.0
4344 65.0
4345 65.0
4346 65.0
4347 65.0
4348 65.0
4349 65.0
4350 65.0
4351 65.0
4352 65.0
4353 65.0
4354 65.0
4355 65.0
4356 65.0
4357 65.0
4358 65.0
4359 65.0
4360 65.0
4361 65.0
4362 65.0
4363 65.0
4364 65.0
4365 65.0
4366 65.0
4367 65.0
4368 65.0
4369 65.0
4370 65.0
4371 65.0
4372 65.0
4373 65.0
4374 65.0
4375 65.0
4376 65.0
4377 65.0
4378 65.0
4379 65.0
4380 65.0
4381 65.0
4382 65.0
4383 65.0
4384 65.0
4385 65.0
4386 65.0
4387 65.0
4388 65.0
4389 65.0
4390 65.0
4391 65.0
4392 65.0
4393 65.0
4394 65.0
4395 65.0
4396 65.0
4397 65.0
4398 65.0
4399 65.0
4400 65.0
4401 65.0
4402 65.0
4403 65.0
4404 65.0
4405 65.0
4406 65.0
4407 65.0
4408 65.0
4409 65.0
4410 65.0
4411 65.0
4412 65.0
4413 65.0
4414 65.0
4415 65.0
4416 65.0
4417 65.0
4418 65.0
4419 65.0
4420 65.0
4421 65.0
4422 65.0
4423 65.0
4424 65.0
4425 65.0
4426 65.0
4427 65.0
4428 65.0
4429 65.0
4430 65.0
4431 65.0
4432 65.0
4433 65.0
4434 65.0
4435 65.0
4436 65.0
4437 65.0
4438 65.0
4439 65.0
4440 65.0
4441 65.0
4442 65.0
4443 65.0
4444 65.0
4445 65.0
4446 65.0
4447 65.0
4448 65.0
4449 65.0
4450 65.0
4451 65.0
4452 65.0
4453 65.0
4454 65.0
4455 65.0
4456 65.0
4457 65.0
4458 65.0
4459 65.0
4460 65.0
4461 65.0
4462 65.0
4463 65.0
4464 65.0
4465 65.0
4466 65.0
4467 65.0
4468 65.0
4469 65.0
4470 65.0
4471 65.0
4472 65.0
4473 65.0
4474 65.0
4475 65.0
4476 65.0
4477 65.0
4478 65.0
4479 65.0
4480 65.0
4481 65.0
4482 65.0
4483 65.0
4484 65.0
4485 65.0
4486 65.0
4487 65.0
4488 65.0
4489 65.0
4490 65.0
4491 65.0
4492 65.0
4493 65.0
4494 65.0
4495 65.0
4496 65.0
4497 65.0
4498 65.0
4499 65.0
4500 65.0
4501 65.0
4502 65.0
4503 65.0
4504 65.0
4505 65.0
4506 65.0
4507 65.0
4508 65.0
4509 65.0
4510 65.0
4511 65.0
4512 65.0
4513 65.0
4514 65.0
4515 65.0
4516 65.0
4517 65.0
4518 65.0
4519 65.0
4520 65.0
4521 65.0
4522 65.0
4523 65.0
4524 65.0
4525 65.0
4526 65.0
4527 65.0
4528 65.0
4529 65.0
4530 65.0
4531 65.0
4532 65.0
4533 65.0
4534 65.0
4535 65.0
4536 65.0
4537 65.0
4538 65.0
4539 65.0
4540 65.0
4541 65.0
4542 65.0
4543 65.0
4544 65.0
4545 65.0
4546 65.0
4547 65.0
4548 65.0
4549 65.0
4550 65.0
4551 65.0
4552 65.0
4553 65.0
4554 65.0
4555 65.0
4556 65.0
4557 65.0
4558 65.0
4559 65.0
4560 65.0
4561 65.0
4562 65.0
4563 65.0
4564 65.0
4565 65.0
4566 65.0
4567 65.0
4568 65.0
4569 65.0
4570 65.0
4571 65.0
4572 65.0
4573 65.0
4574 65.0
4575 65.0
4576 65.0
4577 65.0
4578 65.0
4579 65.0
4580 65.0
4581 65.0
4582 65.0
4583 65.0
4584 65.0
4585 65.0
4586 65.0
4587 65.0
4588 65.0
4589 65.0
4590 65.0
4591 65.0
4592 65.0
4593 65.0
4594 65.0
4595 65.0
4596 65.0
4597 65.0
4598 65.0
4599 65.0
4600 65.0
4601 65.0
4602 65.0
4603 65.0
4604 65.0
4605 65.0
4606 65.0
4607 65.0
4608 65.0
4609 65.0
4610 65.0
4611 65.0
4612 65.0
4613 65.0
4614 65.0
4615 65.0
4616 65.0
4617 65.0
4618 65.0
4619 65.0
4620 65.0
4621 65.0
4622 65.0
4623 65.0
4624 65.0
4625 65.0
4626 65.0
4627 65.0
4628 65.0
4629 65.0
4630 65.0
4631 65.0
4632 65.0
4633 65.0
4634 65.0
4635 65.0
4636 65.0
4637 65.0
4638 65.0
4639 65.0
4640 65.0
4641 65.0
4642 65.0
4643 65.0
4644 65.0
4645 65.0
4646 65.0
4647 65.0
4648 65.0
4649 65.0
4650 65.0
4651 65.0
4652 65.0
4653 65.0
4654 65.0
4655 65.0
4656 65.0
4657 65.0
4658 65.0
4659 65.0
4660 65.0
4661 65.0
4662 65.0
4663 65.0
4664 65.0
4665 65.0
4666 65.0
4667 65.0
4668 65.0
4669 65.0
4670 65.0
4671 65.0
4672 65.0
4673 65.0
4674 65.0
4675 65.0
4676 65.0
4677 65.0
4678 65.0
4679 65.0
4680 65.0
4681 65.0
4682 65.0
4683 65.0
4684 65.0
4685 65.0
4686 65.0
4687 65.0
4688 65.0
4689 65.0
4690 65.0
4691 65.0
4692 65.0
4693 65.0
4694 65.0
4695 65.0
4696 65.0
4697 65.0
4698 65.0
4699 65.0
4700 65.0
4701 65.0
4702 65.0
4703 65.0
4704 65.0
4705 65.0
4706 65.0
4707 65.0
4708 65.0
4709 65.0
4710 65.0
4711 65.0
4712 65.0
4713 65.0
4714 65.0
4715 65.0
4716 65.0
4717 65.0
4718 65.0
4719 65.0
4720 65.0
4721 65.0
4722 65.0
4723 65.0
4724 65.0
4725 65.0
4726 65.0
4727 65.0
4728 65.0
4729 65.0
4730 65.0
4731 65.0
4732 65.0
4733 65.0
4734 65.0
4735 65.0
4736 65.0
4737 65.0
4738 65.0
4739 65.0
4740 65.0
4741 65.0
4742 65.0
4743 65.0
4744 65.0
4745 65.0
4746 65.0
4747 65.0
4748 65.0
4749 65.0
4750 65.0
4751 65.0
4752 65.0
4753 65.0
4754 65.0
4755 65.0
4756 65.0
4757 65.0
4758 65.0
4759 65.0
4760 65.0
4761 65.0
4762 65.0
4763 65.0
4764 65.0
4765 65.0
4766 65.0
4767 65.0
4768 65.0
4769 65.0
4770 65.0
4771 65.0
4772 65.0
4773 65.0
4774 65.0
4775 65.0
4776 65.0
4777 65.0
4778 65.0
4779 65.0
4780 65.0
4781 65.0
4782 65.0
4783 65.0
4784 65.0
4785 65.0
4786 65.0
4787 65.0
4788 65.0
4789 65.0
4790 65.0
4791 65.0
4792 65.0
4793 65.0
4794 65.0
4795 65.0
4796 65.0
4797 65.0
4798 65.0
4799 65.0
4800 65.0
4801 65.0
4802 65.0
4803 65.0
4804 65.0
4805 65.0
4806 65.0
4807 65.0
4808 65.0
4809 65.0
4810 65.0
4811 65.0
4812 65.0
4813 65.0
4814 65.0
4815 65.0
4816 65.0
4817 65.0
4818 65.0
4819 65.0
4820 65.0
4821 65.0
4822 65.0
4823 65.0
4824 65.0
4825 65.0
4826 65.0
4827 65.0
4828 65.0
4829 65.0
4830 65.0
4831 65.0
4832 65.0
4833 65.0
4834 65.0
4835 65.0
4836 65.0
4837 65.0
4838 65.0
4839 65.0
4840 65.0
4841 65.0
4842 65.0
4843 65.0
4844 65.0
4845 65.0
4846 65.0
4847 65.0
4848 65.0
4849 65.0
4850 65.0
4851 65.0
4852 65.0
4853 65.0
4854 65.0
4855 65.0
4856 65.0
4857 65.0
4858 65.0
4859 65.0
4860 65.0
4861 65.0
4862 65.0
4863 65.0
4864 65.0
4865 65.0
4866 65.0
4867 65.0
4868 65.0
4869 65.0
4870 65.0
4871 65.0
4872 65.0
4873 65.0
4874 65.0
4875 65.0
4876 65.0
4877 65.0
4878 65.0
4879 65.0
4880 65.0
4881 65.0
4882 65.0
4883 65.0
4884 65.0
4885 65.0
4886 65.0
4887 65.0
4888 65.0
4889 65.0
4890 65.0
4891 65.0
4892 65.0
4893 65.0
4894 65.0
4895 65.0
4896 65.0
4897 65.0
4898 65.0
4899 65.0
4900 65.0
4901 65.0
4902 65.0
4903 65.0
4904 65.0
4905 65.0
4906 65.0
4907 65.0
4908 65.0
4909 65.0
4910 65.0
4911 65.0
4912 65.0
4913 65.0
4914 65.0
4915 65.0
4916 65.0
4917 65.0
4918 65.0
4919 65.0
4920 65.0
4921 65.0
4922 65.0
4923 65.0
4924 65.0
4925 65.0
4926 65.0
4927 65.0
4928 65.0
4929 65.0
4930 65.0
4931 65.0
4932 65.0
4933 65.0
4934 65.0
4935 65.0
4936 65.0
4937 65.0
4938 65.0
4939 65.0
4940 65.0
4941 65.0
4942 65.0
4943 65.0
4944 65.0
4945 65.0
4946 65.0
4947 65.0
4948 65.0
4949 65.0
4950 65.0
4951 65.0
4952 65.0
4953 65.0
4954 65.0
4955 65.0
4956 65.0
4957 65.0
4958 65.0
4959 65.0
4960 65.0
4961 65.0
4962 65.0
4963 65.0
4964 65.0
4965 65.0
4966 65.0
4967 65.0
4968 65.0
4969 65.0
4970 65.0
4971 65.0
4972 65.0
4973 65.0
4974 65.0
4975 65.0
4976 65.0
4977 65.0
4978 65.0
4979 65.0
4980 65.0
4981 65.0
4982 65.0
4983 65.0
4984 65.0
4985 65.0
4986 65.0
4987 65.0
4988 65.0
4989 65.0
4990 65.0
4991 65.0
4992 65.0
4993 65.0
4994 65.0
4995 65.0
4996 65.0
4997 65.0
4998 65.0
4999 65.0
5000 65.0
5001 65.0
5002 65.0
5003 65.0
5004 65.0
5005 65.0
5006 65.0
5007 65.0
5008 65.0
5009 65.0
5010 65.0
5011 65.0
5012 65.0
5013 65.0
5014 65.0
5015 65.0
5016 65.0
5017 65.0
5018 65.0
5019 65.0
5020 65.0
5021 65.0
5022 65.0
5023 65.0
5024 65.0
5025 65.0
5026 65.0
5027 65.0
5028 65.0
5029 65.0
5030 65.0
5031 65.0
5032 65.0
5033 65.0
5034 65.0
5035 65.0
5036 65.0
5037 65.0
5038 65.0
5039 65.0
5040 65.0
5041 65.0
5042 65.0
5043 65.0
5044 65.0
5045 65.0
5046 65.0
5047 65.0
5048 65.0
5049 65.0
5050 65.0
5051 65.0
5052 65.0
5053 65.0
5054 65.0
5055 65.0
5056 65.0
5057 65.0
5058 65.0
5059 65.0
5060 65.0
5061 65.0
5062 65.0
5063 65.0
5064 65.0
5065 65.0
5066 65.0
5067 65.0
5068 65.0
5069 65.0
5070 65.0
5071 65.0
5072 65.0
5073 65.0
5074 65.0
5075 65.0
5076 65.0
5077 65.0
5078 65.0
5079 65.0
5080 65.0
5081 65.0
5082 65.0
5083 65.0
5084 65.0
5085 65.0
5086 65.0
5087 65.0
5088 65.0
5089 65.0
5090 65.0
5091 65.0
5092 65.0
5093 65.0
5094 65.0
5095 65.0
5096 65.0
5097 65.0
5098 65.0
5099 65.0
5100 65.0
5101 65.0
5102 65.0
5103 65.0
5104 65.0
5105 65.0
5106 65.0
5107 65.0
5108 65.0
5109 65.0
5110 65.0
5111 65.0
5112 65.0
5113 65.0
5114 65.0
5115 65.0
5116 65.0
5117 65.0
5118 65.0
5119 65.0
5120 65.0
5121 65.0
5122 65.0
5123 65.0
5124 65.0
5125 65.0
5126 65.0
5127 65.0
5128 65.0
5129 65.0
5130 65.0
5131 65.0
5132 65.0
5133 65.0
5134 65.0
5135 65.0
5136 65.0
5137 65.0
5138 65.0
5139 65.0
5140 65.0
5141 65.0
5142 65.0
5143 65.0
5144 65.0
5145 65.0
5146 65.0
5147 65.0
5148 65.0
5149 65.0
5150 65.0
5151 65.0
5152 65.0
5153 65.0
5154 65.0
5155 65.0
5156 65.0
5157 65.0
5158 65.0
5159 65.0
5160 65.0
5161 65.0
5162 65.0
5163 65.0
5164 65.0
5165 65.0
5166 65.0
5167 65.0
5168 65.0
5169 65.0
5170 65.0
5171 65.0
5172 65.0
5173 65.0
5174 65.0
5175 65.0
5176 65.0
5177 65.0
5178 65.0
5179 65.0
5180 65.0
5181 65.0
5182 65.0
5183 65.0
5184 65.0
5185 65.0
5186 65.0
5187 65.0
5188 65.0
5189 65.0
5190 65.0
5191 65.0
5192 65.0
5193 65.0
5194 65.0
5195 65.0
5196 65.0
5197 65.0
5198 65.0
5199 65.0
5200 65.0
5201 65.0
5202 65.0
5203 65.0
5204 65.0
5205 65.0
5206 65.0
5207 65.0
5208 65.0
5209 65.0
5210 65.0
5211 65.0
5212 65.0
5213 65.0
5214 65.0
5215 65.0
5216 65.0
5217 65.0
5218 65.0
5219 65.0
5220 65.0
5221 65.0
5222 65.0
5223 65.0
5224 65.0
5225 65.0
5226 65.0
5227 65.0
5228 65.0
5229 65.0
5230 65.0
5231 65.0
5232 65.0
5233 65.0
5234 65.0
5235 65.0
5236 65.0
5237 65.0
5238 65.0
5239 65.0
5240 65.0
5241 65.0
5242 65.0
5243 65.0
5244 65.0
5245 65.0
5246 65.0
5247 65.0
5248 65.0
5249 65.0
5250 65.0
5251 65.0
5252 65.0
5253 65.0
5254 65.0
5255 65.0
5256 65.0
5257 65.0
5258 65.0
5259 65.0
5260 65.0
5261 65.0
5262 65.0
5263 65.0
5264 65.0
5265 65.0
5266 65.0
5267 65.0
5268 65.0
5269 65.0
5270 65.0
5271 65.0
5272 65.0
5273 65.0
5274 65.0
5275 65.0
5276 65.0
5277 65.0
5278 65.0
5279 65.0
5280 65.0
5281 65.0
5282 65.0
5283 65.0
5284 65.0
5285 65.0
5286 65.0
5287 65.0
5288 65.0
5289 65.0
5290 65.0
5291 65.0
5292 65.0
5293 65.0
5294 65.0
5295 65.0
5296 65.0
5297 65.0
5298 65.0
5299 65.0
5300 65.0
5301 65.0
5302 65.0
5303 65.0
5304 65.0
5305 65.0
5306 65.0
5307 65.0
5308 65.0
5309 65.0
5310 65.0
5311 65.0
5312 65.0
5313 65.0
5314 65.0
5315 65.0
5316 65.0
5317 65.0
5318 65.0
5319 65.0
5320 65.0
5321 65.0
5322 65.0
5323 65.0
5324 65.0
5325 65.0
5326 65.0
5327 65.0
5328 65.0
5329 65.0
5330 65.0
5331 65.0
5332 65.0
5333 65.0
5334 65.0
5335 65.0
5336 65.0
5337 65.0
5338 65.0
5339 65.0
5340 65.0
5341 65.0
5342 65.0
5343 65.0
5344 65.0
5345 65.0
5346 65.0
5347 65.0
5348 65.0
5349 65.0
5350 65.0
5351 65.0
5352 65.0
5353 65.0
5354 65.0
5355 65.0
5356 65.0
5357 65.0
5358 65.0
5359 65.0
5360 65.0
5361 65.0
5362 65.0
5363 65.0
5364 65.0
5365 65.0
5366 65.0
5367 65.0
5368 65.0
5369 65.0
5370 65.0
5371 65.0
5372 65.0
5373 65.0
5374 65.0
5375 65.0
5376 65.0
5377 65.0
5378 65.0
5379 65.0
5380 65.0
5381 65.0
5382 65.0
5383 65.0
5384 65.0
5385 65.0
5386 65.0
5387 65.0
5388 65.0
5389 65.0
5390 65.0
5391 65.0
5392 65.0
5393 65.0
5394 65.0
5395 65.0
5396 65.0
5397 65.0
5398 65.0
5399 65.0
5400 65.0
5401 65.0
5402 65.0
5403 65.0
5404 65.0
5405 65.0
5406 65.0
5407 65.0
5408 65.0
5409 65.0
5410 65.0
5411 65.0
5412 65.0
5413 65.0
5414 65.0
5415 65.0
5416 65.0
5417 65.0
5418 65.0
5419 65.0
5420 65.0
5421 65.0
5422 65.0
5423 65.0
5424 65.0
5425 65.0
5426 65.0
5427 65.0
5428 65.0
5429 65.0
5430 65.0
5431 65.0
5432 65.0
5433 65.0
5434 65.0
5435 65.0
5436 65.0
5437 65.0
5438 65.0
5439 65.0
5440 65.0
5441 65.0
5442 65.0
5443 65.0
5444 65.0
5445 65.0
5446 65.0
5447 65.0
5448 65.0
5449 65.0
5450 65.0
5451 65.0
5452 65.0
5453 65.0
5454 65.0
5455 65.0
5456 65.0
5457 65.0
5458 65.0
5459 65.0
5460 65.0
5461 65.0
5462 65.0
5463 65.0
5464 65.0
5465 65.0
5466 65.0
5467 65.0
5468 65.0
5469 65.0
5470 65.0
5471 65.0
5472 65.0
5473 65.0
5474 65.0
5475 65.0
5476 65.0
5477 65.0
5478 65.0
5479 65.0
5480 65.0
5481 65.0
5482 65.0
5483 65.0
5484 65.0
5485 65.0
5486 65.0
5487 65.0
5488 65.0
5489 65.0
5490 65.0
5491 65.0
5492 65.0
5493 65.0
5494 65.0
5495 65.0
5496 65.0
5497 65.0
5498 65.0
5499 65.0
5500 65.0
5501 65.0
5502 65.0
5503 65.0
5504 65.0
5505 65.0
5506 65.0
5507 65.0
5508 65.0
5509 65.0
5510 65.0
5511 65.0
5512 65.0
5513 65.0
5514 65.0
5515 65.0
5516 65.0
5517 65.0
5518 65.0
5519 65.0
5520 65.0
5521 65.0
5522 65.0
5523 65.0
5524 65.0
5525 65.0
5526 65.0
5527 65.0
5528 65.0
5529 65.0
5530 65.0
5531 65.0
5532 65.0
5533 65.0
5534 65.0
5535 65.0
5536 65.0
5537 65.0
5538 65.0
5539 65.0
5540 65.0
5541 65.0
5542 65.0
5543 65.0
5544 65.0
5545 65.0
5546 65.0
5547 65.0
5548 65.0
5549 65.0
5550 65.0
5551 65.0
5552 65.0
5553 65.0
5554 65.0
5555 65.0
5556 65.0
5557 65.0
5558 65.0
5559 65.0
5560 65.0
5561 65.0
5562 65.0
5563 65.0
5564 65.0
5565 65.0
5566 65.0
5567 65.0
5568 65.0
5569 65.0
5570 65.0
5571 65.0
5572 65.0
5573 65.0
5574 65.0
5575 65.0
5576 65.0
5577 65.0
5578 65.0
5579 65.0
5580 65.0
5581 65.0
5582 65.0
5583 65.0
5584 65.0
5585 65.0
5586 65.0
5587 65.0
5588 65.0
5589 65.0
5590 65.0
5591 65.0
5592 65.0
5593 65.0
5594 65.0
5595 65.0
5596 65.0
5597 65.0
5598 65.0
5599 65.0
5600 65.0
5601 65.0
5602 65.0
5603 65.0
5604 65.0
5605 65.0
5606 65.0
5607 65.0
5608 65.0
5609 65.0
5610 65.0
5611 65.0
5612 65.0
5613 65.0
5614 65.0
5615 65.0
5616 65.0
5617 65.0
5618 65.0
5619 65.0
5620 65.0
5621 65.0
5622 65.0
5623 65.0
5624 65.0
5625 65.0
5626 65.0
5627 65.0
5628 65.0
5629 65.0
5630 65.0
5631 65.0
5632 65.0
5633 65.0
5634 65.0
5635 65.0
5636 65.0
5637 65.0
5638 65.0
5639 65.0
5640 65.0
5641 65.0
5642 65.0
5643 65.0
5644 65.0
5645 65.0
5646 65.0
5647 65.0
5648 65.0
5649 65.0
5650 65.0
5651 65.0
5652 65.0
5653 65.0
5654 65.0
5655 65.0
5656 65.0
5657 65.0
5658 65.0
5659 65.0
5660 65.0
5661 65.0
5662 65.0
5663 65.0
5664 65.0
5665 65.0
5666 65.0
5667 65.0
5668 65.0
5669 65.0
5670 65.0
5671 65.0
5672 65.0
5673 65.0
5674 65.0
5675 65.0
5676 65.0
5677 65.0
5678 65.0
5679 65.0
5680 65.0
5681 65.0
5682 65.0
5683 65.0
5684 65.0
5685 65.0
5686 65.0
5687 65.0
5688 65.0
5689 65.0
5690 65.0
5691 65.0
5692 65.0
5693 65.0
5694 65.0
5695 65.0
5696 65.0
5697 65.0
5698 65.0
5699 65.0
5700 65.0
5701 65.0
5702 65.0
5703 65.0
5704 65.0
5705 65.0
5706 65.0
5707 65.0
5708 65.0
5709 65.0
5710 65.0
5711 65.0
5712 65.0
5713 65.0
5714 65.0
5715 65.0
5716 65.0
5717 65.0
5718 65.0
5719 65.0
5720 65.0
5721 65.0
5722 65.0
5723 65.0
5724 65.0
5725 65.0
5726 65.0
5727 65.0
5728 65.0
5729 65.0
5730 65.0
5731 65.0
5732 65.0
5733 65.0
5734 65.0
5735 65.0
5736 65.0
5737 65.0
5738 65.0
5739 65.0
5740 65.0
5741 65.0
5742 65.0
5743 65.0
5744 65.0
5745 65.0
5746 65.0
5747 65.0
5748 65.0
5749 65.0
5750 65.0
5751 65.0
5752 65.0
5753 65.0
5754 65.0
5755 65.0
5756 65.0
5757 65.0
5758 65.0
5759 65.0
5760 65.0
5761 65.0
5762 65.0
5763 65.0
5764 65.0
5765 65.0
5766 65.0
5767 65.0
5768 65.0
5769 65.0
5770 65.0
5771 65.0
5772 65.0
5773 65.0
5774 65.0
5775 65.0
5776 65.0
5777 65.0
5778 65.0
5779 65.0
5780 65.0
5781 65.0
5782 65.0
5783 65.0
5784 65.0
5785 65.0
5786 65.0
5787 65.0
5788 65.0
5789 65.0
5790 65.0
5791 65.0
5792 65.0
5793 65.0
5794 65.0
5795 65.0
5796 65.0
5797 65.0
5798 65.0
5799 65.0
5800 65.0
5801 65.0
5802 65.0
5803 65.0
5804 65.0
5805 65.0
5806 65.0
5807 65.0
5808 65.0
5809 65.0
5810 65.0
5811 65.0
5812 65.0
5813 65.0
5814 65.0
5815 65.0
5816 65.0
5817 65.0
5818 65.0
5819 65.0
5820 65.0
5821 65.0
5822 65.0
5823 65.0
5824 65.0
5825 65.0
5826 65.0
5827 65.0
5828 65.0
5829 65.0
5830 65.0
5831 65.0
5832 65.0
5833 65.0
5834 65.0
5835 65.0
5836 65.0
5837 65.0
5838 65.0
5839 65.0
5840 65.0
5841 65.0
5842 65.0
5843 65.0
5844 65.0
5845 65.0
5846 65.0
5847 65.0
5848 65.0
5849 65.0
5850 65.0
5851 65.0
5852 65.0
5853 65.0
5854 65.0
5855 65.0
5856 65.0
5857 65.0
5858 65.0
5859 65.0
5860 65.0
5861 65.0
5862 65.0
5863 65.0
5864 65.0
5865 65.0
5866 65.0
5867 65.0
5868 65.0
5869 65.0
5870 65.0
5871 65.0
5872 65.0
5873 65.0
5874 65.0
5875 65.0
5876 65.0
5877 65.0
5878 65.0
5879 65.0
5880 65.0
5881 65.0
5882 65.0
5883 65.0
5884 65.0
5885 65.0
5886 65.0
5887 65.0
5888 65.0
5889 65.0
5890 65.0
5891 65.0
5892 65.0
5893 65.0
5894 65.0
5895 65.0
5896 65.0
5897 65.0
5898 65.0
5899 65.0
5900 65.0
5901 65.0
5902 65.0
5903 65.0
5904 65.0
5905 65.0
5906 65.0
5907 65.0
5908 65.0
5909 65.0
5910 65.0
5911 65.0
5912 65.0
5913 65.0
5914 65.0
5915 65.0
5916 65.0
5917 65.0
5918 65.0
5919 65.0
5920 65.0
5921 65.0
5922 65.0
5923 65.0
5924 65.0
5925 65.0
5926 65.0
5927 65.0
5928 65.0
5929 65.0
5930 65.0
5931 65.0
5932 65.0
5933 65.0
5934 65.0
5935 65.0
5936 65.0
5937 65.0
5938 65.0
5939 65.0
5940 65.0
5941 65.0
5942 65.0
5943 65.0
5944 65.0
5945 65.0
5946 65.0
5947 65.0
5948 65.0
5949 65.0
5950 65.0
5951 65.0
5952 65.0
5953 65.0
5954 65.0
5955 65.0
5956 65.0
5957 65.0
5958 65.0
5959 65.0
5960 65.0
5961 65.0
5962 65.0
5963 65.0
5964 65.0
5965 65.0
5966 65.0
5967 65.0
5968 65.0
5969 65.0
5970 65.0
5971 65.0
5972 65.0
5973 65.0
5974 65.0
5975 65.0
5976 65.0
5977 65.0
5978 65.0
5979 65.0
5980 65.0
5981 65.0
5982 65.0
5983 65.0
5984 65.0
5985 65.0
5986 65.0
5987 65.0
5988 65.0
5989 65.0
5990 65.0
5991 65.0
5992 65.0
5993 65.0
5994 65.0
5995 65.0
5996 65.0
5997 65.0
5998 65.0
5999 65.0
6000 65.0
6001 65.0
6002 65.0
6003 65.0
6004 65.0
6005 65.0
6006 65.0
6007 65.0
6008 65.0
6009 65.0
6010 65.0
6011 65.0
6012 65.0
6013 65.0
6014 65.0
6015 65.0
6016 65.0
6017 65.0
6018 65.0
6019 65.0
6020 65.0
6021 65.0
6022 65.0
6023 65.0
6024 65.0
6025 65.0
6026 65.0
6027 65.0
6028 65.0
6029 65.0
6030 65.0
6031 65.0
6032 65.0
6033 65.0
6034 65.0
6035 65.0
6036 65.0
6037 65.0
6038 65.0
6039 65.0
6040 65.0
6041 65.0
6042 65.0
6043 65.0
6044 65.0
6045 65.0
6046 65.0
6047 65.0
6048 65.0
6049 65.0
6050 65.0
6051 65.0
6052 65.0
6053 65.0
6054 65.0
6055 65.0
6056 65.0
6057 65.0
6058 65.0
6059 65.0
6060 65.0
6061 65.0
6062 65.0
6063 65.0
6064 65.0
6065 65.0
6066 65.0
6067 65.0
6068 65.0
6069 65.0
6070 65.0
6071 65.0
6072 65.0
6073 65.0
6074 65.0
6075 65.0
6076 65.0
6077 65.0
6078 65.0
6079 65.0
6080 65.0
6081 65.0
6082 65.0
6083 65.0
6084 65.0
6085 65.0
6086 65.0
6087 65.0
6088 65.0
6089 65.0
6090 65.0
6091 65.0
6092 65.0
6093 65.0
6094 65.0
6095 65.0
6096 65.0
6097 65.0
6098 65.0
6099 65.0
6100 65.0
6101 65.0
6102 65.0
6103 65.0
6104 65.0
6105 65.0
6106 65.0
6107 65.0
6108 65.0
6109 65.0
6110 65.0
6111 65.0
6112 65.0
6113 65.0
6114 65.0
6115 65.0
6116 65.0
6117 65.0
6118 65.0
6119 65.0
6120 65.0
6121 65.0
6122 65.0
6123 65.0
6124 65.0
6125 65.0
6126 65.0
6127 65.0
6128 65.0
6129 65.0
6130 65.0
6131 65.0
6132 65.0
6133 65.0
6134 65.0
6135 65.0
6136 65.0
6137 65.0
6138 65.0
6139 65.0
6140 65.0
6141 65.0
6142 65.0
6143 65.0
6144 65.0
6145 65.0
6146 65.0
6147 65.0
6148 65.0
6149 65.0
6150 65.0
6151 65.0
6152 65.0
6153 65.0
6154 65.0
6155 65.0
6156 65.0
6157 65.0
6158 65.0
6159 65.0
6160 65.0
6161 65.0
6162 65.0
6163 65.0
6164 65.0
6165 65.0
6166 65.0
6167 65.0
6168 65.0
6169 65.0
6170 65.0
6171 65.0
6172 65.0
6173 65.0
6174 65.0
6175 65.0
6176 65.0
6177 65.0
6178 65.0
6179 65.0
6180 65.0
6181 65.0
6182 65.0
6183 65.0
6184 65.0
6185 65.0
6186 65.0
6187 65.0
6188 65.0
6189 65.0
6190 65.0
6191 65.0
6192 65.0
6193 65.0
6194 65.0
6195 65.0
6196 65.0
6197 65.0
6198 65.0
6199 65.0
6200 65.0
6201 65.0
6202 65.0
6203 65.0
6204 65.0
6205 65.0
6206 65.0
6207 65.0
6208 65.0
6209 65.0
6210 65.0
6211 65.0
6212 65.0
6213 65.0
6214 65.0
6215 65.0
6216 65.0
6217 65.0
6218 65.0
6219 65.0
6220 65.0
6221 65.0
6222 65.0
6223 65.0
6224 65.0
6225 65.0
6226 65.0
6227 65.0
6228 65.0
6229 65.0
6230 65.0
6231 65.0
6232 65.0
6233 65.0
6234 65.0
6235 65.0
6236 65.0
6237 65.0
6238 65.0
6239 65.0
6240 65.0
6241 65.0
6242 65.0
6243 65.0
6244 65.0
6245 65.0
6246 65.0
6247 65.0
6248 65.0
6249 65.0
6250 65.0
6251 65.0
6252 65.0
6253 65.0
6254 65.0
6255 65.0
6256 65.0
6257 65.0
6258 65.0
6259 65.0
6260 65.0
6261 65.0
6262 65.0
6263 65.0
6264 65.0
6265 65.0
6266 65.0
6267 65.0
6268 65.0
6269 65.0
6270 65.0
6271 65.0
6272 65.0
6273 65.0
6274 65.0
6275 65.0
6276 65.0
6277 65.0
6278 65.0
6279 65.0
6280 65.0
6281 65.0
6282 65.0
6283 65.0
6284 65.0
6285 65.0
6286 65.0
6287 65.0
6288 65.0
6289 65.0
6290 65.0
6291 65.0
6292 65.0
6293 65.0
6294 65.0
6295 65.0
6296 65.0
6297 65.0
6298 65.0
6299 65.0
6300 65.0
6301 65.0
6302 65.0
6303 65.0
6304 65.0
6305 65.0
6306 65.0
6307 65.0
6308 65.0
6309 65.0
6310 65.0
6311 65.0
6312 65.0
6313 65.0
6314 65.0
6315 65.0
6316 65.0
6317 65.0
6318 65.0
6319 65.0
6320 65.0
6321 65.0
6322 65.0
6323 65.0
6324 65.0
6325 65.0
6326 65.0
6327 65.0
6328 65.0
6329 65.0
6330 65.0
6331 65.0
6332 65.0
6333 65.0
6334 65.0
6335 65.0
6336 65.0
6337 65.0
6338 65.0
6339 65.0
6340 65.0
6341 65.0
6342 65.0
6343 65.0
6344 65.0
6345 65.0
6346 65.0
6347 65.0
6348 65.0
6349 65.0
6350 65.0
6351 65.0
6352 65.0
6353 65.0
6354 65.0
6355 65.0
6356 65.0
6357 65.0
6358 65.0
6359 65.0
6360 65.0
6361 65.0
6362 65.0
6363 65.0
6364 65.0
6365 65.0
6366 65.0
6367 65.0
6368 65.0
6369 65.0
6370 65.0
6371 65.0
6372 65.0
6373 65.0
6374 65.0
6375 65.0
6376 65.0
6377 65.0
6378 65.0
6379 65.0
6380 65.0
6381 65.0
6382 65.0
6383 65.0
6384 65.0
6385 65.0
6386 65.0
6387 65.0
6388 65.0
6389 65.0
6390 65.0
6391 65.0
6392 65.0
6393 65.0
6394 65.0
6395 65.0
6396 65.0
6397 65.0
6398 65.0
6399 65.0
6400 65.0
6401 65.0
6402 65.0
6403 65.0
6404 65.0
6405 65.0
6406 65.0
6407 65.0
6408 65.0
6409 65.0
6410 65.0
6411 65.0
6412 65.0
6413 65.0
6414 65.0
6415 65.0
6416 65.0
6417 65.0
6418 65.0
6419 65.0
6420 65.0
6421 65.0
6422 65.0
6423 65.0
6424 65.0
6425 65.0
6426 65.0
6427 65.0
6428 65.0
6429 65.0
6430 65.0
6431 65.0
6432 65.0
6433 65.0
6434 65.0
6435 65.0
6436 65.0
6437 65.0
6438 65.0
6439 65.0
6440 65.0
6441 65.0
6442 65.0
6443 65.0
6444 65.0
6445 65.0
6446 65.0
6447 65.0
6448 65.0
6449 65.0
6450 65.0
6451 65.0
6452 65.0
6453 65.0
6454 65.0
6455 65.0
6456 65.0
6457 65.0
6458 65.0
6459 65.0
6460 65.0
6461 65.0
6462 65.0
6463 65.0
6464 65.0
6465 65.0
6466 65.0
6467 65.0
6468 65.0
6469 65.0
6470 65.0
6471 65.0
6472 65.0
6473 65.0
6474 65.0
6475 65.0
6476 65.0
6477 65.0
6478 65.0
6479 65.0
6480 65.0
6481 65.0
6482 65.0
6483 65.0
6484 65.0
6485 65.0
6486 65.0
6487 65.0
6488 65.0
6489 65.0
6490 65.0
6491 65.0
6492 65.0
6493 65.0
6494 65.0
6495 65.0
6496 65.0
6497 65.0
6498 65.0
6499 65.0
6500 65.0
6501 65.0
6502 65.0
6503 65.0
6504 65.0
6505 65.0
6506 65.0
6507 65.0
6508 65.0
6509 65.0
6510 65.0
6511 65.0
6512 65.0
6513 65.0
6514 65.0
6515 65.0
6516 65.0
6517 65.0
6518 65.0
6519 65.0
6520 65.0
6521 65.0
6522 65.0
6523 65.0
6524 65.0
6525 65.0
6526 65.0
6527 65.0
6528 65.0
6529 65.0
6530 65.0
6531 65.0
6532 65.0
6533 65.0
6534 65.0
6535 65.0
6536 65.0
6537 65.0
6538 65.0
6539 65.0
6540 65.0
6541 65.0
6542 65.0
6543 65.0
6544 65.0
6545 65.0
6546 65.0
6547 65.0
6548 65.0
6549 65.0
6550 65.0
6551 65.0
6552 65.0
6553 65.0
6554 65.0
6555 65.0
6556 65.0
6557 65.0
6558 65.0
6559 65.0
6560 65.0
6561 65.0
6562 65.0
6563 65.0
6564 65.0
6565 65.0
6566 65.0
6567 65.0
6568 65.0
6569 65.0
6570 65.0
6571 65.0
6572 65.0
6573 65.0
6574 65.0
6575 65.0
6576 65.0
6577 65.0
6578 65.0
6579 65.0
6580 65.0
6581 65.0
6582 65.0
6583 65.0
6584 65.0
6585 65.0
6586 65.0
6587 65.0
6588 65.0
6589 65.0
6590 65.0
6591 65.0
6592 65.0
6593 65.0
6594 65.0
6595 65.0
6596 65.0
6597 65.0
6598 65.0
6599 65.0
6600 65.0
6601 65.0
6602 65.0
6603 65.0
6604 65.0
6605 65.0
6606 65.0
6607 65.0
6608 65.0
6609 65.0
6610 65.0
6611 65.0
6612 65.0
6613 65.0
6614 65.0
6615 65.0
6616 65.0
6617 65.0
6618 65.0
6619 65.0
6620 65.0
6621 65.0
6622 65.0
6623 65.0
6624 65.0
6625 65.0
6626 65.0
6627 65.0
6628 65.0
6629 65.0
6630 65.0
6631 65.0
6632 65.0
6633 65.0
6634 65.0
6635 65.0
6636 65.0
6637 65.0
6638 65.0
6639 65.0
6640 65.0
6641 65.0
6642 65.0
6643 65.0
6644 65.0
6645 65.0
6646 65.0
6647 65.0
6648 65.0
6649 65.0
6650 65.0
6651 65.0
6652 65.0
6653 65.0
6654 65.0
6655 65.0
6656 65.0
6657 65.0
6658 65.0
6659 65.0
6660 65.0
6661 65.0
6662 65.0
6663 65.0
6664 65.0
6665 65.0
6666 65.0
6667 65.0
6668 65.0
6669 65.0
6670 65.0
6671 65.0
6672 65.0
6673 65.0
6674 65.0
6675 65.0
6676 65.0
6677 65.0
6678 65.0
6679 65.0
6680 65.0
6681 65.0
6682 65.0
6683 65.0
6684 65.0
6685 65.0
6686 65.0
6687 65.0
6688 65.0
6689 65.0
6690 65.0
6691 65.0
6692 65.0
6693 65.0
6694 65.0
6695 65.0
6696 65.0
6697 65.0
6698 65.0
6699 65.0
6700 65.0
6701 65.0
6702 65.0
6703 65.0
6704 65.0
6705 65.0
6706 65.0
6707 65.0
6708 65.0
6709 65.0
6710 65.0
6711 65.0
6712 65.0
6713 65.0
6714 65.0
6715 65.0
6716 65.0
6717 65.0
6718 65.0
6719 65.0
6720 65.0
6721 65.0
6722 65.0
6723 65.0
6724 65.0
6725 65.0
6726 65.0
6727 65.0
6728 65.0
6729 65.0
6730 65.0
6731 65.0
6732 65.0
6733 65.0
6734 65.0
6735 65.0
6736 65.0
6737 65.0
6738 65.0
6739 65.0
6740 65.0
6741 65.0
6742 65.0
6743 65.0
6744 65.0
6745 65.0
6746 65.0
6747 65.0
6748 65.0
6749 65.0
6750 65.0
6751 65.0
6752 65.0
6753 65.0
6754 65.0
6755 65.0
6756 65.0
6757 65.0
6758 65.0
6759 65.0
6760 65.0
6761 65.0
6762 65.0
6763 65.0
6764 65.0
6765 65.0
6766 65.0
6767 65.0
6768 65.0
6769 65.0
6770 65.0
6771 65.0
6772 65.0
6773 65.0
6774 65.0
6775 65.0
6776 65.0
6777 65.0
6778 65.0
6779 65.0
6780 65.0
6781 65.0
6782 65.0
6783 65.0
6784 65.0
6785 65.0
6786 65.0
6787 65.0
6788 65.0
6789 65.0
6790 65.0
6791 65.0
6792 65.0
6793 65.0
6794 65.0
6795 65.0
6796 65.0
6797 65.0
6798 65.0
6799 65.0
6800 65.0
6801 65.0
6802 65.0
6803 65.0
6804 65.0
6805 65.0
6806 65.0
6807 65.0
6808 65.0
6809 65.0
6810 65.0
6811 65.0
6812 65.0
6813 65.0
6814 65.0
6815 65.0
6816 65.0
6817 65.0
6818 65.0
6819 65.0
6820 65.0
6821 65.0
6822 65.0
6823 65.0
6824 65.0
6825 65.0
6826 65.0
6827 65.0
6828 65.0
6829 65.0
6830 65.0
6831 65.0
6832 65.0
6833 65.0
6834 65.0
6835 65.0
6836 65.0
6837 65.0
6838 65.0
6839 65.0
6840 65.0
6841 65.0
6842 65.0
6843 65.0
6844 65.0
6845 65.0
6846 65.0
6847 65.0
6848 65.0
6849 65.0
6850 65.0
6851 65.0
6852 65.0
6853 65.0
6854 65.0
6855 65.0
6856 65.0
6857 65.0
6858 65.0
6859 65.0
6860 65.0
6861 65.0
6862 65.0
6863 65.0
6864 65.0
6865 65.0
6866 65.0
6867 65.0
6868 65.0
6869 65.0
6870 65.0
6871 65.0
6872 65.0
6873 65.0
6874 65.0
6875 65.0
6876 65.0
6877 65.0
6878 65.0
6879 65.0
6880 65.0
6881 65.0
6882 65.0
6883 65.0
6884 65.0
6885 65.0
6886 65.0
6887 65.0
6888 65.0
6889 65.0
6890 65.0
6891 65.0
6892 65.0
6893 65.0
6894 65.0
6895 65.0
6896 65.0
6897 65.0
6898 65.0
6899 65.0
6900 65.0
6901 65.0
6902 65.0
6903 65.0
6904 65.0
6905 65.0
6906 65.0
6907 65.0
6908 65.0
6909 65.0
6910 65.0
6911 65.0
6912 65.0
6913 65.0
6914 65.0
6915 65.0
6916 65.0
6917 65.0
6918 65.0
6919 65.0
6920 65.0
6921 65.0
6922 65.0
6923 65.0
6924 65.0
6925 65.0
6926 65.0
6927 65.0
6928 65.0
6929 65.0
6930 65.0
6931 65.0
6932 65.0
6933 65.0
6934 65.0
6935 65.0
6936 65.0
6937 65.0
6938 65.0
6939 65.0
6940 65.0
6941 65.0
6942 65.0
6943 65.0
6944 65.0
6945 65.0
6946 65.0
6947 65.0
6948 65.0
6949 65.0
6950 65.0
6951 65.0
6952 65.0
6953 65.0
6954 65.0
6955 65.0
6956 65.0
6957 65.0
6958 65.0
6959 65.0
6960 65.0
6961 65.0
6962 65.0
6963 65.0
6964 65.0
6965 65.0
6966 65.0
6967 65.0
6968 65.0
6969 65.0
6970 65.0
6971 65.0
6972 65.0
6973 65.0
6974 65.0
6975 65.0
6976 65.0
6977 65.0
6978 65.0
6979 65.0
6980 65.0
6981 65.0
6982 65.0
6983 65.0
6984 65.0
6985 65.0
6986 65.0
6987 65.0
6988 65.0
6989 65.0
6990 65.0
6991 65.0
6992 65.0
6993 65.0
6994 65.0
6995 65.0
6996 65.0
6997 65.0
6998 65.0
6999 65.0
7000 65.0
7001 65.0
7002 65.0
7003 65.0
7004 65.0
7005 65.0
7006 65.0
7007 65.0
7008 65.0
7009 65.0
7010 65.0
7011 65.0
7012 65.0
7013 65.0
7014 65.0
7015 65.0
7016 65.0
7017 65.0
7018 65.0
7019 65.0
7020 65.0
7021 65.0
7022 65.0
7023 65.0
7024 65.0
7025 65.0
7026 65.0
7027 65.0
7028 65.0
7029 65.0
7030 65.0
7031 65.0
7032 65.0
7033 65.0
7034 65.0
7035 65.0
7036 65.0
7037 65.0
7038 65.0
7039 65.0
7040 65.0
7041 65.0
7042 65.0
7043 65.0
7044 65.0
7045 65.0
7046 65.0
7047 65.0
7048 65.0
7049 65.0
7050 65.0
7051 65.0
7052 65.0
7053 65.0
7054 65.0
7055 65.0
7056 65.0
7057 65.0
7058 65.0
7059 65.0
7060 65.0
7061 65.0
7062 65.0
7063 65.0
7064 65.0
7065 65.0
7066 65.0
7067 65.0
7068 65.0
7069 65.0
7070 65.0
7071 65.0
7072 65.0
7073 65.0
7074 65.0
7075 65.0
7076 65.0
7077 65.0
7078 65.0
7079 65.0
7080 65.0
7081 65.0
7082 65.0
7083 65.0
7084 65.0
7085 65.0
7086 65.0
7087 65.0
7088 65.0
7089 65.0
7090 65.0
7091 65.0
7092 65.0
7093 65.0
7094 65.0
7095 65.0
7096 65.0
7097 65.0
7098 65.0
7099 65.0
7100 65.0
7101 65.0
7102 65.0
7103 65.0
7104 65.0
7105 65.0
7106 65.0
7107 65.0
7108 65.0
7109 65.0
7110 65.0
7111 65.0
7112 65.0
7113 65.0
7114 65.0
7115 65.0
7116 65.0
7117 65.0
7118 65.0
7119 65.0
7120 65.0
7121 65.0
7122 65.0
7123 65.0
7124 65.0
7125 65.0
7126 65.0
7127 65.0
7128 65.0
7129 65.0
7130 65.0
7131 65.0
7132 65.0
7133 65.0
7134 65.0
7135 65.0
7136 65.0
7137 65.0
7138 65.0
7139 65.0
7140 65.0
7141 65.0
7142 65.0
7143 65.0
7144 65.0
7145 65.0
7146 65.0
7147 65.0
7148 65.0
7149 65.0
7150 65.0
7151 65.0
7152 65.0
7153 65.0
7154 65.0
7155 65.0
7156 65.0
7157 65.0
7158 65.0
7159 65.0
7160 65.0
7161 65.0
7162 65.0
7163 65.0
7164 65.0
7165 65.0
7166 65.0
7167 65.0
7168 65.0
7169 65.0
7170 65.0
7171 65.0
7172 65.0
7173 65.0
7174 65.0
7175 65.0
7176 65.0
7177 65.0
7178 65.0
7179 65.0
7180 65.0
7181 65.0
7182 65.0
7183 65.0
7184 65.0
7185 65.0
7186 65.0
7187 65.0
7188 65.0
7189 65.0
7190 65.0
7191 65.0
7192 65.0
7193 65.0
7194 65.0
7195 65.0
7196 65.0
7197 65.0
7198 65.0
7199 65.0
7200 65.0
7201 65.0
7202 65.0
7203 65.0
7204 65.0
7205 65.0
7206 65.0
7207 65.0
7208 65.0
7209 65.0
7210 65.0
7211 65.0
7212 65.0
7213 65.0
7214 65.0
7215 65.0
7216 65.0
7217 65.0
7218 65.0
7219 65.0
7220 65.0
7221 65.0
7222 65.0
7223 65.0
7224 65.0
7225 65.0
7226 65.0
7227 65.0
7228 65.0
7229 65.0
7230 65.0
7231 65.0
7232 65.0
7233 65.0
7234 65.0
7235 65.0
7236 65.0
7237 65.0
7238 65.0
7239 65.0
7240 65.0
7241 65.0
7242 65.0
7243 65.0
7244 65.0
7245 65.0
7246 65.0
7247 65.0
7248 65.0
7249 65.0
7250 65.0
7251 65.0
7252 65.0
7253 65.0
7254 65.0
7255 65.0
7256 65.0
7257 65.0
7258 65.0
7259 65.0
7260 65.0
7261 65.0
7262 65.0
7263 65.0
7264 65.0
7265 65.0
7266 65.0
7267 65.0
7268 65.0
7269 65.0
7270 65.0
7271 65.0
7272 65.0
7273 65.0
7274 65.0
7275 65.0
7276 65.0
7277 65.0
7278 65.0
7279 65.0
7280 65.0
7281 65.0
7282 65.0
7283 65.0
7284 65.0
7285 65.0
7286 65.0
7287 65.0
7288 65.0
7289 65.0
7290 65.0
7291 65.0
7292 65.0
7293 65.0
7294 65.0
7295 65.0
7296 65.0
7297 65.0
7298 65.0
7299 65.0
7300 65.0
7301 65.0
7302 65.0
7303 65.0
7304 65.0
7305 65.0
7306 65.0
7307 65.0
7308 65.0
7309 65.0
7310 65.0
7311 65.0
7312 65.0
7313 65.0
7314 65.0
7315 65.0
7316 65.0
7317 65.0
7318 65.0
7319 65.0
7320 65.0
7321 65.0
7322 65.0
7323 65.0
7324 65.0
7325 65.0
7326 65.0
7327 65.0
7328 65.0
7329 65.0
7330 65.0
7331 65.0
7332 65.0
7333 65.0
7334 65.0
7335 65.0
7336 65.0
7337 65.0
7338 65.0
7339 65.0
7340 65.0
7341 65.0
7342 65.0
7343 65.0
7344 65.0
7345 65.0
7346 65.0
7347 65.0
7348 65.0
7349 65.0
7350 65.0
7351 65.0
7352 65.0
7353 65.0
7354 65.0
7355 65.0
7356 65.0
7357 65.0
7358 65.0
7359 65.0
7360 65.0
7361 65.0
7362 65.0
7363 65.0
7364 65.0
7365 65.0
7366 65.0
7367 65.0
7368 65.0
7369 65.0
7370 65.0
7371 65.0
7372 65.0
7373 65.0
7374 65.0
7375 65.0
7376 65.0
7377 65.0
7378 65.0
7379 65.0
7380 65.0
7381 65.0
7382 65.0
7383 65.0
7384 65.0
7385 65.0
7386 65.0
7387 65.0
7388 65.0
7389 65.0
7390 65.0
7391 65.0
7392 65.0
7393 65.0
7394 65.0
7395 65.0
7396 65.0
7397 65.0
7398 65.0
7399 65.0
7400 65.0
7401 65.0
7402 65.0
7403 65.0
7404 65.0
7405 65.0
7406 65.0
7407 65.0
7408 65.0
7409 65.0
7410 65.0
7411 65.0
7412 65.0
7413 65.0
7414 65.0
7415 65.0
7416 65.0
7417 65.0
7418 65.0
7419 65.0
7420 65.0
7421 65.0
7422 65.0
7423 65.0
7424 65.0
7425 65.0
7426 65.0
7427 65.0
7428 65.0
7429 65.0
7430 65.0
7431 65.0
7432 65.0
7433 65.0
7434 65.0
7435 65.0
7436 65.0
7437 65.0
7438 65.0
7439 65.0
7440 65.0
7441 65.0
7442 65.0
7443 65.0
7444 65.0
7445 65.0
7446 65.0
7447 65.0
7448 65.0
7449 65.0
7450 65.0
7451 65.0
7452 65.0
7453 65.0
7454 65.0
7455 65.0
7456 65.0
7457 65.0
7458 65.0
7459 65.0
7460 65.0
7461 65.0
7462 65.0
7463 65.0
7464 65.0
7465 65.0
7466 65.0
7467 65.0
7468 65.0
7469 65.0
7470 65.0
7471 65.0
7472 65.0
7473 65.0
7474 65.0
7475 65.0
7476 65.0
7477 65.0
7478 65.0
7479 65.0
7480 65.0
7481 65.0
7482 65.0
7483 65.0
7484 65.0
7485 65.0
7486 65.0
7487 65.0
7488 65.0
7489 65.0
7490 65.0
7491 65.0
7492 65.0
7493 65.0
7494 65.0
7495 65.0
7496 65.0
7497 65.0
7498 65.0
7499 65.0
7500 65.0
7501 65.0
7502 65.0
7503 65.0
7504 65.0
7505 65.0
7506 65.0
7507 65.0
7508 65.0
7509 65.0
7510 65.0
7511 65.0
7512 65.0
7513 65.0
7514 65.0
7515 65.0
7516 65.0
7517 65.0
7518 65.0
7519 65.0
7520 65.0
7521 65.0
7522 65.0
7523 65.0
7524 65.0
7525 65.0
7526 65.0
7527 65.0
7528 65.0
7529 65.0
7530 65.0
7531 65.0
7532 65.0
7533 65.0
7534 65.0
7535 65.0
7536 65.0
7537 65.0
7538 65.0
7539 65.0
7540 65.0
7541 65.0
7542 65.0
7543 65.0
7544 65.0
7545 65.0
7546 65.0
7547 65.0
7548 65.0
7549 65.0
7550 65.0
7551 65.0
7552 65.0
7553 65.0
7554 65.0
7555 65.0
7556 65.0
7557 65.0
7558 65.0
7559 65.0
7560 65.0
7561 65.0
7562 65.0
7563 65.0
7564 65.0
7565 65.0
7566 65.0
7567 65.0
7568 65.0
7569 65.0
7570 65.0
7571 65.0
7572 65.0
7573 65.0
7574 65.0
7575 65.0
7576 65.0
7577 65.0
7578 65.0
7579 65.0
7580 65.0
7581 65.0
7582 65.0
7583 65.0
7584 65.0
7585 65.0
7586 65.0
7587 65.0
7588 65.0
7589 65.0
7590 65.0
7591 65.0
7592 65.0
7593 65.0
7594 65.0
7595 65.0
7596 65.0
7597 65.0
7598 65.0
7599 65.0
7600 65.0
7601 65.0
7602 65.0
7603 65.0
7604 65.0
7605 65.0
7606 65.0
7607 65.0
7608 65.0
7609 65.0
7610 65.0
7611 65.0
7612 65.0
7613 65.0
7614 65.0
7615 65.0
7616 65.0
7617 65.0
7618 65.0
7619 65.0
7620 65.0
7621 65.0
7622 65.0
7623 65.0
7624 65.0
7625 65.0
7626 65.0
7627 65.0
7628 65.0
7629 65.0
7630 65.0
7631 65.0
7632 65.0
7633 65.0
7634 65.0
7635 65.0
7636 65.0
7637 65.0
7638 65.0
7639 65.0
7640 65.0
7641 65.0
7642 65.0
7643 65.0
7644 65.0
7645 65.0
7646 65.0
7647 65.0
7648 65.0
7649 65.0
7650 65.0
7651 65.0
7652 65.0
7653 65.0
7654 65.0
7655 65.0
7656 65.0
7657 65.0
7658 65.0
7659 65.0
7660 65.0
7661 65.0
7662 65.0
7663 65.0
7664 65.0
7665 65.0
7666 65.0
7667 65.0
7668 65.0
7669 65.0
7670 65.0
7671 65.0
7672 65.0
7673 65.0
7674 65.0
7675 65.0
7676 65.0
7677 65.0
7678 65.0
7679 65.0
7680 65.0
7681 65.0
7682 65.0
7683 65.0
7684 65.0
7685 65.0
7686 65.0
7687 65.0
7688 65.0
7689 65.0
7690 65.0
7691 65.0
7692 65.0
7693 65.0
7694 65.0
7695 65.0
7696 65.0
7697 65.0
7698 65.0
7699 65.0
7700 65.0
7701 65.0
7702 65.0
7703 65.0
7704 65.0
7705 65.0
7706 65.0
7707 65.0
7708 65.0
7709 65.0
7710 65.0
7711 65.0
7712 65.0
7713 65.0
7714 65.0
7715 65.0
7716 65.0
7717 65.0
7718 65.0
7719 65.0
7720 65.0
7721 65.0
7722 65.0
7723 65.0
7724 65.0
7725 65.0
7726 65.0
7727 65.0
7728 65.0
7729 65.0
7730 65.0
7731 65.0
7732 65.0
7733 65.0
7734 65.0
7735 65.0
7736 65.0
7737 65.0
7738 65.0
7739 65.0
7740 65.0
7741 65.0
7742 65.0
7743 65.0
7744 65.0
7745 65.0
7746 65.0
7747 65.0
7748 65.0
7749 65.0
7750 65.0
7751 65.0
7752 65.0
7753 65.0
7754 65.0
7755 65.0
7756 65.0
7757 65.0
7758 65.0
7759 65.0
7760 65.0
7761 65.0
7762 65.0
7763 65.0
7764 65.0
7765 65.0
7766 65.0
7767 65.0
7768 65.0
7769 65.0
7770 65.0
7771 65.0
7772 65.0
7773 65.0
7774 65.0
7775 65.0
7776 65.0
7777 65.0
7778 65.0
7779 65.0
7780 65.0
7781 65.0
7782 65.0
7783 65.0
7784 65.0
7785 65.0
7786 65.0
7787 65.0
7788 65.0
7789 65.0
7790 65.0
7791 65.0
7792 65.0
7793 65.0
7794 65.0
7795 65.0
7796 65.0
7797 65.0
7798 65.0
7799 65.0
7800 65.0
7801 65.0
7802 65.0
7803 65.0
7804 65.0
7805 65.0
7806 65.0
7807 65.0
7808 65.0
7809 65.0
7810 65.0
7811 65.0
7812 65.0
7813 65.0
7814 65.0
7815 65.0
7816 65.0
7817 65.0
7818 65.0
7819 65.0
7820 65.0
7821 65.0
7822 65.0
7823 65.0
7824 65.0
7825 65.0
7826 65.0
7827 65.0
7828 65.0
7829 65.0
7830 65.0
7831 65.0
7832 65.0
7833 65.0
7834 65.0
7835 65.0
7836 65.0
7837 65.0
7838 65.0
7839 65.0
7840 65.0
7841 65.0
7842 65.0
7843 65.0
7844 65.0
7845 65.0
7846 65.0
7847 65.0
7848 65.0
7849 65.0
7850 65.0
7851 65.0
7852 65.0
7853 65.0
7854 65.0
7855 65.0
7856 65.0
7857 65.0
7858 65.0
7859 65.0
7860 65.0
7861 65.0
7862 65.0
7863 65.0
7864 65.0
7865 65.0
7866 65.0
7867 65.0
7868 65.0
7869 65.0
7870 65.0
7871 65.0
7872 65.0
7873 65.0
7874 65.0
7875 65.0
7876 65.0
7877 65.0
7878 65.0
7879 65.0
7880 65.0
7881 65.0
7882 65.0
7883 65.0
7884 65.0
7885 65.0
7886 65.0
7887 65.0
7888 65.0
7889 65.0
7890 65.0
7891 65.0
7892 65.0
7893 65.0
7894 65.0
7895 65.0
7896 65.0
7897 65.0
7898 65.0
7899 65.0
7900 65.0
7901 65.0
7902 65.0
7903 65.0
7904 65.0
7905 65.0
7906 65.0
7907 65.0
7908 65.0
7909 65.0
7910 65.0
7911 65.0
7912 65.0
7913 65.0
7914 65.0
7915 65.0
7916 65.0
7917 65.0
7918 65.0
7919 65.0
7920 65.0
7921 65.0
7922 65.0
7923 65.0
7924 65.0
7925 65.0
7926 65.0
7927 65.0
7928 65.0
7929 65.0
7930 65.0
7931 65.0
7932 65.0
7933 65.0
7934 65.0
7935 65.0
7936 65.0
7937 65.0
7938 65.0
7939 65.0
7940 65.0
7941 65.0
7942 65.0
7943 65.0
7944 65.0
7945 65.0
7946 65.0
7947 65.0
7948 65.0
7949 65.0
7950 65.0
7951 65.0
7952 65.0
7953 65.0
7954 65.0
7955 65.0
7956 65.0
7957 65.0
7958 65.0
7959 65.0
7960 65.0
7961 65.0
7962 65.0
7963 65.0
7964 65.0
7965 65.0
7966 65.0
7967 65.0
7968 65.0
7969 65.0
7970 65.0
7971 65.0
7972 65.0
7973 65.0
7974 65.0
7975 65.0
7976 65.0
7977 65.0
7978 65.0
7979 65.0
7980 65.0
7981 65.0
7982 65.0
7983 65.0
7984 65.0
7985 65.0
7986 65.0
7987 65.0
7988 65.0
7989 65.0
7990 65.0
7991 65.0
7992 65.0
7993 65.0
7994 65.0
7995 65.0
7996 65.0
7997 65.0
7998 65.0
7999 65.0
8000 65.0
8001 65.0
8002 65.0
8003 65.0
8004 65.0
8005 65.0
8006 65.0
8007 65.0
8008 65.0
8009 65.0
8010 65.0
8011 65.0
8012 65.0
8013 65.0
8014 65.0
8015 65.0
8016 65.0
8017 65.0
8018 65.0
8019 65.0
8020 65.0
8021 65.0
8022 65.0
8023 65.0
8024 65.0
8025 65.0
8026 65.0
8027 65.0
8028 65.0
8029 65.0
8030 65.0
8031 65.0
8032 65.0
8033 65.0
8034 65.0
8035 65.0
8036 65.0
8037 65.0
8038 65.0
8039 65.0
8040 65.0
8041 65.0
8042 65.0
8043 65.0
8044 65.0
8045 65.0
8046 65.0
8047 65.0
8048 65.0
8049 65.0
8050 65.0
8051 65.0
8052 65.0
8053 65.0
8054 65.0
8055 65.0
8056 65.0
8057 65.0
8058 65.0
8059 65.0
8060 65.0
8061 65.0
8062 65.0
8063 65.0
8064 65.0
8065 65.0
8066 65.0
8067 65.0
8068 65.0
8069 65.0
8070 65.0
8071 65.0
8072 65.0
8073 65.0
8074 65.0
8075 65.0
8076 65.0
8077 65.0
8078 65.0
8079 65.0
8080 65.0
8081 65.0
8082 65.0
8083 65.0
8084 65.0
8085 65.0
8086 65.0
8087 65.0
8088 65.0
8089 65.0
8090 65.0
8091 65.0
8092 65.0
8093 65.0
8094 65.0
8095 65.0
8096 65.0
8097 65.0
8098 65.0
8099 65.0
8100 65.0
8101 65.0
8102 65.0
8103 65.0
8104 65.0
8105 65.0
8106 65.0
8107 65.0
8108 65.0
8109 65.0
8110 65.0
8111 65.0
8112 65.0
8113 65.0
8114 65.0
8115 65.0
8116 65.0
8117 65.0
8118 65.0
8119 65.0
8120 65.0
8121 65.0
8122 65.0
8123 65.0
8124 65.0
8125 65.0
8126 65.0
8127 65.0
8128 65.0
8129 65.0
8130 65.0
8131 65.0
8132 65.0
8133 65.0
8134 65.0
8135 65.0
8136 65.0
8137 65.0
8138 65.0
8139 65.0
8140 65.0
8141 65.0
8142 65.0
8143 65.0
8144 65.0
8145 65.0
8146 65.0
8147 65.0
8148 65.0
8149 65.0
8150 65.0
8151 65.0
8152 65.0
8153 65.0
8154 65.0
8155 65.0
8156 65.0
8157 65.0
8158 65.0
8159 65.0
8160 65.0
8161 65.0
8162 65.0
8163 65.0
8164 65.0
8165 65.0
8166 65.0
8167 65.0
8168 65.0
8169 65.0
8170 65.0
8171 65.0
8172 65.0
8173 65.0
8174 65.0
8175 65.0
8176 65.0
8177 65.0
8178 65.0
8179 65.0
8180 65.0
8181 65.0
8182 65.0
8183 65.0
8184 65.0
8185 65.0
8186 65.0
8187 65.0
8188 65.0
8189 65.0
8190 65.0
8191 65.0
8192 65.0
8193 65.0
8194 65.0
8195 65.0
8196 65.0
8197 65.0
8198 65.0
8199 65.0
8200 65.0
8201 65.0
8202 65.0
8203 65.0
8204 65.0
8205 65.0
8206 65.0
8207 65.0
8208 65.0
8209 65.0
8210 65.0
8211 65.0
8212 65.0
8213 65.0
8214 65.0
8215 65.0
8216 65.0
8217 65.0
8218 65.0
8219 65.0
8220 65.0
8221 65.0
8222 65.0
8223 65.0
8224 65.0
8225 65.0
8226 65.0
8227 65.0
8228 65.0
8229 65.0
8230 65.0
8231 65.0
8232 65.0
8233 65.0
8234 65.0
8235 65.0
8236 65.0
8237 65.0
8238 65.0
8239 65.0
8240 65.0
8241 65.0
8242 65.0
8243 65.0
8244 65.0
8245 65.0
8246 65.0
8247 65.0
8248 65.0
8249 65.0
8250 65.0
8251 65.0
8252 65.0
8253 65.0
8254 65.0
8255 65.0
8256 65.0
8257 65.0
8258 65.0
8259 65.0
8260 65.0
8261 65.0
8262 65.0
8263 65.0
8264 65.0
8265 65.0
8266 65.0
8267 65.0
8268 65.0
8269 65.0
8270 65.0
8271 65.0
8272 65.0
8273 65.0
8274 65.0
8275 65.0
8276 65.0
8277 65.0
8278 65.0
8279 65.0
8280 65.0
8281 65.0
8282 65.0
8283 65.0
8284 65.0
8285 65.0
8286 65.0
8287 65.0
8288 65.0
8289 65.0
8290 65.0
8291 65.0
8292 65.0
8293 65.0
8294 65.0
8295 65.0
8296 65.0
8297 65.0
8298 65.0
8299 65.0
8300 65.0
8301 65.0
8302 65.0
8303 65.0
8304 65.0
8305 65.0
8306 65.0
8307 65.0
8308 65.0
8309 65.0
8310 65.0
8311 65.0
8312 65.0
8313 65.0
8314 65.0
8315 65.0
8316 65.0
8317 65.0
8318 65.0
8319 65.0
8320 65.0
8321 65.0
8322 65.0
8323 65.0
8324 65.0
8325 65.0
8326 65.0
8327 65.0
8328 65.0
8329 65.0
8330 65.0
8331 65.0
8332 65.0
8333 65.0
8334 65.0
8335 65.0
8336 65.0
8337 65.0
8338 65.0
8339 65.0
8340 65.0
8341 65.0
8342 65.0
8343 65.0
8344 65.0
8345 65.0
8346 65.0
8347 65.0
8348 65.0
8349 65.0
8350 65.0
8351 65.0
8352 65.0
8353 65.0
8354 65.0
8355 65.0
8356 65.0
8357 65.0
8358 65.0
8359 65.0
8360 65.0
8361 65.0
8362 65.0
8363 65.0
8364 65.0
8365 65.0
8366 65.0
8367 65.0
8368 65.0
8369 65.0
8370 65.0
8371 65.0
8372 65.0
8373 65.0
8374 65.0
8375 65.0
8376 65.0
8377 65.0
8378 65.0
8379 65.0
8380 65.0
8381 65.0
8382 65.0
8383 65.0
8384 65.0
8385 65.0
8386 65.0
8387 65.0
8388 65.0
8389 65.0
8390 65.0
8391 65.0
8392 65.0
8393 65.0
8394 65.0
8395 65.0
8396 65.0
8397 65.0
8398 65.0
8399 65.0
8400 65.0
8401 65.0
8402 65.0
8403 65.0
8404 65.0
8405 65.0
8406 65.0
8407 65.0
8408 65.0
8409 65.0
8410 65.0
8411 65.0
8412 65.0
8413 65.0
8414 65.0
8415 65.0
8416 65.0
8417 65.0
8418 65.0
8419 65.0
8420 65.0
8421 65.0
8422 65.0
8423 65.0
8424 65.0
8425 65.0
8426 65.0
8427 65.0
8428 65.0
8429 65.0
8430 65.0
8431 65.0
8432 65.0
8433 65.0
8434 65.0
8435 65.0
8436 65.0
8437 65.0
8438 65.0
8439 65.0
8440 65.0
8441 65.0
8442 65.0
8443 65.0
8444 65.0
8445 65.0
8446 65.0
8447 65.0
8448 65.0
8449 65.0
8450 65.0
8451 65.0
8452 65.0
8453 65.0
8454 65.0
8455 65.0
8456 65.0
8457 65.0
8458 65.0
8459 65.0
8460 65.0
8461 65.0
8462 65.0
8463 65.0
8464 65.0
8465 65.0
8466 65.0
8467 65.0
8468 65.0
8469 65.0
8470 65.0
8471 65.0
8472 65.0
8473 65.0
8474 65.0
8475 65.0
8476 65.0
8477 65.0
8478 65.0
8479 65.0
8480 65.0
8481 65.0
8482 65.0
8483 65.0
8484 65.0
8485 65.0
8486 65.0
8487 65.0
8488 65.0
8489 65.0
8490 65.0
8491 65.0
8492 65.0
8493 65.0
8494 65.0
8495 65.0
8496 65.0
8497 65.0
8498 65.0
8499 65.0
8500 65.0
8501 65.0
8502 65.0
8503 65.0
8504 65.0
8505 65.0
8506 65.0
8507 65.0
8508 65.0
8509 65.0
8510 65.0
8511 65.0
8512 65.0
8513 65.0
8514 65.0
8515 65.0
8516 65.0
8517 65.0
8518 65.0
8519 65.0
8520 65.0
8521 65.0
8522 65.0
8523 65.0
8524 65.0
8525 65.0
8526 65.0
8527 65.0
8528 65.0
8529 65.0
8530 65.0
8531 65.0
8532 65.0
8533 65.0
8534 65.0
8535 65.0
8536 65.0
8537 65.0
8538 65.0
8539 65.0
8540 65.0
8541 65.0
8542 65.0
8543 65.0
8544 65.0
8545 65.0
8546 65.0
8547 65.0
8548 65.0
8549 65.0
8550 65.0
8551 65.0
8552 65.0
8553 65.0
8554 65.0
8555 65.0
8556 65.0
8557 65.0
8558 65.0
8559 65.0
8560 65.0
8561 65.0
8562 65.0
8563 65.0
8564 65.0
8565 65.0
8566 65.0
8567 65.0
8568 65.0
8569 65.0
8570 65.0
8571 65.0
8572 65.0
8573 65.0
8574 65.0
8575 65.0
8576 65.0
8577 65.0
8578 65.0
8579 65.0
8580 65.0
8581 65.0
8582 65.0
8583 65.0
8584 65.0
8585 65.0
8586 65.0
8587 65.0
8588 65.0
8589 65.0
8590 65.0
8591 65.0
8592 65.0
8593 65.0
8594 65.0
8595 65.0
8596 65.0
8597 65.0
8598 65.0
8599 65.0
8600 65.0
8601 65.0
8602 65.0
8603 65.0
8604 65.0
8605 65.0
8606 65.0
8607 65.0
8608 65.0
8609 65.0
8610 65.0
8611 65.0
8612 65.0
8613 65.0
8614 65.0
8615 65.0
8616 65.0
8617 65.0
8618 65.0
8619 65.0
8620 65.0
8621 65.0
8622 65.0
8623 65.0
8624 65.0
8625 65.0
8626 65.0
8627 65.0
8628 65.0
8629 65.0
8630 65.0
8631 65.0
8632 65.0
8633 65.0
8634 65.0
8635 65.0
8636 65.0
8637 65.0
8638 65.0
8639 65.0
8640 65.0
8641 65.0
8642 65.0
8643 65.0
8644 65.0
8645 65.0
8646 65.0
8647 65.0
8648 65.0
8649 65.0
8650 65.0
8651 65.0
8652 65.0
8653 65.0
8654 65.0
8655 65.0
8656 65.0
8657 65.0
8658 65.0
8659 65.0
8660 65.0
8661 65.0
8662 65.0
8663 65.0
8664 65.0
8665 65.0
8666 65.0
8667 65.0
8668 65.0
8669 65.0
8670 65.0
8671 65.0
8672 65.0
8673 65.0
8674 65.0
8675 65.0
8676 65.0
8677 65.0
8678 65.0
8679 65.0
8680 65.0
8681 65.0
8682 65.0
8683 65.0
8684 65.0
8685 65.0
8686 65.0
8687 65.0
8688 65.0
8689 65.0
8690 65.0
8691 65.0
8692 65.0
8693 65.0
8694 65.0
8695 65.0
8696 65.0
8697 65.0
8698 65.0
8699 65.0
8700 65.0
8701 65.0
8702 65.0
8703 65.0
8704 65.0
8705 65.0
8706 65.0
8707 65.0
8708 65.0
8709 65.0
8710 65.0
8711 65.0
8712 65.0
8713 65.0
8714 65.0
8715 65.0
8716 65.0
8717 65.0
8718 65.0
8719 65.0
8720 65.0
8721 65.0
8722 65.0
8723 65.0
8724 65.0
8725 65.0
8726 65.0
8727 65.0
8728 65.0
8729 65.0
8730 65.0
8731 65.0
8732 65.0
8733 65.0
8734 65.0
8735 65.0
8736 65.0
8737 65.0
8738 65.0
8739 65.0
8740 65.0
8741 65.0
8742 65.0
8743 65.0
8744 65.0
8745 65.0
8746 65.0
8747 65.0
8748 65.0
8749 65.0
8750 65.0
8751 65.0
8752 65.0
8753 65.0
8754 65.0
8755 65.0
8756 65.0
8757 65.0
8758 65.0
8759 65.0
8760 65.0
8761 65.0
8762 65.0
8763 65.0
8764 65.0
8765 65.0
8766 65.0
8767 65.0
8768 65.0
8769 65.0
8770 65.0
8771 65.0
8772 65.0
8773 65.0
8774 65.0
8775 65.0
8776 65.0
8777 65.0
8778 65.0
8779 65.0
8780 65.0
8781 65.0
8782 65.0
8783 65.0
8784 65.0
8785 65.0
8786 65.0
8787 65.0
8788 65.0
8789 65.0
8790 65.0
8791 65.0
8792 65.0
8793 65.0
8794 65.0
8795 65.0
8796 65.0
8797 65.0
8798 65.0
8799 65.0
8800 65.0
8801 65.0
8802 65.0
8803 65.0
8804 65.0
8805 65.0
8806 65.0
8807 65.0
8808 65.0
8809 65.0
8810 65.0
8811 65.0
8812 65.0
8813 65.0
8814 65.0
8815 65.0
8816 65.0
8817 65.0
8818 65.0
8819 65.0
8820 65.0
8821 65.0
8822 65.0
8823 65.0
8824 65.0
8825 65.0
8826 65.0
8827 65.0
8828 65.0
8829 65.0
8830 65.0
8831 65.0
8832 65.0
8833 65.0
8834 65.0
8835 65.0
8836 65.0
8837 65.0
8838 65.0
8839 65.0
8840 65.0
8841 65.0
8842 65.0
8843 65.0
8844 65.0
8845 65.0
8846 65.0
8847 65.0
8848 65.0
8849 65.0
8850 65.0
8851 65.0
8852 65.0
8853 65.0
8854 65.0
8855 65.0
8856 65.0
8857 65.0
8858 65.0
8859 65.0
8860 65.0
8861 65.0
8862 65.0
8863 65.0
8864 65.0
8865 65.0
8866 65.0
8867 65.0
8868 65.0
8869 65.0
8870 65.0
8871 65.0
8872 65.0
8873 65.0
8874 65.0
8875 65.0
8876 65.0
8877 65.0
8878 65.0
8879 65.0
8880 65.0
8881 65.0
8882 65.0
8883 65.0
8884 65.0
8885 65.0
8886 65.0
8887 65.0
8888 65.0
8889 65.0
8890 65.0
8891 65.0
8892 65.0
8893 65.0
8894 65.0
8895 65.0
8896 65.0
8897 65.0
8898 65.0
8899 65.0
8900 65.0
8901 65.0
8902 65.0
8903 65.0
8904 65.0
8905 65.0
8906 65.0
8907 65.0
8908 65.0
8909 65.0
8910 65.0
8911 65.0
8912 65.0
8913 65.0
8914 65.0
8915 65.0
8916 65.0
8917 65.0
8918 65.0
8919 65.0
8920 65.0
8921 65.0
8922 65.0
8923 65.0
8924 65.0
8925 65.0
8926 65.0
8927 65.0
8928 65.0
8929 65.0
8930 65.0
8931 65.0
8932 65.0
8933 65.0
8934 65.0
8935 65.0
8936 65.0
8937 65.0
8938 65.0
8939 65.0
8940 65.0
8941 65.0
8942 65.0
8943 65.0
8944 65.0
8945 65.0
8946 65.0
8947 65.0
8948 65.0
8949 65.0
8950 65.0
8951 65.0
8952 65.0
8953 65.0
8954 65.0
8955 65.0
8956 65.0
8957 65.0
8958 65.0
8959 65.0
8960 65.0
8961 65.0
8962 65.0
8963 65.0
8964 65.0
8965 65.0
8966 65.0
8967 65.0
8968 65.0
8969 65.0
8970 65.0
8971 65.0
8972 65.0
8973 65.0
8974 65.0
8975 65.0
8976 65.0
8977 65.0
8978 65.0
8979 65.0
8980 65.0
8981 65.0
8982 65.0
8983 65.0
8984 65.0
8985 65.0
8986 65.0
8987 65.0
8988 65.0
8989 65.0
8990 65.0
8991 65.0
8992 65.0
8993 65.0
8994 65.0
8995 65.0
8996 65.0
8997 65.0
8998 65.0
8999 65.0
9000 65.0
9001 65.0
9002 65.0
9003 65.0
9004 65.0
9005 65.0
9006 65.0
9007 65.0
9008 65.0
9009 65.0
9010 65.0
9011 65.0
9012 65.0
9013 65.0
9014 65.0
9015 65.0
9016 65.0
9017 65.0
9018 65.0
9019 65.0
9020 65.0
9021 65.0
9022 65.0
9023 65.0
9024 65.0
9025 65.0
9026 65.0
9027 65.0
9028 65.0
9029 65.0
9030 65.0
9031 65.0
9032 65.0
9033 65.0
9034 65.0
9035 65.0
9036 65.0
9037 65.0
9038 65.0
9039 65.0
9040 65.0
9041 65.0
9042 65.0
9043 65.0
9044 65.0
9045 65.0
9046 65.0
9047 65.0
9048 65.0
9049 65.0
9050 65.0
9051 65.0
9052 65.0
9053 65.0
9054 65.0
9055 65.0
9056 65.0
9057 65.0
9058 65.0
9059 65.0
9060 65.0
9061 65.0
9062 65.0
9063 65.0
9064 65.0
9065 65.0
9066 65.0
9067 65.0
9068 65.0
9069 65.0
9070 65.0
9071 65.0
9072 65.0
9073 65.0
9074 65.0
9075 65.0
9076 65.0
9077 65.0
9078 65.0
9079 65.0
9080 65.0
9081 65.0
9082 65.0
9083 65.0
9084 65.0
9085 65.0
9086 65.0
9087 65.0
9088 65.0
9089 65.0
9090 65.0
9091 65.0
9092 65.0
9093 65.0
9094 65.0
9095 65.0
9096 65.0
9097 65.0
9098 65.0
9099 65.0
9100 65.0
9101 65.0
9102 65.0
9103 65.0
9104 65.0
9105 65.0
9106 65.0
9107 65.0
9108 65.0
9109 65.0
9110 65.0
9111 65.0
9112 65.0
9113 65.0
9114 65.0
9115 65.0
9116 65.0
9117 65.0
9118 65.0
9119 65.0
9120 65.0
9121 65.0
9122 65.0
9123 65.0
9124 65.0
9125 65.0
9126 65.0
9127 65.0
9128 65.0
9129 65.0
9130 65.0
9131 65.0
9132 65.0
9133 65.0
9134 65.0
9135 65.0
9136 65.0
9137 65.0
9138 65.0
9139 65.0
9140 65.0
9141 65.0
9142 65.0
9143 65.0
9144 65.0
9145 65.0
9146 65.0
9147 65.0
9148 65.0
9149 65.0
9150 65.0
9151 65.0
9152 65.0
9153 65.0
9154 65.0
9155 65.0
9156 65.0
9157 65.0
9158 65.0
9159 65.0
9160 65.0
9161 65.0
9162 65.0
9163 65.0
9164 65.0
9165 65.0
9166 65.0
9167 65.0
9168 65.0
9169 65.0
9170 65.0
9171 65.0
9172 65.0
9173 65.0
9174 65.0
9175 65.0
9176 65.0
9177 65.0
9178 65.0
9179 65.0
9180 65.0
9181 65.0
9182 65.0
9183 65.0
9184 65.0
9185 65.0
9186 65.0
9187 65.0
9188 65.0
9189 65.0
9190 65.0
9191 65.0
9192 65.0
9193 65.0
9194 65.0
9195 65.0
9196 65.0
9197 65.0
9198 65.0
9199 65.0
9200 65.0
9201 65.0
9202 65.0
9203 65.0
9204 65.0
9205 65.0
9206 65.0
9207 65.0
9208 65.0
9209 65.0
9210 65.0
9211 65.0
9212 65.0
9213 65.0
9214 65.0
9215 65.0
9216 65.0
9217 65.0
9218 65.0
9219 65.0
9220 65.0
9221 65.0
9222 65.0
9223 65.0
9224 65.0
9225 65.0
9226 65.0
9227 65.0
9228 65.0
9229 65.0
9230 65.0
9231 65.0
9232 65.0
9233 65.0
9234 65.0
9235 65.0
9236 65.0
9237 65.0
9238 65.0
9239 65.0
9240 65.0
9241 65.0
9242 65.0
9243 65.0
9244 65.0
9245 65.0
9246 65.0
9247 65.0
9248 65.0
9249 65.0
9250 65.0
9251 65.0
9252 65.0
9253 65.0
9254 65.0
9255 65.0
9256 65.0
9257 65.0
9258 65.0
9259 65.0
9260 65.0
9261 65.0
9262 65.0
9263 65.0
9264 65.0
9265 65.0
9266 65.0
9267 65.0
9268 65.0
9269 65.0
9270 65.0
9271 65.0
9272 65.0
9273 65.0
9274 65.0
9275 65.0
9276 65.0
9277 65.0
9278 65.0
9279 65.0
9280 65.0
9281 65.0
9282 65.0
9283 65.0
9284 65.0
9285 65.0
9286 65.0
9287 65.0
9288 65.0
9289 65.0
9290 65.0
9291 65.0
9292 65.0
9293 65.0
9294 65.0
9295 65.0
9296 65.0
9297 65.0
9298 65.0
9299 65.0
9300 65.0
9301 65.0
9302 65.0
9303 65.0
9304 65.0
9305 65.0
9306 65.0
9307 65.0
9308 65.0
9309 65.0
9310 65.0
9311 65.0
9312 65.0
9313 65.0
9314 65.0
9315 65.0
9316 65.0
9317 65.0
9318 65.0
9319 65.0
9320 65.0
9321 65.0
9322 65.0
9323 65.0
9324 65.0
9325 65.0
9326 65.0
9327 65.0
9328 65.0
9329 65.0
9330 65.0
9331 65.0
9332 65.0
9333 65.0
9334 65.0
9335 65.0
9336 65.0
9337 65.0
9338 65.0
9339 65.0
9340 65.0
9341 65.0
9342 65.0
9343 65.0
9344 65.0
9345 65.0
9346 65.0
9347 65.0
9348 65.0
9349 65.0
9350 65.0
9351 65.0
9352 65.0
9353 65.0
9354 65.0
9355 65.0
9356 65.0
9357 65.0
9358 65.0
9359 65.0
9360 65.0
9361 65.0
9362 65.0
9363 65.0
9364 65.0
9365 65.0
9366 65.0
9367 65.0
9368 65.0
9369 65.0
9370 65.0
9371 65.0
9372 65.0
9373 65.0
9374 65.0
9375 65.0
9376 65.0
9377 65.0
9378 65.0
9379 65.0
9380 65.0
9381 65.0
9382 65.0
9383 65.0
9384 65.0
9385 65.0
9386 65.0
9387 65.0
9388 65.0
9389 65.0
9390 65.0
9391 65.0
9392 65.0
9393 65.0
9394 65.0
9395 65.0
9396 65.0
9397 65.0
9398 65.0
9399 65.0
9400 65.0
9401 65.0
9402 65.0
9403 65.0
9404 65.0
9405 65.0
9406 65.0
9407 65.0
9408 65.0
9409 65.0
9410 65.0
9411 65.0
9412 65.0
9413 65.0
9414 65.0
9415 65.0
9416 65.0
9417 65.0
9418 65.0
9419 65.0
9420 65.0
9421 65.0
9422 65.0
9423 65.0
9424 65.0
9425 65.0
9426 65.0
9427 65.0
9428 65.0
9429 65.0
9430 65.0
9431 65.0
9432 65.0
9433 65.0
9434 65.0
9435 65.0
9436 65.0
9437 65.0
9438 65.0
9439 65.0
9440 65.0
9441 65.0
9442 65.0
9443 65.0
9444 65.0
9445 65.0
9446 65.0
9447 65.0
9448 65.0
9449 65.0
9450 65.0
9451 65.0
9452 65.0
9453 65.0
9454 65.0
9455 65.0
9456 65.0
9457 65.0
9458 65.0
9459 65.0
9460 65.0
9461 65.0
9462 65.0
9463 65.0
9464 65.0
9465 65.0
9466 65.0
9467 65.0
9468 65.0
9469 65.0
9470 65.0
9471 65.0
9472 65.0
9473 65.0
9474 65.0
9475 65.0
9476 65.0
9477 65.0
9478 65.0
9479 65.0
9480 65.0
9481 65.0
9482 65.0
9483 65.0
9484 65.0
9485 65.0
9486 65.0
9487 65.0
9488 65.0
9489 65.0
9490 65.0
9491 65.0
9492 65.0
9493 65.0
9494 65.0
9495 65.0
9496 65.0
9497 65.0
9498 65.0
9499 65.0
9500 65.0
9501 65.0
9502 65.0
9503 65.0
9504 65.0
9505 65.0
9506 65.0
9507 65.0
9508 65.0
9509 65.0
9510 65.0
9511 65.0
9512 65.0
9513 65.0
9514 65.0
9515 65.0
9516 65.0
9517 65.0
9518 65.0
9519 65.0
9520 65.0
9521 65.0
9522 65.0
9523 65.0
9524 65.0
9525 65.0
9526 65.0
9527 65.0
9528 65.0
9529 65.0
9530 65.0
9531 65.0
9532 65.0
9533 65.0
9534 65.0
9535 65.0
9536 65.0
9537 65.0
9538 65.0
9539 65.0
9540 65.0
9541 65.0
9542 65.0
9543 65.0
9544 65.0
9545 65.0
9546 65.0
9547 65.0
9548 65.0
9549 65.0
9550 65.0
9551 65.0
9552 65.0
9553 65.0
9554 65.0
9555 65.0
9556 65.0
9557 65.0
9558 65.0
9559 65.0
9560 65.0
9561 65.0
9562 65.0
9563 65.0
9564 65.0
9565 65.0
9566 65.0
9567 65.0
9568 65.0
9569 65.0
9570 65.0
9571 65.0
9572 65.0
9573 65.0
9574 65.0
9575 65.0
9576 65.0
9577 65.0
9578 65.0
9579 65.0
9580 65.0
9581 65.0
9582 65.0
9583 65.0
9584 65.0
9585 65.0
9586 65.0
9587 65.0
9588 65.0
9589 65.0
9590 65.0
9591 65.0
9592 65.0
9593 65.0
9594 65.0
9595 65.0
9596 65.0
9597 65.0
9598 65.0
9599 65.0
9600 65.0
9601 65.0
9602 65.0
9603 65.0
9604 65.0
9605 65.0
9606 65.0
9607 65.0
9608 65.0
9609 65.0
9610 65.0
9611 65.0
9612 65.0
9613 65.0
9614 65.0
9615 65.0
9616 65.0
9617 65.0
9618 65.0
9619 65.0
9620 65.0
9621 65.0
9622 65.0
9623 65.0
9624 65.0
9625 65.0
9626 65.0
9627 65.0
9628 65.0
9629 65.0
9630 65.0
9631 65.0
9632 65.0
9633 65.0
9634 65.0
9635 65.0
9636 65.0
9637 65.0
9638 65.0
9639 65.0
9640 65.0
9641 65.0
9642 65.0
9643 65.0
9644 65.0
9645 65.0
9646 65.0
9647 65.0
9648 65.0
9649 65.0
9650 65.0
9651 65.0
9652 65.0
9653 65.0
9654 65.0
9655 65.0
9656 65.0
9657 65.0
9658 65.0
9659 65.0
9660 65.0
9661 65.0
9662 65.0
9663 65.0
9664 65.0
9665 65.0
9666 65.0
9667 65.0
9668 65.0
9669 65.0
9670 65.0
9671 65.0
9672 65.0
9673 65.0
9674 65.0
9675 65.0
9676 65.0
9677 65.0
9678 65.0
9679 65.0
9680 65.0
9681 65.0
9682 65.0
9683 65.0
9684 65.0
9685 65.0
9686 65.0
9687 65.0
9688 65.0
9689 65.0
9690 65.0
9691 65.0
9692 65.0
9693 65.0
9694 65.0
9695 65.0
9696 65.0
9697 65.0
9698 65.0
9699 65.0
9700 65.0
9701 65.0
9702 65.0
9703 65.0
9704 65.0
9705 65.0
9706 65.0
9707 65.0
9708 65.0
9709 65.0
9710 65.0
9711 65.0
9712 65.0
9713 65.0
9714 65.0
9715 65.0
9716 65.0
9717 65.0
9718 65.0
9719 65.0
9720 65.0
9721 65.0
9722 65.0
9723 65.0
9724 65.0
9725 65.0
9726 65.0
9727 65.0
9728 65.0
9729 65.0
9730 65.0
9731 65.0
9732 65.0
9733 65.0
9734 65.0
9735 65.0
9736 65.0
9737 65.0
9738 65.0
9739 65.0
9740 65.0
9741 65.0
9742 65.0
9743 65.0
9744 65.0
9745 65.0
9746 65.0
9747 65.0
9748 65.0
9749 65.0
9750 65.0
9751 65.0
9752 65.0
9753 65.0
9754 65.0
9755 65.0
9756 65.0
9757 65.0
9758 65.0
9759 65.0
9760 65.0
9761 65.0
9762 65.0
9763 65.0
9764 65.0
9765 65.0
9766 65.0
9767 65.0
9768 65.0
9769 65.0
9770 65.0
9771 65.0
9772 65.0
9773 65.0
9774 65.0
9775 65.0
9776 65.0
9777 65.0
9778 65.0
9779 65.0
9780 65.0
9781 65.0
9782 65.0
9783 65.0
9784 65.0
9785 65.0
9786 65.0
9787 65.0
9788 65.0
9789 65.0
9790 65.0
9791 65.0
9792 65.0
9793 65.0
9794 65.0
9795 65.0
9796 65.0
9797 65.0
9798 65.0
9799 65.0
9800 65.0
9801 65.0
9802 65.0
9803 65.0
9804 65.0
9805 65.0
9806 65.0
9807 65.0
9808 65.0
9809 65.0
9810 65.0
9811 65.0
9812 65.0
9813 65.0
9814 65.0
9815 65.0
9816 65.0
9817 65.0
9818 65.0
9819 65.0
9820 65.0
9821 65.0
9822 65.0
9823 65.0
9824 65.0
9825 65.0
9826 65.0
9827 65.0
9828 65.0
9829 65.0
9830 65.0
9831 65.0
9832 65.0
9833 65.0
9834 65.0
9835 65.0
9836 65.0
9837 65.0
9838 65.0
9839 65.0
9840 65.0
9841 65.0
9842 65.0
9843 65.0
9844 65.0
9845 65.0
9846 65.0
9847 65.0
9848 65.0
9849 65.0
9850 65.0
9851 65.0
9852 65.0
9853 65.0
9854 65.0
9855 65.0
9856 65.0
9857 65.0
9858 65.0
9859 65.0
9860 65.0
9861 65.0
9862 65.0
9863 65.0
9864 65.0
9865 65.0
9866 65.0
9867 65.0
9868 65.0
9869 65.0
9870 65.0
9871 65.0
9872 65.0
9873 65.0
9874 65.0
9875 65.0
9876 65.0
9877 65.0
9878 65.0
9879 65.0
9880 65.0
9881 65.0
9882 65.0
9883 65.0
9884 65.0
9885 65.0
9886 65.0
9887 65.0
9888 65.0
9889 65.0
9890 65.0
9891 65.0
9892 65.0
9893 65.0
9894 65.0
9895 65.0
9896 65.0
9897 65.0
9898 65.0
9899 65.0
9900 65.0
9901 65.0
9902 65.0
9903 65.0
9904 65.0
9905 65.0
9906 65.0
9907 65.0
9908 65.0
9909 65.0
9910 65.0
9911 65.0
9912 65.0
9913 65.0
9914 65.0
9915 65.0
9916 65.0
9917 65.0
9918 65.0
9919 65.0
9920 65.0
9921 65.0
9922 65.0
9923 65.0
9924 65.0
9925 65.0
9926 65.0
9927 65.0
9928 65.0
9929 65.0
9930 65.0
9931 65.0
9932 65.0
9933 65.0
9934 65.0
9935 65.0
9936 65.0
9937 65.0
9938 65.0
9939 65.0
9940 65.0
9941 65.0
9942 65.0
9943 65.0
9944 65.0
9945 65.0
9946 65.0
9947 65.0
9948 65.0
9949 65.0
9950 65.0
9951 65.0
9952 65.0
9953 65.0
9954 65.0
9955 65.0
9956 65.0
9957 65.0
9958 65.0
9959 65.0
9960 65.0
9961 65.0
9962 65.0
9963 65.0
9964 65.0
9965 65.0
9966 65.0
9967 65.0
9968 65.0
9969 65.0
9970 65.0
9971 65.0
9972 65.0
9973 65.0
9974 65.0
9975 65.0
9976 65.0
9977 65.0
9978 65.0
9979 65.0
9980 65.0
9981 65.0
9982 65.0
9983 65.0
9984 65.0
9985 65.0
9986 65.0
9987 65.0
9988 65.0
9989 65.0
9990 65.0
9991 65.0
9992 65.0
9993 65.0
9994 65.0
9995 65.0
9996 65.0
9997 65.0
9998 65.0
9999 65.0
10000 65.0
