evaluations raw_y
1 -1976.0000000000
4 -1975.0000000000
5 -1974.0000000000
6 -1973.0000000000
9 -1972.0000000000
11 -1971.0000000000
12 -1970.0000000000
13 -1969.0000000000
14 -1968.0000000000
16 -1967.0000000000
18 -1966.0000000000
19 -1965.0000000000
20 -1964.0000000000
21 -1963.0000000000
22 -1962.0000000000
26 -1961.0000000000
28 -1960.0000000000
31 -1959.0000000000
32 -1958.0000000000
36 -1957.0000000000
37 -1956.0000000000
40 -1955.0000000000
41 -1954.0000000000
42 -1953.0000000000
43 -1952.0000000000
46 -1951.0000000000
47 -1950.0000000000
48 -1949.0000000000
50 -1948.0000000000
51 -1947.0000000000
54 -1946.0000000000
56 -1945.0000000000
59 -1944.0000000000
61 -1943.0000000000
67 -1942.0000000000
68 -1941.0000000000
69 -1940.0000000000
70 -1939.0000000000
76 -1938.0000000000
77 -1937.0000000000
81 -1936.0000000000
85 -1935.0000000000
91 -1934.0000000000
92 -1933.0000000000
96 -1932.0000000000
97 -1931.0000000000
98 -1930.0000000000
99 -1929.0000000000
101 -1928.0000000000
102 -1927.0000000000
103 -1926.0000000000
105 -1925.0000000000
107 -1924.0000000000
108 -1923.0000000000
109 -1922.0000000000
112 -1921.0000000000
114 -1920.0000000000
116 -1919.0000000000
117 -1918.0000000000
119 -1917.0000000000
121 -1916.0000000000
122 -1915.0000000000
125 -1914.0000000000
126 -1913.0000000000
129 -1912.0000000000
130 -1911.0000000000
131 -1910.0000000000
134 -1909.0000000000
138 -1908.0000000000
139 -1907.0000000000
140 -1906.0000000000
142 -1905.0000000000
143 -1904.0000000000
144 -1903.0000000000
145 -1902.0000000000
146 -1901.0000000000
147 -1900.0000000000
150 -1899.0000000000
154 -1898.0000000000
156 -1897.0000000000
157 -1896.0000000000
165 -1895.0000000000
172 -1894.0000000000
173 -1893.0000000000
174 -1892.0000000000
175 -1891.0000000000
181 -1890.0000000000
182 -1889.0000000000
187 -1888.0000000000
189 -1887.0000000000
190 -1886.0000000000
191 -1885.0000000000
193 -1884.0000000000
200 -1883.0000000000
202 -1882.0000000000
204 -1881.0000000000
209 -1880.0000000000
211 -1879.0000000000
212 -1878.0000000000
213 -1877.0000000000
214 -1876.0000000000
225 -1875.0000000000
227 -1874.0000000000
230 -1873.0000000000
232 -1872.0000000000
233 -1871.0000000000
234 -1870.0000000000
239 -1869.0000000000
245 -1868.0000000000
246 -1867.0000000000
249 -1866.0000000000
252 -1865.0000000000
253 -1864.0000000000
255 -1863.0000000000
256 -1862.0000000000
262 -1861.0000000000
264 -1860.0000000000
265 -1859.0000000000
266 -1858.0000000000
267 -1857.0000000000
268 -1856.0000000000
269 -1855.0000000000
270 -1854.0000000000
271 -1853.0000000000
273 -1852.0000000000
277 -1851.0000000000
278 -1850.0000000000
279 -1849.0000000000
281 -1848.0000000000
283 -1847.0000000000
284 -1846.0000000000
285 -1845.0000000000
286 -1844.0000000000
288 -1843.0000000000
290 -1842.0000000000
292 -1841.0000000000
295 -1840.0000000000
299 -1839.0000000000
302 -1838.0000000000
305 -1837.0000000000
306 -1836.0000000000
307 -1835.0000000000
308 -1834.0000000000
309 -1833.0000000000
310 -1832.0000000000
312 -1831.0000000000
317 -1830.0000000000
319 -1829.0000000000
323 -1828.0000000000
324 -1827.0000000000
325 -1826.0000000000
327 -1825.0000000000
330 -1824.0000000000
331 -1823.0000000000
332 -1822.0000000000
333 -1821.0000000000
334 -1820.0000000000
337 -1819.0000000000
338 -1818.0000000000
339 -1817.0000000000
342 -1816.0000000000
343 -1815.0000000000
345 -1814.0000000000
350 -1813.0000000000
360 -1812.0000000000
362 -1811.0000000000
364 -1810.0000000000
365 -1809.0000000000
366 -1808.0000000000
367 -1807.0000000000
369 -1806.0000000000
370 -1805.0000000000
371 -1804.0000000000
372 -1803.0000000000
377 -1802.0000000000
388 -1801.0000000000
390 -1800.0000000000
392 -1799.0000000000
393 -1798.0000000000
394 -1797.0000000000
395 -1796.0000000000
397 -1795.0000000000
399 -1794.0000000000
400 -1793.0000000000
401 -1792.0000000000
403 -1791.0000000000
406 -1790.0000000000
408 -1789.0000000000
409 -1788.0000000000
412 -1787.0000000000
415 -1786.0000000000
416 -1785.0000000000
418 -1784.0000000000
420 -1783.0000000000
421 -1782.0000000000
422 -1781.0000000000
423 -1780.0000000000
426 -1779.0000000000
428 -1778.0000000000
432 -1777.0000000000
433 -1776.0000000000
435 -1775.0000000000
436 -1774.0000000000
439 -1773.0000000000
440 -1772.0000000000
441 -1771.0000000000
442 -1770.0000000000
444 -1769.0000000000
447 -1768.0000000000
451 -1767.0000000000
458 -1766.0000000000
460 -1765.0000000000
461 -1764.0000000000
462 -1763.0000000000
464 -1762.0000000000
467 -1761.0000000000
468 -1760.0000000000
469 -1759.0000000000
470 -1758.0000000000
472 -1757.0000000000
473 -1756.0000000000
475 -1755.0000000000
476 -1754.0000000000
477 -1753.0000000000
479 -1752.0000000000
482 -1751.0000000000
485 -1750.0000000000
493 -1749.0000000000
495 -1748.0000000000
496 -1747.0000000000
497 -1746.0000000000
501 -1745.0000000000
503 -1744.0000000000
507 -1743.0000000000
509 -1742.0000000000
510 -1741.0000000000
512 -1740.0000000000
513 -1739.0000000000
514 -1738.0000000000
519 -1737.0000000000
531 -1736.0000000000
534 -1735.0000000000
535 -1734.0000000000
540 -1733.0000000000
541 -1732.0000000000
542 -1731.0000000000
544 -1730.0000000000
548 -1729.0000000000
549 -1728.0000000000
553 -1727.0000000000
554 -1726.0000000000
555 -1725.0000000000
556 -1724.0000000000
557 -1723.0000000000
559 -1722.0000000000
562 -1721.0000000000
563 -1720.0000000000
564 -1719.0000000000
570 -1718.0000000000
571 -1717.0000000000
573 -1716.0000000000
575 -1715.0000000000
582 -1714.0000000000
587 -1713.0000000000
590 -1712.0000000000
591 -1711.0000000000
597 -1710.0000000000
598 -1709.0000000000
599 -1708.0000000000
603 -1707.0000000000
606 -1706.0000000000
611 -1705.0000000000
616 -1704.0000000000
624 -1703.0000000000
642 -1702.0000000000
643 -1701.0000000000
644 -1700.0000000000
645 -1699.0000000000
646 -1698.0000000000
651 -1697.0000000000
652 -1696.0000000000
655 -1695.0000000000
656 -1694.0000000000
657 -1693.0000000000
662 -1692.0000000000
664 -1691.0000000000
665 -1690.0000000000
669 -1689.0000000000
672 -1688.0000000000
674 -1687.0000000000
676 -1686.0000000000
679 -1685.0000000000
683 -1684.0000000000
684 -1683.0000000000
689 -1682.0000000000
699 -1681.0000000000
700 -1680.0000000000
701 -1679.0000000000
702 -1678.0000000000
703 -1677.0000000000
704 -1676.0000000000
705 -1675.0000000000
706 -1674.0000000000
709 -1673.0000000000
710 -1672.0000000000
711 -1671.0000000000
717 -1670.0000000000
718 -1669.0000000000
719 -1668.0000000000
720 -1667.0000000000
724 -1666.0000000000
726 -1665.0000000000
727 -1664.0000000000
734 -1663.0000000000
736 -1662.0000000000
737 -1661.0000000000
738 -1660.0000000000
743 -1659.0000000000
745 -1658.0000000000
746 -1657.0000000000
754 -1656.0000000000
755 -1655.0000000000
757 -1654.0000000000
759 -1653.0000000000
760 -1652.0000000000
766 -1651.0000000000
767 -1650.0000000000
769 -1649.0000000000
770 -1648.0000000000
771 -1647.0000000000
772 -1646.0000000000
777 -1645.0000000000
778 -1644.0000000000
779 -1643.0000000000
780 -1642.0000000000
783 -1641.0000000000
784 -1640.0000000000
790 -1639.0000000000
791 -1638.0000000000
794 -1637.0000000000
799 -1636.0000000000
800 -1635.0000000000
801 -1634.0000000000
802 -1633.0000000000
812 -1632.0000000000
813 -1631.0000000000
814 -1630.0000000000
819 -1629.0000000000
821 -1628.0000000000
826 -1627.0000000000
828 -1626.0000000000
829 -1625.0000000000
832 -1624.0000000000
834 -1623.0000000000
835 -1622.0000000000
838 -1621.0000000000
840 -1620.0000000000
843 -1619.0000000000
844 -1618.0000000000
851 -1617.0000000000
852 -1616.0000000000
855 -1615.0000000000
857 -1614.0000000000
858 -1613.0000000000
859 -1612.0000000000
867 -1611.0000000000
868 -1610.0000000000
869 -1609.0000000000
870 -1608.0000000000
871 -1607.0000000000
872 -1606.0000000000
874 -1605.0000000000
877 -1604.0000000000
880 -1603.0000000000
881 -1602.0000000000
884 -1601.0000000000
886 -1600.0000000000
888 -1599.0000000000
889 -1598.0000000000
892 -1597.0000000000
893 -1596.0000000000
894 -1595.0000000000
895 -1594.0000000000
899 -1593.0000000000
903 -1592.0000000000
904 -1591.0000000000
907 -1590.0000000000
908 -1589.0000000000
914 -1588.0000000000
916 -1587.0000000000
918 -1586.0000000000
922 -1585.0000000000
926 -1584.0000000000
928 -1583.0000000000
931 -1582.0000000000
935 -1581.0000000000
936 -1580.0000000000
939 -1579.0000000000
940 -1578.0000000000
941 -1577.0000000000
947 -1576.0000000000
948 -1575.0000000000
952 -1574.0000000000
953 -1573.0000000000
956 -1572.0000000000
957 -1571.0000000000
958 -1570.0000000000
959 -1569.0000000000
961 -1568.0000000000
962 -1567.0000000000
964 -1566.0000000000
965 -1565.0000000000
967 -1564.0000000000
974 -1563.0000000000
979 -1562.0000000000
984 -1561.0000000000
986 -1560.0000000000
988 -1559.0000000000
991 -1558.0000000000
995 -1557.0000000000
996 -1556.0000000000
997 -1555.0000000000
1007 -1554.0000000000
1008 -1553.0000000000
1014 -1552.0000000000
1026 -1551.0000000000
1031 -1550.0000000000
1038 -1549.0000000000
1046 -1548.0000000000
1047 -1547.0000000000
1052 -1546.0000000000
1053 -1545.0000000000
1054 -1544.0000000000
1057 -1543.0000000000
1058 -1542.0000000000
1059 -1541.0000000000
1060 -1540.0000000000
1064 -1539.0000000000
1068 -1538.0000000000
1073 -1537.0000000000
1074 -1536.0000000000
1075 -1535.0000000000
1077 -1534.0000000000
1078 -1533.0000000000
1080 -1532.0000000000
1082 -1531.0000000000
1083 -1530.0000000000
1090 -1529.0000000000
1091 -1528.0000000000
1094 -1527.0000000000
1095 -1526.0000000000
1096 -1525.0000000000
1097 -1524.0000000000
1100 -1523.0000000000
1101 -1522.0000000000
1103 -1521.0000000000
1104 -1520.0000000000
1106 -1519.0000000000
1107 -1518.0000000000
1109 -1517.0000000000
1115 -1516.0000000000
1117 -1515.0000000000
1119 -1514.0000000000
1121 -1513.0000000000
1123 -1512.0000000000
1132 -1511.0000000000
1135 -1510.0000000000
1140 -1509.0000000000
1141 -1508.0000000000
1146 -1507.0000000000
1149 -1506.0000000000
1150 -1505.0000000000
1151 -1504.0000000000
1159 -1503.0000000000
1164 -1502.0000000000
1165 -1501.0000000000
1167 -1500.0000000000
1168 -1499.0000000000
1170 -1498.0000000000
1171 -1497.0000000000
1173 -1496.0000000000
1174 -1495.0000000000
1176 -1494.0000000000
1178 -1493.0000000000
1179 -1492.0000000000
1180 -1491.0000000000
1185 -1490.0000000000
1186 -1489.0000000000
1187 -1488.0000000000
1189 -1487.0000000000
1197 -1486.0000000000
1198 -1485.0000000000
1200 -1484.0000000000
1203 -1483.0000000000
1204 -1482.0000000000
1208 -1481.0000000000
1209 -1480.0000000000
1212 -1479.0000000000
1214 -1478.0000000000
1216 -1477.0000000000
1218 -1476.0000000000
1223 -1475.0000000000
1235 -1474.0000000000
1241 -1473.0000000000
1242 -1472.0000000000
1248 -1471.0000000000
1249 -1470.0000000000
1251 -1469.0000000000
1252 -1468.0000000000
1254 -1467.0000000000
1255 -1466.0000000000
1258 -1465.0000000000
1260 -1464.0000000000
1264 -1463.0000000000
1267 -1462.0000000000
1272 -1461.0000000000
1274 -1460.0000000000
1279 -1459.0000000000
1280 -1458.0000000000
1281 -1457.0000000000
1284 -1456.0000000000
1289 -1455.0000000000
1290 -1454.0000000000
1291 -1453.0000000000
1292 -1452.0000000000
1293 -1451.0000000000
1295 -1450.0000000000
1296 -1449.0000000000
1297 -1448.0000000000
1304 -1447.0000000000
1305 -1446.0000000000
1307 -1445.0000000000
1310 -1444.0000000000
1313 -1443.0000000000
1315 -1442.0000000000
1316 -1441.0000000000
1317 -1440.0000000000
1322 -1439.0000000000
1323 -1438.0000000000
1325 -1437.0000000000
1326 -1436.0000000000
1331 -1435.0000000000
1332 -1434.0000000000
1333 -1433.0000000000
1334 -1432.0000000000
1335 -1431.0000000000
1341 -1430.0000000000
1344 -1429.0000000000
1346 -1428.0000000000
1348 -1427.0000000000
1349 -1426.0000000000
1350 -1425.0000000000
1354 -1424.0000000000
1360 -1423.0000000000
1361 -1422.0000000000
1363 -1421.0000000000
1367 -1420.0000000000
1368 -1419.0000000000
1370 -1418.0000000000
1378 -1417.0000000000
1379 -1416.0000000000
1380 -1415.0000000000
1385 -1414.0000000000
1386 -1413.0000000000
1388 -1412.0000000000
1389 -1411.0000000000
1391 -1410.0000000000
1393 -1409.0000000000
1394 -1408.0000000000
1396 -1407.0000000000
1397 -1406.0000000000
1399 -1405.0000000000
1402 -1404.0000000000
1417 -1403.0000000000
1418 -1402.0000000000
1419 -1401.0000000000
1423 -1400.0000000000
1424 -1399.0000000000
1425 -1398.0000000000
1428 -1397.0000000000
1429 -1396.0000000000
1431 -1395.0000000000
1433 -1394.0000000000
1434 -1393.0000000000
1441 -1392.0000000000
1442 -1391.0000000000
1445 -1390.0000000000
1448 -1389.0000000000
1458 -1388.0000000000
1460 -1387.0000000000
1463 -1386.0000000000
1465 -1385.0000000000
1473 -1384.0000000000
1474 -1383.0000000000
1475 -1382.0000000000
1482 -1381.0000000000
1483 -1380.0000000000
1485 -1379.0000000000
1487 -1378.0000000000
1492 -1377.0000000000
1495 -1376.0000000000
1499 -1375.0000000000
1501 -1374.0000000000
1509 -1373.0000000000
1514 -1372.0000000000
1520 -1371.0000000000
1522 -1370.0000000000
1525 -1369.0000000000
1527 -1368.0000000000
1528 -1367.0000000000
1532 -1366.0000000000
1533 -1365.0000000000
1536 -1364.0000000000
1537 -1363.0000000000
1538 -1362.0000000000
1539 -1361.0000000000
1540 -1360.0000000000
1541 -1359.0000000000
1542 -1358.0000000000
1547 -1357.0000000000
1549 -1356.0000000000
1550 -1355.0000000000
1552 -1354.0000000000
1561 -1353.0000000000
1562 -1352.0000000000
1563 -1351.0000000000
1568 -1350.0000000000
1574 -1349.0000000000
1578 -1348.0000000000
1580 -1347.0000000000
1581 -1346.0000000000
1582 -1345.0000000000
1586 -1344.0000000000
1597 -1343.0000000000
1598 -1342.0000000000
1599 -1341.0000000000
1602 -1340.0000000000
1603 -1339.0000000000
1604 -1338.0000000000
1611 -1337.0000000000
1617 -1336.0000000000
1618 -1335.0000000000
1619 -1334.0000000000
1626 -1333.0000000000
1627 -1332.0000000000
1628 -1331.0000000000
1629 -1330.0000000000
1630 -1329.0000000000
1632 -1328.0000000000
1641 -1327.0000000000
1643 -1326.0000000000
1646 -1325.0000000000
1651 -1324.0000000000
1654 -1323.0000000000
1655 -1322.0000000000
1656 -1321.0000000000
1657 -1320.0000000000
1660 -1319.0000000000
1662 -1318.0000000000
1664 -1317.0000000000
1666 -1316.0000000000
1672 -1315.0000000000
1673 -1314.0000000000
1679 -1313.0000000000
1680 -1312.0000000000
1685 -1311.0000000000
1686 -1310.0000000000
1688 -1309.0000000000
1690 -1308.0000000000
1693 -1307.0000000000
1695 -1306.0000000000
1696 -1305.0000000000
1699 -1304.0000000000
1702 -1303.0000000000
1707 -1302.0000000000
1709 -1301.0000000000
1712 -1300.0000000000
1715 -1299.0000000000
1718 -1298.0000000000
1719 -1297.0000000000
1728 -1296.0000000000
1730 -1295.0000000000
1741 -1294.0000000000
1742 -1293.0000000000
1746 -1292.0000000000
1750 -1291.0000000000
1752 -1290.0000000000
1756 -1289.0000000000
1759 -1288.0000000000
1761 -1287.0000000000
1764 -1286.0000000000
1766 -1285.0000000000
1767 -1284.0000000000
1771 -1283.0000000000
1774 -1282.0000000000
1775 -1281.0000000000
1776 -1280.0000000000
1777 -1279.0000000000
1778 -1278.0000000000
1781 -1277.0000000000
1785 -1276.0000000000
1786 -1275.0000000000
1795 -1274.0000000000
1796 -1273.0000000000
1801 -1272.0000000000
1803 -1271.0000000000
1806 -1270.0000000000
1809 -1269.0000000000
1811 -1268.0000000000
1813 -1267.0000000000
1816 -1266.0000000000
1817 -1265.0000000000
1823 -1264.0000000000
1824 -1263.0000000000
1825 -1262.0000000000
1834 -1261.0000000000
1835 -1260.0000000000
1839 -1259.0000000000
1841 -1258.0000000000
1843 -1257.0000000000
1847 -1256.0000000000
1853 -1255.0000000000
1854 -1254.0000000000
1861 -1253.0000000000
1863 -1252.0000000000
1865 -1251.0000000000
1868 -1250.0000000000
1870 -1249.0000000000
1881 -1248.0000000000
1882 -1247.0000000000
1883 -1246.0000000000
1886 -1245.0000000000
1887 -1244.0000000000
1899 -1243.0000000000
1900 -1242.0000000000
1902 -1241.0000000000
1911 -1240.0000000000
1920 -1239.0000000000
1921 -1238.0000000000
1923 -1237.0000000000
1925 -1236.0000000000
1926 -1235.0000000000
1927 -1234.0000000000
1932 -1233.0000000000
1933 -1232.0000000000
1934 -1231.0000000000
1936 -1230.0000000000
1940 -1229.0000000000
1941 -1228.0000000000
1942 -1227.0000000000
1947 -1226.0000000000
1949 -1225.0000000000
1952 -1224.0000000000
1953 -1223.0000000000
1954 -1222.0000000000
1956 -1221.0000000000
1957 -1220.0000000000
1961 -1219.0000000000
1963 -1218.0000000000
1964 -1217.0000000000
1967 -1216.0000000000
1970 -1215.0000000000
1971 -1214.0000000000
1977 -1213.0000000000
1983 -1212.0000000000
1986 -1211.0000000000
1988 -1210.0000000000
1989 -1209.0000000000
1990 -1208.0000000000
1999 -1207.0000000000
2000 -1206.0000000000
2005 -1205.0000000000
2007 -1204.0000000000
2012 -1203.0000000000
2013 -1202.0000000000
2019 -1201.0000000000
2023 -1200.0000000000
2029 -1199.0000000000
2031 -1198.0000000000
2033 -1197.0000000000
2035 -1196.0000000000
2036 -1195.0000000000
2038 -1194.0000000000
2040 -1193.0000000000
2041 -1192.0000000000
2042 -1191.0000000000
2048 -1190.0000000000
2049 -1189.0000000000
2052 -1188.0000000000
2056 -1187.0000000000
2057 -1186.0000000000
2059 -1185.0000000000
2060 -1184.0000000000
2062 -1183.0000000000
2065 -1182.0000000000
2069 -1181.0000000000
2070 -1180.0000000000
2071 -1179.0000000000
2075 -1178.0000000000
2081 -1177.0000000000
2083 -1176.0000000000
2092 -1175.0000000000
2093 -1174.0000000000
2098 -1173.0000000000
2102 -1172.0000000000
2104 -1171.0000000000
2109 -1170.0000000000
2110 -1169.0000000000
2113 -1168.0000000000
2115 -1167.0000000000
2118 -1166.0000000000
2123 -1165.0000000000
2129 -1164.0000000000
2131 -1163.0000000000
2133 -1162.0000000000
2138 -1161.0000000000
2141 -1160.0000000000
2143 -1159.0000000000
2144 -1158.0000000000
2149 -1157.0000000000
2154 -1156.0000000000
2159 -1155.0000000000
2169 -1154.0000000000
2177 -1153.0000000000
2182 -1152.0000000000
2194 -1151.0000000000
2199 -1150.0000000000
2201 -1149.0000000000
2202 -1148.0000000000
2203 -1147.0000000000
2209 -1146.0000000000
2212 -1145.0000000000
2213 -1144.0000000000
2214 -1143.0000000000
2216 -1142.0000000000
2218 -1141.0000000000
2229 -1140.0000000000
2233 -1139.0000000000
2239 -1138.0000000000
2241 -1137.0000000000
2251 -1136.0000000000
2252 -1135.0000000000
2257 -1134.0000000000
2258 -1133.0000000000
2259 -1132.0000000000
2264 -1131.0000000000
2266 -1130.0000000000
2269 -1129.0000000000
2273 -1128.0000000000
2274 -1127.0000000000
2279 -1126.0000000000
2284 -1125.0000000000
2297 -1124.0000000000
2299 -1123.0000000000
2300 -1122.0000000000
2302 -1121.0000000000
2311 -1120.0000000000
2312 -1119.0000000000
2313 -1118.0000000000
2314 -1117.0000000000
2315 -1116.0000000000
2316 -1115.0000000000
2317 -1114.0000000000
2319 -1113.0000000000
2333 -1112.0000000000
2341 -1111.0000000000
2344 -1110.0000000000
2346 -1109.0000000000
2355 -1108.0000000000
2364 -1107.0000000000
2365 -1106.0000000000
2370 -1105.0000000000
2372 -1104.0000000000
2373 -1103.0000000000
2380 -1102.0000000000
2393 -1101.0000000000
2394 -1100.0000000000
2399 -1099.0000000000
2403 -1098.0000000000
2410 -1097.0000000000
2415 -1096.0000000000
2419 -1095.0000000000
2430 -1094.0000000000
2431 -1093.0000000000
2436 -1092.0000000000
2440 -1091.0000000000
2443 -1090.0000000000
2449 -1089.0000000000
2451 -1088.0000000000
2453 -1087.0000000000
2462 -1086.0000000000
2463 -1085.0000000000
2464 -1084.0000000000
2465 -1083.0000000000
2472 -1082.0000000000
2478 -1081.0000000000
2481 -1080.0000000000
2483 -1079.0000000000
2487 -1078.0000000000
2494 -1077.0000000000
2495 -1076.0000000000
2496 -1075.0000000000
2498 -1074.0000000000
2499 -1073.0000000000
2506 -1072.0000000000
2508 -1071.0000000000
2512 -1070.0000000000
2514 -1069.0000000000
2516 -1068.0000000000
2519 -1067.0000000000
2523 -1066.0000000000
2527 -1065.0000000000
2528 -1064.0000000000
2529 -1063.0000000000
2530 -1062.0000000000
2540 -1061.0000000000
2546 -1060.0000000000
2552 -1059.0000000000
2560 -1058.0000000000
2563 -1057.0000000000
2566 -1056.0000000000
2567 -1055.0000000000
2572 -1054.0000000000
2577 -1053.0000000000
2579 -1052.0000000000
2580 -1051.0000000000
2583 -1050.0000000000
2586 -1049.0000000000
2587 -1048.0000000000
2594 -1047.0000000000
2609 -1046.0000000000
2610 -1045.0000000000
2619 -1044.0000000000
2632 -1043.0000000000
2635 -1042.0000000000
2637 -1041.0000000000
2642 -1040.0000000000
2646 -1039.0000000000
2650 -1038.0000000000
2658 -1037.0000000000
2659 -1036.0000000000
2660 -1035.0000000000
2661 -1034.0000000000
2663 -1033.0000000000
2669 -1032.0000000000
2670 -1031.0000000000
2671 -1030.0000000000
2674 -1029.0000000000
2675 -1028.0000000000
2687 -1027.0000000000
2690 -1026.0000000000
2693 -1025.0000000000
2694 -1024.0000000000
2695 -1023.0000000000
2703 -1022.0000000000
2709 -1021.0000000000
2713 -1020.0000000000
2714 -1019.0000000000
2715 -1018.0000000000
2716 -1017.0000000000
2719 -1016.0000000000
2724 -1015.0000000000
2726 -1014.0000000000
2727 -1013.0000000000
2730 -1012.0000000000
2731 -1011.0000000000
2736 -1010.0000000000
2738 -1009.0000000000
2740 -1008.0000000000
2744 -1007.0000000000
2746 -1006.0000000000
2747 -1005.0000000000
2756 -1004.0000000000
2758 -1003.0000000000
2765 -1002.0000000000
2768 -1001.0000000000
2770 -1000.0000000000
2775 -999.0000000000
2779 -998.0000000000
2780 -997.0000000000
2786 -996.0000000000
2789 -995.0000000000
2793 -994.0000000000
2807 -993.0000000000
2808 -992.0000000000
2812 -991.0000000000
2817 -990.0000000000
2819 -989.0000000000
2821 -988.0000000000
2831 -987.0000000000
2835 -986.0000000000
2842 -985.0000000000
2851 -984.0000000000
2860 -983.0000000000
2863 -982.0000000000
2872 -981.0000000000
2875 -980.0000000000
2880 -979.0000000000
2883 -978.0000000000
2888 -977.0000000000
2890 -976.0000000000
2891 -975.0000000000
2901 -974.0000000000
2905 -973.0000000000
2906 -972.0000000000
2911 -971.0000000000
2912 -970.0000000000
2913 -969.0000000000
2916 -968.0000000000
2920 -967.0000000000
2921 -966.0000000000
2922 -965.0000000000
2928 -964.0000000000
2930 -963.0000000000
2932 -962.0000000000
2938 -961.0000000000
2941 -960.0000000000
2942 -959.0000000000
2943 -958.0000000000
2946 -957.0000000000
2956 -956.0000000000
2973 -955.0000000000
2984 -954.0000000000
2985 -953.0000000000
2990 -952.0000000000
2999 -951.0000000000
3001 -950.0000000000
3004 -949.0000000000
3005 -948.0000000000
3009 -947.0000000000
3011 -946.0000000000
3013 -945.0000000000
3019 -944.0000000000
3021 -943.0000000000
3024 -942.0000000000
3027 -941.0000000000
3028 -940.0000000000
3035 -939.0000000000
3043 -938.0000000000
3049 -937.0000000000
3050 -936.0000000000
3053 -935.0000000000
3056 -934.0000000000
3058 -933.0000000000
3065 -932.0000000000
3066 -931.0000000000
3067 -930.0000000000
3073 -929.0000000000
3074 -928.0000000000
3080 -927.0000000000
3087 -926.0000000000
3089 -925.0000000000
3090 -924.0000000000
3101 -923.0000000000
3110 -922.0000000000
3111 -921.0000000000
3113 -920.0000000000
3117 -919.0000000000
3125 -918.0000000000
3135 -917.0000000000
3139 -916.0000000000
3141 -915.0000000000
3146 -914.0000000000
3149 -913.0000000000
3150 -912.0000000000
3153 -911.0000000000
3156 -910.0000000000
3171 -909.0000000000
3178 -908.0000000000
3180 -907.0000000000
3185 -906.0000000000
3199 -905.0000000000
3206 -904.0000000000
3214 -903.0000000000
3221 -902.0000000000
3232 -901.0000000000
3242 -900.0000000000
3245 -899.0000000000
3246 -898.0000000000
3247 -897.0000000000
3250 -896.0000000000
3253 -895.0000000000
3258 -894.0000000000
3261 -893.0000000000
3265 -892.0000000000
3267 -891.0000000000
3268 -890.0000000000
3269 -889.0000000000
3275 -888.0000000000
3281 -887.0000000000
3283 -886.0000000000
3290 -885.0000000000
3291 -884.0000000000
3295 -883.0000000000
3297 -882.0000000000
3299 -881.0000000000
3302 -880.0000000000
3305 -879.0000000000
3314 -878.0000000000
3319 -877.0000000000
3321 -876.0000000000
3326 -875.0000000000
3334 -874.0000000000
3335 -873.0000000000
3336 -872.0000000000
3338 -871.0000000000
3348 -870.0000000000
3353 -869.0000000000
3357 -868.0000000000
3358 -867.0000000000
3360 -866.0000000000
3363 -865.0000000000
3366 -864.0000000000
3369 -863.0000000000
3374 -862.0000000000
3377 -861.0000000000
3385 -860.0000000000
3395 -859.0000000000
3403 -858.0000000000
3404 -857.0000000000
3410 -856.0000000000
3423 -855.0000000000
3424 -854.0000000000
3425 -853.0000000000
3438 -852.0000000000
3442 -851.0000000000
3466 -850.0000000000
3468 -849.0000000000
3472 -848.0000000000
3475 -847.0000000000
3486 -846.0000000000
3489 -845.0000000000
3490 -844.0000000000
3495 -843.0000000000
3511 -842.0000000000
3515 -841.0000000000
3517 -840.0000000000
3522 -839.0000000000
3535 -838.0000000000
3537 -837.0000000000
3541 -836.0000000000
3544 -835.0000000000
3546 -834.0000000000
3547 -833.0000000000
3549 -832.0000000000
3550 -831.0000000000
3554 -830.0000000000
3566 -829.0000000000
3569 -828.0000000000
3581 -827.0000000000
3582 -826.0000000000
3592 -825.0000000000
3593 -824.0000000000
3596 -823.0000000000
3602 -822.0000000000
3603 -821.0000000000
3604 -820.0000000000
3613 -819.0000000000
3618 -818.0000000000
3619 -817.0000000000
3621 -816.0000000000
3634 -815.0000000000
3637 -814.0000000000
3639 -813.0000000000
3648 -812.0000000000
3654 -811.0000000000
3661 -810.0000000000
3667 -809.0000000000
3670 -808.0000000000
3671 -807.0000000000
3672 -806.0000000000
3677 -805.0000000000
3679 -804.0000000000
3685 -803.0000000000
3688 -802.0000000000
3693 -801.0000000000
3694 -800.0000000000
3697 -799.0000000000
3698 -798.0000000000
3712 -797.0000000000
3715 -796.0000000000
3717 -795.0000000000
3719 -794.0000000000
3721 -793.0000000000
3722 -792.0000000000
3723 -791.0000000000
3737 -790.0000000000
3739 -789.0000000000
3750 -788.0000000000
3755 -787.0000000000
3777 -786.0000000000
3780 -785.0000000000
3782 -784.0000000000
3783 -783.0000000000
3805 -782.0000000000
3806 -781.0000000000
3814 -780.0000000000
3826 -779.0000000000
3829 -778.0000000000
3840 -777.0000000000
3842 -776.0000000000
3861 -775.0000000000
3871 -774.0000000000
3872 -773.0000000000
3877 -772.0000000000
3880 -771.0000000000
3884 -770.0000000000
3888 -769.0000000000
3891 -768.0000000000
3897 -767.0000000000
3904 -766.0000000000
3918 -765.0000000000
3922 -764.0000000000
3924 -763.0000000000
3933 -762.0000000000
3934 -761.0000000000
3940 -760.0000000000
3947 -759.0000000000
3958 -758.0000000000
3959 -757.0000000000
3967 -756.0000000000
3968 -755.0000000000
3970 -754.0000000000
3971 -753.0000000000
3974 -752.0000000000
3977 -751.0000000000
3979 -750.0000000000
3982 -749.0000000000
3985 -748.0000000000
3986 -747.0000000000
3993 -746.0000000000
4004 -745.0000000000
4005 -744.0000000000
4008 -743.0000000000
4026 -742.0000000000
4040 -741.0000000000
4043 -740.0000000000
4049 -739.0000000000
4066 -738.0000000000
4068 -737.0000000000
4073 -736.0000000000
4077 -735.0000000000
4080 -734.0000000000
4103 -733.0000000000
4120 -732.0000000000
4122 -731.0000000000
4136 -730.0000000000
4155 -729.0000000000
4159 -728.0000000000
4161 -727.0000000000
4162 -726.0000000000
4170 -725.0000000000
4179 -724.0000000000
4182 -723.0000000000
4191 -722.0000000000
4198 -721.0000000000
4201 -720.0000000000
4217 -719.0000000000
4219 -718.0000000000
4221 -717.0000000000
4222 -716.0000000000
4224 -715.0000000000
4230 -714.0000000000
4236 -713.0000000000
4243 -712.0000000000
4251 -711.0000000000
4257 -710.0000000000
4258 -709.0000000000
4265 -708.0000000000
4266 -707.0000000000
4267 -706.0000000000
4268 -705.0000000000
4273 -704.0000000000
4275 -703.0000000000
4280 -702.0000000000
4282 -701.0000000000
4284 -700.0000000000
4287 -699.0000000000
4290 -698.0000000000
4294 -697.0000000000
4296 -696.0000000000
4297 -695.0000000000
4302 -694.0000000000
4312 -693.0000000000
4322 -692.0000000000
4327 -691.0000000000
4334 -690.0000000000
4339 -689.0000000000
4345 -688.0000000000
4349 -687.0000000000
4354 -686.0000000000
4355 -685.0000000000
4360 -684.0000000000
4361 -683.0000000000
4363 -682.0000000000
4365 -681.0000000000
4366 -680.0000000000
4369 -679.0000000000
4371 -678.0000000000
4396 -677.0000000000
4398 -676.0000000000
4435 -675.0000000000
4440 -674.0000000000
4472 -673.0000000000
4475 -672.0000000000
4491 -671.0000000000
4493 -670.0000000000
4502 -669.0000000000
4508 -668.0000000000
4513 -667.0000000000
4522 -666.0000000000
4530 -665.0000000000
4543 -664.0000000000
4547 -663.0000000000
4551 -662.0000000000
4558 -661.0000000000
4560 -660.0000000000
4561 -659.0000000000
4564 -658.0000000000
4573 -657.0000000000
4574 -656.0000000000
4581 -655.0000000000
4584 -654.0000000000
4586 -653.0000000000
4590 -652.0000000000
4599 -651.0000000000
4600 -650.0000000000
4601 -649.0000000000
4603 -648.0000000000
4611 -647.0000000000
4616 -646.0000000000
4626 -645.0000000000
4627 -644.0000000000
4632 -643.0000000000
4634 -642.0000000000
4635 -641.0000000000
4637 -640.0000000000
4642 -639.0000000000
4646 -638.0000000000
4651 -637.0000000000
4656 -636.0000000000
4658 -635.0000000000
4664 -634.0000000000
4666 -633.0000000000
4674 -632.0000000000
4691 -631.0000000000
4693 -630.0000000000
4694 -629.0000000000
4700 -628.0000000000
4702 -627.0000000000
4704 -626.0000000000
4720 -625.0000000000
4722 -624.0000000000
4730 -623.0000000000
4741 -622.0000000000
4749 -621.0000000000
4750 -620.0000000000
4762 -619.0000000000
4764 -618.0000000000
4781 -617.0000000000
4782 -616.0000000000
4787 -615.0000000000
4793 -614.0000000000
4796 -613.0000000000
4805 -612.0000000000
4817 -611.0000000000
4820 -610.0000000000
4825 -609.0000000000
4831 -608.0000000000
4840 -607.0000000000
4847 -606.0000000000
4856 -605.0000000000
4859 -604.0000000000
4868 -603.0000000000
4885 -602.0000000000
4886 -601.0000000000
4887 -600.0000000000
4906 -599.0000000000
4908 -598.0000000000
4917 -597.0000000000
4941 -596.0000000000
4951 -595.0000000000
4958 -594.0000000000
4960 -593.0000000000
4970 -592.0000000000
4974 -591.0000000000
4975 -590.0000000000
4976 -589.0000000000
4981 -588.0000000000
4985 -587.0000000000
4987 -586.0000000000
4989 -585.0000000000
4990 -584.0000000000
4999 -583.0000000000
5001 -582.0000000000
5003 -581.0000000000
5004 -580.0000000000
5007 -579.0000000000
5010 -578.0000000000
5012 -577.0000000000
5018 -576.0000000000
5027 -575.0000000000
5032 -574.0000000000
5036 -573.0000000000
5042 -572.0000000000
5043 -571.0000000000
5052 -570.0000000000
5053 -569.0000000000
5055 -568.0000000000
5071 -567.0000000000
5072 -566.0000000000
5073 -565.0000000000
5075 -564.0000000000
5085 -563.0000000000
5088 -562.0000000000
5097 -561.0000000000
5105 -560.0000000000
5107 -559.0000000000
5114 -558.0000000000
5115 -557.0000000000
5129 -556.0000000000
5132 -555.0000000000
5139 -554.0000000000
5147 -553.0000000000
5149 -552.0000000000
5154 -551.0000000000
5157 -550.0000000000
5166 -549.0000000000
5175 -548.0000000000
5179 -547.0000000000
5180 -546.0000000000
5183 -545.0000000000
5195 -544.0000000000
5197 -543.0000000000
5206 -542.0000000000
5208 -541.0000000000
5220 -540.0000000000
5243 -539.0000000000
5250 -538.0000000000
5251 -537.0000000000
5262 -536.0000000000
5263 -535.0000000000
5266 -534.0000000000
5280 -533.0000000000
5281 -532.0000000000
5288 -531.0000000000
5291 -530.0000000000
5295 -529.0000000000
5308 -528.0000000000
5329 -527.0000000000
5337 -526.0000000000
5365 -525.0000000000
5366 -524.0000000000
5369 -523.0000000000
5377 -522.0000000000
5386 -521.0000000000
5388 -520.0000000000
5389 -519.0000000000
5391 -518.0000000000
5398 -517.0000000000
5401 -516.0000000000
5406 -515.0000000000
5408 -514.0000000000
5414 -513.0000000000
5423 -512.0000000000
5431 -511.0000000000
5434 -510.0000000000
5436 -509.0000000000
5440 -508.0000000000
5454 -507.0000000000
5459 -506.0000000000
5465 -505.0000000000
5482 -504.0000000000
5487 -503.0000000000
5494 -502.0000000000
5503 -501.0000000000
5509 -500.0000000000
5516 -499.0000000000
5521 -498.0000000000
5525 -497.0000000000
5536 -496.0000000000
5554 -495.0000000000
5557 -494.0000000000
5564 -493.0000000000
5573 -492.0000000000
5575 -491.0000000000
5584 -490.0000000000
5593 -489.0000000000
5594 -488.0000000000
5612 -487.0000000000
5615 -486.0000000000
5626 -485.0000000000
5629 -484.0000000000
5635 -483.0000000000
5641 -482.0000000000
5644 -481.0000000000
5647 -480.0000000000
5653 -479.0000000000
5662 -478.0000000000
5669 -477.0000000000
5686 -476.0000000000
5709 -475.0000000000
5728 -474.0000000000
5742 -473.0000000000
5744 -472.0000000000
5747 -471.0000000000
5755 -470.0000000000
5783 -469.0000000000
5797 -468.0000000000
5799 -467.0000000000
5810 -466.0000000000
5816 -465.0000000000
5817 -464.0000000000
5818 -463.0000000000
5821 -462.0000000000
5827 -461.0000000000
5828 -460.0000000000
5829 -459.0000000000
5834 -458.0000000000
5836 -457.0000000000
5865 -456.0000000000
5877 -455.0000000000
5889 -454.0000000000
5898 -453.0000000000
5900 -452.0000000000
5901 -451.0000000000
5919 -450.0000000000
5920 -449.0000000000
5933 -448.0000000000
5938 -447.0000000000
5941 -446.0000000000
5943 -445.0000000000
5962 -444.0000000000
5964 -443.0000000000
6020 -442.0000000000
6021 -441.0000000000
6025 -440.0000000000
6027 -439.0000000000
6034 -438.0000000000
6049 -437.0000000000
6052 -436.0000000000
6063 -435.0000000000
6065 -434.0000000000
6085 -433.0000000000
6088 -432.0000000000
6092 -431.0000000000
6113 -430.0000000000
6118 -429.0000000000
6123 -428.0000000000
6140 -427.0000000000
6148 -426.0000000000
6156 -425.0000000000
6163 -424.0000000000
6170 -423.0000000000
6171 -422.0000000000
6181 -421.0000000000
6187 -420.0000000000
6205 -419.0000000000
6207 -418.0000000000
6211 -417.0000000000
6218 -416.0000000000
6224 -415.0000000000
6227 -414.0000000000
6239 -413.0000000000
6244 -412.0000000000
6247 -411.0000000000
6257 -410.0000000000
6258 -409.0000000000
6260 -408.0000000000
6266 -407.0000000000
6279 -406.0000000000
6289 -405.0000000000
6303 -404.0000000000
6305 -403.0000000000
6321 -402.0000000000
6327 -401.0000000000
6332 -400.0000000000
6334 -399.0000000000
6364 -398.0000000000
6391 -397.0000000000
6401 -396.0000000000
6410 -395.0000000000
6416 -394.0000000000
6417 -393.0000000000
6426 -392.0000000000
6428 -391.0000000000
6436 -390.0000000000
6442 -389.0000000000
6450 -388.0000000000
6452 -387.0000000000
6458 -386.0000000000
6467 -385.0000000000
6485 -384.0000000000
6498 -383.0000000000
6555 -382.0000000000
6561 -381.0000000000
6576 -380.0000000000
6577 -379.0000000000
6591 -378.0000000000
6599 -377.0000000000
6613 -376.0000000000
6621 -375.0000000000
6624 -374.0000000000
6639 -373.0000000000
6654 -372.0000000000
6667 -371.0000000000
6687 -370.0000000000
6693 -369.0000000000
6709 -368.0000000000
6728 -367.0000000000
6732 -366.0000000000
6734 -365.0000000000
6755 -364.0000000000
6759 -363.0000000000
6771 -362.0000000000
6773 -361.0000000000
6788 -360.0000000000
6793 -359.0000000000
6806 -358.0000000000
6813 -357.0000000000
6827 -356.0000000000
6833 -355.0000000000
6839 -354.0000000000
6853 -353.0000000000
6855 -352.0000000000
6856 -351.0000000000
6860 -350.0000000000
6863 -349.0000000000
6866 -348.0000000000
6868 -347.0000000000
6888 -346.0000000000
6915 -345.0000000000
6923 -344.0000000000
6947 -343.0000000000
6956 -342.0000000000
6971 -341.0000000000
7002 -340.0000000000
7011 -339.0000000000
7018 -338.0000000000
7038 -337.0000000000
7065 -336.0000000000
7081 -335.0000000000
7084 -334.0000000000
7089 -333.0000000000
7100 -332.0000000000
7101 -331.0000000000
7103 -330.0000000000
7105 -329.0000000000
7106 -328.0000000000
7110 -327.0000000000
7113 -326.0000000000
7123 -325.0000000000
7139 -324.0000000000
7142 -323.0000000000
7149 -322.0000000000
7157 -321.0000000000
7165 -320.0000000000
7172 -319.0000000000
7206 -318.0000000000
7212 -317.0000000000
7215 -316.0000000000
7217 -315.0000000000
7223 -314.0000000000
7232 -313.0000000000
7245 -312.0000000000
7277 -311.0000000000
7297 -310.0000000000
7313 -309.0000000000
7344 -308.0000000000
7353 -307.0000000000
7357 -306.0000000000
7363 -305.0000000000
7369 -304.0000000000
7381 -303.0000000000
7385 -302.0000000000
7387 -301.0000000000
7413 -300.0000000000
7428 -299.0000000000
7451 -298.0000000000
7453 -297.0000000000
7455 -296.0000000000
7480 -295.0000000000
7488 -294.0000000000
7492 -293.0000000000
7497 -292.0000000000
7505 -291.0000000000
7522 -290.0000000000
7525 -289.0000000000
7569 -288.0000000000
7589 -287.0000000000
7620 -286.0000000000
7655 -285.0000000000
7683 -284.0000000000
7685 -283.0000000000
7722 -282.0000000000
7724 -281.0000000000
7749 -280.0000000000
7779 -279.0000000000
7797 -278.0000000000
7799 -277.0000000000
7808 -276.0000000000
7811 -275.0000000000
7817 -274.0000000000
7827 -273.0000000000
7830 -272.0000000000
7852 -271.0000000000
7856 -270.0000000000
7862 -269.0000000000
7866 -268.0000000000
7868 -267.0000000000
7870 -266.0000000000
7879 -265.0000000000
7908 -264.0000000000
7909 -263.0000000000
7911 -262.0000000000
7921 -261.0000000000
7925 -260.0000000000
7927 -259.0000000000
7959 -258.0000000000
7977 -257.0000000000
8011 -256.0000000000
8028 -255.0000000000
8034 -254.0000000000
8052 -253.0000000000
8056 -252.0000000000
8081 -251.0000000000
8083 -250.0000000000
8089 -249.0000000000
8090 -248.0000000000
8098 -247.0000000000
8105 -246.0000000000
8127 -245.0000000000
8129 -244.0000000000
8138 -243.0000000000
8170 -242.0000000000
8179 -241.0000000000
8190 -240.0000000000
8199 -239.0000000000
8205 -238.0000000000
8241 -237.0000000000
8246 -236.0000000000
8269 -235.0000000000
8270 -234.0000000000
8295 -233.0000000000
8309 -232.0000000000
8329 -231.0000000000
8341 -230.0000000000
8354 -229.0000000000
8359 -228.0000000000
8361 -227.0000000000
8363 -226.0000000000
8377 -225.0000000000
8399 -224.0000000000
8406 -223.0000000000
8434 -222.0000000000
8435 -221.0000000000
8447 -220.0000000000
8469 -219.0000000000
8481 -218.0000000000
8521 -217.0000000000
8524 -216.0000000000
8541 -215.0000000000
8555 -214.0000000000
8564 -213.0000000000
8565 -212.0000000000
8576 -211.0000000000
8626 -210.0000000000
8628 -209.0000000000
8632 -208.0000000000
8636 -207.0000000000
8654 -206.0000000000
8672 -205.0000000000
8692 -204.0000000000
8698 -203.0000000000
8709 -202.0000000000
8758 -201.0000000000
8762 -200.0000000000
8763 -199.0000000000
8814 -198.0000000000
8840 -197.0000000000
8880 -196.0000000000
8885 -195.0000000000
8886 -194.0000000000
8888 -193.0000000000
8926 -192.0000000000
8941 -191.0000000000
8944 -190.0000000000
8946 -189.0000000000
9058 -188.0000000000
9088 -187.0000000000
9114 -186.0000000000
9116 -185.0000000000
9144 -184.0000000000
9165 -183.0000000000
9167 -182.0000000000
9172 -181.0000000000
9177 -180.0000000000
9183 -179.0000000000
9184 -178.0000000000
9202 -177.0000000000
9217 -176.0000000000
9218 -175.0000000000
9278 -174.0000000000
9281 -173.0000000000
9299 -172.0000000000
9312 -171.0000000000
9329 -170.0000000000
9345 -169.0000000000
9354 -168.0000000000
9366 -167.0000000000
9387 -166.0000000000
9391 -165.0000000000
9405 -164.0000000000
9418 -163.0000000000
9422 -162.0000000000
9425 -161.0000000000
9453 -160.0000000000
9458 -159.0000000000
9508 -158.0000000000
9549 -157.0000000000
9560 -156.0000000000
9602 -155.0000000000
9633 -154.0000000000
9644 -153.0000000000
9650 -152.0000000000
9660 -151.0000000000
9690 -150.0000000000
9716 -149.0000000000
9814 -148.0000000000
9829 -147.0000000000
9858 -146.0000000000
9878 -145.0000000000
9888 -144.0000000000
9976 -143.0000000000
9984 -142.0000000000
9991 -141.0000000000
10000 -142.0000000000
