evaluations raw_y
1 -1980.0000000000
2 -1979.0000000000
3 -1978.0000000000
5 -1977.0000000000
6 -1976.0000000000
9 -1975.0000000000
11 -1974.0000000000
14 -1973.0000000000
15 -1972.0000000000
16 -1971.0000000000
17 -1970.0000000000
20 -1969.0000000000
21 -1964.0000000000
22 -1963.0000000000
23 -1962.0000000000
24 -1960.0000000000
25 -1959.0000000000
29 -1958.0000000000
30 -1957.0000000000
31 -1956.0000000000
32 -1955.0000000000
34 -1954.0000000000
36 -1953.0000000000
37 -1952.0000000000
38 -1951.0000000000
41 -1950.0000000000
43 -1949.0000000000
44 -1948.0000000000
46 -1946.0000000000
49 -1945.0000000000
51 -1944.0000000000
52 -1942.0000000000
54 -1941.0000000000
55 -1940.0000000000
56 -1939.0000000000
58 -1938.0000000000
61 -1937.0000000000
62 -1935.0000000000
68 -1934.0000000000
72 -1933.0000000000
73 -1932.0000000000
76 -1931.0000000000
79 -1929.0000000000
80 -1928.0000000000
81 -1927.0000000000
83 -1926.0000000000
84 -1925.0000000000
85 -1924.0000000000
86 -1923.0000000000
90 -1922.0000000000
94 -1921.0000000000
95 -1920.0000000000
98 -1919.0000000000
99 -1917.0000000000
102 -1916.0000000000
104 -1915.0000000000
105 -1914.0000000000
106 -1913.0000000000
109 -1912.0000000000
111 -1911.0000000000
113 -1910.0000000000
114 -1909.0000000000
115 -1907.0000000000
117 -1906.0000000000
122 -1905.0000000000
124 -1904.0000000000
128 -1902.0000000000
132 -1901.0000000000
134 -1900.0000000000
136 -1899.0000000000
145 -1898.0000000000
146 -1897.0000000000
151 -1896.0000000000
154 -1894.0000000000
155 -1892.0000000000
160 -1891.0000000000
161 -1889.0000000000
162 -1887.0000000000
165 -1886.0000000000
168 -1885.0000000000
172 -1883.0000000000
176 -1882.0000000000
177 -1881.0000000000
179 -1880.0000000000
182 -1879.0000000000
183 -1877.0000000000
185 -1876.0000000000
186 -1875.0000000000
187 -1874.0000000000
190 -1873.0000000000
192 -1872.0000000000
193 -1871.0000000000
194 -1869.0000000000
199 -1868.0000000000
205 -1866.0000000000
206 -1864.0000000000
215 -1863.0000000000
217 -1862.0000000000
218 -1861.0000000000
219 -1860.0000000000
220 -1859.0000000000
222 -1858.0000000000
225 -1857.0000000000
228 -1856.0000000000
229 -1854.0000000000
231 -1853.0000000000
233 -1852.0000000000
243 -1851.0000000000
248 -1850.0000000000
249 -1849.0000000000
250 -1848.0000000000
251 -1847.0000000000
253 -1846.0000000000
256 -1845.0000000000
257 -1844.0000000000
260 -1843.0000000000
261 -1842.0000000000
263 -1841.0000000000
266 -1840.0000000000
268 -1839.0000000000
272 -1838.0000000000
275 -1837.0000000000
280 -1836.0000000000
281 -1835.0000000000
288 -1834.0000000000
290 -1833.0000000000
291 -1832.0000000000
293 -1831.0000000000
294 -1830.0000000000
295 -1829.0000000000
300 -1828.0000000000
303 -1827.0000000000
306 -1826.0000000000
309 -1825.0000000000
310 -1824.0000000000
312 -1823.0000000000
313 -1822.0000000000
315 -1821.0000000000
318 -1819.0000000000
320 -1818.0000000000
327 -1817.0000000000
328 -1816.0000000000
329 -1815.0000000000
333 -1813.0000000000
337 -1811.0000000000
342 -1809.0000000000
344 -1807.0000000000
347 -1806.0000000000
348 -1805.0000000000
350 -1804.0000000000
351 -1803.0000000000
354 -1802.0000000000
355 -1801.0000000000
356 -1800.0000000000
358 -1799.0000000000
359 -1797.0000000000
364 -1796.0000000000
366 -1795.0000000000
368 -1794.0000000000
370 -1793.0000000000
374 -1792.0000000000
376 -1791.0000000000
377 -1790.0000000000
381 -1789.0000000000
383 -1788.0000000000
384 -1787.0000000000
386 -1786.0000000000
389 -1784.0000000000
390 -1783.0000000000
392 -1782.0000000000
393 -1781.0000000000
394 -1780.0000000000
396 -1779.0000000000
399 -1778.0000000000
402 -1777.0000000000
403 -1776.0000000000
405 -1775.0000000000
406 -1774.0000000000
413 -1773.0000000000
419 -1772.0000000000
422 -1771.0000000000
427 -1770.0000000000
428 -1769.0000000000
430 -1768.0000000000
433 -1765.0000000000
436 -1764.0000000000
437 -1763.0000000000
438 -1762.0000000000
439 -1761.0000000000
441 -1760.0000000000
443 -1759.0000000000
447 -1758.0000000000
450 -1757.0000000000
459 -1756.0000000000
462 -1755.0000000000
464 -1754.0000000000
472 -1753.0000000000
474 -1752.0000000000
475 -1751.0000000000
479 -1750.0000000000
481 -1749.0000000000
482 -1748.0000000000
485 -1747.0000000000
490 -1746.0000000000
493 -1745.0000000000
497 -1743.0000000000
498 -1742.0000000000
499 -1741.0000000000
500 -1740.0000000000
502 -1739.0000000000
503 -1738.0000000000
504 -1737.0000000000
507 -1736.0000000000
509 -1735.0000000000
514 -1734.0000000000
515 -1733.0000000000
516 -1732.0000000000
517 -1731.0000000000
521 -1730.0000000000
531 -1729.0000000000
534 -1727.0000000000
535 -1726.0000000000
536 -1725.0000000000
542 -1724.0000000000
545 -1723.0000000000
548 -1722.0000000000
549 -1721.0000000000
550 -1720.0000000000
551 -1719.0000000000
553 -1718.0000000000
554 -1717.0000000000
556 -1715.0000000000
559 -1714.0000000000
565 -1713.0000000000
571 -1712.0000000000
572 -1711.0000000000
573 -1709.0000000000
574 -1708.0000000000
575 -1707.0000000000
576 -1706.0000000000
581 -1705.0000000000
582 -1704.0000000000
584 -1703.0000000000
586 -1702.0000000000
589 -1701.0000000000
591 -1700.0000000000
593 -1699.0000000000
597 -1698.0000000000
598 -1697.0000000000
600 -1696.0000000000
602 -1695.0000000000
604 -1693.0000000000
605 -1692.0000000000
609 -1691.0000000000
611 -1690.0000000000
612 -1689.0000000000
621 -1688.0000000000
622 -1687.0000000000
623 -1686.0000000000
625 -1685.0000000000
627 -1684.0000000000
631 -1682.0000000000
632 -1681.0000000000
635 -1680.0000000000
637 -1679.0000000000
644 -1678.0000000000
653 -1677.0000000000
654 -1676.0000000000
658 -1675.0000000000
665 -1674.0000000000
667 -1673.0000000000
668 -1672.0000000000
672 -1671.0000000000
673 -1670.0000000000
677 -1669.0000000000
680 -1668.0000000000
682 -1667.0000000000
683 -1666.0000000000
687 -1665.0000000000
689 -1664.0000000000
690 -1663.0000000000
692 -1662.0000000000
695 -1661.0000000000
707 -1660.0000000000
709 -1659.0000000000
716 -1658.0000000000
720 -1657.0000000000
721 -1656.0000000000
723 -1655.0000000000
724 -1654.0000000000
726 -1653.0000000000
728 -1652.0000000000
731 -1651.0000000000
732 -1650.0000000000
737 -1649.0000000000
739 -1648.0000000000
741 -1647.0000000000
742 -1646.0000000000
743 -1644.0000000000
744 -1643.0000000000
746 -1642.0000000000
749 -1641.0000000000
750 -1640.0000000000
752 -1639.0000000000
753 -1638.0000000000
760 -1637.0000000000
762 -1636.0000000000
771 -1633.0000000000
772 -1632.0000000000
776 -1631.0000000000
778 -1629.0000000000
781 -1628.0000000000
782 -1627.0000000000
785 -1626.0000000000
788 -1625.0000000000
791 -1624.0000000000
796 -1623.0000000000
798 -1622.0000000000
800 -1621.0000000000
803 -1620.0000000000
805 -1619.0000000000
806 -1618.0000000000
810 -1617.0000000000
815 -1616.0000000000
817 -1615.0000000000
826 -1614.0000000000
827 -1613.0000000000
829 -1612.0000000000
835 -1611.0000000000
839 -1610.0000000000
840 -1609.0000000000
847 -1608.0000000000
850 -1606.0000000000
853 -1605.0000000000
854 -1604.0000000000
856 -1603.0000000000
857 -1602.0000000000
859 -1601.0000000000
868 -1600.0000000000
869 -1599.0000000000
870 -1598.0000000000
875 -1597.0000000000
877 -1596.0000000000
878 -1595.0000000000
880 -1594.0000000000
884 -1593.0000000000
891 -1591.0000000000
892 -1590.0000000000
894 -1589.0000000000
900 -1588.0000000000
903 -1587.0000000000
904 -1585.0000000000
905 -1584.0000000000
906 -1583.0000000000
907 -1582.0000000000
909 -1581.0000000000
916 -1580.0000000000
922 -1579.0000000000
923 -1578.0000000000
924 -1577.0000000000
925 -1576.0000000000
926 -1575.0000000000
933 -1574.0000000000
936 -1573.0000000000
937 -1572.0000000000
939 -1571.0000000000
940 -1570.0000000000
943 -1569.0000000000
948 -1568.0000000000
949 -1567.0000000000
950 -1566.0000000000
952 -1565.0000000000
958 -1564.0000000000
961 -1563.0000000000
962 -1562.0000000000
963 -1561.0000000000
965 -1560.0000000000
967 -1559.0000000000
969 -1558.0000000000
972 -1557.0000000000
973 -1556.0000000000
974 -1554.0000000000
977 -1552.0000000000
980 -1551.0000000000
983 -1550.0000000000
985 -1549.0000000000
988 -1548.0000000000
990 -1547.0000000000
991 -1546.0000000000
994 -1544.0000000000
999 -1543.0000000000
1000 -1541.0000000000
1002 -1540.0000000000
1007 -1538.0000000000
1016 -1537.0000000000
1020 -1536.0000000000
1021 -1534.0000000000
1032 -1533.0000000000
1038 -1531.0000000000
1040 -1530.0000000000
1041 -1527.0000000000
1047 -1526.0000000000
1051 -1525.0000000000
1052 -1524.0000000000
1055 -1523.0000000000
1057 -1522.0000000000
1058 -1521.0000000000
1061 -1520.0000000000
1062 -1519.0000000000
1065 -1518.0000000000
1066 -1517.0000000000
1068 -1515.0000000000
1070 -1514.0000000000
1073 -1513.0000000000
1076 -1512.0000000000
1078 -1511.0000000000
1081 -1510.0000000000
1082 -1509.0000000000
1089 -1508.0000000000
1091 -1507.0000000000
1092 -1506.0000000000
1093 -1505.0000000000
1094 -1504.0000000000
1100 -1503.0000000000
1103 -1502.0000000000
1105 -1501.0000000000
1107 -1499.0000000000
1109 -1498.0000000000
1110 -1496.0000000000
1112 -1495.0000000000
1113 -1494.0000000000
1114 -1493.0000000000
1115 -1492.0000000000
1117 -1491.0000000000
1121 -1490.0000000000
1134 -1488.0000000000
1137 -1487.0000000000
1138 -1486.0000000000
1139 -1485.0000000000
1140 -1484.0000000000
1141 -1483.0000000000
1149 -1482.0000000000
1151 -1480.0000000000
1152 -1479.0000000000
1155 -1478.0000000000
1158 -1477.0000000000
1159 -1476.0000000000
1168 -1475.0000000000
1170 -1473.0000000000
1173 -1472.0000000000
1174 -1471.0000000000
1175 -1470.0000000000
1177 -1469.0000000000
1180 -1468.0000000000
1182 -1467.0000000000
1183 -1466.0000000000
1187 -1465.0000000000
1188 -1464.0000000000
1189 -1463.0000000000
1190 -1462.0000000000
1191 -1461.0000000000
1193 -1460.0000000000
1197 -1459.0000000000
1200 -1458.0000000000
1201 -1457.0000000000
1203 -1456.0000000000
1204 -1455.0000000000
1206 -1453.0000000000
1207 -1452.0000000000
1211 -1451.0000000000
1214 -1449.0000000000
1216 -1448.0000000000
1217 -1447.0000000000
1219 -1446.0000000000
1220 -1445.0000000000
1221 -1443.0000000000
1231 -1441.0000000000
1246 -1440.0000000000
1252 -1439.0000000000
1254 -1438.0000000000
1257 -1437.0000000000
1258 -1436.0000000000
1259 -1435.0000000000
1260 -1434.0000000000
1261 -1433.0000000000
1262 -1432.0000000000
1264 -1431.0000000000
1266 -1430.0000000000
1271 -1429.0000000000
1274 -1428.0000000000
1276 -1427.0000000000
1279 -1426.0000000000
1280 -1425.0000000000
1284 -1424.0000000000
1285 -1423.0000000000
1286 -1422.0000000000
1289 -1421.0000000000
1302 -1420.0000000000
1303 -1419.0000000000
1304 -1418.0000000000
1305 -1417.0000000000
1307 -1416.0000000000
1311 -1415.0000000000
1324 -1414.0000000000
1335 -1413.0000000000
1345 -1412.0000000000
1348 -1411.0000000000
1353 -1409.0000000000
1355 -1408.0000000000
1356 -1407.0000000000
1357 -1406.0000000000
1360 -1405.0000000000
1361 -1404.0000000000
1364 -1403.0000000000
1374 -1402.0000000000
1378 -1401.0000000000
1380 -1399.0000000000
1381 -1398.0000000000
1384 -1397.0000000000
1385 -1396.0000000000
1386 -1395.0000000000
1387 -1394.0000000000
1394 -1393.0000000000
1395 -1392.0000000000
1397 -1391.0000000000
1401 -1390.0000000000
1404 -1389.0000000000
1405 -1388.0000000000
1406 -1387.0000000000
1407 -1386.0000000000
1412 -1385.0000000000
1414 -1384.0000000000
1417 -1383.0000000000
1424 -1382.0000000000
1433 -1381.0000000000
1435 -1380.0000000000
1439 -1379.0000000000
1445 -1377.0000000000
1446 -1376.0000000000
1450 -1375.0000000000
1451 -1374.0000000000
1453 -1373.0000000000
1454 -1371.0000000000
1457 -1370.0000000000
1460 -1369.0000000000
1462 -1368.0000000000
1471 -1367.0000000000
1477 -1366.0000000000
1480 -1365.0000000000
1484 -1364.0000000000
1486 -1363.0000000000
1492 -1362.0000000000
1495 -1361.0000000000
1496 -1360.0000000000
1497 -1358.0000000000
1499 -1357.0000000000
1503 -1356.0000000000
1511 -1355.0000000000
1513 -1354.0000000000
1515 -1353.0000000000
1517 -1350.0000000000
1519 -1349.0000000000
1520 -1348.0000000000
1523 -1347.0000000000
1526 -1346.0000000000
1533 -1345.0000000000
1534 -1344.0000000000
1535 -1343.0000000000
1537 -1342.0000000000
1539 -1341.0000000000
1540 -1340.0000000000
1547 -1339.0000000000
1548 -1338.0000000000
1549 -1337.0000000000
1554 -1336.0000000000
1556 -1335.0000000000
1557 -1334.0000000000
1558 -1333.0000000000
1559 -1332.0000000000
1570 -1331.0000000000
1576 -1330.0000000000
1577 -1329.0000000000
1579 -1328.0000000000
1581 -1327.0000000000
1582 -1326.0000000000
1583 -1325.0000000000
1585 -1324.0000000000
1586 -1323.0000000000
1588 -1322.0000000000
1591 -1321.0000000000
1600 -1320.0000000000
1602 -1319.0000000000
1606 -1318.0000000000
1613 -1317.0000000000
1615 -1316.0000000000
1617 -1315.0000000000
1619 -1314.0000000000
1622 -1313.0000000000
1632 -1312.0000000000
1634 -1310.0000000000
1636 -1309.0000000000
1640 -1307.0000000000
1643 -1306.0000000000
1649 -1305.0000000000
1650 -1303.0000000000
1651 -1302.0000000000
1652 -1301.0000000000
1653 -1298.0000000000
1654 -1297.0000000000
1655 -1296.0000000000
1657 -1295.0000000000
1658 -1294.0000000000
1659 -1293.0000000000
1662 -1292.0000000000
1663 -1291.0000000000
1665 -1290.0000000000
1666 -1289.0000000000
1672 -1288.0000000000
1677 -1287.0000000000
1679 -1286.0000000000
1681 -1285.0000000000
1682 -1284.0000000000
1683 -1283.0000000000
1684 -1282.0000000000
1686 -1281.0000000000
1689 -1280.0000000000
1690 -1279.0000000000
1691 -1278.0000000000
1698 -1277.0000000000
1699 -1276.0000000000
1701 -1275.0000000000
1714 -1274.0000000000
1717 -1273.0000000000
1723 -1272.0000000000
1725 -1271.0000000000
1729 -1270.0000000000
1734 -1269.0000000000
1737 -1268.0000000000
1744 -1267.0000000000
1745 -1266.0000000000
1749 -1265.0000000000
1751 -1264.0000000000
1752 -1263.0000000000
1758 -1262.0000000000
1762 -1261.0000000000
1768 -1260.0000000000
1770 -1259.0000000000
1777 -1258.0000000000
1778 -1257.0000000000
1782 -1256.0000000000
1792 -1255.0000000000
1793 -1252.0000000000
1798 -1251.0000000000
1799 -1250.0000000000
1802 -1249.0000000000
1804 -1248.0000000000
1805 -1247.0000000000
1809 -1246.0000000000
1811 -1244.0000000000
1820 -1243.0000000000
1825 -1241.0000000000
1830 -1240.0000000000
1833 -1239.0000000000
1835 -1238.0000000000
1836 -1237.0000000000
1841 -1236.0000000000
1845 -1235.0000000000
1846 -1232.0000000000
1854 -1231.0000000000
1856 -1230.0000000000
1860 -1229.0000000000
1864 -1228.0000000000
1867 -1227.0000000000
1868 -1226.0000000000
1872 -1225.0000000000
1878 -1224.0000000000
1881 -1223.0000000000
1882 -1222.0000000000
1886 -1220.0000000000
1892 -1219.0000000000
1894 -1218.0000000000
1897 -1217.0000000000
1899 -1216.0000000000
1905 -1215.0000000000
1915 -1214.0000000000
1917 -1213.0000000000
1921 -1212.0000000000
1926 -1211.0000000000
1928 -1210.0000000000
1933 -1209.0000000000
1936 -1208.0000000000
1937 -1207.0000000000
1940 -1206.0000000000
1946 -1205.0000000000
1947 -1204.0000000000
1949 -1203.0000000000
1955 -1202.0000000000
1956 -1201.0000000000
1958 -1200.0000000000
1959 -1198.0000000000
1960 -1197.0000000000
1961 -1196.0000000000
1963 -1195.0000000000
1975 -1192.0000000000
1977 -1191.0000000000
1981 -1190.0000000000
1983 -1189.0000000000
1984 -1188.0000000000
1991 -1187.0000000000
1993 -1186.0000000000
2012 -1185.0000000000
2013 -1184.0000000000
2017 -1182.0000000000
2020 -1181.0000000000
2031 -1180.0000000000
2044 -1179.0000000000
2048 -1178.0000000000
2049 -1177.0000000000
2051 -1176.0000000000
2052 -1175.0000000000
2054 -1174.0000000000
2057 -1173.0000000000
2063 -1172.0000000000
2064 -1171.0000000000
2066 -1170.0000000000
2067 -1169.0000000000
2071 -1168.0000000000
2076 -1167.0000000000
2078 -1166.0000000000
2082 -1165.0000000000
2086 -1164.0000000000
2087 -1163.0000000000
2092 -1162.0000000000
2095 -1161.0000000000
2097 -1160.0000000000
2099 -1159.0000000000
2100 -1158.0000000000
2111 -1156.0000000000
2113 -1155.0000000000
2123 -1154.0000000000
2130 -1153.0000000000
2131 -1152.0000000000
2133 -1151.0000000000
2134 -1150.0000000000
2148 -1149.0000000000
2150 -1148.0000000000
2152 -1147.0000000000
2154 -1146.0000000000
2156 -1145.0000000000
2159 -1144.0000000000
2164 -1143.0000000000
2167 -1142.0000000000
2170 -1141.0000000000
2173 -1140.0000000000
2176 -1139.0000000000
2189 -1138.0000000000
2194 -1137.0000000000
2196 -1136.0000000000
2200 -1135.0000000000
2204 -1134.0000000000
2208 -1133.0000000000
2260 -1132.0000000000
2261 -1131.0000000000
2262 -1130.0000000000
2265 -1129.0000000000
2266 -1128.0000000000
2272 -1127.0000000000
2275 -1125.0000000000
2276 -1124.0000000000
2277 -1123.0000000000
2280 -1122.0000000000
2284 -1121.0000000000
2285 -1120.0000000000
2290 -1119.0000000000
2305 -1118.0000000000
2307 -1117.0000000000
2314 -1116.0000000000
2318 -1115.0000000000
2325 -1114.0000000000
2327 -1113.0000000000
2328 -1112.0000000000
2329 -1111.0000000000
2335 -1110.0000000000
2336 -1108.0000000000
2342 -1107.0000000000
2347 -1106.0000000000
2352 -1105.0000000000
2370 -1104.0000000000
2373 -1103.0000000000
2375 -1102.0000000000
2380 -1101.0000000000
2385 -1100.0000000000
2387 -1099.0000000000
2390 -1098.0000000000
2398 -1097.0000000000
2402 -1096.0000000000
2403 -1095.0000000000
2407 -1092.0000000000
2408 -1091.0000000000
2413 -1090.0000000000
2415 -1088.0000000000
2421 -1087.0000000000
2426 -1085.0000000000
2428 -1084.0000000000
2429 -1083.0000000000
2433 -1082.0000000000
2434 -1081.0000000000
2444 -1080.0000000000
2454 -1079.0000000000
2456 -1078.0000000000
2457 -1077.0000000000
2460 -1076.0000000000
2462 -1075.0000000000
2467 -1074.0000000000
2474 -1073.0000000000
2480 -1072.0000000000
2484 -1071.0000000000
2486 -1070.0000000000
2487 -1069.0000000000
2491 -1068.0000000000
2496 -1067.0000000000
2497 -1066.0000000000
2498 -1065.0000000000
2499 -1064.0000000000
2502 -1063.0000000000
2503 -1062.0000000000
2507 -1061.0000000000
2509 -1060.0000000000
2512 -1059.0000000000
2516 -1058.0000000000
2530 -1057.0000000000
2538 -1056.0000000000
2544 -1055.0000000000
2546 -1054.0000000000
2552 -1053.0000000000
2557 -1052.0000000000
2559 -1051.0000000000
2561 -1050.0000000000
2562 -1049.0000000000
2566 -1048.0000000000
2569 -1047.0000000000
2573 -1046.0000000000
2576 -1045.0000000000
2578 -1044.0000000000
2581 -1043.0000000000
2584 -1042.0000000000
2592 -1041.0000000000
2601 -1040.0000000000
2603 -1039.0000000000
2606 -1038.0000000000
2607 -1037.0000000000
2608 -1036.0000000000
2609 -1035.0000000000
2612 -1034.0000000000
2619 -1033.0000000000
2620 -1032.0000000000
2624 -1031.0000000000
2629 -1030.0000000000
2632 -1029.0000000000
2638 -1028.0000000000
2641 -1026.0000000000
2642 -1025.0000000000
2645 -1024.0000000000
2649 -1023.0000000000
2652 -1022.0000000000
2655 -1021.0000000000
2656 -1020.0000000000
2663 -1019.0000000000
2664 -1018.0000000000
2666 -1017.0000000000
2668 -1016.0000000000
2671 -1015.0000000000
2672 -1014.0000000000
2683 -1013.0000000000
2686 -1012.0000000000
2692 -1011.0000000000
2698 -1010.0000000000
2705 -1009.0000000000
2706 -1008.0000000000
2708 -1006.0000000000
2713 -1005.0000000000
2715 -1004.0000000000
2717 -1003.0000000000
2720 -1002.0000000000
2722 -1001.0000000000
2725 -1000.0000000000
2727 -999.0000000000
2728 -998.0000000000
2729 -997.0000000000
2732 -996.0000000000
2735 -995.0000000000
2738 -994.0000000000
2745 -993.0000000000
2747 -992.0000000000
2762 -991.0000000000
2766 -989.0000000000
2769 -988.0000000000
2773 -987.0000000000
2786 -986.0000000000
2790 -985.0000000000
2793 -984.0000000000
2800 -982.0000000000
2818 -981.0000000000
2821 -980.0000000000
2823 -979.0000000000
2826 -978.0000000000
2836 -976.0000000000
2839 -975.0000000000
2841 -974.0000000000
2845 -973.0000000000
2849 -972.0000000000
2852 -971.0000000000
2855 -970.0000000000
2858 -969.0000000000
2859 -968.0000000000
2867 -967.0000000000
2868 -966.0000000000
2872 -965.0000000000
2877 -964.0000000000
2879 -963.0000000000
2881 -962.0000000000
2888 -961.0000000000
2892 -960.0000000000
2895 -959.0000000000
2911 -958.0000000000
2915 -957.0000000000
2916 -956.0000000000
2919 -955.0000000000
2922 -954.0000000000
2929 -953.0000000000
2934 -951.0000000000
2937 -950.0000000000
2942 -949.0000000000
2950 -948.0000000000
2958 -947.0000000000
2961 -946.0000000000
2964 -945.0000000000
2965 -944.0000000000
2975 -943.0000000000
2979 -942.0000000000
2986 -941.0000000000
2994 -940.0000000000
2995 -939.0000000000
2997 -938.0000000000
3001 -937.0000000000
3006 -935.0000000000
3010 -934.0000000000
3018 -932.0000000000
3020 -931.0000000000
3021 -930.0000000000
3024 -929.0000000000
3054 -928.0000000000
3056 -927.0000000000
3059 -926.0000000000
3074 -925.0000000000
3080 -924.0000000000
3084 -923.0000000000
3087 -922.0000000000
3090 -921.0000000000
3094 -920.0000000000
3096 -919.0000000000
3104 -918.0000000000
3108 -917.0000000000
3110 -916.0000000000
3111 -915.0000000000
3114 -914.0000000000
3116 -913.0000000000
3118 -912.0000000000
3122 -911.0000000000
3130 -910.0000000000
3131 -908.0000000000
3143 -907.0000000000
3146 -905.0000000000
3152 -904.0000000000
3154 -903.0000000000
3155 -902.0000000000
3165 -901.0000000000
3167 -900.0000000000
3170 -899.0000000000
3172 -898.0000000000
3179 -897.0000000000
3180 -896.0000000000
3181 -895.0000000000
3186 -894.0000000000
3194 -893.0000000000
3199 -892.0000000000
3216 -891.0000000000
3230 -890.0000000000
3233 -889.0000000000
3239 -888.0000000000
3240 -886.0000000000
3241 -885.0000000000
3244 -884.0000000000
3246 -883.0000000000
3248 -882.0000000000
3254 -881.0000000000
3256 -880.0000000000
3258 -879.0000000000
3260 -878.0000000000
3270 -877.0000000000
3271 -875.0000000000
3278 -874.0000000000
3283 -873.0000000000
3286 -872.0000000000
3295 -871.0000000000
3303 -870.0000000000
3305 -869.0000000000
3306 -868.0000000000
3316 -867.0000000000
3335 -866.0000000000
3341 -865.0000000000
3356 -863.0000000000
3358 -862.0000000000
3362 -861.0000000000
3363 -860.0000000000
3375 -859.0000000000
3386 -858.0000000000
3388 -857.0000000000
3389 -856.0000000000
3390 -855.0000000000
3394 -854.0000000000
3401 -853.0000000000
3404 -852.0000000000
3408 -851.0000000000
3418 -850.0000000000
3423 -849.0000000000
3428 -848.0000000000
3439 -847.0000000000
3444 -846.0000000000
3446 -845.0000000000
3451 -844.0000000000
3453 -843.0000000000
3457 -842.0000000000
3461 -841.0000000000
3465 -840.0000000000
3466 -839.0000000000
3470 -838.0000000000
3472 -837.0000000000
3479 -836.0000000000
3485 -835.0000000000
3486 -834.0000000000
3494 -833.0000000000
3501 -832.0000000000
3509 -831.0000000000
3515 -830.0000000000
3525 -829.0000000000
3530 -828.0000000000
3531 -827.0000000000
3535 -826.0000000000
3539 -825.0000000000
3542 -824.0000000000
3557 -823.0000000000
3561 -822.0000000000
3567 -821.0000000000
3570 -820.0000000000
3577 -818.0000000000
3579 -817.0000000000
3583 -816.0000000000
3589 -815.0000000000
3597 -814.0000000000
3600 -813.0000000000
3616 -812.0000000000
3626 -811.0000000000
3638 -810.0000000000
3647 -809.0000000000
3657 -808.0000000000
3669 -807.0000000000
3673 -806.0000000000
3680 -805.0000000000
3692 -804.0000000000
3700 -803.0000000000
3708 -802.0000000000
3712 -801.0000000000
3715 -800.0000000000
3724 -799.0000000000
3730 -798.0000000000
3735 -797.0000000000
3737 -796.0000000000
3757 -795.0000000000
3758 -794.0000000000
3764 -793.0000000000
3774 -792.0000000000
3782 -791.0000000000
3787 -790.0000000000
3789 -789.0000000000
3791 -788.0000000000
3796 -786.0000000000
3799 -785.0000000000
3801 -783.0000000000
3811 -782.0000000000
3812 -781.0000000000
3816 -780.0000000000
3818 -779.0000000000
3820 -778.0000000000
3822 -777.0000000000
3825 -776.0000000000
3826 -775.0000000000
3839 -774.0000000000
3845 -773.0000000000
3853 -772.0000000000
3854 -771.0000000000
3864 -770.0000000000
3878 -769.0000000000
3891 -768.0000000000
3908 -767.0000000000
3912 -766.0000000000
3913 -765.0000000000
3915 -764.0000000000
3922 -763.0000000000
3925 -762.0000000000
3943 -761.0000000000
3946 -760.0000000000
3947 -759.0000000000
3954 -758.0000000000
3956 -757.0000000000
3967 -756.0000000000
3968 -755.0000000000
3971 -754.0000000000
3973 -753.0000000000
3978 -752.0000000000
3985 -751.0000000000
4007 -750.0000000000
4013 -749.0000000000
4015 -748.0000000000
4016 -747.0000000000
4034 -746.0000000000
4045 -744.0000000000
4050 -743.0000000000
4061 -742.0000000000
4063 -741.0000000000
4065 -740.0000000000
4070 -739.0000000000
4111 -738.0000000000
4113 -737.0000000000
4115 -736.0000000000
4123 -735.0000000000
4127 -734.0000000000
4139 -733.0000000000
4141 -732.0000000000
4144 -731.0000000000
4164 -730.0000000000
4177 -729.0000000000
4182 -728.0000000000
4189 -726.0000000000
4194 -725.0000000000
4213 -724.0000000000
4216 -723.0000000000
4227 -722.0000000000
4228 -721.0000000000
4229 -720.0000000000
4251 -718.0000000000
4255 -717.0000000000
4256 -716.0000000000
4275 -715.0000000000
4276 -714.0000000000
4282 -713.0000000000
4283 -712.0000000000
4285 -711.0000000000
4288 -710.0000000000
4292 -709.0000000000
4293 -708.0000000000
4304 -707.0000000000
4318 -706.0000000000
4319 -705.0000000000
4321 -704.0000000000
4333 -703.0000000000
4334 -702.0000000000
4337 -701.0000000000
4343 -700.0000000000
4348 -699.0000000000
4351 -698.0000000000
4364 -697.0000000000
4380 -696.0000000000
4386 -695.0000000000
4387 -694.0000000000
4394 -693.0000000000
4395 -692.0000000000
4397 -691.0000000000
4399 -689.0000000000
4401 -688.0000000000
4411 -687.0000000000
4418 -686.0000000000
4420 -685.0000000000
4423 -684.0000000000
4426 -683.0000000000
4432 -682.0000000000
4438 -681.0000000000
4451 -680.0000000000
4452 -678.0000000000
4453 -677.0000000000
4455 -676.0000000000
4473 -675.0000000000
4477 -674.0000000000
4482 -673.0000000000
4483 -672.0000000000
4487 -671.0000000000
4501 -670.0000000000
4512 -669.0000000000
4525 -668.0000000000
4539 -667.0000000000
4540 -666.0000000000
4544 -665.0000000000
4549 -664.0000000000
4552 -663.0000000000
4563 -662.0000000000
4567 -661.0000000000
4578 -660.0000000000
4582 -659.0000000000
4586 -658.0000000000
4593 -657.0000000000
4595 -656.0000000000
4596 -655.0000000000
4602 -653.0000000000
4608 -652.0000000000
4611 -651.0000000000
4640 -650.0000000000
4643 -649.0000000000
4653 -648.0000000000
4666 -647.0000000000
4670 -646.0000000000
4676 -645.0000000000
4682 -644.0000000000
4685 -643.0000000000
4687 -642.0000000000
4697 -641.0000000000
4709 -640.0000000000
4710 -638.0000000000
4712 -637.0000000000
4727 -636.0000000000
4729 -635.0000000000
4730 -634.0000000000
4732 -633.0000000000
4740 -632.0000000000
4746 -631.0000000000
4751 -630.0000000000
4775 -629.0000000000
4788 -628.0000000000
4790 -626.0000000000
4799 -624.0000000000
4801 -623.0000000000
4809 -621.0000000000
4819 -620.0000000000
4821 -619.0000000000
4845 -618.0000000000
4849 -617.0000000000
4851 -616.0000000000
4881 -615.0000000000
4888 -614.0000000000
4892 -613.0000000000
4898 -612.0000000000
4921 -611.0000000000
4930 -610.0000000000
4936 -609.0000000000
4940 -608.0000000000
4945 -606.0000000000
4955 -605.0000000000
4968 -604.0000000000
4972 -603.0000000000
4976 -602.0000000000
4986 -601.0000000000
4989 -600.0000000000
5023 -599.0000000000
5042 -598.0000000000
5053 -597.0000000000
5057 -596.0000000000
5094 -595.0000000000
5102 -594.0000000000
5103 -593.0000000000
5125 -591.0000000000
5143 -590.0000000000
5154 -589.0000000000
5157 -588.0000000000
5180 -587.0000000000
5193 -586.0000000000
5199 -585.0000000000
5211 -584.0000000000
5212 -583.0000000000
5225 -582.0000000000
5229 -581.0000000000
5231 -580.0000000000
5235 -579.0000000000
5240 -578.0000000000
5241 -577.0000000000
5248 -576.0000000000
5257 -575.0000000000
5258 -574.0000000000
5263 -573.0000000000
5267 -572.0000000000
5272 -571.0000000000
5275 -570.0000000000
5277 -569.0000000000
5280 -568.0000000000
5300 -567.0000000000
5311 -566.0000000000
5315 -565.0000000000
5318 -564.0000000000
5319 -563.0000000000
5348 -562.0000000000
5349 -561.0000000000
5360 -560.0000000000
5361 -559.0000000000
5362 -558.0000000000
5373 -557.0000000000
5384 -556.0000000000
5388 -554.0000000000
5389 -553.0000000000
5411 -552.0000000000
5420 -551.0000000000
5441 -550.0000000000
5442 -549.0000000000
5455 -548.0000000000
5458 -547.0000000000
5459 -546.0000000000
5483 -545.0000000000
5492 -544.0000000000
5515 -543.0000000000
5528 -542.0000000000
5565 -541.0000000000
5573 -540.0000000000
5583 -539.0000000000
5587 -538.0000000000
5597 -537.0000000000
5610 -536.0000000000
5615 -534.0000000000
5620 -533.0000000000
5622 -532.0000000000
5623 -531.0000000000
5624 -530.0000000000
5630 -529.0000000000
5639 -528.0000000000
5658 -527.0000000000
5685 -526.0000000000
5690 -525.0000000000
5695 -524.0000000000
5706 -523.0000000000
5714 -522.0000000000
5728 -521.0000000000
5737 -520.0000000000
5739 -519.0000000000
5768 -518.0000000000
5770 -517.0000000000
5778 -516.0000000000
5779 -515.0000000000
5783 -514.0000000000
5789 -513.0000000000
5792 -512.0000000000
5817 -511.0000000000
5834 -510.0000000000
5840 -509.0000000000
5843 -508.0000000000
5853 -507.0000000000
5855 -506.0000000000
5857 -505.0000000000
5865 -504.0000000000
5866 -503.0000000000
5870 -502.0000000000
5871 -501.0000000000
5876 -500.0000000000
5880 -499.0000000000
5896 -498.0000000000
5904 -497.0000000000
5910 -496.0000000000
5913 -495.0000000000
5916 -494.0000000000
5923 -493.0000000000
5926 -492.0000000000
5937 -491.0000000000
5940 -490.0000000000
5950 -489.0000000000
5958 -488.0000000000
5966 -487.0000000000
5967 -485.0000000000
5969 -484.0000000000
5994 -483.0000000000
5998 -482.0000000000
6005 -481.0000000000
6012 -480.0000000000
6020 -479.0000000000
6028 -478.0000000000
6042 -477.0000000000
6046 -476.0000000000
6062 -475.0000000000
6066 -474.0000000000
6068 -473.0000000000
6075 -472.0000000000
6112 -471.0000000000
6124 -470.0000000000
6129 -469.0000000000
6145 -468.0000000000
6150 -467.0000000000
6160 -466.0000000000
6175 -465.0000000000
6192 -464.0000000000
6227 -463.0000000000
6240 -462.0000000000
6248 -461.0000000000
6252 -460.0000000000
6297 -459.0000000000
6323 -458.0000000000
6327 -457.0000000000
6329 -456.0000000000
6343 -455.0000000000
6344 -454.0000000000
6358 -453.0000000000
6371 -452.0000000000
6378 -451.0000000000
6392 -450.0000000000
6393 -449.0000000000
6395 -448.0000000000
6412 -447.0000000000
6418 -446.0000000000
6438 -445.0000000000
6446 -444.0000000000
6457 -443.0000000000
6462 -442.0000000000
6466 -440.0000000000
6503 -439.0000000000
6512 -438.0000000000
6527 -437.0000000000
6530 -436.0000000000
6533 -435.0000000000
6542 -434.0000000000
6593 -433.0000000000
6595 -432.0000000000
6607 -431.0000000000
6611 -430.0000000000
6620 -429.0000000000
6623 -428.0000000000
6625 -427.0000000000
6638 -426.0000000000
6642 -425.0000000000
6646 -424.0000000000
6663 -423.0000000000
6670 -422.0000000000
6698 -421.0000000000
6720 -420.0000000000
6726 -419.0000000000
6732 -418.0000000000
6740 -417.0000000000
6751 -416.0000000000
6754 -415.0000000000
6756 -414.0000000000
6769 -413.0000000000
6770 -412.0000000000
6778 -411.0000000000
6783 -410.0000000000
6798 -409.0000000000
6799 -408.0000000000
6818 -407.0000000000
6833 -406.0000000000
6853 -405.0000000000
6869 -404.0000000000
6881 -403.0000000000
6888 -402.0000000000
6900 -401.0000000000
6907 -400.0000000000
6911 -399.0000000000
6918 -397.0000000000
6924 -396.0000000000
6927 -395.0000000000
6929 -393.0000000000
6942 -392.0000000000
6952 -391.0000000000
6976 -390.0000000000
6978 -389.0000000000
6996 -388.0000000000
7000 -387.0000000000
7013 -385.0000000000
7015 -384.0000000000
7025 -383.0000000000
7028 -382.0000000000
7062 -381.0000000000
7078 -380.0000000000
7100 -379.0000000000
7106 -378.0000000000
7107 -377.0000000000
7120 -376.0000000000
7124 -375.0000000000
7128 -374.0000000000
7134 -373.0000000000
7141 -372.0000000000
7158 -371.0000000000
7180 -370.0000000000
7182 -369.0000000000
7190 -368.0000000000
7194 -367.0000000000
7211 -366.0000000000
7220 -365.0000000000
7230 -364.0000000000
7236 -363.0000000000
7238 -362.0000000000
7245 -361.0000000000
7249 -360.0000000000
7279 -359.0000000000
7308 -358.0000000000
7312 -357.0000000000
7330 -356.0000000000
7376 -355.0000000000
7381 -354.0000000000
7402 -353.0000000000
7403 -352.0000000000
7427 -351.0000000000
7445 -350.0000000000
7456 -349.0000000000
7467 -348.0000000000
7493 -347.0000000000
7502 -346.0000000000
7507 -345.0000000000
7534 -344.0000000000
7545 -343.0000000000
7607 -342.0000000000
7610 -341.0000000000
7617 -340.0000000000
7623 -339.0000000000
7635 -338.0000000000
7644 -337.0000000000
7649 -336.0000000000
7659 -335.0000000000
7695 -334.0000000000
7724 -333.0000000000
7740 -332.0000000000
7755 -331.0000000000
7772 -330.0000000000
7780 -329.0000000000
7797 -328.0000000000
7821 -327.0000000000
7828 -326.0000000000
7860 -325.0000000000
7877 -324.0000000000
7886 -323.0000000000
7904 -322.0000000000
7911 -321.0000000000
7923 -320.0000000000
7946 -319.0000000000
7956 -318.0000000000
7967 -317.0000000000
7978 -316.0000000000
8004 -315.0000000000
8007 -314.0000000000
8014 -313.0000000000
8017 -312.0000000000
8022 -311.0000000000
8065 -310.0000000000
8084 -309.0000000000
8139 -308.0000000000
8170 -307.0000000000
8203 -306.0000000000
8215 -305.0000000000
8236 -304.0000000000
8278 -303.0000000000
8297 -302.0000000000
8321 -301.0000000000
8340 -300.0000000000
8354 -299.0000000000
8390 -298.0000000000
8408 -297.0000000000
8474 -296.0000000000
8502 -295.0000000000
8531 -294.0000000000
8534 -293.0000000000
8539 -292.0000000000
8546 -291.0000000000
8591 -290.0000000000
8600 -289.0000000000
8613 -288.0000000000
8621 -287.0000000000
8632 -286.0000000000
8636 -285.0000000000
8638 -284.0000000000
8642 -283.0000000000
8691 -282.0000000000
8714 -281.0000000000
8718 -280.0000000000
8721 -279.0000000000
8741 -278.0000000000
8760 -277.0000000000
8796 -276.0000000000
8906 -275.0000000000
8976 -274.0000000000
8989 -273.0000000000
8994 -272.0000000000
8997 -271.0000000000
8999 -270.0000000000
9026 -269.0000000000
9045 -268.0000000000
9063 -267.0000000000
9071 -266.0000000000
9093 -265.0000000000
9126 -264.0000000000
9165 -263.0000000000
9170 -262.0000000000
9199 -261.0000000000
9205 -259.0000000000
9208 -258.0000000000
9275 -257.0000000000
9283 -256.0000000000
9294 -255.0000000000
9309 -254.0000000000
9321 -253.0000000000
9333 -252.0000000000
9338 -251.0000000000
9346 -250.0000000000
9351 -249.0000000000
9359 -248.0000000000
9381 -247.0000000000
9383 -246.0000000000
9390 -245.0000000000
9399 -244.0000000000
9412 -243.0000000000
9425 -242.0000000000
9426 -241.0000000000
9440 -240.0000000000
9441 -239.0000000000
9498 -238.0000000000
9507 -237.0000000000
9525 -236.0000000000
9531 -235.0000000000
9626 -234.0000000000
9632 -233.0000000000
9633 -232.0000000000
9659 -231.0000000000
9666 -230.0000000000
9728 -229.0000000000
9747 -228.0000000000
9758 -227.0000000000
9760 -226.0000000000
9761 -225.0000000000
9767 -224.0000000000
9824 -223.0000000000
9829 -222.0000000000
9833 -221.0000000000
9844 -220.0000000000
9904 -219.0000000000
9911 -218.0000000000
9928 -217.0000000000
9930 -216.0000000000
9938 -215.0000000000
9958 -214.0000000000
9994 -213.0000000000
10000 -215.0000000000
