# evaluation best
1 0.0
2 1.0
3 12.0
4 12.0
5 27.0
6 27.0
7 27.0
8 27.0
9 27.0
10 27.0
11 27.0
12 27.0
13 27.0
14 27.0
15 28.0
16 37.0
17 37.0
18 37.0
19 37.0
20 37.0
21 37.0
22 37.0
23 37.0
24 37.0
25 37.0
26 37.0
27 37.0
28 37.0
29 37.0
30 37.0
31 37.0
32 37.0
33 37.0
34 37.0
35 37.0
36 37.0
37 37.0
38 37.0
39 37.0
40 37.0
41 37.0
42 37.0
43 37.0
44 37.0
45 37.0
46 37.0
47 37.0
48 37.0
49 37.0
50 37.0
51 37.0
52 37.0
53 37.0
54 37.0
55 50.0
56 50.0
57 50.0
58 50.0
59 50.0
60 50.0
61 50.0
62 50.0
63 50.0
64 50.0
65 50.0
66 50.0
67 50.0
68 50.0
69 50.0
70 50.0
71 50.0
72 50.0
73 50.0
74 50.0
75 50.0
76 50.0
77 50.0
78 50.0
79 50.0
80 50.0
81 50.0
82 50.0
83 50.0
84 50.0
85 50.0
86 50.0
87 50.0
88 50.0
89 50.0
90 50.0
91 50.0
92 50.0
93 50.0
94 50.0
95 50.0
96 50.0
97 51.0
98 51.0
99 51.0
100 51.0
101 51.0
102 51.0
103 51.0
104 51.0
105 51.0
106 51.0
107 51.0
108 51.0
109 51.0
110 51.0
111 51.0
112 51.0
113 51.0
114 51.0
115 51.0
116 51.0
117 51.0
118 51.0
119 51.0
120 51.0
121 51.0
122 51.0
123 51.0
124 51.0
125 51.0
126 51.0
127 51.0
128 51.0
129 51.0
130 51.0
131 51.0
132 53.0
133 54.0
134 54.0
135 58.0
136 58.0
137 58.0
138 58.0
139 58.0
140 58.0
141 58.0
142 58.0
143 58.0
144 58.0
145 58.0
146 58.0
147 58.0
148 58.0
149 58.0
150 58.0
151 58.0
152 58.0
153 58.0
154 58.0
155 58.0
156 58.0
157 58.0
158 58.0
159 58.0
160 58.0
161 58.0
162 58.0
163 58.0
164 58.0
165 58.0
166 58.0
167 58.0
168 58.0
169 58.0
170 58.0
171 58.0
172 58.0
173 58.0
174 58.0
175 58.0
176 58.0
177 58.0
178 58.0
179 58.0
180 58.0
181 58.0
182 58.0
183 58.0
184 58.0
185 58.0
186 58.0
187 58.0
188 58.0
189 58.0
190 58.0
191 58.0
192 58.0
193 58.0
194 58.0
195 58.0
196 58.0
197 58.0
198 58.0
199 58.0
200 58.0
201 58.0
202 58.0
203 58.0
204 58.0
205 58.0
206 58.0
207 58.0
208 58.0
209 58.0
210 58.0
211 58.0
212 58.0
213 58.0
214 58.0
215 58.0
216 58.0
217 58.0
218 58.0
219 58.0
220 58.0
221 58.0
222 58.0
223 58.0
224 58.0
225 58.0
226 58.0
227 58.0
228 58.0
229 58.0
230 58.0
231 58.0
232 58.0
233 58.0
234 58.0
235 58.0
236 58.0
237 58.0
238 58.0
239 58.0
240 58.0
241 58.0
242 58.0
243 58.0
244 58.0
245 58.0
246 58.0
247 58.0
248 58.0
249 58.0
250 58.0
251 58.0
252 58.0
253 58.0
254 58.0
255 58.0
256 58.0
257 58.0
258 58.0
259 58.0
260 58.0
261 58.0
262 58.0
263 58.0
264 58.0
265 58.0
266 58.0
267 58.0
268 58.0
269 58.0
270 58.0
271 58.0
272 58.0
273 58.0
274 58.0
275 58.0
276 58.0
277 58.0
278 58.0
279 58.0
280 58.0
281 58.0
282 58.0
283 58.0
284 58.0
285 58.0
286 58.0
287 58.0
288 59.0
289 59.0
290 59.0
291 59.0
292 59.0
293 59.0
294 59.0
295 59.0
296 59.0
297 59.0
298 59.0
299 59.0
300 59.0
301 59.0
302 59.0
303 59.0
304 59.0
305 59.0
306 59.0
307 59.0
308 59.0
309 59.0
310 59.0
311 59.0
312 59.0
313 59.0
314 59.0
315 59.0
316 59.0
317 59.0
318 59.0
319 59.0
320 59.0
321 59.0
322 59.0
323 59.0
324 59.0
325 59.0
326 59.0
327 59.0
328 59.0
329 59.0
330 59.0
331 59.0
332 59.0
333 59.0
334 59.0
335 59.0
336 59.0
337 59.0
338 59.0
339 59.0
340 59.0
341 59.0
342 59.0
343 59.0
344 59.0
345 59.0
346 59.0
347 59.0
348 59.0
349 59.0
350 59.0
351 59.0
352 59.0
353 59.0
354 59.0
355 59.0
356 59.0
357 59.0
358 59.0
359 59.0
360 59.0
361 59.0
362 59.0
363 59.0
364 59.0
365 59.0
366 59.0
367 59.0
368 59.0
369 59.0
370 59.0
371 59.0
372 59.0
373 59.0
374 59.0
375 59.0
376 59.0
377 59.0
378 59.0
379 59.0
380 59.0
381 59.0
382 59.0
383 59.0
384 59.0
385 59.0
386 59.0
387 59.0
388 59.0
389 59.0
390 59.0
391 59.0
392 59.0
393 59.0
394 59.0
395 59.0
396 59.0
397 59.0
398 59.0
399 59.0
400 59.0
401 59.0
402 59.0
403 59.0
404 59.0
405 59.0
406 59.0
407 59.0
408 59.0
409 59.0
410 59.0
411 59.0
412 59.0
413 59.0
414 59.0
415 59.0
416 59.0
417 59.0
418 59.0
419 59.0
420 59.0
421 59.0
422 59.0
423 59.0
424 59.0
425 59.0
426 59.0
427 59.0
428 59.0
429 59.0
430 59.0
431 59.0
432 59.0
433 59.0
434 59.0
435 59.0
436 59.0
437 59.0
438 59.0
439 59.0
440 59.0
441 59.0
442 59.0
443 59.0
444 59.0
445 59.0
446 59.0
447 59.0
448 59.0
449 59.0
450 59.0
451 59.0
452 59.0
453 59.0
454 59.0
455 59.0
456 59.0
457 59.0
458 59.0
459 59.0
460 59.0
461 59.0
462 59.0
463 59.0
464 59.0
465 59.0
466 59.0
467 59.0
468 59.0
469 59.0
470 59.0
471 59.0
472 59.0
473 59.0
474 59.0
475 59.0
476 59.0
477 59.0
478 59.0
479 59.0
480 59.0
481 59.0
482 59.0
483 59.0
484 59.0
485 59.0
486 59.0
487 59.0
488 59.0
489 59.0
490 59.0
491 59.0
492 59.0
493 59.0
494 59.0
495 59.0
496 59.0
497 59.0
498 59.0
499 59.0
500 59.0
501 59.0
502 59.0
503 59.0
504 59.0
505 59.0
506 59.0
507 59.0
508 59.0
509 59.0
510 59.0
511 59.0
512 59.0
513 59.0
514 59.0
515 59.0
516 59.0
517 59.0
518 59.0
519 59.0
520 59.0
521 59.0
522 59.0
523 59.0
524 59.0
525 59.0
526 59.0
527 59.0
528 59.0
529 59.0
530 59.0
531 59.0
532 59.0
533 59.0
534 59.0
535 59.0
536 59.0
537 59.0
538 59.0
539 59.0
540 59.0
541 59.0
542 59.0
543 59.0
544 59.0
545 59.0
546 59.0
547 59.0
548 59.0
549 59.0
550 59.0
551 59.0
552 59.0
553 59.0
554 59.0
555 59.0
556 59.0
557 59.0
558 59.0
559 59.0
560 59.0
561 59.0
562 59.0
563 59.0
564 59.0
565 59.0
566 59.0
567 59.0
568 59.0
569 59.0
570 59.0
571 59.0
572 59.0
573 59.0
574 59.0
575 59.0
576 59.0
577 59.0
578 59.0
579 59.0
580 59.0
581 59.0
582 59.0
583 59.0
584 59.0
585 59.0
586 59.0
587 59.0
588 59.0
589 59.0
590 59.0
591 59.0
592 59.0
593 59.0
594 59.0
595 59.0
596 59.0
597 59.0
598 59.0
599 59.0
600 59.0
601 59.0
602 59.0
603 59.0
604 59.0
605 59.0
606 59.0
607 59.0
608 59.0
609 59.0
610 59.0
611 59.0
612 59.0
613 59.0
614 59.0
615 59.0
616 59.0
617 59.0
618 59.0
619 59.0
620 59.0
621 59.0
622 59.0
623 59.0
624 59.0
625 59.0
626 59.0
627 59.0
628 59.0
629 59.0
630 59.0
631 59.0
632 59.0
633 59.0
634 59.0
635 59.0
636 59.0
637 59.0
638 59.0
639 59.0
640 59.0
641 59.0
642 59.0
643 59.0
644 59.0
645 59.0
646 59.0
647 59.0
648 59.0
649 59.0
650 59.0
651 59.0
652 59.0
653 59.0
654 59.0
655 59.0
656 59.0
657 59.0
658 59.0
659 59.0
660 59.0
661 59.0
662 59.0
663 59.0
664 59.0
665 59.0
666 59.0
667 59.0
668 59.0
669 59.0
670 59.0
671 59.0
672 59.0
673 59.0
674 59.0
675 59.0
676 59.0
677 59.0
678 59.0
679 59.0
680 59.0
681 59.0
682 59.0
683 59.0
684 59.0
685 59.0
686 59.0
687 59.0
688 59.0
689 59.0
690 59.0
691 59.0
692 59.0
693 59.0
694 59.0
695 59.0
696 59.0
697 59.0
698 59.0
699 59.0
700 59.0
701 59.0
702 59.0
703 59.0
704 59.0
705 59.0
706 59.0
707 59.0
708 59.0
709 59.0
710 59.0
711 59.0
712 59.0
713 59.0
714 59.0
715 59.0
716 59.0
717 59.0
718 59.0
719 59.0
720 59.0
721 59.0
722 59.0
723 59.0
724 59.0
725 59.0
726 59.0
727 59.0
728 59.0
729 59.0
730 59.0
731 59.0
732 59.0
733 59.0
734 59.0
735 59.0
736 59.0
737 59.0
738 59.0
739 59.0
740 59.0
741 59.0
742 59.0
743 59.0
744 59.0
745 59.0
746 59.0
747 59.0
748 59.0
749 59.0
750 59.0
751 59.0
752 59.0
753 59.0
754 59.0
755 59.0
756 59.0
757 59.0
758 59.0
759 59.0
760 59.0
761 59.0
762 59.0
763 59.0
764 59.0
765 59.0
766 59.0
767 59.0
768 59.0
769 59.0
770 59.0
771 59.0
772 59.0
773 59.0
774 59.0
775 59.0
776 59.0
777 59.0
778 59.0
779 59.0
780 59.0
781 59.0
782 59.0
783 59.0
784 59.0
785 59.0
786 59.0
787 59.0
788 59.0
789 59.0
790 59.0
791 59.0
792 59.0
793 59.0
794 59.0
795 59.0
796 59.0
797 59.0
798 59.0
799 59.0
800 59.0
801 59.0
802 59.0
803 59.0
804 59.0
805 59.0
806 59.0
807 59.0
808 59.0
809 59.0
810 59.0
811 59.0
812 59.0
813 59.0
814 59.0
815 59.0
816 59.0
817 59.0
818 59.0
819 59.0
820 59.0
821 59.0
822 59.0
823 59.0
824 59.0
825 59.0
826 59.0
827 59.0
828 59.0
829 59.0
830 59.0
831 59.0
832 59.0
833 59.0
834 59.0
835 59.0
836 59.0
837 59.0
838 59.0
839 59.0
840 59.0
841 59.0
842 59.0
843 59.0
844 59.0
845 59.0
846 59.0
847 59.0
848 59.0
849 59.0
850 59.0
851 59.0
852 59.0
853 59.0
854 59.0
855 59.0
856 59.0
857 59.0
858 59.0
859 59.0
860 59.0
861 59.0
862 59.0
863 59.0
864 59.0
865 59.0
866 59.0
867 59.0
868 59.0
869 59.0
870 59.0
871 59.0
872 59.0
873 59.0
874 59.0
875 59.0
876 59.0
877 59.0
878 59.0
879 59.0
880 59.0
881 59.0
882 59.0
883 59.0
884 59.0
885 59.0
886 59.0
887 59.0
888 59.0
889 59.0
890 59.0
891 59.0
892 59.0
893 59.0
894 59.0
895 59.0
896 59.0
897 59.0
898 59.0
899 59.0
900 59.0
901 59.0
902 59.0
903 59.0
904 59.0
905 59.0
906 59.0
907 59.0
908 59.0
909 59.0
910 59.0
911 59.0
912 59.0
913 59.0
914 59.0
915 59.0
916 59.0
917 59.0
918 59.0
919 59.0
920 59.0
921 59.0
922 59.0
923 59.0
924 59.0
925 59.0
926 59.0
927 59.0
928 59.0
929 59.0
930 59.0
931 59.0
932 59.0
933 59.0
934 59.0
935 59.0
936 59.0
937 59.0
938 59.0
939 59.0
940 59.0
941 59.0
942 59.0
943 59.0
944 59.0
945 59.0
946 59.0
947 59.0
948 59.0
949 59.0
950 59.0
951 59.0
952 59.0
953 59.0
954 59.0
955 59.0
956 59.0
957 59.0
958 59.0
959 59.0
960 59.0
961 59.0
962 59.0
963 59.0
964 59.0
965 59.0
966 59.0
967 59.0
968 59.0
969 59.0
970 59.0
971 59.0
972 59.0
973 59.0
974 59.0
975 59.0
976 59.0
977 59.0
978 59.0
979 59.0
980 59.0
981 59.0
982 59.0
983 59.0
984 59.0
985 59.0
986 59.0
987 59.0
988 59.0
989 59.0
990 59.0
991 59.0
992 59.0
993 59.0
994 59.0
995 59.0
996 59.0
997 59.0
998 59.0
999 59.0
1000 59.0
1001 59.0
1002 59.0
1003 59.0
1004 59.0
1005 59.0
1006 59.0
1007 59.0
1008 59.0
1009 59.0
1010 59.0
1011 59.0
1012 59.0
1013 59.0
1014 59.0
1015 59.0
1016 59.0
1017 59.0
1018 59.0
1019 59.0
1020 59.0
1021 59.0
1022 59.0
1023 59.0
1024 59.0
1025 59.0
1026 59.0
1027 59.0
1028 59.0
1029 59.0
1030 59.0
1031 59.0
1032 59.0
1033 59.0
1034 59.0
1035 59.0
1036 59.0
1037 59.0
1038 59.0
1039 59.0
1040 59.0
1041 59.0
1042 59.0
1043 59.0
1044 59.0
1045 59.0
1046 59.0
1047 59.0
1048 59.0
1049 59.0
1050 59.0
1051 59.0
1052 59.0
1053 59.0
1054 59.0
1055 59.0
1056 59.0
1057 59.0
1058 59.0
1059 59.0
1060 59.0
1061 59.0
1062 59.0
1063 59.0
1064 59.0
1065 59.0
1066 59.0
1067 59.0
1068 59.0
1069 59.0
1070 59.0
1071 59.0
1072 59.0
1073 59.0
1074 59.0
1075 59.0
1076 59.0
1077 59.0
1078 59.0
1079 59.0
1080 59.0
1081 59.0
1082 59.0
1083 59.0
1084 59.0
1085 59.0
1086 59.0
1087 59.0
1088 59.0
1089 59.0
1090 59.0
1091 59.0
1092 59.0
1093 59.0
1094 59.0
1095 59.0
1096 59.0
1097 59.0
1098 59.0
1099 59.0
1100 59.0
1101 59.0
1102 59.0
1103 59.0
1104 59.0
1105 59.0
1106 59.0
1107 59.0
1108 59.0
1109 59.0
1110 59.0
1111 59.0
1112 59.0
1113 59.0
1114 59.0
1115 59.0
1116 59.0
1117 59.0
1118 59.0
1119 59.0
1120 59.0
1121 59.0
1122 59.0
1123 59.0
1124 59.0
1125 59.0
1126 59.0
1127 59.0
1128 59.0
1129 59.0
1130 59.0
1131 60.0
1132 60.0
1133 63.0
1134 63.0
1135 66.0
1136 66.0
1137 66.0
1138 66.0
1139 66.0
1140 66.0
1141 66.0
1142 66.0
1143 66.0
1144 66.0
1145 66.0
1146 66.0
1147 66.0
1148 66.0
1149 66.0
1150 66.0
1151 66.0
1152 66.0
1153 66.0
1154 66.0
1155 66.0
1156 66.0
1157 66.0
1158 66.0
1159 66.0
1160 66.0
1161 66.0
1162 66.0
1163 66.0
1164 66.0
1165 66.0
1166 66.0
1167 66.0
1168 66.0
1169 66.0
1170 66.0
1171 66.0
1172 66.0
1173 66.0
1174 66.0
1175 66.0
1176 66.0
1177 66.0
1178 66.0
1179 66.0
1180 66.0
1181 66.0
1182 66.0
1183 66.0
1184 66.0
1185 66.0
1186 66.0
1187 66.0
1188 66.0
1189 66.0
1190 66.0
1191 66.0
1192 66.0
1193 66.0
1194 66.0
1195 66.0
1196 66.0
1197 66.0
1198 66.0
1199 66.0
1200 66.0
1201 66.0
1202 66.0
1203 66.0
1204 66.0
1205 66.0
1206 66.0
1207 66.0
1208 66.0
1209 66.0
1210 66.0
1211 66.0
1212 66.0
1213 66.0
1214 66.0
1215 66.0
1216 66.0
1217 66.0
1218 66.0
1219 66.0
1220 66.0
1221 66.0
1222 66.0
1223 66.0
1224 66.0
1225 66.0
1226 66.0
1227 66.0
1228 66.0
1229 66.0
1230 66.0
1231 66.0
1232 66.0
1233 66.0
1234 66.0
1235 66.0
1236 66.0
1237 66.0
1238 66.0
1239 66.0
1240 66.0
1241 66.0
1242 66.0
1243 66.0
1244 66.0
1245 66.0
1246 66.0
1247 66.0
1248 66.0
1249 66.0
1250 66.0
1251 66.0
1252 66.0
1253 66.0
1254 66.0
1255 66.0
1256 66.0
1257 66.0
1258 66.0
1259 66.0
1260 66.0
1261 66.0
1262 66.0
1263 66.0
1264 66.0
1265 66.0
1266 66.0
1267 66.0
1268 66.0
1269 66.0
1270 66.0
1271 66.0
1272 66.0
1273 66.0
1274 66.0
1275 66.0
1276 66.0
1277 66.0
1278 66.0
1279 66.0
1280 66.0
1281 66.0
1282 66.0
1283 66.0
1284 66.0
1285 66.0
1286 66.0
1287 66.0
1288 66.0
1289 69.0
1290 69.0
1291 69.0
1292 69.0
1293 69.0
1294 69.0
1295 69.0
1296 69.0
1297 69.0
1298 69.0
1299 69.0
1300 69.0
1301 69.0
1302 69.0
1303 69.0
1304 69.0
1305 69.0
1306 69.0
1307 69.0
1308 69.0
1309 69.0
1310 69.0
1311 69.0
1312 69.0
1313 69.0
1314 69.0
1315 69.0
1316 69.0
1317 69.0
1318 69.0
1319 69.0
1320 69.0
1321 69.0
1322 69.0
1323 69.0
1324 69.0
1325 69.0
1326 69.0
1327 69.0
1328 69.0
1329 69.0
1330 69.0
1331 69.0
1332 69.0
1333 69.0
1334 69.0
1335 69.0
1336 69.0
1337 69.0
1338 69.0
1339 69.0
1340 69.0
1341 69.0
1342 69.0
1343 69.0
1344 69.0
1345 69.0
1346 69.0
1347 69.0
1348 69.0
1349 69.0
1350 69.0
1351 69.0
1352 69.0
1353 69.0
1354 69.0
1355 69.0
1356 69.0
1357 69.0
1358 69.0
1359 69.0
1360 69.0
1361 69.0
1362 69.0
1363 69.0
1364 69.0
1365 69.0
1366 69.0
1367 69.0
1368 69.0
1369 69.0
1370 69.0
1371 69.0
1372 69.0
1373 69.0
1374 69.0
1375 69.0
1376 69.0
1377 69.0
1378 69.0
1379 69.0
1380 69.0
1381 69.0
1382 69.0
1383 69.0
1384 69.0
1385 69.0
1386 69.0
1387 69.0
1388 69.0
1389 69.0
1390 69.0
1391 69.0
1392 69.0
1393 69.0
1394 69.0
1395 69.0
1396 69.0
1397 69.0
1398 69.0
1399 69.0
1400 69.0
1401 69.0
1402 69.0
1403 69.0
1404 69.0
1405 69.0
1406 69.0
1407 69.0
1408 69.0
1409 69.0
1410 69.0
1411 69.0
1412 69.0
1413 69.0
1414 69.0
1415 69.0
1416 69.0
1417 69.0
1418 69.0
1419 69.0
1420 69.0
1421 69.0
1422 69.0
1423 69.0
1424 69.0
1425 69.0
1426 69.0
1427 69.0
1428 69.0
1429 69.0
1430 69.0
1431 69.0
1432 69.0
1433 69.0
1434 69.0
1435 69.0
1436 69.0
1437 69.0
1438 69.0
1439 69.0
1440 69.0
1441 69.0
1442 69.0
1443 69.0
1444 69.0
1445 69.0
1446 69.0
1447 69.0
1448 69.0
1449 69.0
1450 69.0
1451 69.0
1452 69.0
1453 69.0
1454 69.0
1455 69.0
1456 69.0
1457 69.0
1458 69.0
1459 69.0
1460 69.0
1461 69.0
1462 69.0
1463 69.0
1464 69.0
1465 69.0
1466 69.0
1467 69.0
1468 69.0
1469 69.0
1470 69.0
1471 69.0
1472 69.0
1473 69.0
1474 69.0
1475 69.0
1476 69.0
1477 69.0
1478 69.0
1479 69.0
1480 69.0
1481 69.0
1482 69.0
1483 69.0
1484 69.0
1485 69.0
1486 69.0
1487 69.0
1488 69.0
1489 69.0
1490 69.0
1491 69.0
1492 69.0
1493 69.0
1494 69.0
1495 69.0
1496 69.0
1497 69.0
1498 69.0
1499 69.0
1500 69.0
1501 69.0
1502 69.0
1503 69.0
1504 69.0
1505 69.0
1506 69.0
1507 69.0
1508 69.0
1509 69.0
1510 69.0
1511 69.0
1512 69.0
1513 69.0
1514 69.0
1515 69.0
1516 69.0
1517 69.0
1518 69.0
1519 69.0
1520 69.0
1521 69.0
1522 69.0
1523 69.0
1524 69.0
1525 69.0
1526 69.0
1527 69.0
1528 69.0
1529 69.0
1530 69.0
1531 69.0
1532 69.0
1533 69.0
1534 69.0
1535 69.0
1536 69.0
1537 69.0
1538 69.0
1539 69.0
1540 69.0
1541 69.0
1542 69.0
1543 69.0
1544 69.0
1545 69.0
1546 69.0
1547 69.0
1548 69.0
1549 69.0
1550 69.0
1551 69.0
1552 69.0
1553 69.0
1554 69.0
1555 69.0
1556 69.0
1557 69.0
1558 69.0
1559 69.0
1560 69.0
1561 69.0
1562 69.0
1563 69.0
1564 69.0
1565 69.0
1566 69.0
1567 69.0
1568 69.0
1569 69.0
1570 69.0
1571 69.0
1572 69.0
1573 69.0
1574 69.0
1575 69.0
1576 69.0
1577 69.0
1578 69.0
1579 69.0
1580 69.0
1581 69.0
1582 69.0
1583 69.0
1584 69.0
1585 69.0
1586 69.0
1587 69.0
1588 69.0
1589 69.0
1590 69.0
1591 69.0
1592 69.0
1593 69.0
1594 69.0
1595 69.0
1596 69.0
1597 69.0
1598 69.0
1599 69.0
1600 69.0
1601 69.0
1602 69.0
1603 69.0
1604 69.0
1605 69.0
1606 69.0
1607 69.0
1608 69.0
1609 69.0
1610 69.0
1611 69.0
1612 69.0
1613 69.0
1614 69.0
1615 69.0
1616 69.0
1617 69.0
1618 69.0
1619 69.0
1620 69.0
1621 69.0
1622 69.0
1623 69.0
1624 69.0
1625 69.0
1626 69.0
1627 69.0
1628 69.0
1629 69.0
1630 69.0
1631 69.0
1632 69.0
1633 69.0
1634 69.0
1635 69.0
1636 69.0
1637 69.0
1638 69.0
1639 69.0
1640 69.0
1641 69.0
1642 69.0
1643 69.0
1644 69.0
1645 69.0
1646 69.0
1647 69.0
1648 69.0
1649 69.0
1650 69.0
1651 69.0
1652 69.0
1653 69.0
1654 69.0
1655 69.0
1656 69.0
1657 69.0
1658 69.0
1659 69.0
1660 69.0
1661 69.0
1662 69.0
1663 69.0
1664 69.0
1665 69.0
1666 69.0
1667 69.0
1668 69.0
1669 69.0
1670 69.0
1671 69.0
1672 69.0
1673 69.0
1674 69.0
1675 69.0
1676 69.0
1677 69.0
1678 69.0
1679 69.0
1680 69.0
1681 69.0
1682 69.0
1683 69.0
1684 69.0
1685 69.0
1686 69.0
1687 69.0
1688 69.0
1689 69.0
1690 69.0
1691 69.0
1692 69.0
1693 69.0
1694 69.0
1695 69.0
1696 69.0
1697 69.0
1698 69.0
1699 69.0
1700 69.0
1701 69.0
1702 69.0
1703 69.0
1704 69.0
1705 69.0
1706 69.0
1707 69.0
1708 69.0
1709 69.0
1710 69.0
1711 69.0
1712 69.0
1713 69.0
1714 69.0
1715 69.0
1716 69.0
1717 69.0
1718 69.0
1719 69.0
1720 69.0
1721 69.0
1722 69.0
1723 69.0
1724 69.0
1725 69.0
1726 69.0
1727 69.0
1728 69.0
1729 69.0
1730 69.0
1731 69.0
1732 69.0
1733 69.0
1734 69.0
1735 69.0
1736 69.0
1737 69.0
1738 69.0
1739 69.0
1740 69.0
1741 69.0
1742 69.0
1743 69.0
1744 69.0
1745 69.0
1746 69.0
1747 69.0
1748 69.0
1749 69.0
1750 69.0
1751 69.0
1752 69.0
1753 69.0
1754 69.0
1755 69.0
1756 69.0
1757 69.0
1758 69.0
1759 69.0
1760 69.0
1761 69.0
1762 69.0
1763 69.0
1764 69.0
1765 69.0
1766 69.0
1767 69.0
1768 69.0
1769 69.0
1770 69.0
1771 69.0
1772 69.0
1773 69.0
1774 69.0
1775 69.0
1776 69.0
1777 69.0
1778 69.0
1779 69.0
1780 69.0
1781 69.0
1782 69.0
1783 69.0
1784 69.0
1785 69.0
1786 69.0
1787 69.0
1788 69.0
1789 69.0
1790 69.0
1791 69.0
1792 69.0
1793 69.0
1794 69.0
1795 69.0
1796 69.0
1797 69.0
1798 69.0
1799 69.0
1800 69.0
1801 69.0
1802 69.0
1803 69.0
1804 69.0
1805 69.0
1806 69.0
1807 69.0
1808 69.0
1809 69.0
1810 69.0
1811 69.0
1812 69.0
1813 69.0
1814 69.0
1815 69.0
1816 69.0
1817 69.0
1818 69.0
1819 69.0
1820 69.0
1821 69.0
1822 69.0
1823 69.0
1824 69.0
1825 69.0
1826 69.0
1827 69.0
1828 69.0
1829 69.0
1830 69.0
1831 69.0
1832 69.0
1833 69.0
1834 69.0
1835 69.0
1836 69.0
1837 69.0
1838 69.0
1839 69.0
1840 69.0
1841 69.0
1842 69.0
1843 69.0
1844 69.0
1845 69.0
1846 69.0
1847 69.0
1848 69.0
1849 69.0
1850 69.0
1851 69.0
1852 69.0
1853 69.0
1854 69.0
1855 69.0
1856 69.0
1857 69.0
1858 69.0
1859 69.0
1860 69.0
1861 69.0
1862 69.0
1863 69.0
1864 69.0
1865 69.0
1866 69.0
1867 69.0
1868 69.0
1869 69.0
1870 69.0
1871 69.0
1872 69.0
1873 69.0
1874 69.0
1875 69.0
1876 69.0
1877 69.0
1878 69.0
1879 69.0
1880 69.0
1881 69.0
1882 69.0
1883 69.0
1884 69.0
1885 69.0
1886 69.0
1887 69.0
1888 69.0
1889 69.0
1890 69.0
1891 69.0
1892 69.0
1893 69.0
1894 69.0
1895 69.0
1896 69.0
1897 69.0
1898 69.0
1899 69.0
1900 69.0
1901 69.0
1902 69.0
1903 69.0
1904 69.0
1905 69.0
1906 69.0
1907 69.0
1908 69.0
1909 69.0
1910 69.0
1911 69.0
1912 69.0
1913 69.0
1914 69.0
1915 69.0
1916 69.0
1917 69.0
1918 69.0
1919 69.0
1920 69.0
1921 69.0
1922 69.0
1923 69.0
1924 69.0
1925 69.0
1926 69.0
1927 69.0
1928 69.0
1929 69.0
1930 69.0
1931 69.0
1932 69.0
1933 69.0
1934 69.0
1935 69.0
1936 69.0
1937 69.0
1938 69.0
1939 69.0
1940 69.0
1941 69.0
1942 69.0
1943 69.0
1944 69.0
1945 69.0
1946 69.0
1947 69.0
1948 69.0
1949 69.0
1950 69.0
1951 69.0
1952 69.0
1953 69.0
1954 69.0
1955 69.0
1956 69.0
1957 69.0
1958 69.0
1959 69.0
1960 69.0
1961 69.0
1962 69.0
1963 69.0
1964 69.0
1965 69.0
1966 69.0
1967 69.0
1968 69.0
1969 69.0
1970 69.0
1971 69.0
1972 69.0
1973 69.0
1974 69.0
1975 69.0
1976 69.0
1977 69.0
1978 69.0
1979 69.0
1980 69.0
1981 69.0
1982 69.0
1983 69.0
1984 69.0
1985 69.0
1986 69.0
1987 69.0
1988 69.0
1989 69.0
1990 69.0
1991 69.0
1992 69.0
1993 69.0
1994 69.0
1995 69.0
1996 69.0
1997 69.0
1998 69.0
1999 69.0
2000 69.0
2001 69.0
2002 69.0
2003 69.0
2004 69.0
2005 69.0
2006 69.0
2007 69.0
2008 69.0
2009 69.0
2010 69.0
2011 69.0
2012 69.0
2013 69.0
2014 69.0
2015 69.0
2016 69.0
2017 69.0
2018 69.0
2019 69.0
2020 69.0
2021 69.0
2022 69.0
2023 69.0
2024 69.0
2025 69.0
2026 69.0
2027 69.0
2028 69.0
2029 69.0
2030 69.0
2031 69.0
2032 69.0
2033 69.0
2034 69.0
2035 69.0
2036 69.0
2037 69.0
2038 69.0
2039 69.0
2040 69.0
2041 69.0
2042 69.0
2043 69.0
2044 69.0
2045 69.0
2046 69.0
2047 69.0
2048 69.0
2049 69.0
2050 69.0
2051 69.0
2052 69.0
2053 69.0
2054 69.0
2055 69.0
2056 69.0
2057 69.0
2058 69.0
2059 69.0
2060 69.0
2061 69.0
2062 69.0
2063 69.0
2064 69.0
2065 69.0
2066 69.0
2067 69.0
2068 69.0
2069 69.0
2070 69.0
2071 69.0
2072 69.0
2073 69.0
2074 69.0
2075 69.0
2076 69.0
2077 69.0
2078 69.0
2079 69.0
2080 69.0
2081 69.0
2082 69.0
2083 69.0
2084 69.0
2085 69.0
2086 69.0
2087 69.0
2088 69.0
2089 69.0
2090 69.0
2091 69.0
2092 69.0
2093 69.0
2094 69.0
2095 69.0
2096 69.0
2097 69.0
2098 69.0
2099 69.0
2100 69.0
2101 69.0
2102 69.0
2103 69.0
2104 69.0
2105 69.0
2106 69.0
2107 69.0
2108 69.0
2109 69.0
2110 69.0
2111 69.0
2112 69.0
2113 69.0
2114 69.0
2115 69.0
2116 69.0
2117 69.0
2118 69.0
2119 69.0
2120 69.0
2121 69.0
2122 69.0
2123 69.0
2124 69.0
2125 69.0
2126 69.0
2127 69.0
2128 69.0
2129 69.0
2130 69.0
2131 69.0
2132 69.0
2133 69.0
2134 69.0
2135 69.0
2136 69.0
2137 69.0
2138 69.0
2139 69.0
2140 69.0
2141 69.0
2142 69.0
2143 69.0
2144 69.0
2145 69.0
2146 69.0
2147 69.0
2148 69.0
2149 69.0
2150 69.0
2151 69.0
2152 69.0
2153 69.0
2154 69.0
2155 69.0
2156 69.0
2157 69.0
2158 69.0
2159 69.0
2160 69.0
2161 69.0
2162 69.0
2163 69.0
2164 69.0
2165 69.0
2166 69.0
2167 69.0
2168 69.0
2169 69.0
2170 69.0
2171 69.0
2172 69.0
2173 69.0
2174 69.0
2175 69.0
2176 69.0
2177 69.0
2178 69.0
2179 69.0
2180 69.0
2181 69.0
2182 69.0
2183 69.0
2184 69.0
2185 69.0
2186 69.0
2187 69.0
2188 69.0
2189 69.0
2190 69.0
2191 69.0
2192 69.0
2193 69.0
2194 69.0
2195 69.0
2196 69.0
2197 69.0
2198 69.0
2199 69.0
2200 69.0
2201 69.0
2202 69.0
2203 69.0
2204 69.0
2205 69.0
2206 69.0
2207 69.0
2208 69.0
2209 69.0
2210 69.0
2211 69.0
2212 69.0
2213 69.0
2214 69.0
2215 69.0
2216 69.0
2217 69.0
2218 69.0
2219 69.0
2220 69.0
2221 69.0
2222 69.0
2223 69.0
2224 69.0
2225 69.0
2226 69.0
2227 69.0
2228 69.0
2229 69.0
2230 69.0
2231 69.0
2232 69.0
2233 69.0
2234 69.0
2235 69.0
2236 69.0
2237 69.0
2238 69.0
2239 69.0
2240 69.0
2241 69.0
2242 69.0
2243 69.0
2244 69.0
2245 69.0
2246 69.0
2247 69.0
2248 69.0
2249 69.0
2250 69.0
2251 69.0
2252 69.0
2253 69.0
2254 69.0
2255 69.0
2256 69.0
2257 69.0
2258 69.0
2259 69.0
2260 69.0
2261 69.0
2262 69.0
2263 69.0
2264 69.0
2265 69.0
2266 69.0
2267 69.0
2268 69.0
2269 69.0
2270 69.0
2271 69.0
2272 69.0
2273 69.0
2274 69.0
2275 69.0
2276 69.0
2277 69.0
2278 69.0
2279 69.0
2280 69.0
2281 69.0
2282 69.0
2283 69.0
2284 69.0
2285 69.0
2286 69.0
2287 69.0
2288 69.0
2289 69.0
2290 69.0
2291 69.0
2292 69.0
2293 69.0
2294 69.0
2295 69.0
2296 69.0
2297 69.0
2298 69.0
2299 69.0
2300 69.0
2301 69.0
2302 69.0
2303 69.0
2304 69.0
2305 69.0
2306 69.0
2307 69.0
2308 69.0
2309 69.0
2310 69.0
2311 69.0
2312 69.0
2313 69.0
2314 69.0
2315 69.0
2316 69.0
2317 69.0
2318 69.0
2319 69.0
2320 69.0
2321 69.0
2322 69.0
2323 69.0
2324 69.0
2325 69.0
2326 69.0
2327 69.0
2328 69.0
2329 69.0
2330 69.0
2331 69.0
2332 69.0
2333 69.0
2334 69.0
2335 69.0
2336 69.0
2337 69.0
2338 69.0
2339 69.0
2340 69.0
2341 69.0
2342 69.0
2343 69.0
2344 69.0
2345 69.0
2346 69.0
2347 69.0
2348 69.0
2349 69.0
2350 69.0
2351 69.0
2352 69.0
2353 69.0
2354 69.0
2355 69.0
2356 69.0
2357 69.0
2358 69.0
2359 69.0
2360 69.0
2361 69.0
2362 69.0
2363 69.0
2364 69.0
2365 69.0
2366 69.0
2367 69.0
2368 69.0
2369 69.0
2370 69.0
2371 69.0
2372 69.0
2373 69.0
2374 69.0
2375 69.0
2376 69.0
2377 69.0
2378 69.0
2379 69.0
2380 69.0
2381 69.0
2382 69.0
2383 69.0
2384 69.0
2385 69.0
2386 69.0
2387 69.0
2388 69.0
2389 69.0
2390 69.0
2391 69.0
2392 69.0
2393 69.0
2394 69.0
2395 69.0
2396 69.0
2397 69.0
2398 69.0
2399 69.0
2400 69.0
2401 69.0
2402 69.0
2403 69.0
2404 69.0
2405 69.0
2406 69.0
2407 69.0
2408 69.0
2409 69.0
2410 69.0
2411 69.0
2412 69.0
2413 69.0
2414 69.0
2415 69.0
2416 69.0
2417 69.0
2418 69.0
2419 69.0
2420 69.0
2421 69.0
2422 69.0
2423 69.0
2424 69.0
2425 69.0
2426 69.0
2427 69.0
2428 69.0
2429 69.0
2430 69.0
2431 69.0
2432 69.0
2433 69.0
2434 69.0
2435 69.0
2436 69.0
2437 69.0
2438 69.0
2439 69.0
2440 69.0
2441 69.0
2442 69.0
2443 69.0
2444 69.0
2445 69.0
2446 69.0
2447 69.0
2448 69.0
2449 69.0
2450 69.0
2451 69.0
2452 69.0
2453 69.0
2454 69.0
2455 69.0
2456 69.0
2457 69.0
2458 69.0
2459 69.0
2460 69.0
2461 69.0
2462 69.0
2463 69.0
2464 69.0
2465 69.0
2466 69.0
2467 69.0
2468 69.0
2469 69.0
2470 69.0
2471 69.0
2472 69.0
2473 69.0
2474 69.0
2475 69.0
2476 69.0
2477 69.0
2478 69.0
2479 69.0
2480 69.0
2481 69.0
2482 69.0
2483 69.0
2484 69.0
2485 69.0
2486 69.0
2487 69.0
2488 69.0
2489 69.0
2490 69.0
2491 69.0
2492 69.0
2493 69.0
2494 69.0
2495 69.0
2496 69.0
2497 69.0
2498 69.0
2499 69.0
2500 69.0
2501 69.0
2502 69.0
2503 69.0
2504 69.0
2505 69.0
2506 69.0
2507 69.0
2508 69.0
2509 69.0
2510 69.0
2511 69.0
2512 69.0
2513 69.0
2514 69.0
2515 69.0
2516 69.0
2517 69.0
2518 69.0
2519 69.0
2520 69.0
2521 69.0
2522 69.0
2523 69.0
2524 69.0
2525 69.0
2526 69.0
2527 69.0
2528 69.0
2529 69.0
2530 69.0
2531 69.0
2532 69.0
2533 69.0
2534 69.0
2535 69.0
2536 69.0
2537 69.0
2538 69.0
2539 69.0
2540 69.0
2541 69.0
2542 69.0
2543 69.0
2544 69.0
2545 69.0
2546 69.0
2547 69.0
2548 69.0
2549 69.0
2550 69.0
2551 69.0
2552 69.0
2553 69.0
2554 69.0
2555 69.0
2556 69.0
2557 69.0
2558 69.0
2559 69.0
2560 69.0
2561 69.0
2562 69.0
2563 69.0
2564 69.0
2565 69.0
2566 69.0
2567 69.0
2568 69.0
2569 69.0
2570 69.0
2571 69.0
2572 69.0
2573 69.0
2574 69.0
2575 69.0
2576 69.0
2577 69.0
2578 69.0
2579 69.0
2580 69.0
2581 69.0
2582 69.0
2583 69.0
2584 69.0
2585 69.0
2586 69.0
2587 69.0
2588 69.0
2589 69.0
2590 69.0
2591 69.0
2592 69.0
2593 69.0
2594 69.0
2595 69.0
2596 69.0
2597 69.0
2598 69.0
2599 69.0
2600 69.0
2601 69.0
2602 69.0
2603 69.0
2604 69.0
2605 69.0
2606 69.0
2607 69.0
2608 69.0
2609 69.0
2610 69.0
2611 69.0
2612 69.0
2613 69.0
2614 69.0
2615 69.0
2616 69.0
2617 69.0
2618 69.0
2619 69.0
2620 69.0
2621 69.0
2622 69.0
2623 69.0
2624 69.0
2625 69.0
2626 69.0
2627 69.0
2628 69.0
2629 69.0
2630 69.0
2631 69.0
2632 69.0
2633 69.0
2634 69.0
2635 69.0
2636 69.0
2637 69.0
2638 69.0
2639 69.0
2640 69.0
2641 69.0
2642 69.0
2643 69.0
2644 69.0
2645 69.0
2646 69.0
2647 69.0
2648 69.0
2649 69.0
2650 69.0
2651 69.0
2652 69.0
2653 69.0
2654 69.0
2655 69.0
2656 69.0
2657 69.0
2658 69.0
2659 69.0
2660 69.0
2661 69.0
2662 69.0
2663 69.0
2664 69.0
2665 69.0
2666 69.0
2667 69.0
2668 69.0
2669 69.0
2670 69.0
2671 69.0
2672 69.0
2673 69.0
2674 69.0
2675 69.0
2676 69.0
2677 69.0
2678 69.0
2679 69.0
2680 69.0
2681 69.0
2682 69.0
2683 69.0
2684 69.0
2685 69.0
2686 69.0
2687 69.0
2688 69.0
2689 69.0
2690 69.0
2691 69.0
2692 69.0
2693 69.0
2694 69.0
2695 69.0
2696 69.0
2697 69.0
2698 69.0
2699 69.0
2700 69.0
2701 69.0
2702 69.0
2703 69.0
2704 69.0
2705 69.0
2706 69.0
2707 69.0
2708 69.0
2709 69.0
2710 69.0
2711 69.0
2712 69.0
2713 69.0
2714 69.0
2715 69.0
2716 69.0
2717 69.0
2718 69.0
2719 69.0
2720 69.0
2721 69.0
2722 69.0
2723 69.0
2724 69.0
2725 69.0
2726 69.0
2727 69.0
2728 69.0
2729 69.0
2730 69.0
2731 69.0
2732 69.0
2733 69.0
2734 69.0
2735 69.0
2736 69.0
2737 69.0
2738 69.0
2739 69.0
2740 69.0
2741 69.0
2742 69.0
2743 69.0
2744 69.0
2745 69.0
2746 69.0
2747 69.0
2748 69.0
2749 69.0
2750 69.0
2751 69.0
2752 69.0
2753 69.0
2754 69.0
2755 69.0
2756 69.0
2757 69.0
2758 69.0
2759 69.0
2760 69.0
2761 69.0
2762 69.0
2763 69.0
2764 69.0
2765 69.0
2766 69.0
2767 69.0
2768 69.0
2769 69.0
2770 69.0
2771 69.0
2772 69.0
2773 69.0
2774 69.0
2775 69.0
2776 69.0
2777 69.0
2778 69.0
2779 69.0
2780 69.0
2781 69.0
2782 69.0
2783 69.0
2784 69.0
2785 69.0
2786 69.0
2787 69.0
2788 69.0
2789 69.0
2790 69.0
2791 69.0
2792 69.0
2793 69.0
2794 69.0
2795 69.0
2796 69.0
2797 69.0
2798 69.0
2799 69.0
2800 69.0
2801 69.0
2802 69.0
2803 69.0
2804 69.0
2805 69.0
2806 69.0
2807 69.0
2808 69.0
2809 69.0
2810 69.0
2811 69.0
2812 69.0
2813 69.0
2814 69.0
2815 69.0
2816 69.0
2817 69.0
2818 69.0
2819 69.0
2820 69.0
2821 69.0
2822 69.0
2823 69.0
2824 69.0
2825 69.0
2826 69.0
2827 69.0
2828 69.0
2829 69.0
2830 69.0
2831 69.0
2832 69.0
2833 69.0
2834 69.0
2835 69.0
2836 69.0
2837 69.0
2838 69.0
2839 69.0
2840 69.0
2841 69.0
2842 69.0
2843 69.0
2844 69.0
2845 69.0
2846 69.0
2847 69.0
2848 69.0
2849 69.0
2850 69.0
2851 69.0
2852 69.0
2853 69.0
2854 69.0
2855 69.0
2856 69.0
2857 69.0
2858 69.0
2859 69.0
2860 69.0
2861 69.0
2862 69.0
2863 69.0
2864 69.0
2865 69.0
2866 69.0
2867 69.0
2868 69.0
2869 69.0
2870 69.0
2871 69.0
2872 69.0
2873 69.0
2874 69.0
2875 69.0
2876 69.0
2877 69.0
2878 69.0
2879 69.0
2880 69.0
2881 69.0
2882 69.0
2883 69.0
2884 69.0
2885 69.0
2886 69.0
2887 69.0
2888 69.0
2889 69.0
2890 69.0
2891 69.0
2892 69.0
2893 69.0
2894 69.0
2895 69.0
2896 69.0
2897 69.0
2898 69.0
2899 69.0
2900 69.0
2901 69.0
2902 69.0
2903 69.0
2904 69.0
2905 69.0
2906 69.0
2907 69.0
2908 69.0
2909 69.0
2910 69.0
2911 69.0
2912 69.0
2913 69.0
2914 69.0
2915 69.0
2916 69.0
2917 69.0
2918 69.0
2919 69.0
2920 69.0
2921 69.0
2922 69.0
2923 69.0
2924 69.0
2925 69.0
2926 69.0
2927 69.0
2928 69.0
2929 69.0
2930 69.0
2931 69.0
2932 69.0
2933 69.0
2934 69.0
2935 69.0
2936 69.0
2937 69.0
2938 69.0
2939 69.0
2940 69.0
2941 69.0
2942 69.0
2943 69.0
2944 69.0
2945 69.0
2946 69.0
2947 69.0
2948 69.0
2949 69.0
2950 69.0
2951 69.0
2952 69.0
2953 69.0
2954 69.0
2955 69.0
2956 69.0
2957 69.0
2958 69.0
2959 69.0
2960 69.0
2961 69.0
2962 69.0
2963 69.0
2964 69.0
2965 69.0
2966 69.0
2967 69.0
2968 69.0
2969 69.0
2970 69.0
2971 69.0
2972 69.0
2973 69.0
2974 69.0
2975 69.0
2976 69.0
2977 69.0
2978 69.0
2979 69.0
2980 69.0
2981 69.0
2982 69.0
2983 69.0
2984 69.0
2985 69.0
2986 69.0
2987 69.0
2988 69.0
2989 69.0
2990 69.0
2991 69.0
2992 69.0
2993 69.0
2994 69.0
2995 69.0
2996 69.0
2997 69.0
2998 69.0
2999 69.0
3000 69.0
3001 69.0
3002 69.0
3003 69.0
3004 69.0
3005 69.0
3006 69.0
3007 69.0
3008 69.0
3009 69.0
3010 69.0
3011 69.0
3012 69.0
3013 69.0
3014 69.0
3015 69.0
3016 69.0
3017 69.0
3018 69.0
3019 69.0
3020 69.0
3021 69.0
3022 69.0
3023 69.0
3024 69.0
3025 69.0
3026 69.0
3027 69.0
3028 69.0
3029 69.0
3030 69.0
3031 69.0
3032 69.0
3033 69.0
3034 69.0
3035 69.0
3036 69.0
3037 69.0
3038 69.0
3039 69.0
3040 69.0
3041 69.0
3042 69.0
3043 69.0
3044 69.0
3045 69.0
3046 69.0
3047 69.0
3048 69.0
3049 69.0
3050 69.0
3051 69.0
3052 69.0
3053 69.0
3054 69.0
3055 69.0
3056 69.0
3057 69.0
3058 69.0
3059 69.0
3060 69.0
3061 69.0
3062 69.0
3063 69.0
3064 69.0
3065 69.0
3066 69.0
3067 69.0
3068 69.0
3069 69.0
3070 69.0
3071 69.0
3072 69.0
3073 69.0
3074 69.0
3075 69.0
3076 69.0
3077 69.0
3078 69.0
3079 69.0
3080 69.0
3081 69.0
3082 69.0
3083 69.0
3084 69.0
3085 69.0
3086 69.0
3087 69.0
3088 69.0
3089 69.0
3090 69.0
3091 69.0
3092 69.0
3093 69.0
3094 69.0
3095 69.0
3096 69.0
3097 69.0
3098 69.0
3099 69.0
3100 69.0
3101 69.0
3102 69.0
3103 69.0
3104 69.0
3105 69.0
3106 69.0
3107 69.0
3108 69.0
3109 69.0
3110 69.0
3111 69.0
3112 69.0
3113 69.0
3114 69.0
3115 69.0
3116 69.0
3117 69.0
3118 69.0
3119 69.0
3120 69.0
3121 69.0
3122 69.0
3123 69.0
3124 69.0
3125 69.0
3126 69.0
3127 69.0
3128 69.0
3129 69.0
3130 69.0
3131 69.0
3132 69.0
3133 69.0
3134 69.0
3135 69.0
3136 69.0
3137 69.0
3138 69.0
3139 69.0
3140 69.0
3141 69.0
3142 69.0
3143 69.0
3144 69.0
3145 69.0
3146 69.0
3147 69.0
3148 69.0
3149 69.0
3150 69.0
3151 69.0
3152 69.0
3153 69.0
3154 69.0
3155 69.0
3156 69.0
3157 69.0
3158 69.0
3159 69.0
3160 69.0
3161 69.0
3162 69.0
3163 69.0
3164 69.0
3165 69.0
3166 69.0
3167 69.0
3168 69.0
3169 69.0
3170 69.0
3171 69.0
3172 69.0
3173 69.0
3174 69.0
3175 69.0
3176 69.0
3177 69.0
3178 69.0
3179 69.0
3180 69.0
3181 69.0
3182 69.0
3183 69.0
3184 69.0
3185 69.0
3186 69.0
3187 69.0
3188 69.0
3189 69.0
3190 69.0
3191 69.0
3192 69.0
3193 69.0
3194 69.0
3195 69.0
3196 69.0
3197 69.0
3198 69.0
3199 69.0
3200 69.0
3201 69.0
3202 69.0
3203 69.0
3204 69.0
3205 69.0
3206 69.0
3207 69.0
3208 69.0
3209 69.0
3210 69.0
3211 69.0
3212 69.0
3213 69.0
3214 69.0
3215 69.0
3216 69.0
3217 69.0
3218 69.0
3219 69.0
3220 69.0
3221 69.0
3222 69.0
3223 69.0
3224 69.0
3225 69.0
3226 69.0
3227 69.0
3228 69.0
3229 69.0
3230 69.0
3231 69.0
3232 69.0
3233 69.0
3234 69.0
3235 69.0
3236 69.0
3237 69.0
3238 69.0
3239 69.0
3240 69.0
3241 69.0
3242 69.0
3243 69.0
3244 69.0
3245 69.0
3246 69.0
3247 69.0
3248 69.0
3249 69.0
3250 69.0
3251 69.0
3252 69.0
3253 69.0
3254 69.0
3255 69.0
3256 69.0
3257 69.0
3258 69.0
3259 69.0
3260 69.0
3261 69.0
3262 69.0
3263 69.0
3264 69.0
3265 69.0
3266 69.0
3267 69.0
3268 69.0
3269 69.0
3270 69.0
3271 69.0
3272 69.0
3273 69.0
3274 69.0
3275 69.0
3276 69.0
3277 69.0
3278 69.0
3279 69.0
3280 69.0
3281 69.0
3282 69.0
3283 69.0
3284 69.0
3285 69.0
3286 69.0
3287 69.0
3288 69.0
3289 69.0
3290 69.0
3291 69.0
3292 69.0
3293 69.0
3294 69.0
3295 69.0
3296 69.0
3297 69.0
3298 69.0
3299 69.0
3300 69.0
3301 69.0
3302 69.0
3303 69.0
3304 69.0
3305 69.0
3306 69.0
3307 69.0
3308 69.0
3309 69.0
3310 69.0
3311 69.0
3312 69.0
3313 69.0
3314 69.0
3315 69.0
3316 69.0
3317 69.0
3318 69.0
3319 69.0
3320 69.0
3321 69.0
3322 69.0
3323 69.0
3324 69.0
3325 69.0
3326 69.0
3327 69.0
3328 69.0
3329 69.0
3330 69.0
3331 69.0
3332 69.0
3333 69.0
3334 69.0
3335 69.0
3336 69.0
3337 69.0
3338 69.0
3339 69.0
3340 69.0
3341 69.0
3342 69.0
3343 69.0
3344 69.0
3345 69.0
3346 69.0
3347 69.0
3348 69.0
3349 69.0
3350 69.0
3351 69.0
3352 69.0
3353 69.0
3354 69.0
3355 69.0
3356 69.0
3357 69.0
3358 69.0
3359 69.0
3360 69.0
3361 69.0
3362 69.0
3363 69.0
3364 69.0
3365 69.0
3366 69.0
3367 69.0
3368 69.0
3369 69.0
3370 69.0
3371 69.0
3372 69.0
3373 69.0
3374 69.0
3375 69.0
3376 69.0
3377 69.0
3378 69.0
3379 69.0
3380 69.0
3381 69.0
3382 69.0
3383 69.0
3384 69.0
3385 69.0
3386 69.0
3387 69.0
3388 69.0
3389 69.0
3390 69.0
3391 69.0
3392 69.0
3393 69.0
3394 69.0
3395 69.0
3396 69.0
3397 69.0
3398 69.0
3399 69.0
3400 69.0
3401 69.0
3402 69.0
3403 69.0
3404 69.0
3405 69.0
3406 69.0
3407 69.0
3408 69.0
3409 69.0
3410 69.0
3411 69.0
3412 69.0
3413 69.0
3414 69.0
3415 69.0
3416 69.0
3417 69.0
3418 69.0
3419 69.0
3420 69.0
3421 69.0
3422 69.0
3423 69.0
3424 69.0
3425 69.0
3426 69.0
3427 69.0
3428 69.0
3429 69.0
3430 69.0
3431 69.0
3432 69.0
3433 69.0
3434 69.0
3435 69.0
3436 69.0
3437 69.0
3438 69.0
3439 69.0
3440 69.0
3441 69.0
3442 69.0
3443 69.0
3444 69.0
3445 69.0
3446 69.0
3447 69.0
3448 69.0
3449 69.0
3450 69.0
3451 69.0
3452 69.0
3453 69.0
3454 69.0
3455 69.0
3456 69.0
3457 69.0
3458 69.0
3459 69.0
3460 69.0
3461 69.0
3462 69.0
3463 69.0
3464 69.0
3465 69.0
3466 69.0
3467 69.0
3468 69.0
3469 69.0
3470 69.0
3471 69.0
3472 69.0
3473 69.0
3474 69.0
3475 69.0
3476 69.0
3477 69.0
3478 69.0
3479 69.0
3480 69.0
3481 69.0
3482 69.0
3483 69.0
3484 69.0
3485 69.0
3486 69.0
3487 69.0
3488 69.0
3489 69.0
3490 69.0
3491 69.0
3492 69.0
3493 69.0
3494 69.0
3495 69.0
3496 69.0
3497 69.0
3498 69.0
3499 69.0
3500 69.0
3501 69.0
3502 69.0
3503 69.0
3504 69.0
3505 69.0
3506 69.0
3507 69.0
3508 69.0
3509 69.0
3510 69.0
3511 69.0
3512 69.0
3513 69.0
3514 69.0
3515 69.0
3516 69.0
3517 69.0
3518 69.0
3519 69.0
3520 69.0
3521 69.0
3522 69.0
3523 69.0
3524 69.0
3525 69.0
3526 69.0
3527 69.0
3528 69.0
3529 69.0
3530 69.0
3531 69.0
3532 69.0
3533 69.0
3534 69.0
3535 69.0
3536 69.0
3537 69.0
3538 69.0
3539 69.0
3540 69.0
3541 69.0
3542 69.0
3543 69.0
3544 69.0
3545 69.0
3546 69.0
3547 69.0
3548 69.0
3549 69.0
3550 69.0
3551 69.0
3552 69.0
3553 69.0
3554 69.0
3555 69.0
3556 69.0
3557 69.0
3558 69.0
3559 69.0
3560 69.0
3561 69.0
3562 69.0
3563 69.0
3564 69.0
3565 69.0
3566 69.0
3567 69.0
3568 69.0
3569 69.0
3570 69.0
3571 69.0
3572 69.0
3573 69.0
3574 69.0
3575 69.0
3576 69.0
3577 69.0
3578 69.0
3579 69.0
3580 69.0
3581 69.0
3582 69.0
3583 69.0
3584 69.0
3585 69.0
3586 69.0
3587 69.0
3588 69.0
3589 69.0
3590 69.0
3591 69.0
3592 69.0
3593 69.0
3594 69.0
3595 69.0
3596 69.0
3597 69.0
3598 69.0
3599 69.0
3600 69.0
3601 69.0
3602 69.0
3603 69.0
3604 69.0
3605 69.0
3606 69.0
3607 69.0
3608 69.0
3609 69.0
3610 69.0
3611 69.0
3612 69.0
3613 69.0
3614 69.0
3615 69.0
3616 69.0
3617 69.0
3618 69.0
3619 69.0
3620 69.0
3621 69.0
3622 69.0
3623 69.0
3624 69.0
3625 69.0
3626 69.0
3627 69.0
3628 69.0
3629 69.0
3630 69.0
3631 69.0
3632 69.0
3633 69.0
3634 69.0
3635 69.0
3636 69.0
3637 69.0
3638 69.0
3639 69.0
3640 69.0
3641 69.0
3642 69.0
3643 69.0
3644 69.0
3645 69.0
3646 69.0
3647 69.0
3648 69.0
3649 69.0
3650 69.0
3651 69.0
3652 69.0
3653 69.0
3654 69.0
3655 69.0
3656 69.0
3657 69.0
3658 70.0
3659 76.0
3660 76.0
3661 76.0
3662 76.0
3663 76.0
3664 76.0
3665 76.0
3666 76.0
3667 76.0
3668 76.0
3669 76.0
3670 76.0
3671 76.0
3672 76.0
3673 76.0
3674 76.0
3675 76.0
3676 76.0
3677 76.0
3678 76.0
3679 76.0
3680 76.0
3681 76.0
3682 76.0
3683 76.0
3684 76.0
3685 76.0
3686 76.0
3687 76.0
3688 76.0
3689 76.0
3690 76.0
3691 76.0
3692 76.0
3693 76.0
3694 76.0
3695 76.0
3696 76.0
3697 76.0
3698 76.0
3699 76.0
3700 76.0
3701 76.0
3702 76.0
3703 76.0
3704 76.0
3705 76.0
3706 76.0
3707 76.0
3708 76.0
3709 76.0
3710 76.0
3711 76.0
3712 76.0
3713 76.0
3714 76.0
3715 76.0
3716 76.0
3717 76.0
3718 76.0
3719 76.0
3720 76.0
3721 76.0
3722 76.0
3723 76.0
3724 76.0
3725 76.0
3726 76.0
3727 76.0
3728 76.0
3729 76.0
3730 76.0
3731 76.0
3732 76.0
3733 76.0
3734 76.0
3735 76.0
3736 76.0
3737 76.0
3738 76.0
3739 76.0
3740 76.0
3741 76.0
3742 76.0
3743 76.0
3744 76.0
3745 76.0
3746 76.0
3747 76.0
3748 76.0
3749 76.0
3750 76.0
3751 76.0
3752 76.0
3753 76.0
3754 76.0
3755 76.0
3756 76.0
3757 76.0
3758 76.0
3759 76.0
3760 76.0
3761 76.0
3762 76.0
3763 76.0
3764 76.0
3765 76.0
3766 76.0
3767 76.0
3768 76.0
3769 76.0
3770 76.0
3771 76.0
3772 76.0
3773 76.0
3774 76.0
3775 76.0
3776 76.0
3777 76.0
3778 76.0
3779 76.0
3780 76.0
3781 76.0
3782 76.0
3783 76.0
3784 76.0
3785 76.0
3786 76.0
3787 76.0
3788 76.0
3789 76.0
3790 76.0
3791 76.0
3792 76.0
3793 76.0
3794 76.0
3795 76.0
3796 76.0
3797 76.0
3798 76.0
3799 76.0
3800 76.0
3801 76.0
3802 76.0
3803 76.0
3804 76.0
3805 76.0
3806 76.0
3807 76.0
3808 76.0
3809 76.0
3810 76.0
3811 76.0
3812 76.0
3813 76.0
3814 76.0
3815 76.0
3816 76.0
3817 76.0
3818 76.0
3819 76.0
3820 76.0
3821 76.0
3822 76.0
3823 76.0
3824 76.0
3825 76.0
3826 76.0
3827 76.0
3828 76.0
3829 76.0
3830 76.0
3831 76.0
3832 76.0
3833 76.0
3834 76.0
3835 76.0
3836 76.0
3837 76.0
3838 76.0
3839 76.0
3840 76.0
3841 76.0
3842 76.0
3843 76.0
3844 76.0
3845 76.0
3846 76.0
3847 76.0
3848 76.0
3849 76.0
3850 76.0
3851 76.0
3852 76.0
3853 76.0
3854 76.0
3855 76.0
3856 76.0
3857 76.0
3858 76.0
3859 76.0
3860 76.0
3861 76.0
3862 76.0
3863 76.0
3864 76.0
3865 76.0
3866 76.0
3867 76.0
3868 76.0
3869 76.0
3870 76.0
3871 76.0
3872 76.0
3873 76.0
3874 76.0
3875 76.0
3876 76.0
3877 76.0
3878 76.0
3879 76.0
3880 76.0
3881 76.0
3882 76.0
3883 76.0
3884 76.0
3885 76.0
3886 76.0
3887 76.0
3888 76.0
3889 76.0
3890 76.0
3891 76.0
3892 76.0
3893 76.0
3894 76.0
3895 76.0
3896 76.0
3897 76.0
3898 76.0
3899 76.0
3900 76.0
3901 76.0
3902 76.0
3903 76.0
3904 76.0
3905 76.0
3906 76.0
3907 76.0
3908 76.0
3909 76.0
3910 76.0
3911 76.0
3912 76.0
3913 76.0
3914 76.0
3915 76.0
3916 76.0
3917 76.0
3918 76.0
3919 76.0
3920 76.0
3921 76.0
3922 76.0
3923 76.0
3924 76.0
3925 76.0
3926 76.0
3927 76.0
3928 76.0
3929 76.0
3930 76.0
3931 76.0
3932 76.0
3933 76.0
3934 76.0
3935 76.0
3936 76.0
3937 76.0
3938 76.0
3939 76.0
3940 76.0
3941 76.0
3942 76.0
3943 76.0
3944 76.0
3945 76.0
3946 76.0
3947 76.0
3948 76.0
3949 76.0
3950 76.0
3951 76.0
3952 76.0
3953 76.0
3954 76.0
3955 76.0
3956 76.0
3957 76.0
3958 76.0
3959 76.0
3960 76.0
3961 76.0
3962 76.0
3963 76.0
3964 76.0
3965 76.0
3966 76.0
3967 76.0
3968 76.0
3969 76.0
3970 76.0
3971 76.0
3972 76.0
3973 76.0
3974 76.0
3975 76.0
3976 76.0
3977 76.0
3978 76.0
3979 76.0
3980 76.0
3981 76.0
3982 76.0
3983 76.0
3984 76.0
3985 76.0
3986 76.0
3987 76.0
3988 76.0
3989 76.0
3990 76.0
3991 76.0
3992 76.0
3993 76.0
3994 76.0
3995 76.0
3996 76.0
3997 76.0
3998 76.0
3999 76.0
4000 76.0
4001 76.0
4002 76.0
4003 76.0
4004 76.0
4005 76.0
4006 76.0
4007 76.0
4008 76.0
4009 76.0
4010 76.0
4011 76.0
4012 76.0
4013 76.0
4014 76.0
4015 76.0
4016 76.0
4017 76.0
4018 76.0
4019 76.0
4020 76.0
4021 76.0
4022 76.0
4023 76.0
4024 76.0
4025 76.0
4026 76.0
4027 76.0
4028 76.0
4029 76.0
4030 76.0
4031 76.0
4032 76.0
4033 76.0
4034 76.0
4035 76.0
4036 76.0
4037 76.0
4038 76.0
4039 76.0
4040 76.0
4041 76.0
4042 76.0
4043 76.0
4044 76.0
4045 76.0
4046 76.0
4047 76.0
4048 76.0
4049 76.0
4050 76.0
4051 76.0
4052 76.0
4053 76.0
4054 76.0
4055 76.0
4056 76.0
4057 76.0
4058 76.0
4059 76.0
4060 76.0
4061 76.0
4062 76.0
4063 76.0
4064 76.0
4065 76.0
4066 76.0
4067 76.0
4068 76.0
4069 76.0
4070 76.0
4071 76.0
4072 76.0
4073 76.0
4074 76.0
4075 76.0
4076 76.0
4077 76.0
4078 76.0
4079 76.0
4080 76.0
4081 76.0
4082 76.0
4083 76.0
4084 76.0
4085 76.0
4086 76.0
4087 76.0
4088 76.0
4089 76.0
4090 76.0
4091 76.0
4092 76.0
4093 76.0
4094 76.0
4095 76.0
4096 76.0
4097 76.0
4098 76.0
4099 76.0
4100 76.0
4101 76.0
4102 76.0
4103 76.0
4104 76.0
4105 76.0
4106 76.0
4107 76.0
4108 76.0
4109 76.0
4110 76.0
4111 76.0
4112 76.0
4113 76.0
4114 76.0
4115 76.0
4116 76.0
4117 76.0
4118 76.0
4119 76.0
4120 76.0
4121 76.0
4122 76.0
4123 76.0
4124 76.0
4125 76.0
4126 76.0
4127 76.0
4128 76.0
4129 76.0
4130 76.0
4131 76.0
4132 76.0
4133 76.0
4134 76.0
4135 76.0
4136 76.0
4137 76.0
4138 76.0
4139 76.0
4140 76.0
4141 76.0
4142 76.0
4143 76.0
4144 76.0
4145 76.0
4146 76.0
4147 76.0
4148 76.0
4149 76.0
4150 76.0
4151 76.0
4152 76.0
4153 76.0
4154 76.0
4155 76.0
4156 76.0
4157 76.0
4158 76.0
4159 76.0
4160 76.0
4161 76.0
4162 76.0
4163 76.0
4164 76.0
4165 76.0
4166 76.0
4167 76.0
4168 76.0
4169 76.0
4170 76.0
4171 76.0
4172 76.0
4173 76.0
4174 76.0
4175 76.0
4176 76.0
4177 76.0
4178 76.0
4179 76.0
4180 76.0
4181 76.0
4182 76.0
4183 76.0
4184 76.0
4185 76.0
4186 76.0
4187 76.0
4188 76.0
4189 76.0
4190 76.0
4191 76.0
4192 76.0
4193 76.0
4194 76.0
4195 76.0
4196 76.0
4197 76.0
4198 76.0
4199 76.0
4200 76.0
4201 76.0
4202 76.0
4203 76.0
4204 76.0
4205 76.0
4206 76.0
4207 76.0
4208 76.0
4209 76.0
4210 76.0
4211 76.0
4212 76.0
4213 76.0
4214 76.0
4215 76.0
4216 76.0
4217 76.0
4218 76.0
4219 76.0
4220 76.0
4221 76.0
4222 76.0
4223 76.0
4224 76.0
4225 76.0
4226 76.0
4227 76.0
4228 76.0
4229 76.0
4230 76.0
4231 76.0
4232 76.0
4233 76.0
4234 76.0
4235 76.0
4236 76.0
4237 76.0
4238 76.0
4239 76.0
4240 76.0
4241 76.0
4242 76.0
4243 76.0
4244 76.0
4245 76.0
4246 76.0
4247 76.0
4248 76.0
4249 76.0
4250 76.0
4251 76.0
4252 76.0
4253 76.0
4254 76.0
4255 76.0
4256 76.0
4257 76.0
4258 76.0
4259 76.0
4260 76.0
4261 76.0
4262 76.0
4263 76.0
4264 76.0
4265 76.0
4266 76.0
4267 76.0
4268 76.0
4269 76.0
4270 76.0
4271 76.0
4272 76.0
4273 76.0
4274 76.0
4275 76.0
4276 76.0
4277 76.0
4278 76.0
4279 76.0
4280 76.0
4281 76.0
4282 76.0
4283 76.0
4284 76.0
4285 76.0
4286 76.0
4287 76.0
4288 76.0
4289 76.0
4290 76.0
4291 76.0
4292 76.0
4293 76.0
4294 76.0
4295 76.0
4296 76.0
4297 76.0
4298 76.0
4299 76.0
4300 76.0
4301 76.0
4302 76.0
4303 76.0
4304 76.0
4305 76.0
4306 76.0
4307 76.0
4308 76.0
4309 76.0
4310 76.0
4311 76.0
4312 76.0
4313 76.0
4314 76.0
4315 76.0
4316 76.0
4317 76.0
4318 76.0
4319 76.0
4320 76.0
4321 76.0
4322 76.0
4323 76.0
4324 76.0
4325 76.0
4326 76.0
4327 76.0
4328 76.0
4329 76.0
4330 76.0
4331 76.0
4332 76.0
4333 76.0
4334 76.0
4335 76.0
4336 76.0
4337 76.0
4338 76.0
4339 76.0
4340 76.0
4341 76.0
4342 76.0
4343 76.0
4344 76.0
4345 76.0
4346 76.0
4347 76.0
4348 76.0
4349 76.0
4350 76.0
4351 76.0
4352 76.0
4353 76.0
4354 76.0
4355 76.0
4356 76.0
4357 76.0
4358 76.0
4359 76.0
4360 76.0
4361 76.0
4362 76.0
4363 76.0
4364 76.0
4365 76.0
4366 76.0
4367 76.0
4368 76.0
4369 76.0
4370 76.0
4371 76.0
4372 76.0
4373 76.0
4374 76.0
4375 76.0
4376 76.0
4377 76.0
4378 76.0
4379 76.0
4380 76.0
4381 76.0
4382 76.0
4383 76.0
4384 76.0
4385 76.0
4386 76.0
4387 76.0
4388 76.0
4389 76.0
4390 76.0
4391 76.0
4392 76.0
4393 76.0
4394 76.0
4395 76.0
4396 76.0
4397 76.0
4398 76.0
4399 76.0
4400 76.0
4401 76.0
4402 76.0
4403 76.0
4404 76.0
4405 76.0
4406 76.0
4407 76.0
4408 76.0
4409 76.0
4410 76.0
4411 76.0
4412 76.0
4413 76.0
4414 76.0
4415 76.0
4416 76.0
4417 76.0
4418 76.0
4419 76.0
4420 76.0
4421 76.0
4422 76.0
4423 76.0
4424 76.0
4425 76.0
4426 76.0
4427 76.0
4428 76.0
4429 76.0
4430 76.0
4431 76.0
4432 76.0
4433 76.0
4434 76.0
4435 76.0
4436 76.0
4437 76.0
4438 76.0
4439 76.0
4440 76.0
4441 76.0
4442 76.0
4443 76.0
4444 76.0
4445 76.0
4446 76.0
4447 76.0
4448 76.0
4449 76.0
4450 76.0
4451 76.0
4452 76.0
4453 76.0
4454 76.0
4455 76.0
4456 76.0
4457 76.0
4458 76.0
4459 76.0
4460 76.0
4461 76.0
4462 76.0
4463 76.0
4464 76.0
4465 76.0
4466 76.0
4467 76.0
4468 76.0
4469 76.0
4470 76.0
4471 76.0
4472 76.0
4473 76.0
4474 76.0
4475 76.0
4476 76.0
4477 76.0
4478 76.0
4479 76.0
4480 76.0
4481 76.0
4482 76.0
4483 76.0
4484 76.0
4485 76.0
4486 76.0
4487 76.0
4488 76.0
4489 76.0
4490 76.0
4491 76.0
4492 76.0
4493 76.0
4494 76.0
4495 76.0
4496 76.0
4497 76.0
4498 76.0
4499 76.0
4500 76.0
4501 76.0
4502 76.0
4503 76.0
4504 76.0
4505 76.0
4506 76.0
4507 76.0
4508 76.0
4509 76.0
4510 76.0
4511 76.0
4512 76.0
4513 76.0
4514 76.0
4515 76.0
4516 76.0
4517 76.0
4518 76.0
4519 76.0
4520 76.0
4521 76.0
4522 76.0
4523 76.0
4524 76.0
4525 76.0
4526 76.0
4527 76.0
4528 76.0
4529 76.0
4530 76.0
4531 76.0
4532 76.0
4533 76.0
4534 76.0
4535 76.0
4536 76.0
4537 76.0
4538 76.0
4539 76.0
4540 76.0
4541 76.0
4542 76.0
4543 76.0
4544 76.0
4545 76.0
4546 76.0
4547 76.0
4548 76.0
4549 76.0
4550 76.0
4551 76.0
4552 76.0
4553 76.0
4554 76.0
4555 76.0
4556 76.0
4557 76.0
4558 76.0
4559 76.0
4560 76.0
4561 76.0
4562 76.0
4563 76.0
4564 76.0
4565 76.0
4566 76.0
4567 76.0
4568 76.0
4569 76.0
4570 76.0
4571 76.0
4572 76.0
4573 76.0
4574 76.0
4575 76.0
4576 76.0
4577 76.0
4578 76.0
4579 76.0
4580 76.0
4581 76.0
4582 76.0
4583 76.0
4584 76.0
4585 76.0
4586 76.0
4587 76.0
4588 76.0
4589 76.0
4590 76.0
4591 76.0
4592 76.0
4593 76.0
4594 76.0
4595 76.0
4596 76.0
4597 76.0
4598 76.0
4599 76.0
4600 76.0
4601 76.0
4602 76.0
4603 76.0
4604 76.0
4605 76.0
4606 76.0
4607 76.0
4608 76.0
4609 76.0
4610 76.0
4611 76.0
4612 76.0
4613 76.0
4614 76.0
4615 76.0
4616 76.0
4617 76.0
4618 76.0
4619 76.0
4620 76.0
4621 76.0
4622 76.0
4623 76.0
4624 76.0
4625 76.0
4626 76.0
4627 76.0
4628 76.0
4629 76.0
4630 76.0
4631 76.0
4632 76.0
4633 76.0
4634 76.0
4635 76.0
4636 76.0
4637 76.0
4638 76.0
4639 76.0
4640 76.0
4641 76.0
4642 76.0
4643 76.0
4644 76.0
4645 76.0
4646 76.0
4647 76.0
4648 76.0
4649 76.0
4650 76.0
4651 76.0
4652 76.0
4653 76.0
4654 76.0
4655 76.0
4656 76.0
4657 76.0
4658 76.0
4659 76.0
4660 76.0
4661 76.0
4662 76.0
4663 76.0
4664 76.0
4665 76.0
4666 76.0
4667 76.0
4668 76.0
4669 76.0
4670 76.0
4671 76.0
4672 76.0
4673 76.0
4674 76.0
4675 76.0
4676 76.0
4677 76.0
4678 76.0
4679 76.0
4680 76.0
4681 76.0
4682 76.0
4683 76.0
4684 76.0
4685 76.0
4686 76.0
4687 76.0
4688 76.0
4689 76.0
4690 76.0
4691 76.0
4692 76.0
4693 76.0
4694 76.0
4695 76.0
4696 76.0
4697 76.0
4698 76.0
4699 76.0
4700 76.0
4701 76.0
4702 76.0
4703 76.0
4704 76.0
4705 76.0
4706 76.0
4707 76.0
4708 76.0
4709 76.0
4710 76.0
4711 76.0
4712 76.0
4713 76.0
4714 76.0
4715 76.0
4716 76.0
4717 76.0
4718 76.0
4719 76.0
4720 76.0
4721 76.0
4722 76.0
4723 76.0
4724 76.0
4725 76.0
4726 76.0
4727 76.0
4728 76.0
4729 76.0
4730 76.0
4731 76.0
4732 76.0
4733 76.0
4734 76.0
4735 76.0
4736 76.0
4737 76.0
4738 76.0
4739 76.0
4740 76.0
4741 76.0
4742 76.0
4743 76.0
4744 76.0
4745 76.0
4746 76.0
4747 76.0
4748 76.0
4749 76.0
4750 76.0
4751 76.0
4752 76.0
4753 76.0
4754 76.0
4755 76.0
4756 76.0
4757 76.0
4758 76.0
4759 76.0
4760 76.0
4761 76.0
4762 76.0
4763 76.0
4764 76.0
4765 76.0
4766 76.0
4767 76.0
4768 76.0
4769 76.0
4770 76.0
4771 76.0
4772 76.0
4773 76.0
4774 76.0
4775 76.0
4776 76.0
4777 76.0
4778 76.0
4779 76.0
4780 76.0
4781 76.0
4782 76.0
4783 76.0
4784 76.0
4785 76.0
4786 76.0
4787 76.0
4788 76.0
4789 76.0
4790 76.0
4791 76.0
4792 76.0
4793 76.0
4794 76.0
4795 76.0
4796 76.0
4797 76.0
4798 76.0
4799 76.0
4800 76.0
4801 76.0
4802 76.0
4803 76.0
4804 76.0
4805 76.0
4806 76.0
4807 76.0
4808 76.0
4809 76.0
4810 76.0
4811 76.0
4812 76.0
4813 76.0
4814 76.0
4815 76.0
4816 76.0
4817 76.0
4818 76.0
4819 76.0
4820 76.0
4821 76.0
4822 76.0
4823 76.0
4824 76.0
4825 76.0
4826 76.0
4827 76.0
4828 76.0
4829 76.0
4830 76.0
4831 76.0
4832 76.0
4833 76.0
4834 76.0
4835 76.0
4836 76.0
4837 76.0
4838 76.0
4839 76.0
4840 76.0
4841 76.0
4842 76.0
4843 76.0
4844 76.0
4845 76.0
4846 76.0
4847 76.0
4848 76.0
4849 76.0
4850 76.0
4851 76.0
4852 76.0
4853 76.0
4854 76.0
4855 76.0
4856 76.0
4857 76.0
4858 76.0
4859 76.0
4860 76.0
4861 76.0
4862 76.0
4863 76.0
4864 76.0
4865 76.0
4866 76.0
4867 76.0
4868 76.0
4869 76.0
4870 76.0
4871 76.0
4872 76.0
4873 76.0
4874 76.0
4875 76.0
4876 76.0
4877 76.0
4878 76.0
4879 76.0
4880 76.0
4881 76.0
4882 76.0
4883 76.0
4884 76.0
4885 76.0
4886 76.0
4887 76.0
4888 76.0
4889 76.0
4890 76.0
4891 76.0
4892 76.0
4893 76.0
4894 76.0
4895 76.0
4896 76.0
4897 76.0
4898 76.0
4899 76.0
4900 76.0
4901 76.0
4902 76.0
4903 76.0
4904 76.0
4905 76.0
4906 76.0
4907 76.0
4908 76.0
4909 76.0
4910 76.0
4911 76.0
4912 76.0
4913 76.0
4914 76.0
4915 76.0
4916 76.0
4917 76.0
4918 76.0
4919 76.0
4920 76.0
4921 76.0
4922 76.0
4923 76.0
4924 76.0
4925 76.0
4926 76.0
4927 76.0
4928 76.0
4929 76.0
4930 76.0
4931 76.0
4932 76.0
4933 76.0
4934 76.0
4935 76.0
4936 76.0
4937 76.0
4938 76.0
4939 76.0
4940 76.0
4941 76.0
4942 76.0
4943 76.0
4944 76.0
4945 76.0
4946 76.0
4947 76.0
4948 76.0
4949 76.0
4950 76.0
4951 76.0
4952 76.0
4953 76.0
4954 76.0
4955 76.0
4956 76.0
4957 76.0
4958 76.0
4959 76.0
4960 76.0
4961 76.0
4962 76.0
4963 76.0
4964 76.0
4965 76.0
4966 76.0
4967 76.0
4968 76.0
4969 76.0
4970 76.0
4971 76.0
4972 76.0
4973 76.0
4974 76.0
4975 76.0
4976 76.0
4977 76.0
4978 76.0
4979 76.0
4980 76.0
4981 76.0
4982 76.0
4983 76.0
4984 76.0
4985 76.0
4986 76.0
4987 76.0
4988 76.0
4989 76.0
4990 76.0
4991 76.0
4992 76.0
4993 76.0
4994 76.0
4995 76.0
4996 76.0
4997 76.0
4998 76.0
4999 76.0
5000 76.0
5001 76.0
5002 76.0
5003 76.0
5004 76.0
5005 76.0
5006 76.0
5007 76.0
5008 76.0
5009 76.0
5010 76.0
5011 76.0
5012 76.0
5013 76.0
5014 76.0
5015 76.0
5016 76.0
5017 76.0
5018 76.0
5019 76.0
5020 76.0
5021 76.0
5022 76.0
5023 76.0
5024 76.0
5025 76.0
5026 76.0
5027 76.0
5028 76.0
5029 76.0
5030 76.0
5031 76.0
5032 76.0
5033 76.0
5034 76.0
5035 76.0
5036 76.0
5037 76.0
5038 76.0
5039 76.0
5040 76.0
5041 76.0
5042 76.0
5043 76.0
5044 76.0
5045 76.0
5046 76.0
5047 76.0
5048 76.0
5049 76.0
5050 76.0
5051 76.0
5052 76.0
5053 76.0
5054 76.0
5055 76.0
5056 76.0
5057 76.0
5058 76.0
5059 76.0
5060 76.0
5061 76.0
5062 76.0
5063 76.0
5064 76.0
5065 76.0
5066 76.0
5067 76.0
5068 76.0
5069 76.0
5070 76.0
5071 76.0
5072 76.0
5073 76.0
5074 76.0
5075 76.0
5076 76.0
5077 76.0
5078 76.0
5079 76.0
5080 76.0
5081 76.0
5082 76.0
5083 76.0
5084 76.0
5085 76.0
5086 76.0
5087 76.0
5088 76.0
5089 76.0
5090 76.0
5091 76.0
5092 76.0
5093 76.0
5094 76.0
5095 76.0
5096 76.0
5097 76.0
5098 76.0
5099 76.0
5100 76.0
5101 76.0
5102 76.0
5103 76.0
5104 76.0
5105 76.0
5106 76.0
5107 76.0
5108 76.0
5109 76.0
5110 76.0
5111 76.0
5112 76.0
5113 76.0
5114 76.0
5115 76.0
5116 76.0
5117 76.0
5118 76.0
5119 76.0
5120 76.0
5121 76.0
5122 76.0
5123 76.0
5124 76.0
5125 76.0
5126 76.0
5127 76.0
5128 76.0
5129 76.0
5130 76.0
5131 76.0
5132 76.0
5133 76.0
5134 76.0
5135 76.0
5136 76.0
5137 76.0
5138 76.0
5139 76.0
5140 76.0
5141 76.0
5142 76.0
5143 76.0
5144 76.0
5145 76.0
5146 76.0
5147 76.0
5148 76.0
5149 76.0
5150 76.0
5151 76.0
5152 76.0
5153 76.0
5154 76.0
5155 76.0
5156 76.0
5157 76.0
5158 76.0
5159 76.0
5160 76.0
5161 76.0
5162 76.0
5163 76.0
5164 76.0
5165 76.0
5166 76.0
5167 76.0
5168 76.0
5169 76.0
5170 76.0
5171 76.0
5172 76.0
5173 76.0
5174 76.0
5175 76.0
5176 76.0
5177 76.0
5178 76.0
5179 76.0
5180 76.0
5181 76.0
5182 76.0
5183 76.0
5184 76.0
5185 76.0
5186 76.0
5187 76.0
5188 76.0
5189 76.0
5190 76.0
5191 76.0
5192 76.0
5193 76.0
5194 76.0
5195 76.0
5196 76.0
5197 76.0
5198 76.0
5199 76.0
5200 76.0
5201 76.0
5202 76.0
5203 76.0
5204 76.0
5205 76.0
5206 76.0
5207 76.0
5208 76.0
5209 76.0
5210 76.0
5211 76.0
5212 76.0
5213 76.0
5214 76.0
5215 76.0
5216 76.0
5217 76.0
5218 76.0
5219 76.0
5220 76.0
5221 76.0
5222 76.0
5223 76.0
5224 76.0
5225 76.0
5226 76.0
5227 76.0
5228 76.0
5229 76.0
5230 76.0
5231 76.0
5232 76.0
5233 76.0
5234 76.0
5235 76.0
5236 76.0
5237 76.0
5238 76.0
5239 76.0
5240 76.0
5241 76.0
5242 76.0
5243 76.0
5244 76.0
5245 76.0
5246 76.0
5247 76.0
5248 76.0
5249 76.0
5250 76.0
5251 76.0
5252 76.0
5253 76.0
5254 76.0
5255 76.0
5256 76.0
5257 76.0
5258 76.0
5259 76.0
5260 76.0
5261 76.0
5262 76.0
5263 76.0
5264 76.0
5265 76.0
5266 76.0
5267 76.0
5268 76.0
5269 76.0
5270 76.0
5271 76.0
5272 76.0
5273 76.0
5274 76.0
5275 76.0
5276 76.0
5277 76.0
5278 76.0
5279 76.0
5280 76.0
5281 76.0
5282 76.0
5283 76.0
5284 76.0
5285 76.0
5286 76.0
5287 76.0
5288 76.0
5289 76.0
5290 76.0
5291 76.0
5292 76.0
5293 76.0
5294 76.0
5295 76.0
5296 76.0
5297 76.0
5298 76.0
5299 76.0
5300 76.0
5301 76.0
5302 76.0
5303 76.0
5304 76.0
5305 76.0
5306 76.0
5307 76.0
5308 76.0
5309 76.0
5310 76.0
5311 76.0
5312 76.0
5313 76.0
5314 76.0
5315 76.0
5316 76.0
5317 76.0
5318 76.0
5319 76.0
5320 76.0
5321 76.0
5322 76.0
5323 76.0
5324 76.0
5325 76.0
5326 76.0
5327 76.0
5328 76.0
5329 76.0
5330 76.0
5331 76.0
5332 76.0
5333 76.0
5334 76.0
5335 76.0
5336 76.0
5337 76.0
5338 76.0
5339 76.0
5340 76.0
5341 76.0
5342 76.0
5343 76.0
5344 76.0
5345 76.0
5346 76.0
5347 76.0
5348 76.0
5349 76.0
5350 76.0
5351 76.0
5352 76.0
5353 76.0
5354 76.0
5355 76.0
5356 76.0
5357 76.0
5358 76.0
5359 76.0
5360 76.0
5361 76.0
5362 76.0
5363 76.0
5364 76.0
5365 76.0
5366 76.0
5367 76.0
5368 76.0
5369 76.0
5370 76.0
5371 76.0
5372 76.0
5373 76.0
5374 76.0
5375 76.0
5376 76.0
5377 76.0
5378 76.0
5379 76.0
5380 76.0
5381 76.0
5382 76.0
5383 76.0
5384 76.0
5385 76.0
5386 76.0
5387 76.0
5388 76.0
5389 76.0
5390 76.0
5391 76.0
5392 76.0
5393 76.0
5394 76.0
5395 76.0
5396 76.0
5397 76.0
5398 76.0
5399 76.0
5400 76.0
5401 76.0
5402 76.0
5403 76.0
5404 76.0
5405 76.0
5406 76.0
5407 76.0
5408 76.0
5409 76.0
5410 76.0
5411 76.0
5412 76.0
5413 76.0
5414 76.0
5415 76.0
5416 76.0
5417 76.0
5418 76.0
5419 76.0
5420 76.0
5421 76.0
5422 76.0
5423 76.0
5424 76.0
5425 76.0
5426 76.0
5427 76.0
5428 76.0
5429 76.0
5430 76.0
5431 76.0
5432 76.0
5433 76.0
5434 76.0
5435 76.0
5436 76.0
5437 76.0
5438 76.0
5439 76.0
5440 76.0
5441 76.0
5442 76.0
5443 76.0
5444 76.0
5445 76.0
5446 76.0
5447 76.0
5448 76.0
5449 76.0
5450 76.0
5451 76.0
5452 76.0
5453 76.0
5454 76.0
5455 76.0
5456 76.0
5457 76.0
5458 76.0
5459 76.0
5460 76.0
5461 76.0
5462 76.0
5463 76.0
5464 76.0
5465 76.0
5466 76.0
5467 76.0
5468 76.0
5469 76.0
5470 76.0
5471 76.0
5472 76.0
5473 76.0
5474 76.0
5475 76.0
5476 76.0
5477 76.0
5478 76.0
5479 76.0
5480 76.0
5481 76.0
5482 76.0
5483 76.0
5484 76.0
5485 76.0
5486 76.0
5487 76.0
5488 76.0
5489 76.0
5490 76.0
5491 76.0
5492 76.0
5493 76.0
5494 76.0
5495 76.0
5496 76.0
5497 76.0
5498 76.0
5499 76.0
5500 76.0
5501 76.0
5502 76.0
5503 76.0
5504 76.0
5505 76.0
5506 76.0
5507 76.0
5508 76.0
5509 76.0
5510 76.0
5511 76.0
5512 76.0
5513 76.0
5514 76.0
5515 76.0
5516 76.0
5517 76.0
5518 76.0
5519 76.0
5520 76.0
5521 76.0
5522 76.0
5523 76.0
5524 76.0
5525 76.0
5526 76.0
5527 76.0
5528 76.0
5529 76.0
5530 76.0
5531 76.0
5532 76.0
5533 76.0
5534 76.0
5535 76.0
5536 76.0
5537 76.0
5538 76.0
5539 76.0
5540 76.0
5541 76.0
5542 76.0
5543 76.0
5544 76.0
5545 76.0
5546 76.0
5547 76.0
5548 76.0
5549 76.0
5550 76.0
5551 76.0
5552 76.0
5553 76.0
5554 76.0
5555 76.0
5556 76.0
5557 76.0
5558 76.0
5559 76.0
5560 76.0
5561 76.0
5562 76.0
5563 76.0
5564 76.0
5565 76.0
5566 76.0
5567 76.0
5568 76.0
5569 76.0
5570 76.0
5571 76.0
5572 76.0
5573 76.0
5574 76.0
5575 76.0
5576 76.0
5577 76.0
5578 76.0
5579 76.0
5580 76.0
5581 76.0
5582 76.0
5583 76.0
5584 76.0
5585 76.0
5586 76.0
5587 76.0
5588 76.0
5589 76.0
5590 76.0
5591 76.0
5592 76.0
5593 76.0
5594 76.0
5595 76.0
5596 76.0
5597 76.0
5598 76.0
5599 76.0
5600 76.0
5601 76.0
5602 76.0
5603 76.0
5604 76.0
5605 76.0
5606 76.0
5607 76.0
5608 76.0
5609 76.0
5610 76.0
5611 76.0
5612 76.0
5613 76.0
5614 76.0
5615 76.0
5616 76.0
5617 76.0
5618 76.0
5619 76.0
5620 76.0
5621 76.0
5622 76.0
5623 76.0
5624 76.0
5625 76.0
5626 76.0
5627 76.0
5628 76.0
5629 76.0
5630 76.0
5631 76.0
5632 76.0
5633 76.0
5634 76.0
5635 76.0
5636 76.0
5637 76.0
5638 76.0
5639 76.0
5640 76.0
5641 76.0
5642 76.0
5643 76.0
5644 76.0
5645 76.0
5646 76.0
5647 76.0
5648 76.0
5649 76.0
5650 76.0
5651 76.0
5652 76.0
5653 76.0
5654 76.0
5655 76.0
5656 76.0
5657 76.0
5658 76.0
5659 76.0
5660 76.0
5661 76.0
5662 76.0
5663 76.0
5664 76.0
5665 76.0
5666 76.0
5667 76.0
5668 76.0
5669 76.0
5670 76.0
5671 76.0
5672 76.0
5673 76.0
5674 76.0
5675 76.0
5676 76.0
5677 76.0
5678 76.0
5679 76.0
5680 76.0
5681 76.0
5682 76.0
5683 76.0
5684 76.0
5685 76.0
5686 76.0
5687 76.0
5688 76.0
5689 76.0
5690 76.0
5691 76.0
5692 76.0
5693 76.0
5694 76.0
5695 76.0
5696 76.0
5697 76.0
5698 76.0
5699 76.0
5700 76.0
5701 76.0
5702 76.0
5703 76.0
5704 76.0
5705 76.0
5706 76.0
5707 76.0
5708 76.0
5709 76.0
5710 76.0
5711 76.0
5712 76.0
5713 76.0
5714 76.0
5715 76.0
5716 76.0
5717 76.0
5718 76.0
5719 76.0
5720 76.0
5721 76.0
5722 76.0
5723 76.0
5724 76.0
5725 76.0
5726 76.0
5727 76.0
5728 76.0
5729 76.0
5730 76.0
5731 76.0
5732 76.0
5733 76.0
5734 76.0
5735 76.0
5736 76.0
5737 76.0
5738 76.0
5739 76.0
5740 76.0
5741 76.0
5742 76.0
5743 76.0
5744 76.0
5745 76.0
5746 76.0
5747 76.0
5748 76.0
5749 76.0
5750 76.0
5751 76.0
5752 76.0
5753 76.0
5754 76.0
5755 76.0
5756 76.0
5757 76.0
5758 76.0
5759 76.0
5760 76.0
5761 76.0
5762 76.0
5763 76.0
5764 76.0
5765 76.0
5766 76.0
5767 76.0
5768 76.0
5769 76.0
5770 76.0
5771 76.0
5772 76.0
5773 76.0
5774 76.0
5775 76.0
5776 76.0
5777 76.0
5778 76.0
5779 76.0
5780 76.0
5781 76.0
5782 76.0
5783 76.0
5784 76.0
5785 76.0
5786 76.0
5787 76.0
5788 76.0
5789 76.0
5790 76.0
5791 76.0
5792 76.0
5793 76.0
5794 76.0
5795 76.0
5796 76.0
5797 76.0
5798 76.0
5799 76.0
5800 76.0
5801 76.0
5802 76.0
5803 76.0
5804 76.0
5805 76.0
5806 76.0
5807 76.0
5808 76.0
5809 76.0
5810 76.0
5811 76.0
5812 76.0
5813 76.0
5814 76.0
5815 76.0
5816 76.0
5817 76.0
5818 76.0
5819 76.0
5820 76.0
5821 76.0
5822 76.0
5823 76.0
5824 76.0
5825 76.0
5826 76.0
5827 76.0
5828 76.0
5829 76.0
5830 76.0
5831 76.0
5832 76.0
5833 76.0
5834 76.0
5835 76.0
5836 76.0
5837 76.0
5838 76.0
5839 76.0
5840 76.0
5841 76.0
5842 76.0
5843 76.0
5844 76.0
5845 76.0
5846 76.0
5847 76.0
5848 76.0
5849 76.0
5850 76.0
5851 76.0
5852 76.0
5853 76.0
5854 76.0
5855 76.0
5856 76.0
5857 76.0
5858 76.0
5859 76.0
5860 76.0
5861 76.0
5862 76.0
5863 76.0
5864 76.0
5865 76.0
5866 76.0
5867 76.0
5868 76.0
5869 76.0
5870 76.0
5871 76.0
5872 76.0
5873 76.0
5874 76.0
5875 76.0
5876 76.0
5877 76.0
5878 76.0
5879 76.0
5880 76.0
5881 76.0
5882 76.0
5883 76.0
5884 76.0
5885 76.0
5886 76.0
5887 76.0
5888 76.0
5889 76.0
5890 76.0
5891 76.0
5892 76.0
5893 76.0
5894 76.0
5895 76.0
5896 76.0
5897 76.0
5898 76.0
5899 76.0
5900 76.0
5901 76.0
5902 76.0
5903 76.0
5904 76.0
5905 76.0
5906 76.0
5907 76.0
5908 76.0
5909 76.0
5910 76.0
5911 76.0
5912 76.0
5913 76.0
5914 76.0
5915 76.0
5916 76.0
5917 76.0
5918 76.0
5919 76.0
5920 76.0
5921 76.0
5922 76.0
5923 76.0
5924 76.0
5925 76.0
5926 76.0
5927 76.0
5928 76.0
5929 76.0
5930 76.0
5931 76.0
5932 76.0
5933 76.0
5934 76.0
5935 76.0
5936 76.0
5937 76.0
5938 76.0
5939 76.0
5940 76.0
5941 76.0
5942 76.0
5943 76.0
5944 76.0
5945 76.0
5946 76.0
5947 76.0
5948 76.0
5949 76.0
5950 76.0
5951 76.0
5952 76.0
5953 76.0
5954 76.0
5955 76.0
5956 76.0
5957 76.0
5958 76.0
5959 76.0
5960 76.0
5961 76.0
5962 76.0
5963 76.0
5964 76.0
5965 76.0
5966 76.0
5967 76.0
5968 76.0
5969 76.0
5970 76.0
5971 76.0
5972 76.0
5973 76.0
5974 76.0
5975 76.0
5976 76.0
5977 76.0
5978 76.0
5979 76.0
5980 76.0
5981 76.0
5982 76.0
5983 76.0
5984 76.0
5985 76.0
5986 76.0
5987 76.0
5988 76.0
5989 76.0
5990 76.0
5991 76.0
5992 76.0
5993 76.0
5994 76.0
5995 76.0
5996 76.0
5997 76.0
5998 76.0
5999 76.0
6000 76.0
6001 76.0
6002 76.0
6003 76.0
6004 76.0
6005 76.0
6006 76.0
6007 76.0
6008 76.0
6009 76.0
6010 76.0
6011 76.0
6012 76.0
6013 76.0
6014 76.0
6015 76.0
6016 76.0
6017 76.0
6018 76.0
6019 76.0
6020 76.0
6021 76.0
6022 76.0
6023 76.0
6024 76.0
6025 76.0
6026 76.0
6027 76.0
6028 76.0
6029 76.0
6030 76.0
6031 76.0
6032 76.0
6033 76.0
6034 76.0
6035 76.0
6036 76.0
6037 76.0
6038 76.0
6039 76.0
6040 76.0
6041 76.0
6042 76.0
6043 76.0
6044 76.0
6045 76.0
6046 76.0
6047 76.0
6048 76.0
6049 76.0
6050 76.0
6051 76.0
6052 76.0
6053 76.0
6054 76.0
6055 76.0
6056 76.0
6057 76.0
6058 76.0
6059 76.0
6060 76.0
6061 76.0
6062 76.0
6063 76.0
6064 76.0
6065 76.0
6066 76.0
6067 76.0
6068 76.0
6069 76.0
6070 76.0
6071 76.0
6072 76.0
6073 76.0
6074 76.0
6075 76.0
6076 76.0
6077 76.0
6078 76.0
6079 76.0
6080 76.0
6081 76.0
6082 76.0
6083 76.0
6084 76.0
6085 76.0
6086 76.0
6087 76.0
6088 76.0
6089 76.0
6090 76.0
6091 76.0
6092 76.0
6093 76.0
6094 76.0
6095 76.0
6096 76.0
6097 76.0
6098 76.0
6099 76.0
6100 76.0
6101 76.0
6102 76.0
6103 76.0
6104 76.0
6105 76.0
6106 76.0
6107 76.0
6108 76.0
6109 76.0
6110 76.0
6111 76.0
6112 76.0
6113 76.0
6114 76.0
6115 76.0
6116 76.0
6117 76.0
6118 76.0
6119 76.0
6120 76.0
6121 76.0
6122 76.0
6123 76.0
6124 76.0
6125 76.0
6126 76.0
6127 76.0
6128 76.0
6129 76.0
6130 76.0
6131 76.0
6132 76.0
6133 76.0
6134 76.0
6135 76.0
6136 76.0
6137 76.0
6138 76.0
6139 76.0
6140 76.0
6141 76.0
6142 76.0
6143 76.0
6144 76.0
6145 76.0
6146 76.0
6147 76.0
6148 76.0
6149 76.0
6150 76.0
6151 76.0
6152 76.0
6153 76.0
6154 76.0
6155 76.0
6156 76.0
6157 76.0
6158 76.0
6159 76.0
6160 76.0
6161 76.0
6162 76.0
6163 76.0
6164 76.0
6165 76.0
6166 76.0
6167 76.0
6168 76.0
6169 76.0
6170 76.0
6171 76.0
6172 76.0
6173 76.0
6174 76.0
6175 76.0
6176 76.0
6177 76.0
6178 76.0
6179 76.0
6180 76.0
6181 76.0
6182 76.0
6183 76.0
6184 76.0
6185 76.0
6186 76.0
6187 76.0
6188 76.0
6189 76.0
6190 76.0
6191 76.0
6192 76.0
6193 76.0
6194 76.0
6195 76.0
6196 76.0
6197 76.0
6198 76.0
6199 76.0
6200 76.0
6201 76.0
6202 76.0
6203 76.0
6204 76.0
6205 76.0
6206 76.0
6207 76.0
6208 76.0
6209 76.0
6210 76.0
6211 76.0
6212 76.0
6213 76.0
6214 76.0
6215 76.0
6216 76.0
6217 76.0
6218 76.0
6219 76.0
6220 76.0
6221 76.0
6222 76.0
6223 76.0
6224 76.0
6225 76.0
6226 76.0
6227 76.0
6228 76.0
6229 76.0
6230 76.0
6231 76.0
6232 76.0
6233 76.0
6234 76.0
6235 76.0
6236 76.0
6237 76.0
6238 76.0
6239 76.0
6240 76.0
6241 76.0
6242 76.0
6243 76.0
6244 76.0
6245 76.0
6246 76.0
6247 76.0
6248 76.0
6249 76.0
6250 76.0
6251 76.0
6252 76.0
6253 76.0
6254 76.0
6255 76.0
6256 76.0
6257 76.0
6258 76.0
6259 76.0
6260 76.0
6261 76.0
6262 76.0
6263 76.0
6264 76.0
6265 76.0
6266 76.0
6267 76.0
6268 76.0
6269 76.0
6270 76.0
6271 76.0
6272 76.0
6273 76.0
6274 76.0
6275 76.0
6276 76.0
6277 76.0
6278 76.0
6279 76.0
6280 76.0
6281 76.0
6282 76.0
6283 76.0
6284 76.0
6285 76.0
6286 76.0
6287 76.0
6288 76.0
6289 76.0
6290 76.0
6291 76.0
6292 76.0
6293 76.0
6294 76.0
6295 76.0
6296 76.0
6297 76.0
6298 76.0
6299 76.0
6300 76.0
6301 76.0
6302 76.0
6303 76.0
6304 76.0
6305 76.0
6306 76.0
6307 76.0
6308 76.0
6309 76.0
6310 76.0
6311 76.0
6312 76.0
6313 76.0
6314 76.0
6315 76.0
6316 76.0
6317 76.0
6318 76.0
6319 76.0
6320 76.0
6321 76.0
6322 76.0
6323 76.0
6324 76.0
6325 76.0
6326 76.0
6327 76.0
6328 76.0
6329 76.0
6330 76.0
6331 76.0
6332 76.0
6333 76.0
6334 76.0
6335 76.0
6336 76.0
6337 76.0
6338 76.0
6339 76.0
6340 76.0
6341 76.0
6342 76.0
6343 76.0
6344 76.0
6345 76.0
6346 76.0
6347 76.0
6348 76.0
6349 76.0
6350 76.0
6351 76.0
6352 76.0
6353 76.0
6354 76.0
6355 76.0
6356 76.0
6357 76.0
6358 76.0
6359 76.0
6360 76.0
6361 76.0
6362 76.0
6363 76.0
6364 76.0
6365 76.0
6366 76.0
6367 76.0
6368 76.0
6369 76.0
6370 76.0
6371 76.0
6372 76.0
6373 76.0
6374 76.0
6375 76.0
6376 76.0
6377 76.0
6378 76.0
6379 76.0
6380 76.0
6381 76.0
6382 76.0
6383 76.0
6384 76.0
6385 76.0
6386 76.0
6387 76.0
6388 76.0
6389 76.0
6390 76.0
6391 76.0
6392 76.0
6393 76.0
6394 76.0
6395 76.0
6396 76.0
6397 76.0
6398 76.0
6399 76.0
6400 76.0
6401 76.0
6402 76.0
6403 76.0
6404 76.0
6405 76.0
6406 76.0
6407 76.0
6408 76.0
6409 76.0
6410 76.0
6411 76.0
6412 76.0
6413 76.0
6414 76.0
6415 76.0
6416 76.0
6417 76.0
6418 76.0
6419 76.0
6420 76.0
6421 76.0
6422 76.0
6423 76.0
6424 76.0
6425 76.0
6426 76.0
6427 76.0
6428 76.0
6429 76.0
6430 76.0
6431 76.0
6432 76.0
6433 76.0
6434 76.0
6435 76.0
6436 76.0
6437 76.0
6438 76.0
6439 76.0
6440 76.0
6441 76.0
6442 76.0
6443 76.0
6444 76.0
6445 76.0
6446 76.0
6447 76.0
6448 76.0
6449 76.0
6450 76.0
6451 76.0
6452 76.0
6453 76.0
6454 76.0
6455 76.0
6456 76.0
6457 76.0
6458 76.0
6459 76.0
6460 76.0
6461 76.0
6462 76.0
6463 76.0
6464 76.0
6465 76.0
6466 76.0
6467 76.0
6468 76.0
6469 76.0
6470 76.0
6471 76.0
6472 76.0
6473 76.0
6474 76.0
6475 76.0
6476 76.0
6477 76.0
6478 76.0
6479 76.0
6480 76.0
6481 76.0
6482 76.0
6483 76.0
6484 76.0
6485 76.0
6486 76.0
6487 76.0
6488 76.0
6489 76.0
6490 76.0
6491 76.0
6492 76.0
6493 76.0
6494 76.0
6495 76.0
6496 76.0
6497 76.0
6498 76.0
6499 76.0
6500 76.0
6501 76.0
6502 76.0
6503 76.0
6504 76.0
6505 76.0
6506 76.0
6507 76.0
6508 76.0
6509 76.0
6510 76.0
6511 76.0
6512 76.0
6513 76.0
6514 76.0
6515 76.0
6516 76.0
6517 76.0
6518 76.0
6519 76.0
6520 76.0
6521 76.0
6522 76.0
6523 76.0
6524 76.0
6525 76.0
6526 76.0
6527 76.0
6528 76.0
6529 76.0
6530 76.0
6531 76.0
6532 76.0
6533 76.0
6534 76.0
6535 76.0
6536 76.0
6537 76.0
6538 76.0
6539 76.0
6540 76.0
6541 76.0
6542 76.0
6543 76.0
6544 76.0
6545 76.0
6546 76.0
6547 76.0
6548 76.0
6549 76.0
6550 76.0
6551 76.0
6552 76.0
6553 76.0
6554 76.0
6555 76.0
6556 76.0
6557 76.0
6558 76.0
6559 76.0
6560 76.0
6561 76.0
6562 76.0
6563 76.0
6564 76.0
6565 76.0
6566 76.0
6567 76.0
6568 76.0
6569 76.0
6570 76.0
6571 76.0
6572 76.0
6573 76.0
6574 76.0
6575 76.0
6576 76.0
6577 76.0
6578 76.0
6579 76.0
6580 76.0
6581 76.0
6582 76.0
6583 76.0
6584 76.0
6585 76.0
6586 76.0
6587 76.0
6588 76.0
6589 76.0
6590 76.0
6591 76.0
6592 76.0
6593 76.0
6594 76.0
6595 76.0
6596 76.0
6597 76.0
6598 76.0
6599 76.0
6600 76.0
6601 76.0
6602 76.0
6603 76.0
6604 76.0
6605 76.0
6606 76.0
6607 76.0
6608 76.0
6609 76.0
6610 76.0
6611 76.0
6612 76.0
6613 76.0
6614 76.0
6615 76.0
6616 76.0
6617 76.0
6618 76.0
6619 76.0
6620 76.0
6621 76.0
6622 76.0
6623 76.0
6624 76.0
6625 76.0
6626 76.0
6627 76.0
6628 76.0
6629 76.0
6630 76.0
6631 76.0
6632 76.0
6633 76.0
6634 76.0
6635 76.0
6636 76.0
6637 76.0
6638 76.0
6639 76.0
6640 76.0
6641 76.0
6642 76.0
6643 76.0
6644 76.0
6645 76.0
6646 76.0
6647 76.0
6648 76.0
6649 76.0
6650 76.0
6651 76.0
6652 76.0
6653 76.0
6654 76.0
6655 76.0
6656 76.0
6657 76.0
6658 76.0
6659 76.0
6660 76.0
6661 76.0
6662 76.0
6663 76.0
6664 76.0
6665 76.0
6666 76.0
6667 76.0
6668 76.0
6669 76.0
6670 76.0
6671 76.0
6672 76.0
6673 76.0
6674 76.0
6675 76.0
6676 76.0
6677 76.0
6678 76.0
6679 76.0
6680 76.0
6681 76.0
6682 76.0
6683 76.0
6684 76.0
6685 76.0
6686 76.0
6687 76.0
6688 76.0
6689 76.0
6690 76.0
6691 76.0
6692 76.0
6693 76.0
6694 76.0
6695 76.0
6696 76.0
6697 76.0
6698 76.0
6699 76.0
6700 76.0
6701 76.0
6702 76.0
6703 76.0
6704 76.0
6705 76.0
6706 76.0
6707 76.0
6708 76.0
6709 76.0
6710 76.0
6711 76.0
6712 76.0
6713 76.0
6714 76.0
6715 76.0
6716 76.0
6717 76.0
6718 76.0
6719 76.0
6720 76.0
6721 76.0
6722 76.0
6723 76.0
6724 76.0
6725 76.0
6726 76.0
6727 76.0
6728 76.0
6729 76.0
6730 76.0
6731 76.0
6732 76.0
6733 76.0
6734 76.0
6735 76.0
6736 76.0
6737 76.0
6738 76.0
6739 76.0
6740 76.0
6741 76.0
6742 76.0
6743 76.0
6744 76.0
6745 76.0
6746 76.0
6747 76.0
6748 76.0
6749 76.0
6750 76.0
6751 76.0
6752 76.0
6753 76.0
6754 76.0
6755 76.0
6756 76.0
6757 76.0
6758 76.0
6759 76.0
6760 76.0
6761 76.0
6762 76.0
6763 76.0
6764 76.0
6765 76.0
6766 76.0
6767 76.0
6768 76.0
6769 76.0
6770 76.0
6771 76.0
6772 76.0
6773 76.0
6774 76.0
6775 76.0
6776 76.0
6777 76.0
6778 76.0
6779 76.0
6780 76.0
6781 76.0
6782 76.0
6783 76.0
6784 76.0
6785 76.0
6786 76.0
6787 76.0
6788 76.0
6789 76.0
6790 76.0
6791 76.0
6792 76.0
6793 76.0
6794 76.0
6795 76.0
6796 76.0
6797 76.0
6798 76.0
6799 76.0
6800 76.0
6801 76.0
6802 76.0
6803 76.0
6804 76.0
6805 76.0
6806 76.0
6807 76.0
6808 76.0
6809 76.0
6810 76.0
6811 76.0
6812 76.0
6813 76.0
6814 76.0
6815 76.0
6816 76.0
6817 76.0
6818 76.0
6819 76.0
6820 76.0
6821 76.0
6822 76.0
6823 76.0
6824 76.0
6825 76.0
6826 76.0
6827 76.0
6828 76.0
6829 76.0
6830 76.0
6831 76.0
6832 76.0
6833 76.0
6834 76.0
6835 76.0
6836 76.0
6837 76.0
6838 76.0
6839 76.0
6840 76.0
6841 76.0
6842 76.0
6843 76.0
6844 76.0
6845 76.0
6846 76.0
6847 76.0
6848 76.0
6849 76.0
6850 76.0
6851 76.0
6852 76.0
6853 76.0
6854 76.0
6855 76.0
6856 76.0
6857 76.0
6858 76.0
6859 76.0
6860 76.0
6861 76.0
6862 76.0
6863 76.0
6864 76.0
6865 76.0
6866 76.0
6867 76.0
6868 76.0
6869 76.0
6870 76.0
6871 76.0
6872 76.0
6873 76.0
6874 76.0
6875 76.0
6876 76.0
6877 76.0
6878 76.0
6879 76.0
6880 76.0
6881 76.0
6882 76.0
6883 76.0
6884 76.0
6885 76.0
6886 76.0
6887 76.0
6888 76.0
6889 76.0
6890 76.0
6891 76.0
6892 76.0
6893 76.0
6894 76.0
6895 76.0
6896 76.0
6897 76.0
6898 76.0
6899 76.0
6900 76.0
6901 76.0
6902 76.0
6903 76.0
6904 76.0
6905 76.0
6906 76.0
6907 76.0
6908 76.0
6909 76.0
6910 76.0
6911 76.0
6912 76.0
6913 76.0
6914 76.0
6915 76.0
6916 76.0
6917 76.0
6918 76.0
6919 76.0
6920 76.0
6921 76.0
6922 76.0
6923 76.0
6924 76.0
6925 76.0
6926 76.0
6927 76.0
6928 76.0
6929 76.0
6930 76.0
6931 76.0
6932 76.0
6933 76.0
6934 76.0
6935 76.0
6936 76.0
6937 76.0
6938 76.0
6939 76.0
6940 76.0
6941 76.0
6942 76.0
6943 76.0
6944 76.0
6945 76.0
6946 76.0
6947 76.0
6948 76.0
6949 76.0
6950 76.0
6951 76.0
6952 76.0
6953 76.0
6954 76.0
6955 76.0
6956 76.0
6957 76.0
6958 76.0
6959 76.0
6960 76.0
6961 76.0
6962 76.0
6963 76.0
6964 76.0
6965 76.0
6966 76.0
6967 76.0
6968 76.0
6969 76.0
6970 76.0
6971 76.0
6972 76.0
6973 76.0
6974 76.0
6975 76.0
6976 76.0
6977 76.0
6978 76.0
6979 76.0
6980 76.0
6981 76.0
6982 76.0
6983 76.0
6984 76.0
6985 76.0
6986 76.0
6987 76.0
6988 76.0
6989 76.0
6990 76.0
6991 76.0
6992 76.0
6993 76.0
6994 76.0
6995 76.0
6996 76.0
6997 76.0
6998 76.0
6999 76.0
7000 76.0
7001 76.0
7002 76.0
7003 76.0
7004 76.0
7005 76.0
7006 76.0
7007 76.0
7008 76.0
7009 76.0
7010 76.0
7011 76.0
7012 76.0
7013 76.0
7014 76.0
7015 76.0
7016 76.0
7017 76.0
7018 76.0
7019 76.0
7020 76.0
7021 76.0
7022 76.0
7023 76.0
7024 76.0
7025 76.0
7026 76.0
7027 76.0
7028 76.0
7029 76.0
7030 76.0
7031 76.0
7032 76.0
7033 76.0
7034 76.0
7035 76.0
7036 76.0
7037 76.0
7038 76.0
7039 76.0
7040 76.0
7041 76.0
7042 76.0
7043 76.0
7044 76.0
7045 76.0
7046 76.0
7047 76.0
7048 76.0
7049 76.0
7050 76.0
7051 76.0
7052 76.0
7053 76.0
7054 76.0
7055 76.0
7056 76.0
7057 76.0
7058 76.0
7059 76.0
7060 76.0
7061 76.0
7062 76.0
7063 76.0
7064 76.0
7065 76.0
7066 76.0
7067 76.0
7068 76.0
7069 76.0
7070 76.0
7071 76.0
7072 76.0
7073 76.0
7074 76.0
7075 76.0
7076 76.0
7077 76.0
7078 76.0
7079 76.0
7080 76.0
7081 76.0
7082 76.0
7083 76.0
7084 76.0
7085 76.0
7086 76.0
7087 76.0
7088 76.0
7089 76.0
7090 76.0
7091 76.0
7092 76.0
7093 76.0
7094 76.0
7095 76.0
7096 76.0
7097 76.0
7098 76.0
7099 76.0
7100 76.0
7101 76.0
7102 76.0
7103 76.0
7104 76.0
7105 76.0
7106 76.0
7107 76.0
7108 76.0
7109 76.0
7110 76.0
7111 76.0
7112 76.0
7113 76.0
7114 76.0
7115 76.0
7116 76.0
7117 76.0
7118 76.0
7119 76.0
7120 76.0
7121 76.0
7122 76.0
7123 76.0
7124 76.0
7125 76.0
7126 76.0
7127 76.0
7128 76.0
7129 76.0
7130 76.0
7131 76.0
7132 76.0
7133 76.0
7134 76.0
7135 76.0
7136 76.0
7137 76.0
7138 76.0
7139 76.0
7140 76.0
7141 76.0
7142 76.0
7143 76.0
7144 76.0
7145 76.0
7146 76.0
7147 76.0
7148 76.0
7149 76.0
7150 76.0
7151 76.0
7152 76.0
7153 76.0
7154 76.0
7155 76.0
7156 76.0
7157 76.0
7158 76.0
7159 76.0
7160 76.0
7161 76.0
7162 76.0
7163 76.0
7164 76.0
7165 76.0
7166 76.0
7167 76.0
7168 76.0
7169 76.0
7170 76.0
7171 76.0
7172 76.0
7173 76.0
7174 76.0
7175 76.0
7176 76.0
7177 76.0
7178 76.0
7179 76.0
7180 76.0
7181 76.0
7182 76.0
7183 76.0
7184 76.0
7185 76.0
7186 76.0
7187 76.0
7188 76.0
7189 76.0
7190 76.0
7191 76.0
7192 76.0
7193 76.0
7194 76.0
7195 76.0
7196 76.0
7197 76.0
7198 76.0
7199 76.0
7200 76.0
7201 76.0
7202 76.0
7203 76.0
7204 76.0
7205 76.0
7206 76.0
7207 76.0
7208 76.0
7209 76.0
7210 76.0
7211 76.0
7212 76.0
7213 76.0
7214 76.0
7215 76.0
7216 76.0
7217 76.0
7218 76.0
7219 76.0
7220 76.0
7221 76.0
7222 76.0
7223 76.0
7224 76.0
7225 76.0
7226 76.0
7227 76.0
7228 76.0
7229 76.0
7230 76.0
7231 76.0
7232 76.0
7233 76.0
7234 76.0
7235 76.0
7236 76.0
7237 76.0
7238 76.0
7239 76.0
7240 76.0
7241 76.0
7242 76.0
7243 76.0
7244 76.0
7245 76.0
7246 76.0
7247 76.0
7248 76.0
7249 76.0
7250 76.0
7251 76.0
7252 76.0
7253 76.0
7254 76.0
7255 76.0
7256 76.0
7257 76.0
7258 76.0
7259 76.0
7260 76.0
7261 76.0
7262 76.0
7263 76.0
7264 76.0
7265 76.0
7266 76.0
7267 76.0
7268 76.0
7269 76.0
7270 76.0
7271 76.0
7272 76.0
7273 76.0
7274 76.0
7275 76.0
7276 76.0
7277 76.0
7278 76.0
7279 76.0
7280 76.0
7281 76.0
7282 76.0
7283 76.0
7284 76.0
7285 76.0
7286 76.0
7287 76.0
7288 76.0
7289 76.0
7290 76.0
7291 76.0
7292 76.0
7293 76.0
7294 76.0
7295 76.0
7296 76.0
7297 76.0
7298 76.0
7299 76.0
7300 76.0
7301 76.0
7302 76.0
7303 76.0
7304 76.0
7305 76.0
7306 76.0
7307 76.0
7308 76.0
7309 76.0
7310 76.0
7311 76.0
7312 76.0
7313 76.0
7314 76.0
7315 76.0
7316 76.0
7317 76.0
7318 76.0
7319 76.0
7320 76.0
7321 76.0
7322 76.0
7323 76.0
7324 76.0
7325 76.0
7326 76.0
7327 76.0
7328 76.0
7329 76.0
7330 76.0
7331 76.0
7332 76.0
7333 76.0
7334 76.0
7335 76.0
7336 76.0
7337 76.0
7338 76.0
7339 76.0
7340 76.0
7341 76.0
7342 76.0
7343 76.0
7344 76.0
7345 76.0
7346 76.0
7347 76.0
7348 76.0
7349 76.0
7350 76.0
7351 76.0
7352 76.0
7353 76.0
7354 76.0
7355 76.0
7356 76.0
7357 76.0
7358 76.0
7359 76.0
7360 76.0
7361 76.0
7362 76.0
7363 76.0
7364 76.0
7365 76.0
7366 76.0
7367 76.0
7368 76.0
7369 76.0
7370 76.0
7371 76.0
7372 76.0
7373 76.0
7374 76.0
7375 76.0
7376 76.0
7377 76.0
7378 76.0
7379 76.0
7380 76.0
7381 76.0
7382 76.0
7383 76.0
7384 76.0
7385 76.0
7386 76.0
7387 76.0
7388 76.0
7389 76.0
7390 76.0
7391 76.0
7392 76.0
7393 76.0
7394 76.0
7395 76.0
7396 76.0
7397 76.0
7398 76.0
7399 76.0
7400 76.0
7401 76.0
7402 76.0
7403 76.0
7404 76.0
7405 76.0
7406 76.0
7407 76.0
7408 76.0
7409 76.0
7410 76.0
7411 76.0
7412 76.0
7413 76.0
7414 76.0
7415 76.0
7416 76.0
7417 76.0
7418 76.0
7419 76.0
7420 76.0
7421 76.0
7422 76.0
7423 76.0
7424 76.0
7425 76.0
7426 76.0
7427 76.0
7428 76.0
7429 76.0
7430 76.0
7431 76.0
7432 76.0
7433 76.0
7434 76.0
7435 76.0
7436 76.0
7437 76.0
7438 76.0
7439 76.0
7440 76.0
7441 76.0
7442 76.0
7443 76.0
7444 76.0
7445 76.0
7446 76.0
7447 76.0
7448 76.0
7449 76.0
7450 76.0
7451 76.0
7452 76.0
7453 76.0
7454 76.0
7455 76.0
7456 76.0
7457 76.0
7458 76.0
7459 76.0
7460 76.0
7461 76.0
7462 76.0
7463 76.0
7464 76.0
7465 76.0
7466 76.0
7467 76.0
7468 76.0
7469 76.0
7470 76.0
7471 76.0
7472 76.0
7473 76.0
7474 76.0
7475 76.0
7476 76.0
7477 76.0
7478 76.0
7479 76.0
7480 76.0
7481 76.0
7482 76.0
7483 76.0
7484 76.0
7485 76.0
7486 76.0
7487 76.0
7488 76.0
7489 76.0
7490 76.0
7491 76.0
7492 76.0
7493 76.0
7494 76.0
7495 76.0
7496 76.0
7497 76.0
7498 76.0
7499 76.0
7500 76.0
7501 76.0
7502 76.0
7503 76.0
7504 76.0
7505 76.0
7506 76.0
7507 76.0
7508 76.0
7509 76.0
7510 76.0
7511 76.0
7512 76.0
7513 76.0
7514 76.0
7515 76.0
7516 76.0
7517 76.0
7518 76.0
7519 76.0
7520 76.0
7521 76.0
7522 76.0
7523 76.0
7524 76.0
7525 76.0
7526 76.0
7527 76.0
7528 76.0
7529 76.0
7530 76.0
7531 76.0
7532 76.0
7533 76.0
7534 76.0
7535 76.0
7536 76.0
7537 76.0
7538 76.0
7539 76.0
7540 76.0
7541 76.0
7542 76.0
7543 76.0
7544 76.0
7545 76.0
7546 76.0
7547 76.0
7548 76.0
7549 76.0
7550 76.0
7551 76.0
7552 76.0
7553 76.0
7554 76.0
7555 76.0
7556 76.0
7557 76.0
7558 76.0
7559 76.0
7560 76.0
7561 76.0
7562 76.0
7563 76.0
7564 76.0
7565 76.0
7566 76.0
7567 76.0
7568 76.0
7569 76.0
7570 76.0
7571 76.0
7572 76.0
7573 76.0
7574 76.0
7575 76.0
7576 76.0
7577 76.0
7578 76.0
7579 76.0
7580 76.0
7581 76.0
7582 76.0
7583 76.0
7584 76.0
7585 76.0
7586 76.0
7587 76.0
7588 76.0
7589 76.0
7590 76.0
7591 76.0
7592 76.0
7593 76.0
7594 76.0
7595 76.0
7596 76.0
7597 76.0
7598 76.0
7599 76.0
7600 76.0
7601 76.0
7602 76.0
7603 76.0
7604 76.0
7605 76.0
7606 76.0
7607 76.0
7608 76.0
7609 76.0
7610 76.0
7611 76.0
7612 76.0
7613 76.0
7614 76.0
7615 76.0
7616 76.0
7617 76.0
7618 76.0
7619 76.0
7620 76.0
7621 76.0
7622 76.0
7623 76.0
7624 76.0
7625 76.0
7626 76.0
7627 76.0
7628 76.0
7629 76.0
7630 76.0
7631 76.0
7632 76.0
7633 76.0
7634 76.0
7635 76.0
7636 76.0
7637 76.0
7638 76.0
7639 76.0
7640 76.0
7641 76.0
7642 76.0
7643 76.0
7644 76.0
7645 76.0
7646 76.0
7647 76.0
7648 76.0
7649 76.0
7650 76.0
7651 76.0
7652 76.0
7653 76.0
7654 76.0
7655 76.0
7656 76.0
7657 76.0
7658 76.0
7659 76.0
7660 76.0
7661 76.0
7662 76.0
7663 76.0
7664 76.0
7665 76.0
7666 76.0
7667 76.0
7668 76.0
7669 76.0
7670 76.0
7671 76.0
7672 76.0
7673 76.0
7674 76.0
7675 76.0
7676 76.0
7677 76.0
7678 76.0
7679 76.0
7680 76.0
7681 76.0
7682 76.0
7683 76.0
7684 76.0
7685 76.0
7686 76.0
7687 76.0
7688 76.0
7689 76.0
7690 76.0
7691 76.0
7692 76.0
7693 76.0
7694 76.0
7695 76.0
7696 76.0
7697 76.0
7698 76.0
7699 76.0
7700 76.0
7701 76.0
7702 76.0
7703 76.0
7704 76.0
7705 76.0
7706 76.0
7707 76.0
7708 76.0
7709 76.0
7710 76.0
7711 76.0
7712 76.0
7713 76.0
7714 76.0
7715 76.0
7716 76.0
7717 76.0
7718 76.0
7719 76.0
7720 76.0
7721 76.0
7722 76.0
7723 76.0
7724 76.0
7725 76.0
7726 76.0
7727 76.0
7728 76.0
7729 76.0
7730 76.0
7731 76.0
7732 76.0
7733 76.0
7734 76.0
7735 76.0
7736 76.0
7737 76.0
7738 76.0
7739 76.0
7740 76.0
7741 76.0
7742 76.0
7743 76.0
7744 76.0
7745 76.0
7746 76.0
7747 76.0
7748 76.0
7749 76.0
7750 76.0
7751 76.0
7752 76.0
7753 76.0
7754 76.0
7755 76.0
7756 76.0
7757 76.0
7758 76.0
7759 76.0
7760 76.0
7761 76.0
7762 76.0
7763 76.0
7764 76.0
7765 76.0
7766 76.0
7767 76.0
7768 76.0
7769 76.0
7770 76.0
7771 76.0
7772 76.0
7773 76.0
7774 76.0
7775 76.0
7776 76.0
7777 76.0
7778 76.0
7779 76.0
7780 76.0
7781 76.0
7782 76.0
7783 76.0
7784 76.0
7785 76.0
7786 76.0
7787 76.0
7788 76.0
7789 76.0
7790 76.0
7791 76.0
7792 76.0
7793 76.0
7794 76.0
7795 76.0
7796 76.0
7797 76.0
7798 76.0
7799 76.0
7800 76.0
7801 76.0
7802 76.0
7803 76.0
7804 76.0
7805 76.0
7806 76.0
7807 76.0
7808 76.0
7809 76.0
7810 76.0
7811 76.0
7812 76.0
7813 76.0
7814 76.0
7815 76.0
7816 76.0
7817 76.0
7818 76.0
7819 76.0
7820 76.0
7821 76.0
7822 76.0
7823 76.0
7824 76.0
7825 76.0
7826 76.0
7827 76.0
7828 76.0
7829 76.0
7830 76.0
7831 76.0
7832 76.0
7833 76.0
7834 76.0
7835 76.0
7836 76.0
7837 76.0
7838 76.0
7839 76.0
7840 76.0
7841 76.0
7842 76.0
7843 76.0
7844 76.0
7845 76.0
7846 76.0
7847 76.0
7848 76.0
7849 76.0
7850 76.0
7851 76.0
7852 76.0
7853 76.0
7854 76.0
7855 76.0
7856 76.0
7857 76.0
7858 76.0
7859 76.0
7860 76.0
7861 76.0
7862 76.0
7863 76.0
7864 76.0
7865 76.0
7866 76.0
7867 76.0
7868 76.0
7869 76.0
7870 76.0
7871 76.0
7872 76.0
7873 76.0
7874 76.0
7875 76.0
7876 76.0
7877 76.0
7878 76.0
7879 76.0
7880 76.0
7881 76.0
7882 76.0
7883 76.0
7884 76.0
7885 76.0
7886 76.0
7887 76.0
7888 76.0
7889 76.0
7890 76.0
7891 76.0
7892 76.0
7893 76.0
7894 76.0
7895 76.0
7896 76.0
7897 76.0
7898 76.0
7899 76.0
7900 76.0
7901 76.0
7902 76.0
7903 76.0
7904 76.0
7905 76.0
7906 76.0
7907 76.0
7908 76.0
7909 76.0
7910 76.0
7911 76.0
7912 76.0
7913 76.0
7914 76.0
7915 76.0
7916 76.0
7917 76.0
7918 76.0
7919 76.0
7920 76.0
7921 76.0
7922 76.0
7923 76.0
7924 76.0
7925 76.0
7926 76.0
7927 76.0
7928 76.0
7929 76.0
7930 76.0
7931 76.0
7932 76.0
7933 76.0
7934 76.0
7935 76.0
7936 76.0
7937 76.0
7938 76.0
7939 76.0
7940 76.0
7941 76.0
7942 76.0
7943 76.0
7944 76.0
7945 76.0
7946 76.0
7947 76.0
7948 76.0
7949 76.0
7950 76.0
7951 76.0
7952 76.0
7953 76.0
7954 76.0
7955 76.0
7956 76.0
7957 76.0
7958 76.0
7959 76.0
7960 76.0
7961 76.0
7962 76.0
7963 76.0
7964 76.0
7965 76.0
7966 76.0
7967 76.0
7968 76.0
7969 76.0
7970 76.0
7971 76.0
7972 76.0
7973 76.0
7974 76.0
7975 76.0
7976 76.0
7977 76.0
7978 76.0
7979 76.0
7980 76.0
7981 76.0
7982 76.0
7983 76.0
7984 76.0
7985 76.0
7986 76.0
7987 76.0
7988 76.0
7989 76.0
7990 76.0
7991 76.0
7992 76.0
7993 76.0
7994 76.0
7995 76.0
7996 76.0
7997 76.0
7998 76.0
7999 76.0
8000 76.0
8001 76.0
8002 76.0
8003 76.0
8004 76.0
8005 76.0
8006 76.0
8007 76.0
8008 76.0
8009 76.0
8010 76.0
8011 76.0
8012 76.0
8013 76.0
8014 76.0
8015 76.0
8016 76.0
8017 76.0
8018 76.0
8019 76.0
8020 76.0
8021 76.0
8022 76.0
8023 76.0
8024 76.0
8025 76.0
8026 76.0
8027 76.0
8028 76.0
8029 76.0
8030 76.0
8031 76.0
8032 76.0
8033 76.0
8034 76.0
8035 76.0
8036 76.0
8037 76.0
8038 76.0
8039 76.0
8040 76.0
8041 76.0
8042 76.0
8043 76.0
8044 76.0
8045 76.0
8046 76.0
8047 76.0
8048 76.0
8049 76.0
8050 76.0
8051 76.0
8052 76.0
8053 76.0
8054 76.0
8055 76.0
8056 76.0
8057 76.0
8058 76.0
8059 76.0
8060 76.0
8061 76.0
8062 76.0
8063 76.0
8064 76.0
8065 76.0
8066 76.0
8067 76.0
8068 76.0
8069 76.0
8070 76.0
8071 76.0
8072 76.0
8073 76.0
8074 76.0
8075 76.0
8076 76.0
8077 76.0
8078 76.0
8079 76.0
8080 76.0
8081 76.0
8082 76.0
8083 76.0
8084 76.0
8085 76.0
8086 76.0
8087 76.0
8088 76.0
8089 76.0
8090 76.0
8091 76.0
8092 76.0
8093 76.0
8094 76.0
8095 76.0
8096 76.0
8097 76.0
8098 76.0
8099 76.0
8100 76.0
8101 76.0
8102 76.0
8103 76.0
8104 76.0
8105 76.0
8106 76.0
8107 76.0
8108 76.0
8109 76.0
8110 76.0
8111 76.0
8112 76.0
8113 76.0
8114 76.0
8115 76.0
8116 76.0
8117 76.0
8118 76.0
8119 76.0
8120 76.0
8121 76.0
8122 76.0
8123 76.0
8124 76.0
8125 76.0
8126 76.0
8127 76.0
8128 76.0
8129 76.0
8130 76.0
8131 76.0
8132 76.0
8133 76.0
8134 76.0
8135 76.0
8136 76.0
8137 76.0
8138 76.0
8139 76.0
8140 76.0
8141 76.0
8142 76.0
8143 76.0
8144 76.0
8145 76.0
8146 76.0
8147 76.0
8148 76.0
8149 76.0
8150 76.0
8151 76.0
8152 76.0
8153 76.0
8154 76.0
8155 76.0
8156 76.0
8157 76.0
8158 76.0
8159 76.0
8160 76.0
8161 76.0
8162 76.0
8163 76.0
8164 76.0
8165 76.0
8166 76.0
8167 76.0
8168 76.0
8169 76.0
8170 76.0
8171 76.0
8172 76.0
8173 76.0
8174 76.0
8175 76.0
8176 76.0
8177 76.0
8178 76.0
8179 76.0
8180 76.0
8181 76.0
8182 76.0
8183 76.0
8184 76.0
8185 76.0
8186 76.0
8187 76.0
8188 76.0
8189 76.0
8190 76.0
8191 76.0
8192 76.0
8193 76.0
8194 76.0
8195 76.0
8196 76.0
8197 76.0
8198 76.0
8199 76.0
8200 76.0
8201 76.0
8202 76.0
8203 76.0
8204 76.0
8205 76.0
8206 76.0
8207 76.0
8208 76.0
8209 76.0
8210 76.0
8211 76.0
8212 76.0
8213 76.0
8214 76.0
8215 76.0
8216 76.0
8217 76.0
8218 76.0
8219 76.0
8220 76.0
8221 76.0
8222 76.0
8223 76.0
8224 76.0
8225 76.0
8226 76.0
8227 76.0
8228 76.0
8229 76.0
8230 76.0
8231 76.0
8232 76.0
8233 76.0
8234 76.0
8235 76.0
8236 76.0
8237 76.0
8238 76.0
8239 76.0
8240 76.0
8241 76.0
8242 76.0
8243 76.0
8244 76.0
8245 76.0
8246 76.0
8247 76.0
8248 76.0
8249 76.0
8250 76.0
8251 76.0
8252 76.0
8253 76.0
8254 76.0
8255 76.0
8256 76.0
8257 76.0
8258 76.0
8259 76.0
8260 76.0
8261 76.0
8262 76.0
8263 76.0
8264 76.0
8265 76.0
8266 76.0
8267 76.0
8268 76.0
8269 76.0
8270 76.0
8271 76.0
8272 76.0
8273 76.0
8274 76.0
8275 76.0
8276 76.0
8277 76.0
8278 76.0
8279 76.0
8280 76.0
8281 76.0
8282 76.0
8283 76.0
8284 76.0
8285 76.0
8286 76.0
8287 76.0
8288 76.0
8289 76.0
8290 76.0
8291 76.0
8292 76.0
8293 76.0
8294 76.0
8295 76.0
8296 76.0
8297 76.0
8298 76.0
8299 76.0
8300 76.0
8301 76.0
8302 76.0
8303 76.0
8304 76.0
8305 76.0
8306 76.0
8307 76.0
8308 76.0
8309 76.0
8310 76.0
8311 76.0
8312 76.0
8313 76.0
8314 76.0
8315 76.0
8316 76.0
8317 76.0
8318 76.0
8319 76.0
8320 76.0
8321 76.0
8322 76.0
8323 76.0
8324 76.0
8325 76.0
8326 76.0
8327 76.0
8328 76.0
8329 76.0
8330 76.0
8331 76.0
8332 76.0
8333 76.0
8334 76.0
8335 76.0
8336 76.0
8337 76.0
8338 76.0
8339 76.0
8340 76.0
8341 76.0
8342 76.0
8343 76.0
8344 76.0
8345 76.0
8346 76.0
8347 76.0
8348 76.0
8349 76.0
8350 76.0
8351 76.0
8352 76.0
8353 76.0
8354 76.0
8355 76.0
8356 76.0
8357 76.0
8358 76.0
8359 76.0
8360 76.0
8361 76.0
8362 76.0
8363 76.0
8364 76.0
8365 76.0
8366 76.0
8367 76.0
8368 76.0
8369 76.0
8370 76.0
8371 76.0
8372 76.0
8373 76.0
8374 76.0
8375 76.0
8376 76.0
8377 76.0
8378 76.0
8379 76.0
8380 76.0
8381 76.0
8382 76.0
8383 76.0
8384 76.0
8385 76.0
8386 76.0
8387 76.0
8388 76.0
8389 76.0
8390 76.0
8391 76.0
8392 76.0
8393 76.0
8394 76.0
8395 76.0
8396 76.0
8397 76.0
8398 76.0
8399 76.0
8400 76.0
8401 76.0
8402 76.0
8403 76.0
8404 76.0
8405 76.0
8406 76.0
8407 76.0
8408 76.0
8409 76.0
8410 76.0
8411 76.0
8412 76.0
8413 76.0
8414 76.0
8415 76.0
8416 76.0
8417 76.0
8418 76.0
8419 76.0
8420 76.0
8421 76.0
8422 76.0
8423 76.0
8424 76.0
8425 76.0
8426 76.0
8427 76.0
8428 76.0
8429 76.0
8430 76.0
8431 76.0
8432 76.0
8433 76.0
8434 76.0
8435 76.0
8436 76.0
8437 76.0
8438 76.0
8439 76.0
8440 76.0
8441 76.0
8442 76.0
8443 76.0
8444 76.0
8445 76.0
8446 76.0
8447 76.0
8448 76.0
8449 76.0
8450 76.0
8451 76.0
8452 76.0
8453 76.0
8454 76.0
8455 76.0
8456 76.0
8457 76.0
8458 76.0
8459 76.0
8460 76.0
8461 76.0
8462 76.0
8463 76.0
8464 76.0
8465 76.0
8466 76.0
8467 76.0
8468 76.0
8469 76.0
8470 76.0
8471 76.0
8472 76.0
8473 76.0
8474 76.0
8475 76.0
8476 76.0
8477 76.0
8478 76.0
8479 76.0
8480 76.0
8481 76.0
8482 76.0
8483 76.0
8484 76.0
8485 76.0
8486 76.0
8487 76.0
8488 76.0
8489 76.0
8490 76.0
8491 76.0
8492 76.0
8493 76.0
8494 76.0
8495 76.0
8496 76.0
8497 76.0
8498 76.0
8499 76.0
8500 76.0
8501 76.0
8502 76.0
8503 76.0
8504 76.0
8505 76.0
8506 76.0
8507 76.0
8508 76.0
8509 76.0
8510 76.0
8511 76.0
8512 76.0
8513 76.0
8514 76.0
8515 76.0
8516 76.0
8517 76.0
8518 76.0
8519 76.0
8520 76.0
8521 76.0
8522 76.0
8523 76.0
8524 76.0
8525 76.0
8526 76.0
8527 76.0
8528 76.0
8529 76.0
8530 76.0
8531 76.0
8532 76.0
8533 76.0
8534 76.0
8535 76.0
8536 76.0
8537 76.0
8538 76.0
8539 76.0
8540 76.0
8541 76.0
8542 76.0
8543 76.0
8544 76.0
8545 76.0
8546 76.0
8547 76.0
8548 76.0
8549 76.0
8550 76.0
8551 76.0
8552 76.0
8553 76.0
8554 76.0
8555 76.0
8556 76.0
8557 76.0
8558 76.0
8559 76.0
8560 76.0
8561 76.0
8562 76.0
8563 76.0
8564 76.0
8565 76.0
8566 76.0
8567 76.0
8568 76.0
8569 76.0
8570 76.0
8571 76.0
8572 76.0
8573 76.0
8574 76.0
8575 76.0
8576 76.0
8577 76.0
8578 76.0
8579 76.0
8580 76.0
8581 76.0
8582 76.0
8583 76.0
8584 76.0
8585 76.0
8586 76.0
8587 76.0
8588 76.0
8589 76.0
8590 76.0
8591 76.0
8592 76.0
8593 76.0
8594 76.0
8595 76.0
8596 76.0
8597 76.0
8598 76.0
8599 76.0
8600 76.0
8601 76.0
8602 76.0
8603 76.0
8604 76.0
8605 76.0
8606 76.0
8607 76.0
8608 76.0
8609 76.0
8610 76.0
8611 76.0
8612 76.0
8613 76.0
8614 76.0
8615 76.0
8616 76.0
8617 76.0
8618 76.0
8619 76.0
8620 76.0
8621 76.0
8622 76.0
8623 76.0
8624 76.0
8625 76.0
8626 76.0
8627 76.0
8628 76.0
8629 76.0
8630 76.0
8631 76.0
8632 76.0
8633 76.0
8634 76.0
8635 76.0
8636 76.0
8637 76.0
8638 76.0
8639 76.0
8640 76.0
8641 76.0
8642 76.0
8643 76.0
8644 76.0
8645 76.0
8646 76.0
8647 76.0
8648 76.0
8649 76.0
8650 76.0
8651 76.0
8652 76.0
8653 76.0
8654 76.0
8655 76.0
8656 76.0
8657 76.0
8658 76.0
8659 76.0
8660 76.0
8661 76.0
8662 76.0
8663 76.0
8664 76.0
8665 76.0
8666 76.0
8667 76.0
8668 76.0
8669 76.0
8670 76.0
8671 76.0
8672 76.0
8673 76.0
8674 76.0
8675 76.0
8676 76.0
8677 76.0
8678 76.0
8679 76.0
8680 76.0
8681 76.0
8682 76.0
8683 76.0
8684 76.0
8685 76.0
8686 76.0
8687 76.0
8688 76.0
8689 76.0
8690 76.0
8691 76.0
8692 76.0
8693 76.0
8694 76.0
8695 76.0
8696 76.0
8697 76.0
8698 76.0
8699 76.0
8700 76.0
8701 76.0
8702 76.0
8703 76.0
8704 76.0
8705 76.0
8706 76.0
8707 76.0
8708 76.0
8709 76.0
8710 76.0
8711 76.0
8712 76.0
8713 76.0
8714 76.0
8715 76.0
8716 76.0
8717 76.0
8718 76.0
8719 76.0
8720 76.0
8721 76.0
8722 76.0
8723 76.0
8724 76.0
8725 76.0
8726 76.0
8727 76.0
8728 76.0
8729 76.0
8730 76.0
8731 76.0
8732 76.0
8733 76.0
8734 76.0
8735 76.0
8736 76.0
8737 76.0
8738 76.0
8739 76.0
8740 76.0
8741 76.0
8742 76.0
8743 76.0
8744 76.0
8745 76.0
8746 76.0
8747 76.0
8748 76.0
8749 76.0
8750 76.0
8751 76.0
8752 76.0
8753 76.0
8754 76.0
8755 76.0
8756 76.0
8757 76.0
8758 76.0
8759 76.0
8760 76.0
8761 76.0
8762 76.0
8763 76.0
8764 76.0
8765 76.0
8766 76.0
8767 76.0
8768 76.0
8769 76.0
8770 76.0
8771 76.0
8772 76.0
8773 76.0
8774 76.0
8775 76.0
8776 76.0
8777 76.0
8778 76.0
8779 76.0
8780 76.0
8781 76.0
8782 76.0
8783 76.0
8784 76.0
8785 76.0
8786 76.0
8787 76.0
8788 76.0
8789 76.0
8790 76.0
8791 76.0
8792 76.0
8793 76.0
8794 76.0
8795 76.0
8796 76.0
8797 76.0
8798 76.0
8799 76.0
8800 76.0
8801 76.0
8802 76.0
8803 76.0
8804 76.0
8805 76.0
8806 76.0
8807 76.0
8808 76.0
8809 76.0
8810 76.0
8811 76.0
8812 76.0
8813 76.0
8814 76.0
8815 76.0
8816 76.0
8817 76.0
8818 76.0
8819 76.0
8820 76.0
8821 76.0
8822 76.0
8823 76.0
8824 76.0
8825 76.0
8826 76.0
8827 76.0
8828 76.0
8829 76.0
8830 76.0
8831 76.0
8832 76.0
8833 76.0
8834 76.0
8835 76.0
8836 76.0
8837 76.0
8838 76.0
8839 76.0
8840 76.0
8841 76.0
8842 76.0
8843 76.0
8844 76.0
8845 76.0
8846 76.0
8847 76.0
8848 76.0
8849 76.0
8850 76.0
8851 76.0
8852 76.0
8853 76.0
8854 76.0
8855 76.0
8856 76.0
8857 76.0
8858 76.0
8859 76.0
8860 76.0
8861 76.0
8862 76.0
8863 76.0
8864 76.0
8865 76.0
8866 76.0
8867 76.0
8868 76.0
8869 76.0
8870 76.0
8871 76.0
8872 76.0
8873 76.0
8874 76.0
8875 76.0
8876 76.0
8877 76.0
8878 76.0
8879 76.0
8880 76.0
8881 76.0
8882 76.0
8883 76.0
8884 76.0
8885 76.0
8886 76.0
8887 76.0
8888 76.0
8889 76.0
8890 76.0
8891 76.0
8892 76.0
8893 76.0
8894 76.0
8895 76.0
8896 76.0
8897 76.0
8898 76.0
8899 76.0
8900 76.0
8901 76.0
8902 76.0
8903 76.0
8904 76.0
8905 76.0
8906 76.0
8907 76.0
8908 76.0
8909 76.0
8910 76.0
8911 76.0
8912 76.0
8913 76.0
8914 76.0
8915 76.0
8916 76.0
8917 76.0
8918 76.0
8919 76.0
8920 76.0
8921 76.0
8922 76.0
8923 76.0
8924 76.0
8925 76.0
8926 76.0
8927 76.0
8928 76.0
8929 76.0
8930 76.0
8931 76.0
8932 76.0
8933 76.0
8934 76.0
8935 76.0
8936 76.0
8937 76.0
8938 76.0
8939 76.0
8940 76.0
8941 76.0
8942 76.0
8943 76.0
8944 76.0
8945 76.0
8946 76.0
8947 76.0
8948 76.0
8949 76.0
8950 76.0
8951 76.0
8952 76.0
8953 76.0
8954 76.0
8955 76.0
8956 76.0
8957 76.0
8958 76.0
8959 76.0
8960 76.0
8961 76.0
8962 76.0
8963 76.0
8964 76.0
8965 76.0
8966 76.0
8967 76.0
8968 76.0
8969 76.0
8970 76.0
8971 76.0
8972 76.0
8973 76.0
8974 76.0
8975 76.0
8976 76.0
8977 76.0
8978 76.0
8979 76.0
8980 76.0
8981 76.0
8982 76.0
8983 76.0
8984 76.0
8985 76.0
8986 76.0
8987 76.0
8988 76.0
8989 76.0
8990 76.0
8991 76.0
8992 76.0
8993 76.0
8994 76.0
8995 76.0
8996 76.0
8997 76.0
8998 76.0
8999 76.0
9000 76.0
9001 76.0
9002 76.0
9003 76.0
9004 76.0
9005 76.0
9006 76.0
9007 76.0
9008 76.0
9009 76.0
9010 76.0
9011 76.0
9012 76.0
9013 76.0
9014 76.0
9015 76.0
9016 76.0
9017 76.0
9018 76.0
9019 76.0
9020 76.0
9021 76.0
9022 76.0
9023 76.0
9024 76.0
9025 76.0
9026 76.0
9027 76.0
9028 76.0
9029 76.0
9030 76.0
9031 76.0
9032 76.0
9033 76.0
9034 76.0
9035 76.0
9036 76.0
9037 76.0
9038 76.0
9039 76.0
9040 76.0
9041 76.0
9042 76.0
9043 76.0
9044 76.0
9045 76.0
9046 76.0
9047 76.0
9048 76.0
9049 76.0
9050 76.0
9051 76.0
9052 76.0
9053 76.0
9054 76.0
9055 76.0
9056 76.0
9057 76.0
9058 76.0
9059 76.0
9060 76.0
9061 76.0
9062 76.0
9063 76.0
9064 76.0
9065 76.0
9066 76.0
9067 76.0
9068 76.0
9069 76.0
9070 76.0
9071 76.0
9072 76.0
9073 76.0
9074 76.0
9075 76.0
9076 76.0
9077 76.0
9078 76.0
9079 76.0
9080 76.0
9081 76.0
9082 76.0
9083 76.0
9084 76.0
9085 76.0
9086 76.0
9087 76.0
9088 76.0
9089 76.0
9090 76.0
9091 76.0
9092 76.0
9093 76.0
9094 76.0
9095 76.0
9096 76.0
9097 76.0
9098 76.0
9099 76.0
9100 76.0
9101 76.0
9102 76.0
9103 76.0
9104 76.0
9105 76.0
9106 76.0
9107 76.0
9108 76.0
9109 76.0
9110 76.0
9111 76.0
9112 76.0
9113 76.0
9114 76.0
9115 76.0
9116 76.0
9117 76.0
9118 76.0
9119 76.0
9120 76.0
9121 76.0
9122 76.0
9123 76.0
9124 76.0
9125 76.0
9126 76.0
9127 76.0
9128 76.0
9129 76.0
9130 76.0
9131 76.0
9132 76.0
9133 76.0
9134 76.0
9135 76.0
9136 76.0
9137 76.0
9138 76.0
9139 76.0
9140 76.0
9141 76.0
9142 76.0
9143 76.0
9144 76.0
9145 76.0
9146 76.0
9147 76.0
9148 76.0
9149 76.0
9150 76.0
9151 76.0
9152 76.0
9153 76.0
9154 76.0
9155 76.0
9156 76.0
9157 76.0
9158 76.0
9159 76.0
9160 76.0
9161 76.0
9162 76.0
9163 76.0
9164 76.0
9165 76.0
9166 76.0
9167 76.0
9168 76.0
9169 76.0
9170 76.0
9171 76.0
9172 76.0
9173 76.0
9174 76.0
9175 76.0
9176 76.0
9177 76.0
9178 76.0
9179 76.0
9180 76.0
9181 76.0
9182 76.0
9183 76.0
9184 76.0
9185 76.0
9186 76.0
9187 76.0
9188 76.0
9189 76.0
9190 76.0
9191 76.0
9192 76.0
9193 76.0
9194 76.0
9195 76.0
9196 76.0
9197 76.0
9198 76.0
9199 76.0
9200 76.0
9201 76.0
9202 76.0
9203 76.0
9204 76.0
9205 76.0
9206 76.0
9207 76.0
9208 76.0
9209 76.0
9210 76.0
9211 76.0
9212 76.0
9213 76.0
9214 76.0
9215 76.0
9216 76.0
9217 76.0
9218 76.0
9219 76.0
9220 76.0
9221 76.0
9222 76.0
9223 76.0
9224 76.0
9225 76.0
9226 76.0
9227 76.0
9228 76.0
9229 76.0
9230 76.0
9231 76.0
9232 76.0
9233 76.0
9234 76.0
9235 76.0
9236 76.0
9237 76.0
9238 76.0
9239 76.0
9240 76.0
9241 76.0
9242 76.0
9243 76.0
9244 76.0
9245 76.0
9246 76.0
9247 76.0
9248 76.0
9249 76.0
9250 76.0
9251 76.0
9252 76.0
9253 76.0
9254 76.0
9255 76.0
9256 76.0
9257 76.0
9258 76.0
9259 76.0
9260 76.0
9261 76.0
9262 76.0
9263 76.0
9264 76.0
9265 76.0
9266 76.0
9267 76.0
9268 76.0
9269 76.0
9270 76.0
9271 76.0
9272 76.0
9273 76.0
9274 76.0
9275 76.0
9276 76.0
9277 76.0
9278 76.0
9279 76.0
9280 76.0
9281 76.0
9282 76.0
9283 76.0
9284 76.0
9285 76.0
9286 76.0
9287 76.0
9288 76.0
9289 76.0
9290 76.0
9291 76.0
9292 76.0
9293 76.0
9294 76.0
9295 76.0
9296 76.0
9297 76.0
9298 76.0
9299 76.0
9300 76.0
9301 76.0
9302 76.0
9303 76.0
9304 76.0
9305 76.0
9306 76.0
9307 76.0
9308 76.0
9309 76.0
9310 76.0
9311 76.0
9312 76.0
9313 76.0
9314 76.0
9315 76.0
9316 76.0
9317 76.0
9318 76.0
9319 76.0
9320 76.0
9321 76.0
9322 76.0
9323 76.0
9324 76.0
9325 76.0
9326 76.0
9327 76.0
9328 76.0
9329 76.0
9330 76.0
9331 76.0
9332 76.0
9333 76.0
9334 76.0
9335 76.0
9336 76.0
9337 76.0
9338 76.0
9339 76.0
9340 76.0
9341 76.0
9342 76.0
9343 76.0
9344 76.0
9345 76.0
9346 76.0
9347 76.0
9348 76.0
9349 76.0
9350 76.0
9351 76.0
9352 76.0
9353 76.0
9354 76.0
9355 76.0
9356 76.0
9357 76.0
9358 76.0
9359 76.0
9360 76.0
9361 76.0
9362 76.0
9363 76.0
9364 76.0
9365 76.0
9366 76.0
9367 76.0
9368 76.0
9369 76.0
9370 76.0
9371 76.0
9372 76.0
9373 76.0
9374 76.0
9375 76.0
9376 76.0
9377 76.0
9378 76.0
9379 76.0
9380 76.0
9381 76.0
9382 76.0
9383 76.0
9384 76.0
9385 76.0
9386 76.0
9387 76.0
9388 76.0
9389 76.0
9390 76.0
9391 76.0
9392 76.0
9393 76.0
9394 76.0
9395 76.0
9396 76.0
9397 76.0
9398 76.0
9399 76.0
9400 76.0
9401 76.0
9402 76.0
9403 76.0
9404 76.0
9405 76.0
9406 76.0
9407 76.0
9408 76.0
9409 76.0
9410 76.0
9411 76.0
9412 76.0
9413 76.0
9414 76.0
9415 76.0
9416 76.0
9417 76.0
9418 76.0
9419 76.0
9420 76.0
9421 76.0
9422 76.0
9423 76.0
9424 76.0
9425 76.0
9426 76.0
9427 76.0
9428 76.0
9429 76.0
9430 76.0
9431 76.0
9432 76.0
9433 76.0
9434 76.0
9435 76.0
9436 76.0
9437 76.0
9438 76.0
9439 76.0
9440 76.0
9441 76.0
9442 76.0
9443 76.0
9444 76.0
9445 76.0
9446 76.0
9447 76.0
9448 76.0
9449 76.0
9450 76.0
9451 76.0
9452 76.0
9453 76.0
9454 76.0
9455 76.0
9456 76.0
9457 76.0
9458 76.0
9459 76.0
9460 76.0
9461 76.0
9462 76.0
9463 76.0
9464 76.0
9465 76.0
9466 76.0
9467 76.0
9468 76.0
9469 76.0
9470 76.0
9471 76.0
9472 76.0
9473 76.0
9474 76.0
9475 76.0
9476 76.0
9477 76.0
9478 76.0
9479 76.0
9480 76.0
9481 76.0
9482 76.0
9483 76.0
9484 76.0
9485 76.0
9486 76.0
9487 76.0
9488 76.0
9489 76.0
9490 76.0
9491 76.0
9492 76.0
9493 76.0
9494 76.0
9495 76.0
9496 76.0
9497 76.0
9498 76.0
9499 76.0
9500 76.0
9501 76.0
9502 76.0
9503 76.0
9504 76.0
9505 76.0
9506 76.0
9507 76.0
9508 76.0
9509 76.0
9510 76.0
9511 76.0
9512 76.0
9513 76.0
9514 76.0
9515 76.0
9516 76.0
9517 76.0
9518 76.0
9519 76.0
9520 76.0
9521 76.0
9522 76.0
9523 76.0
9524 76.0
9525 76.0
9526 76.0
9527 76.0
9528 76.0
9529 76.0
9530 76.0
9531 76.0
9532 76.0
9533 76.0
9534 76.0
9535 76.0
9536 76.0
9537 76.0
9538 76.0
9539 76.0
9540 76.0
9541 76.0
9542 76.0
9543 76.0
9544 76.0
9545 76.0
9546 76.0
9547 76.0
9548 76.0
9549 76.0
9550 76.0
9551 76.0
9552 76.0
9553 76.0
9554 76.0
9555 76.0
9556 76.0
9557 76.0
9558 76.0
9559 76.0
9560 76.0
9561 76.0
9562 76.0
9563 76.0
9564 76.0
9565 76.0
9566 76.0
9567 76.0
9568 76.0
9569 76.0
9570 76.0
9571 76.0
9572 76.0
9573 76.0
9574 76.0
9575 76.0
9576 76.0
9577 76.0
9578 76.0
9579 76.0
9580 76.0
9581 76.0
9582 76.0
9583 76.0
9584 76.0
9585 76.0
9586 76.0
9587 76.0
9588 76.0
9589 76.0
9590 76.0
9591 76.0
9592 76.0
9593 76.0
9594 76.0
9595 76.0
9596 76.0
9597 76.0
9598 76.0
9599 76.0
9600 76.0
9601 76.0
9602 76.0
9603 76.0
9604 76.0
9605 76.0
9606 76.0
9607 76.0
9608 76.0
9609 76.0
9610 76.0
9611 76.0
9612 76.0
9613 76.0
9614 76.0
9615 76.0
9616 76.0
9617 76.0
9618 76.0
9619 76.0
9620 76.0
9621 76.0
9622 76.0
9623 76.0
9624 76.0
9625 76.0
9626 76.0
9627 76.0
9628 76.0
9629 76.0
9630 76.0
9631 76.0
9632 76.0
9633 76.0
9634 76.0
9635 76.0
9636 76.0
9637 76.0
9638 76.0
9639 76.0
9640 76.0
9641 76.0
9642 76.0
9643 76.0
9644 76.0
9645 76.0
9646 76.0
9647 76.0
9648 76.0
9649 76.0
9650 76.0
9651 76.0
9652 76.0
9653 76.0
9654 76.0
9655 76.0
9656 76.0
9657 76.0
9658 76.0
9659 76.0
9660 76.0
9661 76.0
9662 76.0
9663 76.0
9664 76.0
9665 76.0
9666 76.0
9667 76.0
9668 76.0
9669 76.0
9670 76.0
9671 76.0
9672 76.0
9673 76.0
9674 76.0
9675 76.0
9676 76.0
9677 76.0
9678 76.0
9679 76.0
9680 76.0
9681 76.0
9682 76.0
9683 76.0
9684 76.0
9685 76.0
9686 76.0
9687 76.0
9688 76.0
9689 76.0
9690 76.0
9691 76.0
9692 76.0
9693 76.0
9694 76.0
9695 76.0
9696 76.0
9697 76.0
9698 76.0
9699 76.0
9700 76.0
9701 76.0
9702 76.0
9703 76.0
9704 76.0
9705 76.0
9706 76.0
9707 76.0
9708 76.0
9709 76.0
9710 76.0
9711 76.0
9712 76.0
9713 76.0
9714 76.0
9715 76.0
9716 76.0
9717 76.0
9718 76.0
9719 76.0
9720 76.0
9721 76.0
9722 76.0
9723 76.0
9724 76.0
9725 76.0
9726 76.0
9727 76.0
9728 76.0
9729 76.0
9730 76.0
9731 76.0
9732 76.0
9733 76.0
9734 76.0
9735 76.0
9736 76.0
9737 76.0
9738 76.0
9739 76.0
9740 76.0
9741 76.0
9742 76.0
9743 76.0
9744 76.0
9745 76.0
9746 76.0
9747 76.0
9748 76.0
9749 76.0
9750 76.0
9751 76.0
9752 76.0
9753 76.0
9754 76.0
9755 76.0
9756 76.0
9757 76.0
9758 76.0
9759 76.0
9760 76.0
9761 76.0
9762 76.0
9763 76.0
9764 76.0
9765 76.0
9766 76.0
9767 76.0
9768 76.0
9769 76.0
9770 76.0
9771 76.0
9772 76.0
9773 76.0
9774 76.0
9775 76.0
9776 76.0
9777 76.0
9778 76.0
9779 76.0
9780 76.0
9781 76.0
9782 76.0
9783 76.0
9784 76.0
9785 76.0
9786 76.0
9787 76.0
9788 76.0
9789 76.0
9790 76.0
9791 76.0
9792 76.0
9793 76.0
9794 76.0
9795 76.0
9796 76.0
9797 76.0
9798 76.0
9799 76.0
9800 76.0
9801 76.0
9802 76.0
9803 76.0
9804 76.0
9805 76.0
9806 76.0
9807 76.0
9808 76.0
9809 76.0
9810 76.0
9811 76.0
9812 76.0
9813 76.0
9814 76.0
9815 76.0
9816 76.0
9817 76.0
9818 76.0
9819 76.0
9820 76.0
9821 76.0
9822 76.0
9823 76.0
9824 76.0
9825 76.0
9826 76.0
9827 76.0
9828 76.0
9829 76.0
9830 76.0
9831 76.0
9832 76.0
9833 76.0
9834 76.0
9835 76.0
9836 76.0
9837 76.0
9838 76.0
9839 76.0
9840 76.0
9841 76.0
9842 76.0
9843 76.0
9844 76.0
9845 76.0
9846 76.0
9847 76.0
9848 76.0
9849 76.0
9850 76.0
9851 76.0
9852 76.0
9853 76.0
9854 76.0
9855 76.0
9856 76.0
9857 76.0
9858 76.0
9859 76.0
9860 76.0
9861 76.0
9862 76.0
9863 76.0
9864 76.0
9865 76.0
9866 76.0
9867 76.0
9868 76.0
9869 76.0
9870 76.0
9871 76.0
9872 76.0
9873 76.0
9874 76.0
9875 76.0
9876 76.0
9877 76.0
9878 76.0
9879 76.0
9880 76.0
9881 76.0
9882 76.0
9883 76.0
9884 76.0
9885 76.0
9886 76.0
9887 76.0
9888 76.0
9889 76.0
9890 76.0
9891 76.0
9892 76.0
9893 76.0
9894 76.0
9895 76.0
9896 76.0
9897 76.0
9898 76.0
9899 76.0
9900 76.0
9901 76.0
9902 76.0
9903 76.0
9904 76.0
9905 76.0
9906 76.0
9907 76.0
9908 76.0
9909 76.0
9910 76.0
9911 76.0
9912 76.0
9913 76.0
9914 76.0
9915 76.0
9916 76.0
9917 76.0
9918 76.0
9919 76.0
9920 76.0
9921 76.0
9922 76.0
9923 76.0
9924 76.0
9925 76.0
9926 76.0
9927 76.0
9928 76.0
9929 76.0
9930 76.0
9931 76.0
9932 76.0
9933 76.0
9934 76.0
9935 76.0
9936 76.0
9937 76.0
9938 76.0
9939 76.0
9940 76.0
9941 76.0
9942 76.0
9943 76.0
9944 76.0
9945 76.0
9946 76.0
9947 76.0
9948 76.0
9949 76.0
9950 76.0
9951 76.0
9952 76.0
9953 76.0
9954 76.0
9955 76.0
9956 76.0
9957 76.0
9958 76.0
9959 76.0
9960 76.0
9961 76.0
9962 76.0
9963 76.0
9964 76.0
9965 76.0
9966 76.0
9967 76.0
9968 76.0
9969 76.0
9970 76.0
9971 76.0
9972 76.0
9973 76.0
9974 76.0
9975 76.0
9976 76.0
9977 76.0
9978 76.0
9979 76.0
9980 76.0
9981 76.0
9982 76.0
9983 76.0
9984 76.0
9985 76.0
9986 76.0
9987 76.0
9988 76.0
9989 76.0
9990 76.0
9991 76.0
9992 76.0
9993 76.0
9994 76.0
9995 76.0
9996 76.0
9997 76.0
9998 76.0
9999 76.0
10000 76.0
