evaluations raw_y
1 -393.0000000000
9 -392.0000000000
11 -391.0000000000
12 -390.0000000000
13 -388.0000000000
15 -387.0000000000
19 -386.0000000000
21 -385.0000000000
27 -383.0000000000
29 -382.0000000000
32 -381.0000000000
34 -380.0000000000
35 -379.0000000000
36 -378.0000000000
37 -377.0000000000
38 -376.0000000000
41 -375.0000000000
45 -374.0000000000
50 -373.0000000000
52 -372.0000000000
53 -371.0000000000
54 -370.0000000000
55 -369.0000000000
57 -368.0000000000
58 -367.0000000000
60 -366.0000000000
62 -365.0000000000
66 -364.0000000000
67 -363.0000000000
68 -361.0000000000
69 -360.0000000000
70 -358.0000000000
73 -357.0000000000
75 -356.0000000000
76 -355.0000000000
77 -354.0000000000
78 -353.0000000000
81 -352.0000000000
84 -351.0000000000
89 -350.0000000000
90 -349.0000000000
91 -348.0000000000
92 -347.0000000000
93 -346.0000000000
95 -345.0000000000
101 -344.0000000000
102 -342.0000000000
106 -341.0000000000
108 -340.0000000000
112 -339.0000000000
113 -338.0000000000
116 -337.0000000000
117 -336.0000000000
118 -335.0000000000
120 -334.0000000000
121 -333.0000000000
129 -332.0000000000
130 -329.0000000000
131 -326.0000000000
133 -325.0000000000
136 -324.0000000000
143 -323.0000000000
147 -321.0000000000
148 -320.0000000000
151 -319.0000000000
152 -318.0000000000
153 -317.0000000000
155 -316.0000000000
156 -314.0000000000
162 -313.0000000000
164 -312.0000000000
168 -311.0000000000
171 -310.0000000000
173 -309.0000000000
174 -308.0000000000
178 -307.0000000000
179 -306.0000000000
182 -304.0000000000
184 -302.0000000000
186 -300.0000000000
187 -299.0000000000
189 -298.0000000000
191 -297.0000000000
193 -296.0000000000
194 -295.0000000000
195 -294.0000000000
196 -293.0000000000
198 -292.0000000000
201 -291.0000000000
202 -290.0000000000
206 -289.0000000000
207 -288.0000000000
209 -287.0000000000
218 -286.0000000000
221 -285.0000000000
226 -284.0000000000
228 -283.0000000000
229 -282.0000000000
231 -281.0000000000
232 -280.0000000000
245 -279.0000000000
246 -278.0000000000
247 -277.0000000000
249 -276.0000000000
250 -275.0000000000
254 -274.0000000000
257 -273.0000000000
260 -272.0000000000
267 -271.0000000000
269 -270.0000000000
271 -269.0000000000
272 -267.0000000000
274 -266.0000000000
277 -265.0000000000
282 -264.0000000000
285 -263.0000000000
287 -262.0000000000
288 -261.0000000000
296 -260.0000000000
297 -259.0000000000
298 -257.0000000000
299 -256.0000000000
300 -255.0000000000
303 -254.0000000000
309 -253.0000000000
320 -252.0000000000
323 -251.0000000000
325 -249.0000000000
326 -248.0000000000
327 -247.0000000000
330 -245.0000000000
332 -244.0000000000
333 -243.0000000000
336 -242.0000000000
339 -241.0000000000
350 -240.0000000000
353 -239.0000000000
358 -238.0000000000
360 -236.0000000000
367 -235.0000000000
371 -234.0000000000
374 -233.0000000000
375 -232.0000000000
382 -231.0000000000
386 -230.0000000000
390 -229.0000000000
392 -228.0000000000
394 -227.0000000000
395 -226.0000000000
396 -225.0000000000
397 -224.0000000000
400 -223.0000000000
401 -222.0000000000
408 -221.0000000000
422 -218.0000000000
434 -217.0000000000
435 -216.0000000000
440 -215.0000000000
443 -214.0000000000
453 -213.0000000000
463 -212.0000000000
467 -210.0000000000
474 -209.0000000000
478 -208.0000000000
480 -207.0000000000
481 -206.0000000000
482 -205.0000000000
489 -204.0000000000
492 -203.0000000000
493 -202.0000000000
494 -201.0000000000
498 -200.0000000000
501 -199.0000000000
505 -197.0000000000
506 -196.0000000000
510 -195.0000000000
511 -194.0000000000
517 -193.0000000000
522 -191.0000000000
525 -189.0000000000
527 -188.0000000000
531 -187.0000000000
536 -186.0000000000
539 -185.0000000000
553 -183.0000000000
557 -182.0000000000
560 -181.0000000000
565 -180.0000000000
575 -179.0000000000
579 -178.0000000000
580 -177.0000000000
582 -176.0000000000
587 -175.0000000000
589 -174.0000000000
594 -173.0000000000
595 -172.0000000000
616 -171.0000000000
617 -170.0000000000
618 -169.0000000000
622 -168.0000000000
628 -167.0000000000
635 -165.0000000000
642 -164.0000000000
670 -163.0000000000
672 -162.0000000000
695 -160.0000000000
697 -159.0000000000
699 -158.0000000000
717 -157.0000000000
724 -155.0000000000
733 -154.0000000000
742 -153.0000000000
746 -152.0000000000
780 -151.0000000000
781 -150.0000000000
782 -149.0000000000
783 -148.0000000000
786 -147.0000000000
800 -146.0000000000
810 -145.0000000000
816 -144.0000000000
825 -143.0000000000
835 -142.0000000000
836 -141.0000000000
841 -140.0000000000
848 -139.0000000000
850 -138.0000000000
880 -136.0000000000
888 -135.0000000000
895 -134.0000000000
900 -133.0000000000
903 -132.0000000000
907 -131.0000000000
912 -130.0000000000
918 -129.0000000000
921 -128.0000000000
924 -127.0000000000
927 -126.0000000000
928 -125.0000000000
935 -124.0000000000
938 -123.0000000000
939 -122.0000000000
955 -121.0000000000
957 -120.0000000000
963 -119.0000000000
979 -118.0000000000
991 -117.0000000000
995 -116.0000000000
997 -115.0000000000
1008 -114.0000000000
1024 -113.0000000000
1025 -112.0000000000
1036 -111.0000000000
1042 -110.0000000000
1043 -109.0000000000
1058 -107.0000000000
1068 -106.0000000000
1071 -105.0000000000
1083 -104.0000000000
1089 -103.0000000000
1102 -102.0000000000
1103 -101.0000000000
1107 -100.0000000000
1113 -99.0000000000
1117 -98.0000000000
1138 -97.0000000000
1149 -95.0000000000
1153 -94.0000000000
1160 -93.0000000000
1165 -92.0000000000
1167 -91.0000000000
1169 -90.0000000000
1173 -89.0000000000
1178 -88.0000000000
1182 -87.0000000000
1185 -86.0000000000
1233 -85.0000000000
1246 -84.0000000000
1247 -83.0000000000
1253 -82.0000000000
1292 -81.0000000000
1298 -80.0000000000
1303 -79.0000000000
1319 -78.0000000000
1323 -77.0000000000
1332 -76.0000000000
1339 -75.0000000000
1380 -74.0000000000
1406 -73.0000000000
1436 -72.0000000000
1468 -71.0000000000
1469 -70.0000000000
1482 -69.0000000000
1486 -68.0000000000
1499 -67.0000000000
1523 -66.0000000000
1530 -65.0000000000
1563 -64.0000000000
1565 -63.0000000000
1577 -62.0000000000
1579 -61.0000000000
1596 -59.0000000000
1599 -58.0000000000
1600 -57.0000000000
1602 -56.0000000000
1605 -55.0000000000
1623 -54.0000000000
1652 -53.0000000000
1659 -52.0000000000
1677 -51.0000000000
1684 -50.0000000000
1718 -49.0000000000
1737 -48.0000000000
1758 -47.0000000000
1779 -46.0000000000
1785 -45.0000000000
1790 -44.0000000000
1800 -43.0000000000
1810 -42.0000000000
1844 -41.0000000000
1869 -40.0000000000
1871 -39.0000000000
1902 -38.0000000000
1904 -37.0000000000
1917 -36.0000000000
1925 -35.0000000000
1948 -34.0000000000
1985 -33.0000000000
1996 -32.0000000000
2005 -31.0000000000
2012 -30.0000000000
2033 -29.0000000000
2070 -28.0000000000
2103 -27.0000000000
2121 -26.0000000000
2152 -25.0000000000
2169 -24.0000000000
2170 -23.0000000000
2218 -22.0000000000
2221 -21.0000000000
2282 -20.0000000000
2358 -19.0000000000
2375 -18.0000000000
2386 -17.0000000000
2414 -16.0000000000
2434 -15.0000000000
2490 -14.0000000000
2523 -13.0000000000
2529 -12.0000000000
2532 -11.0000000000
2573 -10.0000000000
2651 -9.0000000000
2653 -8.0000000000
2798 -7.0000000000
2849 -6.0000000000
2992 -5.0000000000
3038 -4.0000000000
3100 -3.0000000000
3115 -2.0000000000
3123 -1.0000000000
3314 595.0000000000
3338 598.0000000000
4652 605.0000000000
5068 607.0000000000
5359 610.0000000000
6091 617.0000000000
6577 632.0000000000
7070 637.0000000000
7151 648.0000000000
8475 655.0000000000
10000 -1.0000000000
