# evaluation best
1 31.0
2 31.0
3 31.0
4 31.0
5 31.0
6 31.0
7 31.0
8 31.0
9 31.0
10 31.0
11 31.0
12 31.0
13 31.0
14 31.0
15 31.0
16 31.0
17 31.0
18 42.0
19 42.0
20 42.0
21 42.0
22 42.0
23 42.0
24 42.0
25 42.0
26 42.0
27 42.0
28 42.0
29 42.0
30 42.0
31 42.0
32 42.0
33 42.0
34 42.0
35 42.0
36 42.0
37 42.0
38 42.0
39 42.0
40 42.0
41 42.0
42 42.0
43 42.0
44 42.0
45 42.0
46 42.0
47 42.0
48 42.0
49 42.0
50 42.0
51 42.0
52 42.0
53 45.0
54 45.0
55 45.0
56 45.0
57 45.0
58 45.0
59 45.0
60 45.0
61 45.0
62 45.0
63 45.0
64 45.0
65 45.0
66 45.0
67 45.0
68 45.0
69 45.0
70 45.0
71 45.0
72 45.0
73 45.0
74 45.0
75 45.0
76 45.0
77 45.0
78 45.0
79 45.0
80 45.0
81 45.0
82 45.0
83 45.0
84 45.0
85 45.0
86 45.0
87 45.0
88 45.0
89 45.0
90 45.0
91 45.0
92 45.0
93 45.0
94 45.0
95 45.0
96 45.0
97 45.0
98 45.0
99 45.0
100 45.0
101 45.0
102 45.0
103 45.0
104 45.0
105 45.0
106 45.0
107 45.0
108 45.0
109 45.0
110 45.0
111 45.0
112 45.0
113 45.0
114 45.0
115 45.0
116 45.0
117 45.0
118 45.0
119 45.0
120 45.0
121 45.0
122 45.0
123 45.0
124 45.0
125 45.0
126 45.0
127 45.0
128 45.0
129 45.0
130 45.0
131 45.0
132 45.0
133 45.0
134 45.0
135 45.0
136 45.0
137 45.0
138 45.0
139 45.0
140 45.0
141 45.0
142 45.0
143 45.0
144 45.0
145 45.0
146 45.0
147 45.0
148 45.0
149 45.0
150 45.0
151 45.0
152 45.0
153 45.0
154 45.0
155 45.0
156 45.0
157 45.0
158 45.0
159 45.0
160 45.0
161 45.0
162 45.0
163 45.0
164 45.0
165 45.0
166 45.0
167 45.0
168 45.0
169 45.0
170 45.0
171 45.0
172 45.0
173 45.0
174 45.0
175 45.0
176 45.0
177 45.0
178 45.0
179 45.0
180 45.0
181 45.0
182 45.0
183 45.0
184 45.0
185 45.0
186 45.0
187 45.0
188 45.0
189 45.0
190 45.0
191 45.0
192 45.0
193 45.0
194 45.0
195 45.0
196 45.0
197 45.0
198 45.0
199 45.0
200 45.0
201 45.0
202 45.0
203 45.0
204 45.0
205 45.0
206 45.0
207 45.0
208 47.0
209 47.0
210 47.0
211 47.0
212 47.0
213 47.0
214 47.0
215 47.0
216 47.0
217 47.0
218 47.0
219 47.0
220 47.0
221 47.0
222 47.0
223 47.0
224 51.0
225 51.0
226 51.0
227 51.0
228 51.0
229 51.0
230 51.0
231 51.0
232 51.0
233 51.0
234 51.0
235 51.0
236 51.0
237 51.0
238 51.0
239 51.0
240 51.0
241 51.0
242 51.0
243 51.0
244 51.0
245 51.0
246 51.0
247 51.0
248 51.0
249 51.0
250 51.0
251 51.0
252 51.0
253 51.0
254 51.0
255 51.0
256 51.0
257 53.0
258 53.0
259 53.0
260 53.0
261 53.0
262 53.0
263 53.0
264 53.0
265 53.0
266 53.0
267 53.0
268 53.0
269 53.0
270 53.0
271 53.0
272 53.0
273 53.0
274 53.0
275 53.0
276 53.0
277 53.0
278 53.0
279 53.0
280 53.0
281 53.0
282 53.0
283 53.0
284 53.0
285 53.0
286 53.0
287 53.0
288 53.0
289 53.0
290 53.0
291 53.0
292 53.0
293 53.0
294 53.0
295 53.0
296 53.0
297 53.0
298 53.0
299 53.0
300 53.0
301 53.0
302 53.0
303 53.0
304 53.0
305 53.0
306 53.0
307 53.0
308 53.0
309 53.0
310 53.0
311 53.0
312 53.0
313 53.0
314 53.0
315 53.0
316 53.0
317 53.0
318 53.0
319 53.0
320 53.0
321 53.0
322 53.0
323 53.0
324 53.0
325 53.0
326 53.0
327 53.0
328 53.0
329 53.0
330 53.0
331 53.0
332 53.0
333 53.0
334 53.0
335 53.0
336 53.0
337 53.0
338 53.0
339 53.0
340 53.0
341 53.0
342 53.0
343 53.0
344 53.0
345 53.0
346 53.0
347 53.0
348 53.0
349 53.0
350 53.0
351 53.0
352 53.0
353 53.0
354 53.0
355 53.0
356 53.0
357 53.0
358 53.0
359 53.0
360 53.0
361 53.0
362 53.0
363 53.0
364 53.0
365 53.0
366 53.0
367 53.0
368 53.0
369 53.0
370 53.0
371 53.0
372 53.0
373 53.0
374 53.0
375 53.0
376 53.0
377 53.0
378 53.0
379 53.0
380 53.0
381 53.0
382 53.0
383 53.0
384 53.0
385 53.0
386 53.0
387 53.0
388 53.0
389 53.0
390 53.0
391 53.0
392 53.0
393 53.0
394 53.0
395 53.0
396 53.0
397 53.0
398 53.0
399 53.0
400 53.0
401 53.0
402 53.0
403 53.0
404 53.0
405 53.0
406 53.0
407 53.0
408 53.0
409 53.0
410 53.0
411 53.0
412 53.0
413 53.0
414 53.0
415 53.0
416 53.0
417 53.0
418 53.0
419 53.0
420 53.0
421 53.0
422 53.0
423 53.0
424 53.0
425 53.0
426 53.0
427 53.0
428 53.0
429 53.0
430 53.0
431 53.0
432 53.0
433 53.0
434 53.0
435 53.0
436 53.0
437 53.0
438 53.0
439 53.0
440 53.0
441 53.0
442 53.0
443 53.0
444 53.0
445 53.0
446 53.0
447 53.0
448 53.0
449 53.0
450 53.0
451 53.0
452 53.0
453 53.0
454 53.0
455 53.0
456 53.0
457 53.0
458 53.0
459 53.0
460 53.0
461 53.0
462 53.0
463 53.0
464 53.0
465 53.0
466 53.0
467 53.0
468 53.0
469 53.0
470 53.0
471 53.0
472 53.0
473 53.0
474 53.0
475 53.0
476 53.0
477 53.0
478 53.0
479 53.0
480 53.0
481 53.0
482 53.0
483 53.0
484 53.0
485 53.0
486 53.0
487 53.0
488 53.0
489 53.0
490 53.0
491 53.0
492 53.0
493 53.0
494 53.0
495 53.0
496 53.0
497 53.0
498 53.0
499 53.0
500 53.0
501 53.0
502 53.0
503 53.0
504 53.0
505 53.0
506 53.0
507 53.0
508 53.0
509 53.0
510 53.0
511 55.0
512 55.0
513 55.0
514 55.0
515 55.0
516 55.0
517 55.0
518 55.0
519 55.0
520 55.0
521 55.0
522 55.0
523 55.0
524 55.0
525 55.0
526 55.0
527 55.0
528 55.0
529 55.0
530 55.0
531 55.0
532 55.0
533 55.0
534 55.0
535 55.0
536 55.0
537 55.0
538 55.0
539 55.0
540 55.0
541 55.0
542 55.0
543 55.0
544 55.0
545 55.0
546 55.0
547 55.0
548 55.0
549 55.0
550 55.0
551 55.0
552 55.0
553 55.0
554 55.0
555 55.0
556 55.0
557 55.0
558 55.0
559 55.0
560 55.0
561 55.0
562 55.0
563 55.0
564 55.0
565 55.0
566 55.0
567 55.0
568 55.0
569 55.0
570 55.0
571 55.0
572 55.0
573 55.0
574 55.0
575 55.0
576 55.0
577 55.0
578 55.0
579 55.0
580 55.0
581 55.0
582 55.0
583 55.0
584 55.0
585 55.0
586 55.0
587 55.0
588 55.0
589 55.0
590 55.0
591 55.0
592 55.0
593 55.0
594 55.0
595 55.0
596 55.0
597 55.0
598 55.0
599 55.0
600 55.0
601 55.0
602 55.0
603 55.0
604 55.0
605 55.0
606 55.0
607 55.0
608 55.0
609 55.0
610 55.0
611 55.0
612 55.0
613 55.0
614 55.0
615 55.0
616 55.0
617 55.0
618 55.0
619 55.0
620 55.0
621 55.0
622 55.0
623 55.0
624 55.0
625 55.0
626 55.0
627 55.0
628 55.0
629 55.0
630 55.0
631 55.0
632 55.0
633 55.0
634 55.0
635 55.0
636 55.0
637 55.0
638 55.0
639 55.0
640 55.0
641 55.0
642 55.0
643 55.0
644 55.0
645 55.0
646 55.0
647 55.0
648 55.0
649 55.0
650 55.0
651 55.0
652 56.0
653 56.0
654 56.0
655 56.0
656 56.0
657 56.0
658 56.0
659 56.0
660 56.0
661 56.0
662 56.0
663 56.0
664 56.0
665 56.0
666 56.0
667 56.0
668 56.0
669 56.0
670 56.0
671 56.0
672 56.0
673 56.0
674 56.0
675 56.0
676 56.0
677 56.0
678 56.0
679 56.0
680 56.0
681 56.0
682 56.0
683 56.0
684 56.0
685 56.0
686 56.0
687 56.0
688 56.0
689 56.0
690 56.0
691 56.0
692 56.0
693 56.0
694 56.0
695 56.0
696 56.0
697 56.0
698 56.0
699 56.0
700 56.0
701 56.0
702 56.0
703 56.0
704 56.0
705 56.0
706 56.0
707 56.0
708 56.0
709 56.0
710 56.0
711 56.0
712 56.0
713 56.0
714 56.0
715 56.0
716 56.0
717 56.0
718 56.0
719 56.0
720 56.0
721 56.0
722 56.0
723 56.0
724 56.0
725 56.0
726 56.0
727 56.0
728 56.0
729 56.0
730 56.0
731 56.0
732 56.0
733 56.0
734 56.0
735 56.0
736 56.0
737 56.0
738 56.0
739 56.0
740 56.0
741 56.0
742 56.0
743 56.0
744 56.0
745 56.0
746 56.0
747 56.0
748 56.0
749 56.0
750 56.0
751 56.0
752 58.0
753 58.0
754 58.0
755 58.0
756 58.0
757 58.0
758 58.0
759 58.0
760 58.0
761 58.0
762 58.0
763 58.0
764 58.0
765 58.0
766 58.0
767 58.0
768 58.0
769 58.0
770 58.0
771 58.0
772 58.0
773 58.0
774 58.0
775 58.0
776 58.0
777 58.0
778 58.0
779 58.0
780 58.0
781 58.0
782 58.0
783 58.0
784 58.0
785 58.0
786 58.0
787 58.0
788 58.0
789 58.0
790 58.0
791 58.0
792 58.0
793 58.0
794 58.0
795 58.0
796 58.0
797 58.0
798 58.0
799 58.0
800 58.0
801 58.0
802 58.0
803 58.0
804 58.0
805 58.0
806 58.0
807 58.0
808 58.0
809 58.0
810 58.0
811 58.0
812 58.0
813 58.0
814 58.0
815 58.0
816 58.0
817 58.0
818 58.0
819 58.0
820 58.0
821 58.0
822 58.0
823 58.0
824 58.0
825 58.0
826 58.0
827 58.0
828 58.0
829 58.0
830 58.0
831 58.0
832 58.0
833 58.0
834 58.0
835 58.0
836 58.0
837 58.0
838 58.0
839 58.0
840 58.0
841 58.0
842 58.0
843 58.0
844 58.0
845 58.0
846 58.0
847 58.0
848 58.0
849 58.0
850 58.0
851 58.0
852 58.0
853 58.0
854 58.0
855 58.0
856 58.0
857 58.0
858 58.0
859 58.0
860 58.0
861 58.0
862 58.0
863 58.0
864 58.0
865 58.0
866 58.0
867 58.0
868 58.0
869 58.0
870 58.0
871 58.0
872 58.0
873 58.0
874 58.0
875 58.0
876 58.0
877 58.0
878 58.0
879 58.0
880 58.0
881 58.0
882 58.0
883 58.0
884 58.0
885 58.0
886 58.0
887 58.0
888 58.0
889 58.0
890 58.0
891 58.0
892 58.0
893 58.0
894 58.0
895 58.0
896 58.0
897 58.0
898 58.0
899 58.0
900 58.0
901 58.0
902 58.0
903 58.0
904 58.0
905 58.0
906 58.0
907 58.0
908 58.0
909 58.0
910 58.0
911 58.0
912 58.0
913 58.0
914 58.0
915 58.0
916 58.0
917 58.0
918 58.0
919 58.0
920 58.0
921 58.0
922 58.0
923 58.0
924 58.0
925 58.0
926 58.0
927 58.0
928 58.0
929 58.0
930 58.0
931 58.0
932 58.0
933 58.0
934 58.0
935 58.0
936 58.0
937 58.0
938 58.0
939 58.0
940 58.0
941 58.0
942 58.0
943 58.0
944 58.0
945 58.0
946 58.0
947 58.0
948 58.0
949 58.0
950 58.0
951 58.0
952 58.0
953 58.0
954 58.0
955 58.0
956 58.0
957 58.0
958 58.0
959 58.0
960 58.0
961 58.0
962 58.0
963 58.0
964 58.0
965 58.0
966 58.0
967 58.0
968 58.0
969 58.0
970 58.0
971 58.0
972 58.0
973 58.0
974 58.0
975 58.0
976 58.0
977 58.0
978 58.0
979 58.0
980 58.0
981 58.0
982 58.0
983 58.0
984 58.0
985 58.0
986 58.0
987 58.0
988 58.0
989 58.0
990 58.0
991 58.0
992 58.0
993 58.0
994 58.0
995 58.0
996 58.0
997 58.0
998 58.0
999 58.0
1000 58.0
1001 58.0
1002 58.0
1003 58.0
1004 58.0
1005 58.0
1006 58.0
1007 58.0
1008 58.0
1009 58.0
1010 58.0
1011 58.0
1012 58.0
1013 58.0
1014 58.0
1015 58.0
1016 58.0
1017 58.0
1018 58.0
1019 58.0
1020 58.0
1021 58.0
1022 58.0
1023 58.0
1024 58.0
1025 58.0
1026 58.0
1027 58.0
1028 58.0
1029 58.0
1030 58.0
1031 58.0
1032 58.0
1033 58.0
1034 58.0
1035 58.0
1036 58.0
1037 58.0
1038 58.0
1039 58.0
1040 58.0
1041 58.0
1042 58.0
1043 58.0
1044 58.0
1045 58.0
1046 58.0
1047 58.0
1048 58.0
1049 58.0
1050 58.0
1051 58.0
1052 58.0
1053 58.0
1054 58.0
1055 58.0
1056 58.0
1057 58.0
1058 58.0
1059 58.0
1060 58.0
1061 58.0
1062 58.0
1063 58.0
1064 58.0
1065 58.0
1066 58.0
1067 58.0
1068 58.0
1069 58.0
1070 58.0
1071 58.0
1072 58.0
1073 58.0
1074 58.0
1075 58.0
1076 58.0
1077 58.0
1078 58.0
1079 58.0
1080 58.0
1081 58.0
1082 58.0
1083 58.0
1084 58.0
1085 58.0
1086 58.0
1087 58.0
1088 58.0
1089 58.0
1090 58.0
1091 58.0
1092 58.0
1093 58.0
1094 58.0
1095 58.0
1096 58.0
1097 58.0
1098 58.0
1099 58.0
1100 58.0
1101 58.0
1102 58.0
1103 58.0
1104 58.0
1105 58.0
1106 58.0
1107 58.0
1108 58.0
1109 58.0
1110 58.0
1111 58.0
1112 58.0
1113 58.0
1114 58.0
1115 58.0
1116 58.0
1117 58.0
1118 58.0
1119 58.0
1120 58.0
1121 58.0
1122 58.0
1123 58.0
1124 58.0
1125 58.0
1126 58.0
1127 58.0
1128 58.0
1129 58.0
1130 58.0
1131 58.0
1132 58.0
1133 58.0
1134 58.0
1135 58.0
1136 58.0
1137 58.0
1138 58.0
1139 58.0
1140 58.0
1141 58.0
1142 58.0
1143 58.0
1144 58.0
1145 58.0
1146 58.0
1147 58.0
1148 58.0
1149 58.0
1150 58.0
1151 58.0
1152 58.0
1153 58.0
1154 58.0
1155 58.0
1156 58.0
1157 58.0
1158 58.0
1159 58.0
1160 58.0
1161 58.0
1162 58.0
1163 58.0
1164 58.0
1165 58.0
1166 58.0
1167 58.0
1168 58.0
1169 58.0
1170 58.0
1171 58.0
1172 58.0
1173 58.0
1174 58.0
1175 58.0
1176 58.0
1177 58.0
1178 58.0
1179 58.0
1180 58.0
1181 58.0
1182 58.0
1183 58.0
1184 58.0
1185 58.0
1186 58.0
1187 58.0
1188 58.0
1189 58.0
1190 58.0
1191 58.0
1192 58.0
1193 58.0
1194 58.0
1195 58.0
1196 58.0
1197 58.0
1198 58.0
1199 58.0
1200 58.0
1201 58.0
1202 58.0
1203 58.0
1204 58.0
1205 58.0
1206 58.0
1207 58.0
1208 58.0
1209 58.0
1210 58.0
1211 58.0
1212 58.0
1213 58.0
1214 58.0
1215 58.0
1216 58.0
1217 58.0
1218 58.0
1219 58.0
1220 58.0
1221 58.0
1222 58.0
1223 58.0
1224 58.0
1225 58.0
1226 58.0
1227 58.0
1228 58.0
1229 58.0
1230 58.0
1231 58.0
1232 58.0
1233 58.0
1234 58.0
1235 58.0
1236 58.0
1237 58.0
1238 58.0
1239 58.0
1240 58.0
1241 58.0
1242 58.0
1243 58.0
1244 58.0
1245 58.0
1246 58.0
1247 58.0
1248 58.0
1249 58.0
1250 58.0
1251 58.0
1252 58.0
1253 58.0
1254 58.0
1255 58.0
1256 58.0
1257 58.0
1258 58.0
1259 58.0
1260 58.0
1261 58.0
1262 58.0
1263 58.0
1264 58.0
1265 58.0
1266 58.0
1267 58.0
1268 58.0
1269 58.0
1270 58.0
1271 58.0
1272 58.0
1273 58.0
1274 58.0
1275 58.0
1276 58.0
1277 58.0
1278 58.0
1279 58.0
1280 58.0
1281 58.0
1282 58.0
1283 58.0
1284 58.0
1285 58.0
1286 58.0
1287 58.0
1288 58.0
1289 58.0
1290 58.0
1291 58.0
1292 58.0
1293 58.0
1294 58.0
1295 58.0
1296 58.0
1297 58.0
1298 58.0
1299 58.0
1300 58.0
1301 58.0
1302 58.0
1303 58.0
1304 58.0
1305 58.0
1306 58.0
1307 58.0
1308 58.0
1309 58.0
1310 58.0
1311 58.0
1312 58.0
1313 58.0
1314 58.0
1315 58.0
1316 58.0
1317 58.0
1318 58.0
1319 58.0
1320 58.0
1321 58.0
1322 58.0
1323 58.0
1324 58.0
1325 58.0
1326 58.0
1327 58.0
1328 58.0
1329 58.0
1330 58.0
1331 58.0
1332 58.0
1333 58.0
1334 58.0
1335 58.0
1336 58.0
1337 58.0
1338 58.0
1339 58.0
1340 58.0
1341 58.0
1342 58.0
1343 58.0
1344 58.0
1345 58.0
1346 58.0
1347 58.0
1348 58.0
1349 58.0
1350 58.0
1351 58.0
1352 58.0
1353 58.0
1354 58.0
1355 58.0
1356 58.0
1357 58.0
1358 58.0
1359 58.0
1360 58.0
1361 58.0
1362 58.0
1363 58.0
1364 58.0
1365 58.0
1366 58.0
1367 58.0
1368 58.0
1369 58.0
1370 58.0
1371 58.0
1372 58.0
1373 58.0
1374 58.0
1375 58.0
1376 58.0
1377 58.0
1378 58.0
1379 58.0
1380 58.0
1381 58.0
1382 58.0
1383 58.0
1384 58.0
1385 58.0
1386 58.0
1387 58.0
1388 58.0
1389 58.0
1390 58.0
1391 58.0
1392 58.0
1393 58.0
1394 58.0
1395 58.0
1396 58.0
1397 58.0
1398 58.0
1399 58.0
1400 58.0
1401 58.0
1402 58.0
1403 58.0
1404 58.0
1405 58.0
1406 58.0
1407 58.0
1408 58.0
1409 58.0
1410 58.0
1411 58.0
1412 58.0
1413 58.0
1414 58.0
1415 58.0
1416 58.0
1417 58.0
1418 58.0
1419 58.0
1420 58.0
1421 58.0
1422 58.0
1423 58.0
1424 58.0
1425 58.0
1426 58.0
1427 58.0
1428 58.0
1429 58.0
1430 58.0
1431 58.0
1432 58.0
1433 58.0
1434 58.0
1435 58.0
1436 58.0
1437 58.0
1438 58.0
1439 58.0
1440 58.0
1441 58.0
1442 58.0
1443 58.0
1444 58.0
1445 58.0
1446 58.0
1447 58.0
1448 58.0
1449 58.0
1450 58.0
1451 58.0
1452 58.0
1453 58.0
1454 58.0
1455 58.0
1456 58.0
1457 58.0
1458 58.0
1459 58.0
1460 58.0
1461 58.0
1462 58.0
1463 58.0
1464 58.0
1465 58.0
1466 58.0
1467 58.0
1468 58.0
1469 58.0
1470 58.0
1471 58.0
1472 58.0
1473 58.0
1474 58.0
1475 58.0
1476 58.0
1477 58.0
1478 58.0
1479 58.0
1480 58.0
1481 58.0
1482 58.0
1483 58.0
1484 58.0
1485 58.0
1486 58.0
1487 58.0
1488 58.0
1489 58.0
1490 58.0
1491 58.0
1492 58.0
1493 58.0
1494 58.0
1495 58.0
1496 58.0
1497 58.0
1498 58.0
1499 58.0
1500 58.0
1501 58.0
1502 58.0
1503 58.0
1504 58.0
1505 58.0
1506 58.0
1507 58.0
1508 58.0
1509 58.0
1510 58.0
1511 58.0
1512 58.0
1513 58.0
1514 58.0
1515 58.0
1516 58.0
1517 58.0
1518 58.0
1519 58.0
1520 58.0
1521 58.0
1522 58.0
1523 58.0
1524 58.0
1525 58.0
1526 58.0
1527 58.0
1528 58.0
1529 58.0
1530 58.0
1531 58.0
1532 58.0
1533 58.0
1534 58.0
1535 58.0
1536 58.0
1537 58.0
1538 58.0
1539 58.0
1540 58.0
1541 58.0
1542 58.0
1543 58.0
1544 58.0
1545 58.0
1546 58.0
1547 58.0
1548 58.0
1549 58.0
1550 58.0
1551 58.0
1552 58.0
1553 58.0
1554 58.0
1555 58.0
1556 58.0
1557 58.0
1558 58.0
1559 58.0
1560 58.0
1561 58.0
1562 58.0
1563 58.0
1564 58.0
1565 58.0
1566 58.0
1567 58.0
1568 58.0
1569 58.0
1570 58.0
1571 58.0
1572 58.0
1573 58.0
1574 58.0
1575 58.0
1576 58.0
1577 58.0
1578 58.0
1579 58.0
1580 58.0
1581 58.0
1582 58.0
1583 58.0
1584 58.0
1585 58.0
1586 58.0
1587 58.0
1588 58.0
1589 58.0
1590 58.0
1591 58.0
1592 58.0
1593 58.0
1594 58.0
1595 58.0
1596 58.0
1597 58.0
1598 58.0
1599 58.0
1600 58.0
1601 58.0
1602 58.0
1603 58.0
1604 58.0
1605 58.0
1606 58.0
1607 58.0
1608 58.0
1609 58.0
1610 58.0
1611 58.0
1612 58.0
1613 58.0
1614 58.0
1615 58.0
1616 58.0
1617 58.0
1618 58.0
1619 58.0
1620 58.0
1621 58.0
1622 58.0
1623 58.0
1624 58.0
1625 58.0
1626 58.0
1627 58.0
1628 58.0
1629 58.0
1630 58.0
1631 58.0
1632 58.0
1633 58.0
1634 58.0
1635 58.0
1636 58.0
1637 58.0
1638 58.0
1639 58.0
1640 58.0
1641 58.0
1642 58.0
1643 58.0
1644 58.0
1645 58.0
1646 58.0
1647 58.0
1648 58.0
1649 58.0
1650 58.0
1651 58.0
1652 58.0
1653 58.0
1654 58.0
1655 58.0
1656 58.0
1657 58.0
1658 58.0
1659 58.0
1660 58.0
1661 58.0
1662 58.0
1663 58.0
1664 58.0
1665 58.0
1666 58.0
1667 58.0
1668 58.0
1669 58.0
1670 58.0
1671 58.0
1672 58.0
1673 58.0
1674 58.0
1675 58.0
1676 58.0
1677 58.0
1678 58.0
1679 58.0
1680 58.0
1681 58.0
1682 58.0
1683 58.0
1684 58.0
1685 58.0
1686 58.0
1687 58.0
1688 58.0
1689 58.0
1690 58.0
1691 58.0
1692 58.0
1693 58.0
1694 58.0
1695 58.0
1696 58.0
1697 58.0
1698 58.0
1699 58.0
1700 58.0
1701 58.0
1702 58.0
1703 58.0
1704 58.0
1705 58.0
1706 58.0
1707 58.0
1708 58.0
1709 58.0
1710 58.0
1711 58.0
1712 58.0
1713 58.0
1714 58.0
1715 58.0
1716 58.0
1717 58.0
1718 58.0
1719 58.0
1720 58.0
1721 58.0
1722 58.0
1723 58.0
1724 58.0
1725 58.0
1726 58.0
1727 58.0
1728 58.0
1729 58.0
1730 58.0
1731 58.0
1732 58.0
1733 58.0
1734 58.0
1735 58.0
1736 58.0
1737 58.0
1738 58.0
1739 58.0
1740 58.0
1741 58.0
1742 58.0
1743 58.0
1744 58.0
1745 58.0
1746 58.0
1747 58.0
1748 58.0
1749 58.0
1750 58.0
1751 58.0
1752 58.0
1753 58.0
1754 58.0
1755 58.0
1756 58.0
1757 58.0
1758 58.0
1759 58.0
1760 58.0
1761 58.0
1762 58.0
1763 58.0
1764 58.0
1765 58.0
1766 58.0
1767 58.0
1768 58.0
1769 58.0
1770 58.0
1771 58.0
1772 58.0
1773 59.0
1774 59.0
1775 59.0
1776 59.0
1777 59.0
1778 59.0
1779 59.0
1780 59.0
1781 59.0
1782 59.0
1783 59.0
1784 59.0
1785 59.0
1786 59.0
1787 59.0
1788 59.0
1789 59.0
1790 59.0
1791 59.0
1792 59.0
1793 59.0
1794 59.0
1795 59.0
1796 59.0
1797 59.0
1798 59.0
1799 59.0
1800 59.0
1801 59.0
1802 59.0
1803 59.0
1804 59.0
1805 59.0
1806 59.0
1807 59.0
1808 59.0
1809 59.0
1810 59.0
1811 59.0
1812 59.0
1813 59.0
1814 59.0
1815 59.0
1816 59.0
1817 59.0
1818 59.0
1819 59.0
1820 59.0
1821 59.0
1822 59.0
1823 59.0
1824 59.0
1825 59.0
1826 59.0
1827 59.0
1828 59.0
1829 59.0
1830 59.0
1831 59.0
1832 59.0
1833 59.0
1834 59.0
1835 59.0
1836 59.0
1837 59.0
1838 59.0
1839 59.0
1840 59.0
1841 59.0
1842 59.0
1843 59.0
1844 59.0
1845 59.0
1846 59.0
1847 59.0
1848 59.0
1849 59.0
1850 59.0
1851 59.0
1852 59.0
1853 59.0
1854 59.0
1855 59.0
1856 59.0
1857 59.0
1858 59.0
1859 59.0
1860 59.0
1861 59.0
1862 59.0
1863 59.0
1864 59.0
1865 59.0
1866 59.0
1867 59.0
1868 59.0
1869 59.0
1870 59.0
1871 59.0
1872 59.0
1873 59.0
1874 59.0
1875 59.0
1876 59.0
1877 59.0
1878 59.0
1879 59.0
1880 59.0
1881 59.0
1882 59.0
1883 59.0
1884 59.0
1885 59.0
1886 59.0
1887 59.0
1888 59.0
1889 59.0
1890 59.0
1891 59.0
1892 59.0
1893 59.0
1894 59.0
1895 59.0
1896 59.0
1897 59.0
1898 59.0
1899 59.0
1900 59.0
1901 59.0
1902 59.0
1903 59.0
1904 59.0
1905 59.0
1906 59.0
1907 59.0
1908 59.0
1909 59.0
1910 59.0
1911 59.0
1912 59.0
1913 59.0
1914 59.0
1915 59.0
1916 59.0
1917 59.0
1918 59.0
1919 59.0
1920 59.0
1921 59.0
1922 59.0
1923 59.0
1924 59.0
1925 59.0
1926 59.0
1927 59.0
1928 59.0
1929 59.0
1930 59.0
1931 59.0
1932 59.0
1933 59.0
1934 59.0
1935 59.0
1936 59.0
1937 59.0
1938 59.0
1939 59.0
1940 59.0
1941 59.0
1942 59.0
1943 59.0
1944 59.0
1945 59.0
1946 59.0
1947 59.0
1948 59.0
1949 59.0
1950 59.0
1951 59.0
1952 59.0
1953 59.0
1954 59.0
1955 59.0
1956 59.0
1957 59.0
1958 59.0
1959 59.0
1960 59.0
1961 59.0
1962 59.0
1963 59.0
1964 59.0
1965 59.0
1966 59.0
1967 59.0
1968 59.0
1969 59.0
1970 59.0
1971 59.0
1972 59.0
1973 59.0
1974 59.0
1975 59.0
1976 59.0
1977 59.0
1978 59.0
1979 59.0
1980 59.0
1981 59.0
1982 59.0
1983 59.0
1984 59.0
1985 59.0
1986 59.0
1987 59.0
1988 59.0
1989 59.0
1990 59.0
1991 59.0
1992 59.0
1993 59.0
1994 59.0
1995 59.0
1996 59.0
1997 59.0
1998 59.0
1999 59.0
2000 59.0
2001 59.0
2002 59.0
2003 59.0
2004 59.0
2005 59.0
2006 59.0
2007 59.0
2008 59.0
2009 59.0
2010 59.0
2011 59.0
2012 59.0
2013 59.0
2014 59.0
2015 59.0
2016 59.0
2017 59.0
2018 59.0
2019 59.0
2020 59.0
2021 59.0
2022 59.0
2023 59.0
2024 59.0
2025 59.0
2026 59.0
2027 59.0
2028 59.0
2029 59.0
2030 59.0
2031 59.0
2032 59.0
2033 59.0
2034 59.0
2035 59.0
2036 59.0
2037 59.0
2038 59.0
2039 59.0
2040 59.0
2041 59.0
2042 59.0
2043 59.0
2044 59.0
2045 59.0
2046 59.0
2047 59.0
2048 59.0
2049 59.0
2050 59.0
2051 59.0
2052 59.0
2053 59.0
2054 59.0
2055 59.0
2056 59.0
2057 59.0
2058 59.0
2059 59.0
2060 59.0
2061 59.0
2062 59.0
2063 59.0
2064 59.0
2065 59.0
2066 59.0
2067 59.0
2068 59.0
2069 59.0
2070 59.0
2071 59.0
2072 59.0
2073 59.0
2074 59.0
2075 59.0
2076 59.0
2077 59.0
2078 59.0
2079 59.0
2080 59.0
2081 59.0
2082 59.0
2083 59.0
2084 59.0
2085 59.0
2086 59.0
2087 59.0
2088 59.0
2089 59.0
2090 59.0
2091 59.0
2092 59.0
2093 59.0
2094 59.0
2095 59.0
2096 59.0
2097 59.0
2098 59.0
2099 59.0
2100 59.0
2101 59.0
2102 59.0
2103 59.0
2104 59.0
2105 59.0
2106 59.0
2107 59.0
2108 59.0
2109 59.0
2110 59.0
2111 59.0
2112 59.0
2113 59.0
2114 59.0
2115 59.0
2116 59.0
2117 59.0
2118 59.0
2119 59.0
2120 59.0
2121 59.0
2122 59.0
2123 59.0
2124 59.0
2125 59.0
2126 59.0
2127 59.0
2128 59.0
2129 59.0
2130 59.0
2131 59.0
2132 59.0
2133 59.0
2134 59.0
2135 59.0
2136 59.0
2137 59.0
2138 59.0
2139 59.0
2140 59.0
2141 59.0
2142 59.0
2143 59.0
2144 59.0
2145 59.0
2146 59.0
2147 59.0
2148 59.0
2149 59.0
2150 59.0
2151 59.0
2152 59.0
2153 59.0
2154 59.0
2155 59.0
2156 59.0
2157 59.0
2158 59.0
2159 59.0
2160 59.0
2161 59.0
2162 59.0
2163 59.0
2164 59.0
2165 59.0
2166 59.0
2167 59.0
2168 59.0
2169 59.0
2170 59.0
2171 59.0
2172 59.0
2173 59.0
2174 59.0
2175 59.0
2176 59.0
2177 59.0
2178 59.0
2179 59.0
2180 59.0
2181 59.0
2182 59.0
2183 59.0
2184 59.0
2185 59.0
2186 59.0
2187 59.0
2188 59.0
2189 59.0
2190 59.0
2191 59.0
2192 59.0
2193 59.0
2194 59.0
2195 59.0
2196 59.0
2197 59.0
2198 59.0
2199 59.0
2200 59.0
2201 59.0
2202 59.0
2203 59.0
2204 59.0
2205 59.0
2206 59.0
2207 59.0
2208 59.0
2209 59.0
2210 59.0
2211 59.0
2212 59.0
2213 59.0
2214 59.0
2215 59.0
2216 59.0
2217 59.0
2218 59.0
2219 59.0
2220 59.0
2221 59.0
2222 59.0
2223 59.0
2224 59.0
2225 59.0
2226 59.0
2227 59.0
2228 59.0
2229 59.0
2230 59.0
2231 59.0
2232 59.0
2233 59.0
2234 59.0
2235 59.0
2236 59.0
2237 59.0
2238 59.0
2239 59.0
2240 59.0
2241 59.0
2242 59.0
2243 59.0
2244 59.0
2245 59.0
2246 59.0
2247 59.0
2248 59.0
2249 59.0
2250 59.0
2251 59.0
2252 59.0
2253 59.0
2254 59.0
2255 59.0
2256 59.0
2257 59.0
2258 59.0
2259 59.0
2260 59.0
2261 59.0
2262 59.0
2263 59.0
2264 59.0
2265 59.0
2266 59.0
2267 59.0
2268 59.0
2269 59.0
2270 59.0
2271 59.0
2272 59.0
2273 59.0
2274 59.0
2275 59.0
2276 59.0
2277 59.0
2278 59.0
2279 59.0
2280 59.0
2281 59.0
2282 59.0
2283 59.0
2284 59.0
2285 59.0
2286 59.0
2287 59.0
2288 59.0
2289 59.0
2290 59.0
2291 59.0
2292 59.0
2293 59.0
2294 59.0
2295 59.0
2296 59.0
2297 59.0
2298 59.0
2299 59.0
2300 59.0
2301 59.0
2302 59.0
2303 59.0
2304 59.0
2305 59.0
2306 59.0
2307 59.0
2308 59.0
2309 59.0
2310 59.0
2311 59.0
2312 59.0
2313 59.0
2314 59.0
2315 59.0
2316 59.0
2317 59.0
2318 59.0
2319 59.0
2320 59.0
2321 59.0
2322 59.0
2323 59.0
2324 59.0
2325 59.0
2326 59.0
2327 59.0
2328 59.0
2329 59.0
2330 59.0
2331 59.0
2332 59.0
2333 59.0
2334 59.0
2335 59.0
2336 59.0
2337 59.0
2338 59.0
2339 59.0
2340 59.0
2341 59.0
2342 59.0
2343 59.0
2344 59.0
2345 59.0
2346 59.0
2347 59.0
2348 59.0
2349 59.0
2350 59.0
2351 59.0
2352 59.0
2353 59.0
2354 59.0
2355 59.0
2356 59.0
2357 59.0
2358 59.0
2359 59.0
2360 59.0
2361 59.0
2362 59.0
2363 59.0
2364 59.0
2365 59.0
2366 59.0
2367 59.0
2368 59.0
2369 59.0
2370 59.0
2371 59.0
2372 59.0
2373 59.0
2374 59.0
2375 59.0
2376 59.0
2377 59.0
2378 59.0
2379 59.0
2380 59.0
2381 59.0
2382 59.0
2383 59.0
2384 59.0
2385 59.0
2386 59.0
2387 59.0
2388 59.0
2389 59.0
2390 59.0
2391 59.0
2392 59.0
2393 59.0
2394 59.0
2395 59.0
2396 59.0
2397 59.0
2398 59.0
2399 59.0
2400 59.0
2401 59.0
2402 59.0
2403 59.0
2404 59.0
2405 59.0
2406 59.0
2407 59.0
2408 59.0
2409 59.0
2410 59.0
2411 59.0
2412 59.0
2413 59.0
2414 59.0
2415 59.0
2416 59.0
2417 59.0
2418 59.0
2419 59.0
2420 59.0
2421 59.0
2422 59.0
2423 59.0
2424 59.0
2425 59.0
2426 59.0
2427 59.0
2428 59.0
2429 59.0
2430 59.0
2431 59.0
2432 59.0
2433 59.0
2434 59.0
2435 59.0
2436 59.0
2437 59.0
2438 59.0
2439 59.0
2440 59.0
2441 59.0
2442 59.0
2443 59.0
2444 59.0
2445 59.0
2446 59.0
2447 59.0
2448 59.0
2449 59.0
2450 59.0
2451 59.0
2452 59.0
2453 59.0
2454 59.0
2455 59.0
2456 59.0
2457 59.0
2458 59.0
2459 59.0
2460 59.0
2461 59.0
2462 59.0
2463 59.0
2464 59.0
2465 59.0
2466 59.0
2467 59.0
2468 59.0
2469 59.0
2470 59.0
2471 59.0
2472 59.0
2473 59.0
2474 59.0
2475 59.0
2476 59.0
2477 59.0
2478 59.0
2479 59.0
2480 59.0
2481 59.0
2482 59.0
2483 59.0
2484 59.0
2485 59.0
2486 59.0
2487 59.0
2488 59.0
2489 59.0
2490 59.0
2491 59.0
2492 59.0
2493 59.0
2494 59.0
2495 59.0
2496 59.0
2497 59.0
2498 59.0
2499 59.0
2500 59.0
2501 59.0
2502 59.0
2503 59.0
2504 59.0
2505 59.0
2506 59.0
2507 59.0
2508 59.0
2509 59.0
2510 59.0
2511 59.0
2512 59.0
2513 59.0
2514 59.0
2515 59.0
2516 59.0
2517 59.0
2518 59.0
2519 59.0
2520 59.0
2521 59.0
2522 59.0
2523 59.0
2524 59.0
2525 59.0
2526 59.0
2527 59.0
2528 59.0
2529 59.0
2530 59.0
2531 59.0
2532 59.0
2533 59.0
2534 59.0
2535 59.0
2536 59.0
2537 59.0
2538 59.0
2539 59.0
2540 59.0
2541 59.0
2542 59.0
2543 59.0
2544 59.0
2545 59.0
2546 59.0
2547 59.0
2548 59.0
2549 59.0
2550 59.0
2551 59.0
2552 59.0
2553 59.0
2554 59.0
2555 59.0
2556 59.0
2557 59.0
2558 59.0
2559 59.0
2560 59.0
2561 59.0
2562 59.0
2563 59.0
2564 59.0
2565 59.0
2566 59.0
2567 59.0
2568 59.0
2569 59.0
2570 59.0
2571 59.0
2572 59.0
2573 59.0
2574 59.0
2575 59.0
2576 59.0
2577 59.0
2578 59.0
2579 59.0
2580 59.0
2581 59.0
2582 59.0
2583 59.0
2584 59.0
2585 59.0
2586 59.0
2587 59.0
2588 59.0
2589 59.0
2590 59.0
2591 59.0
2592 59.0
2593 59.0
2594 59.0
2595 59.0
2596 59.0
2597 59.0
2598 59.0
2599 59.0
2600 59.0
2601 59.0
2602 59.0
2603 59.0
2604 59.0
2605 59.0
2606 59.0
2607 59.0
2608 59.0
2609 59.0
2610 59.0
2611 59.0
2612 59.0
2613 59.0
2614 59.0
2615 59.0
2616 59.0
2617 59.0
2618 59.0
2619 59.0
2620 59.0
2621 59.0
2622 59.0
2623 59.0
2624 59.0
2625 59.0
2626 59.0
2627 59.0
2628 59.0
2629 59.0
2630 59.0
2631 59.0
2632 59.0
2633 59.0
2634 59.0
2635 59.0
2636 59.0
2637 59.0
2638 59.0
2639 59.0
2640 59.0
2641 59.0
2642 59.0
2643 59.0
2644 59.0
2645 59.0
2646 59.0
2647 59.0
2648 59.0
2649 59.0
2650 59.0
2651 59.0
2652 59.0
2653 59.0
2654 59.0
2655 59.0
2656 59.0
2657 59.0
2658 59.0
2659 59.0
2660 59.0
2661 59.0
2662 59.0
2663 59.0
2664 59.0
2665 59.0
2666 59.0
2667 59.0
2668 59.0
2669 59.0
2670 59.0
2671 59.0
2672 59.0
2673 59.0
2674 59.0
2675 59.0
2676 59.0
2677 59.0
2678 59.0
2679 59.0
2680 59.0
2681 59.0
2682 59.0
2683 59.0
2684 59.0
2685 59.0
2686 59.0
2687 59.0
2688 59.0
2689 59.0
2690 59.0
2691 59.0
2692 59.0
2693 59.0
2694 59.0
2695 59.0
2696 59.0
2697 59.0
2698 59.0
2699 59.0
2700 59.0
2701 59.0
2702 59.0
2703 59.0
2704 59.0
2705 59.0
2706 59.0
2707 59.0
2708 59.0
2709 59.0
2710 59.0
2711 59.0
2712 59.0
2713 59.0
2714 59.0
2715 59.0
2716 59.0
2717 59.0
2718 59.0
2719 59.0
2720 59.0
2721 59.0
2722 59.0
2723 59.0
2724 59.0
2725 59.0
2726 59.0
2727 59.0
2728 59.0
2729 59.0
2730 59.0
2731 59.0
2732 59.0
2733 59.0
2734 59.0
2735 59.0
2736 59.0
2737 59.0
2738 59.0
2739 59.0
2740 59.0
2741 59.0
2742 59.0
2743 59.0
2744 59.0
2745 59.0
2746 59.0
2747 59.0
2748 59.0
2749 59.0
2750 59.0
2751 59.0
2752 59.0
2753 59.0
2754 59.0
2755 59.0
2756 59.0
2757 59.0
2758 59.0
2759 59.0
2760 59.0
2761 59.0
2762 59.0
2763 59.0
2764 59.0
2765 59.0
2766 59.0
2767 59.0
2768 59.0
2769 59.0
2770 59.0
2771 59.0
2772 59.0
2773 59.0
2774 59.0
2775 59.0
2776 59.0
2777 59.0
2778 59.0
2779 59.0
2780 59.0
2781 59.0
2782 59.0
2783 59.0
2784 59.0
2785 59.0
2786 59.0
2787 59.0
2788 59.0
2789 59.0
2790 59.0
2791 59.0
2792 59.0
2793 59.0
2794 59.0
2795 59.0
2796 59.0
2797 59.0
2798 59.0
2799 59.0
2800 59.0
2801 59.0
2802 59.0
2803 59.0
2804 59.0
2805 59.0
2806 59.0
2807 59.0
2808 59.0
2809 59.0
2810 59.0
2811 59.0
2812 59.0
2813 59.0
2814 59.0
2815 59.0
2816 59.0
2817 59.0
2818 59.0
2819 59.0
2820 59.0
2821 59.0
2822 59.0
2823 59.0
2824 59.0
2825 59.0
2826 59.0
2827 59.0
2828 59.0
2829 59.0
2830 59.0
2831 59.0
2832 59.0
2833 59.0
2834 59.0
2835 59.0
2836 59.0
2837 59.0
2838 59.0
2839 59.0
2840 59.0
2841 59.0
2842 59.0
2843 59.0
2844 59.0
2845 59.0
2846 59.0
2847 59.0
2848 59.0
2849 59.0
2850 59.0
2851 59.0
2852 59.0
2853 59.0
2854 59.0
2855 59.0
2856 59.0
2857 59.0
2858 59.0
2859 59.0
2860 59.0
2861 59.0
2862 59.0
2863 59.0
2864 59.0
2865 59.0
2866 59.0
2867 59.0
2868 59.0
2869 59.0
2870 59.0
2871 59.0
2872 59.0
2873 59.0
2874 59.0
2875 59.0
2876 59.0
2877 59.0
2878 59.0
2879 59.0
2880 59.0
2881 59.0
2882 59.0
2883 59.0
2884 59.0
2885 59.0
2886 59.0
2887 59.0
2888 59.0
2889 59.0
2890 59.0
2891 59.0
2892 59.0
2893 59.0
2894 59.0
2895 59.0
2896 59.0
2897 59.0
2898 59.0
2899 59.0
2900 59.0
2901 59.0
2902 59.0
2903 59.0
2904 59.0
2905 59.0
2906 59.0
2907 59.0
2908 59.0
2909 59.0
2910 59.0
2911 59.0
2912 59.0
2913 59.0
2914 59.0
2915 59.0
2916 59.0
2917 59.0
2918 59.0
2919 59.0
2920 59.0
2921 59.0
2922 59.0
2923 59.0
2924 59.0
2925 59.0
2926 59.0
2927 59.0
2928 59.0
2929 59.0
2930 59.0
2931 59.0
2932 59.0
2933 59.0
2934 59.0
2935 59.0
2936 59.0
2937 59.0
2938 59.0
2939 59.0
2940 59.0
2941 59.0
2942 59.0
2943 59.0
2944 59.0
2945 59.0
2946 59.0
2947 59.0
2948 59.0
2949 59.0
2950 59.0
2951 59.0
2952 59.0
2953 59.0
2954 59.0
2955 59.0
2956 59.0
2957 59.0
2958 59.0
2959 59.0
2960 59.0
2961 59.0
2962 59.0
2963 59.0
2964 59.0
2965 59.0
2966 59.0
2967 59.0
2968 59.0
2969 59.0
2970 59.0
2971 59.0
2972 59.0
2973 59.0
2974 59.0
2975 59.0
2976 59.0
2977 59.0
2978 59.0
2979 59.0
2980 59.0
2981 59.0
2982 59.0
2983 59.0
2984 59.0
2985 59.0
2986 59.0
2987 59.0
2988 59.0
2989 59.0
2990 59.0
2991 59.0
2992 59.0
2993 59.0
2994 59.0
2995 59.0
2996 59.0
2997 59.0
2998 59.0
2999 59.0
3000 59.0
3001 59.0
3002 59.0
3003 59.0
3004 59.0
3005 59.0
3006 59.0
3007 59.0
3008 59.0
3009 59.0
3010 59.0
3011 59.0
3012 59.0
3013 59.0
3014 59.0
3015 59.0
3016 59.0
3017 59.0
3018 59.0
3019 59.0
3020 59.0
3021 59.0
3022 59.0
3023 59.0
3024 59.0
3025 59.0
3026 59.0
3027 59.0
3028 59.0
3029 59.0
3030 59.0
3031 59.0
3032 59.0
3033 59.0
3034 59.0
3035 59.0
3036 59.0
3037 59.0
3038 59.0
3039 59.0
3040 59.0
3041 59.0
3042 59.0
3043 59.0
3044 59.0
3045 59.0
3046 59.0
3047 59.0
3048 59.0
3049 59.0
3050 59.0
3051 59.0
3052 59.0
3053 59.0
3054 59.0
3055 59.0
3056 59.0
3057 59.0
3058 59.0
3059 59.0
3060 59.0
3061 59.0
3062 59.0
3063 59.0
3064 59.0
3065 59.0
3066 59.0
3067 59.0
3068 59.0
3069 59.0
3070 59.0
3071 59.0
3072 59.0
3073 59.0
3074 59.0
3075 59.0
3076 59.0
3077 59.0
3078 59.0
3079 59.0
3080 59.0
3081 59.0
3082 59.0
3083 59.0
3084 59.0
3085 59.0
3086 59.0
3087 59.0
3088 59.0
3089 59.0
3090 59.0
3091 59.0
3092 59.0
3093 59.0
3094 59.0
3095 59.0
3096 59.0
3097 59.0
3098 59.0
3099 59.0
3100 59.0
3101 59.0
3102 59.0
3103 59.0
3104 59.0
3105 59.0
3106 59.0
3107 59.0
3108 59.0
3109 59.0
3110 59.0
3111 59.0
3112 59.0
3113 59.0
3114 59.0
3115 59.0
3116 59.0
3117 59.0
3118 59.0
3119 59.0
3120 59.0
3121 59.0
3122 59.0
3123 59.0
3124 59.0
3125 59.0
3126 59.0
3127 59.0
3128 59.0
3129 59.0
3130 59.0
3131 59.0
3132 59.0
3133 59.0
3134 59.0
3135 59.0
3136 59.0
3137 59.0
3138 59.0
3139 59.0
3140 59.0
3141 59.0
3142 59.0
3143 59.0
3144 59.0
3145 59.0
3146 59.0
3147 59.0
3148 59.0
3149 59.0
3150 59.0
3151 59.0
3152 59.0
3153 59.0
3154 59.0
3155 59.0
3156 59.0
3157 59.0
3158 59.0
3159 59.0
3160 59.0
3161 59.0
3162 59.0
3163 59.0
3164 59.0
3165 59.0
3166 59.0
3167 59.0
3168 59.0
3169 59.0
3170 59.0
3171 59.0
3172 59.0
3173 59.0
3174 59.0
3175 59.0
3176 59.0
3177 59.0
3178 59.0
3179 59.0
3180 59.0
3181 59.0
3182 59.0
3183 59.0
3184 59.0
3185 59.0
3186 59.0
3187 59.0
3188 59.0
3189 59.0
3190 59.0
3191 59.0
3192 59.0
3193 59.0
3194 59.0
3195 59.0
3196 59.0
3197 59.0
3198 59.0
3199 59.0
3200 59.0
3201 59.0
3202 59.0
3203 59.0
3204 59.0
3205 59.0
3206 59.0
3207 59.0
3208 59.0
3209 59.0
3210 59.0
3211 59.0
3212 59.0
3213 59.0
3214 59.0
3215 59.0
3216 59.0
3217 59.0
3218 59.0
3219 59.0
3220 59.0
3221 59.0
3222 59.0
3223 59.0
3224 59.0
3225 59.0
3226 59.0
3227 59.0
3228 59.0
3229 59.0
3230 59.0
3231 59.0
3232 59.0
3233 59.0
3234 59.0
3235 59.0
3236 59.0
3237 59.0
3238 59.0
3239 59.0
3240 59.0
3241 59.0
3242 59.0
3243 59.0
3244 59.0
3245 59.0
3246 59.0
3247 59.0
3248 59.0
3249 59.0
3250 59.0
3251 59.0
3252 59.0
3253 59.0
3254 59.0
3255 59.0
3256 59.0
3257 59.0
3258 59.0
3259 59.0
3260 59.0
3261 59.0
3262 59.0
3263 59.0
3264 59.0
3265 59.0
3266 59.0
3267 59.0
3268 59.0
3269 59.0
3270 59.0
3271 59.0
3272 59.0
3273 59.0
3274 59.0
3275 59.0
3276 59.0
3277 59.0
3278 59.0
3279 59.0
3280 59.0
3281 59.0
3282 59.0
3283 59.0
3284 59.0
3285 59.0
3286 59.0
3287 59.0
3288 59.0
3289 59.0
3290 59.0
3291 59.0
3292 59.0
3293 59.0
3294 59.0
3295 59.0
3296 59.0
3297 59.0
3298 59.0
3299 59.0
3300 59.0
3301 59.0
3302 59.0
3303 59.0
3304 59.0
3305 59.0
3306 59.0
3307 59.0
3308 59.0
3309 59.0
3310 59.0
3311 59.0
3312 59.0
3313 59.0
3314 59.0
3315 59.0
3316 59.0
3317 59.0
3318 59.0
3319 59.0
3320 59.0
3321 59.0
3322 59.0
3323 59.0
3324 59.0
3325 59.0
3326 59.0
3327 59.0
3328 59.0
3329 59.0
3330 59.0
3331 59.0
3332 59.0
3333 59.0
3334 59.0
3335 59.0
3336 59.0
3337 59.0
3338 59.0
3339 59.0
3340 59.0
3341 59.0
3342 59.0
3343 59.0
3344 59.0
3345 59.0
3346 59.0
3347 59.0
3348 59.0
3349 59.0
3350 59.0
3351 59.0
3352 59.0
3353 59.0
3354 59.0
3355 59.0
3356 59.0
3357 59.0
3358 59.0
3359 59.0
3360 59.0
3361 59.0
3362 59.0
3363 59.0
3364 59.0
3365 59.0
3366 59.0
3367 59.0
3368 59.0
3369 59.0
3370 59.0
3371 59.0
3372 59.0
3373 59.0
3374 59.0
3375 59.0
3376 59.0
3377 59.0
3378 59.0
3379 59.0
3380 59.0
3381 59.0
3382 59.0
3383 59.0
3384 59.0
3385 59.0
3386 59.0
3387 59.0
3388 59.0
3389 59.0
3390 59.0
3391 59.0
3392 59.0
3393 59.0
3394 59.0
3395 59.0
3396 59.0
3397 59.0
3398 59.0
3399 59.0
3400 59.0
3401 59.0
3402 59.0
3403 59.0
3404 59.0
3405 59.0
3406 59.0
3407 59.0
3408 59.0
3409 59.0
3410 59.0
3411 59.0
3412 59.0
3413 59.0
3414 59.0
3415 59.0
3416 59.0
3417 59.0
3418 59.0
3419 59.0
3420 59.0
3421 59.0
3422 59.0
3423 59.0
3424 59.0
3425 59.0
3426 59.0
3427 59.0
3428 59.0
3429 59.0
3430 59.0
3431 59.0
3432 59.0
3433 59.0
3434 59.0
3435 59.0
3436 59.0
3437 59.0
3438 59.0
3439 59.0
3440 59.0
3441 59.0
3442 59.0
3443 59.0
3444 59.0
3445 59.0
3446 59.0
3447 59.0
3448 59.0
3449 59.0
3450 59.0
3451 59.0
3452 59.0
3453 59.0
3454 59.0
3455 59.0
3456 59.0
3457 59.0
3458 59.0
3459 59.0
3460 59.0
3461 59.0
3462 59.0
3463 59.0
3464 59.0
3465 59.0
3466 59.0
3467 59.0
3468 59.0
3469 59.0
3470 59.0
3471 59.0
3472 59.0
3473 59.0
3474 59.0
3475 59.0
3476 59.0
3477 59.0
3478 59.0
3479 59.0
3480 59.0
3481 59.0
3482 59.0
3483 59.0
3484 59.0
3485 59.0
3486 59.0
3487 59.0
3488 59.0
3489 59.0
3490 59.0
3491 59.0
3492 59.0
3493 59.0
3494 59.0
3495 59.0
3496 59.0
3497 59.0
3498 59.0
3499 59.0
3500 59.0
3501 59.0
3502 59.0
3503 59.0
3504 59.0
3505 59.0
3506 59.0
3507 59.0
3508 59.0
3509 59.0
3510 59.0
3511 59.0
3512 59.0
3513 59.0
3514 59.0
3515 59.0
3516 59.0
3517 59.0
3518 59.0
3519 59.0
3520 59.0
3521 59.0
3522 59.0
3523 59.0
3524 59.0
3525 59.0
3526 59.0
3527 59.0
3528 59.0
3529 59.0
3530 59.0
3531 59.0
3532 59.0
3533 59.0
3534 59.0
3535 59.0
3536 59.0
3537 59.0
3538 59.0
3539 59.0
3540 59.0
3541 59.0
3542 59.0
3543 59.0
3544 59.0
3545 59.0
3546 59.0
3547 59.0
3548 59.0
3549 59.0
3550 59.0
3551 59.0
3552 59.0
3553 59.0
3554 59.0
3555 59.0
3556 59.0
3557 59.0
3558 59.0
3559 59.0
3560 59.0
3561 59.0
3562 59.0
3563 59.0
3564 59.0
3565 59.0
3566 59.0
3567 59.0
3568 59.0
3569 59.0
3570 59.0
3571 59.0
3572 59.0
3573 59.0
3574 59.0
3575 59.0
3576 59.0
3577 59.0
3578 59.0
3579 59.0
3580 59.0
3581 59.0
3582 59.0
3583 59.0
3584 59.0
3585 59.0
3586 59.0
3587 59.0
3588 59.0
3589 59.0
3590 59.0
3591 59.0
3592 59.0
3593 59.0
3594 59.0
3595 59.0
3596 59.0
3597 59.0
3598 59.0
3599 59.0
3600 59.0
3601 59.0
3602 59.0
3603 59.0
3604 59.0
3605 59.0
3606 59.0
3607 59.0
3608 59.0
3609 59.0
3610 59.0
3611 59.0
3612 59.0
3613 59.0
3614 59.0
3615 59.0
3616 59.0
3617 59.0
3618 59.0
3619 59.0
3620 59.0
3621 59.0
3622 59.0
3623 59.0
3624 59.0
3625 59.0
3626 59.0
3627 59.0
3628 59.0
3629 59.0
3630 59.0
3631 59.0
3632 59.0
3633 59.0
3634 59.0
3635 59.0
3636 59.0
3637 59.0
3638 59.0
3639 59.0
3640 59.0
3641 59.0
3642 59.0
3643 59.0
3644 59.0
3645 59.0
3646 59.0
3647 59.0
3648 59.0
3649 59.0
3650 59.0
3651 59.0
3652 59.0
3653 59.0
3654 59.0
3655 59.0
3656 59.0
3657 59.0
3658 59.0
3659 59.0
3660 59.0
3661 59.0
3662 59.0
3663 59.0
3664 59.0
3665 59.0
3666 59.0
3667 59.0
3668 59.0
3669 59.0
3670 59.0
3671 59.0
3672 59.0
3673 59.0
3674 59.0
3675 59.0
3676 59.0
3677 59.0
3678 59.0
3679 59.0
3680 59.0
3681 59.0
3682 59.0
3683 59.0
3684 59.0
3685 59.0
3686 59.0
3687 59.0
3688 59.0
3689 59.0
3690 59.0
3691 59.0
3692 59.0
3693 59.0
3694 59.0
3695 59.0
3696 59.0
3697 59.0
3698 59.0
3699 59.0
3700 59.0
3701 59.0
3702 59.0
3703 59.0
3704 59.0
3705 59.0
3706 59.0
3707 59.0
3708 59.0
3709 59.0
3710 59.0
3711 59.0
3712 59.0
3713 59.0
3714 59.0
3715 59.0
3716 59.0
3717 59.0
3718 59.0
3719 59.0
3720 59.0
3721 59.0
3722 59.0
3723 59.0
3724 59.0
3725 59.0
3726 59.0
3727 66.0
3728 66.0
3729 66.0
3730 66.0
3731 66.0
3732 66.0
3733 66.0
3734 66.0
3735 66.0
3736 66.0
3737 66.0
3738 66.0
3739 66.0
3740 66.0
3741 66.0
3742 66.0
3743 66.0
3744 66.0
3745 66.0
3746 66.0
3747 66.0
3748 66.0
3749 66.0
3750 66.0
3751 66.0
3752 66.0
3753 66.0
3754 66.0
3755 66.0
3756 66.0
3757 66.0
3758 66.0
3759 66.0
3760 66.0
3761 66.0
3762 66.0
3763 66.0
3764 66.0
3765 66.0
3766 66.0
3767 66.0
3768 66.0
3769 66.0
3770 66.0
3771 66.0
3772 66.0
3773 66.0
3774 66.0
3775 66.0
3776 66.0
3777 66.0
3778 66.0
3779 66.0
3780 66.0
3781 66.0
3782 66.0
3783 66.0
3784 66.0
3785 66.0
3786 66.0
3787 66.0
3788 66.0
3789 66.0
3790 66.0
3791 66.0
3792 66.0
3793 66.0
3794 66.0
3795 66.0
3796 66.0
3797 66.0
3798 66.0
3799 66.0
3800 66.0
3801 66.0
3802 66.0
3803 66.0
3804 66.0
3805 66.0
3806 66.0
3807 66.0
3808 66.0
3809 66.0
3810 66.0
3811 66.0
3812 66.0
3813 66.0
3814 66.0
3815 66.0
3816 66.0
3817 66.0
3818 66.0
3819 66.0
3820 66.0
3821 66.0
3822 66.0
3823 66.0
3824 66.0
3825 66.0
3826 66.0
3827 66.0
3828 66.0
3829 66.0
3830 66.0
3831 66.0
3832 66.0
3833 66.0
3834 66.0
3835 66.0
3836 66.0
3837 66.0
3838 66.0
3839 66.0
3840 66.0
3841 66.0
3842 66.0
3843 66.0
3844 66.0
3845 66.0
3846 66.0
3847 66.0
3848 66.0
3849 66.0
3850 66.0
3851 66.0
3852 66.0
3853 66.0
3854 66.0
3855 66.0
3856 66.0
3857 66.0
3858 66.0
3859 66.0
3860 66.0
3861 66.0
3862 66.0
3863 66.0
3864 66.0
3865 66.0
3866 66.0
3867 66.0
3868 66.0
3869 66.0
3870 66.0
3871 66.0
3872 66.0
3873 66.0
3874 66.0
3875 66.0
3876 66.0
3877 66.0
3878 66.0
3879 66.0
3880 66.0
3881 66.0
3882 66.0
3883 66.0
3884 66.0
3885 66.0
3886 66.0
3887 66.0
3888 66.0
3889 66.0
3890 66.0
3891 66.0
3892 66.0
3893 66.0
3894 66.0
3895 66.0
3896 66.0
3897 66.0
3898 66.0
3899 66.0
3900 66.0
3901 66.0
3902 66.0
3903 66.0
3904 66.0
3905 66.0
3906 66.0
3907 66.0
3908 66.0
3909 66.0
3910 66.0
3911 66.0
3912 66.0
3913 66.0
3914 66.0
3915 66.0
3916 66.0
3917 66.0
3918 66.0
3919 66.0
3920 66.0
3921 66.0
3922 66.0
3923 66.0
3924 66.0
3925 66.0
3926 66.0
3927 66.0
3928 66.0
3929 66.0
3930 66.0
3931 66.0
3932 66.0
3933 66.0
3934 66.0
3935 66.0
3936 66.0
3937 66.0
3938 66.0
3939 66.0
3940 66.0
3941 66.0
3942 66.0
3943 66.0
3944 66.0
3945 66.0
3946 66.0
3947 66.0
3948 66.0
3949 66.0
3950 66.0
3951 66.0
3952 66.0
3953 66.0
3954 66.0
3955 66.0
3956 66.0
3957 66.0
3958 66.0
3959 66.0
3960 66.0
3961 66.0
3962 66.0
3963 66.0
3964 66.0
3965 66.0
3966 66.0
3967 66.0
3968 66.0
3969 66.0
3970 66.0
3971 66.0
3972 66.0
3973 66.0
3974 66.0
3975 66.0
3976 66.0
3977 66.0
3978 66.0
3979 66.0
3980 66.0
3981 66.0
3982 66.0
3983 66.0
3984 66.0
3985 66.0
3986 66.0
3987 66.0
3988 66.0
3989 66.0
3990 66.0
3991 66.0
3992 66.0
3993 66.0
3994 66.0
3995 66.0
3996 66.0
3997 66.0
3998 66.0
3999 66.0
4000 66.0
4001 66.0
4002 66.0
4003 66.0
4004 66.0
4005 66.0
4006 66.0
4007 66.0
4008 66.0
4009 66.0
4010 66.0
4011 66.0
4012 66.0
4013 66.0
4014 66.0
4015 66.0
4016 66.0
4017 66.0
4018 66.0
4019 66.0
4020 66.0
4021 66.0
4022 66.0
4023 66.0
4024 66.0
4025 66.0
4026 66.0
4027 66.0
4028 66.0
4029 66.0
4030 66.0
4031 66.0
4032 66.0
4033 66.0
4034 66.0
4035 66.0
4036 66.0
4037 66.0
4038 66.0
4039 66.0
4040 66.0
4041 66.0
4042 66.0
4043 66.0
4044 66.0
4045 66.0
4046 66.0
4047 66.0
4048 66.0
4049 66.0
4050 66.0
4051 66.0
4052 66.0
4053 66.0
4054 66.0
4055 66.0
4056 66.0
4057 66.0
4058 66.0
4059 66.0
4060 66.0
4061 66.0
4062 66.0
4063 66.0
4064 66.0
4065 66.0
4066 66.0
4067 66.0
4068 66.0
4069 66.0
4070 66.0
4071 66.0
4072 66.0
4073 66.0
4074 66.0
4075 66.0
4076 66.0
4077 66.0
4078 66.0
4079 66.0
4080 66.0
4081 66.0
4082 66.0
4083 66.0
4084 66.0
4085 66.0
4086 66.0
4087 66.0
4088 66.0
4089 66.0
4090 66.0
4091 66.0
4092 66.0
4093 66.0
4094 66.0
4095 66.0
4096 66.0
4097 66.0
4098 66.0
4099 66.0
4100 66.0
4101 66.0
4102 66.0
4103 66.0
4104 66.0
4105 66.0
4106 66.0
4107 66.0
4108 66.0
4109 66.0
4110 66.0
4111 66.0
4112 66.0
4113 66.0
4114 66.0
4115 66.0
4116 66.0
4117 66.0
4118 66.0
4119 66.0
4120 66.0
4121 66.0
4122 66.0
4123 66.0
4124 66.0
4125 66.0
4126 66.0
4127 66.0
4128 66.0
4129 66.0
4130 66.0
4131 66.0
4132 66.0
4133 66.0
4134 66.0
4135 66.0
4136 66.0
4137 66.0
4138 66.0
4139 66.0
4140 66.0
4141 66.0
4142 66.0
4143 66.0
4144 66.0
4145 66.0
4146 66.0
4147 66.0
4148 66.0
4149 66.0
4150 66.0
4151 66.0
4152 66.0
4153 66.0
4154 66.0
4155 66.0
4156 66.0
4157 66.0
4158 66.0
4159 66.0
4160 66.0
4161 66.0
4162 66.0
4163 66.0
4164 66.0
4165 66.0
4166 66.0
4167 66.0
4168 66.0
4169 66.0
4170 66.0
4171 66.0
4172 66.0
4173 66.0
4174 66.0
4175 66.0
4176 66.0
4177 66.0
4178 66.0
4179 66.0
4180 66.0
4181 66.0
4182 66.0
4183 66.0
4184 66.0
4185 66.0
4186 66.0
4187 66.0
4188 66.0
4189 66.0
4190 66.0
4191 66.0
4192 66.0
4193 66.0
4194 66.0
4195 66.0
4196 66.0
4197 66.0
4198 66.0
4199 66.0
4200 66.0
4201 66.0
4202 66.0
4203 66.0
4204 66.0
4205 66.0
4206 66.0
4207 66.0
4208 66.0
4209 66.0
4210 66.0
4211 66.0
4212 66.0
4213 66.0
4214 66.0
4215 66.0
4216 66.0
4217 66.0
4218 66.0
4219 66.0
4220 66.0
4221 66.0
4222 66.0
4223 66.0
4224 66.0
4225 66.0
4226 66.0
4227 66.0
4228 66.0
4229 66.0
4230 66.0
4231 66.0
4232 66.0
4233 66.0
4234 66.0
4235 66.0
4236 66.0
4237 66.0
4238 66.0
4239 66.0
4240 66.0
4241 66.0
4242 66.0
4243 66.0
4244 66.0
4245 66.0
4246 66.0
4247 66.0
4248 66.0
4249 66.0
4250 66.0
4251 66.0
4252 66.0
4253 66.0
4254 66.0
4255 66.0
4256 66.0
4257 66.0
4258 66.0
4259 66.0
4260 66.0
4261 66.0
4262 66.0
4263 66.0
4264 66.0
4265 66.0
4266 66.0
4267 66.0
4268 66.0
4269 66.0
4270 66.0
4271 66.0
4272 66.0
4273 66.0
4274 66.0
4275 66.0
4276 66.0
4277 66.0
4278 66.0
4279 66.0
4280 66.0
4281 66.0
4282 66.0
4283 66.0
4284 66.0
4285 66.0
4286 66.0
4287 66.0
4288 66.0
4289 66.0
4290 66.0
4291 66.0
4292 66.0
4293 66.0
4294 66.0
4295 66.0
4296 66.0
4297 66.0
4298 66.0
4299 66.0
4300 66.0
4301 66.0
4302 66.0
4303 66.0
4304 66.0
4305 66.0
4306 66.0
4307 66.0
4308 66.0
4309 66.0
4310 66.0
4311 66.0
4312 66.0
4313 66.0
4314 66.0
4315 66.0
4316 66.0
4317 66.0
4318 66.0
4319 66.0
4320 66.0
4321 66.0
4322 66.0
4323 66.0
4324 66.0
4325 66.0
4326 66.0
4327 66.0
4328 66.0
4329 66.0
4330 66.0
4331 66.0
4332 66.0
4333 66.0
4334 66.0
4335 66.0
4336 66.0
4337 66.0
4338 66.0
4339 66.0
4340 66.0
4341 66.0
4342 66.0
4343 66.0
4344 66.0
4345 66.0
4346 66.0
4347 66.0
4348 66.0
4349 66.0
4350 66.0
4351 66.0
4352 66.0
4353 66.0
4354 66.0
4355 66.0
4356 66.0
4357 66.0
4358 66.0
4359 66.0
4360 66.0
4361 66.0
4362 66.0
4363 66.0
4364 66.0
4365 66.0
4366 66.0
4367 66.0
4368 66.0
4369 66.0
4370 66.0
4371 66.0
4372 66.0
4373 66.0
4374 66.0
4375 66.0
4376 66.0
4377 66.0
4378 66.0
4379 66.0
4380 66.0
4381 66.0
4382 66.0
4383 66.0
4384 66.0
4385 66.0
4386 66.0
4387 66.0
4388 66.0
4389 66.0
4390 66.0
4391 66.0
4392 66.0
4393 66.0
4394 66.0
4395 66.0
4396 66.0
4397 66.0
4398 66.0
4399 66.0
4400 66.0
4401 66.0
4402 66.0
4403 66.0
4404 66.0
4405 66.0
4406 66.0
4407 66.0
4408 66.0
4409 66.0
4410 66.0
4411 66.0
4412 66.0
4413 66.0
4414 66.0
4415 66.0
4416 66.0
4417 66.0
4418 66.0
4419 66.0
4420 66.0
4421 66.0
4422 66.0
4423 66.0
4424 66.0
4425 66.0
4426 66.0
4427 66.0
4428 66.0
4429 66.0
4430 66.0
4431 66.0
4432 66.0
4433 66.0
4434 66.0
4435 66.0
4436 66.0
4437 66.0
4438 66.0
4439 66.0
4440 66.0
4441 66.0
4442 66.0
4443 66.0
4444 66.0
4445 66.0
4446 66.0
4447 66.0
4448 66.0
4449 66.0
4450 66.0
4451 66.0
4452 66.0
4453 66.0
4454 66.0
4455 66.0
4456 66.0
4457 66.0
4458 66.0
4459 66.0
4460 66.0
4461 66.0
4462 66.0
4463 66.0
4464 66.0
4465 66.0
4466 66.0
4467 66.0
4468 66.0
4469 66.0
4470 66.0
4471 66.0
4472 66.0
4473 66.0
4474 66.0
4475 66.0
4476 66.0
4477 66.0
4478 66.0
4479 66.0
4480 66.0
4481 66.0
4482 66.0
4483 66.0
4484 66.0
4485 66.0
4486 66.0
4487 66.0
4488 66.0
4489 66.0
4490 66.0
4491 66.0
4492 66.0
4493 66.0
4494 66.0
4495 66.0
4496 66.0
4497 66.0
4498 66.0
4499 66.0
4500 66.0
4501 66.0
4502 66.0
4503 66.0
4504 66.0
4505 66.0
4506 66.0
4507 66.0
4508 66.0
4509 66.0
4510 66.0
4511 66.0
4512 66.0
4513 66.0
4514 66.0
4515 66.0
4516 66.0
4517 66.0
4518 66.0
4519 66.0
4520 66.0
4521 66.0
4522 66.0
4523 66.0
4524 66.0
4525 66.0
4526 66.0
4527 66.0
4528 66.0
4529 66.0
4530 66.0
4531 66.0
4532 66.0
4533 66.0
4534 66.0
4535 66.0
4536 66.0
4537 66.0
4538 66.0
4539 66.0
4540 66.0
4541 66.0
4542 66.0
4543 66.0
4544 66.0
4545 66.0
4546 66.0
4547 66.0
4548 66.0
4549 66.0
4550 66.0
4551 66.0
4552 66.0
4553 66.0
4554 66.0
4555 66.0
4556 66.0
4557 66.0
4558 66.0
4559 66.0
4560 66.0
4561 66.0
4562 66.0
4563 66.0
4564 66.0
4565 66.0
4566 66.0
4567 69.0
4568 69.0
4569 69.0
4570 69.0
4571 69.0
4572 69.0
4573 69.0
4574 69.0
4575 69.0
4576 69.0
4577 69.0
4578 69.0
4579 69.0
4580 69.0
4581 69.0
4582 69.0
4583 69.0
4584 69.0
4585 69.0
4586 69.0
4587 69.0
4588 69.0
4589 69.0
4590 69.0
4591 69.0
4592 69.0
4593 69.0
4594 69.0
4595 69.0
4596 69.0
4597 69.0
4598 69.0
4599 69.0
4600 69.0
4601 69.0
4602 69.0
4603 69.0
4604 69.0
4605 69.0
4606 69.0
4607 69.0
4608 69.0
4609 69.0
4610 69.0
4611 69.0
4612 69.0
4613 69.0
4614 69.0
4615 69.0
4616 69.0
4617 69.0
4618 69.0
4619 69.0
4620 69.0
4621 69.0
4622 69.0
4623 69.0
4624 69.0
4625 69.0
4626 69.0
4627 69.0
4628 69.0
4629 69.0
4630 69.0
4631 69.0
4632 69.0
4633 69.0
4634 69.0
4635 69.0
4636 69.0
4637 69.0
4638 69.0
4639 69.0
4640 69.0
4641 69.0
4642 69.0
4643 69.0
4644 69.0
4645 69.0
4646 69.0
4647 69.0
4648 69.0
4649 69.0
4650 69.0
4651 69.0
4652 69.0
4653 69.0
4654 69.0
4655 69.0
4656 69.0
4657 69.0
4658 69.0
4659 69.0
4660 69.0
4661 69.0
4662 69.0
4663 69.0
4664 69.0
4665 69.0
4666 69.0
4667 69.0
4668 69.0
4669 69.0
4670 69.0
4671 69.0
4672 69.0
4673 69.0
4674 69.0
4675 69.0
4676 69.0
4677 69.0
4678 69.0
4679 69.0
4680 69.0
4681 69.0
4682 69.0
4683 69.0
4684 69.0
4685 69.0
4686 69.0
4687 69.0
4688 69.0
4689 69.0
4690 69.0
4691 69.0
4692 69.0
4693 69.0
4694 69.0
4695 69.0
4696 69.0
4697 69.0
4698 69.0
4699 69.0
4700 69.0
4701 69.0
4702 69.0
4703 69.0
4704 69.0
4705 69.0
4706 69.0
4707 69.0
4708 69.0
4709 69.0
4710 69.0
4711 69.0
4712 69.0
4713 69.0
4714 69.0
4715 69.0
4716 69.0
4717 69.0
4718 69.0
4719 69.0
4720 69.0
4721 69.0
4722 69.0
4723 69.0
4724 69.0
4725 69.0
4726 69.0
4727 69.0
4728 69.0
4729 69.0
4730 69.0
4731 69.0
4732 69.0
4733 69.0
4734 69.0
4735 69.0
4736 69.0
4737 69.0
4738 69.0
4739 69.0
4740 69.0
4741 69.0
4742 69.0
4743 69.0
4744 69.0
4745 69.0
4746 69.0
4747 69.0
4748 69.0
4749 69.0
4750 69.0
4751 69.0
4752 69.0
4753 69.0
4754 69.0
4755 69.0
4756 69.0
4757 69.0
4758 69.0
4759 69.0
4760 69.0
4761 69.0
4762 69.0
4763 69.0
4764 69.0
4765 69.0
4766 69.0
4767 69.0
4768 69.0
4769 69.0
4770 69.0
4771 69.0
4772 69.0
4773 69.0
4774 69.0
4775 69.0
4776 69.0
4777 69.0
4778 69.0
4779 69.0
4780 69.0
4781 69.0
4782 69.0
4783 69.0
4784 69.0
4785 69.0
4786 69.0
4787 69.0
4788 69.0
4789 69.0
4790 69.0
4791 69.0
4792 69.0
4793 69.0
4794 69.0
4795 69.0
4796 69.0
4797 69.0
4798 69.0
4799 69.0
4800 69.0
4801 69.0
4802 69.0
4803 69.0
4804 69.0
4805 69.0
4806 69.0
4807 69.0
4808 69.0
4809 69.0
4810 69.0
4811 69.0
4812 69.0
4813 69.0
4814 69.0
4815 69.0
4816 69.0
4817 69.0
4818 69.0
4819 69.0
4820 69.0
4821 69.0
4822 69.0
4823 69.0
4824 69.0
4825 69.0
4826 69.0
4827 69.0
4828 69.0
4829 69.0
4830 69.0
4831 69.0
4832 69.0
4833 69.0
4834 69.0
4835 69.0
4836 69.0
4837 69.0
4838 69.0
4839 69.0
4840 69.0
4841 69.0
4842 69.0
4843 69.0
4844 69.0
4845 69.0
4846 69.0
4847 69.0
4848 69.0
4849 69.0
4850 69.0
4851 69.0
4852 69.0
4853 69.0
4854 69.0
4855 69.0
4856 69.0
4857 69.0
4858 69.0
4859 69.0
4860 69.0
4861 69.0
4862 69.0
4863 69.0
4864 69.0
4865 69.0
4866 69.0
4867 69.0
4868 69.0
4869 69.0
4870 69.0
4871 69.0
4872 69.0
4873 69.0
4874 69.0
4875 69.0
4876 69.0
4877 69.0
4878 69.0
4879 69.0
4880 69.0
4881 69.0
4882 69.0
4883 69.0
4884 69.0
4885 69.0
4886 69.0
4887 69.0
4888 69.0
4889 69.0
4890 69.0
4891 69.0
4892 69.0
4893 69.0
4894 69.0
4895 69.0
4896 69.0
4897 69.0
4898 69.0
4899 69.0
4900 69.0
4901 69.0
4902 69.0
4903 69.0
4904 69.0
4905 69.0
4906 69.0
4907 69.0
4908 69.0
4909 69.0
4910 69.0
4911 69.0
4912 69.0
4913 69.0
4914 69.0
4915 69.0
4916 69.0
4917 69.0
4918 69.0
4919 69.0
4920 69.0
4921 69.0
4922 69.0
4923 69.0
4924 69.0
4925 69.0
4926 69.0
4927 69.0
4928 69.0
4929 69.0
4930 69.0
4931 69.0
4932 69.0
4933 69.0
4934 69.0
4935 69.0
4936 69.0
4937 69.0
4938 69.0
4939 69.0
4940 69.0
4941 69.0
4942 69.0
4943 69.0
4944 69.0
4945 69.0
4946 69.0
4947 69.0
4948 69.0
4949 69.0
4950 69.0
4951 69.0
4952 69.0
4953 69.0
4954 69.0
4955 69.0
4956 69.0
4957 69.0
4958 69.0
4959 69.0
4960 69.0
4961 69.0
4962 69.0
4963 69.0
4964 69.0
4965 69.0
4966 69.0
4967 69.0
4968 69.0
4969 69.0
4970 69.0
4971 69.0
4972 69.0
4973 69.0
4974 69.0
4975 69.0
4976 69.0
4977 69.0
4978 69.0
4979 69.0
4980 69.0
4981 69.0
4982 69.0
4983 69.0
4984 69.0
4985 69.0
4986 69.0
4987 69.0
4988 69.0
4989 69.0
4990 69.0
4991 69.0
4992 69.0
4993 69.0
4994 69.0
4995 69.0
4996 69.0
4997 69.0
4998 69.0
4999 69.0
5000 69.0
5001 69.0
5002 69.0
5003 69.0
5004 69.0
5005 69.0
5006 69.0
5007 69.0
5008 69.0
5009 69.0
5010 69.0
5011 69.0
5012 69.0
5013 69.0
5014 69.0
5015 69.0
5016 69.0
5017 69.0
5018 69.0
5019 69.0
5020 69.0
5021 69.0
5022 69.0
5023 69.0
5024 69.0
5025 69.0
5026 69.0
5027 69.0
5028 69.0
5029 69.0
5030 69.0
5031 69.0
5032 69.0
5033 69.0
5034 69.0
5035 69.0
5036 69.0
5037 69.0
5038 69.0
5039 69.0
5040 69.0
5041 69.0
5042 69.0
5043 69.0
5044 69.0
5045 69.0
5046 69.0
5047 69.0
5048 69.0
5049 69.0
5050 69.0
5051 69.0
5052 69.0
5053 69.0
5054 69.0
5055 69.0
5056 69.0
5057 69.0
5058 69.0
5059 69.0
5060 69.0
5061 69.0
5062 69.0
5063 69.0
5064 69.0
5065 69.0
5066 69.0
5067 69.0
5068 69.0
5069 69.0
5070 69.0
5071 69.0
5072 69.0
5073 69.0
5074 69.0
5075 69.0
5076 69.0
5077 69.0
5078 69.0
5079 69.0
5080 69.0
5081 69.0
5082 69.0
5083 69.0
5084 69.0
5085 69.0
5086 69.0
5087 69.0
5088 69.0
5089 69.0
5090 69.0
5091 69.0
5092 69.0
5093 69.0
5094 69.0
5095 69.0
5096 69.0
5097 69.0
5098 69.0
5099 69.0
5100 69.0
5101 69.0
5102 69.0
5103 69.0
5104 69.0
5105 69.0
5106 69.0
5107 69.0
5108 69.0
5109 69.0
5110 69.0
5111 69.0
5112 69.0
5113 69.0
5114 69.0
5115 69.0
5116 69.0
5117 69.0
5118 69.0
5119 69.0
5120 69.0
5121 69.0
5122 69.0
5123 69.0
5124 69.0
5125 69.0
5126 69.0
5127 69.0
5128 69.0
5129 69.0
5130 69.0
5131 69.0
5132 69.0
5133 69.0
5134 69.0
5135 69.0
5136 69.0
5137 69.0
5138 69.0
5139 69.0
5140 69.0
5141 69.0
5142 69.0
5143 69.0
5144 69.0
5145 69.0
5146 69.0
5147 69.0
5148 69.0
5149 69.0
5150 69.0
5151 69.0
5152 69.0
5153 69.0
5154 69.0
5155 69.0
5156 69.0
5157 69.0
5158 69.0
5159 69.0
5160 69.0
5161 69.0
5162 69.0
5163 69.0
5164 69.0
5165 69.0
5166 69.0
5167 69.0
5168 69.0
5169 69.0
5170 69.0
5171 69.0
5172 69.0
5173 69.0
5174 69.0
5175 69.0
5176 69.0
5177 69.0
5178 69.0
5179 69.0
5180 69.0
5181 69.0
5182 69.0
5183 69.0
5184 69.0
5185 69.0
5186 69.0
5187 69.0
5188 69.0
5189 69.0
5190 69.0
5191 69.0
5192 69.0
5193 69.0
5194 69.0
5195 69.0
5196 69.0
5197 69.0
5198 69.0
5199 69.0
5200 69.0
5201 69.0
5202 69.0
5203 69.0
5204 69.0
5205 69.0
5206 69.0
5207 69.0
5208 69.0
5209 69.0
5210 69.0
5211 69.0
5212 69.0
5213 69.0
5214 69.0
5215 69.0
5216 69.0
5217 69.0
5218 69.0
5219 69.0
5220 69.0
5221 69.0
5222 69.0
5223 69.0
5224 69.0
5225 69.0
5226 69.0
5227 69.0
5228 69.0
5229 69.0
5230 69.0
5231 69.0
5232 69.0
5233 69.0
5234 69.0
5235 69.0
5236 69.0
5237 69.0
5238 69.0
5239 69.0
5240 69.0
5241 69.0
5242 69.0
5243 69.0
5244 69.0
5245 69.0
5246 69.0
5247 69.0
5248 69.0
5249 69.0
5250 69.0
5251 69.0
5252 69.0
5253 69.0
5254 69.0
5255 69.0
5256 69.0
5257 69.0
5258 69.0
5259 69.0
5260 69.0
5261 69.0
5262 69.0
5263 69.0
5264 69.0
5265 69.0
5266 69.0
5267 69.0
5268 69.0
5269 69.0
5270 69.0
5271 69.0
5272 69.0
5273 69.0
5274 69.0
5275 69.0
5276 69.0
5277 69.0
5278 69.0
5279 69.0
5280 69.0
5281 69.0
5282 69.0
5283 69.0
5284 69.0
5285 69.0
5286 69.0
5287 69.0
5288 69.0
5289 69.0
5290 69.0
5291 69.0
5292 69.0
5293 69.0
5294 69.0
5295 69.0
5296 69.0
5297 69.0
5298 69.0
5299 69.0
5300 69.0
5301 69.0
5302 69.0
5303 69.0
5304 69.0
5305 69.0
5306 69.0
5307 69.0
5308 69.0
5309 69.0
5310 69.0
5311 69.0
5312 69.0
5313 69.0
5314 69.0
5315 69.0
5316 69.0
5317 69.0
5318 69.0
5319 69.0
5320 69.0
5321 69.0
5322 69.0
5323 69.0
5324 69.0
5325 69.0
5326 69.0
5327 69.0
5328 69.0
5329 69.0
5330 69.0
5331 69.0
5332 69.0
5333 69.0
5334 69.0
5335 69.0
5336 69.0
5337 69.0
5338 69.0
5339 69.0
5340 69.0
5341 69.0
5342 69.0
5343 69.0
5344 69.0
5345 69.0
5346 69.0
5347 69.0
5348 69.0
5349 69.0
5350 69.0
5351 69.0
5352 69.0
5353 69.0
5354 69.0
5355 69.0
5356 69.0
5357 69.0
5358 69.0
5359 69.0
5360 69.0
5361 69.0
5362 69.0
5363 69.0
5364 69.0
5365 69.0
5366 69.0
5367 69.0
5368 69.0
5369 69.0
5370 69.0
5371 69.0
5372 69.0
5373 69.0
5374 69.0
5375 69.0
5376 69.0
5377 69.0
5378 69.0
5379 69.0
5380 69.0
5381 69.0
5382 69.0
5383 69.0
5384 69.0
5385 69.0
5386 69.0
5387 69.0
5388 69.0
5389 69.0
5390 69.0
5391 69.0
5392 69.0
5393 69.0
5394 69.0
5395 69.0
5396 69.0
5397 69.0
5398 69.0
5399 69.0
5400 69.0
5401 69.0
5402 69.0
5403 69.0
5404 69.0
5405 69.0
5406 69.0
5407 69.0
5408 69.0
5409 69.0
5410 69.0
5411 69.0
5412 69.0
5413 69.0
5414 69.0
5415 69.0
5416 69.0
5417 69.0
5418 69.0
5419 69.0
5420 69.0
5421 69.0
5422 69.0
5423 69.0
5424 69.0
5425 69.0
5426 69.0
5427 69.0
5428 69.0
5429 69.0
5430 69.0
5431 69.0
5432 69.0
5433 69.0
5434 69.0
5435 69.0
5436 69.0
5437 69.0
5438 69.0
5439 69.0
5440 69.0
5441 69.0
5442 69.0
5443 69.0
5444 69.0
5445 69.0
5446 69.0
5447 69.0
5448 69.0
5449 69.0
5450 69.0
5451 69.0
5452 69.0
5453 69.0
5454 69.0
5455 69.0
5456 69.0
5457 69.0
5458 69.0
5459 69.0
5460 69.0
5461 69.0
5462 69.0
5463 69.0
5464 69.0
5465 69.0
5466 69.0
5467 69.0
5468 69.0
5469 69.0
5470 69.0
5471 69.0
5472 69.0
5473 69.0
5474 69.0
5475 69.0
5476 69.0
5477 69.0
5478 69.0
5479 69.0
5480 69.0
5481 69.0
5482 69.0
5483 69.0
5484 69.0
5485 69.0
5486 69.0
5487 69.0
5488 69.0
5489 69.0
5490 69.0
5491 69.0
5492 69.0
5493 69.0
5494 69.0
5495 69.0
5496 69.0
5497 69.0
5498 69.0
5499 69.0
5500 69.0
5501 69.0
5502 69.0
5503 69.0
5504 69.0
5505 69.0
5506 69.0
5507 69.0
5508 69.0
5509 69.0
5510 69.0
5511 69.0
5512 69.0
5513 69.0
5514 69.0
5515 69.0
5516 69.0
5517 69.0
5518 69.0
5519 69.0
5520 69.0
5521 69.0
5522 69.0
5523 69.0
5524 69.0
5525 69.0
5526 69.0
5527 69.0
5528 69.0
5529 69.0
5530 69.0
5531 69.0
5532 69.0
5533 69.0
5534 69.0
5535 69.0
5536 69.0
5537 69.0
5538 69.0
5539 69.0
5540 69.0
5541 69.0
5542 69.0
5543 69.0
5544 69.0
5545 69.0
5546 69.0
5547 69.0
5548 69.0
5549 69.0
5550 69.0
5551 69.0
5552 69.0
5553 69.0
5554 69.0
5555 69.0
5556 69.0
5557 69.0
5558 69.0
5559 69.0
5560 69.0
5561 69.0
5562 69.0
5563 69.0
5564 69.0
5565 69.0
5566 69.0
5567 69.0
5568 69.0
5569 69.0
5570 69.0
5571 69.0
5572 69.0
5573 69.0
5574 69.0
5575 69.0
5576 69.0
5577 69.0
5578 69.0
5579 69.0
5580 69.0
5581 69.0
5582 69.0
5583 69.0
5584 69.0
5585 69.0
5586 69.0
5587 69.0
5588 69.0
5589 69.0
5590 69.0
5591 69.0
5592 69.0
5593 69.0
5594 69.0
5595 69.0
5596 69.0
5597 69.0
5598 69.0
5599 69.0
5600 69.0
5601 69.0
5602 69.0
5603 69.0
5604 69.0
5605 69.0
5606 69.0
5607 69.0
5608 69.0
5609 69.0
5610 69.0
5611 69.0
5612 69.0
5613 69.0
5614 69.0
5615 69.0
5616 69.0
5617 69.0
5618 69.0
5619 69.0
5620 69.0
5621 69.0
5622 69.0
5623 69.0
5624 69.0
5625 69.0
5626 69.0
5627 69.0
5628 69.0
5629 69.0
5630 69.0
5631 69.0
5632 69.0
5633 69.0
5634 69.0
5635 69.0
5636 69.0
5637 69.0
5638 69.0
5639 69.0
5640 69.0
5641 69.0
5642 69.0
5643 69.0
5644 69.0
5645 69.0
5646 69.0
5647 69.0
5648 69.0
5649 69.0
5650 69.0
5651 69.0
5652 69.0
5653 69.0
5654 69.0
5655 69.0
5656 69.0
5657 69.0
5658 69.0
5659 69.0
5660 69.0
5661 69.0
5662 69.0
5663 69.0
5664 69.0
5665 69.0
5666 69.0
5667 69.0
5668 69.0
5669 69.0
5670 69.0
5671 69.0
5672 69.0
5673 69.0
5674 69.0
5675 69.0
5676 69.0
5677 69.0
5678 69.0
5679 69.0
5680 69.0
5681 69.0
5682 69.0
5683 69.0
5684 69.0
5685 69.0
5686 69.0
5687 69.0
5688 69.0
5689 69.0
5690 69.0
5691 69.0
5692 69.0
5693 69.0
5694 69.0
5695 69.0
5696 69.0
5697 69.0
5698 69.0
5699 69.0
5700 69.0
5701 69.0
5702 69.0
5703 69.0
5704 69.0
5705 69.0
5706 69.0
5707 69.0
5708 69.0
5709 69.0
5710 69.0
5711 69.0
5712 69.0
5713 69.0
5714 69.0
5715 69.0
5716 69.0
5717 69.0
5718 69.0
5719 69.0
5720 69.0
5721 69.0
5722 69.0
5723 69.0
5724 69.0
5725 69.0
5726 69.0
5727 69.0
5728 69.0
5729 69.0
5730 69.0
5731 69.0
5732 69.0
5733 69.0
5734 69.0
5735 69.0
5736 69.0
5737 69.0
5738 69.0
5739 69.0
5740 69.0
5741 69.0
5742 69.0
5743 69.0
5744 69.0
5745 69.0
5746 69.0
5747 69.0
5748 69.0
5749 69.0
5750 69.0
5751 69.0
5752 69.0
5753 69.0
5754 69.0
5755 69.0
5756 69.0
5757 69.0
5758 69.0
5759 69.0
5760 69.0
5761 69.0
5762 69.0
5763 69.0
5764 69.0
5765 69.0
5766 69.0
5767 69.0
5768 69.0
5769 69.0
5770 69.0
5771 69.0
5772 69.0
5773 69.0
5774 69.0
5775 69.0
5776 69.0
5777 69.0
5778 69.0
5779 69.0
5780 69.0
5781 69.0
5782 69.0
5783 69.0
5784 69.0
5785 69.0
5786 69.0
5787 69.0
5788 69.0
5789 69.0
5790 69.0
5791 69.0
5792 69.0
5793 69.0
5794 69.0
5795 69.0
5796 69.0
5797 69.0
5798 69.0
5799 69.0
5800 69.0
5801 69.0
5802 69.0
5803 69.0
5804 69.0
5805 69.0
5806 69.0
5807 69.0
5808 69.0
5809 69.0
5810 69.0
5811 69.0
5812 69.0
5813 69.0
5814 69.0
5815 69.0
5816 69.0
5817 69.0
5818 69.0
5819 69.0
5820 69.0
5821 69.0
5822 69.0
5823 69.0
5824 69.0
5825 69.0
5826 69.0
5827 69.0
5828 69.0
5829 69.0
5830 69.0
5831 69.0
5832 69.0
5833 69.0
5834 69.0
5835 69.0
5836 69.0
5837 69.0
5838 69.0
5839 69.0
5840 69.0
5841 69.0
5842 69.0
5843 69.0
5844 69.0
5845 69.0
5846 69.0
5847 69.0
5848 69.0
5849 69.0
5850 69.0
5851 69.0
5852 69.0
5853 69.0
5854 69.0
5855 69.0
5856 69.0
5857 69.0
5858 69.0
5859 69.0
5860 69.0
5861 69.0
5862 69.0
5863 69.0
5864 69.0
5865 69.0
5866 69.0
5867 69.0
5868 69.0
5869 69.0
5870 69.0
5871 69.0
5872 69.0
5873 69.0
5874 69.0
5875 69.0
5876 69.0
5877 69.0
5878 69.0
5879 69.0
5880 69.0
5881 69.0
5882 69.0
5883 69.0
5884 69.0
5885 69.0
5886 69.0
5887 69.0
5888 69.0
5889 69.0
5890 69.0
5891 69.0
5892 69.0
5893 69.0
5894 69.0
5895 69.0
5896 69.0
5897 69.0
5898 69.0
5899 69.0
5900 69.0
5901 69.0
5902 69.0
5903 69.0
5904 69.0
5905 69.0
5906 69.0
5907 69.0
5908 69.0
5909 69.0
5910 69.0
5911 69.0
5912 69.0
5913 69.0
5914 69.0
5915 69.0
5916 69.0
5917 69.0
5918 69.0
5919 69.0
5920 69.0
5921 69.0
5922 69.0
5923 69.0
5924 69.0
5925 69.0
5926 69.0
5927 69.0
5928 69.0
5929 69.0
5930 69.0
5931 69.0
5932 69.0
5933 69.0
5934 69.0
5935 69.0
5936 69.0
5937 69.0
5938 69.0
5939 69.0
5940 69.0
5941 69.0
5942 69.0
5943 69.0
5944 69.0
5945 69.0
5946 69.0
5947 69.0
5948 69.0
5949 69.0
5950 69.0
5951 69.0
5952 69.0
5953 69.0
5954 69.0
5955 69.0
5956 69.0
5957 69.0
5958 69.0
5959 69.0
5960 69.0
5961 69.0
5962 69.0
5963 69.0
5964 69.0
5965 69.0
5966 69.0
5967 69.0
5968 69.0
5969 69.0
5970 69.0
5971 69.0
5972 69.0
5973 69.0
5974 69.0
5975 69.0
5976 69.0
5977 69.0
5978 69.0
5979 69.0
5980 69.0
5981 69.0
5982 69.0
5983 69.0
5984 69.0
5985 69.0
5986 69.0
5987 69.0
5988 69.0
5989 69.0
5990 69.0
5991 69.0
5992 69.0
5993 69.0
5994 69.0
5995 69.0
5996 69.0
5997 69.0
5998 69.0
5999 69.0
6000 69.0
6001 69.0
6002 69.0
6003 69.0
6004 69.0
6005 69.0
6006 69.0
6007 69.0
6008 69.0
6009 69.0
6010 69.0
6011 69.0
6012 69.0
6013 69.0
6014 69.0
6015 69.0
6016 69.0
6017 69.0
6018 69.0
6019 69.0
6020 69.0
6021 69.0
6022 69.0
6023 69.0
6024 69.0
6025 69.0
6026 69.0
6027 69.0
6028 69.0
6029 69.0
6030 69.0
6031 69.0
6032 69.0
6033 69.0
6034 69.0
6035 69.0
6036 69.0
6037 69.0
6038 69.0
6039 69.0
6040 69.0
6041 69.0
6042 69.0
6043 69.0
6044 69.0
6045 69.0
6046 69.0
6047 69.0
6048 69.0
6049 69.0
6050 69.0
6051 69.0
6052 69.0
6053 69.0
6054 69.0
6055 69.0
6056 69.0
6057 69.0
6058 69.0
6059 69.0
6060 69.0
6061 69.0
6062 69.0
6063 69.0
6064 69.0
6065 69.0
6066 69.0
6067 69.0
6068 69.0
6069 69.0
6070 69.0
6071 69.0
6072 69.0
6073 69.0
6074 69.0
6075 69.0
6076 69.0
6077 69.0
6078 69.0
6079 69.0
6080 69.0
6081 69.0
6082 69.0
6083 69.0
6084 69.0
6085 69.0
6086 69.0
6087 69.0
6088 69.0
6089 69.0
6090 69.0
6091 69.0
6092 69.0
6093 69.0
6094 69.0
6095 69.0
6096 69.0
6097 69.0
6098 69.0
6099 69.0
6100 69.0
6101 69.0
6102 69.0
6103 69.0
6104 69.0
6105 69.0
6106 69.0
6107 69.0
6108 69.0
6109 69.0
6110 69.0
6111 69.0
6112 69.0
6113 69.0
6114 69.0
6115 69.0
6116 69.0
6117 69.0
6118 69.0
6119 69.0
6120 69.0
6121 69.0
6122 69.0
6123 69.0
6124 69.0
6125 69.0
6126 69.0
6127 69.0
6128 69.0
6129 69.0
6130 69.0
6131 69.0
6132 69.0
6133 69.0
6134 69.0
6135 69.0
6136 69.0
6137 69.0
6138 69.0
6139 69.0
6140 69.0
6141 69.0
6142 69.0
6143 69.0
6144 69.0
6145 69.0
6146 69.0
6147 69.0
6148 69.0
6149 69.0
6150 69.0
6151 69.0
6152 69.0
6153 69.0
6154 69.0
6155 69.0
6156 69.0
6157 69.0
6158 69.0
6159 69.0
6160 69.0
6161 69.0
6162 69.0
6163 69.0
6164 69.0
6165 69.0
6166 69.0
6167 69.0
6168 69.0
6169 69.0
6170 69.0
6171 69.0
6172 69.0
6173 69.0
6174 69.0
6175 69.0
6176 69.0
6177 69.0
6178 69.0
6179 69.0
6180 69.0
6181 69.0
6182 69.0
6183 69.0
6184 69.0
6185 69.0
6186 69.0
6187 69.0
6188 69.0
6189 69.0
6190 69.0
6191 69.0
6192 69.0
6193 69.0
6194 69.0
6195 69.0
6196 69.0
6197 69.0
6198 69.0
6199 69.0
6200 69.0
6201 69.0
6202 69.0
6203 69.0
6204 69.0
6205 69.0
6206 69.0
6207 69.0
6208 69.0
6209 69.0
6210 69.0
6211 69.0
6212 69.0
6213 69.0
6214 69.0
6215 69.0
6216 69.0
6217 69.0
6218 69.0
6219 69.0
6220 69.0
6221 69.0
6222 69.0
6223 69.0
6224 69.0
6225 69.0
6226 69.0
6227 69.0
6228 69.0
6229 69.0
6230 69.0
6231 69.0
6232 69.0
6233 69.0
6234 69.0
6235 69.0
6236 69.0
6237 69.0
6238 69.0
6239 69.0
6240 69.0
6241 69.0
6242 69.0
6243 69.0
6244 69.0
6245 69.0
6246 69.0
6247 69.0
6248 69.0
6249 69.0
6250 69.0
6251 69.0
6252 69.0
6253 69.0
6254 69.0
6255 69.0
6256 69.0
6257 69.0
6258 69.0
6259 69.0
6260 69.0
6261 69.0
6262 69.0
6263 69.0
6264 69.0
6265 69.0
6266 69.0
6267 69.0
6268 69.0
6269 69.0
6270 69.0
6271 69.0
6272 69.0
6273 69.0
6274 69.0
6275 69.0
6276 69.0
6277 69.0
6278 69.0
6279 69.0
6280 69.0
6281 69.0
6282 69.0
6283 69.0
6284 69.0
6285 69.0
6286 69.0
6287 69.0
6288 69.0
6289 69.0
6290 69.0
6291 69.0
6292 69.0
6293 69.0
6294 69.0
6295 69.0
6296 69.0
6297 69.0
6298 69.0
6299 69.0
6300 69.0
6301 69.0
6302 69.0
6303 69.0
6304 69.0
6305 69.0
6306 69.0
6307 69.0
6308 69.0
6309 69.0
6310 69.0
6311 69.0
6312 69.0
6313 69.0
6314 69.0
6315 69.0
6316 69.0
6317 69.0
6318 69.0
6319 69.0
6320 69.0
6321 69.0
6322 69.0
6323 69.0
6324 69.0
6325 69.0
6326 69.0
6327 69.0
6328 69.0
6329 69.0
6330 69.0
6331 69.0
6332 69.0
6333 69.0
6334 69.0
6335 69.0
6336 69.0
6337 69.0
6338 69.0
6339 69.0
6340 69.0
6341 69.0
6342 69.0
6343 69.0
6344 69.0
6345 69.0
6346 69.0
6347 69.0
6348 69.0
6349 69.0
6350 69.0
6351 69.0
6352 69.0
6353 69.0
6354 69.0
6355 69.0
6356 69.0
6357 69.0
6358 69.0
6359 69.0
6360 69.0
6361 69.0
6362 69.0
6363 69.0
6364 69.0
6365 69.0
6366 69.0
6367 69.0
6368 69.0
6369 69.0
6370 69.0
6371 69.0
6372 69.0
6373 69.0
6374 69.0
6375 69.0
6376 69.0
6377 69.0
6378 69.0
6379 69.0
6380 69.0
6381 69.0
6382 69.0
6383 69.0
6384 69.0
6385 69.0
6386 69.0
6387 69.0
6388 69.0
6389 69.0
6390 69.0
6391 69.0
6392 69.0
6393 69.0
6394 69.0
6395 69.0
6396 69.0
6397 69.0
6398 69.0
6399 69.0
6400 69.0
6401 69.0
6402 69.0
6403 69.0
6404 69.0
6405 69.0
6406 69.0
6407 69.0
6408 69.0
6409 69.0
6410 69.0
6411 69.0
6412 69.0
6413 69.0
6414 69.0
6415 69.0
6416 69.0
6417 69.0
6418 69.0
6419 69.0
6420 69.0
6421 69.0
6422 69.0
6423 69.0
6424 69.0
6425 69.0
6426 69.0
6427 69.0
6428 69.0
6429 69.0
6430 69.0
6431 69.0
6432 69.0
6433 69.0
6434 69.0
6435 69.0
6436 69.0
6437 69.0
6438 69.0
6439 69.0
6440 69.0
6441 69.0
6442 69.0
6443 69.0
6444 69.0
6445 69.0
6446 69.0
6447 69.0
6448 69.0
6449 69.0
6450 69.0
6451 69.0
6452 69.0
6453 69.0
6454 69.0
6455 69.0
6456 69.0
6457 69.0
6458 69.0
6459 69.0
6460 69.0
6461 69.0
6462 69.0
6463 69.0
6464 69.0
6465 69.0
6466 69.0
6467 69.0
6468 69.0
6469 69.0
6470 69.0
6471 69.0
6472 69.0
6473 69.0
6474 69.0
6475 69.0
6476 69.0
6477 69.0
6478 69.0
6479 69.0
6480 69.0
6481 69.0
6482 69.0
6483 69.0
6484 69.0
6485 69.0
6486 69.0
6487 69.0
6488 69.0
6489 69.0
6490 69.0
6491 69.0
6492 69.0
6493 69.0
6494 69.0
6495 69.0
6496 69.0
6497 69.0
6498 69.0
6499 69.0
6500 69.0
6501 69.0
6502 69.0
6503 69.0
6504 69.0
6505 69.0
6506 69.0
6507 69.0
6508 69.0
6509 69.0
6510 69.0
6511 69.0
6512 69.0
6513 69.0
6514 69.0
6515 69.0
6516 69.0
6517 69.0
6518 69.0
6519 69.0
6520 69.0
6521 69.0
6522 69.0
6523 69.0
6524 69.0
6525 69.0
6526 69.0
6527 69.0
6528 69.0
6529 69.0
6530 69.0
6531 69.0
6532 69.0
6533 69.0
6534 69.0
6535 69.0
6536 69.0
6537 69.0
6538 69.0
6539 69.0
6540 69.0
6541 69.0
6542 69.0
6543 69.0
6544 69.0
6545 69.0
6546 69.0
6547 69.0
6548 69.0
6549 69.0
6550 69.0
6551 69.0
6552 69.0
6553 69.0
6554 69.0
6555 69.0
6556 69.0
6557 69.0
6558 69.0
6559 69.0
6560 69.0
6561 69.0
6562 69.0
6563 69.0
6564 69.0
6565 69.0
6566 69.0
6567 69.0
6568 69.0
6569 69.0
6570 69.0
6571 69.0
6572 69.0
6573 69.0
6574 69.0
6575 69.0
6576 69.0
6577 69.0
6578 69.0
6579 69.0
6580 69.0
6581 69.0
6582 69.0
6583 69.0
6584 69.0
6585 69.0
6586 69.0
6587 69.0
6588 69.0
6589 69.0
6590 69.0
6591 69.0
6592 69.0
6593 69.0
6594 69.0
6595 69.0
6596 69.0
6597 69.0
6598 69.0
6599 69.0
6600 69.0
6601 69.0
6602 69.0
6603 69.0
6604 69.0
6605 69.0
6606 69.0
6607 69.0
6608 69.0
6609 69.0
6610 69.0
6611 69.0
6612 69.0
6613 69.0
6614 69.0
6615 69.0
6616 69.0
6617 69.0
6618 69.0
6619 69.0
6620 69.0
6621 69.0
6622 69.0
6623 69.0
6624 69.0
6625 69.0
6626 69.0
6627 69.0
6628 69.0
6629 69.0
6630 69.0
6631 69.0
6632 69.0
6633 69.0
6634 69.0
6635 69.0
6636 69.0
6637 69.0
6638 69.0
6639 69.0
6640 69.0
6641 69.0
6642 69.0
6643 69.0
6644 69.0
6645 69.0
6646 69.0
6647 69.0
6648 69.0
6649 69.0
6650 69.0
6651 69.0
6652 69.0
6653 69.0
6654 69.0
6655 69.0
6656 69.0
6657 69.0
6658 69.0
6659 69.0
6660 69.0
6661 69.0
6662 69.0
6663 69.0
6664 69.0
6665 69.0
6666 69.0
6667 69.0
6668 69.0
6669 69.0
6670 69.0
6671 69.0
6672 69.0
6673 69.0
6674 69.0
6675 69.0
6676 69.0
6677 69.0
6678 69.0
6679 69.0
6680 69.0
6681 69.0
6682 69.0
6683 69.0
6684 69.0
6685 69.0
6686 69.0
6687 69.0
6688 69.0
6689 69.0
6690 69.0
6691 69.0
6692 69.0
6693 69.0
6694 69.0
6695 69.0
6696 69.0
6697 69.0
6698 69.0
6699 69.0
6700 69.0
6701 69.0
6702 69.0
6703 69.0
6704 69.0
6705 69.0
6706 69.0
6707 69.0
6708 69.0
6709 69.0
6710 69.0
6711 69.0
6712 69.0
6713 69.0
6714 69.0
6715 69.0
6716 69.0
6717 69.0
6718 69.0
6719 69.0
6720 69.0
6721 69.0
6722 69.0
6723 69.0
6724 69.0
6725 69.0
6726 69.0
6727 69.0
6728 69.0
6729 69.0
6730 69.0
6731 69.0
6732 69.0
6733 69.0
6734 69.0
6735 69.0
6736 69.0
6737 69.0
6738 69.0
6739 69.0
6740 69.0
6741 69.0
6742 69.0
6743 69.0
6744 69.0
6745 69.0
6746 69.0
6747 69.0
6748 69.0
6749 69.0
6750 69.0
6751 69.0
6752 69.0
6753 69.0
6754 69.0
6755 69.0
6756 69.0
6757 69.0
6758 69.0
6759 69.0
6760 69.0
6761 69.0
6762 69.0
6763 69.0
6764 69.0
6765 69.0
6766 69.0
6767 69.0
6768 69.0
6769 69.0
6770 69.0
6771 69.0
6772 69.0
6773 69.0
6774 69.0
6775 69.0
6776 69.0
6777 69.0
6778 69.0
6779 69.0
6780 69.0
6781 69.0
6782 69.0
6783 69.0
6784 69.0
6785 69.0
6786 69.0
6787 69.0
6788 69.0
6789 69.0
6790 69.0
6791 69.0
6792 69.0
6793 69.0
6794 69.0
6795 69.0
6796 69.0
6797 69.0
6798 69.0
6799 69.0
6800 69.0
6801 69.0
6802 69.0
6803 69.0
6804 69.0
6805 69.0
6806 69.0
6807 69.0
6808 69.0
6809 69.0
6810 69.0
6811 69.0
6812 69.0
6813 69.0
6814 69.0
6815 69.0
6816 69.0
6817 69.0
6818 69.0
6819 69.0
6820 69.0
6821 69.0
6822 69.0
6823 69.0
6824 69.0
6825 69.0
6826 69.0
6827 69.0
6828 69.0
6829 69.0
6830 69.0
6831 69.0
6832 69.0
6833 69.0
6834 69.0
6835 69.0
6836 69.0
6837 69.0
6838 69.0
6839 69.0
6840 69.0
6841 69.0
6842 69.0
6843 69.0
6844 69.0
6845 69.0
6846 69.0
6847 69.0
6848 69.0
6849 69.0
6850 69.0
6851 69.0
6852 69.0
6853 69.0
6854 69.0
6855 69.0
6856 69.0
6857 69.0
6858 69.0
6859 69.0
6860 69.0
6861 69.0
6862 69.0
6863 69.0
6864 69.0
6865 69.0
6866 69.0
6867 69.0
6868 69.0
6869 69.0
6870 69.0
6871 69.0
6872 69.0
6873 69.0
6874 69.0
6875 69.0
6876 69.0
6877 69.0
6878 69.0
6879 69.0
6880 69.0
6881 69.0
6882 69.0
6883 69.0
6884 69.0
6885 69.0
6886 69.0
6887 69.0
6888 69.0
6889 69.0
6890 69.0
6891 69.0
6892 69.0
6893 69.0
6894 69.0
6895 69.0
6896 69.0
6897 69.0
6898 69.0
6899 69.0
6900 69.0
6901 69.0
6902 69.0
6903 69.0
6904 69.0
6905 69.0
6906 69.0
6907 69.0
6908 69.0
6909 69.0
6910 69.0
6911 69.0
6912 69.0
6913 69.0
6914 69.0
6915 69.0
6916 69.0
6917 69.0
6918 69.0
6919 69.0
6920 69.0
6921 69.0
6922 69.0
6923 69.0
6924 69.0
6925 69.0
6926 69.0
6927 69.0
6928 69.0
6929 69.0
6930 69.0
6931 69.0
6932 69.0
6933 69.0
6934 69.0
6935 69.0
6936 69.0
6937 69.0
6938 69.0
6939 69.0
6940 69.0
6941 69.0
6942 69.0
6943 69.0
6944 69.0
6945 69.0
6946 69.0
6947 69.0
6948 69.0
6949 69.0
6950 69.0
6951 69.0
6952 69.0
6953 69.0
6954 69.0
6955 69.0
6956 69.0
6957 69.0
6958 69.0
6959 69.0
6960 69.0
6961 69.0
6962 69.0
6963 69.0
6964 69.0
6965 69.0
6966 69.0
6967 69.0
6968 69.0
6969 69.0
6970 69.0
6971 69.0
6972 69.0
6973 69.0
6974 69.0
6975 69.0
6976 69.0
6977 69.0
6978 69.0
6979 69.0
6980 69.0
6981 69.0
6982 69.0
6983 69.0
6984 69.0
6985 69.0
6986 69.0
6987 69.0
6988 69.0
6989 69.0
6990 69.0
6991 69.0
6992 69.0
6993 69.0
6994 69.0
6995 69.0
6996 69.0
6997 69.0
6998 69.0
6999 69.0
7000 69.0
7001 69.0
7002 69.0
7003 69.0
7004 69.0
7005 69.0
7006 69.0
7007 69.0
7008 69.0
7009 69.0
7010 69.0
7011 69.0
7012 69.0
7013 69.0
7014 69.0
7015 69.0
7016 69.0
7017 69.0
7018 69.0
7019 69.0
7020 69.0
7021 69.0
7022 69.0
7023 69.0
7024 69.0
7025 69.0
7026 69.0
7027 69.0
7028 69.0
7029 69.0
7030 69.0
7031 69.0
7032 69.0
7033 69.0
7034 69.0
7035 69.0
7036 69.0
7037 69.0
7038 69.0
7039 69.0
7040 69.0
7041 69.0
7042 69.0
7043 69.0
7044 69.0
7045 69.0
7046 69.0
7047 69.0
7048 69.0
7049 69.0
7050 69.0
7051 69.0
7052 69.0
7053 69.0
7054 69.0
7055 69.0
7056 69.0
7057 69.0
7058 69.0
7059 69.0
7060 69.0
7061 69.0
7062 69.0
7063 69.0
7064 69.0
7065 69.0
7066 69.0
7067 69.0
7068 69.0
7069 69.0
7070 69.0
7071 69.0
7072 69.0
7073 69.0
7074 69.0
7075 69.0
7076 69.0
7077 69.0
7078 69.0
7079 69.0
7080 69.0
7081 69.0
7082 69.0
7083 69.0
7084 69.0
7085 69.0
7086 69.0
7087 69.0
7088 69.0
7089 69.0
7090 69.0
7091 69.0
7092 69.0
7093 69.0
7094 69.0
7095 69.0
7096 69.0
7097 69.0
7098 69.0
7099 69.0
7100 69.0
7101 69.0
7102 69.0
7103 69.0
7104 69.0
7105 69.0
7106 69.0
7107 69.0
7108 69.0
7109 69.0
7110 69.0
7111 69.0
7112 69.0
7113 69.0
7114 69.0
7115 69.0
7116 69.0
7117 69.0
7118 69.0
7119 69.0
7120 69.0
7121 69.0
7122 69.0
7123 69.0
7124 69.0
7125 69.0
7126 69.0
7127 69.0
7128 69.0
7129 69.0
7130 69.0
7131 69.0
7132 69.0
7133 69.0
7134 69.0
7135 69.0
7136 69.0
7137 69.0
7138 69.0
7139 69.0
7140 69.0
7141 69.0
7142 69.0
7143 69.0
7144 69.0
7145 69.0
7146 69.0
7147 69.0
7148 69.0
7149 69.0
7150 69.0
7151 69.0
7152 69.0
7153 69.0
7154 69.0
7155 69.0
7156 69.0
7157 69.0
7158 69.0
7159 69.0
7160 69.0
7161 69.0
7162 69.0
7163 69.0
7164 69.0
7165 69.0
7166 69.0
7167 69.0
7168 69.0
7169 69.0
7170 69.0
7171 69.0
7172 69.0
7173 69.0
7174 69.0
7175 69.0
7176 69.0
7177 69.0
7178 69.0
7179 69.0
7180 69.0
7181 69.0
7182 69.0
7183 69.0
7184 69.0
7185 69.0
7186 69.0
7187 69.0
7188 69.0
7189 69.0
7190 69.0
7191 69.0
7192 69.0
7193 69.0
7194 69.0
7195 69.0
7196 69.0
7197 69.0
7198 69.0
7199 69.0
7200 69.0
7201 69.0
7202 69.0
7203 69.0
7204 69.0
7205 69.0
7206 69.0
7207 69.0
7208 69.0
7209 69.0
7210 69.0
7211 69.0
7212 69.0
7213 69.0
7214 69.0
7215 69.0
7216 69.0
7217 69.0
7218 69.0
7219 69.0
7220 69.0
7221 69.0
7222 69.0
7223 69.0
7224 69.0
7225 69.0
7226 69.0
7227 69.0
7228 69.0
7229 69.0
7230 69.0
7231 69.0
7232 69.0
7233 69.0
7234 69.0
7235 69.0
7236 69.0
7237 69.0
7238 69.0
7239 69.0
7240 69.0
7241 69.0
7242 69.0
7243 69.0
7244 69.0
7245 69.0
7246 69.0
7247 69.0
7248 69.0
7249 69.0
7250 69.0
7251 69.0
7252 69.0
7253 69.0
7254 69.0
7255 69.0
7256 69.0
7257 69.0
7258 69.0
7259 69.0
7260 69.0
7261 69.0
7262 69.0
7263 69.0
7264 69.0
7265 69.0
7266 69.0
7267 69.0
7268 69.0
7269 69.0
7270 69.0
7271 69.0
7272 69.0
7273 69.0
7274 69.0
7275 69.0
7276 69.0
7277 69.0
7278 69.0
7279 69.0
7280 69.0
7281 69.0
7282 69.0
7283 69.0
7284 69.0
7285 69.0
7286 69.0
7287 69.0
7288 69.0
7289 69.0
7290 69.0
7291 69.0
7292 69.0
7293 69.0
7294 69.0
7295 69.0
7296 69.0
7297 69.0
7298 69.0
7299 69.0
7300 69.0
7301 69.0
7302 69.0
7303 69.0
7304 69.0
7305 69.0
7306 69.0
7307 69.0
7308 69.0
7309 69.0
7310 69.0
7311 69.0
7312 69.0
7313 69.0
7314 69.0
7315 69.0
7316 69.0
7317 69.0
7318 69.0
7319 69.0
7320 69.0
7321 69.0
7322 69.0
7323 69.0
7324 69.0
7325 69.0
7326 69.0
7327 69.0
7328 69.0
7329 69.0
7330 69.0
7331 69.0
7332 69.0
7333 69.0
7334 69.0
7335 69.0
7336 69.0
7337 69.0
7338 69.0
7339 69.0
7340 69.0
7341 69.0
7342 69.0
7343 69.0
7344 69.0
7345 69.0
7346 69.0
7347 69.0
7348 69.0
7349 69.0
7350 69.0
7351 69.0
7352 69.0
7353 69.0
7354 69.0
7355 69.0
7356 69.0
7357 69.0
7358 69.0
7359 69.0
7360 69.0
7361 69.0
7362 69.0
7363 69.0
7364 69.0
7365 69.0
7366 69.0
7367 69.0
7368 69.0
7369 69.0
7370 69.0
7371 69.0
7372 69.0
7373 69.0
7374 69.0
7375 69.0
7376 69.0
7377 69.0
7378 69.0
7379 69.0
7380 69.0
7381 69.0
7382 69.0
7383 69.0
7384 69.0
7385 69.0
7386 69.0
7387 69.0
7388 69.0
7389 69.0
7390 69.0
7391 69.0
7392 69.0
7393 69.0
7394 69.0
7395 69.0
7396 69.0
7397 69.0
7398 69.0
7399 69.0
7400 69.0
7401 69.0
7402 69.0
7403 69.0
7404 69.0
7405 69.0
7406 69.0
7407 69.0
7408 69.0
7409 69.0
7410 69.0
7411 69.0
7412 69.0
7413 69.0
7414 69.0
7415 69.0
7416 69.0
7417 69.0
7418 69.0
7419 69.0
7420 69.0
7421 69.0
7422 69.0
7423 69.0
7424 69.0
7425 69.0
7426 69.0
7427 69.0
7428 69.0
7429 69.0
7430 69.0
7431 69.0
7432 69.0
7433 69.0
7434 69.0
7435 69.0
7436 69.0
7437 69.0
7438 69.0
7439 69.0
7440 69.0
7441 69.0
7442 69.0
7443 69.0
7444 69.0
7445 69.0
7446 69.0
7447 69.0
7448 69.0
7449 69.0
7450 69.0
7451 69.0
7452 69.0
7453 69.0
7454 69.0
7455 69.0
7456 69.0
7457 69.0
7458 69.0
7459 69.0
7460 69.0
7461 69.0
7462 69.0
7463 69.0
7464 69.0
7465 69.0
7466 69.0
7467 69.0
7468 69.0
7469 69.0
7470 69.0
7471 69.0
7472 69.0
7473 69.0
7474 69.0
7475 69.0
7476 69.0
7477 69.0
7478 69.0
7479 69.0
7480 69.0
7481 69.0
7482 69.0
7483 69.0
7484 69.0
7485 69.0
7486 69.0
7487 69.0
7488 69.0
7489 69.0
7490 69.0
7491 69.0
7492 69.0
7493 69.0
7494 69.0
7495 69.0
7496 69.0
7497 69.0
7498 69.0
7499 69.0
7500 69.0
7501 69.0
7502 69.0
7503 69.0
7504 69.0
7505 69.0
7506 69.0
7507 69.0
7508 69.0
7509 69.0
7510 69.0
7511 69.0
7512 69.0
7513 69.0
7514 69.0
7515 69.0
7516 69.0
7517 69.0
7518 69.0
7519 69.0
7520 69.0
7521 69.0
7522 69.0
7523 69.0
7524 69.0
7525 69.0
7526 69.0
7527 69.0
7528 69.0
7529 69.0
7530 69.0
7531 69.0
7532 69.0
7533 69.0
7534 69.0
7535 69.0
7536 69.0
7537 69.0
7538 69.0
7539 69.0
7540 69.0
7541 69.0
7542 69.0
7543 69.0
7544 69.0
7545 69.0
7546 69.0
7547 69.0
7548 69.0
7549 69.0
7550 69.0
7551 69.0
7552 69.0
7553 69.0
7554 69.0
7555 69.0
7556 69.0
7557 69.0
7558 69.0
7559 69.0
7560 69.0
7561 69.0
7562 69.0
7563 69.0
7564 69.0
7565 69.0
7566 69.0
7567 69.0
7568 69.0
7569 69.0
7570 69.0
7571 69.0
7572 69.0
7573 69.0
7574 69.0
7575 69.0
7576 69.0
7577 69.0
7578 69.0
7579 69.0
7580 69.0
7581 69.0
7582 69.0
7583 69.0
7584 69.0
7585 69.0
7586 69.0
7587 69.0
7588 69.0
7589 69.0
7590 69.0
7591 69.0
7592 69.0
7593 69.0
7594 69.0
7595 69.0
7596 69.0
7597 69.0
7598 69.0
7599 69.0
7600 69.0
7601 69.0
7602 69.0
7603 69.0
7604 69.0
7605 69.0
7606 69.0
7607 69.0
7608 69.0
7609 69.0
7610 69.0
7611 69.0
7612 69.0
7613 69.0
7614 69.0
7615 69.0
7616 69.0
7617 69.0
7618 69.0
7619 69.0
7620 69.0
7621 69.0
7622 69.0
7623 69.0
7624 69.0
7625 69.0
7626 69.0
7627 69.0
7628 69.0
7629 69.0
7630 69.0
7631 69.0
7632 69.0
7633 69.0
7634 69.0
7635 69.0
7636 69.0
7637 69.0
7638 69.0
7639 69.0
7640 69.0
7641 69.0
7642 69.0
7643 69.0
7644 69.0
7645 69.0
7646 69.0
7647 69.0
7648 69.0
7649 69.0
7650 69.0
7651 69.0
7652 69.0
7653 69.0
7654 69.0
7655 69.0
7656 69.0
7657 69.0
7658 69.0
7659 69.0
7660 69.0
7661 69.0
7662 69.0
7663 69.0
7664 69.0
7665 69.0
7666 69.0
7667 69.0
7668 69.0
7669 69.0
7670 69.0
7671 69.0
7672 69.0
7673 69.0
7674 69.0
7675 69.0
7676 69.0
7677 69.0
7678 69.0
7679 69.0
7680 69.0
7681 69.0
7682 69.0
7683 69.0
7684 69.0
7685 69.0
7686 69.0
7687 69.0
7688 69.0
7689 69.0
7690 69.0
7691 69.0
7692 69.0
7693 69.0
7694 69.0
7695 69.0
7696 69.0
7697 69.0
7698 69.0
7699 69.0
7700 69.0
7701 69.0
7702 69.0
7703 69.0
7704 69.0
7705 69.0
7706 69.0
7707 69.0
7708 69.0
7709 69.0
7710 69.0
7711 69.0
7712 69.0
7713 69.0
7714 69.0
7715 69.0
7716 69.0
7717 69.0
7718 69.0
7719 69.0
7720 69.0
7721 69.0
7722 69.0
7723 69.0
7724 69.0
7725 69.0
7726 69.0
7727 69.0
7728 69.0
7729 69.0
7730 69.0
7731 69.0
7732 69.0
7733 69.0
7734 69.0
7735 69.0
7736 69.0
7737 69.0
7738 69.0
7739 69.0
7740 69.0
7741 69.0
7742 69.0
7743 69.0
7744 69.0
7745 69.0
7746 69.0
7747 69.0
7748 69.0
7749 69.0
7750 69.0
7751 69.0
7752 69.0
7753 69.0
7754 69.0
7755 69.0
7756 69.0
7757 69.0
7758 69.0
7759 69.0
7760 69.0
7761 69.0
7762 69.0
7763 69.0
7764 69.0
7765 69.0
7766 69.0
7767 69.0
7768 69.0
7769 69.0
7770 69.0
7771 69.0
7772 69.0
7773 69.0
7774 69.0
7775 69.0
7776 69.0
7777 69.0
7778 69.0
7779 69.0
7780 69.0
7781 69.0
7782 69.0
7783 69.0
7784 69.0
7785 69.0
7786 69.0
7787 69.0
7788 69.0
7789 69.0
7790 69.0
7791 69.0
7792 69.0
7793 69.0
7794 69.0
7795 69.0
7796 69.0
7797 69.0
7798 69.0
7799 69.0
7800 69.0
7801 69.0
7802 69.0
7803 69.0
7804 69.0
7805 69.0
7806 69.0
7807 69.0
7808 69.0
7809 69.0
7810 69.0
7811 69.0
7812 69.0
7813 69.0
7814 69.0
7815 69.0
7816 69.0
7817 69.0
7818 69.0
7819 69.0
7820 69.0
7821 69.0
7822 69.0
7823 69.0
7824 69.0
7825 69.0
7826 69.0
7827 69.0
7828 69.0
7829 69.0
7830 69.0
7831 69.0
7832 69.0
7833 69.0
7834 69.0
7835 69.0
7836 69.0
7837 69.0
7838 69.0
7839 69.0
7840 69.0
7841 69.0
7842 69.0
7843 69.0
7844 69.0
7845 69.0
7846 69.0
7847 69.0
7848 69.0
7849 69.0
7850 69.0
7851 69.0
7852 69.0
7853 69.0
7854 69.0
7855 69.0
7856 69.0
7857 69.0
7858 69.0
7859 69.0
7860 69.0
7861 69.0
7862 69.0
7863 69.0
7864 69.0
7865 69.0
7866 69.0
7867 69.0
7868 69.0
7869 69.0
7870 69.0
7871 69.0
7872 69.0
7873 69.0
7874 69.0
7875 69.0
7876 69.0
7877 69.0
7878 69.0
7879 69.0
7880 69.0
7881 69.0
7882 69.0
7883 69.0
7884 69.0
7885 69.0
7886 69.0
7887 69.0
7888 69.0
7889 69.0
7890 69.0
7891 69.0
7892 69.0
7893 69.0
7894 69.0
7895 69.0
7896 69.0
7897 69.0
7898 69.0
7899 69.0
7900 69.0
7901 69.0
7902 69.0
7903 69.0
7904 69.0
7905 69.0
7906 69.0
7907 69.0
7908 69.0
7909 69.0
7910 69.0
7911 69.0
7912 69.0
7913 69.0
7914 69.0
7915 69.0
7916 69.0
7917 69.0
7918 69.0
7919 69.0
7920 69.0
7921 69.0
7922 69.0
7923 69.0
7924 69.0
7925 69.0
7926 69.0
7927 69.0
7928 69.0
7929 69.0
7930 69.0
7931 69.0
7932 69.0
7933 69.0
7934 69.0
7935 69.0
7936 69.0
7937 69.0
7938 69.0
7939 69.0
7940 69.0
7941 69.0
7942 69.0
7943 69.0
7944 69.0
7945 69.0
7946 69.0
7947 69.0
7948 69.0
7949 69.0
7950 69.0
7951 69.0
7952 69.0
7953 69.0
7954 69.0
7955 69.0
7956 69.0
7957 69.0
7958 69.0
7959 69.0
7960 69.0
7961 69.0
7962 69.0
7963 69.0
7964 69.0
7965 69.0
7966 69.0
7967 69.0
7968 69.0
7969 69.0
7970 69.0
7971 69.0
7972 69.0
7973 69.0
7974 69.0
7975 69.0
7976 69.0
7977 69.0
7978 69.0
7979 69.0
7980 69.0
7981 69.0
7982 69.0
7983 69.0
7984 69.0
7985 69.0
7986 69.0
7987 69.0
7988 69.0
7989 69.0
7990 69.0
7991 69.0
7992 69.0
7993 69.0
7994 69.0
7995 69.0
7996 69.0
7997 69.0
7998 69.0
7999 69.0
8000 69.0
8001 69.0
8002 69.0
8003 69.0
8004 69.0
8005 69.0
8006 69.0
8007 69.0
8008 69.0
8009 69.0
8010 69.0
8011 69.0
8012 69.0
8013 69.0
8014 69.0
8015 69.0
8016 69.0
8017 69.0
8018 69.0
8019 69.0
8020 69.0
8021 69.0
8022 69.0
8023 69.0
8024 69.0
8025 69.0
8026 69.0
8027 69.0
8028 69.0
8029 69.0
8030 69.0
8031 69.0
8032 69.0
8033 69.0
8034 69.0
8035 69.0
8036 69.0
8037 69.0
8038 69.0
8039 69.0
8040 69.0
8041 69.0
8042 69.0
8043 69.0
8044 69.0
8045 69.0
8046 69.0
8047 69.0
8048 69.0
8049 69.0
8050 69.0
8051 69.0
8052 69.0
8053 69.0
8054 69.0
8055 69.0
8056 69.0
8057 69.0
8058 69.0
8059 69.0
8060 69.0
8061 69.0
8062 69.0
8063 69.0
8064 69.0
8065 69.0
8066 69.0
8067 69.0
8068 69.0
8069 69.0
8070 69.0
8071 69.0
8072 69.0
8073 69.0
8074 69.0
8075 69.0
8076 69.0
8077 69.0
8078 69.0
8079 69.0
8080 69.0
8081 69.0
8082 69.0
8083 69.0
8084 69.0
8085 69.0
8086 69.0
8087 69.0
8088 69.0
8089 69.0
8090 69.0
8091 69.0
8092 69.0
8093 69.0
8094 69.0
8095 69.0
8096 69.0
8097 69.0
8098 69.0
8099 69.0
8100 69.0
8101 69.0
8102 69.0
8103 69.0
8104 69.0
8105 69.0
8106 69.0
8107 69.0
8108 69.0
8109 69.0
8110 69.0
8111 69.0
8112 69.0
8113 69.0
8114 69.0
8115 69.0
8116 69.0
8117 69.0
8118 69.0
8119 69.0
8120 69.0
8121 69.0
8122 69.0
8123 69.0
8124 69.0
8125 69.0
8126 69.0
8127 69.0
8128 69.0
8129 69.0
8130 69.0
8131 69.0
8132 69.0
8133 69.0
8134 69.0
8135 69.0
8136 69.0
8137 69.0
8138 69.0
8139 69.0
8140 69.0
8141 69.0
8142 69.0
8143 69.0
8144 69.0
8145 69.0
8146 69.0
8147 69.0
8148 69.0
8149 69.0
8150 69.0
8151 69.0
8152 69.0
8153 69.0
8154 69.0
8155 69.0
8156 69.0
8157 69.0
8158 69.0
8159 69.0
8160 69.0
8161 69.0
8162 69.0
8163 69.0
8164 69.0
8165 69.0
8166 69.0
8167 69.0
8168 69.0
8169 69.0
8170 69.0
8171 69.0
8172 69.0
8173 69.0
8174 69.0
8175 69.0
8176 69.0
8177 69.0
8178 69.0
8179 69.0
8180 69.0
8181 69.0
8182 69.0
8183 69.0
8184 69.0
8185 69.0
8186 69.0
8187 69.0
8188 69.0
8189 69.0
8190 69.0
8191 69.0
8192 69.0
8193 69.0
8194 69.0
8195 69.0
8196 69.0
8197 69.0
8198 69.0
8199 69.0
8200 69.0
8201 69.0
8202 69.0
8203 69.0
8204 69.0
8205 69.0
8206 69.0
8207 69.0
8208 69.0
8209 69.0
8210 69.0
8211 69.0
8212 69.0
8213 69.0
8214 69.0
8215 69.0
8216 69.0
8217 69.0
8218 69.0
8219 69.0
8220 69.0
8221 69.0
8222 69.0
8223 69.0
8224 69.0
8225 69.0
8226 69.0
8227 69.0
8228 69.0
8229 69.0
8230 69.0
8231 69.0
8232 69.0
8233 69.0
8234 69.0
8235 69.0
8236 69.0
8237 69.0
8238 69.0
8239 69.0
8240 69.0
8241 69.0
8242 69.0
8243 69.0
8244 69.0
8245 69.0
8246 69.0
8247 69.0
8248 69.0
8249 69.0
8250 69.0
8251 69.0
8252 69.0
8253 69.0
8254 69.0
8255 69.0
8256 69.0
8257 69.0
8258 69.0
8259 69.0
8260 69.0
8261 69.0
8262 69.0
8263 69.0
8264 69.0
8265 69.0
8266 69.0
8267 69.0
8268 69.0
8269 69.0
8270 69.0
8271 69.0
8272 69.0
8273 69.0
8274 69.0
8275 69.0
8276 69.0
8277 69.0
8278 69.0
8279 69.0
8280 69.0
8281 69.0
8282 69.0
8283 69.0
8284 69.0
8285 69.0
8286 69.0
8287 69.0
8288 69.0
8289 69.0
8290 69.0
8291 69.0
8292 69.0
8293 69.0
8294 69.0
8295 69.0
8296 69.0
8297 69.0
8298 69.0
8299 69.0
8300 69.0
8301 69.0
8302 69.0
8303 69.0
8304 69.0
8305 69.0
8306 69.0
8307 69.0
8308 69.0
8309 69.0
8310 69.0
8311 69.0
8312 69.0
8313 69.0
8314 69.0
8315 69.0
8316 69.0
8317 69.0
8318 69.0
8319 69.0
8320 69.0
8321 69.0
8322 69.0
8323 69.0
8324 69.0
8325 69.0
8326 69.0
8327 69.0
8328 69.0
8329 69.0
8330 69.0
8331 69.0
8332 69.0
8333 69.0
8334 69.0
8335 69.0
8336 69.0
8337 69.0
8338 69.0
8339 69.0
8340 69.0
8341 69.0
8342 69.0
8343 69.0
8344 69.0
8345 69.0
8346 69.0
8347 69.0
8348 69.0
8349 69.0
8350 69.0
8351 69.0
8352 69.0
8353 69.0
8354 69.0
8355 69.0
8356 69.0
8357 69.0
8358 69.0
8359 69.0
8360 69.0
8361 69.0
8362 69.0
8363 69.0
8364 69.0
8365 69.0
8366 69.0
8367 69.0
8368 69.0
8369 69.0
8370 69.0
8371 69.0
8372 69.0
8373 69.0
8374 69.0
8375 69.0
8376 69.0
8377 69.0
8378 69.0
8379 69.0
8380 69.0
8381 69.0
8382 69.0
8383 69.0
8384 69.0
8385 69.0
8386 69.0
8387 69.0
8388 69.0
8389 69.0
8390 69.0
8391 69.0
8392 69.0
8393 69.0
8394 69.0
8395 69.0
8396 69.0
8397 69.0
8398 69.0
8399 69.0
8400 69.0
8401 69.0
8402 69.0
8403 69.0
8404 69.0
8405 69.0
8406 69.0
8407 69.0
8408 69.0
8409 69.0
8410 69.0
8411 69.0
8412 69.0
8413 69.0
8414 69.0
8415 69.0
8416 69.0
8417 69.0
8418 69.0
8419 69.0
8420 69.0
8421 69.0
8422 69.0
8423 69.0
8424 69.0
8425 69.0
8426 69.0
8427 69.0
8428 69.0
8429 69.0
8430 69.0
8431 69.0
8432 69.0
8433 69.0
8434 69.0
8435 69.0
8436 69.0
8437 69.0
8438 69.0
8439 69.0
8440 69.0
8441 69.0
8442 69.0
8443 69.0
8444 69.0
8445 69.0
8446 69.0
8447 69.0
8448 69.0
8449 69.0
8450 69.0
8451 69.0
8452 69.0
8453 69.0
8454 69.0
8455 69.0
8456 69.0
8457 69.0
8458 69.0
8459 69.0
8460 69.0
8461 69.0
8462 69.0
8463 69.0
8464 69.0
8465 69.0
8466 69.0
8467 69.0
8468 69.0
8469 69.0
8470 69.0
8471 69.0
8472 69.0
8473 69.0
8474 69.0
8475 69.0
8476 69.0
8477 69.0
8478 69.0
8479 69.0
8480 69.0
8481 69.0
8482 69.0
8483 69.0
8484 69.0
8485 69.0
8486 69.0
8487 69.0
8488 69.0
8489 69.0
8490 69.0
8491 69.0
8492 69.0
8493 69.0
8494 69.0
8495 69.0
8496 69.0
8497 69.0
8498 69.0
8499 69.0
8500 69.0
8501 69.0
8502 69.0
8503 69.0
8504 69.0
8505 69.0
8506 69.0
8507 69.0
8508 69.0
8509 69.0
8510 69.0
8511 69.0
8512 69.0
8513 69.0
8514 69.0
8515 69.0
8516 69.0
8517 69.0
8518 69.0
8519 69.0
8520 69.0
8521 69.0
8522 69.0
8523 69.0
8524 69.0
8525 69.0
8526 69.0
8527 69.0
8528 69.0
8529 69.0
8530 69.0
8531 69.0
8532 69.0
8533 69.0
8534 69.0
8535 69.0
8536 69.0
8537 69.0
8538 69.0
8539 69.0
8540 69.0
8541 69.0
8542 69.0
8543 69.0
8544 69.0
8545 69.0
8546 69.0
8547 69.0
8548 69.0
8549 69.0
8550 69.0
8551 69.0
8552 69.0
8553 69.0
8554 69.0
8555 69.0
8556 69.0
8557 69.0
8558 69.0
8559 69.0
8560 69.0
8561 69.0
8562 69.0
8563 69.0
8564 69.0
8565 69.0
8566 69.0
8567 69.0
8568 69.0
8569 69.0
8570 69.0
8571 69.0
8572 69.0
8573 69.0
8574 69.0
8575 69.0
8576 69.0
8577 69.0
8578 69.0
8579 69.0
8580 69.0
8581 69.0
8582 69.0
8583 69.0
8584 69.0
8585 69.0
8586 69.0
8587 69.0
8588 69.0
8589 69.0
8590 69.0
8591 69.0
8592 69.0
8593 69.0
8594 69.0
8595 69.0
8596 69.0
8597 69.0
8598 69.0
8599 69.0
8600 69.0
8601 69.0
8602 69.0
8603 69.0
8604 69.0
8605 69.0
8606 69.0
8607 69.0
8608 69.0
8609 69.0
8610 69.0
8611 69.0
8612 69.0
8613 69.0
8614 69.0
8615 69.0
8616 69.0
8617 69.0
8618 69.0
8619 69.0
8620 69.0
8621 69.0
8622 69.0
8623 69.0
8624 69.0
8625 69.0
8626 69.0
8627 69.0
8628 69.0
8629 69.0
8630 69.0
8631 69.0
8632 69.0
8633 69.0
8634 69.0
8635 69.0
8636 69.0
8637 69.0
8638 69.0
8639 69.0
8640 69.0
8641 69.0
8642 69.0
8643 69.0
8644 69.0
8645 69.0
8646 69.0
8647 69.0
8648 69.0
8649 69.0
8650 69.0
8651 69.0
8652 69.0
8653 69.0
8654 69.0
8655 69.0
8656 69.0
8657 69.0
8658 69.0
8659 69.0
8660 69.0
8661 69.0
8662 69.0
8663 69.0
8664 69.0
8665 69.0
8666 69.0
8667 69.0
8668 69.0
8669 69.0
8670 69.0
8671 69.0
8672 69.0
8673 69.0
8674 69.0
8675 69.0
8676 69.0
8677 69.0
8678 69.0
8679 69.0
8680 69.0
8681 69.0
8682 69.0
8683 69.0
8684 69.0
8685 69.0
8686 69.0
8687 69.0
8688 69.0
8689 69.0
8690 69.0
8691 69.0
8692 69.0
8693 69.0
8694 69.0
8695 69.0
8696 69.0
8697 69.0
8698 69.0
8699 69.0
8700 69.0
8701 69.0
8702 69.0
8703 69.0
8704 69.0
8705 69.0
8706 69.0
8707 69.0
8708 69.0
8709 69.0
8710 69.0
8711 69.0
8712 69.0
8713 69.0
8714 69.0
8715 69.0
8716 69.0
8717 69.0
8718 69.0
8719 69.0
8720 69.0
8721 69.0
8722 69.0
8723 69.0
8724 69.0
8725 69.0
8726 69.0
8727 69.0
8728 69.0
8729 69.0
8730 69.0
8731 69.0
8732 69.0
8733 69.0
8734 69.0
8735 69.0
8736 69.0
8737 69.0
8738 69.0
8739 69.0
8740 69.0
8741 69.0
8742 69.0
8743 69.0
8744 69.0
8745 69.0
8746 69.0
8747 69.0
8748 69.0
8749 69.0
8750 69.0
8751 69.0
8752 69.0
8753 69.0
8754 69.0
8755 69.0
8756 69.0
8757 69.0
8758 69.0
8759 69.0
8760 69.0
8761 69.0
8762 69.0
8763 69.0
8764 69.0
8765 69.0
8766 69.0
8767 69.0
8768 69.0
8769 69.0
8770 69.0
8771 69.0
8772 69.0
8773 69.0
8774 69.0
8775 69.0
8776 69.0
8777 69.0
8778 69.0
8779 69.0
8780 69.0
8781 69.0
8782 69.0
8783 69.0
8784 69.0
8785 69.0
8786 69.0
8787 69.0
8788 69.0
8789 69.0
8790 69.0
8791 69.0
8792 69.0
8793 69.0
8794 69.0
8795 69.0
8796 69.0
8797 69.0
8798 69.0
8799 69.0
8800 69.0
8801 69.0
8802 69.0
8803 69.0
8804 69.0
8805 69.0
8806 69.0
8807 69.0
8808 69.0
8809 69.0
8810 69.0
8811 69.0
8812 69.0
8813 69.0
8814 69.0
8815 69.0
8816 69.0
8817 69.0
8818 69.0
8819 69.0
8820 69.0
8821 69.0
8822 69.0
8823 69.0
8824 69.0
8825 69.0
8826 69.0
8827 69.0
8828 69.0
8829 69.0
8830 69.0
8831 69.0
8832 69.0
8833 69.0
8834 69.0
8835 69.0
8836 69.0
8837 69.0
8838 69.0
8839 69.0
8840 69.0
8841 69.0
8842 69.0
8843 69.0
8844 69.0
8845 69.0
8846 69.0
8847 69.0
8848 69.0
8849 69.0
8850 69.0
8851 69.0
8852 69.0
8853 69.0
8854 69.0
8855 69.0
8856 69.0
8857 69.0
8858 69.0
8859 69.0
8860 69.0
8861 69.0
8862 69.0
8863 69.0
8864 69.0
8865 69.0
8866 69.0
8867 69.0
8868 69.0
8869 69.0
8870 69.0
8871 69.0
8872 69.0
8873 69.0
8874 69.0
8875 69.0
8876 69.0
8877 69.0
8878 69.0
8879 69.0
8880 69.0
8881 69.0
8882 69.0
8883 69.0
8884 69.0
8885 69.0
8886 69.0
8887 69.0
8888 69.0
8889 69.0
8890 69.0
8891 69.0
8892 69.0
8893 69.0
8894 69.0
8895 69.0
8896 69.0
8897 69.0
8898 69.0
8899 69.0
8900 69.0
8901 69.0
8902 69.0
8903 69.0
8904 69.0
8905 69.0
8906 69.0
8907 69.0
8908 69.0
8909 69.0
8910 69.0
8911 69.0
8912 69.0
8913 69.0
8914 69.0
8915 69.0
8916 69.0
8917 69.0
8918 69.0
8919 69.0
8920 69.0
8921 69.0
8922 69.0
8923 69.0
8924 69.0
8925 69.0
8926 69.0
8927 69.0
8928 69.0
8929 69.0
8930 69.0
8931 69.0
8932 69.0
8933 69.0
8934 69.0
8935 69.0
8936 69.0
8937 69.0
8938 69.0
8939 69.0
8940 69.0
8941 69.0
8942 69.0
8943 69.0
8944 69.0
8945 69.0
8946 69.0
8947 69.0
8948 69.0
8949 69.0
8950 69.0
8951 69.0
8952 69.0
8953 69.0
8954 69.0
8955 69.0
8956 69.0
8957 69.0
8958 69.0
8959 69.0
8960 69.0
8961 69.0
8962 69.0
8963 69.0
8964 69.0
8965 69.0
8966 69.0
8967 69.0
8968 69.0
8969 69.0
8970 69.0
8971 69.0
8972 69.0
8973 69.0
8974 69.0
8975 69.0
8976 69.0
8977 69.0
8978 69.0
8979 69.0
8980 69.0
8981 69.0
8982 69.0
8983 69.0
8984 69.0
8985 69.0
8986 69.0
8987 69.0
8988 69.0
8989 69.0
8990 69.0
8991 69.0
8992 69.0
8993 69.0
8994 69.0
8995 69.0
8996 69.0
8997 69.0
8998 69.0
8999 69.0
9000 69.0
9001 69.0
9002 69.0
9003 69.0
9004 69.0
9005 69.0
9006 69.0
9007 69.0
9008 69.0
9009 69.0
9010 69.0
9011 69.0
9012 69.0
9013 69.0
9014 69.0
9015 69.0
9016 69.0
9017 69.0
9018 69.0
9019 69.0
9020 69.0
9021 69.0
9022 69.0
9023 69.0
9024 69.0
9025 69.0
9026 69.0
9027 69.0
9028 69.0
9029 69.0
9030 69.0
9031 69.0
9032 69.0
9033 69.0
9034 69.0
9035 69.0
9036 69.0
9037 69.0
9038 69.0
9039 69.0
9040 69.0
9041 69.0
9042 69.0
9043 69.0
9044 69.0
9045 69.0
9046 69.0
9047 69.0
9048 69.0
9049 69.0
9050 69.0
9051 69.0
9052 69.0
9053 69.0
9054 69.0
9055 69.0
9056 69.0
9057 69.0
9058 69.0
9059 69.0
9060 69.0
9061 69.0
9062 69.0
9063 69.0
9064 69.0
9065 69.0
9066 69.0
9067 69.0
9068 69.0
9069 69.0
9070 69.0
9071 69.0
9072 69.0
9073 69.0
9074 69.0
9075 69.0
9076 69.0
9077 69.0
9078 69.0
9079 69.0
9080 69.0
9081 69.0
9082 69.0
9083 69.0
9084 69.0
9085 69.0
9086 69.0
9087 69.0
9088 69.0
9089 69.0
9090 69.0
9091 69.0
9092 69.0
9093 69.0
9094 69.0
9095 69.0
9096 69.0
9097 69.0
9098 69.0
9099 69.0
9100 69.0
9101 69.0
9102 69.0
9103 69.0
9104 69.0
9105 69.0
9106 69.0
9107 69.0
9108 69.0
9109 69.0
9110 69.0
9111 69.0
9112 69.0
9113 69.0
9114 69.0
9115 69.0
9116 69.0
9117 69.0
9118 69.0
9119 69.0
9120 69.0
9121 69.0
9122 69.0
9123 69.0
9124 69.0
9125 69.0
9126 69.0
9127 69.0
9128 69.0
9129 69.0
9130 69.0
9131 69.0
9132 69.0
9133 69.0
9134 69.0
9135 69.0
9136 69.0
9137 69.0
9138 69.0
9139 69.0
9140 69.0
9141 69.0
9142 69.0
9143 69.0
9144 69.0
9145 69.0
9146 69.0
9147 69.0
9148 69.0
9149 69.0
9150 69.0
9151 69.0
9152 69.0
9153 69.0
9154 69.0
9155 69.0
9156 69.0
9157 69.0
9158 69.0
9159 69.0
9160 69.0
9161 69.0
9162 69.0
9163 69.0
9164 69.0
9165 69.0
9166 69.0
9167 69.0
9168 69.0
9169 69.0
9170 69.0
9171 69.0
9172 69.0
9173 69.0
9174 69.0
9175 69.0
9176 69.0
9177 69.0
9178 69.0
9179 69.0
9180 69.0
9181 69.0
9182 69.0
9183 69.0
9184 69.0
9185 69.0
9186 69.0
9187 69.0
9188 69.0
9189 69.0
9190 69.0
9191 69.0
9192 69.0
9193 69.0
9194 69.0
9195 69.0
9196 69.0
9197 69.0
9198 69.0
9199 69.0
9200 69.0
9201 69.0
9202 69.0
9203 69.0
9204 69.0
9205 69.0
9206 69.0
9207 69.0
9208 69.0
9209 69.0
9210 69.0
9211 69.0
9212 69.0
9213 69.0
9214 69.0
9215 69.0
9216 69.0
9217 69.0
9218 69.0
9219 69.0
9220 69.0
9221 69.0
9222 69.0
9223 69.0
9224 69.0
9225 69.0
9226 69.0
9227 69.0
9228 69.0
9229 69.0
9230 69.0
9231 69.0
9232 69.0
9233 69.0
9234 69.0
9235 69.0
9236 69.0
9237 69.0
9238 69.0
9239 69.0
9240 69.0
9241 69.0
9242 69.0
9243 69.0
9244 69.0
9245 69.0
9246 69.0
9247 69.0
9248 69.0
9249 69.0
9250 69.0
9251 69.0
9252 69.0
9253 69.0
9254 69.0
9255 69.0
9256 69.0
9257 69.0
9258 69.0
9259 69.0
9260 69.0
9261 69.0
9262 69.0
9263 69.0
9264 69.0
9265 69.0
9266 69.0
9267 69.0
9268 69.0
9269 69.0
9270 69.0
9271 69.0
9272 69.0
9273 69.0
9274 69.0
9275 69.0
9276 69.0
9277 69.0
9278 69.0
9279 69.0
9280 69.0
9281 69.0
9282 69.0
9283 69.0
9284 69.0
9285 69.0
9286 69.0
9287 69.0
9288 69.0
9289 69.0
9290 69.0
9291 69.0
9292 69.0
9293 69.0
9294 69.0
9295 69.0
9296 69.0
9297 69.0
9298 69.0
9299 69.0
9300 69.0
9301 69.0
9302 69.0
9303 69.0
9304 69.0
9305 69.0
9306 69.0
9307 69.0
9308 69.0
9309 69.0
9310 69.0
9311 69.0
9312 69.0
9313 69.0
9314 69.0
9315 69.0
9316 69.0
9317 69.0
9318 69.0
9319 69.0
9320 69.0
9321 69.0
9322 69.0
9323 69.0
9324 69.0
9325 69.0
9326 69.0
9327 69.0
9328 69.0
9329 69.0
9330 69.0
9331 69.0
9332 69.0
9333 69.0
9334 69.0
9335 69.0
9336 69.0
9337 69.0
9338 69.0
9339 69.0
9340 69.0
9341 69.0
9342 69.0
9343 69.0
9344 69.0
9345 69.0
9346 69.0
9347 69.0
9348 69.0
9349 69.0
9350 69.0
9351 69.0
9352 69.0
9353 69.0
9354 69.0
9355 69.0
9356 69.0
9357 69.0
9358 69.0
9359 69.0
9360 69.0
9361 69.0
9362 69.0
9363 69.0
9364 69.0
9365 69.0
9366 69.0
9367 69.0
9368 69.0
9369 69.0
9370 69.0
9371 69.0
9372 69.0
9373 69.0
9374 69.0
9375 69.0
9376 69.0
9377 69.0
9378 69.0
9379 69.0
9380 69.0
9381 69.0
9382 69.0
9383 69.0
9384 69.0
9385 69.0
9386 69.0
9387 69.0
9388 69.0
9389 69.0
9390 69.0
9391 69.0
9392 69.0
9393 69.0
9394 69.0
9395 69.0
9396 69.0
9397 69.0
9398 69.0
9399 69.0
9400 69.0
9401 69.0
9402 69.0
9403 69.0
9404 69.0
9405 69.0
9406 69.0
9407 69.0
9408 69.0
9409 69.0
9410 69.0
9411 69.0
9412 69.0
9413 69.0
9414 69.0
9415 69.0
9416 69.0
9417 69.0
9418 69.0
9419 69.0
9420 69.0
9421 69.0
9422 69.0
9423 69.0
9424 69.0
9425 69.0
9426 69.0
9427 69.0
9428 69.0
9429 69.0
9430 69.0
9431 69.0
9432 69.0
9433 69.0
9434 69.0
9435 69.0
9436 69.0
9437 69.0
9438 69.0
9439 69.0
9440 69.0
9441 69.0
9442 69.0
9443 69.0
9444 69.0
9445 69.0
9446 69.0
9447 69.0
9448 69.0
9449 69.0
9450 69.0
9451 69.0
9452 69.0
9453 69.0
9454 69.0
9455 69.0
9456 69.0
9457 69.0
9458 69.0
9459 69.0
9460 69.0
9461 69.0
9462 69.0
9463 69.0
9464 69.0
9465 69.0
9466 69.0
9467 69.0
9468 69.0
9469 69.0
9470 69.0
9471 69.0
9472 69.0
9473 69.0
9474 69.0
9475 69.0
9476 69.0
9477 69.0
9478 69.0
9479 69.0
9480 69.0
9481 69.0
9482 69.0
9483 69.0
9484 69.0
9485 69.0
9486 69.0
9487 69.0
9488 69.0
9489 69.0
9490 69.0
9491 69.0
9492 69.0
9493 69.0
9494 69.0
9495 69.0
9496 69.0
9497 69.0
9498 69.0
9499 69.0
9500 69.0
9501 69.0
9502 69.0
9503 69.0
9504 69.0
9505 69.0
9506 69.0
9507 69.0
9508 69.0
9509 69.0
9510 69.0
9511 69.0
9512 69.0
9513 69.0
9514 69.0
9515 69.0
9516 69.0
9517 69.0
9518 69.0
9519 69.0
9520 69.0
9521 69.0
9522 69.0
9523 69.0
9524 69.0
9525 69.0
9526 69.0
9527 69.0
9528 69.0
9529 69.0
9530 69.0
9531 69.0
9532 69.0
9533 69.0
9534 69.0
9535 69.0
9536 69.0
9537 69.0
9538 69.0
9539 69.0
9540 69.0
9541 69.0
9542 69.0
9543 69.0
9544 69.0
9545 69.0
9546 69.0
9547 69.0
9548 69.0
9549 69.0
9550 69.0
9551 69.0
9552 69.0
9553 69.0
9554 69.0
9555 69.0
9556 69.0
9557 69.0
9558 69.0
9559 69.0
9560 69.0
9561 69.0
9562 69.0
9563 69.0
9564 69.0
9565 69.0
9566 69.0
9567 69.0
9568 69.0
9569 69.0
9570 69.0
9571 69.0
9572 69.0
9573 69.0
9574 69.0
9575 69.0
9576 69.0
9577 69.0
9578 69.0
9579 69.0
9580 69.0
9581 69.0
9582 69.0
9583 69.0
9584 69.0
9585 69.0
9586 69.0
9587 69.0
9588 69.0
9589 69.0
9590 69.0
9591 69.0
9592 69.0
9593 69.0
9594 69.0
9595 69.0
9596 69.0
9597 69.0
9598 69.0
9599 69.0
9600 69.0
9601 69.0
9602 69.0
9603 69.0
9604 69.0
9605 69.0
9606 69.0
9607 69.0
9608 69.0
9609 69.0
9610 69.0
9611 69.0
9612 69.0
9613 69.0
9614 69.0
9615 69.0
9616 69.0
9617 69.0
9618 69.0
9619 69.0
9620 69.0
9621 69.0
9622 69.0
9623 69.0
9624 69.0
9625 69.0
9626 69.0
9627 69.0
9628 69.0
9629 69.0
9630 69.0
9631 69.0
9632 69.0
9633 69.0
9634 69.0
9635 69.0
9636 69.0
9637 69.0
9638 69.0
9639 69.0
9640 69.0
9641 69.0
9642 69.0
9643 69.0
9644 69.0
9645 69.0
9646 69.0
9647 69.0
9648 69.0
9649 69.0
9650 69.0
9651 69.0
9652 69.0
9653 69.0
9654 69.0
9655 69.0
9656 69.0
9657 69.0
9658 69.0
9659 69.0
9660 69.0
9661 69.0
9662 69.0
9663 69.0
9664 69.0
9665 69.0
9666 69.0
9667 69.0
9668 69.0
9669 69.0
9670 69.0
9671 69.0
9672 69.0
9673 69.0
9674 69.0
9675 69.0
9676 69.0
9677 69.0
9678 69.0
9679 69.0
9680 69.0
9681 69.0
9682 69.0
9683 69.0
9684 69.0
9685 69.0
9686 69.0
9687 69.0
9688 69.0
9689 69.0
9690 69.0
9691 69.0
9692 69.0
9693 69.0
9694 69.0
9695 69.0
9696 69.0
9697 69.0
9698 69.0
9699 69.0
9700 69.0
9701 69.0
9702 69.0
9703 69.0
9704 69.0
9705 69.0
9706 69.0
9707 69.0
9708 69.0
9709 69.0
9710 69.0
9711 69.0
9712 69.0
9713 69.0
9714 69.0
9715 69.0
9716 69.0
9717 69.0
9718 69.0
9719 69.0
9720 69.0
9721 69.0
9722 69.0
9723 69.0
9724 69.0
9725 69.0
9726 69.0
9727 69.0
9728 69.0
9729 69.0
9730 69.0
9731 69.0
9732 69.0
9733 69.0
9734 69.0
9735 69.0
9736 69.0
9737 69.0
9738 69.0
9739 69.0
9740 69.0
9741 69.0
9742 69.0
9743 69.0
9744 69.0
9745 69.0
9746 69.0
9747 69.0
9748 69.0
9749 69.0
9750 69.0
9751 69.0
9752 69.0
9753 69.0
9754 69.0
9755 69.0
9756 69.0
9757 69.0
9758 69.0
9759 69.0
9760 69.0
9761 69.0
9762 69.0
9763 69.0
9764 69.0
9765 69.0
9766 69.0
9767 69.0
9768 69.0
9769 69.0
9770 69.0
9771 69.0
9772 69.0
9773 69.0
9774 69.0
9775 69.0
9776 69.0
9777 69.0
9778 69.0
9779 69.0
9780 69.0
9781 69.0
9782 69.0
9783 69.0
9784 69.0
9785 69.0
9786 69.0
9787 69.0
9788 69.0
9789 69.0
9790 69.0
9791 69.0
9792 69.0
9793 69.0
9794 69.0
9795 69.0
9796 69.0
9797 69.0
9798 69.0
9799 69.0
9800 69.0
9801 69.0
9802 69.0
9803 69.0
9804 69.0
9805 69.0
9806 69.0
9807 69.0
9808 69.0
9809 69.0
9810 69.0
9811 69.0
9812 69.0
9813 69.0
9814 69.0
9815 69.0
9816 69.0
9817 69.0
9818 69.0
9819 69.0
9820 69.0
9821 69.0
9822 69.0
9823 69.0
9824 69.0
9825 69.0
9826 69.0
9827 69.0
9828 69.0
9829 69.0
9830 69.0
9831 69.0
9832 69.0
9833 69.0
9834 69.0
9835 69.0
9836 69.0
9837 69.0
9838 69.0
9839 69.0
9840 69.0
9841 69.0
9842 69.0
9843 69.0
9844 69.0
9845 69.0
9846 69.0
9847 69.0
9848 69.0
9849 69.0
9850 69.0
9851 69.0
9852 69.0
9853 69.0
9854 69.0
9855 69.0
9856 69.0
9857 69.0
9858 69.0
9859 69.0
9860 69.0
9861 69.0
9862 69.0
9863 69.0
9864 69.0
9865 69.0
9866 69.0
9867 69.0
9868 69.0
9869 69.0
9870 69.0
9871 69.0
9872 69.0
9873 69.0
9874 69.0
9875 69.0
9876 69.0
9877 69.0
9878 69.0
9879 69.0
9880 69.0
9881 69.0
9882 69.0
9883 69.0
9884 69.0
9885 69.0
9886 69.0
9887 69.0
9888 69.0
9889 69.0
9890 69.0
9891 69.0
9892 69.0
9893 69.0
9894 69.0
9895 69.0
9896 69.0
9897 69.0
9898 69.0
9899 69.0
9900 69.0
9901 69.0
9902 69.0
9903 69.0
9904 69.0
9905 69.0
9906 69.0
9907 69.0
9908 69.0
9909 69.0
9910 69.0
9911 69.0
9912 69.0
9913 69.0
9914 69.0
9915 69.0
9916 69.0
9917 69.0
9918 69.0
9919 69.0
9920 69.0
9921 69.0
9922 69.0
9923 69.0
9924 69.0
9925 69.0
9926 69.0
9927 69.0
9928 69.0
9929 69.0
9930 69.0
9931 69.0
9932 69.0
9933 69.0
9934 69.0
9935 69.0
9936 69.0
9937 69.0
9938 69.0
9939 69.0
9940 69.0
9941 69.0
9942 69.0
9943 69.0
9944 69.0
9945 69.0
9946 69.0
9947 69.0
9948 69.0
9949 69.0
9950 69.0
9951 69.0
9952 69.0
9953 69.0
9954 69.0
9955 69.0
9956 69.0
9957 69.0
9958 69.0
9959 69.0
9960 69.0
9961 69.0
9962 69.0
9963 69.0
9964 69.0
9965 69.0
9966 69.0
9967 69.0
9968 69.0
9969 69.0
9970 69.0
9971 69.0
9972 69.0
9973 69.0
9974 69.0
9975 69.0
9976 69.0
9977 69.0
9978 69.0
9979 69.0
9980 69.0
9981 69.0
9982 69.0
9983 69.0
9984 69.0
9985 69.0
9986 69.0
9987 69.0
9988 69.0
9989 69.0
9990 69.0
9991 69.0
9992 69.0
9993 69.0
9994 69.0
9995 69.0
9996 69.0
9997 69.0
9998 69.0
9999 69.0
10000 69.0
10001 69.0
10002 69.0
