# evaluation best
1 34.0
2 34.0
3 34.0
4 34.0
5 34.0
6 34.0
7 34.0
8 34.0
9 36.0
10 36.0
11 36.0
12 36.0
13 36.0
14 36.0
15 36.0
16 36.0
17 36.0
18 36.0
19 36.0
20 36.0
21 36.0
22 36.0
23 36.0
24 36.0
25 36.0
26 36.0
27 36.0
28 36.0
29 36.0
30 36.0
31 36.0
32 36.0
33 36.0
34 36.0
35 36.0
36 36.0
37 36.0
38 36.0
39 36.0
40 36.0
41 36.0
42 36.0
43 36.0
44 36.0
45 36.0
46 36.0
47 36.0
48 36.0
49 36.0
50 36.0
51 36.0
52 36.0
53 36.0
54 36.0
55 36.0
56 36.0
57 36.0
58 36.0
59 36.0
60 36.0
61 36.0
62 36.0
63 36.0
64 36.0
65 36.0
66 36.0
67 36.0
68 36.0
69 36.0
70 36.0
71 36.0
72 36.0
73 36.0
74 36.0
75 45.0
76 45.0
77 45.0
78 45.0
79 45.0
80 45.0
81 45.0
82 45.0
83 45.0
84 45.0
85 45.0
86 45.0
87 45.0
88 45.0
89 45.0
90 45.0
91 45.0
92 45.0
93 45.0
94 45.0
95 45.0
96 45.0
97 45.0
98 45.0
99 45.0
100 45.0
101 45.0
102 45.0
103 45.0
104 45.0
105 45.0
106 45.0
107 45.0
108 45.0
109 45.0
110 45.0
111 45.0
112 45.0
113 45.0
114 45.0
115 45.0
116 45.0
117 45.0
118 45.0
119 45.0
120 45.0
121 45.0
122 45.0
123 45.0
124 45.0
125 45.0
126 45.0
127 45.0
128 45.0
129 45.0
130 45.0
131 45.0
132 45.0
133 45.0
134 45.0
135 45.0
136 45.0
137 45.0
138 45.0
139 45.0
140 45.0
141 45.0
142 45.0
143 54.0
144 54.0
145 54.0
146 54.0
147 54.0
148 54.0
149 54.0
150 54.0
151 54.0
152 54.0
153 54.0
154 54.0
155 54.0
156 54.0
157 54.0
158 54.0
159 54.0
160 54.0
161 54.0
162 54.0
163 54.0
164 54.0
165 54.0
166 54.0
167 54.0
168 54.0
169 54.0
170 54.0
171 54.0
172 54.0
173 54.0
174 54.0
175 54.0
176 54.0
177 54.0
178 54.0
179 54.0
180 54.0
181 54.0
182 54.0
183 54.0
184 54.0
185 54.0
186 54.0
187 54.0
188 54.0
189 54.0
190 54.0
191 54.0
192 54.0
193 54.0
194 54.0
195 54.0
196 54.0
197 54.0
198 54.0
199 54.0
200 54.0
201 54.0
202 54.0
203 54.0
204 54.0
205 54.0
206 54.0
207 54.0
208 54.0
209 54.0
210 54.0
211 54.0
212 54.0
213 54.0
214 54.0
215 54.0
216 54.0
217 54.0
218 54.0
219 54.0
220 54.0
221 54.0
222 54.0
223 54.0
224 54.0
225 54.0
226 54.0
227 54.0
228 54.0
229 54.0
230 54.0
231 54.0
232 54.0
233 54.0
234 54.0
235 54.0
236 54.0
237 54.0
238 54.0
239 54.0
240 54.0
241 54.0
242 54.0
243 54.0
244 54.0
245 54.0
246 54.0
247 54.0
248 54.0
249 54.0
250 54.0
251 54.0
252 54.0
253 54.0
254 54.0
255 54.0
256 54.0
257 54.0
258 54.0
259 54.0
260 54.0
261 54.0
262 54.0
263 54.0
264 54.0
265 54.0
266 54.0
267 54.0
268 54.0
269 54.0
270 54.0
271 54.0
272 54.0
273 54.0
274 54.0
275 54.0
276 54.0
277 54.0
278 54.0
279 54.0
280 54.0
281 54.0
282 54.0
283 54.0
284 54.0
285 54.0
286 54.0
287 54.0
288 54.0
289 54.0
290 54.0
291 54.0
292 54.0
293 54.0
294 54.0
295 54.0
296 54.0
297 54.0
298 54.0
299 54.0
300 54.0
301 54.0
302 54.0
303 54.0
304 54.0
305 54.0
306 54.0
307 54.0
308 54.0
309 54.0
310 54.0
311 62.0
312 62.0
313 62.0
314 62.0
315 62.0
316 62.0
317 62.0
318 62.0
319 62.0
320 62.0
321 62.0
322 62.0
323 62.0
324 62.0
325 62.0
326 62.0
327 62.0
328 62.0
329 62.0
330 62.0
331 62.0
332 62.0
333 62.0
334 62.0
335 62.0
336 62.0
337 62.0
338 62.0
339 62.0
340 62.0
341 62.0
342 62.0
343 62.0
344 62.0
345 62.0
346 62.0
347 62.0
348 62.0
349 62.0
350 62.0
351 62.0
352 62.0
353 62.0
354 62.0
355 62.0
356 62.0
357 62.0
358 62.0
359 62.0
360 62.0
361 62.0
362 62.0
363 62.0
364 62.0
365 62.0
366 62.0
367 62.0
368 62.0
369 62.0
370 62.0
371 62.0
372 62.0
373 62.0
374 62.0
375 62.0
376 62.0
377 62.0
378 62.0
379 62.0
380 62.0
381 62.0
382 62.0
383 62.0
384 62.0
385 62.0
386 62.0
387 62.0
388 62.0
389 62.0
390 62.0
391 62.0
392 62.0
393 62.0
394 62.0
395 62.0
396 62.0
397 62.0
398 62.0
399 62.0
400 62.0
401 62.0
402 62.0
403 62.0
404 62.0
405 62.0
406 62.0
407 62.0
408 62.0
409 62.0
410 62.0
411 62.0
412 62.0
413 62.0
414 62.0
415 62.0
416 62.0
417 62.0
418 62.0
419 62.0
420 62.0
421 62.0
422 62.0
423 62.0
424 62.0
425 62.0
426 62.0
427 62.0
428 62.0
429 62.0
430 62.0
431 62.0
432 62.0
433 62.0
434 62.0
435 62.0
436 62.0
437 62.0
438 62.0
439 62.0
440 62.0
441 62.0
442 62.0
443 62.0
444 62.0
445 62.0
446 62.0
447 62.0
448 62.0
449 62.0
450 62.0
451 62.0
452 62.0
453 62.0
454 62.0
455 62.0
456 62.0
457 62.0
458 62.0
459 62.0
460 62.0
461 62.0
462 62.0
463 62.0
464 62.0
465 62.0
466 62.0
467 62.0
468 62.0
469 62.0
470 62.0
471 62.0
472 62.0
473 62.0
474 62.0
475 62.0
476 62.0
477 62.0
478 62.0
479 62.0
480 62.0
481 62.0
482 62.0
483 62.0
484 62.0
485 62.0
486 62.0
487 62.0
488 62.0
489 62.0
490 62.0
491 62.0
492 62.0
493 62.0
494 62.0
495 62.0
496 62.0
497 62.0
498 62.0
499 62.0
500 62.0
501 62.0
502 62.0
503 62.0
504 62.0
505 62.0
506 62.0
507 62.0
508 62.0
509 62.0
510 62.0
511 62.0
512 62.0
513 62.0
514 62.0
515 62.0
516 62.0
517 62.0
518 62.0
519 62.0
520 62.0
521 62.0
522 62.0
523 62.0
524 62.0
525 62.0
526 62.0
527 62.0
528 62.0
529 62.0
530 62.0
531 62.0
532 62.0
533 62.0
534 62.0
535 62.0
536 62.0
537 62.0
538 62.0
539 62.0
540 62.0
541 62.0
542 62.0
543 62.0
544 62.0
545 62.0
546 62.0
547 62.0
548 62.0
549 62.0
550 62.0
551 62.0
552 62.0
553 62.0
554 62.0
555 62.0
556 62.0
557 62.0
558 62.0
559 62.0
560 62.0
561 62.0
562 62.0
563 62.0
564 62.0
565 62.0
566 62.0
567 62.0
568 62.0
569 62.0
570 62.0
571 62.0
572 62.0
573 62.0
574 62.0
575 62.0
576 62.0
577 62.0
578 62.0
579 62.0
580 62.0
581 62.0
582 62.0
583 62.0
584 62.0
585 62.0
586 62.0
587 62.0
588 62.0
589 62.0
590 62.0
591 62.0
592 62.0
593 62.0
594 62.0
595 62.0
596 62.0
597 62.0
598 62.0
599 62.0
600 62.0
601 62.0
602 62.0
603 62.0
604 62.0
605 62.0
606 62.0
607 62.0
608 62.0
609 62.0
610 62.0
611 62.0
612 62.0
613 62.0
614 62.0
615 62.0
616 62.0
617 62.0
618 62.0
619 62.0
620 62.0
621 62.0
622 62.0
623 62.0
624 62.0
625 62.0
626 62.0
627 62.0
628 62.0
629 62.0
630 62.0
631 62.0
632 62.0
633 62.0
634 62.0
635 62.0
636 62.0
637 62.0
638 62.0
639 62.0
640 62.0
641 62.0
642 62.0
643 62.0
644 62.0
645 62.0
646 62.0
647 62.0
648 62.0
649 62.0
650 62.0
651 62.0
652 62.0
653 62.0
654 62.0
655 62.0
656 62.0
657 62.0
658 62.0
659 62.0
660 62.0
661 62.0
662 62.0
663 62.0
664 62.0
665 62.0
666 62.0
667 62.0
668 62.0
669 62.0
670 62.0
671 62.0
672 62.0
673 62.0
674 62.0
675 62.0
676 62.0
677 62.0
678 62.0
679 62.0
680 62.0
681 62.0
682 62.0
683 62.0
684 62.0
685 62.0
686 62.0
687 62.0
688 62.0
689 62.0
690 62.0
691 62.0
692 62.0
693 62.0
694 62.0
695 62.0
696 62.0
697 62.0
698 62.0
699 62.0
700 62.0
701 62.0
702 62.0
703 62.0
704 62.0
705 62.0
706 62.0
707 62.0
708 62.0
709 62.0
710 62.0
711 62.0
712 62.0
713 62.0
714 62.0
715 62.0
716 62.0
717 62.0
718 62.0
719 62.0
720 62.0
721 62.0
722 62.0
723 62.0
724 62.0
725 62.0
726 62.0
727 62.0
728 62.0
729 62.0
730 62.0
731 62.0
732 62.0
733 62.0
734 62.0
735 62.0
736 62.0
737 62.0
738 62.0
739 62.0
740 62.0
741 62.0
742 62.0
743 62.0
744 62.0
745 62.0
746 62.0
747 62.0
748 62.0
749 62.0
750 62.0
751 62.0
752 62.0
753 62.0
754 62.0
755 62.0
756 62.0
757 62.0
758 62.0
759 62.0
760 62.0
761 62.0
762 62.0
763 62.0
764 62.0
765 62.0
766 62.0
767 62.0
768 62.0
769 62.0
770 62.0
771 62.0
772 62.0
773 62.0
774 62.0
775 62.0
776 62.0
777 62.0
778 62.0
779 62.0
780 62.0
781 62.0
782 62.0
783 62.0
784 62.0
785 62.0
786 62.0
787 62.0
788 62.0
789 62.0
790 62.0
791 62.0
792 62.0
793 62.0
794 62.0
795 62.0
796 62.0
797 62.0
798 62.0
799 62.0
800 62.0
801 62.0
802 62.0
803 62.0
804 62.0
805 62.0
806 62.0
807 62.0
808 62.0
809 62.0
810 62.0
811 62.0
812 62.0
813 62.0
814 62.0
815 62.0
816 62.0
817 62.0
818 62.0
819 62.0
820 62.0
821 62.0
822 62.0
823 62.0
824 62.0
825 62.0
826 62.0
827 62.0
828 62.0
829 62.0
830 62.0
831 62.0
832 62.0
833 62.0
834 62.0
835 62.0
836 62.0
837 62.0
838 62.0
839 62.0
840 62.0
841 62.0
842 62.0
843 62.0
844 62.0
845 62.0
846 62.0
847 62.0
848 62.0
849 62.0
850 62.0
851 62.0
852 62.0
853 62.0
854 62.0
855 62.0
856 62.0
857 62.0
858 62.0
859 62.0
860 62.0
861 62.0
862 62.0
863 62.0
864 62.0
865 62.0
866 62.0
867 62.0
868 62.0
869 62.0
870 62.0
871 62.0
872 62.0
873 62.0
874 62.0
875 62.0
876 62.0
877 62.0
878 62.0
879 62.0
880 62.0
881 62.0
882 62.0
883 62.0
884 62.0
885 62.0
886 62.0
887 62.0
888 62.0
889 62.0
890 62.0
891 62.0
892 62.0
893 62.0
894 62.0
895 62.0
896 62.0
897 62.0
898 62.0
899 62.0
900 62.0
901 62.0
902 62.0
903 62.0
904 62.0
905 62.0
906 62.0
907 62.0
908 62.0
909 62.0
910 62.0
911 62.0
912 62.0
913 62.0
914 62.0
915 62.0
916 62.0
917 62.0
918 62.0
919 62.0
920 62.0
921 62.0
922 62.0
923 62.0
924 62.0
925 62.0
926 62.0
927 62.0
928 62.0
929 62.0
930 62.0
931 62.0
932 62.0
933 62.0
934 62.0
935 62.0
936 62.0
937 62.0
938 62.0
939 62.0
940 62.0
941 62.0
942 62.0
943 62.0
944 62.0
945 62.0
946 62.0
947 62.0
948 62.0
949 62.0
950 62.0
951 62.0
952 62.0
953 62.0
954 62.0
955 62.0
956 62.0
957 62.0
958 62.0
959 62.0
960 62.0
961 62.0
962 62.0
963 62.0
964 62.0
965 62.0
966 62.0
967 62.0
968 62.0
969 62.0
970 62.0
971 62.0
972 62.0
973 62.0
974 62.0
975 62.0
976 62.0
977 62.0
978 62.0
979 62.0
980 62.0
981 62.0
982 62.0
983 62.0
984 62.0
985 62.0
986 62.0
987 62.0
988 62.0
989 62.0
990 62.0
991 62.0
992 62.0
993 62.0
994 62.0
995 62.0
996 62.0
997 62.0
998 62.0
999 62.0
1000 62.0
1001 62.0
1002 62.0
1003 62.0
1004 62.0
1005 62.0
1006 62.0
1007 62.0
1008 62.0
1009 62.0
1010 62.0
1011 62.0
1012 62.0
1013 62.0
1014 62.0
1015 62.0
1016 62.0
1017 62.0
1018 62.0
1019 62.0
1020 62.0
1021 62.0
1022 62.0
1023 62.0
1024 62.0
1025 62.0
1026 62.0
1027 62.0
1028 62.0
1029 62.0
1030 62.0
1031 62.0
1032 62.0
1033 62.0
1034 62.0
1035 62.0
1036 62.0
1037 62.0
1038 63.0
1039 63.0
1040 63.0
1041 63.0
1042 63.0
1043 63.0
1044 63.0
1045 63.0
1046 63.0
1047 63.0
1048 63.0
1049 63.0
1050 63.0
1051 63.0
1052 63.0
1053 63.0
1054 63.0
1055 63.0
1056 63.0
1057 63.0
1058 63.0
1059 63.0
1060 63.0
1061 63.0
1062 63.0
1063 63.0
1064 63.0
1065 63.0
1066 63.0
1067 63.0
1068 63.0
1069 63.0
1070 63.0
1071 63.0
1072 63.0
1073 63.0
1074 63.0
1075 63.0
1076 63.0
1077 63.0
1078 63.0
1079 63.0
1080 63.0
1081 63.0
1082 63.0
1083 63.0
1084 63.0
1085 63.0
1086 63.0
1087 63.0
1088 63.0
1089 63.0
1090 63.0
1091 63.0
1092 63.0
1093 63.0
1094 63.0
1095 63.0
1096 63.0
1097 63.0
1098 63.0
1099 63.0
1100 63.0
1101 63.0
1102 63.0
1103 63.0
1104 63.0
1105 63.0
1106 63.0
1107 63.0
1108 63.0
1109 63.0
1110 63.0
1111 63.0
1112 63.0
1113 63.0
1114 63.0
1115 63.0
1116 63.0
1117 63.0
1118 63.0
1119 63.0
1120 63.0
1121 63.0
1122 63.0
1123 63.0
1124 63.0
1125 63.0
1126 63.0
1127 63.0
1128 63.0
1129 63.0
1130 63.0
1131 63.0
1132 63.0
1133 63.0
1134 63.0
1135 63.0
1136 63.0
1137 63.0
1138 63.0
1139 63.0
1140 63.0
1141 63.0
1142 63.0
1143 63.0
1144 63.0
1145 63.0
1146 63.0
1147 63.0
1148 63.0
1149 63.0
1150 63.0
1151 63.0
1152 63.0
1153 63.0
1154 63.0
1155 63.0
1156 63.0
1157 63.0
1158 63.0
1159 63.0
1160 63.0
1161 63.0
1162 63.0
1163 63.0
1164 63.0
1165 63.0
1166 63.0
1167 63.0
1168 63.0
1169 63.0
1170 63.0
1171 63.0
1172 63.0
1173 63.0
1174 63.0
1175 63.0
1176 63.0
1177 63.0
1178 63.0
1179 63.0
1180 63.0
1181 63.0
1182 63.0
1183 63.0
1184 63.0
1185 63.0
1186 63.0
1187 63.0
1188 63.0
1189 63.0
1190 63.0
1191 63.0
1192 63.0
1193 63.0
1194 63.0
1195 63.0
1196 63.0
1197 63.0
1198 63.0
1199 63.0
1200 63.0
1201 63.0
1202 63.0
1203 63.0
1204 63.0
1205 63.0
1206 63.0
1207 63.0
1208 63.0
1209 63.0
1210 63.0
1211 63.0
1212 63.0
1213 63.0
1214 63.0
1215 63.0
1216 63.0
1217 63.0
1218 63.0
1219 63.0
1220 63.0
1221 63.0
1222 63.0
1223 63.0
1224 63.0
1225 63.0
1226 63.0
1227 63.0
1228 63.0
1229 63.0
1230 63.0
1231 63.0
1232 63.0
1233 63.0
1234 63.0
1235 63.0
1236 63.0
1237 63.0
1238 63.0
1239 63.0
1240 63.0
1241 63.0
1242 63.0
1243 63.0
1244 63.0
1245 63.0
1246 63.0
1247 63.0
1248 63.0
1249 63.0
1250 63.0
1251 63.0
1252 63.0
1253 63.0
1254 63.0
1255 63.0
1256 63.0
1257 63.0
1258 63.0
1259 63.0
1260 63.0
1261 63.0
1262 63.0
1263 63.0
1264 63.0
1265 63.0
1266 63.0
1267 63.0
1268 63.0
1269 63.0
1270 63.0
1271 63.0
1272 63.0
1273 63.0
1274 63.0
1275 63.0
1276 63.0
1277 63.0
1278 63.0
1279 63.0
1280 63.0
1281 63.0
1282 63.0
1283 63.0
1284 63.0
1285 63.0
1286 63.0
1287 63.0
1288 63.0
1289 63.0
1290 63.0
1291 63.0
1292 63.0
1293 63.0
1294 63.0
1295 63.0
1296 63.0
1297 63.0
1298 63.0
1299 63.0
1300 63.0
1301 63.0
1302 63.0
1303 63.0
1304 63.0
1305 63.0
1306 63.0
1307 63.0
1308 63.0
1309 63.0
1310 63.0
1311 63.0
1312 63.0
1313 63.0
1314 63.0
1315 63.0
1316 63.0
1317 63.0
1318 63.0
1319 63.0
1320 63.0
1321 63.0
1322 63.0
1323 63.0
1324 63.0
1325 63.0
1326 63.0
1327 63.0
1328 63.0
1329 63.0
1330 63.0
1331 63.0
1332 63.0
1333 63.0
1334 63.0
1335 63.0
1336 63.0
1337 63.0
1338 63.0
1339 63.0
1340 63.0
1341 63.0
1342 63.0
1343 63.0
1344 63.0
1345 63.0
1346 63.0
1347 63.0
1348 63.0
1349 63.0
1350 63.0
1351 63.0
1352 63.0
1353 63.0
1354 63.0
1355 63.0
1356 63.0
1357 63.0
1358 63.0
1359 63.0
1360 63.0
1361 63.0
1362 63.0
1363 63.0
1364 63.0
1365 63.0
1366 63.0
1367 63.0
1368 63.0
1369 63.0
1370 63.0
1371 63.0
1372 63.0
1373 63.0
1374 63.0
1375 63.0
1376 63.0
1377 63.0
1378 63.0
1379 63.0
1380 63.0
1381 63.0
1382 63.0
1383 63.0
1384 63.0
1385 63.0
1386 63.0
1387 63.0
1388 63.0
1389 63.0
1390 63.0
1391 63.0
1392 63.0
1393 63.0
1394 63.0
1395 63.0
1396 63.0
1397 63.0
1398 63.0
1399 63.0
1400 63.0
1401 63.0
1402 63.0
1403 63.0
1404 63.0
1405 63.0
1406 63.0
1407 63.0
1408 63.0
1409 63.0
1410 63.0
1411 63.0
1412 63.0
1413 63.0
1414 63.0
1415 63.0
1416 63.0
1417 63.0
1418 63.0
1419 63.0
1420 63.0
1421 63.0
1422 63.0
1423 63.0
1424 63.0
1425 63.0
1426 63.0
1427 63.0
1428 63.0
1429 63.0
1430 63.0
1431 63.0
1432 63.0
1433 63.0
1434 63.0
1435 63.0
1436 63.0
1437 63.0
1438 63.0
1439 63.0
1440 63.0
1441 63.0
1442 63.0
1443 63.0
1444 63.0
1445 63.0
1446 63.0
1447 63.0
1448 63.0
1449 63.0
1450 63.0
1451 63.0
1452 63.0
1453 63.0
1454 63.0
1455 63.0
1456 63.0
1457 63.0
1458 63.0
1459 63.0
1460 63.0
1461 63.0
1462 63.0
1463 63.0
1464 63.0
1465 63.0
1466 63.0
1467 63.0
1468 63.0
1469 63.0
1470 63.0
1471 63.0
1472 63.0
1473 63.0
1474 63.0
1475 63.0
1476 63.0
1477 63.0
1478 63.0
1479 63.0
1480 63.0
1481 63.0
1482 63.0
1483 63.0
1484 63.0
1485 63.0
1486 63.0
1487 63.0
1488 63.0
1489 63.0
1490 63.0
1491 63.0
1492 63.0
1493 63.0
1494 63.0
1495 63.0
1496 63.0
1497 63.0
1498 63.0
1499 63.0
1500 63.0
1501 63.0
1502 63.0
1503 63.0
1504 63.0
1505 63.0
1506 63.0
1507 63.0
1508 63.0
1509 63.0
1510 63.0
1511 63.0
1512 63.0
1513 63.0
1514 63.0
1515 63.0
1516 63.0
1517 63.0
1518 63.0
1519 63.0
1520 63.0
1521 63.0
1522 63.0
1523 63.0
1524 63.0
1525 63.0
1526 63.0
1527 63.0
1528 63.0
1529 63.0
1530 63.0
1531 63.0
1532 63.0
1533 63.0
1534 63.0
1535 63.0
1536 63.0
1537 63.0
1538 63.0
1539 63.0
1540 63.0
1541 63.0
1542 63.0
1543 63.0
1544 63.0
1545 63.0
1546 63.0
1547 63.0
1548 63.0
1549 63.0
1550 63.0
1551 63.0
1552 63.0
1553 63.0
1554 63.0
1555 63.0
1556 63.0
1557 63.0
1558 63.0
1559 63.0
1560 63.0
1561 63.0
1562 63.0
1563 63.0
1564 63.0
1565 63.0
1566 63.0
1567 63.0
1568 63.0
1569 63.0
1570 63.0
1571 63.0
1572 63.0
1573 63.0
1574 63.0
1575 63.0
1576 63.0
1577 63.0
1578 63.0
1579 63.0
1580 63.0
1581 63.0
1582 63.0
1583 63.0
1584 63.0
1585 63.0
1586 63.0
1587 63.0
1588 63.0
1589 63.0
1590 63.0
1591 63.0
1592 63.0
1593 63.0
1594 63.0
1595 63.0
1596 63.0
1597 63.0
1598 63.0
1599 63.0
1600 63.0
1601 63.0
1602 63.0
1603 63.0
1604 63.0
1605 63.0
1606 63.0
1607 63.0
1608 63.0
1609 63.0
1610 63.0
1611 63.0
1612 63.0
1613 63.0
1614 63.0
1615 63.0
1616 63.0
1617 63.0
1618 63.0
1619 63.0
1620 63.0
1621 63.0
1622 63.0
1623 63.0
1624 63.0
1625 63.0
1626 63.0
1627 63.0
1628 63.0
1629 63.0
1630 63.0
1631 63.0
1632 63.0
1633 63.0
1634 63.0
1635 63.0
1636 63.0
1637 63.0
1638 63.0
1639 63.0
1640 63.0
1641 63.0
1642 63.0
1643 63.0
1644 63.0
1645 63.0
1646 63.0
1647 63.0
1648 63.0
1649 63.0
1650 63.0
1651 63.0
1652 63.0
1653 63.0
1654 63.0
1655 63.0
1656 63.0
1657 63.0
1658 63.0
1659 63.0
1660 63.0
1661 63.0
1662 63.0
1663 63.0
1664 63.0
1665 63.0
1666 63.0
1667 63.0
1668 63.0
1669 63.0
1670 63.0
1671 63.0
1672 63.0
1673 63.0
1674 63.0
1675 63.0
1676 63.0
1677 63.0
1678 63.0
1679 63.0
1680 63.0
1681 63.0
1682 63.0
1683 63.0
1684 63.0
1685 63.0
1686 63.0
1687 63.0
1688 63.0
1689 63.0
1690 63.0
1691 63.0
1692 63.0
1693 63.0
1694 63.0
1695 63.0
1696 63.0
1697 63.0
1698 63.0
1699 63.0
1700 63.0
1701 63.0
1702 63.0
1703 63.0
1704 63.0
1705 63.0
1706 63.0
1707 63.0
1708 63.0
1709 63.0
1710 63.0
1711 63.0
1712 63.0
1713 63.0
1714 63.0
1715 63.0
1716 63.0
1717 63.0
1718 63.0
1719 63.0
1720 63.0
1721 63.0
1722 63.0
1723 63.0
1724 63.0
1725 63.0
1726 63.0
1727 63.0
1728 63.0
1729 63.0
1730 63.0
1731 63.0
1732 63.0
1733 63.0
1734 63.0
1735 63.0
1736 63.0
1737 63.0
1738 63.0
1739 63.0
1740 63.0
1741 63.0
1742 63.0
1743 63.0
1744 63.0
1745 63.0
1746 63.0
1747 63.0
1748 63.0
1749 63.0
1750 63.0
1751 63.0
1752 63.0
1753 63.0
1754 63.0
1755 63.0
1756 63.0
1757 63.0
1758 63.0
1759 63.0
1760 63.0
1761 63.0
1762 63.0
1763 63.0
1764 63.0
1765 63.0
1766 63.0
1767 63.0
1768 63.0
1769 63.0
1770 63.0
1771 63.0
1772 63.0
1773 63.0
1774 63.0
1775 63.0
1776 63.0
1777 63.0
1778 63.0
1779 63.0
1780 63.0
1781 63.0
1782 63.0
1783 63.0
1784 63.0
1785 63.0
1786 63.0
1787 63.0
1788 63.0
1789 63.0
1790 63.0
1791 63.0
1792 63.0
1793 63.0
1794 63.0
1795 63.0
1796 63.0
1797 63.0
1798 63.0
1799 63.0
1800 63.0
1801 63.0
1802 63.0
1803 63.0
1804 63.0
1805 63.0
1806 63.0
1807 63.0
1808 63.0
1809 63.0
1810 63.0
1811 63.0
1812 63.0
1813 63.0
1814 63.0
1815 63.0
1816 63.0
1817 63.0
1818 63.0
1819 63.0
1820 63.0
1821 63.0
1822 63.0
1823 63.0
1824 63.0
1825 63.0
1826 63.0
1827 63.0
1828 63.0
1829 63.0
1830 63.0
1831 63.0
1832 63.0
1833 63.0
1834 63.0
1835 63.0
1836 63.0
1837 63.0
1838 63.0
1839 63.0
1840 63.0
1841 63.0
1842 63.0
1843 63.0
1844 63.0
1845 63.0
1846 63.0
1847 63.0
1848 63.0
1849 63.0
1850 63.0
1851 63.0
1852 63.0
1853 63.0
1854 63.0
1855 63.0
1856 63.0
1857 63.0
1858 63.0
1859 63.0
1860 63.0
1861 63.0
1862 63.0
1863 63.0
1864 63.0
1865 63.0
1866 63.0
1867 63.0
1868 63.0
1869 63.0
1870 63.0
1871 63.0
1872 63.0
1873 63.0
1874 63.0
1875 63.0
1876 63.0
1877 63.0
1878 63.0
1879 63.0
1880 63.0
1881 63.0
1882 63.0
1883 63.0
1884 63.0
1885 63.0
1886 63.0
1887 63.0
1888 63.0
1889 63.0
1890 63.0
1891 63.0
1892 63.0
1893 63.0
1894 63.0
1895 63.0
1896 63.0
1897 63.0
1898 63.0
1899 63.0
1900 63.0
1901 63.0
1902 63.0
1903 63.0
1904 63.0
1905 63.0
1906 63.0
1907 63.0
1908 63.0
1909 63.0
1910 63.0
1911 63.0
1912 63.0
1913 63.0
1914 63.0
1915 63.0
1916 63.0
1917 63.0
1918 63.0
1919 63.0
1920 63.0
1921 63.0
1922 63.0
1923 63.0
1924 63.0
1925 63.0
1926 63.0
1927 63.0
1928 63.0
1929 63.0
1930 63.0
1931 63.0
1932 63.0
1933 63.0
1934 63.0
1935 63.0
1936 63.0
1937 63.0
1938 63.0
1939 63.0
1940 63.0
1941 63.0
1942 63.0
1943 63.0
1944 63.0
1945 63.0
1946 63.0
1947 63.0
1948 63.0
1949 63.0
1950 63.0
1951 63.0
1952 63.0
1953 63.0
1954 63.0
1955 63.0
1956 63.0
1957 63.0
1958 63.0
1959 63.0
1960 63.0
1961 63.0
1962 63.0
1963 63.0
1964 63.0
1965 63.0
1966 63.0
1967 63.0
1968 63.0
1969 63.0
1970 63.0
1971 63.0
1972 63.0
1973 63.0
1974 63.0
1975 63.0
1976 63.0
1977 63.0
1978 63.0
1979 63.0
1980 63.0
1981 63.0
1982 63.0
1983 63.0
1984 63.0
1985 63.0
1986 63.0
1987 63.0
1988 63.0
1989 63.0
1990 63.0
1991 63.0
1992 63.0
1993 63.0
1994 63.0
1995 63.0
1996 63.0
1997 63.0
1998 63.0
1999 63.0
2000 63.0
2001 63.0
2002 63.0
2003 63.0
2004 63.0
2005 63.0
2006 63.0
2007 63.0
2008 63.0
2009 63.0
2010 63.0
2011 63.0
2012 63.0
2013 63.0
2014 63.0
2015 63.0
2016 63.0
2017 63.0
2018 63.0
2019 63.0
2020 63.0
2021 63.0
2022 63.0
2023 63.0
2024 63.0
2025 63.0
2026 63.0
2027 63.0
2028 63.0
2029 63.0
2030 63.0
2031 63.0
2032 63.0
2033 63.0
2034 63.0
2035 63.0
2036 63.0
2037 63.0
2038 63.0
2039 63.0
2040 63.0
2041 63.0
2042 63.0
2043 63.0
2044 63.0
2045 63.0
2046 63.0
2047 63.0
2048 63.0
2049 63.0
2050 63.0
2051 63.0
2052 63.0
2053 63.0
2054 63.0
2055 63.0
2056 63.0
2057 63.0
2058 63.0
2059 63.0
2060 63.0
2061 63.0
2062 63.0
2063 63.0
2064 63.0
2065 63.0
2066 63.0
2067 63.0
2068 63.0
2069 63.0
2070 63.0
2071 63.0
2072 63.0
2073 63.0
2074 63.0
2075 63.0
2076 63.0
2077 63.0
2078 63.0
2079 63.0
2080 63.0
2081 63.0
2082 63.0
2083 63.0
2084 63.0
2085 63.0
2086 63.0
2087 63.0
2088 63.0
2089 63.0
2090 63.0
2091 63.0
2092 63.0
2093 63.0
2094 63.0
2095 63.0
2096 63.0
2097 63.0
2098 63.0
2099 63.0
2100 63.0
2101 63.0
2102 63.0
2103 63.0
2104 63.0
2105 63.0
2106 63.0
2107 63.0
2108 63.0
2109 63.0
2110 63.0
2111 63.0
2112 63.0
2113 63.0
2114 63.0
2115 63.0
2116 63.0
2117 63.0
2118 63.0
2119 63.0
2120 63.0
2121 63.0
2122 63.0
2123 63.0
2124 63.0
2125 63.0
2126 63.0
2127 63.0
2128 63.0
2129 63.0
2130 63.0
2131 63.0
2132 63.0
2133 63.0
2134 63.0
2135 63.0
2136 63.0
2137 63.0
2138 63.0
2139 63.0
2140 63.0
2141 63.0
2142 63.0
2143 63.0
2144 63.0
2145 63.0
2146 63.0
2147 63.0
2148 63.0
2149 63.0
2150 63.0
2151 63.0
2152 63.0
2153 63.0
2154 63.0
2155 63.0
2156 63.0
2157 63.0
2158 63.0
2159 63.0
2160 63.0
2161 63.0
2162 63.0
2163 63.0
2164 63.0
2165 63.0
2166 63.0
2167 63.0
2168 63.0
2169 63.0
2170 63.0
2171 63.0
2172 63.0
2173 63.0
2174 63.0
2175 63.0
2176 63.0
2177 63.0
2178 63.0
2179 63.0
2180 63.0
2181 63.0
2182 63.0
2183 63.0
2184 63.0
2185 63.0
2186 63.0
2187 63.0
2188 63.0
2189 63.0
2190 63.0
2191 63.0
2192 63.0
2193 63.0
2194 63.0
2195 63.0
2196 63.0
2197 63.0
2198 63.0
2199 63.0
2200 63.0
2201 63.0
2202 63.0
2203 63.0
2204 63.0
2205 63.0
2206 63.0
2207 63.0
2208 63.0
2209 63.0
2210 63.0
2211 63.0
2212 63.0
2213 63.0
2214 63.0
2215 63.0
2216 63.0
2217 63.0
2218 63.0
2219 63.0
2220 63.0
2221 63.0
2222 63.0
2223 63.0
2224 63.0
2225 63.0
2226 63.0
2227 63.0
2228 63.0
2229 63.0
2230 63.0
2231 63.0
2232 63.0
2233 63.0
2234 63.0
2235 63.0
2236 63.0
2237 63.0
2238 63.0
2239 63.0
2240 63.0
2241 63.0
2242 63.0
2243 63.0
2244 63.0
2245 63.0
2246 63.0
2247 63.0
2248 63.0
2249 63.0
2250 63.0
2251 63.0
2252 63.0
2253 63.0
2254 63.0
2255 63.0
2256 63.0
2257 63.0
2258 63.0
2259 63.0
2260 63.0
2261 63.0
2262 63.0
2263 63.0
2264 63.0
2265 63.0
2266 63.0
2267 63.0
2268 63.0
2269 63.0
2270 63.0
2271 63.0
2272 63.0
2273 63.0
2274 63.0
2275 63.0
2276 63.0
2277 63.0
2278 63.0
2279 63.0
2280 63.0
2281 63.0
2282 63.0
2283 63.0
2284 63.0
2285 63.0
2286 63.0
2287 63.0
2288 63.0
2289 63.0
2290 63.0
2291 63.0
2292 63.0
2293 63.0
2294 63.0
2295 63.0
2296 63.0
2297 63.0
2298 63.0
2299 63.0
2300 63.0
2301 63.0
2302 63.0
2303 63.0
2304 63.0
2305 63.0
2306 63.0
2307 63.0
2308 63.0
2309 63.0
2310 63.0
2311 63.0
2312 63.0
2313 63.0
2314 63.0
2315 63.0
2316 63.0
2317 63.0
2318 63.0
2319 63.0
2320 63.0
2321 63.0
2322 63.0
2323 63.0
2324 63.0
2325 63.0
2326 63.0
2327 63.0
2328 63.0
2329 63.0
2330 63.0
2331 63.0
2332 63.0
2333 63.0
2334 63.0
2335 63.0
2336 63.0
2337 63.0
2338 63.0
2339 63.0
2340 63.0
2341 63.0
2342 63.0
2343 63.0
2344 63.0
2345 63.0
2346 63.0
2347 63.0
2348 63.0
2349 63.0
2350 63.0
2351 63.0
2352 63.0
2353 63.0
2354 63.0
2355 63.0
2356 63.0
2357 63.0
2358 63.0
2359 63.0
2360 63.0
2361 63.0
2362 63.0
2363 63.0
2364 63.0
2365 63.0
2366 63.0
2367 63.0
2368 63.0
2369 63.0
2370 63.0
2371 63.0
2372 63.0
2373 63.0
2374 63.0
2375 63.0
2376 63.0
2377 63.0
2378 63.0
2379 63.0
2380 63.0
2381 63.0
2382 63.0
2383 63.0
2384 63.0
2385 63.0
2386 63.0
2387 63.0
2388 63.0
2389 63.0
2390 63.0
2391 63.0
2392 63.0
2393 63.0
2394 63.0
2395 63.0
2396 63.0
2397 63.0
2398 63.0
2399 63.0
2400 63.0
2401 63.0
2402 63.0
2403 63.0
2404 63.0
2405 63.0
2406 63.0
2407 63.0
2408 63.0
2409 63.0
2410 63.0
2411 63.0
2412 63.0
2413 63.0
2414 63.0
2415 63.0
2416 63.0
2417 63.0
2418 63.0
2419 63.0
2420 63.0
2421 63.0
2422 63.0
2423 63.0
2424 63.0
2425 63.0
2426 63.0
2427 63.0
2428 63.0
2429 63.0
2430 63.0
2431 63.0
2432 63.0
2433 63.0
2434 63.0
2435 63.0
2436 63.0
2437 63.0
2438 63.0
2439 63.0
2440 63.0
2441 63.0
2442 63.0
2443 63.0
2444 63.0
2445 63.0
2446 63.0
2447 63.0
2448 63.0
2449 63.0
2450 63.0
2451 63.0
2452 63.0
2453 63.0
2454 63.0
2455 63.0
2456 63.0
2457 63.0
2458 63.0
2459 63.0
2460 63.0
2461 63.0
2462 63.0
2463 63.0
2464 63.0
2465 63.0
2466 63.0
2467 63.0
2468 63.0
2469 63.0
2470 63.0
2471 63.0
2472 63.0
2473 63.0
2474 63.0
2475 63.0
2476 63.0
2477 63.0
2478 63.0
2479 63.0
2480 63.0
2481 63.0
2482 63.0
2483 63.0
2484 63.0
2485 63.0
2486 63.0
2487 63.0
2488 63.0
2489 63.0
2490 63.0
2491 63.0
2492 63.0
2493 63.0
2494 63.0
2495 63.0
2496 63.0
2497 63.0
2498 63.0
2499 63.0
2500 63.0
2501 63.0
2502 63.0
2503 63.0
2504 63.0
2505 63.0
2506 63.0
2507 63.0
2508 63.0
2509 63.0
2510 63.0
2511 63.0
2512 63.0
2513 63.0
2514 63.0
2515 63.0
2516 63.0
2517 63.0
2518 63.0
2519 63.0
2520 63.0
2521 63.0
2522 63.0
2523 63.0
2524 63.0
2525 63.0
2526 63.0
2527 63.0
2528 63.0
2529 63.0
2530 63.0
2531 63.0
2532 63.0
2533 63.0
2534 63.0
2535 63.0
2536 63.0
2537 63.0
2538 63.0
2539 63.0
2540 63.0
2541 63.0
2542 63.0
2543 63.0
2544 63.0
2545 63.0
2546 63.0
2547 63.0
2548 63.0
2549 63.0
2550 63.0
2551 63.0
2552 63.0
2553 63.0
2554 63.0
2555 63.0
2556 63.0
2557 63.0
2558 63.0
2559 63.0
2560 63.0
2561 63.0
2562 63.0
2563 63.0
2564 63.0
2565 63.0
2566 63.0
2567 63.0
2568 63.0
2569 63.0
2570 63.0
2571 63.0
2572 63.0
2573 63.0
2574 63.0
2575 63.0
2576 63.0
2577 63.0
2578 63.0
2579 63.0
2580 63.0
2581 63.0
2582 63.0
2583 63.0
2584 63.0
2585 63.0
2586 63.0
2587 63.0
2588 63.0
2589 63.0
2590 63.0
2591 63.0
2592 63.0
2593 63.0
2594 63.0
2595 63.0
2596 63.0
2597 63.0
2598 63.0
2599 63.0
2600 63.0
2601 63.0
2602 63.0
2603 63.0
2604 63.0
2605 63.0
2606 63.0
2607 63.0
2608 63.0
2609 63.0
2610 63.0
2611 63.0
2612 63.0
2613 63.0
2614 63.0
2615 63.0
2616 63.0
2617 63.0
2618 63.0
2619 63.0
2620 63.0
2621 63.0
2622 63.0
2623 63.0
2624 63.0
2625 63.0
2626 63.0
2627 63.0
2628 63.0
2629 63.0
2630 63.0
2631 63.0
2632 63.0
2633 63.0
2634 63.0
2635 63.0
2636 63.0
2637 63.0
2638 63.0
2639 63.0
2640 63.0
2641 63.0
2642 63.0
2643 63.0
2644 63.0
2645 63.0
2646 63.0
2647 63.0
2648 63.0
2649 63.0
2650 63.0
2651 63.0
2652 63.0
2653 63.0
2654 63.0
2655 63.0
2656 63.0
2657 63.0
2658 63.0
2659 63.0
2660 63.0
2661 63.0
2662 63.0
2663 63.0
2664 63.0
2665 63.0
2666 63.0
2667 63.0
2668 63.0
2669 63.0
2670 63.0
2671 63.0
2672 63.0
2673 63.0
2674 63.0
2675 63.0
2676 63.0
2677 63.0
2678 63.0
2679 63.0
2680 63.0
2681 63.0
2682 63.0
2683 63.0
2684 63.0
2685 63.0
2686 63.0
2687 63.0
2688 63.0
2689 63.0
2690 63.0
2691 63.0
2692 63.0
2693 63.0
2694 63.0
2695 63.0
2696 63.0
2697 63.0
2698 63.0
2699 63.0
2700 63.0
2701 63.0
2702 63.0
2703 63.0
2704 63.0
2705 63.0
2706 63.0
2707 63.0
2708 63.0
2709 63.0
2710 63.0
2711 63.0
2712 63.0
2713 63.0
2714 63.0
2715 63.0
2716 63.0
2717 63.0
2718 63.0
2719 63.0
2720 63.0
2721 63.0
2722 63.0
2723 63.0
2724 63.0
2725 63.0
2726 63.0
2727 63.0
2728 63.0
2729 63.0
2730 63.0
2731 63.0
2732 63.0
2733 63.0
2734 63.0
2735 63.0
2736 63.0
2737 63.0
2738 63.0
2739 63.0
2740 63.0
2741 63.0
2742 63.0
2743 63.0
2744 63.0
2745 63.0
2746 63.0
2747 63.0
2748 63.0
2749 63.0
2750 63.0
2751 63.0
2752 63.0
2753 63.0
2754 63.0
2755 63.0
2756 63.0
2757 63.0
2758 63.0
2759 63.0
2760 63.0
2761 63.0
2762 63.0
2763 63.0
2764 63.0
2765 63.0
2766 63.0
2767 63.0
2768 63.0
2769 63.0
2770 63.0
2771 63.0
2772 63.0
2773 63.0
2774 63.0
2775 63.0
2776 63.0
2777 63.0
2778 63.0
2779 63.0
2780 63.0
2781 63.0
2782 63.0
2783 63.0
2784 63.0
2785 63.0
2786 63.0
2787 63.0
2788 63.0
2789 63.0
2790 63.0
2791 63.0
2792 63.0
2793 63.0
2794 63.0
2795 63.0
2796 63.0
2797 63.0
2798 63.0
2799 63.0
2800 63.0
2801 63.0
2802 63.0
2803 63.0
2804 63.0
2805 63.0
2806 63.0
2807 63.0
2808 63.0
2809 63.0
2810 63.0
2811 63.0
2812 63.0
2813 63.0
2814 63.0
2815 63.0
2816 63.0
2817 63.0
2818 63.0
2819 63.0
2820 63.0
2821 63.0
2822 63.0
2823 63.0
2824 63.0
2825 63.0
2826 63.0
2827 63.0
2828 63.0
2829 63.0
2830 63.0
2831 63.0
2832 63.0
2833 63.0
2834 63.0
2835 63.0
2836 63.0
2837 63.0
2838 63.0
2839 63.0
2840 63.0
2841 63.0
2842 63.0
2843 63.0
2844 63.0
2845 63.0
2846 63.0
2847 63.0
2848 63.0
2849 63.0
2850 63.0
2851 63.0
2852 63.0
2853 63.0
2854 63.0
2855 63.0
2856 63.0
2857 63.0
2858 63.0
2859 63.0
2860 63.0
2861 63.0
2862 63.0
2863 63.0
2864 63.0
2865 63.0
2866 63.0
2867 63.0
2868 63.0
2869 63.0
2870 63.0
2871 63.0
2872 63.0
2873 63.0
2874 63.0
2875 63.0
2876 63.0
2877 63.0
2878 63.0
2879 63.0
2880 63.0
2881 63.0
2882 63.0
2883 63.0
2884 63.0
2885 63.0
2886 63.0
2887 63.0
2888 63.0
2889 63.0
2890 63.0
2891 63.0
2892 63.0
2893 63.0
2894 63.0
2895 63.0
2896 63.0
2897 63.0
2898 63.0
2899 63.0
2900 63.0
2901 63.0
2902 63.0
2903 63.0
2904 63.0
2905 63.0
2906 63.0
2907 63.0
2908 63.0
2909 63.0
2910 63.0
2911 63.0
2912 63.0
2913 63.0
2914 63.0
2915 63.0
2916 63.0
2917 63.0
2918 63.0
2919 63.0
2920 63.0
2921 63.0
2922 63.0
2923 63.0
2924 63.0
2925 63.0
2926 63.0
2927 63.0
2928 63.0
2929 63.0
2930 63.0
2931 63.0
2932 63.0
2933 63.0
2934 63.0
2935 63.0
2936 63.0
2937 63.0
2938 63.0
2939 63.0
2940 63.0
2941 63.0
2942 63.0
2943 63.0
2944 63.0
2945 63.0
2946 63.0
2947 63.0
2948 63.0
2949 63.0
2950 63.0
2951 63.0
2952 63.0
2953 63.0
2954 63.0
2955 63.0
2956 63.0
2957 63.0
2958 63.0
2959 63.0
2960 63.0
2961 63.0
2962 63.0
2963 63.0
2964 63.0
2965 63.0
2966 63.0
2967 63.0
2968 63.0
2969 63.0
2970 63.0
2971 63.0
2972 63.0
2973 63.0
2974 63.0
2975 63.0
2976 63.0
2977 63.0
2978 63.0
2979 63.0
2980 63.0
2981 63.0
2982 63.0
2983 63.0
2984 63.0
2985 63.0
2986 63.0
2987 63.0
2988 63.0
2989 63.0
2990 63.0
2991 63.0
2992 63.0
2993 63.0
2994 63.0
2995 63.0
2996 63.0
2997 63.0
2998 63.0
2999 63.0
3000 63.0
3001 63.0
3002 63.0
3003 63.0
3004 63.0
3005 63.0
3006 63.0
3007 63.0
3008 63.0
3009 63.0
3010 63.0
3011 63.0
3012 63.0
3013 63.0
3014 63.0
3015 63.0
3016 63.0
3017 63.0
3018 63.0
3019 63.0
3020 63.0
3021 63.0
3022 63.0
3023 63.0
3024 63.0
3025 63.0
3026 63.0
3027 63.0
3028 63.0
3029 63.0
3030 63.0
3031 63.0
3032 63.0
3033 63.0
3034 63.0
3035 63.0
3036 63.0
3037 63.0
3038 63.0
3039 63.0
3040 63.0
3041 63.0
3042 63.0
3043 63.0
3044 63.0
3045 63.0
3046 63.0
3047 63.0
3048 63.0
3049 63.0
3050 63.0
3051 63.0
3052 63.0
3053 63.0
3054 63.0
3055 63.0
3056 63.0
3057 63.0
3058 63.0
3059 63.0
3060 63.0
3061 63.0
3062 63.0
3063 63.0
3064 63.0
3065 63.0
3066 63.0
3067 63.0
3068 63.0
3069 63.0
3070 63.0
3071 63.0
3072 63.0
3073 63.0
3074 63.0
3075 63.0
3076 63.0
3077 63.0
3078 63.0
3079 63.0
3080 63.0
3081 63.0
3082 63.0
3083 63.0
3084 63.0
3085 63.0
3086 63.0
3087 63.0
3088 63.0
3089 63.0
3090 63.0
3091 63.0
3092 63.0
3093 63.0
3094 63.0
3095 63.0
3096 63.0
3097 63.0
3098 63.0
3099 63.0
3100 63.0
3101 63.0
3102 63.0
3103 63.0
3104 63.0
3105 63.0
3106 63.0
3107 63.0
3108 63.0
3109 63.0
3110 63.0
3111 63.0
3112 63.0
3113 63.0
3114 63.0
3115 63.0
3116 63.0
3117 63.0
3118 63.0
3119 63.0
3120 63.0
3121 63.0
3122 63.0
3123 63.0
3124 63.0
3125 63.0
3126 63.0
3127 63.0
3128 63.0
3129 63.0
3130 63.0
3131 63.0
3132 63.0
3133 63.0
3134 63.0
3135 63.0
3136 63.0
3137 63.0
3138 63.0
3139 63.0
3140 63.0
3141 63.0
3142 63.0
3143 63.0
3144 63.0
3145 63.0
3146 63.0
3147 63.0
3148 63.0
3149 63.0
3150 63.0
3151 63.0
3152 63.0
3153 63.0
3154 63.0
3155 63.0
3156 63.0
3157 63.0
3158 63.0
3159 63.0
3160 63.0
3161 63.0
3162 63.0
3163 63.0
3164 63.0
3165 63.0
3166 63.0
3167 63.0
3168 63.0
3169 63.0
3170 63.0
3171 63.0
3172 63.0
3173 63.0
3174 63.0
3175 63.0
3176 63.0
3177 63.0
3178 63.0
3179 63.0
3180 63.0
3181 63.0
3182 63.0
3183 63.0
3184 63.0
3185 63.0
3186 63.0
3187 63.0
3188 63.0
3189 63.0
3190 63.0
3191 63.0
3192 63.0
3193 63.0
3194 63.0
3195 63.0
3196 63.0
3197 63.0
3198 63.0
3199 63.0
3200 63.0
3201 63.0
3202 63.0
3203 63.0
3204 63.0
3205 63.0
3206 63.0
3207 63.0
3208 63.0
3209 63.0
3210 63.0
3211 63.0
3212 63.0
3213 63.0
3214 63.0
3215 63.0
3216 63.0
3217 63.0
3218 63.0
3219 63.0
3220 63.0
3221 63.0
3222 63.0
3223 63.0
3224 63.0
3225 63.0
3226 63.0
3227 63.0
3228 63.0
3229 63.0
3230 63.0
3231 63.0
3232 63.0
3233 63.0
3234 63.0
3235 63.0
3236 63.0
3237 63.0
3238 63.0
3239 63.0
3240 63.0
3241 63.0
3242 63.0
3243 63.0
3244 63.0
3245 63.0
3246 63.0
3247 63.0
3248 63.0
3249 63.0
3250 63.0
3251 63.0
3252 63.0
3253 63.0
3254 63.0
3255 63.0
3256 63.0
3257 63.0
3258 63.0
3259 63.0
3260 63.0
3261 63.0
3262 63.0
3263 63.0
3264 63.0
3265 63.0
3266 63.0
3267 63.0
3268 63.0
3269 63.0
3270 63.0
3271 63.0
3272 63.0
3273 63.0
3274 63.0
3275 63.0
3276 63.0
3277 63.0
3278 63.0
3279 63.0
3280 63.0
3281 63.0
3282 63.0
3283 63.0
3284 63.0
3285 63.0
3286 63.0
3287 63.0
3288 63.0
3289 63.0
3290 63.0
3291 63.0
3292 63.0
3293 63.0
3294 63.0
3295 63.0
3296 63.0
3297 63.0
3298 63.0
3299 63.0
3300 63.0
3301 63.0
3302 63.0
3303 63.0
3304 63.0
3305 63.0
3306 63.0
3307 63.0
3308 63.0
3309 63.0
3310 63.0
3311 63.0
3312 63.0
3313 63.0
3314 63.0
3315 63.0
3316 63.0
3317 63.0
3318 63.0
3319 63.0
3320 63.0
3321 63.0
3322 63.0
3323 63.0
3324 63.0
3325 63.0
3326 63.0
3327 63.0
3328 63.0
3329 63.0
3330 63.0
3331 63.0
3332 63.0
3333 63.0
3334 63.0
3335 63.0
3336 63.0
3337 63.0
3338 63.0
3339 63.0
3340 63.0
3341 63.0
3342 63.0
3343 63.0
3344 63.0
3345 63.0
3346 63.0
3347 63.0
3348 63.0
3349 63.0
3350 63.0
3351 63.0
3352 63.0
3353 63.0
3354 63.0
3355 63.0
3356 63.0
3357 63.0
3358 63.0
3359 63.0
3360 63.0
3361 63.0
3362 63.0
3363 63.0
3364 63.0
3365 63.0
3366 63.0
3367 63.0
3368 63.0
3369 63.0
3370 63.0
3371 63.0
3372 63.0
3373 63.0
3374 63.0
3375 63.0
3376 63.0
3377 63.0
3378 63.0
3379 63.0
3380 63.0
3381 63.0
3382 63.0
3383 63.0
3384 63.0
3385 63.0
3386 63.0
3387 63.0
3388 63.0
3389 63.0
3390 63.0
3391 63.0
3392 63.0
3393 63.0
3394 63.0
3395 63.0
3396 63.0
3397 63.0
3398 63.0
3399 63.0
3400 63.0
3401 63.0
3402 63.0
3403 63.0
3404 63.0
3405 63.0
3406 63.0
3407 63.0
3408 63.0
3409 63.0
3410 63.0
3411 63.0
3412 63.0
3413 63.0
3414 63.0
3415 63.0
3416 63.0
3417 63.0
3418 63.0
3419 63.0
3420 63.0
3421 63.0
3422 63.0
3423 63.0
3424 63.0
3425 63.0
3426 63.0
3427 63.0
3428 63.0
3429 63.0
3430 63.0
3431 63.0
3432 63.0
3433 63.0
3434 63.0
3435 63.0
3436 63.0
3437 63.0
3438 63.0
3439 63.0
3440 63.0
3441 63.0
3442 63.0
3443 63.0
3444 63.0
3445 63.0
3446 63.0
3447 63.0
3448 63.0
3449 63.0
3450 63.0
3451 63.0
3452 63.0
3453 63.0
3454 63.0
3455 63.0
3456 63.0
3457 63.0
3458 63.0
3459 63.0
3460 63.0
3461 63.0
3462 63.0
3463 63.0
3464 63.0
3465 63.0
3466 63.0
3467 63.0
3468 63.0
3469 63.0
3470 63.0
3471 63.0
3472 63.0
3473 63.0
3474 63.0
3475 63.0
3476 63.0
3477 63.0
3478 63.0
3479 63.0
3480 63.0
3481 63.0
3482 63.0
3483 63.0
3484 63.0
3485 63.0
3486 63.0
3487 63.0
3488 63.0
3489 63.0
3490 63.0
3491 63.0
3492 63.0
3493 63.0
3494 63.0
3495 63.0
3496 63.0
3497 63.0
3498 63.0
3499 63.0
3500 63.0
3501 63.0
3502 63.0
3503 63.0
3504 63.0
3505 63.0
3506 63.0
3507 63.0
3508 63.0
3509 63.0
3510 63.0
3511 63.0
3512 63.0
3513 63.0
3514 63.0
3515 63.0
3516 63.0
3517 63.0
3518 63.0
3519 63.0
3520 63.0
3521 63.0
3522 63.0
3523 63.0
3524 63.0
3525 63.0
3526 63.0
3527 63.0
3528 63.0
3529 63.0
3530 63.0
3531 63.0
3532 63.0
3533 63.0
3534 63.0
3535 63.0
3536 63.0
3537 63.0
3538 63.0
3539 63.0
3540 63.0
3541 63.0
3542 63.0
3543 63.0
3544 63.0
3545 63.0
3546 63.0
3547 63.0
3548 63.0
3549 63.0
3550 63.0
3551 63.0
3552 63.0
3553 63.0
3554 63.0
3555 63.0
3556 63.0
3557 63.0
3558 63.0
3559 63.0
3560 63.0
3561 63.0
3562 63.0
3563 63.0
3564 63.0
3565 63.0
3566 63.0
3567 63.0
3568 63.0
3569 63.0
3570 63.0
3571 63.0
3572 63.0
3573 63.0
3574 63.0
3575 63.0
3576 63.0
3577 63.0
3578 63.0
3579 63.0
3580 63.0
3581 63.0
3582 63.0
3583 63.0
3584 63.0
3585 63.0
3586 63.0
3587 63.0
3588 63.0
3589 63.0
3590 63.0
3591 63.0
3592 63.0
3593 63.0
3594 63.0
3595 63.0
3596 63.0
3597 63.0
3598 63.0
3599 63.0
3600 63.0
3601 63.0
3602 63.0
3603 63.0
3604 63.0
3605 63.0
3606 63.0
3607 63.0
3608 63.0
3609 63.0
3610 63.0
3611 63.0
3612 63.0
3613 63.0
3614 63.0
3615 63.0
3616 63.0
3617 63.0
3618 63.0
3619 63.0
3620 63.0
3621 63.0
3622 63.0
3623 63.0
3624 63.0
3625 63.0
3626 63.0
3627 63.0
3628 63.0
3629 63.0
3630 63.0
3631 63.0
3632 63.0
3633 63.0
3634 63.0
3635 63.0
3636 63.0
3637 63.0
3638 63.0
3639 63.0
3640 63.0
3641 63.0
3642 63.0
3643 63.0
3644 63.0
3645 63.0
3646 63.0
3647 63.0
3648 63.0
3649 63.0
3650 63.0
3651 63.0
3652 63.0
3653 63.0
3654 63.0
3655 63.0
3656 63.0
3657 63.0
3658 63.0
3659 63.0
3660 63.0
3661 63.0
3662 63.0
3663 63.0
3664 63.0
3665 63.0
3666 63.0
3667 63.0
3668 63.0
3669 63.0
3670 63.0
3671 63.0
3672 63.0
3673 63.0
3674 63.0
3675 63.0
3676 63.0
3677 63.0
3678 63.0
3679 63.0
3680 63.0
3681 63.0
3682 63.0
3683 63.0
3684 63.0
3685 63.0
3686 63.0
3687 63.0
3688 63.0
3689 63.0
3690 63.0
3691 63.0
3692 63.0
3693 63.0
3694 63.0
3695 63.0
3696 63.0
3697 63.0
3698 63.0
3699 63.0
3700 63.0
3701 63.0
3702 63.0
3703 63.0
3704 63.0
3705 63.0
3706 63.0
3707 63.0
3708 63.0
3709 63.0
3710 63.0
3711 63.0
3712 63.0
3713 63.0
3714 63.0
3715 63.0
3716 63.0
3717 63.0
3718 63.0
3719 63.0
3720 63.0
3721 63.0
3722 63.0
3723 63.0
3724 63.0
3725 63.0
3726 63.0
3727 63.0
3728 63.0
3729 63.0
3730 63.0
3731 63.0
3732 63.0
3733 63.0
3734 63.0
3735 63.0
3736 63.0
3737 63.0
3738 63.0
3739 63.0
3740 63.0
3741 63.0
3742 63.0
3743 63.0
3744 63.0
3745 63.0
3746 63.0
3747 63.0
3748 63.0
3749 63.0
3750 63.0
3751 63.0
3752 63.0
3753 63.0
3754 63.0
3755 63.0
3756 63.0
3757 63.0
3758 63.0
3759 63.0
3760 63.0
3761 63.0
3762 63.0
3763 63.0
3764 63.0
3765 63.0
3766 63.0
3767 63.0
3768 63.0
3769 63.0
3770 63.0
3771 63.0
3772 63.0
3773 63.0
3774 63.0
3775 63.0
3776 63.0
3777 63.0
3778 63.0
3779 63.0
3780 63.0
3781 63.0
3782 63.0
3783 63.0
3784 63.0
3785 63.0
3786 63.0
3787 63.0
3788 63.0
3789 63.0
3790 63.0
3791 63.0
3792 63.0
3793 63.0
3794 63.0
3795 63.0
3796 63.0
3797 63.0
3798 63.0
3799 63.0
3800 63.0
3801 63.0
3802 63.0
3803 63.0
3804 63.0
3805 63.0
3806 63.0
3807 63.0
3808 63.0
3809 63.0
3810 63.0
3811 63.0
3812 63.0
3813 63.0
3814 63.0
3815 63.0
3816 63.0
3817 63.0
3818 63.0
3819 63.0
3820 63.0
3821 63.0
3822 63.0
3823 63.0
3824 63.0
3825 63.0
3826 63.0
3827 63.0
3828 63.0
3829 63.0
3830 63.0
3831 63.0
3832 63.0
3833 63.0
3834 63.0
3835 63.0
3836 63.0
3837 63.0
3838 63.0
3839 63.0
3840 63.0
3841 63.0
3842 63.0
3843 63.0
3844 63.0
3845 63.0
3846 63.0
3847 63.0
3848 63.0
3849 63.0
3850 63.0
3851 63.0
3852 63.0
3853 63.0
3854 63.0
3855 63.0
3856 63.0
3857 63.0
3858 63.0
3859 63.0
3860 63.0
3861 63.0
3862 63.0
3863 63.0
3864 63.0
3865 63.0
3866 63.0
3867 63.0
3868 63.0
3869 63.0
3870 63.0
3871 63.0
3872 63.0
3873 63.0
3874 63.0
3875 63.0
3876 63.0
3877 63.0
3878 63.0
3879 63.0
3880 63.0
3881 63.0
3882 63.0
3883 63.0
3884 63.0
3885 63.0
3886 63.0
3887 63.0
3888 63.0
3889 63.0
3890 63.0
3891 63.0
3892 63.0
3893 63.0
3894 63.0
3895 63.0
3896 63.0
3897 63.0
3898 63.0
3899 63.0
3900 63.0
3901 63.0
3902 63.0
3903 63.0
3904 63.0
3905 63.0
3906 63.0
3907 63.0
3908 63.0
3909 63.0
3910 63.0
3911 63.0
3912 63.0
3913 63.0
3914 63.0
3915 63.0
3916 63.0
3917 63.0
3918 63.0
3919 63.0
3920 63.0
3921 63.0
3922 63.0
3923 63.0
3924 63.0
3925 63.0
3926 63.0
3927 63.0
3928 63.0
3929 63.0
3930 63.0
3931 63.0
3932 63.0
3933 63.0
3934 63.0
3935 63.0
3936 63.0
3937 63.0
3938 63.0
3939 63.0
3940 63.0
3941 63.0
3942 63.0
3943 63.0
3944 63.0
3945 63.0
3946 63.0
3947 63.0
3948 63.0
3949 63.0
3950 63.0
3951 63.0
3952 63.0
3953 63.0
3954 63.0
3955 63.0
3956 63.0
3957 63.0
3958 63.0
3959 63.0
3960 63.0
3961 63.0
3962 63.0
3963 63.0
3964 63.0
3965 63.0
3966 63.0
3967 63.0
3968 63.0
3969 63.0
3970 63.0
3971 63.0
3972 63.0
3973 63.0
3974 63.0
3975 63.0
3976 63.0
3977 63.0
3978 63.0
3979 63.0
3980 63.0
3981 63.0
3982 63.0
3983 63.0
3984 63.0
3985 63.0
3986 63.0
3987 63.0
3988 63.0
3989 63.0
3990 63.0
3991 63.0
3992 63.0
3993 63.0
3994 63.0
3995 63.0
3996 63.0
3997 63.0
3998 63.0
3999 63.0
4000 63.0
4001 63.0
4002 63.0
4003 63.0
4004 63.0
4005 63.0
4006 63.0
4007 63.0
4008 63.0
4009 63.0
4010 63.0
4011 63.0
4012 63.0
4013 63.0
4014 63.0
4015 63.0
4016 63.0
4017 63.0
4018 63.0
4019 63.0
4020 63.0
4021 63.0
4022 63.0
4023 63.0
4024 63.0
4025 63.0
4026 63.0
4027 63.0
4028 63.0
4029 63.0
4030 63.0
4031 63.0
4032 63.0
4033 63.0
4034 63.0
4035 63.0
4036 63.0
4037 63.0
4038 63.0
4039 63.0
4040 63.0
4041 63.0
4042 63.0
4043 63.0
4044 63.0
4045 63.0
4046 63.0
4047 63.0
4048 63.0
4049 63.0
4050 63.0
4051 63.0
4052 63.0
4053 63.0
4054 63.0
4055 63.0
4056 63.0
4057 63.0
4058 63.0
4059 63.0
4060 63.0
4061 63.0
4062 63.0
4063 63.0
4064 63.0
4065 63.0
4066 63.0
4067 63.0
4068 63.0
4069 63.0
4070 63.0
4071 63.0
4072 63.0
4073 63.0
4074 63.0
4075 63.0
4076 63.0
4077 63.0
4078 63.0
4079 63.0
4080 63.0
4081 63.0
4082 63.0
4083 63.0
4084 63.0
4085 63.0
4086 63.0
4087 63.0
4088 63.0
4089 63.0
4090 63.0
4091 63.0
4092 63.0
4093 63.0
4094 63.0
4095 63.0
4096 63.0
4097 63.0
4098 63.0
4099 63.0
4100 63.0
4101 63.0
4102 63.0
4103 63.0
4104 63.0
4105 63.0
4106 63.0
4107 63.0
4108 63.0
4109 63.0
4110 63.0
4111 63.0
4112 63.0
4113 63.0
4114 63.0
4115 63.0
4116 63.0
4117 63.0
4118 63.0
4119 63.0
4120 63.0
4121 63.0
4122 63.0
4123 63.0
4124 63.0
4125 63.0
4126 63.0
4127 63.0
4128 63.0
4129 63.0
4130 63.0
4131 63.0
4132 63.0
4133 63.0
4134 63.0
4135 63.0
4136 63.0
4137 63.0
4138 63.0
4139 63.0
4140 63.0
4141 63.0
4142 63.0
4143 63.0
4144 63.0
4145 63.0
4146 63.0
4147 63.0
4148 63.0
4149 63.0
4150 63.0
4151 63.0
4152 63.0
4153 63.0
4154 63.0
4155 63.0
4156 63.0
4157 63.0
4158 63.0
4159 63.0
4160 63.0
4161 63.0
4162 63.0
4163 63.0
4164 63.0
4165 63.0
4166 63.0
4167 63.0
4168 63.0
4169 63.0
4170 63.0
4171 63.0
4172 63.0
4173 63.0
4174 63.0
4175 63.0
4176 63.0
4177 63.0
4178 63.0
4179 63.0
4180 63.0
4181 63.0
4182 63.0
4183 63.0
4184 63.0
4185 63.0
4186 63.0
4187 63.0
4188 63.0
4189 63.0
4190 63.0
4191 63.0
4192 63.0
4193 63.0
4194 63.0
4195 63.0
4196 63.0
4197 63.0
4198 63.0
4199 63.0
4200 63.0
4201 63.0
4202 63.0
4203 63.0
4204 63.0
4205 63.0
4206 63.0
4207 63.0
4208 63.0
4209 63.0
4210 63.0
4211 63.0
4212 63.0
4213 63.0
4214 63.0
4215 63.0
4216 63.0
4217 63.0
4218 63.0
4219 63.0
4220 63.0
4221 63.0
4222 63.0
4223 63.0
4224 63.0
4225 63.0
4226 63.0
4227 63.0
4228 63.0
4229 63.0
4230 63.0
4231 63.0
4232 63.0
4233 63.0
4234 63.0
4235 63.0
4236 63.0
4237 63.0
4238 63.0
4239 63.0
4240 63.0
4241 63.0
4242 63.0
4243 63.0
4244 63.0
4245 63.0
4246 63.0
4247 63.0
4248 63.0
4249 63.0
4250 63.0
4251 63.0
4252 63.0
4253 63.0
4254 63.0
4255 63.0
4256 63.0
4257 63.0
4258 63.0
4259 63.0
4260 63.0
4261 63.0
4262 63.0
4263 63.0
4264 63.0
4265 63.0
4266 63.0
4267 63.0
4268 63.0
4269 63.0
4270 63.0
4271 63.0
4272 63.0
4273 63.0
4274 63.0
4275 63.0
4276 63.0
4277 63.0
4278 63.0
4279 63.0
4280 63.0
4281 63.0
4282 63.0
4283 63.0
4284 63.0
4285 63.0
4286 63.0
4287 63.0
4288 63.0
4289 63.0
4290 63.0
4291 63.0
4292 63.0
4293 63.0
4294 63.0
4295 63.0
4296 63.0
4297 63.0
4298 63.0
4299 63.0
4300 63.0
4301 63.0
4302 63.0
4303 63.0
4304 63.0
4305 63.0
4306 63.0
4307 63.0
4308 63.0
4309 63.0
4310 63.0
4311 63.0
4312 63.0
4313 63.0
4314 63.0
4315 63.0
4316 63.0
4317 63.0
4318 63.0
4319 63.0
4320 63.0
4321 63.0
4322 63.0
4323 63.0
4324 63.0
4325 63.0
4326 63.0
4327 63.0
4328 63.0
4329 63.0
4330 63.0
4331 63.0
4332 63.0
4333 63.0
4334 63.0
4335 63.0
4336 63.0
4337 63.0
4338 63.0
4339 63.0
4340 63.0
4341 63.0
4342 63.0
4343 63.0
4344 63.0
4345 63.0
4346 63.0
4347 63.0
4348 63.0
4349 63.0
4350 63.0
4351 63.0
4352 63.0
4353 63.0
4354 63.0
4355 63.0
4356 63.0
4357 63.0
4358 63.0
4359 63.0
4360 63.0
4361 63.0
4362 63.0
4363 63.0
4364 63.0
4365 63.0
4366 63.0
4367 63.0
4368 63.0
4369 63.0
4370 63.0
4371 63.0
4372 63.0
4373 63.0
4374 63.0
4375 63.0
4376 63.0
4377 63.0
4378 63.0
4379 63.0
4380 63.0
4381 63.0
4382 63.0
4383 63.0
4384 63.0
4385 63.0
4386 63.0
4387 63.0
4388 63.0
4389 63.0
4390 63.0
4391 63.0
4392 63.0
4393 63.0
4394 63.0
4395 63.0
4396 63.0
4397 63.0
4398 63.0
4399 63.0
4400 63.0
4401 63.0
4402 63.0
4403 63.0
4404 63.0
4405 63.0
4406 63.0
4407 63.0
4408 63.0
4409 63.0
4410 63.0
4411 63.0
4412 63.0
4413 63.0
4414 63.0
4415 63.0
4416 63.0
4417 63.0
4418 63.0
4419 63.0
4420 63.0
4421 63.0
4422 63.0
4423 63.0
4424 63.0
4425 63.0
4426 63.0
4427 63.0
4428 63.0
4429 63.0
4430 63.0
4431 63.0
4432 63.0
4433 63.0
4434 63.0
4435 63.0
4436 63.0
4437 63.0
4438 63.0
4439 63.0
4440 63.0
4441 63.0
4442 63.0
4443 63.0
4444 63.0
4445 63.0
4446 63.0
4447 63.0
4448 63.0
4449 63.0
4450 63.0
4451 63.0
4452 63.0
4453 63.0
4454 63.0
4455 63.0
4456 63.0
4457 63.0
4458 63.0
4459 63.0
4460 63.0
4461 63.0
4462 63.0
4463 63.0
4464 63.0
4465 63.0
4466 63.0
4467 63.0
4468 63.0
4469 63.0
4470 63.0
4471 63.0
4472 63.0
4473 63.0
4474 63.0
4475 63.0
4476 63.0
4477 63.0
4478 63.0
4479 63.0
4480 63.0
4481 63.0
4482 63.0
4483 63.0
4484 63.0
4485 63.0
4486 63.0
4487 63.0
4488 63.0
4489 63.0
4490 63.0
4491 63.0
4492 63.0
4493 63.0
4494 63.0
4495 63.0
4496 63.0
4497 63.0
4498 63.0
4499 63.0
4500 63.0
4501 63.0
4502 63.0
4503 63.0
4504 63.0
4505 63.0
4506 63.0
4507 63.0
4508 63.0
4509 63.0
4510 63.0
4511 63.0
4512 63.0
4513 63.0
4514 63.0
4515 63.0
4516 63.0
4517 63.0
4518 63.0
4519 63.0
4520 63.0
4521 63.0
4522 63.0
4523 63.0
4524 63.0
4525 63.0
4526 63.0
4527 63.0
4528 63.0
4529 63.0
4530 63.0
4531 63.0
4532 63.0
4533 63.0
4534 63.0
4535 63.0
4536 63.0
4537 63.0
4538 63.0
4539 63.0
4540 63.0
4541 63.0
4542 63.0
4543 63.0
4544 63.0
4545 63.0
4546 63.0
4547 63.0
4548 63.0
4549 63.0
4550 63.0
4551 63.0
4552 63.0
4553 63.0
4554 63.0
4555 63.0
4556 63.0
4557 63.0
4558 63.0
4559 63.0
4560 63.0
4561 63.0
4562 63.0
4563 63.0
4564 63.0
4565 63.0
4566 63.0
4567 63.0
4568 63.0
4569 63.0
4570 63.0
4571 63.0
4572 63.0
4573 63.0
4574 63.0
4575 63.0
4576 63.0
4577 63.0
4578 63.0
4579 63.0
4580 63.0
4581 63.0
4582 63.0
4583 63.0
4584 63.0
4585 63.0
4586 63.0
4587 63.0
4588 63.0
4589 63.0
4590 63.0
4591 63.0
4592 63.0
4593 63.0
4594 63.0
4595 63.0
4596 63.0
4597 63.0
4598 63.0
4599 63.0
4600 63.0
4601 63.0
4602 63.0
4603 63.0
4604 63.0
4605 63.0
4606 63.0
4607 63.0
4608 63.0
4609 63.0
4610 63.0
4611 63.0
4612 63.0
4613 63.0
4614 63.0
4615 63.0
4616 63.0
4617 63.0
4618 63.0
4619 63.0
4620 63.0
4621 63.0
4622 63.0
4623 63.0
4624 63.0
4625 63.0
4626 63.0
4627 63.0
4628 63.0
4629 63.0
4630 63.0
4631 63.0
4632 63.0
4633 63.0
4634 63.0
4635 63.0
4636 63.0
4637 63.0
4638 63.0
4639 63.0
4640 63.0
4641 63.0
4642 63.0
4643 63.0
4644 63.0
4645 63.0
4646 63.0
4647 63.0
4648 63.0
4649 63.0
4650 63.0
4651 63.0
4652 63.0
4653 63.0
4654 63.0
4655 63.0
4656 63.0
4657 63.0
4658 63.0
4659 63.0
4660 63.0
4661 63.0
4662 63.0
4663 63.0
4664 63.0
4665 63.0
4666 63.0
4667 63.0
4668 63.0
4669 63.0
4670 63.0
4671 63.0
4672 63.0
4673 63.0
4674 63.0
4675 63.0
4676 63.0
4677 63.0
4678 63.0
4679 63.0
4680 63.0
4681 63.0
4682 63.0
4683 63.0
4684 63.0
4685 63.0
4686 63.0
4687 63.0
4688 63.0
4689 63.0
4690 63.0
4691 63.0
4692 63.0
4693 63.0
4694 63.0
4695 63.0
4696 63.0
4697 63.0
4698 63.0
4699 63.0
4700 63.0
4701 63.0
4702 63.0
4703 63.0
4704 63.0
4705 63.0
4706 63.0
4707 63.0
4708 63.0
4709 63.0
4710 63.0
4711 63.0
4712 63.0
4713 63.0
4714 63.0
4715 63.0
4716 63.0
4717 63.0
4718 63.0
4719 63.0
4720 63.0
4721 63.0
4722 63.0
4723 63.0
4724 63.0
4725 63.0
4726 63.0
4727 63.0
4728 63.0
4729 63.0
4730 63.0
4731 63.0
4732 63.0
4733 63.0
4734 63.0
4735 63.0
4736 63.0
4737 63.0
4738 63.0
4739 63.0
4740 63.0
4741 63.0
4742 63.0
4743 63.0
4744 63.0
4745 63.0
4746 63.0
4747 63.0
4748 63.0
4749 63.0
4750 63.0
4751 63.0
4752 63.0
4753 63.0
4754 63.0
4755 63.0
4756 63.0
4757 63.0
4758 63.0
4759 63.0
4760 63.0
4761 63.0
4762 63.0
4763 63.0
4764 63.0
4765 63.0
4766 63.0
4767 63.0
4768 63.0
4769 63.0
4770 63.0
4771 63.0
4772 63.0
4773 63.0
4774 63.0
4775 63.0
4776 63.0
4777 63.0
4778 63.0
4779 63.0
4780 63.0
4781 63.0
4782 63.0
4783 63.0
4784 63.0
4785 63.0
4786 63.0
4787 63.0
4788 63.0
4789 63.0
4790 63.0
4791 63.0
4792 63.0
4793 63.0
4794 63.0
4795 63.0
4796 63.0
4797 63.0
4798 63.0
4799 63.0
4800 63.0
4801 63.0
4802 63.0
4803 63.0
4804 63.0
4805 63.0
4806 63.0
4807 63.0
4808 63.0
4809 63.0
4810 63.0
4811 63.0
4812 63.0
4813 63.0
4814 63.0
4815 63.0
4816 63.0
4817 63.0
4818 63.0
4819 63.0
4820 63.0
4821 63.0
4822 63.0
4823 63.0
4824 63.0
4825 63.0
4826 63.0
4827 63.0
4828 63.0
4829 63.0
4830 63.0
4831 63.0
4832 63.0
4833 63.0
4834 63.0
4835 63.0
4836 63.0
4837 63.0
4838 63.0
4839 63.0
4840 63.0
4841 63.0
4842 63.0
4843 63.0
4844 63.0
4845 63.0
4846 63.0
4847 63.0
4848 63.0
4849 63.0
4850 63.0
4851 63.0
4852 63.0
4853 63.0
4854 63.0
4855 63.0
4856 63.0
4857 63.0
4858 63.0
4859 63.0
4860 63.0
4861 63.0
4862 63.0
4863 63.0
4864 63.0
4865 63.0
4866 63.0
4867 63.0
4868 63.0
4869 63.0
4870 63.0
4871 63.0
4872 63.0
4873 63.0
4874 63.0
4875 63.0
4876 63.0
4877 63.0
4878 63.0
4879 63.0
4880 63.0
4881 63.0
4882 63.0
4883 63.0
4884 63.0
4885 63.0
4886 63.0
4887 63.0
4888 63.0
4889 63.0
4890 63.0
4891 63.0
4892 63.0
4893 63.0
4894 63.0
4895 63.0
4896 63.0
4897 63.0
4898 63.0
4899 63.0
4900 63.0
4901 63.0
4902 63.0
4903 63.0
4904 63.0
4905 63.0
4906 63.0
4907 63.0
4908 63.0
4909 63.0
4910 63.0
4911 63.0
4912 63.0
4913 63.0
4914 63.0
4915 63.0
4916 63.0
4917 63.0
4918 63.0
4919 63.0
4920 63.0
4921 63.0
4922 63.0
4923 63.0
4924 63.0
4925 63.0
4926 63.0
4927 63.0
4928 63.0
4929 63.0
4930 63.0
4931 63.0
4932 63.0
4933 63.0
4934 63.0
4935 63.0
4936 63.0
4937 63.0
4938 63.0
4939 63.0
4940 63.0
4941 63.0
4942 63.0
4943 63.0
4944 63.0
4945 63.0
4946 63.0
4947 63.0
4948 63.0
4949 63.0
4950 63.0
4951 63.0
4952 63.0
4953 63.0
4954 63.0
4955 63.0
4956 63.0
4957 63.0
4958 63.0
4959 63.0
4960 63.0
4961 63.0
4962 63.0
4963 63.0
4964 63.0
4965 63.0
4966 63.0
4967 63.0
4968 63.0
4969 63.0
4970 63.0
4971 63.0
4972 63.0
4973 63.0
4974 63.0
4975 63.0
4976 63.0
4977 63.0
4978 63.0
4979 63.0
4980 63.0
4981 63.0
4982 63.0
4983 63.0
4984 63.0
4985 63.0
4986 63.0
4987 63.0
4988 63.0
4989 63.0
4990 63.0
4991 63.0
4992 63.0
4993 63.0
4994 63.0
4995 63.0
4996 63.0
4997 63.0
4998 63.0
4999 63.0
5000 63.0
5001 63.0
5002 63.0
5003 63.0
5004 63.0
5005 63.0
5006 63.0
5007 63.0
5008 63.0
5009 63.0
5010 63.0
5011 63.0
5012 63.0
5013 63.0
5014 63.0
5015 63.0
5016 63.0
5017 63.0
5018 63.0
5019 63.0
5020 63.0
5021 63.0
5022 63.0
5023 63.0
5024 63.0
5025 63.0
5026 63.0
5027 63.0
5028 63.0
5029 63.0
5030 63.0
5031 63.0
5032 63.0
5033 63.0
5034 63.0
5035 63.0
5036 63.0
5037 63.0
5038 63.0
5039 63.0
5040 63.0
5041 63.0
5042 63.0
5043 63.0
5044 63.0
5045 63.0
5046 63.0
5047 63.0
5048 63.0
5049 63.0
5050 63.0
5051 63.0
5052 63.0
5053 63.0
5054 63.0
5055 63.0
5056 63.0
5057 63.0
5058 63.0
5059 63.0
5060 63.0
5061 63.0
5062 63.0
5063 63.0
5064 63.0
5065 63.0
5066 63.0
5067 63.0
5068 63.0
5069 63.0
5070 63.0
5071 63.0
5072 63.0
5073 63.0
5074 63.0
5075 63.0
5076 63.0
5077 63.0
5078 63.0
5079 63.0
5080 63.0
5081 63.0
5082 63.0
5083 63.0
5084 63.0
5085 63.0
5086 63.0
5087 63.0
5088 63.0
5089 63.0
5090 63.0
5091 63.0
5092 63.0
5093 63.0
5094 63.0
5095 63.0
5096 63.0
5097 63.0
5098 63.0
5099 63.0
5100 63.0
5101 63.0
5102 63.0
5103 63.0
5104 63.0
5105 63.0
5106 63.0
5107 63.0
5108 63.0
5109 63.0
5110 63.0
5111 63.0
5112 63.0
5113 63.0
5114 63.0
5115 63.0
5116 63.0
5117 63.0
5118 63.0
5119 63.0
5120 63.0
5121 63.0
5122 63.0
5123 63.0
5124 63.0
5125 63.0
5126 63.0
5127 63.0
5128 63.0
5129 63.0
5130 63.0
5131 63.0
5132 63.0
5133 63.0
5134 63.0
5135 63.0
5136 63.0
5137 63.0
5138 63.0
5139 63.0
5140 63.0
5141 63.0
5142 63.0
5143 63.0
5144 63.0
5145 63.0
5146 63.0
5147 63.0
5148 63.0
5149 63.0
5150 63.0
5151 63.0
5152 63.0
5153 63.0
5154 63.0
5155 63.0
5156 63.0
5157 63.0
5158 63.0
5159 63.0
5160 63.0
5161 63.0
5162 63.0
5163 63.0
5164 63.0
5165 63.0
5166 63.0
5167 63.0
5168 63.0
5169 63.0
5170 63.0
5171 63.0
5172 63.0
5173 63.0
5174 63.0
5175 63.0
5176 63.0
5177 63.0
5178 63.0
5179 63.0
5180 63.0
5181 63.0
5182 63.0
5183 63.0
5184 63.0
5185 63.0
5186 63.0
5187 63.0
5188 63.0
5189 63.0
5190 63.0
5191 63.0
5192 63.0
5193 63.0
5194 63.0
5195 63.0
5196 63.0
5197 63.0
5198 63.0
5199 63.0
5200 63.0
5201 63.0
5202 63.0
5203 63.0
5204 63.0
5205 63.0
5206 63.0
5207 63.0
5208 63.0
5209 63.0
5210 63.0
5211 63.0
5212 63.0
5213 63.0
5214 63.0
5215 63.0
5216 63.0
5217 63.0
5218 63.0
5219 63.0
5220 63.0
5221 63.0
5222 63.0
5223 63.0
5224 63.0
5225 63.0
5226 63.0
5227 63.0
5228 63.0
5229 63.0
5230 63.0
5231 63.0
5232 63.0
5233 63.0
5234 63.0
5235 63.0
5236 63.0
5237 63.0
5238 63.0
5239 63.0
5240 63.0
5241 63.0
5242 63.0
5243 63.0
5244 63.0
5245 63.0
5246 63.0
5247 63.0
5248 63.0
5249 63.0
5250 63.0
5251 63.0
5252 63.0
5253 63.0
5254 63.0
5255 63.0
5256 63.0
5257 63.0
5258 63.0
5259 63.0
5260 63.0
5261 63.0
5262 63.0
5263 63.0
5264 63.0
5265 63.0
5266 63.0
5267 63.0
5268 63.0
5269 63.0
5270 63.0
5271 63.0
5272 63.0
5273 63.0
5274 63.0
5275 63.0
5276 63.0
5277 63.0
5278 63.0
5279 63.0
5280 63.0
5281 63.0
5282 63.0
5283 63.0
5284 63.0
5285 63.0
5286 63.0
5287 63.0
5288 63.0
5289 63.0
5290 63.0
5291 63.0
5292 63.0
5293 63.0
5294 63.0
5295 63.0
5296 63.0
5297 63.0
5298 63.0
5299 63.0
5300 63.0
5301 63.0
5302 63.0
5303 63.0
5304 63.0
5305 63.0
5306 63.0
5307 63.0
5308 63.0
5309 63.0
5310 63.0
5311 63.0
5312 63.0
5313 63.0
5314 63.0
5315 63.0
5316 63.0
5317 63.0
5318 63.0
5319 63.0
5320 63.0
5321 63.0
5322 63.0
5323 63.0
5324 63.0
5325 63.0
5326 63.0
5327 63.0
5328 63.0
5329 63.0
5330 63.0
5331 63.0
5332 63.0
5333 63.0
5334 63.0
5335 63.0
5336 63.0
5337 63.0
5338 63.0
5339 63.0
5340 63.0
5341 63.0
5342 63.0
5343 63.0
5344 63.0
5345 63.0
5346 63.0
5347 63.0
5348 63.0
5349 63.0
5350 63.0
5351 63.0
5352 63.0
5353 63.0
5354 63.0
5355 63.0
5356 63.0
5357 63.0
5358 63.0
5359 63.0
5360 63.0
5361 63.0
5362 63.0
5363 63.0
5364 63.0
5365 64.0
5366 64.0
5367 64.0
5368 64.0
5369 64.0
5370 64.0
5371 64.0
5372 64.0
5373 64.0
5374 64.0
5375 64.0
5376 64.0
5377 64.0
5378 64.0
5379 64.0
5380 64.0
5381 64.0
5382 64.0
5383 64.0
5384 64.0
5385 64.0
5386 64.0
5387 64.0
5388 64.0
5389 64.0
5390 64.0
5391 64.0
5392 64.0
5393 64.0
5394 64.0
5395 64.0
5396 64.0
5397 64.0
5398 64.0
5399 64.0
5400 64.0
5401 64.0
5402 64.0
5403 64.0
5404 64.0
5405 64.0
5406 64.0
5407 64.0
5408 64.0
5409 64.0
5410 64.0
5411 64.0
5412 64.0
5413 64.0
5414 64.0
5415 64.0
5416 64.0
5417 64.0
5418 64.0
5419 64.0
5420 64.0
5421 64.0
5422 64.0
5423 64.0
5424 64.0
5425 64.0
5426 64.0
5427 64.0
5428 64.0
5429 64.0
5430 64.0
5431 64.0
5432 64.0
5433 64.0
5434 64.0
5435 64.0
5436 64.0
5437 64.0
5438 64.0
5439 64.0
5440 64.0
5441 64.0
5442 64.0
5443 64.0
5444 64.0
5445 64.0
5446 64.0
5447 64.0
5448 64.0
5449 64.0
5450 64.0
5451 64.0
5452 64.0
5453 64.0
5454 64.0
5455 64.0
5456 64.0
5457 64.0
5458 64.0
5459 64.0
5460 64.0
5461 64.0
5462 64.0
5463 64.0
5464 64.0
5465 64.0
5466 64.0
5467 64.0
5468 64.0
5469 64.0
5470 64.0
5471 64.0
5472 64.0
5473 64.0
5474 64.0
5475 64.0
5476 64.0
5477 64.0
5478 64.0
5479 64.0
5480 64.0
5481 64.0
5482 64.0
5483 64.0
5484 64.0
5485 64.0
5486 64.0
5487 64.0
5488 64.0
5489 64.0
5490 64.0
5491 64.0
5492 64.0
5493 64.0
5494 64.0
5495 64.0
5496 64.0
5497 64.0
5498 64.0
5499 64.0
5500 64.0
5501 64.0
5502 64.0
5503 64.0
5504 64.0
5505 64.0
5506 64.0
5507 64.0
5508 64.0
5509 64.0
5510 64.0
5511 64.0
5512 64.0
5513 64.0
5514 64.0
5515 64.0
5516 64.0
5517 64.0
5518 64.0
5519 64.0
5520 64.0
5521 64.0
5522 64.0
5523 64.0
5524 64.0
5525 64.0
5526 64.0
5527 64.0
5528 64.0
5529 64.0
5530 64.0
5531 64.0
5532 64.0
5533 64.0
5534 64.0
5535 64.0
5536 64.0
5537 64.0
5538 64.0
5539 64.0
5540 64.0
5541 64.0
5542 64.0
5543 64.0
5544 64.0
5545 64.0
5546 64.0
5547 64.0
5548 64.0
5549 64.0
5550 64.0
5551 64.0
5552 64.0
5553 64.0
5554 64.0
5555 64.0
5556 64.0
5557 64.0
5558 64.0
5559 64.0
5560 64.0
5561 64.0
5562 64.0
5563 64.0
5564 64.0
5565 64.0
5566 64.0
5567 64.0
5568 64.0
5569 64.0
5570 64.0
5571 64.0
5572 64.0
5573 64.0
5574 64.0
5575 64.0
5576 64.0
5577 64.0
5578 64.0
5579 64.0
5580 64.0
5581 64.0
5582 64.0
5583 64.0
5584 64.0
5585 64.0
5586 64.0
5587 64.0
5588 64.0
5589 64.0
5590 64.0
5591 64.0
5592 64.0
5593 64.0
5594 64.0
5595 64.0
5596 64.0
5597 64.0
5598 64.0
5599 64.0
5600 64.0
5601 64.0
5602 64.0
5603 64.0
5604 64.0
5605 64.0
5606 64.0
5607 64.0
5608 64.0
5609 64.0
5610 64.0
5611 64.0
5612 64.0
5613 64.0
5614 64.0
5615 64.0
5616 64.0
5617 64.0
5618 64.0
5619 64.0
5620 64.0
5621 64.0
5622 64.0
5623 64.0
5624 64.0
5625 64.0
5626 64.0
5627 64.0
5628 64.0
5629 64.0
5630 64.0
5631 64.0
5632 64.0
5633 64.0
5634 64.0
5635 64.0
5636 64.0
5637 64.0
5638 64.0
5639 64.0
5640 64.0
5641 64.0
5642 64.0
5643 64.0
5644 64.0
5645 64.0
5646 64.0
5647 64.0
5648 64.0
5649 64.0
5650 64.0
5651 64.0
5652 64.0
5653 64.0
5654 64.0
5655 64.0
5656 64.0
5657 64.0
5658 64.0
5659 64.0
5660 64.0
5661 64.0
5662 64.0
5663 64.0
5664 64.0
5665 64.0
5666 64.0
5667 64.0
5668 64.0
5669 64.0
5670 64.0
5671 64.0
5672 64.0
5673 64.0
5674 64.0
5675 64.0
5676 64.0
5677 64.0
5678 64.0
5679 64.0
5680 64.0
5681 64.0
5682 64.0
5683 64.0
5684 64.0
5685 64.0
5686 64.0
5687 64.0
5688 64.0
5689 64.0
5690 64.0
5691 64.0
5692 64.0
5693 64.0
5694 64.0
5695 64.0
5696 64.0
5697 64.0
5698 64.0
5699 64.0
5700 64.0
5701 64.0
5702 64.0
5703 64.0
5704 64.0
5705 64.0
5706 64.0
5707 64.0
5708 64.0
5709 64.0
5710 64.0
5711 64.0
5712 64.0
5713 64.0
5714 64.0
5715 64.0
5716 64.0
5717 64.0
5718 64.0
5719 64.0
5720 64.0
5721 64.0
5722 64.0
5723 64.0
5724 64.0
5725 64.0
5726 64.0
5727 64.0
5728 64.0
5729 64.0
5730 64.0
5731 64.0
5732 64.0
5733 64.0
5734 64.0
5735 64.0
5736 64.0
5737 64.0
5738 64.0
5739 64.0
5740 64.0
5741 64.0
5742 64.0
5743 64.0
5744 64.0
5745 64.0
5746 64.0
5747 64.0
5748 64.0
5749 64.0
5750 64.0
5751 64.0
5752 64.0
5753 64.0
5754 64.0
5755 64.0
5756 64.0
5757 64.0
5758 64.0
5759 64.0
5760 64.0
5761 64.0
5762 64.0
5763 64.0
5764 64.0
5765 64.0
5766 64.0
5767 64.0
5768 64.0
5769 64.0
5770 64.0
5771 64.0
5772 64.0
5773 64.0
5774 64.0
5775 64.0
5776 64.0
5777 64.0
5778 64.0
5779 64.0
5780 64.0
5781 64.0
5782 64.0
5783 64.0
5784 64.0
5785 64.0
5786 64.0
5787 64.0
5788 64.0
5789 64.0
5790 64.0
5791 64.0
5792 64.0
5793 64.0
5794 64.0
5795 64.0
5796 64.0
5797 64.0
5798 64.0
5799 64.0
5800 64.0
5801 64.0
5802 64.0
5803 64.0
5804 64.0
5805 64.0
5806 64.0
5807 64.0
5808 64.0
5809 64.0
5810 64.0
5811 64.0
5812 64.0
5813 64.0
5814 64.0
5815 64.0
5816 64.0
5817 64.0
5818 64.0
5819 64.0
5820 64.0
5821 64.0
5822 64.0
5823 64.0
5824 64.0
5825 64.0
5826 64.0
5827 64.0
5828 64.0
5829 64.0
5830 64.0
5831 64.0
5832 64.0
5833 64.0
5834 64.0
5835 64.0
5836 64.0
5837 64.0
5838 64.0
5839 64.0
5840 64.0
5841 64.0
5842 64.0
5843 64.0
5844 64.0
5845 64.0
5846 64.0
5847 64.0
5848 64.0
5849 64.0
5850 64.0
5851 64.0
5852 64.0
5853 64.0
5854 64.0
5855 64.0
5856 64.0
5857 64.0
5858 64.0
5859 64.0
5860 64.0
5861 64.0
5862 64.0
5863 64.0
5864 64.0
5865 64.0
5866 64.0
5867 64.0
5868 64.0
5869 64.0
5870 64.0
5871 64.0
5872 64.0
5873 64.0
5874 64.0
5875 64.0
5876 64.0
5877 64.0
5878 64.0
5879 64.0
5880 64.0
5881 64.0
5882 64.0
5883 64.0
5884 64.0
5885 64.0
5886 64.0
5887 64.0
5888 64.0
5889 64.0
5890 64.0
5891 64.0
5892 64.0
5893 64.0
5894 64.0
5895 64.0
5896 64.0
5897 64.0
5898 64.0
5899 64.0
5900 64.0
5901 64.0
5902 64.0
5903 64.0
5904 64.0
5905 64.0
5906 64.0
5907 64.0
5908 64.0
5909 64.0
5910 64.0
5911 64.0
5912 64.0
5913 64.0
5914 64.0
5915 64.0
5916 64.0
5917 64.0
5918 64.0
5919 64.0
5920 64.0
5921 64.0
5922 64.0
5923 64.0
5924 64.0
5925 64.0
5926 64.0
5927 64.0
5928 64.0
5929 64.0
5930 64.0
5931 64.0
5932 64.0
5933 64.0
5934 64.0
5935 64.0
5936 64.0
5937 64.0
5938 64.0
5939 64.0
5940 64.0
5941 64.0
5942 64.0
5943 64.0
5944 64.0
5945 64.0
5946 64.0
5947 64.0
5948 64.0
5949 64.0
5950 64.0
5951 64.0
5952 64.0
5953 64.0
5954 64.0
5955 64.0
5956 64.0
5957 64.0
5958 64.0
5959 64.0
5960 64.0
5961 64.0
5962 64.0
5963 64.0
5964 64.0
5965 64.0
5966 64.0
5967 64.0
5968 64.0
5969 64.0
5970 64.0
5971 64.0
5972 64.0
5973 64.0
5974 64.0
5975 64.0
5976 64.0
5977 64.0
5978 64.0
5979 64.0
5980 64.0
5981 64.0
5982 64.0
5983 64.0
5984 64.0
5985 64.0
5986 64.0
5987 64.0
5988 64.0
5989 64.0
5990 64.0
5991 64.0
5992 64.0
5993 64.0
5994 64.0
5995 64.0
5996 64.0
5997 64.0
5998 64.0
5999 64.0
6000 64.0
6001 64.0
6002 64.0
6003 64.0
6004 64.0
6005 64.0
6006 64.0
6007 64.0
6008 64.0
6009 64.0
6010 64.0
6011 64.0
6012 64.0
6013 64.0
6014 64.0
6015 64.0
6016 64.0
6017 64.0
6018 64.0
6019 64.0
6020 64.0
6021 64.0
6022 64.0
6023 64.0
6024 64.0
6025 64.0
6026 64.0
6027 64.0
6028 64.0
6029 64.0
6030 64.0
6031 64.0
6032 64.0
6033 64.0
6034 64.0
6035 64.0
6036 64.0
6037 64.0
6038 64.0
6039 64.0
6040 64.0
6041 64.0
6042 64.0
6043 64.0
6044 64.0
6045 64.0
6046 64.0
6047 64.0
6048 64.0
6049 64.0
6050 64.0
6051 64.0
6052 64.0
6053 64.0
6054 64.0
6055 64.0
6056 64.0
6057 64.0
6058 64.0
6059 64.0
6060 64.0
6061 64.0
6062 64.0
6063 64.0
6064 64.0
6065 64.0
6066 64.0
6067 64.0
6068 64.0
6069 64.0
6070 64.0
6071 64.0
6072 64.0
6073 64.0
6074 64.0
6075 64.0
6076 64.0
6077 64.0
6078 64.0
6079 64.0
6080 64.0
6081 64.0
6082 64.0
6083 64.0
6084 64.0
6085 64.0
6086 64.0
6087 64.0
6088 64.0
6089 64.0
6090 64.0
6091 64.0
6092 64.0
6093 64.0
6094 64.0
6095 64.0
6096 64.0
6097 64.0
6098 64.0
6099 64.0
6100 64.0
6101 64.0
6102 64.0
6103 64.0
6104 64.0
6105 64.0
6106 64.0
6107 64.0
6108 64.0
6109 64.0
6110 64.0
6111 64.0
6112 64.0
6113 64.0
6114 64.0
6115 64.0
6116 64.0
6117 64.0
6118 64.0
6119 64.0
6120 64.0
6121 64.0
6122 64.0
6123 64.0
6124 64.0
6125 64.0
6126 64.0
6127 64.0
6128 64.0
6129 64.0
6130 64.0
6131 64.0
6132 64.0
6133 64.0
6134 64.0
6135 64.0
6136 64.0
6137 64.0
6138 64.0
6139 64.0
6140 64.0
6141 64.0
6142 64.0
6143 64.0
6144 64.0
6145 64.0
6146 64.0
6147 64.0
6148 64.0
6149 64.0
6150 64.0
6151 64.0
6152 64.0
6153 64.0
6154 64.0
6155 64.0
6156 64.0
6157 64.0
6158 64.0
6159 64.0
6160 64.0
6161 64.0
6162 64.0
6163 64.0
6164 64.0
6165 64.0
6166 64.0
6167 64.0
6168 64.0
6169 64.0
6170 64.0
6171 64.0
6172 64.0
6173 64.0
6174 64.0
6175 64.0
6176 64.0
6177 64.0
6178 64.0
6179 64.0
6180 64.0
6181 64.0
6182 64.0
6183 64.0
6184 64.0
6185 64.0
6186 64.0
6187 64.0
6188 64.0
6189 64.0
6190 64.0
6191 64.0
6192 64.0
6193 64.0
6194 64.0
6195 64.0
6196 64.0
6197 64.0
6198 64.0
6199 64.0
6200 64.0
6201 64.0
6202 64.0
6203 64.0
6204 64.0
6205 64.0
6206 64.0
6207 64.0
6208 64.0
6209 64.0
6210 64.0
6211 64.0
6212 64.0
6213 64.0
6214 64.0
6215 64.0
6216 64.0
6217 64.0
6218 64.0
6219 64.0
6220 64.0
6221 64.0
6222 64.0
6223 64.0
6224 64.0
6225 64.0
6226 64.0
6227 64.0
6228 64.0
6229 64.0
6230 64.0
6231 64.0
6232 64.0
6233 64.0
6234 64.0
6235 64.0
6236 64.0
6237 64.0
6238 64.0
6239 64.0
6240 64.0
6241 64.0
6242 64.0
6243 64.0
6244 64.0
6245 64.0
6246 64.0
6247 64.0
6248 64.0
6249 64.0
6250 64.0
6251 64.0
6252 64.0
6253 64.0
6254 64.0
6255 64.0
6256 64.0
6257 64.0
6258 64.0
6259 64.0
6260 64.0
6261 64.0
6262 64.0
6263 64.0
6264 64.0
6265 64.0
6266 64.0
6267 64.0
6268 64.0
6269 64.0
6270 64.0
6271 64.0
6272 64.0
6273 64.0
6274 64.0
6275 64.0
6276 64.0
6277 64.0
6278 64.0
6279 64.0
6280 64.0
6281 64.0
6282 64.0
6283 64.0
6284 64.0
6285 64.0
6286 64.0
6287 64.0
6288 64.0
6289 64.0
6290 64.0
6291 64.0
6292 64.0
6293 64.0
6294 64.0
6295 64.0
6296 64.0
6297 64.0
6298 64.0
6299 64.0
6300 64.0
6301 64.0
6302 64.0
6303 64.0
6304 64.0
6305 64.0
6306 64.0
6307 64.0
6308 64.0
6309 64.0
6310 64.0
6311 64.0
6312 64.0
6313 64.0
6314 64.0
6315 64.0
6316 64.0
6317 64.0
6318 64.0
6319 64.0
6320 64.0
6321 64.0
6322 64.0
6323 64.0
6324 64.0
6325 64.0
6326 64.0
6327 64.0
6328 64.0
6329 64.0
6330 64.0
6331 64.0
6332 64.0
6333 64.0
6334 64.0
6335 64.0
6336 64.0
6337 64.0
6338 64.0
6339 64.0
6340 64.0
6341 64.0
6342 64.0
6343 64.0
6344 64.0
6345 64.0
6346 64.0
6347 64.0
6348 64.0
6349 64.0
6350 64.0
6351 64.0
6352 64.0
6353 64.0
6354 64.0
6355 64.0
6356 64.0
6357 64.0
6358 64.0
6359 64.0
6360 64.0
6361 64.0
6362 64.0
6363 64.0
6364 64.0
6365 64.0
6366 64.0
6367 64.0
6368 64.0
6369 64.0
6370 64.0
6371 64.0
6372 64.0
6373 64.0
6374 64.0
6375 64.0
6376 64.0
6377 64.0
6378 64.0
6379 64.0
6380 64.0
6381 64.0
6382 64.0
6383 64.0
6384 64.0
6385 64.0
6386 64.0
6387 64.0
6388 64.0
6389 64.0
6390 64.0
6391 64.0
6392 64.0
6393 64.0
6394 64.0
6395 64.0
6396 64.0
6397 64.0
6398 64.0
6399 64.0
6400 64.0
6401 64.0
6402 64.0
6403 64.0
6404 64.0
6405 64.0
6406 64.0
6407 64.0
6408 64.0
6409 64.0
6410 64.0
6411 64.0
6412 64.0
6413 64.0
6414 64.0
6415 64.0
6416 64.0
6417 64.0
6418 64.0
6419 64.0
6420 64.0
6421 64.0
6422 64.0
6423 64.0
6424 64.0
6425 64.0
6426 64.0
6427 64.0
6428 64.0
6429 64.0
6430 64.0
6431 64.0
6432 64.0
6433 64.0
6434 64.0
6435 64.0
6436 64.0
6437 64.0
6438 64.0
6439 64.0
6440 64.0
6441 64.0
6442 64.0
6443 64.0
6444 64.0
6445 64.0
6446 64.0
6447 64.0
6448 64.0
6449 64.0
6450 64.0
6451 64.0
6452 64.0
6453 64.0
6454 64.0
6455 64.0
6456 64.0
6457 64.0
6458 64.0
6459 64.0
6460 64.0
6461 64.0
6462 64.0
6463 64.0
6464 64.0
6465 64.0
6466 64.0
6467 64.0
6468 64.0
6469 64.0
6470 64.0
6471 64.0
6472 64.0
6473 64.0
6474 64.0
6475 64.0
6476 64.0
6477 64.0
6478 64.0
6479 64.0
6480 64.0
6481 64.0
6482 64.0
6483 64.0
6484 64.0
6485 64.0
6486 64.0
6487 64.0
6488 64.0
6489 64.0
6490 64.0
6491 64.0
6492 64.0
6493 64.0
6494 64.0
6495 64.0
6496 64.0
6497 64.0
6498 64.0
6499 64.0
6500 64.0
6501 64.0
6502 64.0
6503 64.0
6504 64.0
6505 64.0
6506 64.0
6507 64.0
6508 64.0
6509 64.0
6510 64.0
6511 64.0
6512 64.0
6513 64.0
6514 64.0
6515 64.0
6516 64.0
6517 64.0
6518 64.0
6519 64.0
6520 64.0
6521 64.0
6522 64.0
6523 64.0
6524 64.0
6525 64.0
6526 64.0
6527 64.0
6528 64.0
6529 64.0
6530 64.0
6531 64.0
6532 64.0
6533 64.0
6534 64.0
6535 64.0
6536 64.0
6537 64.0
6538 64.0
6539 64.0
6540 64.0
6541 64.0
6542 64.0
6543 64.0
6544 64.0
6545 64.0
6546 64.0
6547 64.0
6548 64.0
6549 64.0
6550 64.0
6551 64.0
6552 64.0
6553 64.0
6554 64.0
6555 64.0
6556 64.0
6557 64.0
6558 64.0
6559 64.0
6560 64.0
6561 64.0
6562 64.0
6563 64.0
6564 64.0
6565 64.0
6566 64.0
6567 64.0
6568 64.0
6569 64.0
6570 64.0
6571 64.0
6572 64.0
6573 64.0
6574 64.0
6575 64.0
6576 64.0
6577 64.0
6578 64.0
6579 64.0
6580 64.0
6581 64.0
6582 64.0
6583 64.0
6584 64.0
6585 64.0
6586 64.0
6587 64.0
6588 64.0
6589 64.0
6590 64.0
6591 64.0
6592 64.0
6593 64.0
6594 64.0
6595 64.0
6596 64.0
6597 64.0
6598 64.0
6599 64.0
6600 64.0
6601 64.0
6602 64.0
6603 64.0
6604 64.0
6605 64.0
6606 64.0
6607 64.0
6608 64.0
6609 64.0
6610 64.0
6611 64.0
6612 64.0
6613 64.0
6614 64.0
6615 64.0
6616 64.0
6617 64.0
6618 64.0
6619 64.0
6620 64.0
6621 64.0
6622 64.0
6623 64.0
6624 64.0
6625 64.0
6626 64.0
6627 64.0
6628 64.0
6629 64.0
6630 64.0
6631 64.0
6632 64.0
6633 64.0
6634 64.0
6635 64.0
6636 64.0
6637 64.0
6638 64.0
6639 64.0
6640 64.0
6641 64.0
6642 64.0
6643 64.0
6644 64.0
6645 64.0
6646 64.0
6647 64.0
6648 64.0
6649 64.0
6650 64.0
6651 64.0
6652 64.0
6653 64.0
6654 64.0
6655 64.0
6656 64.0
6657 64.0
6658 64.0
6659 64.0
6660 64.0
6661 64.0
6662 64.0
6663 64.0
6664 64.0
6665 64.0
6666 64.0
6667 64.0
6668 64.0
6669 64.0
6670 64.0
6671 64.0
6672 64.0
6673 64.0
6674 64.0
6675 64.0
6676 64.0
6677 64.0
6678 64.0
6679 64.0
6680 64.0
6681 64.0
6682 64.0
6683 64.0
6684 64.0
6685 64.0
6686 64.0
6687 64.0
6688 64.0
6689 64.0
6690 64.0
6691 64.0
6692 64.0
6693 64.0
6694 64.0
6695 64.0
6696 64.0
6697 64.0
6698 64.0
6699 64.0
6700 64.0
6701 64.0
6702 64.0
6703 64.0
6704 64.0
6705 64.0
6706 64.0
6707 64.0
6708 64.0
6709 64.0
6710 64.0
6711 64.0
6712 64.0
6713 64.0
6714 64.0
6715 64.0
6716 64.0
6717 64.0
6718 64.0
6719 64.0
6720 64.0
6721 64.0
6722 64.0
6723 64.0
6724 64.0
6725 64.0
6726 64.0
6727 64.0
6728 64.0
6729 64.0
6730 64.0
6731 64.0
6732 64.0
6733 64.0
6734 64.0
6735 64.0
6736 64.0
6737 64.0
6738 64.0
6739 64.0
6740 64.0
6741 64.0
6742 64.0
6743 64.0
6744 64.0
6745 64.0
6746 64.0
6747 64.0
6748 64.0
6749 64.0
6750 64.0
6751 64.0
6752 64.0
6753 64.0
6754 64.0
6755 64.0
6756 64.0
6757 64.0
6758 64.0
6759 64.0
6760 64.0
6761 64.0
6762 64.0
6763 64.0
6764 64.0
6765 64.0
6766 64.0
6767 64.0
6768 64.0
6769 64.0
6770 64.0
6771 64.0
6772 64.0
6773 64.0
6774 64.0
6775 64.0
6776 64.0
6777 64.0
6778 64.0
6779 64.0
6780 64.0
6781 64.0
6782 64.0
6783 64.0
6784 64.0
6785 64.0
6786 64.0
6787 64.0
6788 64.0
6789 64.0
6790 64.0
6791 64.0
6792 64.0
6793 64.0
6794 64.0
6795 64.0
6796 64.0
6797 64.0
6798 64.0
6799 64.0
6800 64.0
6801 64.0
6802 64.0
6803 64.0
6804 64.0
6805 64.0
6806 64.0
6807 64.0
6808 64.0
6809 64.0
6810 64.0
6811 64.0
6812 64.0
6813 64.0
6814 64.0
6815 64.0
6816 64.0
6817 64.0
6818 64.0
6819 64.0
6820 64.0
6821 64.0
6822 64.0
6823 64.0
6824 64.0
6825 64.0
6826 64.0
6827 64.0
6828 64.0
6829 64.0
6830 64.0
6831 64.0
6832 64.0
6833 64.0
6834 64.0
6835 64.0
6836 64.0
6837 64.0
6838 64.0
6839 64.0
6840 64.0
6841 64.0
6842 64.0
6843 64.0
6844 64.0
6845 64.0
6846 64.0
6847 64.0
6848 64.0
6849 64.0
6850 64.0
6851 64.0
6852 64.0
6853 64.0
6854 64.0
6855 64.0
6856 64.0
6857 64.0
6858 64.0
6859 64.0
6860 64.0
6861 64.0
6862 64.0
6863 64.0
6864 64.0
6865 64.0
6866 64.0
6867 64.0
6868 64.0
6869 64.0
6870 64.0
6871 64.0
6872 64.0
6873 64.0
6874 64.0
6875 64.0
6876 64.0
6877 64.0
6878 64.0
6879 64.0
6880 64.0
6881 64.0
6882 64.0
6883 64.0
6884 64.0
6885 64.0
6886 64.0
6887 64.0
6888 64.0
6889 64.0
6890 64.0
6891 64.0
6892 64.0
6893 64.0
6894 64.0
6895 64.0
6896 64.0
6897 64.0
6898 64.0
6899 64.0
6900 64.0
6901 64.0
6902 64.0
6903 64.0
6904 64.0
6905 64.0
6906 64.0
6907 64.0
6908 64.0
6909 64.0
6910 64.0
6911 64.0
6912 64.0
6913 64.0
6914 64.0
6915 64.0
6916 64.0
6917 64.0
6918 64.0
6919 64.0
6920 64.0
6921 64.0
6922 64.0
6923 64.0
6924 64.0
6925 64.0
6926 64.0
6927 64.0
6928 64.0
6929 64.0
6930 64.0
6931 64.0
6932 64.0
6933 64.0
6934 64.0
6935 64.0
6936 64.0
6937 64.0
6938 64.0
6939 64.0
6940 64.0
6941 64.0
6942 64.0
6943 64.0
6944 64.0
6945 64.0
6946 64.0
6947 64.0
6948 64.0
6949 64.0
6950 64.0
6951 67.0
6952 67.0
6953 67.0
6954 67.0
6955 67.0
6956 67.0
6957 67.0
6958 67.0
6959 67.0
6960 67.0
6961 67.0
6962 67.0
6963 67.0
6964 67.0
6965 67.0
6966 67.0
6967 67.0
6968 67.0
6969 67.0
6970 67.0
6971 67.0
6972 67.0
6973 67.0
6974 67.0
6975 67.0
6976 67.0
6977 67.0
6978 67.0
6979 67.0
6980 67.0
6981 67.0
6982 67.0
6983 67.0
6984 67.0
6985 67.0
6986 67.0
6987 67.0
6988 67.0
6989 67.0
6990 67.0
6991 67.0
6992 67.0
6993 67.0
6994 67.0
6995 67.0
6996 67.0
6997 67.0
6998 67.0
6999 67.0
7000 67.0
7001 67.0
7002 67.0
7003 67.0
7004 67.0
7005 67.0
7006 67.0
7007 67.0
7008 67.0
7009 67.0
7010 67.0
7011 67.0
7012 67.0
7013 67.0
7014 67.0
7015 67.0
7016 67.0
7017 67.0
7018 67.0
7019 67.0
7020 67.0
7021 67.0
7022 67.0
7023 67.0
7024 67.0
7025 67.0
7026 67.0
7027 67.0
7028 67.0
7029 67.0
7030 67.0
7031 67.0
7032 67.0
7033 67.0
7034 67.0
7035 67.0
7036 67.0
7037 67.0
7038 67.0
7039 67.0
7040 67.0
7041 67.0
7042 67.0
7043 67.0
7044 67.0
7045 67.0
7046 67.0
7047 67.0
7048 67.0
7049 67.0
7050 67.0
7051 67.0
7052 67.0
7053 67.0
7054 67.0
7055 67.0
7056 67.0
7057 67.0
7058 67.0
7059 67.0
7060 67.0
7061 67.0
7062 67.0
7063 67.0
7064 67.0
7065 67.0
7066 67.0
7067 67.0
7068 67.0
7069 67.0
7070 67.0
7071 67.0
7072 67.0
7073 67.0
7074 67.0
7075 67.0
7076 67.0
7077 67.0
7078 67.0
7079 67.0
7080 67.0
7081 67.0
7082 67.0
7083 67.0
7084 67.0
7085 67.0
7086 67.0
7087 67.0
7088 67.0
7089 67.0
7090 67.0
7091 67.0
7092 67.0
7093 67.0
7094 67.0
7095 67.0
7096 67.0
7097 67.0
7098 67.0
7099 67.0
7100 67.0
7101 67.0
7102 67.0
7103 67.0
7104 67.0
7105 67.0
7106 67.0
7107 67.0
7108 67.0
7109 67.0
7110 67.0
7111 67.0
7112 67.0
7113 67.0
7114 67.0
7115 67.0
7116 67.0
7117 67.0
7118 67.0
7119 67.0
7120 67.0
7121 67.0
7122 67.0
7123 67.0
7124 67.0
7125 67.0
7126 67.0
7127 67.0
7128 67.0
7129 67.0
7130 67.0
7131 67.0
7132 67.0
7133 67.0
7134 67.0
7135 67.0
7136 67.0
7137 67.0
7138 67.0
7139 67.0
7140 67.0
7141 67.0
7142 67.0
7143 67.0
7144 67.0
7145 67.0
7146 67.0
7147 67.0
7148 67.0
7149 67.0
7150 67.0
7151 67.0
7152 67.0
7153 67.0
7154 67.0
7155 67.0
7156 67.0
7157 67.0
7158 67.0
7159 67.0
7160 67.0
7161 67.0
7162 67.0
7163 67.0
7164 67.0
7165 67.0
7166 67.0
7167 67.0
7168 67.0
7169 67.0
7170 67.0
7171 67.0
7172 67.0
7173 67.0
7174 67.0
7175 67.0
7176 67.0
7177 67.0
7178 67.0
7179 67.0
7180 67.0
7181 67.0
7182 67.0
7183 67.0
7184 67.0
7185 67.0
7186 67.0
7187 67.0
7188 67.0
7189 67.0
7190 67.0
7191 67.0
7192 67.0
7193 67.0
7194 67.0
7195 67.0
7196 67.0
7197 67.0
7198 67.0
7199 67.0
7200 67.0
7201 67.0
7202 67.0
7203 67.0
7204 67.0
7205 67.0
7206 67.0
7207 67.0
7208 67.0
7209 67.0
7210 67.0
7211 67.0
7212 67.0
7213 67.0
7214 67.0
7215 67.0
7216 67.0
7217 67.0
7218 67.0
7219 67.0
7220 67.0
7221 67.0
7222 67.0
7223 67.0
7224 67.0
7225 67.0
7226 67.0
7227 67.0
7228 67.0
7229 67.0
7230 67.0
7231 67.0
7232 67.0
7233 67.0
7234 67.0
7235 67.0
7236 67.0
7237 67.0
7238 67.0
7239 67.0
7240 67.0
7241 67.0
7242 67.0
7243 67.0
7244 67.0
7245 67.0
7246 67.0
7247 67.0
7248 67.0
7249 67.0
7250 67.0
7251 67.0
7252 67.0
7253 67.0
7254 67.0
7255 67.0
7256 67.0
7257 67.0
7258 67.0
7259 67.0
7260 67.0
7261 67.0
7262 67.0
7263 67.0
7264 67.0
7265 67.0
7266 67.0
7267 67.0
7268 67.0
7269 67.0
7270 67.0
7271 67.0
7272 67.0
7273 67.0
7274 67.0
7275 67.0
7276 67.0
7277 67.0
7278 67.0
7279 67.0
7280 67.0
7281 67.0
7282 67.0
7283 67.0
7284 67.0
7285 67.0
7286 67.0
7287 67.0
7288 67.0
7289 67.0
7290 67.0
7291 67.0
7292 67.0
7293 67.0
7294 67.0
7295 67.0
7296 67.0
7297 67.0
7298 67.0
7299 67.0
7300 67.0
7301 67.0
7302 67.0
7303 67.0
7304 67.0
7305 67.0
7306 67.0
7307 67.0
7308 67.0
7309 67.0
7310 67.0
7311 67.0
7312 67.0
7313 67.0
7314 67.0
7315 67.0
7316 67.0
7317 67.0
7318 67.0
7319 67.0
7320 67.0
7321 67.0
7322 67.0
7323 67.0
7324 67.0
7325 67.0
7326 67.0
7327 67.0
7328 67.0
7329 67.0
7330 67.0
7331 67.0
7332 67.0
7333 67.0
7334 67.0
7335 67.0
7336 67.0
7337 67.0
7338 67.0
7339 67.0
7340 67.0
7341 67.0
7342 67.0
7343 67.0
7344 67.0
7345 67.0
7346 67.0
7347 67.0
7348 67.0
7349 67.0
7350 67.0
7351 67.0
7352 67.0
7353 67.0
7354 67.0
7355 67.0
7356 67.0
7357 67.0
7358 67.0
7359 67.0
7360 67.0
7361 67.0
7362 67.0
7363 67.0
7364 67.0
7365 67.0
7366 67.0
7367 67.0
7368 67.0
7369 67.0
7370 67.0
7371 67.0
7372 67.0
7373 67.0
7374 67.0
7375 67.0
7376 67.0
7377 67.0
7378 67.0
7379 67.0
7380 67.0
7381 67.0
7382 67.0
7383 67.0
7384 67.0
7385 67.0
7386 67.0
7387 67.0
7388 67.0
7389 67.0
7390 67.0
7391 67.0
7392 67.0
7393 67.0
7394 67.0
7395 67.0
7396 67.0
7397 67.0
7398 67.0
7399 67.0
7400 67.0
7401 67.0
7402 67.0
7403 67.0
7404 67.0
7405 67.0
7406 67.0
7407 67.0
7408 67.0
7409 67.0
7410 67.0
7411 67.0
7412 67.0
7413 67.0
7414 67.0
7415 67.0
7416 67.0
7417 67.0
7418 67.0
7419 67.0
7420 67.0
7421 67.0
7422 67.0
7423 67.0
7424 67.0
7425 67.0
7426 67.0
7427 67.0
7428 67.0
7429 67.0
7430 67.0
7431 67.0
7432 67.0
7433 67.0
7434 67.0
7435 67.0
7436 67.0
7437 67.0
7438 67.0
7439 67.0
7440 67.0
7441 67.0
7442 67.0
7443 67.0
7444 67.0
7445 67.0
7446 67.0
7447 67.0
7448 67.0
7449 67.0
7450 67.0
7451 67.0
7452 67.0
7453 67.0
7454 67.0
7455 67.0
7456 67.0
7457 67.0
7458 67.0
7459 67.0
7460 67.0
7461 67.0
7462 67.0
7463 67.0
7464 67.0
7465 67.0
7466 67.0
7467 67.0
7468 67.0
7469 67.0
7470 67.0
7471 67.0
7472 67.0
7473 67.0
7474 67.0
7475 67.0
7476 67.0
7477 67.0
7478 67.0
7479 67.0
7480 67.0
7481 67.0
7482 67.0
7483 67.0
7484 67.0
7485 67.0
7486 67.0
7487 67.0
7488 67.0
7489 67.0
7490 67.0
7491 67.0
7492 67.0
7493 67.0
7494 67.0
7495 67.0
7496 67.0
7497 67.0
7498 67.0
7499 67.0
7500 67.0
7501 67.0
7502 67.0
7503 67.0
7504 67.0
7505 67.0
7506 67.0
7507 67.0
7508 67.0
7509 67.0
7510 67.0
7511 67.0
7512 67.0
7513 67.0
7514 67.0
7515 67.0
7516 67.0
7517 67.0
7518 67.0
7519 67.0
7520 67.0
7521 67.0
7522 67.0
7523 67.0
7524 67.0
7525 67.0
7526 67.0
7527 67.0
7528 67.0
7529 67.0
7530 67.0
7531 67.0
7532 67.0
7533 67.0
7534 67.0
7535 67.0
7536 67.0
7537 67.0
7538 67.0
7539 67.0
7540 67.0
7541 67.0
7542 67.0
7543 67.0
7544 67.0
7545 67.0
7546 67.0
7547 67.0
7548 67.0
7549 67.0
7550 67.0
7551 67.0
7552 67.0
7553 67.0
7554 67.0
7555 67.0
7556 67.0
7557 67.0
7558 67.0
7559 67.0
7560 67.0
7561 67.0
7562 67.0
7563 67.0
7564 67.0
7565 67.0
7566 67.0
7567 67.0
7568 67.0
7569 67.0
7570 67.0
7571 67.0
7572 67.0
7573 67.0
7574 67.0
7575 67.0
7576 67.0
7577 67.0
7578 67.0
7579 67.0
7580 67.0
7581 67.0
7582 67.0
7583 67.0
7584 67.0
7585 67.0
7586 67.0
7587 67.0
7588 67.0
7589 67.0
7590 67.0
7591 67.0
7592 67.0
7593 67.0
7594 67.0
7595 67.0
7596 67.0
7597 67.0
7598 67.0
7599 67.0
7600 67.0
7601 67.0
7602 67.0
7603 67.0
7604 67.0
7605 67.0
7606 67.0
7607 67.0
7608 67.0
7609 67.0
7610 67.0
7611 67.0
7612 67.0
7613 67.0
7614 67.0
7615 67.0
7616 67.0
7617 67.0
7618 67.0
7619 67.0
7620 67.0
7621 67.0
7622 67.0
7623 67.0
7624 67.0
7625 67.0
7626 67.0
7627 67.0
7628 67.0
7629 67.0
7630 67.0
7631 67.0
7632 67.0
7633 67.0
7634 67.0
7635 67.0
7636 67.0
7637 67.0
7638 67.0
7639 67.0
7640 67.0
7641 67.0
7642 67.0
7643 67.0
7644 67.0
7645 67.0
7646 67.0
7647 67.0
7648 67.0
7649 67.0
7650 67.0
7651 67.0
7652 67.0
7653 67.0
7654 67.0
7655 67.0
7656 67.0
7657 67.0
7658 67.0
7659 67.0
7660 67.0
7661 67.0
7662 67.0
7663 67.0
7664 67.0
7665 67.0
7666 67.0
7667 67.0
7668 67.0
7669 67.0
7670 67.0
7671 67.0
7672 67.0
7673 67.0
7674 67.0
7675 67.0
7676 67.0
7677 67.0
7678 67.0
7679 67.0
7680 67.0
7681 67.0
7682 67.0
7683 67.0
7684 67.0
7685 67.0
7686 67.0
7687 67.0
7688 67.0
7689 67.0
7690 67.0
7691 67.0
7692 67.0
7693 67.0
7694 67.0
7695 67.0
7696 67.0
7697 67.0
7698 67.0
7699 67.0
7700 67.0
7701 67.0
7702 67.0
7703 67.0
7704 67.0
7705 67.0
7706 67.0
7707 67.0
7708 67.0
7709 67.0
7710 67.0
7711 67.0
7712 67.0
7713 67.0
7714 67.0
7715 67.0
7716 67.0
7717 67.0
7718 67.0
7719 67.0
7720 67.0
7721 67.0
7722 67.0
7723 67.0
7724 67.0
7725 67.0
7726 67.0
7727 67.0
7728 67.0
7729 67.0
7730 67.0
7731 67.0
7732 67.0
7733 67.0
7734 67.0
7735 67.0
7736 67.0
7737 67.0
7738 67.0
7739 67.0
7740 67.0
7741 67.0
7742 67.0
7743 67.0
7744 67.0
7745 67.0
7746 67.0
7747 67.0
7748 67.0
7749 67.0
7750 67.0
7751 67.0
7752 67.0
7753 67.0
7754 67.0
7755 67.0
7756 67.0
7757 67.0
7758 67.0
7759 67.0
7760 67.0
7761 67.0
7762 67.0
7763 67.0
7764 67.0
7765 67.0
7766 67.0
7767 67.0
7768 67.0
7769 67.0
7770 67.0
7771 67.0
7772 67.0
7773 67.0
7774 67.0
7775 67.0
7776 67.0
7777 67.0
7778 67.0
7779 67.0
7780 67.0
7781 67.0
7782 67.0
7783 67.0
7784 67.0
7785 67.0
7786 67.0
7787 67.0
7788 67.0
7789 67.0
7790 67.0
7791 67.0
7792 67.0
7793 67.0
7794 67.0
7795 67.0
7796 67.0
7797 67.0
7798 67.0
7799 67.0
7800 67.0
7801 67.0
7802 67.0
7803 67.0
7804 67.0
7805 67.0
7806 67.0
7807 67.0
7808 67.0
7809 67.0
7810 67.0
7811 67.0
7812 67.0
7813 67.0
7814 67.0
7815 67.0
7816 67.0
7817 67.0
7818 67.0
7819 67.0
7820 67.0
7821 67.0
7822 67.0
7823 67.0
7824 67.0
7825 67.0
7826 67.0
7827 67.0
7828 67.0
7829 67.0
7830 67.0
7831 67.0
7832 67.0
7833 67.0
7834 67.0
7835 67.0
7836 67.0
7837 67.0
7838 67.0
7839 67.0
7840 67.0
7841 67.0
7842 67.0
7843 67.0
7844 67.0
7845 67.0
7846 67.0
7847 67.0
7848 67.0
7849 67.0
7850 67.0
7851 67.0
7852 67.0
7853 67.0
7854 67.0
7855 67.0
7856 67.0
7857 67.0
7858 67.0
7859 67.0
7860 67.0
7861 67.0
7862 67.0
7863 67.0
7864 67.0
7865 67.0
7866 67.0
7867 67.0
7868 67.0
7869 67.0
7870 67.0
7871 67.0
7872 67.0
7873 67.0
7874 67.0
7875 67.0
7876 67.0
7877 67.0
7878 67.0
7879 67.0
7880 67.0
7881 67.0
7882 67.0
7883 67.0
7884 67.0
7885 67.0
7886 67.0
7887 67.0
7888 67.0
7889 67.0
7890 67.0
7891 67.0
7892 67.0
7893 67.0
7894 67.0
7895 67.0
7896 67.0
7897 67.0
7898 67.0
7899 67.0
7900 67.0
7901 67.0
7902 67.0
7903 67.0
7904 67.0
7905 67.0
7906 67.0
7907 67.0
7908 67.0
7909 67.0
7910 67.0
7911 67.0
7912 67.0
7913 67.0
7914 67.0
7915 67.0
7916 67.0
7917 67.0
7918 67.0
7919 67.0
7920 67.0
7921 67.0
7922 67.0
7923 67.0
7924 67.0
7925 67.0
7926 67.0
7927 67.0
7928 67.0
7929 67.0
7930 67.0
7931 67.0
7932 67.0
7933 67.0
7934 67.0
7935 67.0
7936 67.0
7937 67.0
7938 67.0
7939 67.0
7940 67.0
7941 67.0
7942 67.0
7943 67.0
7944 67.0
7945 67.0
7946 67.0
7947 67.0
7948 67.0
7949 67.0
7950 67.0
7951 67.0
7952 67.0
7953 67.0
7954 67.0
7955 67.0
7956 67.0
7957 67.0
7958 67.0
7959 67.0
7960 67.0
7961 67.0
7962 67.0
7963 67.0
7964 67.0
7965 67.0
7966 67.0
7967 67.0
7968 67.0
7969 67.0
7970 67.0
7971 67.0
7972 67.0
7973 67.0
7974 67.0
7975 67.0
7976 67.0
7977 67.0
7978 67.0
7979 67.0
7980 67.0
7981 67.0
7982 67.0
7983 67.0
7984 67.0
7985 67.0
7986 67.0
7987 67.0
7988 67.0
7989 67.0
7990 67.0
7991 67.0
7992 67.0
7993 67.0
7994 67.0
7995 67.0
7996 67.0
7997 67.0
7998 67.0
7999 67.0
8000 67.0
8001 67.0
8002 67.0
8003 67.0
8004 67.0
8005 67.0
8006 67.0
8007 67.0
8008 67.0
8009 67.0
8010 67.0
8011 67.0
8012 67.0
8013 67.0
8014 67.0
8015 67.0
8016 67.0
8017 67.0
8018 67.0
8019 67.0
8020 67.0
8021 67.0
8022 67.0
8023 67.0
8024 67.0
8025 67.0
8026 67.0
8027 67.0
8028 67.0
8029 67.0
8030 67.0
8031 67.0
8032 67.0
8033 67.0
8034 67.0
8035 67.0
8036 67.0
8037 67.0
8038 67.0
8039 67.0
8040 67.0
8041 67.0
8042 67.0
8043 67.0
8044 67.0
8045 67.0
8046 67.0
8047 67.0
8048 67.0
8049 67.0
8050 67.0
8051 67.0
8052 67.0
8053 67.0
8054 67.0
8055 67.0
8056 67.0
8057 67.0
8058 67.0
8059 67.0
8060 67.0
8061 67.0
8062 67.0
8063 67.0
8064 67.0
8065 67.0
8066 67.0
8067 67.0
8068 67.0
8069 67.0
8070 67.0
8071 67.0
8072 67.0
8073 67.0
8074 67.0
8075 67.0
8076 67.0
8077 67.0
8078 67.0
8079 67.0
8080 67.0
8081 67.0
8082 67.0
8083 67.0
8084 67.0
8085 67.0
8086 67.0
8087 67.0
8088 67.0
8089 67.0
8090 67.0
8091 67.0
8092 67.0
8093 67.0
8094 67.0
8095 67.0
8096 67.0
8097 67.0
8098 67.0
8099 67.0
8100 67.0
8101 67.0
8102 67.0
8103 67.0
8104 67.0
8105 67.0
8106 67.0
8107 67.0
8108 67.0
8109 67.0
8110 67.0
8111 67.0
8112 67.0
8113 67.0
8114 67.0
8115 67.0
8116 67.0
8117 67.0
8118 67.0
8119 67.0
8120 67.0
8121 67.0
8122 67.0
8123 67.0
8124 67.0
8125 67.0
8126 67.0
8127 67.0
8128 67.0
8129 67.0
8130 67.0
8131 67.0
8132 67.0
8133 67.0
8134 67.0
8135 67.0
8136 67.0
8137 67.0
8138 67.0
8139 67.0
8140 67.0
8141 67.0
8142 67.0
8143 67.0
8144 67.0
8145 67.0
8146 67.0
8147 67.0
8148 67.0
8149 67.0
8150 67.0
8151 67.0
8152 67.0
8153 67.0
8154 67.0
8155 67.0
8156 67.0
8157 67.0
8158 67.0
8159 67.0
8160 67.0
8161 67.0
8162 67.0
8163 67.0
8164 67.0
8165 67.0
8166 67.0
8167 67.0
8168 67.0
8169 67.0
8170 67.0
8171 67.0
8172 67.0
8173 67.0
8174 67.0
8175 67.0
8176 67.0
8177 67.0
8178 67.0
8179 67.0
8180 67.0
8181 67.0
8182 67.0
8183 67.0
8184 67.0
8185 67.0
8186 67.0
8187 67.0
8188 67.0
8189 67.0
8190 67.0
8191 67.0
8192 67.0
8193 67.0
8194 67.0
8195 67.0
8196 67.0
8197 67.0
8198 67.0
8199 67.0
8200 67.0
8201 67.0
8202 67.0
8203 67.0
8204 67.0
8205 67.0
8206 67.0
8207 67.0
8208 67.0
8209 67.0
8210 67.0
8211 67.0
8212 67.0
8213 67.0
8214 67.0
8215 67.0
8216 67.0
8217 67.0
8218 67.0
8219 67.0
8220 67.0
8221 67.0
8222 67.0
8223 67.0
8224 67.0
8225 67.0
8226 67.0
8227 67.0
8228 67.0
8229 67.0
8230 67.0
8231 67.0
8232 67.0
8233 67.0
8234 67.0
8235 67.0
8236 67.0
8237 67.0
8238 67.0
8239 67.0
8240 67.0
8241 67.0
8242 67.0
8243 67.0
8244 67.0
8245 67.0
8246 67.0
8247 67.0
8248 67.0
8249 67.0
8250 67.0
8251 67.0
8252 67.0
8253 67.0
8254 67.0
8255 67.0
8256 67.0
8257 67.0
8258 67.0
8259 67.0
8260 67.0
8261 67.0
8262 67.0
8263 67.0
8264 67.0
8265 67.0
8266 67.0
8267 67.0
8268 67.0
8269 67.0
8270 67.0
8271 67.0
8272 67.0
8273 67.0
8274 67.0
8275 67.0
8276 67.0
8277 67.0
8278 67.0
8279 67.0
8280 67.0
8281 67.0
8282 67.0
8283 67.0
8284 67.0
8285 67.0
8286 67.0
8287 67.0
8288 67.0
8289 67.0
8290 67.0
8291 67.0
8292 67.0
8293 67.0
8294 67.0
8295 67.0
8296 67.0
8297 67.0
8298 67.0
8299 67.0
8300 67.0
8301 67.0
8302 67.0
8303 67.0
8304 67.0
8305 67.0
8306 67.0
8307 67.0
8308 67.0
8309 67.0
8310 67.0
8311 67.0
8312 67.0
8313 67.0
8314 67.0
8315 67.0
8316 67.0
8317 67.0
8318 67.0
8319 67.0
8320 67.0
8321 67.0
8322 67.0
8323 67.0
8324 67.0
8325 67.0
8326 67.0
8327 67.0
8328 67.0
8329 67.0
8330 67.0
8331 67.0
8332 67.0
8333 67.0
8334 67.0
8335 67.0
8336 67.0
8337 67.0
8338 67.0
8339 67.0
8340 67.0
8341 67.0
8342 67.0
8343 67.0
8344 67.0
8345 67.0
8346 67.0
8347 67.0
8348 67.0
8349 67.0
8350 67.0
8351 67.0
8352 67.0
8353 67.0
8354 67.0
8355 67.0
8356 67.0
8357 67.0
8358 67.0
8359 67.0
8360 67.0
8361 67.0
8362 67.0
8363 67.0
8364 67.0
8365 67.0
8366 67.0
8367 67.0
8368 67.0
8369 67.0
8370 67.0
8371 67.0
8372 67.0
8373 67.0
8374 67.0
8375 67.0
8376 67.0
8377 67.0
8378 67.0
8379 67.0
8380 67.0
8381 67.0
8382 67.0
8383 67.0
8384 67.0
8385 67.0
8386 67.0
8387 67.0
8388 67.0
8389 67.0
8390 67.0
8391 67.0
8392 67.0
8393 67.0
8394 67.0
8395 67.0
8396 67.0
8397 67.0
8398 67.0
8399 67.0
8400 67.0
8401 67.0
8402 67.0
8403 67.0
8404 67.0
8405 67.0
8406 67.0
8407 67.0
8408 67.0
8409 67.0
8410 67.0
8411 67.0
8412 67.0
8413 67.0
8414 67.0
8415 67.0
8416 67.0
8417 67.0
8418 67.0
8419 67.0
8420 67.0
8421 67.0
8422 67.0
8423 67.0
8424 67.0
8425 67.0
8426 67.0
8427 67.0
8428 67.0
8429 67.0
8430 67.0
8431 67.0
8432 67.0
8433 67.0
8434 67.0
8435 67.0
8436 67.0
8437 67.0
8438 67.0
8439 67.0
8440 67.0
8441 67.0
8442 67.0
8443 67.0
8444 67.0
8445 67.0
8446 67.0
8447 67.0
8448 67.0
8449 67.0
8450 67.0
8451 67.0
8452 67.0
8453 67.0
8454 67.0
8455 67.0
8456 67.0
8457 67.0
8458 67.0
8459 67.0
8460 67.0
8461 67.0
8462 67.0
8463 67.0
8464 67.0
8465 67.0
8466 67.0
8467 67.0
8468 67.0
8469 67.0
8470 67.0
8471 67.0
8472 67.0
8473 67.0
8474 67.0
8475 67.0
8476 67.0
8477 67.0
8478 67.0
8479 67.0
8480 67.0
8481 67.0
8482 67.0
8483 67.0
8484 67.0
8485 67.0
8486 67.0
8487 67.0
8488 67.0
8489 67.0
8490 67.0
8491 67.0
8492 67.0
8493 67.0
8494 67.0
8495 67.0
8496 67.0
8497 67.0
8498 67.0
8499 67.0
8500 67.0
8501 67.0
8502 67.0
8503 67.0
8504 67.0
8505 67.0
8506 67.0
8507 67.0
8508 67.0
8509 67.0
8510 67.0
8511 67.0
8512 67.0
8513 67.0
8514 67.0
8515 67.0
8516 67.0
8517 67.0
8518 67.0
8519 67.0
8520 67.0
8521 67.0
8522 67.0
8523 67.0
8524 67.0
8525 67.0
8526 67.0
8527 67.0
8528 67.0
8529 67.0
8530 67.0
8531 67.0
8532 67.0
8533 67.0
8534 67.0
8535 67.0
8536 67.0
8537 67.0
8538 67.0
8539 67.0
8540 67.0
8541 67.0
8542 67.0
8543 67.0
8544 67.0
8545 67.0
8546 67.0
8547 67.0
8548 67.0
8549 67.0
8550 67.0
8551 67.0
8552 67.0
8553 67.0
8554 67.0
8555 67.0
8556 67.0
8557 67.0
8558 67.0
8559 67.0
8560 67.0
8561 67.0
8562 67.0
8563 67.0
8564 67.0
8565 67.0
8566 67.0
8567 67.0
8568 67.0
8569 67.0
8570 67.0
8571 67.0
8572 67.0
8573 67.0
8574 67.0
8575 67.0
8576 67.0
8577 67.0
8578 67.0
8579 67.0
8580 67.0
8581 67.0
8582 67.0
8583 67.0
8584 67.0
8585 67.0
8586 67.0
8587 67.0
8588 67.0
8589 67.0
8590 67.0
8591 67.0
8592 67.0
8593 67.0
8594 67.0
8595 67.0
8596 67.0
8597 67.0
8598 67.0
8599 67.0
8600 67.0
8601 67.0
8602 67.0
8603 67.0
8604 67.0
8605 67.0
8606 67.0
8607 67.0
8608 67.0
8609 67.0
8610 67.0
8611 67.0
8612 67.0
8613 67.0
8614 67.0
8615 67.0
8616 67.0
8617 67.0
8618 67.0
8619 67.0
8620 67.0
8621 67.0
8622 67.0
8623 67.0
8624 67.0
8625 67.0
8626 67.0
8627 67.0
8628 67.0
8629 67.0
8630 67.0
8631 67.0
8632 67.0
8633 67.0
8634 67.0
8635 67.0
8636 67.0
8637 67.0
8638 67.0
8639 67.0
8640 67.0
8641 67.0
8642 67.0
8643 67.0
8644 67.0
8645 67.0
8646 67.0
8647 67.0
8648 67.0
8649 67.0
8650 67.0
8651 67.0
8652 67.0
8653 67.0
8654 67.0
8655 67.0
8656 67.0
8657 67.0
8658 67.0
8659 67.0
8660 67.0
8661 67.0
8662 67.0
8663 67.0
8664 67.0
8665 67.0
8666 67.0
8667 67.0
8668 67.0
8669 67.0
8670 67.0
8671 67.0
8672 67.0
8673 67.0
8674 67.0
8675 67.0
8676 67.0
8677 67.0
8678 67.0
8679 67.0
8680 67.0
8681 67.0
8682 67.0
8683 67.0
8684 67.0
8685 67.0
8686 67.0
8687 67.0
8688 67.0
8689 67.0
8690 67.0
8691 67.0
8692 67.0
8693 67.0
8694 67.0
8695 67.0
8696 67.0
8697 67.0
8698 67.0
8699 67.0
8700 67.0
8701 67.0
8702 67.0
8703 67.0
8704 67.0
8705 67.0
8706 67.0
8707 67.0
8708 67.0
8709 67.0
8710 67.0
8711 67.0
8712 67.0
8713 67.0
8714 67.0
8715 67.0
8716 67.0
8717 67.0
8718 67.0
8719 67.0
8720 67.0
8721 67.0
8722 67.0
8723 67.0
8724 67.0
8725 67.0
8726 67.0
8727 67.0
8728 67.0
8729 67.0
8730 67.0
8731 67.0
8732 67.0
8733 67.0
8734 67.0
8735 67.0
8736 67.0
8737 67.0
8738 67.0
8739 67.0
8740 67.0
8741 67.0
8742 67.0
8743 67.0
8744 67.0
8745 67.0
8746 67.0
8747 67.0
8748 67.0
8749 67.0
8750 67.0
8751 67.0
8752 67.0
8753 67.0
8754 67.0
8755 67.0
8756 67.0
8757 67.0
8758 67.0
8759 67.0
8760 67.0
8761 67.0
8762 67.0
8763 67.0
8764 67.0
8765 67.0
8766 67.0
8767 67.0
8768 67.0
8769 67.0
8770 67.0
8771 67.0
8772 67.0
8773 67.0
8774 67.0
8775 67.0
8776 67.0
8777 67.0
8778 67.0
8779 67.0
8780 67.0
8781 67.0
8782 67.0
8783 67.0
8784 67.0
8785 67.0
8786 67.0
8787 67.0
8788 67.0
8789 67.0
8790 67.0
8791 67.0
8792 67.0
8793 67.0
8794 67.0
8795 67.0
8796 67.0
8797 67.0
8798 67.0
8799 67.0
8800 67.0
8801 67.0
8802 67.0
8803 67.0
8804 67.0
8805 67.0
8806 67.0
8807 67.0
8808 67.0
8809 67.0
8810 67.0
8811 67.0
8812 67.0
8813 67.0
8814 67.0
8815 67.0
8816 67.0
8817 67.0
8818 67.0
8819 67.0
8820 67.0
8821 67.0
8822 67.0
8823 67.0
8824 67.0
8825 67.0
8826 67.0
8827 67.0
8828 67.0
8829 67.0
8830 67.0
8831 67.0
8832 67.0
8833 67.0
8834 67.0
8835 67.0
8836 67.0
8837 67.0
8838 67.0
8839 67.0
8840 67.0
8841 67.0
8842 67.0
8843 67.0
8844 67.0
8845 67.0
8846 67.0
8847 67.0
8848 67.0
8849 67.0
8850 67.0
8851 67.0
8852 67.0
8853 67.0
8854 67.0
8855 67.0
8856 67.0
8857 67.0
8858 67.0
8859 67.0
8860 67.0
8861 67.0
8862 67.0
8863 67.0
8864 67.0
8865 67.0
8866 67.0
8867 67.0
8868 67.0
8869 67.0
8870 67.0
8871 67.0
8872 67.0
8873 67.0
8874 67.0
8875 67.0
8876 67.0
8877 67.0
8878 67.0
8879 67.0
8880 67.0
8881 67.0
8882 67.0
8883 67.0
8884 67.0
8885 67.0
8886 67.0
8887 67.0
8888 67.0
8889 67.0
8890 67.0
8891 67.0
8892 67.0
8893 67.0
8894 67.0
8895 67.0
8896 67.0
8897 67.0
8898 67.0
8899 67.0
8900 67.0
8901 67.0
8902 67.0
8903 67.0
8904 67.0
8905 67.0
8906 67.0
8907 67.0
8908 67.0
8909 67.0
8910 67.0
8911 67.0
8912 67.0
8913 67.0
8914 67.0
8915 67.0
8916 67.0
8917 67.0
8918 67.0
8919 67.0
8920 67.0
8921 67.0
8922 67.0
8923 67.0
8924 67.0
8925 67.0
8926 67.0
8927 67.0
8928 67.0
8929 67.0
8930 67.0
8931 67.0
8932 67.0
8933 67.0
8934 67.0
8935 67.0
8936 67.0
8937 67.0
8938 67.0
8939 67.0
8940 67.0
8941 67.0
8942 67.0
8943 67.0
8944 67.0
8945 67.0
8946 67.0
8947 67.0
8948 67.0
8949 67.0
8950 67.0
8951 67.0
8952 67.0
8953 67.0
8954 67.0
8955 67.0
8956 67.0
8957 67.0
8958 67.0
8959 67.0
8960 67.0
8961 67.0
8962 67.0
8963 67.0
8964 67.0
8965 67.0
8966 67.0
8967 67.0
8968 67.0
8969 67.0
8970 67.0
8971 67.0
8972 67.0
8973 67.0
8974 67.0
8975 67.0
8976 67.0
8977 67.0
8978 67.0
8979 67.0
8980 67.0
8981 67.0
8982 67.0
8983 67.0
8984 67.0
8985 67.0
8986 67.0
8987 67.0
8988 67.0
8989 67.0
8990 67.0
8991 67.0
8992 67.0
8993 67.0
8994 67.0
8995 67.0
8996 67.0
8997 67.0
8998 67.0
8999 67.0
9000 67.0
9001 67.0
9002 67.0
9003 67.0
9004 67.0
9005 67.0
9006 67.0
9007 67.0
9008 67.0
9009 67.0
9010 67.0
9011 67.0
9012 67.0
9013 67.0
9014 67.0
9015 67.0
9016 67.0
9017 67.0
9018 67.0
9019 67.0
9020 67.0
9021 67.0
9022 67.0
9023 67.0
9024 67.0
9025 67.0
9026 67.0
9027 67.0
9028 67.0
9029 67.0
9030 67.0
9031 67.0
9032 67.0
9033 67.0
9034 67.0
9035 67.0
9036 67.0
9037 67.0
9038 67.0
9039 67.0
9040 67.0
9041 67.0
9042 67.0
9043 67.0
9044 67.0
9045 67.0
9046 67.0
9047 67.0
9048 67.0
9049 67.0
9050 67.0
9051 67.0
9052 67.0
9053 67.0
9054 67.0
9055 67.0
9056 67.0
9057 67.0
9058 67.0
9059 67.0
9060 67.0
9061 67.0
9062 67.0
9063 67.0
9064 67.0
9065 67.0
9066 67.0
9067 67.0
9068 67.0
9069 67.0
9070 67.0
9071 67.0
9072 67.0
9073 67.0
9074 67.0
9075 67.0
9076 67.0
9077 67.0
9078 67.0
9079 67.0
9080 67.0
9081 67.0
9082 67.0
9083 67.0
9084 67.0
9085 67.0
9086 67.0
9087 67.0
9088 67.0
9089 67.0
9090 67.0
9091 67.0
9092 67.0
9093 67.0
9094 67.0
9095 67.0
9096 67.0
9097 67.0
9098 67.0
9099 67.0
9100 67.0
9101 67.0
9102 67.0
9103 67.0
9104 67.0
9105 67.0
9106 67.0
9107 67.0
9108 67.0
9109 67.0
9110 67.0
9111 67.0
9112 67.0
9113 67.0
9114 67.0
9115 67.0
9116 67.0
9117 67.0
9118 67.0
9119 67.0
9120 67.0
9121 67.0
9122 67.0
9123 67.0
9124 67.0
9125 67.0
9126 67.0
9127 67.0
9128 67.0
9129 67.0
9130 67.0
9131 67.0
9132 67.0
9133 67.0
9134 67.0
9135 67.0
9136 67.0
9137 67.0
9138 67.0
9139 67.0
9140 67.0
9141 67.0
9142 67.0
9143 67.0
9144 67.0
9145 67.0
9146 67.0
9147 67.0
9148 67.0
9149 67.0
9150 67.0
9151 67.0
9152 67.0
9153 67.0
9154 67.0
9155 67.0
9156 67.0
9157 67.0
9158 67.0
9159 67.0
9160 67.0
9161 67.0
9162 67.0
9163 67.0
9164 67.0
9165 67.0
9166 67.0
9167 67.0
9168 67.0
9169 67.0
9170 67.0
9171 67.0
9172 67.0
9173 67.0
9174 67.0
9175 67.0
9176 67.0
9177 67.0
9178 67.0
9179 67.0
9180 67.0
9181 67.0
9182 67.0
9183 67.0
9184 67.0
9185 67.0
9186 67.0
9187 67.0
9188 67.0
9189 67.0
9190 67.0
9191 67.0
9192 67.0
9193 67.0
9194 67.0
9195 67.0
9196 67.0
9197 67.0
9198 67.0
9199 67.0
9200 67.0
9201 67.0
9202 67.0
9203 67.0
9204 67.0
9205 67.0
9206 67.0
9207 67.0
9208 67.0
9209 67.0
9210 67.0
9211 67.0
9212 67.0
9213 67.0
9214 67.0
9215 67.0
9216 67.0
9217 67.0
9218 67.0
9219 67.0
9220 67.0
9221 67.0
9222 67.0
9223 67.0
9224 67.0
9225 67.0
9226 67.0
9227 67.0
9228 67.0
9229 67.0
9230 67.0
9231 67.0
9232 67.0
9233 67.0
9234 67.0
9235 67.0
9236 67.0
9237 67.0
9238 67.0
9239 67.0
9240 67.0
9241 67.0
9242 67.0
9243 67.0
9244 67.0
9245 67.0
9246 67.0
9247 67.0
9248 67.0
9249 67.0
9250 67.0
9251 67.0
9252 67.0
9253 67.0
9254 67.0
9255 67.0
9256 67.0
9257 67.0
9258 67.0
9259 67.0
9260 67.0
9261 67.0
9262 67.0
9263 67.0
9264 67.0
9265 67.0
9266 67.0
9267 67.0
9268 67.0
9269 67.0
9270 67.0
9271 67.0
9272 67.0
9273 67.0
9274 67.0
9275 67.0
9276 67.0
9277 67.0
9278 67.0
9279 67.0
9280 67.0
9281 67.0
9282 67.0
9283 67.0
9284 67.0
9285 67.0
9286 67.0
9287 67.0
9288 67.0
9289 67.0
9290 67.0
9291 67.0
9292 67.0
9293 67.0
9294 67.0
9295 67.0
9296 67.0
9297 67.0
9298 67.0
9299 67.0
9300 67.0
9301 67.0
9302 67.0
9303 67.0
9304 67.0
9305 67.0
9306 67.0
9307 67.0
9308 67.0
9309 67.0
9310 67.0
9311 67.0
9312 67.0
9313 67.0
9314 67.0
9315 67.0
9316 67.0
9317 67.0
9318 67.0
9319 67.0
9320 67.0
9321 67.0
9322 67.0
9323 67.0
9324 67.0
9325 67.0
9326 67.0
9327 67.0
9328 67.0
9329 67.0
9330 67.0
9331 67.0
9332 67.0
9333 67.0
9334 67.0
9335 67.0
9336 67.0
9337 67.0
9338 67.0
9339 67.0
9340 67.0
9341 67.0
9342 67.0
9343 67.0
9344 67.0
9345 67.0
9346 67.0
9347 67.0
9348 67.0
9349 67.0
9350 67.0
9351 67.0
9352 67.0
9353 67.0
9354 67.0
9355 67.0
9356 67.0
9357 67.0
9358 67.0
9359 67.0
9360 67.0
9361 67.0
9362 67.0
9363 67.0
9364 67.0
9365 67.0
9366 67.0
9367 67.0
9368 67.0
9369 67.0
9370 67.0
9371 67.0
9372 67.0
9373 67.0
9374 67.0
9375 67.0
9376 67.0
9377 67.0
9378 67.0
9379 67.0
9380 67.0
9381 67.0
9382 67.0
9383 67.0
9384 67.0
9385 67.0
9386 67.0
9387 67.0
9388 67.0
9389 67.0
9390 67.0
9391 67.0
9392 67.0
9393 67.0
9394 67.0
9395 67.0
9396 67.0
9397 67.0
9398 67.0
9399 67.0
9400 67.0
9401 67.0
9402 67.0
9403 67.0
9404 67.0
9405 67.0
9406 67.0
9407 67.0
9408 67.0
9409 67.0
9410 67.0
9411 67.0
9412 67.0
9413 67.0
9414 67.0
9415 67.0
9416 67.0
9417 67.0
9418 67.0
9419 67.0
9420 67.0
9421 67.0
9422 67.0
9423 67.0
9424 67.0
9425 67.0
9426 67.0
9427 67.0
9428 67.0
9429 67.0
9430 67.0
9431 67.0
9432 67.0
9433 67.0
9434 67.0
9435 67.0
9436 67.0
9437 67.0
9438 67.0
9439 67.0
9440 67.0
9441 67.0
9442 67.0
9443 67.0
9444 67.0
9445 67.0
9446 67.0
9447 67.0
9448 67.0
9449 67.0
9450 67.0
9451 67.0
9452 67.0
9453 67.0
9454 67.0
9455 67.0
9456 67.0
9457 67.0
9458 67.0
9459 67.0
9460 67.0
9461 67.0
9462 67.0
9463 67.0
9464 67.0
9465 67.0
9466 67.0
9467 67.0
9468 67.0
9469 67.0
9470 67.0
9471 67.0
9472 67.0
9473 67.0
9474 67.0
9475 67.0
9476 67.0
9477 67.0
9478 67.0
9479 67.0
9480 67.0
9481 67.0
9482 67.0
9483 67.0
9484 67.0
9485 67.0
9486 67.0
9487 67.0
9488 67.0
9489 67.0
9490 67.0
9491 67.0
9492 67.0
9493 67.0
9494 67.0
9495 67.0
9496 67.0
9497 67.0
9498 67.0
9499 67.0
9500 67.0
9501 67.0
9502 67.0
9503 67.0
9504 67.0
9505 67.0
9506 67.0
9507 67.0
9508 67.0
9509 67.0
9510 67.0
9511 67.0
9512 67.0
9513 67.0
9514 67.0
9515 67.0
9516 67.0
9517 67.0
9518 67.0
9519 67.0
9520 67.0
9521 67.0
9522 67.0
9523 67.0
9524 67.0
9525 67.0
9526 67.0
9527 67.0
9528 67.0
9529 67.0
9530 67.0
9531 67.0
9532 67.0
9533 67.0
9534 67.0
9535 67.0
9536 67.0
9537 67.0
9538 67.0
9539 67.0
9540 67.0
9541 67.0
9542 67.0
9543 67.0
9544 67.0
9545 67.0
9546 67.0
9547 67.0
9548 67.0
9549 67.0
9550 67.0
9551 67.0
9552 67.0
9553 67.0
9554 67.0
9555 67.0
9556 67.0
9557 67.0
9558 67.0
9559 67.0
9560 67.0
9561 67.0
9562 67.0
9563 67.0
9564 67.0
9565 67.0
9566 67.0
9567 67.0
9568 67.0
9569 67.0
9570 67.0
9571 67.0
9572 67.0
9573 67.0
9574 67.0
9575 67.0
9576 67.0
9577 67.0
9578 67.0
9579 67.0
9580 67.0
9581 67.0
9582 67.0
9583 67.0
9584 67.0
9585 67.0
9586 67.0
9587 67.0
9588 67.0
9589 67.0
9590 67.0
9591 67.0
9592 67.0
9593 67.0
9594 67.0
9595 67.0
9596 67.0
9597 67.0
9598 67.0
9599 67.0
9600 67.0
9601 67.0
9602 67.0
9603 67.0
9604 67.0
9605 67.0
9606 67.0
9607 67.0
9608 67.0
9609 67.0
9610 67.0
9611 67.0
9612 67.0
9613 67.0
9614 67.0
9615 67.0
9616 67.0
9617 67.0
9618 67.0
9619 67.0
9620 67.0
9621 67.0
9622 67.0
9623 67.0
9624 67.0
9625 67.0
9626 67.0
9627 67.0
9628 67.0
9629 67.0
9630 67.0
9631 67.0
9632 67.0
9633 67.0
9634 67.0
9635 67.0
9636 67.0
9637 67.0
9638 67.0
9639 67.0
9640 67.0
9641 67.0
9642 67.0
9643 67.0
9644 67.0
9645 67.0
9646 67.0
9647 67.0
9648 67.0
9649 67.0
9650 67.0
9651 67.0
9652 67.0
9653 67.0
9654 67.0
9655 67.0
9656 67.0
9657 67.0
9658 67.0
9659 67.0
9660 67.0
9661 67.0
9662 67.0
9663 67.0
9664 67.0
9665 67.0
9666 67.0
9667 67.0
9668 67.0
9669 67.0
9670 67.0
9671 67.0
9672 67.0
9673 67.0
9674 67.0
9675 67.0
9676 67.0
9677 67.0
9678 67.0
9679 67.0
9680 67.0
9681 67.0
9682 67.0
9683 67.0
9684 67.0
9685 67.0
9686 67.0
9687 67.0
9688 67.0
9689 67.0
9690 67.0
9691 67.0
9692 67.0
9693 67.0
9694 67.0
9695 67.0
9696 67.0
9697 67.0
9698 67.0
9699 67.0
9700 67.0
9701 67.0
9702 67.0
9703 67.0
9704 67.0
9705 67.0
9706 67.0
9707 67.0
9708 67.0
9709 67.0
9710 67.0
9711 67.0
9712 67.0
9713 67.0
9714 67.0
9715 67.0
9716 67.0
9717 67.0
9718 67.0
9719 67.0
9720 67.0
9721 67.0
9722 67.0
9723 67.0
9724 67.0
9725 67.0
9726 67.0
9727 67.0
9728 67.0
9729 67.0
9730 67.0
9731 67.0
9732 67.0
9733 67.0
9734 67.0
9735 67.0
9736 67.0
9737 67.0
9738 67.0
9739 67.0
9740 67.0
9741 67.0
9742 67.0
9743 67.0
9744 67.0
9745 67.0
9746 67.0
9747 67.0
9748 67.0
9749 67.0
9750 67.0
9751 67.0
9752 67.0
9753 67.0
9754 67.0
9755 67.0
9756 67.0
9757 67.0
9758 67.0
9759 67.0
9760 67.0
9761 67.0
9762 67.0
9763 67.0
9764 67.0
9765 67.0
9766 67.0
9767 67.0
9768 67.0
9769 67.0
9770 67.0
9771 67.0
9772 67.0
9773 67.0
9774 67.0
9775 67.0
9776 67.0
9777 67.0
9778 67.0
9779 67.0
9780 67.0
9781 67.0
9782 67.0
9783 67.0
9784 67.0
9785 67.0
9786 67.0
9787 67.0
9788 67.0
9789 67.0
9790 67.0
9791 67.0
9792 67.0
9793 67.0
9794 67.0
9795 67.0
9796 67.0
9797 67.0
9798 67.0
9799 67.0
9800 67.0
9801 67.0
9802 67.0
9803 67.0
9804 67.0
9805 67.0
9806 67.0
9807 67.0
9808 67.0
9809 67.0
9810 67.0
9811 67.0
9812 67.0
9813 67.0
9814 67.0
9815 67.0
9816 67.0
9817 67.0
9818 67.0
9819 67.0
9820 67.0
9821 67.0
9822 67.0
9823 67.0
9824 67.0
9825 67.0
9826 67.0
9827 67.0
9828 67.0
9829 67.0
9830 67.0
9831 67.0
9832 67.0
9833 67.0
9834 67.0
9835 67.0
9836 67.0
9837 67.0
9838 67.0
9839 67.0
9840 67.0
9841 67.0
9842 67.0
9843 67.0
9844 67.0
9845 67.0
9846 67.0
9847 67.0
9848 67.0
9849 67.0
9850 67.0
9851 67.0
9852 67.0
9853 67.0
9854 67.0
9855 67.0
9856 67.0
9857 67.0
9858 67.0
9859 67.0
9860 67.0
9861 67.0
9862 67.0
9863 67.0
9864 67.0
9865 67.0
9866 67.0
9867 67.0
9868 67.0
9869 67.0
9870 67.0
9871 67.0
9872 67.0
9873 67.0
9874 67.0
9875 67.0
9876 67.0
9877 67.0
9878 67.0
9879 67.0
9880 67.0
9881 67.0
9882 67.0
9883 67.0
9884 67.0
9885 67.0
9886 67.0
9887 67.0
9888 67.0
9889 67.0
9890 67.0
9891 67.0
9892 67.0
9893 67.0
9894 67.0
9895 67.0
9896 67.0
9897 67.0
9898 67.0
9899 67.0
9900 67.0
9901 67.0
9902 67.0
9903 67.0
9904 67.0
9905 67.0
9906 67.0
9907 67.0
9908 67.0
9909 67.0
9910 67.0
9911 67.0
9912 67.0
9913 67.0
9914 67.0
9915 67.0
9916 67.0
9917 67.0
9918 67.0
9919 67.0
9920 67.0
9921 67.0
9922 67.0
9923 67.0
9924 67.0
9925 67.0
9926 67.0
9927 67.0
9928 67.0
9929 67.0
9930 67.0
9931 67.0
9932 67.0
9933 67.0
9934 67.0
9935 67.0
9936 67.0
9937 67.0
9938 67.0
9939 67.0
9940 67.0
9941 67.0
9942 67.0
9943 67.0
9944 67.0
9945 67.0
9946 67.0
9947 67.0
9948 67.0
9949 67.0
9950 67.0
9951 67.0
9952 67.0
9953 67.0
9954 67.0
9955 67.0
9956 67.0
9957 67.0
9958 67.0
9959 67.0
9960 67.0
9961 67.0
9962 67.0
9963 67.0
9964 67.0
9965 67.0
9966 67.0
9967 67.0
9968 67.0
9969 67.0
9970 67.0
9971 67.0
9972 67.0
9973 67.0
9974 67.0
9975 67.0
9976 67.0
9977 67.0
9978 67.0
9979 67.0
9980 67.0
9981 67.0
9982 67.0
9983 67.0
9984 67.0
9985 67.0
9986 67.0
9987 67.0
9988 67.0
9989 67.0
9990 67.0
9991 67.0
9992 67.0
9993 67.0
9994 67.0
9995 67.0
9996 67.0
9997 67.0
9998 67.0
9999 67.0
10000 67.0
10001 67.0
10002 67.0
10003 67.0
10004 67.0
10005 67.0
