evaluations raw_y
1 -1956.0000000000
4 -1955.0000000000
6 -1954.0000000000
11 -1953.0000000000
13 -1952.0000000000
16 -1951.0000000000
19 -1950.0000000000
23 -1949.0000000000
26 -1948.0000000000
27 -1947.0000000000
28 -1945.0000000000
29 -1944.0000000000
30 -1943.0000000000
33 -1942.0000000000
34 -1941.0000000000
35 -1940.0000000000
39 -1939.0000000000
40 -1938.0000000000
45 -1937.0000000000
48 -1935.0000000000
51 -1933.0000000000
52 -1931.0000000000
54 -1930.0000000000
55 -1928.0000000000
57 -1927.0000000000
59 -1926.0000000000
63 -1925.0000000000
68 -1924.0000000000
69 -1923.0000000000
72 -1922.0000000000
76 -1920.0000000000
78 -1919.0000000000
82 -1918.0000000000
86 -1917.0000000000
87 -1916.0000000000
89 -1915.0000000000
94 -1914.0000000000
99 -1913.0000000000
100 -1912.0000000000
103 -1911.0000000000
105 -1910.0000000000
106 -1909.0000000000
107 -1908.0000000000
109 -1907.0000000000
112 -1906.0000000000
113 -1905.0000000000
117 -1904.0000000000
120 -1903.0000000000
122 -1902.0000000000
123 -1901.0000000000
129 -1900.0000000000
130 -1899.0000000000
131 -1898.0000000000
132 -1897.0000000000
133 -1896.0000000000
134 -1895.0000000000
136 -1892.0000000000
141 -1891.0000000000
142 -1890.0000000000
143 -1889.0000000000
144 -1888.0000000000
150 -1886.0000000000
151 -1885.0000000000
155 -1884.0000000000
156 -1883.0000000000
158 -1882.0000000000
161 -1881.0000000000
165 -1880.0000000000
166 -1879.0000000000
168 -1877.0000000000
169 -1876.0000000000
172 -1875.0000000000
174 -1874.0000000000
176 -1873.0000000000
177 -1871.0000000000
178 -1869.0000000000
179 -1868.0000000000
181 -1867.0000000000
183 -1866.0000000000
184 -1865.0000000000
188 -1864.0000000000
195 -1863.0000000000
198 -1862.0000000000
201 -1861.0000000000
202 -1858.0000000000
208 -1856.0000000000
209 -1855.0000000000
210 -1854.0000000000
214 -1853.0000000000
215 -1852.0000000000
216 -1851.0000000000
219 -1850.0000000000
220 -1849.0000000000
229 -1848.0000000000
230 -1847.0000000000
231 -1846.0000000000
232 -1845.0000000000
236 -1844.0000000000
239 -1843.0000000000
241 -1842.0000000000
248 -1841.0000000000
251 -1838.0000000000
254 -1837.0000000000
257 -1836.0000000000
263 -1835.0000000000
264 -1833.0000000000
265 -1832.0000000000
267 -1831.0000000000
268 -1830.0000000000
269 -1828.0000000000
270 -1827.0000000000
271 -1826.0000000000
273 -1825.0000000000
276 -1824.0000000000
282 -1823.0000000000
283 -1822.0000000000
285 -1821.0000000000
287 -1820.0000000000
292 -1818.0000000000
293 -1817.0000000000
295 -1816.0000000000
297 -1815.0000000000
298 -1814.0000000000
301 -1813.0000000000
303 -1811.0000000000
308 -1810.0000000000
316 -1809.0000000000
319 -1808.0000000000
320 -1807.0000000000
323 -1806.0000000000
326 -1805.0000000000
327 -1803.0000000000
328 -1800.0000000000
330 -1798.0000000000
332 -1797.0000000000
334 -1796.0000000000
342 -1795.0000000000
344 -1794.0000000000
345 -1793.0000000000
346 -1792.0000000000
348 -1789.0000000000
349 -1788.0000000000
351 -1787.0000000000
353 -1786.0000000000
358 -1785.0000000000
359 -1784.0000000000
364 -1783.0000000000
368 -1782.0000000000
374 -1781.0000000000
375 -1779.0000000000
383 -1778.0000000000
386 -1777.0000000000
387 -1776.0000000000
388 -1775.0000000000
390 -1774.0000000000
391 -1773.0000000000
392 -1772.0000000000
393 -1771.0000000000
394 -1770.0000000000
399 -1769.0000000000
402 -1768.0000000000
408 -1767.0000000000
411 -1766.0000000000
414 -1765.0000000000
415 -1764.0000000000
418 -1763.0000000000
424 -1762.0000000000
425 -1761.0000000000
430 -1760.0000000000
432 -1759.0000000000
433 -1758.0000000000
436 -1757.0000000000
437 -1756.0000000000
438 -1755.0000000000
439 -1754.0000000000
440 -1753.0000000000
441 -1752.0000000000
442 -1751.0000000000
443 -1750.0000000000
444 -1749.0000000000
445 -1748.0000000000
449 -1747.0000000000
453 -1746.0000000000
456 -1745.0000000000
457 -1744.0000000000
458 -1743.0000000000
460 -1742.0000000000
461 -1741.0000000000
465 -1740.0000000000
467 -1739.0000000000
468 -1738.0000000000
469 -1737.0000000000
470 -1736.0000000000
473 -1735.0000000000
476 -1734.0000000000
483 -1733.0000000000
486 -1732.0000000000
490 -1731.0000000000
493 -1730.0000000000
494 -1729.0000000000
496 -1728.0000000000
505 -1727.0000000000
508 -1726.0000000000
511 -1725.0000000000
513 -1724.0000000000
516 -1723.0000000000
520 -1722.0000000000
525 -1721.0000000000
527 -1720.0000000000
530 -1719.0000000000
532 -1718.0000000000
534 -1716.0000000000
539 -1714.0000000000
541 -1713.0000000000
544 -1712.0000000000
546 -1711.0000000000
550 -1710.0000000000
551 -1709.0000000000
552 -1708.0000000000
553 -1707.0000000000
555 -1706.0000000000
556 -1704.0000000000
557 -1703.0000000000
563 -1701.0000000000
564 -1700.0000000000
565 -1699.0000000000
566 -1698.0000000000
567 -1696.0000000000
569 -1695.0000000000
572 -1693.0000000000
579 -1692.0000000000
586 -1691.0000000000
591 -1690.0000000000
592 -1688.0000000000
596 -1687.0000000000
600 -1686.0000000000
601 -1685.0000000000
604 -1684.0000000000
605 -1682.0000000000
607 -1681.0000000000
608 -1680.0000000000
612 -1679.0000000000
614 -1678.0000000000
615 -1677.0000000000
616 -1676.0000000000
622 -1675.0000000000
628 -1673.0000000000
630 -1672.0000000000
631 -1671.0000000000
632 -1670.0000000000
636 -1669.0000000000
637 -1668.0000000000
640 -1667.0000000000
641 -1666.0000000000
644 -1665.0000000000
649 -1664.0000000000
650 -1663.0000000000
652 -1662.0000000000
653 -1661.0000000000
654 -1659.0000000000
655 -1658.0000000000
658 -1657.0000000000
659 -1656.0000000000
663 -1654.0000000000
668 -1653.0000000000
670 -1652.0000000000
672 -1651.0000000000
673 -1650.0000000000
674 -1649.0000000000
681 -1648.0000000000
683 -1647.0000000000
685 -1646.0000000000
696 -1645.0000000000
697 -1644.0000000000
698 -1643.0000000000
699 -1641.0000000000
701 -1640.0000000000
704 -1639.0000000000
707 -1638.0000000000
708 -1637.0000000000
709 -1636.0000000000
710 -1635.0000000000
712 -1634.0000000000
716 -1633.0000000000
717 -1632.0000000000
719 -1631.0000000000
722 -1630.0000000000
724 -1629.0000000000
726 -1628.0000000000
730 -1627.0000000000
731 -1626.0000000000
732 -1625.0000000000
733 -1624.0000000000
735 -1623.0000000000
736 -1622.0000000000
737 -1621.0000000000
738 -1618.0000000000
740 -1616.0000000000
741 -1615.0000000000
744 -1614.0000000000
748 -1613.0000000000
750 -1612.0000000000
760 -1611.0000000000
761 -1610.0000000000
763 -1609.0000000000
764 -1608.0000000000
769 -1607.0000000000
774 -1606.0000000000
775 -1605.0000000000
776 -1604.0000000000
778 -1603.0000000000
780 -1602.0000000000
782 -1600.0000000000
783 -1599.0000000000
785 -1598.0000000000
786 -1597.0000000000
787 -1596.0000000000
790 -1595.0000000000
791 -1594.0000000000
797 -1593.0000000000
798 -1592.0000000000
801 -1591.0000000000
802 -1590.0000000000
804 -1589.0000000000
805 -1588.0000000000
809 -1587.0000000000
821 -1586.0000000000
823 -1585.0000000000
826 -1584.0000000000
828 -1583.0000000000
836 -1581.0000000000
840 -1579.0000000000
841 -1578.0000000000
843 -1577.0000000000
847 -1576.0000000000
852 -1575.0000000000
855 -1574.0000000000
859 -1573.0000000000
865 -1572.0000000000
868 -1571.0000000000
870 -1569.0000000000
872 -1568.0000000000
873 -1567.0000000000
875 -1566.0000000000
876 -1565.0000000000
877 -1564.0000000000
878 -1563.0000000000
880 -1562.0000000000
884 -1561.0000000000
891 -1560.0000000000
892 -1559.0000000000
893 -1558.0000000000
896 -1557.0000000000
898 -1556.0000000000
903 -1555.0000000000
904 -1554.0000000000
905 -1553.0000000000
906 -1552.0000000000
907 -1551.0000000000
911 -1550.0000000000
912 -1549.0000000000
914 -1548.0000000000
917 -1546.0000000000
918 -1545.0000000000
919 -1544.0000000000
921 -1543.0000000000
923 -1542.0000000000
924 -1541.0000000000
926 -1540.0000000000
928 -1539.0000000000
931 -1538.0000000000
935 -1537.0000000000
936 -1536.0000000000
943 -1535.0000000000
947 -1534.0000000000
949 -1533.0000000000
951 -1531.0000000000
954 -1530.0000000000
956 -1529.0000000000
957 -1528.0000000000
958 -1527.0000000000
961 -1526.0000000000
962 -1525.0000000000
963 -1523.0000000000
964 -1522.0000000000
966 -1521.0000000000
970 -1520.0000000000
972 -1519.0000000000
976 -1518.0000000000
983 -1517.0000000000
984 -1516.0000000000
986 -1515.0000000000
987 -1514.0000000000
991 -1511.0000000000
993 -1510.0000000000
995 -1509.0000000000
998 -1508.0000000000
1002 -1507.0000000000
1007 -1506.0000000000
1010 -1505.0000000000
1011 -1504.0000000000
1014 -1503.0000000000
1016 -1502.0000000000
1020 -1501.0000000000
1023 -1500.0000000000
1026 -1499.0000000000
1041 -1498.0000000000
1042 -1497.0000000000
1043 -1496.0000000000
1049 -1495.0000000000
1050 -1494.0000000000
1058 -1493.0000000000
1061 -1492.0000000000
1064 -1491.0000000000
1070 -1490.0000000000
1072 -1489.0000000000
1075 -1488.0000000000
1079 -1487.0000000000
1080 -1486.0000000000
1092 -1485.0000000000
1094 -1484.0000000000
1096 -1482.0000000000
1098 -1481.0000000000
1099 -1480.0000000000
1103 -1479.0000000000
1104 -1478.0000000000
1119 -1477.0000000000
1121 -1476.0000000000
1123 -1475.0000000000
1125 -1473.0000000000
1132 -1472.0000000000
1133 -1471.0000000000
1134 -1470.0000000000
1137 -1469.0000000000
1138 -1468.0000000000
1139 -1467.0000000000
1141 -1465.0000000000
1143 -1464.0000000000
1144 -1463.0000000000
1149 -1461.0000000000
1153 -1460.0000000000
1155 -1459.0000000000
1160 -1456.0000000000
1170 -1455.0000000000
1172 -1454.0000000000
1178 -1453.0000000000
1180 -1449.0000000000
1181 -1448.0000000000
1182 -1447.0000000000
1184 -1446.0000000000
1185 -1445.0000000000
1186 -1443.0000000000
1187 -1441.0000000000
1189 -1440.0000000000
1192 -1439.0000000000
1195 -1438.0000000000
1197 -1437.0000000000
1199 -1436.0000000000
1200 -1434.0000000000
1202 -1433.0000000000
1204 -1432.0000000000
1205 -1431.0000000000
1206 -1430.0000000000
1208 -1429.0000000000
1209 -1428.0000000000
1212 -1427.0000000000
1213 -1426.0000000000
1214 -1424.0000000000
1215 -1423.0000000000
1216 -1422.0000000000
1218 -1421.0000000000
1219 -1419.0000000000
1220 -1418.0000000000
1221 -1417.0000000000
1226 -1416.0000000000
1227 -1414.0000000000
1229 -1413.0000000000
1230 -1412.0000000000
1232 -1411.0000000000
1235 -1410.0000000000
1237 -1409.0000000000
1246 -1408.0000000000
1255 -1407.0000000000
1257 -1405.0000000000
1258 -1404.0000000000
1262 -1403.0000000000
1265 -1402.0000000000
1268 -1401.0000000000
1273 -1400.0000000000
1276 -1399.0000000000
1278 -1398.0000000000
1281 -1397.0000000000
1283 -1396.0000000000
1286 -1395.0000000000
1287 -1394.0000000000
1288 -1393.0000000000
1289 -1391.0000000000
1290 -1390.0000000000
1293 -1389.0000000000
1295 -1388.0000000000
1296 -1387.0000000000
1302 -1386.0000000000
1313 -1384.0000000000
1316 -1383.0000000000
1318 -1382.0000000000
1319 -1381.0000000000
1323 -1378.0000000000
1325 -1377.0000000000
1328 -1376.0000000000
1329 -1375.0000000000
1331 -1374.0000000000
1334 -1373.0000000000
1338 -1372.0000000000
1340 -1371.0000000000
1343 -1370.0000000000
1346 -1369.0000000000
1348 -1368.0000000000
1349 -1367.0000000000
1351 -1366.0000000000
1360 -1365.0000000000
1362 -1364.0000000000
1365 -1363.0000000000
1367 -1362.0000000000
1368 -1361.0000000000
1370 -1360.0000000000
1373 -1359.0000000000
1385 -1357.0000000000
1386 -1356.0000000000
1388 -1355.0000000000
1389 -1352.0000000000
1391 -1351.0000000000
1392 -1349.0000000000
1395 -1348.0000000000
1402 -1347.0000000000
1405 -1345.0000000000
1407 -1343.0000000000
1408 -1342.0000000000
1409 -1341.0000000000
1416 -1340.0000000000
1417 -1339.0000000000
1423 -1338.0000000000
1425 -1337.0000000000
1427 -1336.0000000000
1435 -1335.0000000000
1438 -1334.0000000000
1443 -1333.0000000000
1444 -1332.0000000000
1456 -1331.0000000000
1460 -1330.0000000000
1462 -1329.0000000000
1465 -1328.0000000000
1470 -1327.0000000000
1473 -1325.0000000000
1476 -1324.0000000000
1478 -1323.0000000000
1483 -1322.0000000000
1485 -1321.0000000000
1495 -1320.0000000000
1498 -1319.0000000000
1499 -1318.0000000000
1503 -1317.0000000000
1506 -1316.0000000000
1508 -1315.0000000000
1517 -1314.0000000000
1519 -1313.0000000000
1523 -1312.0000000000
1526 -1311.0000000000
1527 -1310.0000000000
1529 -1309.0000000000
1531 -1308.0000000000
1536 -1307.0000000000
1537 -1306.0000000000
1542 -1305.0000000000
1549 -1304.0000000000
1550 -1303.0000000000
1551 -1302.0000000000
1555 -1301.0000000000
1559 -1300.0000000000
1561 -1299.0000000000
1565 -1298.0000000000
1569 -1297.0000000000
1571 -1296.0000000000
1574 -1295.0000000000
1575 -1294.0000000000
1579 -1293.0000000000
1592 -1292.0000000000
1595 -1291.0000000000
1597 -1290.0000000000
1598 -1289.0000000000
1601 -1288.0000000000
1603 -1287.0000000000
1607 -1286.0000000000
1608 -1285.0000000000
1609 -1284.0000000000
1611 -1283.0000000000
1614 -1282.0000000000
1615 -1281.0000000000
1628 -1280.0000000000
1630 -1279.0000000000
1635 -1278.0000000000
1637 -1277.0000000000
1639 -1275.0000000000
1647 -1273.0000000000
1651 -1272.0000000000
1652 -1271.0000000000
1653 -1270.0000000000
1656 -1269.0000000000
1660 -1268.0000000000
1661 -1267.0000000000
1663 -1265.0000000000
1668 -1264.0000000000
1670 -1263.0000000000
1673 -1262.0000000000
1674 -1261.0000000000
1676 -1259.0000000000
1680 -1258.0000000000
1682 -1257.0000000000
1685 -1256.0000000000
1688 -1255.0000000000
1691 -1254.0000000000
1697 -1253.0000000000
1700 -1252.0000000000
1703 -1251.0000000000
1707 -1250.0000000000
1711 -1249.0000000000
1712 -1248.0000000000
1713 -1247.0000000000
1719 -1246.0000000000
1720 -1245.0000000000
1721 -1244.0000000000
1723 -1243.0000000000
1734 -1242.0000000000
1744 -1241.0000000000
1747 -1240.0000000000
1751 -1239.0000000000
1754 -1238.0000000000
1755 -1237.0000000000
1757 -1236.0000000000
1759 -1235.0000000000
1761 -1234.0000000000
1764 -1233.0000000000
1765 -1232.0000000000
1767 -1231.0000000000
1770 -1230.0000000000
1773 -1229.0000000000
1774 -1228.0000000000
1782 -1227.0000000000
1789 -1226.0000000000
1792 -1225.0000000000
1793 -1224.0000000000
1800 -1223.0000000000
1801 -1222.0000000000
1804 -1221.0000000000
1806 -1220.0000000000
1815 -1219.0000000000
1816 -1218.0000000000
1817 -1217.0000000000
1818 -1216.0000000000
1822 -1215.0000000000
1823 -1214.0000000000
1824 -1213.0000000000
1826 -1212.0000000000
1831 -1211.0000000000
1834 -1210.0000000000
1835 -1209.0000000000
1836 -1208.0000000000
1844 -1207.0000000000
1848 -1206.0000000000
1849 -1205.0000000000
1852 -1204.0000000000
1860 -1202.0000000000
1865 -1201.0000000000
1874 -1200.0000000000
1878 -1199.0000000000
1879 -1198.0000000000
1880 -1197.0000000000
1883 -1196.0000000000
1887 -1195.0000000000
1889 -1194.0000000000
1894 -1192.0000000000
1896 -1191.0000000000
1899 -1190.0000000000
1905 -1189.0000000000
1906 -1188.0000000000
1918 -1187.0000000000
1922 -1186.0000000000
1923 -1185.0000000000
1925 -1184.0000000000
1930 -1183.0000000000
1931 -1182.0000000000
1932 -1181.0000000000
1933 -1180.0000000000
1943 -1179.0000000000
1949 -1178.0000000000
1954 -1177.0000000000
1967 -1176.0000000000
1975 -1175.0000000000
1976 -1174.0000000000
1978 -1173.0000000000
1981 -1172.0000000000
1984 -1171.0000000000
1986 -1170.0000000000
1988 -1169.0000000000
1997 -1168.0000000000
2003 -1167.0000000000
2004 -1165.0000000000
2005 -1164.0000000000
2009 -1163.0000000000
2014 -1162.0000000000
2019 -1161.0000000000
2024 -1160.0000000000
2034 -1159.0000000000
2035 -1158.0000000000
2042 -1157.0000000000
2048 -1156.0000000000
2050 -1155.0000000000
2054 -1154.0000000000
2063 -1153.0000000000
2075 -1152.0000000000
2081 -1151.0000000000
2083 -1150.0000000000
2089 -1149.0000000000
2092 -1148.0000000000
2094 -1147.0000000000
2101 -1145.0000000000
2105 -1144.0000000000
2116 -1143.0000000000
2117 -1142.0000000000
2121 -1141.0000000000
2126 -1140.0000000000
2133 -1139.0000000000
2138 -1138.0000000000
2143 -1136.0000000000
2146 -1135.0000000000
2147 -1134.0000000000
2148 -1133.0000000000
2149 -1132.0000000000
2151 -1131.0000000000
2158 -1130.0000000000
2159 -1129.0000000000
2162 -1128.0000000000
2164 -1127.0000000000
2165 -1125.0000000000
2166 -1124.0000000000
2169 -1123.0000000000
2170 -1122.0000000000
2175 -1121.0000000000
2178 -1120.0000000000
2179 -1119.0000000000
2183 -1118.0000000000
2184 -1117.0000000000
2188 -1116.0000000000
2195 -1115.0000000000
2201 -1114.0000000000
2206 -1113.0000000000
2208 -1112.0000000000
2210 -1111.0000000000
2219 -1110.0000000000
2220 -1109.0000000000
2229 -1108.0000000000
2230 -1107.0000000000
2234 -1106.0000000000
2235 -1105.0000000000
2238 -1104.0000000000
2239 -1103.0000000000
2244 -1102.0000000000
2245 -1101.0000000000
2247 -1100.0000000000
2249 -1099.0000000000
2256 -1098.0000000000
2260 -1097.0000000000
2262 -1096.0000000000
2264 -1095.0000000000
2267 -1093.0000000000
2274 -1092.0000000000
2288 -1091.0000000000
2289 -1090.0000000000
2291 -1088.0000000000
2292 -1086.0000000000
2299 -1085.0000000000
2300 -1084.0000000000
2301 -1083.0000000000
2303 -1082.0000000000
2309 -1081.0000000000
2310 -1080.0000000000
2311 -1079.0000000000
2312 -1078.0000000000
2322 -1077.0000000000
2323 -1076.0000000000
2326 -1075.0000000000
2327 -1074.0000000000
2329 -1073.0000000000
2330 -1072.0000000000
2336 -1071.0000000000
2337 -1070.0000000000
2339 -1069.0000000000
2343 -1067.0000000000
2356 -1066.0000000000
2371 -1065.0000000000
2374 -1064.0000000000
2375 -1063.0000000000
2377 -1062.0000000000
2383 -1061.0000000000
2385 -1060.0000000000
2386 -1059.0000000000
2387 -1058.0000000000
2388 -1057.0000000000
2390 -1056.0000000000
2402 -1055.0000000000
2405 -1054.0000000000
2406 -1053.0000000000
2407 -1052.0000000000
2409 -1051.0000000000
2411 -1050.0000000000
2419 -1049.0000000000
2422 -1048.0000000000
2423 -1047.0000000000
2427 -1046.0000000000
2431 -1045.0000000000
2433 -1044.0000000000
2437 -1043.0000000000
2438 -1042.0000000000
2442 -1041.0000000000
2445 -1040.0000000000
2449 -1039.0000000000
2452 -1038.0000000000
2455 -1037.0000000000
2460 -1036.0000000000
2461 -1035.0000000000
2462 -1034.0000000000
2463 -1033.0000000000
2464 -1032.0000000000
2472 -1031.0000000000
2474 -1030.0000000000
2494 -1029.0000000000
2497 -1028.0000000000
2499 -1027.0000000000
2501 -1026.0000000000
2507 -1025.0000000000
2508 -1024.0000000000
2516 -1023.0000000000
2522 -1022.0000000000
2525 -1021.0000000000
2527 -1020.0000000000
2538 -1018.0000000000
2554 -1017.0000000000
2558 -1016.0000000000
2559 -1015.0000000000
2565 -1014.0000000000
2567 -1012.0000000000
2571 -1011.0000000000
2573 -1009.0000000000
2574 -1008.0000000000
2575 -1007.0000000000
2577 -1006.0000000000
2581 -1005.0000000000
2583 -1004.0000000000
2585 -1003.0000000000
2588 -1002.0000000000
2589 -1001.0000000000
2595 -1000.0000000000
2597 -999.0000000000
2601 -998.0000000000
2616 -997.0000000000
2620 -996.0000000000
2621 -995.0000000000
2622 -994.0000000000
2624 -993.0000000000
2628 -992.0000000000
2632 -991.0000000000
2645 -990.0000000000
2646 -989.0000000000
2648 -987.0000000000
2654 -986.0000000000
2657 -985.0000000000
2659 -984.0000000000
2661 -983.0000000000
2670 -982.0000000000
2686 -980.0000000000
2688 -978.0000000000
2689 -977.0000000000
2694 -976.0000000000
2701 -975.0000000000
2708 -974.0000000000
2712 -973.0000000000
2716 -972.0000000000
2721 -971.0000000000
2723 -970.0000000000
2728 -969.0000000000
2741 -968.0000000000
2749 -967.0000000000
2759 -966.0000000000
2760 -965.0000000000
2770 -964.0000000000
2772 -963.0000000000
2773 -962.0000000000
2775 -961.0000000000
2779 -959.0000000000
2780 -958.0000000000
2781 -957.0000000000
2782 -956.0000000000
2801 -955.0000000000
2802 -954.0000000000
2803 -953.0000000000
2804 -952.0000000000
2805 -951.0000000000
2809 -950.0000000000
2811 -949.0000000000
2816 -948.0000000000
2818 -947.0000000000
2825 -946.0000000000
2834 -945.0000000000
2838 -944.0000000000
2843 -943.0000000000
2854 -942.0000000000
2856 -941.0000000000
2860 -940.0000000000
2863 -939.0000000000
2870 -938.0000000000
2873 -937.0000000000
2875 -936.0000000000
2878 -935.0000000000
2884 -934.0000000000
2897 -933.0000000000
2900 -932.0000000000
2901 -931.0000000000
2903 -929.0000000000
2904 -928.0000000000
2910 -927.0000000000
2924 -926.0000000000
2927 -925.0000000000
2936 -924.0000000000
2938 -922.0000000000
2942 -921.0000000000
2945 -920.0000000000
2947 -919.0000000000
2950 -918.0000000000
2952 -917.0000000000
2958 -916.0000000000
2959 -915.0000000000
2961 -914.0000000000
2969 -913.0000000000
2972 -912.0000000000
2977 -911.0000000000
2998 -910.0000000000
3005 -909.0000000000
3006 -908.0000000000
3025 -907.0000000000
3028 -905.0000000000
3029 -904.0000000000
3030 -903.0000000000
3031 -902.0000000000
3042 -901.0000000000
3049 -900.0000000000
3051 -899.0000000000
3062 -898.0000000000
3066 -897.0000000000
3067 -896.0000000000
3078 -895.0000000000
3079 -894.0000000000
3082 -893.0000000000
3087 -892.0000000000
3089 -891.0000000000
3097 -890.0000000000
3103 -889.0000000000
3104 -888.0000000000
3113 -887.0000000000
3135 -886.0000000000
3149 -885.0000000000
3151 -884.0000000000
3153 -883.0000000000
3164 -882.0000000000
3175 -881.0000000000
3178 -880.0000000000
3183 -879.0000000000
3185 -877.0000000000
3186 -876.0000000000
3190 -875.0000000000
3194 -874.0000000000
3197 -873.0000000000
3203 -872.0000000000
3213 -871.0000000000
3221 -870.0000000000
3224 -869.0000000000
3227 -868.0000000000
3229 -867.0000000000
3230 -866.0000000000
3234 -865.0000000000
3249 -864.0000000000
3251 -863.0000000000
3252 -862.0000000000
3257 -861.0000000000
3260 -860.0000000000
3261 -859.0000000000
3263 -858.0000000000
3269 -857.0000000000
3272 -856.0000000000
3274 -855.0000000000
3277 -854.0000000000
3279 -853.0000000000
3284 -852.0000000000
3286 -851.0000000000
3288 -850.0000000000
3289 -849.0000000000
3290 -848.0000000000
3295 -847.0000000000
3300 -846.0000000000
3303 -845.0000000000
3308 -844.0000000000
3309 -843.0000000000
3321 -842.0000000000
3326 -841.0000000000
3330 -840.0000000000
3344 -839.0000000000
3348 -838.0000000000
3368 -837.0000000000
3377 -836.0000000000
3378 -835.0000000000
3379 -834.0000000000
3380 -833.0000000000
3381 -832.0000000000
3384 -831.0000000000
3385 -830.0000000000
3386 -829.0000000000
3396 -828.0000000000
3400 -827.0000000000
3403 -826.0000000000
3406 -825.0000000000
3409 -824.0000000000
3410 -823.0000000000
3412 -822.0000000000
3413 -821.0000000000
3417 -820.0000000000
3418 -819.0000000000
3434 -818.0000000000
3448 -817.0000000000
3451 -816.0000000000
3458 -815.0000000000
3474 -813.0000000000
3491 -812.0000000000
3499 -811.0000000000
3519 -810.0000000000
3528 -809.0000000000
3529 -807.0000000000
3536 -806.0000000000
3537 -805.0000000000
3539 -804.0000000000
3546 -803.0000000000
3548 -802.0000000000
3549 -801.0000000000
3553 -800.0000000000
3557 -799.0000000000
3566 -798.0000000000
3570 -797.0000000000
3572 -796.0000000000
3573 -795.0000000000
3578 -794.0000000000
3582 -793.0000000000
3594 -792.0000000000
3603 -791.0000000000
3612 -790.0000000000
3613 -789.0000000000
3615 -788.0000000000
3617 -787.0000000000
3618 -786.0000000000
3623 -785.0000000000
3627 -784.0000000000
3629 -783.0000000000
3632 -782.0000000000
3636 -781.0000000000
3640 -780.0000000000
3658 -779.0000000000
3665 -778.0000000000
3671 -777.0000000000
3672 -776.0000000000
3694 -775.0000000000
3700 -774.0000000000
3703 -773.0000000000
3710 -772.0000000000
3711 -771.0000000000
3712 -770.0000000000
3717 -769.0000000000
3722 -768.0000000000
3723 -767.0000000000
3725 -765.0000000000
3732 -764.0000000000
3733 -763.0000000000
3734 -762.0000000000
3743 -761.0000000000
3751 -760.0000000000
3754 -759.0000000000
3755 -758.0000000000
3770 -757.0000000000
3773 -756.0000000000
3781 -755.0000000000
3785 -754.0000000000
3792 -753.0000000000
3805 -752.0000000000
3808 -751.0000000000
3812 -750.0000000000
3821 -749.0000000000
3826 -748.0000000000
3836 -746.0000000000
3851 -745.0000000000
3854 -744.0000000000
3855 -743.0000000000
3871 -742.0000000000
3875 -741.0000000000
3884 -740.0000000000
3887 -739.0000000000
3889 -738.0000000000
3896 -736.0000000000
3897 -735.0000000000
3913 -734.0000000000
3922 -733.0000000000
3924 -732.0000000000
3940 -730.0000000000
3943 -729.0000000000
3946 -728.0000000000
3947 -727.0000000000
3955 -726.0000000000
3956 -725.0000000000
3972 -724.0000000000
3999 -723.0000000000
4001 -722.0000000000
4005 -721.0000000000
4023 -720.0000000000
4041 -719.0000000000
4043 -717.0000000000
4046 -716.0000000000
4050 -714.0000000000
4059 -713.0000000000
4064 -711.0000000000
4066 -710.0000000000
4073 -709.0000000000
4080 -708.0000000000
4082 -707.0000000000
4084 -706.0000000000
4089 -705.0000000000
4090 -704.0000000000
4091 -703.0000000000
4092 -702.0000000000
4094 -701.0000000000
4101 -700.0000000000
4110 -699.0000000000
4112 -698.0000000000
4113 -697.0000000000
4120 -696.0000000000
4129 -695.0000000000
4135 -694.0000000000
4140 -693.0000000000
4164 -692.0000000000
4169 -691.0000000000
4172 -690.0000000000
4173 -689.0000000000
4177 -688.0000000000
4195 -686.0000000000
4196 -685.0000000000
4198 -684.0000000000
4207 -683.0000000000
4212 -682.0000000000
4219 -681.0000000000
4224 -680.0000000000
4252 -679.0000000000
4259 -678.0000000000
4270 -677.0000000000
4271 -676.0000000000
4281 -673.0000000000
4286 -672.0000000000
4287 -671.0000000000
4292 -670.0000000000
4307 -669.0000000000
4312 -668.0000000000
4319 -667.0000000000
4320 -666.0000000000
4329 -665.0000000000
4342 -664.0000000000
4349 -663.0000000000
4354 -662.0000000000
4359 -661.0000000000
4361 -660.0000000000
4371 -659.0000000000
4372 -657.0000000000
4379 -656.0000000000
4384 -655.0000000000
4394 -654.0000000000
4398 -653.0000000000
4406 -652.0000000000
4410 -651.0000000000
4414 -650.0000000000
4416 -649.0000000000
4428 -648.0000000000
4431 -647.0000000000
4436 -646.0000000000
4438 -645.0000000000
4440 -644.0000000000
4447 -643.0000000000
4452 -642.0000000000
4454 -641.0000000000
4458 -640.0000000000
4459 -639.0000000000
4462 -638.0000000000
4467 -637.0000000000
4471 -636.0000000000
4474 -635.0000000000
4485 -634.0000000000
4489 -633.0000000000
4502 -632.0000000000
4508 -631.0000000000
4511 -630.0000000000
4512 -629.0000000000
4528 -628.0000000000
4530 -627.0000000000
4534 -625.0000000000
4547 -624.0000000000
4558 -623.0000000000
4560 -622.0000000000
4576 -621.0000000000
4588 -620.0000000000
4600 -619.0000000000
4609 -618.0000000000
4617 -617.0000000000
4648 -616.0000000000
4649 -615.0000000000
4650 -614.0000000000
4677 -613.0000000000
4695 -612.0000000000
4714 -611.0000000000
4723 -610.0000000000
4731 -609.0000000000
4736 -608.0000000000
4737 -607.0000000000
4738 -606.0000000000
4744 -605.0000000000
4753 -604.0000000000
4761 -603.0000000000
4769 -602.0000000000
4773 -601.0000000000
4777 -600.0000000000
4781 -599.0000000000
4783 -598.0000000000
4784 -597.0000000000
4790 -596.0000000000
4791 -595.0000000000
4792 -594.0000000000
4797 -593.0000000000
4813 -592.0000000000
4817 -591.0000000000
4829 -590.0000000000
4832 -589.0000000000
4835 -588.0000000000
4838 -587.0000000000
4842 -586.0000000000
4843 -585.0000000000
4844 -584.0000000000
4855 -583.0000000000
4856 -582.0000000000
4864 -581.0000000000
4876 -580.0000000000
4883 -579.0000000000
4884 -578.0000000000
4920 -577.0000000000
4929 -576.0000000000
4939 -575.0000000000
4950 -574.0000000000
4958 -573.0000000000
4970 -572.0000000000
4990 -571.0000000000
4991 -570.0000000000
4998 -569.0000000000
5007 -568.0000000000
5012 -567.0000000000
5013 -566.0000000000
5025 -565.0000000000
5034 -564.0000000000
5057 -562.0000000000
5062 -560.0000000000
5068 -559.0000000000
5083 -558.0000000000
5107 -557.0000000000
5109 -556.0000000000
5126 -555.0000000000
5134 -554.0000000000
5138 -553.0000000000
5146 -552.0000000000
5171 -551.0000000000
5181 -550.0000000000
5183 -549.0000000000
5192 -548.0000000000
5201 -547.0000000000
5220 -546.0000000000
5221 -545.0000000000
5229 -544.0000000000
5243 -543.0000000000
5254 -542.0000000000
5267 -541.0000000000
5290 -540.0000000000
5294 -539.0000000000
5301 -538.0000000000
5306 -537.0000000000
5312 -536.0000000000
5315 -535.0000000000
5317 -534.0000000000
5328 -533.0000000000
5330 -532.0000000000
5334 -531.0000000000
5337 -530.0000000000
5338 -529.0000000000
5343 -528.0000000000
5346 -527.0000000000
5349 -526.0000000000
5350 -525.0000000000
5358 -524.0000000000
5371 -523.0000000000
5391 -522.0000000000
5393 -521.0000000000
5395 -519.0000000000
5404 -518.0000000000
5406 -517.0000000000
5410 -516.0000000000
5415 -515.0000000000
5419 -514.0000000000
5423 -513.0000000000
5431 -512.0000000000
5446 -511.0000000000
5448 -510.0000000000
5492 -509.0000000000
5499 -508.0000000000
5507 -507.0000000000
5531 -506.0000000000
5533 -505.0000000000
5537 -504.0000000000
5549 -503.0000000000
5555 -502.0000000000
5561 -501.0000000000
5562 -499.0000000000
5563 -498.0000000000
5570 -497.0000000000
5573 -496.0000000000
5583 -495.0000000000
5592 -494.0000000000
5619 -493.0000000000
5625 -492.0000000000
5635 -491.0000000000
5636 -490.0000000000
5643 -489.0000000000
5670 -488.0000000000
5676 -487.0000000000
5681 -486.0000000000
5684 -485.0000000000
5694 -484.0000000000
5720 -483.0000000000
5729 -482.0000000000
5730 -481.0000000000
5734 -480.0000000000
5737 -479.0000000000
5743 -478.0000000000
5747 -477.0000000000
5754 -476.0000000000
5769 -475.0000000000
5780 -474.0000000000
5784 -473.0000000000
5786 -472.0000000000
5795 -471.0000000000
5802 -470.0000000000
5809 -469.0000000000
5822 -468.0000000000
5840 -467.0000000000
5854 -466.0000000000
5867 -465.0000000000
5875 -464.0000000000
5879 -463.0000000000
5885 -462.0000000000
5887 -461.0000000000
5890 -460.0000000000
5891 -459.0000000000
5899 -458.0000000000
5902 -457.0000000000
5921 -456.0000000000
5923 -455.0000000000
5930 -454.0000000000
5933 -453.0000000000
5946 -452.0000000000
5951 -451.0000000000
5967 -450.0000000000
5986 -449.0000000000
5994 -448.0000000000
6018 -447.0000000000
6019 -446.0000000000
6026 -445.0000000000
6030 -444.0000000000
6054 -443.0000000000
6058 -442.0000000000
6059 -441.0000000000
6068 -440.0000000000
6072 -439.0000000000
6074 -438.0000000000
6094 -437.0000000000
6101 -436.0000000000
6102 -435.0000000000
6112 -434.0000000000
6115 -433.0000000000
6132 -432.0000000000
6139 -431.0000000000
6151 -430.0000000000
6159 -429.0000000000
6172 -428.0000000000
6174 -427.0000000000
6175 -426.0000000000
6181 -425.0000000000
6209 -424.0000000000
6218 -423.0000000000
6224 -422.0000000000
6231 -421.0000000000
6237 -420.0000000000
6240 -419.0000000000
6242 -418.0000000000
6243 -417.0000000000
6261 -416.0000000000
6266 -415.0000000000
6301 -414.0000000000
6311 -413.0000000000
6328 -412.0000000000
6331 -411.0000000000
6350 -410.0000000000
6361 -409.0000000000
6362 -408.0000000000
6385 -407.0000000000
6398 -406.0000000000
6411 -405.0000000000
6412 -404.0000000000
6417 -403.0000000000
6421 -402.0000000000
6423 -401.0000000000
6431 -400.0000000000
6441 -399.0000000000
6444 -398.0000000000
6447 -397.0000000000
6476 -396.0000000000
6508 -395.0000000000
6523 -394.0000000000
6541 -393.0000000000
6543 -392.0000000000
6571 -391.0000000000
6586 -390.0000000000
6587 -389.0000000000
6593 -388.0000000000
6600 -387.0000000000
6604 -385.0000000000
6621 -384.0000000000
6630 -383.0000000000
6657 -382.0000000000
6658 -381.0000000000
6661 -380.0000000000
6664 -379.0000000000
6674 -378.0000000000
6696 -377.0000000000
6704 -376.0000000000
6715 -375.0000000000
6728 -372.0000000000
6734 -371.0000000000
6741 -370.0000000000
6745 -369.0000000000
6754 -368.0000000000
6760 -367.0000000000
6779 -366.0000000000
6781 -365.0000000000
6821 -364.0000000000
6842 -363.0000000000
6850 -362.0000000000
6853 -361.0000000000
6860 -360.0000000000
6862 -359.0000000000
6884 -358.0000000000
6887 -356.0000000000
6888 -355.0000000000
6893 -354.0000000000
6895 -353.0000000000
6916 -352.0000000000
6918 -351.0000000000
6931 -350.0000000000
6936 -349.0000000000
6966 -348.0000000000
7010 -347.0000000000
7026 -346.0000000000
7035 -344.0000000000
7043 -343.0000000000
7065 -342.0000000000
7073 -340.0000000000
7111 -339.0000000000
7162 -338.0000000000
7166 -337.0000000000
7173 -336.0000000000
7188 -335.0000000000
7192 -334.0000000000
7209 -333.0000000000
7250 -332.0000000000
7294 -331.0000000000
7296 -330.0000000000
7317 -329.0000000000
7321 -328.0000000000
7329 -327.0000000000
7343 -326.0000000000
7348 -325.0000000000
7351 -324.0000000000
7381 -323.0000000000
7386 -322.0000000000
7397 -321.0000000000
7398 -320.0000000000
7413 -319.0000000000
7415 -318.0000000000
7429 -317.0000000000
7432 -316.0000000000
7436 -315.0000000000
7440 -314.0000000000
7453 -313.0000000000
7457 -312.0000000000
7465 -311.0000000000
7468 -310.0000000000
7481 -309.0000000000
7511 -308.0000000000
7517 -307.0000000000
7528 -306.0000000000
7557 -305.0000000000
7560 -304.0000000000
7575 -303.0000000000
7579 -302.0000000000
7582 -301.0000000000
7585 -300.0000000000
7605 -299.0000000000
7610 -298.0000000000
7619 -297.0000000000
7623 -296.0000000000
7627 -295.0000000000
7637 -294.0000000000
7651 -293.0000000000
7688 -292.0000000000
7709 -291.0000000000
7726 -290.0000000000
7754 -289.0000000000
7768 -288.0000000000
7770 -287.0000000000
7776 -286.0000000000
7789 -285.0000000000
7796 -284.0000000000
7845 -283.0000000000
7850 -282.0000000000
7889 -281.0000000000
7890 -280.0000000000
7891 -279.0000000000
7913 -277.0000000000
7917 -276.0000000000
7955 -275.0000000000
7994 -274.0000000000
8006 -273.0000000000
8009 -272.0000000000
8010 -271.0000000000
8038 -270.0000000000
8097 -269.0000000000
8099 -268.0000000000
8116 -267.0000000000
8137 -266.0000000000
8161 -265.0000000000
8192 -264.0000000000
8208 -263.0000000000
8214 -262.0000000000
8246 -261.0000000000
8272 -260.0000000000
8274 -259.0000000000
8279 -258.0000000000
8304 -257.0000000000
8311 -256.0000000000
8351 -255.0000000000
8383 -254.0000000000
8384 -253.0000000000
8403 -252.0000000000
8415 -251.0000000000
8438 -250.0000000000
8445 -249.0000000000
8447 -248.0000000000
8450 -247.0000000000
8468 -246.0000000000
8525 -245.0000000000
8528 -244.0000000000
8543 -243.0000000000
8546 -242.0000000000
8553 -241.0000000000
8565 -240.0000000000
8566 -239.0000000000
8600 -238.0000000000
8620 -237.0000000000
8695 -236.0000000000
8715 -235.0000000000
8724 -234.0000000000
8732 -233.0000000000
8744 -232.0000000000
8757 -231.0000000000
8793 -230.0000000000
8856 -229.0000000000
8887 -228.0000000000
8904 -227.0000000000
8910 -226.0000000000
8922 -225.0000000000
8951 -224.0000000000
8983 -223.0000000000
9012 -222.0000000000
9016 -221.0000000000
9054 -220.0000000000
9067 -219.0000000000
9068 -218.0000000000
9080 -217.0000000000
9081 -216.0000000000
9090 -215.0000000000
9095 -214.0000000000
9108 -213.0000000000
9127 -212.0000000000
9133 -211.0000000000
9138 -210.0000000000
9149 -209.0000000000
9200 -208.0000000000
9206 -207.0000000000
9217 -206.0000000000
9255 -205.0000000000
9258 -204.0000000000
9276 -203.0000000000
9294 -202.0000000000
9322 -201.0000000000
9330 -200.0000000000
9373 -199.0000000000
9381 -198.0000000000
9385 -197.0000000000
9386 -196.0000000000
9391 -195.0000000000
9480 -194.0000000000
9550 -193.0000000000
9556 -192.0000000000
9574 -191.0000000000
9602 -190.0000000000
9620 -189.0000000000
9621 -188.0000000000
9646 -187.0000000000
9649 -186.0000000000
9668 -185.0000000000
9701 -184.0000000000
9753 -183.0000000000
9775 -182.0000000000
9805 -181.0000000000
9810 -180.0000000000
9811 -179.0000000000
9884 -178.0000000000
9885 -177.0000000000
9928 -176.0000000000
9946 -175.0000000000
9964 -174.0000000000
10000 -175.0000000000
