evaluations raw_y
1 -1971.0000000000
4 -1970.0000000000
5 -1969.0000000000
9 -1968.0000000000
13 -1967.0000000000
14 -1966.0000000000
16 -1965.0000000000
17 -1964.0000000000
18 -1963.0000000000
20 -1962.0000000000
24 -1961.0000000000
25 -1960.0000000000
26 -1959.0000000000
29 -1958.0000000000
31 -1957.0000000000
32 -1956.0000000000
34 -1955.0000000000
35 -1954.0000000000
40 -1953.0000000000
41 -1952.0000000000
43 -1951.0000000000
44 -1950.0000000000
46 -1949.0000000000
47 -1948.0000000000
48 -1947.0000000000
50 -1946.0000000000
54 -1945.0000000000
55 -1944.0000000000
59 -1943.0000000000
60 -1942.0000000000
61 -1941.0000000000
63 -1940.0000000000
66 -1939.0000000000
67 -1938.0000000000
68 -1937.0000000000
69 -1936.0000000000
71 -1935.0000000000
76 -1934.0000000000
77 -1933.0000000000
80 -1932.0000000000
81 -1931.0000000000
90 -1930.0000000000
91 -1929.0000000000
93 -1928.0000000000
94 -1927.0000000000
96 -1926.0000000000
99 -1925.0000000000
103 -1924.0000000000
107 -1923.0000000000
108 -1922.0000000000
109 -1921.0000000000
111 -1920.0000000000
113 -1919.0000000000
114 -1918.0000000000
117 -1917.0000000000
118 -1916.0000000000
124 -1915.0000000000
126 -1914.0000000000
129 -1913.0000000000
136 -1912.0000000000
139 -1911.0000000000
143 -1910.0000000000
144 -1909.0000000000
145 -1908.0000000000
146 -1907.0000000000
147 -1906.0000000000
151 -1905.0000000000
154 -1904.0000000000
157 -1903.0000000000
160 -1902.0000000000
164 -1901.0000000000
165 -1900.0000000000
167 -1899.0000000000
168 -1898.0000000000
169 -1897.0000000000
170 -1896.0000000000
173 -1895.0000000000
175 -1894.0000000000
177 -1893.0000000000
182 -1892.0000000000
184 -1891.0000000000
185 -1890.0000000000
186 -1889.0000000000
187 -1888.0000000000
192 -1887.0000000000
193 -1886.0000000000
196 -1885.0000000000
197 -1884.0000000000
198 -1883.0000000000
199 -1882.0000000000
200 -1881.0000000000
203 -1880.0000000000
204 -1879.0000000000
205 -1878.0000000000
206 -1877.0000000000
209 -1876.0000000000
212 -1875.0000000000
213 -1874.0000000000
214 -1873.0000000000
215 -1872.0000000000
217 -1871.0000000000
218 -1870.0000000000
219 -1869.0000000000
222 -1868.0000000000
226 -1867.0000000000
227 -1866.0000000000
228 -1865.0000000000
229 -1864.0000000000
230 -1863.0000000000
232 -1862.0000000000
239 -1861.0000000000
242 -1860.0000000000
244 -1859.0000000000
250 -1858.0000000000
252 -1857.0000000000
255 -1856.0000000000
258 -1855.0000000000
260 -1854.0000000000
261 -1853.0000000000
262 -1852.0000000000
264 -1851.0000000000
267 -1850.0000000000
269 -1849.0000000000
270 -1848.0000000000
271 -1847.0000000000
272 -1846.0000000000
273 -1845.0000000000
275 -1844.0000000000
277 -1843.0000000000
278 -1842.0000000000
280 -1841.0000000000
283 -1840.0000000000
291 -1839.0000000000
292 -1838.0000000000
294 -1837.0000000000
296 -1836.0000000000
297 -1835.0000000000
298 -1834.0000000000
299 -1833.0000000000
301 -1832.0000000000
302 -1831.0000000000
303 -1830.0000000000
304 -1829.0000000000
306 -1828.0000000000
307 -1827.0000000000
310 -1826.0000000000
313 -1825.0000000000
324 -1824.0000000000
327 -1823.0000000000
328 -1822.0000000000
329 -1821.0000000000
334 -1820.0000000000
336 -1819.0000000000
339 -1818.0000000000
340 -1817.0000000000
341 -1816.0000000000
342 -1815.0000000000
345 -1814.0000000000
349 -1813.0000000000
352 -1812.0000000000
358 -1811.0000000000
359 -1810.0000000000
362 -1809.0000000000
364 -1808.0000000000
366 -1807.0000000000
367 -1806.0000000000
368 -1805.0000000000
369 -1804.0000000000
370 -1803.0000000000
373 -1802.0000000000
374 -1801.0000000000
375 -1800.0000000000
376 -1799.0000000000
378 -1798.0000000000
379 -1797.0000000000
381 -1796.0000000000
385 -1795.0000000000
388 -1794.0000000000
389 -1793.0000000000
390 -1792.0000000000
392 -1791.0000000000
394 -1790.0000000000
399 -1789.0000000000
400 -1788.0000000000
402 -1787.0000000000
403 -1786.0000000000
409 -1785.0000000000
410 -1784.0000000000
411 -1783.0000000000
412 -1782.0000000000
413 -1781.0000000000
414 -1780.0000000000
416 -1779.0000000000
419 -1778.0000000000
420 -1777.0000000000
423 -1776.0000000000
425 -1775.0000000000
426 -1774.0000000000
427 -1773.0000000000
428 -1772.0000000000
429 -1771.0000000000
431 -1770.0000000000
432 -1769.0000000000
433 -1768.0000000000
435 -1767.0000000000
438 -1766.0000000000
443 -1765.0000000000
447 -1764.0000000000
449 -1763.0000000000
450 -1762.0000000000
461 -1761.0000000000
464 -1760.0000000000
466 -1759.0000000000
467 -1758.0000000000
474 -1757.0000000000
475 -1756.0000000000
476 -1755.0000000000
477 -1754.0000000000
480 -1753.0000000000
484 -1752.0000000000
486 -1751.0000000000
487 -1750.0000000000
489 -1749.0000000000
491 -1748.0000000000
493 -1747.0000000000
496 -1746.0000000000
499 -1745.0000000000
500 -1744.0000000000
501 -1743.0000000000
502 -1742.0000000000
504 -1741.0000000000
517 -1740.0000000000
518 -1739.0000000000
519 -1738.0000000000
520 -1737.0000000000
522 -1736.0000000000
523 -1735.0000000000
524 -1734.0000000000
528 -1733.0000000000
530 -1732.0000000000
532 -1731.0000000000
533 -1730.0000000000
534 -1729.0000000000
535 -1728.0000000000
536 -1727.0000000000
538 -1726.0000000000
543 -1725.0000000000
545 -1724.0000000000
552 -1723.0000000000
553 -1722.0000000000
554 -1721.0000000000
557 -1720.0000000000
559 -1719.0000000000
560 -1718.0000000000
561 -1717.0000000000
563 -1716.0000000000
566 -1715.0000000000
573 -1714.0000000000
575 -1713.0000000000
577 -1712.0000000000
581 -1711.0000000000
582 -1710.0000000000
583 -1709.0000000000
585 -1708.0000000000
586 -1707.0000000000
589 -1706.0000000000
591 -1705.0000000000
594 -1704.0000000000
601 -1703.0000000000
602 -1702.0000000000
603 -1701.0000000000
604 -1700.0000000000
607 -1699.0000000000
608 -1698.0000000000
612 -1697.0000000000
613 -1696.0000000000
614 -1695.0000000000
615 -1694.0000000000
616 -1693.0000000000
617 -1692.0000000000
621 -1691.0000000000
624 -1690.0000000000
631 -1689.0000000000
634 -1688.0000000000
635 -1687.0000000000
636 -1686.0000000000
637 -1685.0000000000
642 -1684.0000000000
643 -1683.0000000000
644 -1682.0000000000
649 -1681.0000000000
650 -1680.0000000000
654 -1679.0000000000
655 -1678.0000000000
657 -1677.0000000000
666 -1676.0000000000
667 -1675.0000000000
669 -1674.0000000000
671 -1673.0000000000
673 -1672.0000000000
677 -1671.0000000000
678 -1670.0000000000
680 -1669.0000000000
681 -1668.0000000000
682 -1667.0000000000
686 -1666.0000000000
689 -1665.0000000000
692 -1664.0000000000
695 -1663.0000000000
696 -1662.0000000000
697 -1661.0000000000
700 -1660.0000000000
701 -1659.0000000000
702 -1658.0000000000
703 -1657.0000000000
704 -1656.0000000000
705 -1655.0000000000
707 -1654.0000000000
710 -1653.0000000000
713 -1652.0000000000
714 -1651.0000000000
716 -1650.0000000000
717 -1649.0000000000
722 -1648.0000000000
723 -1647.0000000000
725 -1646.0000000000
728 -1645.0000000000
731 -1644.0000000000
737 -1643.0000000000
739 -1642.0000000000
741 -1641.0000000000
748 -1640.0000000000
749 -1639.0000000000
752 -1638.0000000000
753 -1637.0000000000
758 -1636.0000000000
760 -1635.0000000000
761 -1634.0000000000
762 -1633.0000000000
763 -1632.0000000000
764 -1631.0000000000
770 -1630.0000000000
772 -1629.0000000000
775 -1628.0000000000
778 -1627.0000000000
779 -1626.0000000000
782 -1625.0000000000
784 -1624.0000000000
785 -1623.0000000000
792 -1622.0000000000
793 -1621.0000000000
797 -1620.0000000000
800 -1619.0000000000
803 -1618.0000000000
807 -1617.0000000000
817 -1616.0000000000
819 -1615.0000000000
820 -1614.0000000000
821 -1613.0000000000
824 -1612.0000000000
826 -1611.0000000000
827 -1610.0000000000
828 -1609.0000000000
830 -1608.0000000000
831 -1607.0000000000
832 -1606.0000000000
833 -1605.0000000000
834 -1604.0000000000
840 -1603.0000000000
841 -1602.0000000000
844 -1601.0000000000
845 -1600.0000000000
846 -1599.0000000000
848 -1598.0000000000
849 -1597.0000000000
861 -1596.0000000000
862 -1595.0000000000
865 -1594.0000000000
868 -1593.0000000000
870 -1592.0000000000
876 -1591.0000000000
884 -1590.0000000000
887 -1589.0000000000
891 -1588.0000000000
893 -1587.0000000000
894 -1586.0000000000
896 -1585.0000000000
897 -1584.0000000000
902 -1583.0000000000
908 -1582.0000000000
909 -1581.0000000000
910 -1580.0000000000
911 -1579.0000000000
912 -1578.0000000000
913 -1577.0000000000
914 -1576.0000000000
918 -1575.0000000000
919 -1574.0000000000
920 -1573.0000000000
921 -1572.0000000000
922 -1571.0000000000
928 -1570.0000000000
932 -1569.0000000000
933 -1568.0000000000
935 -1567.0000000000
936 -1566.0000000000
937 -1565.0000000000
938 -1564.0000000000
939 -1563.0000000000
940 -1562.0000000000
944 -1561.0000000000
945 -1560.0000000000
948 -1559.0000000000
951 -1558.0000000000
953 -1557.0000000000
956 -1556.0000000000
959 -1555.0000000000
960 -1554.0000000000
963 -1553.0000000000
967 -1552.0000000000
974 -1551.0000000000
975 -1550.0000000000
977 -1549.0000000000
979 -1548.0000000000
981 -1547.0000000000
984 -1546.0000000000
985 -1545.0000000000
995 -1544.0000000000
997 -1543.0000000000
998 -1542.0000000000
1000 -1541.0000000000
1001 -1540.0000000000
1002 -1539.0000000000
1004 -1538.0000000000
1010 -1537.0000000000
1013 -1536.0000000000
1014 -1535.0000000000
1020 -1534.0000000000
1021 -1533.0000000000
1024 -1532.0000000000
1029 -1531.0000000000
1030 -1530.0000000000
1031 -1529.0000000000
1037 -1528.0000000000
1041 -1527.0000000000
1044 -1526.0000000000
1045 -1525.0000000000
1047 -1524.0000000000
1051 -1523.0000000000
1052 -1522.0000000000
1054 -1521.0000000000
1057 -1520.0000000000
1059 -1519.0000000000
1061 -1518.0000000000
1065 -1517.0000000000
1068 -1516.0000000000
1072 -1515.0000000000
1073 -1514.0000000000
1078 -1513.0000000000
1080 -1512.0000000000
1083 -1511.0000000000
1085 -1510.0000000000
1087 -1509.0000000000
1097 -1508.0000000000
1099 -1507.0000000000
1101 -1506.0000000000
1104 -1505.0000000000
1108 -1504.0000000000
1111 -1503.0000000000
1112 -1502.0000000000
1113 -1501.0000000000
1114 -1500.0000000000
1115 -1499.0000000000
1117 -1498.0000000000
1122 -1497.0000000000
1123 -1496.0000000000
1124 -1495.0000000000
1125 -1494.0000000000
1129 -1493.0000000000
1132 -1492.0000000000
1134 -1491.0000000000
1135 -1490.0000000000
1137 -1489.0000000000
1139 -1488.0000000000
1140 -1487.0000000000
1144 -1486.0000000000
1145 -1485.0000000000
1150 -1484.0000000000
1153 -1483.0000000000
1154 -1482.0000000000
1155 -1481.0000000000
1158 -1480.0000000000
1160 -1479.0000000000
1163 -1478.0000000000
1168 -1477.0000000000
1169 -1476.0000000000
1170 -1475.0000000000
1171 -1474.0000000000
1172 -1473.0000000000
1178 -1472.0000000000
1185 -1471.0000000000
1190 -1470.0000000000
1192 -1469.0000000000
1193 -1468.0000000000
1201 -1467.0000000000
1205 -1466.0000000000
1206 -1465.0000000000
1213 -1464.0000000000
1214 -1463.0000000000
1215 -1462.0000000000
1216 -1461.0000000000
1218 -1460.0000000000
1220 -1459.0000000000
1222 -1458.0000000000
1228 -1457.0000000000
1233 -1456.0000000000
1236 -1455.0000000000
1237 -1454.0000000000
1239 -1453.0000000000
1244 -1452.0000000000
1248 -1451.0000000000
1250 -1450.0000000000
1252 -1449.0000000000
1253 -1448.0000000000
1255 -1447.0000000000
1256 -1446.0000000000
1258 -1445.0000000000
1264 -1444.0000000000
1265 -1443.0000000000
1266 -1442.0000000000
1269 -1441.0000000000
1270 -1440.0000000000
1274 -1439.0000000000
1276 -1438.0000000000
1277 -1437.0000000000
1279 -1436.0000000000
1283 -1435.0000000000
1284 -1434.0000000000
1285 -1433.0000000000
1286 -1432.0000000000
1287 -1431.0000000000
1291 -1430.0000000000
1292 -1429.0000000000
1295 -1428.0000000000
1297 -1427.0000000000
1301 -1426.0000000000
1303 -1425.0000000000
1304 -1424.0000000000
1305 -1423.0000000000
1306 -1422.0000000000
1308 -1421.0000000000
1309 -1420.0000000000
1312 -1419.0000000000
1314 -1418.0000000000
1320 -1417.0000000000
1323 -1416.0000000000
1325 -1415.0000000000
1326 -1414.0000000000
1330 -1413.0000000000
1331 -1412.0000000000
1332 -1411.0000000000
1335 -1410.0000000000
1337 -1409.0000000000
1338 -1408.0000000000
1339 -1407.0000000000
1340 -1406.0000000000
1341 -1405.0000000000
1342 -1404.0000000000
1343 -1403.0000000000
1347 -1402.0000000000
1349 -1401.0000000000
1351 -1400.0000000000
1358 -1399.0000000000
1359 -1398.0000000000
1360 -1397.0000000000
1362 -1396.0000000000
1363 -1395.0000000000
1364 -1394.0000000000
1368 -1393.0000000000
1371 -1392.0000000000
1376 -1391.0000000000
1377 -1390.0000000000
1383 -1389.0000000000
1385 -1388.0000000000
1386 -1387.0000000000
1387 -1386.0000000000
1388 -1385.0000000000
1389 -1384.0000000000
1391 -1383.0000000000
1393 -1382.0000000000
1395 -1381.0000000000
1399 -1380.0000000000
1400 -1379.0000000000
1402 -1378.0000000000
1404 -1377.0000000000
1405 -1376.0000000000
1407 -1375.0000000000
1408 -1374.0000000000
1411 -1373.0000000000
1412 -1372.0000000000
1414 -1371.0000000000
1419 -1370.0000000000
1422 -1369.0000000000
1425 -1368.0000000000
1431 -1367.0000000000
1432 -1366.0000000000
1436 -1365.0000000000
1437 -1364.0000000000
1438 -1363.0000000000
1440 -1362.0000000000
1441 -1361.0000000000
1447 -1360.0000000000
1448 -1359.0000000000
1452 -1358.0000000000
1453 -1357.0000000000
1457 -1356.0000000000
1459 -1355.0000000000
1460 -1354.0000000000
1467 -1353.0000000000
1468 -1352.0000000000
1471 -1351.0000000000
1473 -1350.0000000000
1475 -1349.0000000000
1477 -1348.0000000000
1478 -1347.0000000000
1486 -1346.0000000000
1488 -1345.0000000000
1489 -1344.0000000000
1490 -1343.0000000000
1493 -1342.0000000000
1498 -1341.0000000000
1500 -1340.0000000000
1501 -1339.0000000000
1506 -1338.0000000000
1509 -1337.0000000000
1510 -1336.0000000000
1511 -1335.0000000000
1512 -1334.0000000000
1513 -1333.0000000000
1514 -1332.0000000000
1516 -1331.0000000000
1521 -1330.0000000000
1523 -1329.0000000000
1524 -1328.0000000000
1526 -1327.0000000000
1527 -1326.0000000000
1534 -1325.0000000000
1536 -1324.0000000000
1539 -1323.0000000000
1545 -1322.0000000000
1551 -1321.0000000000
1561 -1320.0000000000
1562 -1319.0000000000
1564 -1318.0000000000
1565 -1317.0000000000
1566 -1316.0000000000
1568 -1315.0000000000
1571 -1314.0000000000
1572 -1313.0000000000
1575 -1312.0000000000
1579 -1311.0000000000
1582 -1310.0000000000
1586 -1309.0000000000
1590 -1308.0000000000
1591 -1307.0000000000
1596 -1306.0000000000
1599 -1305.0000000000
1601 -1304.0000000000
1603 -1303.0000000000
1604 -1302.0000000000
1605 -1301.0000000000
1606 -1300.0000000000
1616 -1299.0000000000
1617 -1298.0000000000
1618 -1297.0000000000
1619 -1296.0000000000
1620 -1295.0000000000
1625 -1294.0000000000
1626 -1293.0000000000
1628 -1292.0000000000
1630 -1291.0000000000
1639 -1290.0000000000
1640 -1289.0000000000
1642 -1288.0000000000
1644 -1287.0000000000
1645 -1286.0000000000
1646 -1285.0000000000
1647 -1284.0000000000
1656 -1283.0000000000
1661 -1282.0000000000
1664 -1281.0000000000
1666 -1280.0000000000
1671 -1279.0000000000
1672 -1278.0000000000
1684 -1277.0000000000
1691 -1276.0000000000
1692 -1275.0000000000
1697 -1274.0000000000
1698 -1273.0000000000
1699 -1272.0000000000
1700 -1271.0000000000
1704 -1270.0000000000
1710 -1269.0000000000
1714 -1268.0000000000
1716 -1267.0000000000
1719 -1266.0000000000
1723 -1265.0000000000
1729 -1264.0000000000
1730 -1263.0000000000
1731 -1262.0000000000
1733 -1261.0000000000
1735 -1260.0000000000
1740 -1259.0000000000
1742 -1258.0000000000
1743 -1257.0000000000
1745 -1256.0000000000
1747 -1255.0000000000
1753 -1254.0000000000
1759 -1253.0000000000
1769 -1252.0000000000
1771 -1251.0000000000
1777 -1250.0000000000
1779 -1249.0000000000
1780 -1248.0000000000
1781 -1247.0000000000
1792 -1246.0000000000
1794 -1245.0000000000
1795 -1244.0000000000
1797 -1243.0000000000
1798 -1242.0000000000
1803 -1241.0000000000
1805 -1240.0000000000
1806 -1239.0000000000
1807 -1238.0000000000
1808 -1237.0000000000
1810 -1236.0000000000
1813 -1235.0000000000
1814 -1234.0000000000
1819 -1233.0000000000
1820 -1232.0000000000
1822 -1231.0000000000
1824 -1230.0000000000
1829 -1229.0000000000
1830 -1228.0000000000
1831 -1227.0000000000
1837 -1226.0000000000
1838 -1225.0000000000
1842 -1224.0000000000
1844 -1223.0000000000
1846 -1222.0000000000
1848 -1221.0000000000
1850 -1220.0000000000
1851 -1219.0000000000
1854 -1218.0000000000
1860 -1217.0000000000
1867 -1216.0000000000
1875 -1215.0000000000
1876 -1214.0000000000
1877 -1213.0000000000
1878 -1212.0000000000
1879 -1211.0000000000
1885 -1210.0000000000
1887 -1209.0000000000
1889 -1208.0000000000
1891 -1207.0000000000
1896 -1206.0000000000
1903 -1205.0000000000
1905 -1204.0000000000
1907 -1203.0000000000
1909 -1202.0000000000
1910 -1201.0000000000
1915 -1200.0000000000
1917 -1199.0000000000
1919 -1198.0000000000
1922 -1197.0000000000
1924 -1196.0000000000
1928 -1195.0000000000
1940 -1194.0000000000
1941 -1193.0000000000
1942 -1192.0000000000
1946 -1191.0000000000
1950 -1190.0000000000
1955 -1189.0000000000
1958 -1188.0000000000
1964 -1187.0000000000
1972 -1186.0000000000
1973 -1185.0000000000
1975 -1184.0000000000
1979 -1183.0000000000
1981 -1182.0000000000
1982 -1181.0000000000
1984 -1180.0000000000
1991 -1179.0000000000
1996 -1178.0000000000
1997 -1177.0000000000
2000 -1176.0000000000
2002 -1175.0000000000
2005 -1174.0000000000
2006 -1173.0000000000
2013 -1172.0000000000
2016 -1171.0000000000
2018 -1170.0000000000
2020 -1169.0000000000
2021 -1168.0000000000
2023 -1167.0000000000
2027 -1166.0000000000
2028 -1165.0000000000
2034 -1164.0000000000
2038 -1163.0000000000
2043 -1162.0000000000
2045 -1161.0000000000
2047 -1160.0000000000
2048 -1159.0000000000
2050 -1158.0000000000
2055 -1157.0000000000
2057 -1156.0000000000
2060 -1155.0000000000
2063 -1154.0000000000
2066 -1153.0000000000
2070 -1152.0000000000
2072 -1151.0000000000
2073 -1150.0000000000
2075 -1149.0000000000
2078 -1148.0000000000
2081 -1147.0000000000
2085 -1146.0000000000
2087 -1145.0000000000
2099 -1144.0000000000
2100 -1143.0000000000
2102 -1142.0000000000
2107 -1141.0000000000
2110 -1140.0000000000
2117 -1139.0000000000
2118 -1138.0000000000
2128 -1137.0000000000
2129 -1136.0000000000
2133 -1135.0000000000
2134 -1134.0000000000
2135 -1133.0000000000
2147 -1132.0000000000
2152 -1131.0000000000
2154 -1130.0000000000
2155 -1129.0000000000
2158 -1128.0000000000
2161 -1127.0000000000
2162 -1126.0000000000
2163 -1125.0000000000
2164 -1124.0000000000
2165 -1123.0000000000
2166 -1122.0000000000
2169 -1121.0000000000
2170 -1120.0000000000
2171 -1119.0000000000
2175 -1118.0000000000
2177 -1117.0000000000
2184 -1116.0000000000
2188 -1115.0000000000
2205 -1114.0000000000
2206 -1113.0000000000
2213 -1112.0000000000
2215 -1111.0000000000
2216 -1110.0000000000
2217 -1109.0000000000
2218 -1108.0000000000
2219 -1107.0000000000
2223 -1106.0000000000
2226 -1105.0000000000
2231 -1104.0000000000
2232 -1103.0000000000
2235 -1102.0000000000
2237 -1101.0000000000
2239 -1100.0000000000
2247 -1099.0000000000
2249 -1098.0000000000
2250 -1097.0000000000
2253 -1096.0000000000
2255 -1095.0000000000
2256 -1094.0000000000
2258 -1093.0000000000
2259 -1092.0000000000
2261 -1091.0000000000
2263 -1090.0000000000
2264 -1089.0000000000
2278 -1088.0000000000
2283 -1087.0000000000
2285 -1086.0000000000
2286 -1085.0000000000
2295 -1084.0000000000
2304 -1083.0000000000
2307 -1082.0000000000
2308 -1081.0000000000
2309 -1080.0000000000
2313 -1079.0000000000
2323 -1078.0000000000
2332 -1077.0000000000
2334 -1076.0000000000
2335 -1075.0000000000
2336 -1074.0000000000
2337 -1073.0000000000
2340 -1072.0000000000
2345 -1071.0000000000
2346 -1070.0000000000
2350 -1069.0000000000
2353 -1068.0000000000
2356 -1067.0000000000
2363 -1066.0000000000
2366 -1065.0000000000
2368 -1064.0000000000
2373 -1063.0000000000
2377 -1062.0000000000
2378 -1061.0000000000
2381 -1060.0000000000
2386 -1059.0000000000
2387 -1058.0000000000
2388 -1057.0000000000
2391 -1056.0000000000
2394 -1055.0000000000
2395 -1054.0000000000
2396 -1053.0000000000
2402 -1052.0000000000
2403 -1051.0000000000
2404 -1050.0000000000
2405 -1049.0000000000
2409 -1048.0000000000
2413 -1047.0000000000
2416 -1046.0000000000
2419 -1045.0000000000
2422 -1044.0000000000
2426 -1043.0000000000
2431 -1042.0000000000
2432 -1041.0000000000
2433 -1040.0000000000
2436 -1039.0000000000
2441 -1038.0000000000
2444 -1037.0000000000
2446 -1036.0000000000
2448 -1035.0000000000
2449 -1034.0000000000
2459 -1033.0000000000
2464 -1032.0000000000
2468 -1031.0000000000
2469 -1030.0000000000
2470 -1029.0000000000
2471 -1028.0000000000
2478 -1027.0000000000
2485 -1026.0000000000
2490 -1025.0000000000
2491 -1024.0000000000
2492 -1023.0000000000
2495 -1022.0000000000
2496 -1021.0000000000
2499 -1020.0000000000
2500 -1019.0000000000
2506 -1018.0000000000
2508 -1017.0000000000
2511 -1016.0000000000
2524 -1015.0000000000
2530 -1014.0000000000
2531 -1013.0000000000
2533 -1012.0000000000
2539 -1011.0000000000
2540 -1010.0000000000
2542 -1009.0000000000
2547 -1008.0000000000
2556 -1007.0000000000
2561 -1006.0000000000
2565 -1005.0000000000
2570 -1004.0000000000
2572 -1003.0000000000
2576 -1002.0000000000
2579 -1001.0000000000
2582 -1000.0000000000
2586 -999.0000000000
2589 -998.0000000000
2593 -997.0000000000
2594 -996.0000000000
2595 -995.0000000000
2597 -994.0000000000
2602 -993.0000000000
2603 -992.0000000000
2604 -991.0000000000
2606 -990.0000000000
2613 -989.0000000000
2625 -988.0000000000
2626 -987.0000000000
2631 -986.0000000000
2639 -985.0000000000
2647 -984.0000000000
2648 -983.0000000000
2653 -982.0000000000
2655 -981.0000000000
2657 -980.0000000000
2661 -979.0000000000
2664 -978.0000000000
2669 -977.0000000000
2670 -976.0000000000
2671 -975.0000000000
2672 -974.0000000000
2676 -973.0000000000
2684 -972.0000000000
2685 -971.0000000000
2688 -970.0000000000
2709 -969.0000000000
2714 -968.0000000000
2721 -967.0000000000
2728 -966.0000000000
2734 -965.0000000000
2735 -964.0000000000
2738 -963.0000000000
2740 -962.0000000000
2743 -961.0000000000
2747 -960.0000000000
2750 -959.0000000000
2755 -958.0000000000
2758 -957.0000000000
2760 -956.0000000000
2764 -955.0000000000
2770 -954.0000000000
2776 -953.0000000000
2778 -952.0000000000
2780 -951.0000000000
2782 -950.0000000000
2788 -949.0000000000
2789 -948.0000000000
2797 -947.0000000000
2798 -946.0000000000
2802 -945.0000000000
2808 -944.0000000000
2809 -943.0000000000
2811 -942.0000000000
2823 -941.0000000000
2824 -940.0000000000
2828 -939.0000000000
2829 -938.0000000000
2835 -937.0000000000
2839 -936.0000000000
2840 -935.0000000000
2844 -934.0000000000
2846 -933.0000000000
2847 -932.0000000000
2850 -931.0000000000
2852 -930.0000000000
2855 -929.0000000000
2856 -928.0000000000
2860 -927.0000000000
2862 -926.0000000000
2871 -925.0000000000
2877 -924.0000000000
2886 -923.0000000000
2900 -922.0000000000
2902 -921.0000000000
2904 -920.0000000000
2912 -919.0000000000
2917 -918.0000000000
2929 -917.0000000000
2939 -916.0000000000
2942 -915.0000000000
2944 -914.0000000000
2952 -913.0000000000
2953 -912.0000000000
2956 -911.0000000000
2963 -910.0000000000
2971 -909.0000000000
2975 -908.0000000000
2976 -907.0000000000
2984 -906.0000000000
2987 -905.0000000000
2990 -904.0000000000
2992 -903.0000000000
2994 -902.0000000000
2996 -901.0000000000
2997 -900.0000000000
3005 -899.0000000000
3006 -898.0000000000
3009 -897.0000000000
3011 -896.0000000000
3014 -895.0000000000
3020 -894.0000000000
3021 -893.0000000000
3031 -892.0000000000
3032 -891.0000000000
3034 -890.0000000000
3038 -889.0000000000
3043 -888.0000000000
3044 -887.0000000000
3045 -886.0000000000
3051 -885.0000000000
3068 -884.0000000000
3073 -883.0000000000
3074 -882.0000000000
3075 -881.0000000000
3078 -880.0000000000
3081 -879.0000000000
3091 -878.0000000000
3096 -877.0000000000
3097 -876.0000000000
3100 -875.0000000000
3104 -874.0000000000
3107 -873.0000000000
3119 -872.0000000000
3121 -871.0000000000
3130 -870.0000000000
3131 -869.0000000000
3133 -868.0000000000
3135 -867.0000000000
3138 -866.0000000000
3142 -865.0000000000
3148 -864.0000000000
3149 -863.0000000000
3158 -862.0000000000
3159 -861.0000000000
3167 -860.0000000000
3174 -859.0000000000
3177 -858.0000000000
3179 -857.0000000000
3185 -856.0000000000
3197 -855.0000000000
3200 -854.0000000000
3202 -853.0000000000
3206 -852.0000000000
3208 -851.0000000000
3211 -850.0000000000
3212 -849.0000000000
3214 -848.0000000000
3232 -847.0000000000
3238 -846.0000000000
3239 -845.0000000000
3240 -844.0000000000
3244 -843.0000000000
3247 -842.0000000000
3252 -841.0000000000
3253 -840.0000000000
3254 -839.0000000000
3255 -838.0000000000
3256 -837.0000000000
3259 -836.0000000000
3260 -835.0000000000
3264 -834.0000000000
3267 -833.0000000000
3272 -832.0000000000
3279 -831.0000000000
3285 -830.0000000000
3288 -829.0000000000
3300 -828.0000000000
3303 -827.0000000000
3307 -826.0000000000
3308 -825.0000000000
3310 -824.0000000000
3311 -823.0000000000
3314 -822.0000000000
3319 -821.0000000000
3321 -820.0000000000
3325 -819.0000000000
3334 -818.0000000000
3346 -817.0000000000
3347 -816.0000000000
3353 -815.0000000000
3360 -814.0000000000
3366 -813.0000000000
3368 -812.0000000000
3382 -811.0000000000
3384 -810.0000000000
3385 -809.0000000000
3391 -808.0000000000
3395 -807.0000000000
3396 -806.0000000000
3397 -805.0000000000
3405 -804.0000000000
3411 -803.0000000000
3414 -802.0000000000
3417 -801.0000000000
3420 -800.0000000000
3429 -799.0000000000
3436 -798.0000000000
3437 -797.0000000000
3449 -796.0000000000
3451 -795.0000000000
3460 -794.0000000000
3467 -793.0000000000
3469 -792.0000000000
3471 -791.0000000000
3472 -790.0000000000
3473 -789.0000000000
3482 -788.0000000000
3485 -787.0000000000
3488 -786.0000000000
3490 -785.0000000000
3495 -784.0000000000
3509 -783.0000000000
3513 -782.0000000000
3520 -781.0000000000
3522 -780.0000000000
3534 -779.0000000000
3535 -778.0000000000
3536 -777.0000000000
3538 -776.0000000000
3543 -775.0000000000
3550 -774.0000000000
3557 -773.0000000000
3560 -772.0000000000
3565 -771.0000000000
3573 -770.0000000000
3574 -769.0000000000
3576 -768.0000000000
3578 -767.0000000000
3588 -766.0000000000
3590 -765.0000000000
3592 -764.0000000000
3595 -763.0000000000
3605 -762.0000000000
3612 -761.0000000000
3613 -760.0000000000
3615 -759.0000000000
3616 -758.0000000000
3617 -757.0000000000
3631 -756.0000000000
3633 -755.0000000000
3635 -754.0000000000
3639 -753.0000000000
3642 -752.0000000000
3643 -751.0000000000
3652 -750.0000000000
3664 -749.0000000000
3670 -748.0000000000
3686 -747.0000000000
3689 -746.0000000000
3690 -745.0000000000
3691 -744.0000000000
3692 -743.0000000000
3699 -742.0000000000
3700 -741.0000000000
3704 -740.0000000000
3710 -739.0000000000
3713 -738.0000000000
3717 -737.0000000000
3724 -736.0000000000
3734 -735.0000000000
3738 -734.0000000000
3739 -733.0000000000
3749 -732.0000000000
3750 -731.0000000000
3757 -730.0000000000
3760 -729.0000000000
3776 -728.0000000000
3782 -727.0000000000
3785 -726.0000000000
3805 -725.0000000000
3808 -724.0000000000
3810 -723.0000000000
3813 -722.0000000000
3815 -721.0000000000
3818 -720.0000000000
3819 -719.0000000000
3833 -718.0000000000
3839 -717.0000000000
3852 -716.0000000000
3853 -715.0000000000
3854 -714.0000000000
3856 -713.0000000000
3860 -712.0000000000
3862 -711.0000000000
3865 -710.0000000000
3874 -709.0000000000
3881 -708.0000000000
3889 -707.0000000000
3891 -706.0000000000
3895 -705.0000000000
3898 -704.0000000000
3899 -703.0000000000
3900 -702.0000000000
3907 -701.0000000000
3908 -700.0000000000
3911 -699.0000000000
3921 -698.0000000000
3923 -697.0000000000
3935 -696.0000000000
3951 -695.0000000000
3960 -694.0000000000
3963 -693.0000000000
3979 -692.0000000000
3986 -691.0000000000
3987 -690.0000000000
3993 -689.0000000000
3998 -688.0000000000
3999 -687.0000000000
4002 -686.0000000000
4008 -685.0000000000
4019 -684.0000000000
4021 -683.0000000000
4022 -682.0000000000
4024 -681.0000000000
4029 -680.0000000000
4032 -679.0000000000
4040 -678.0000000000
4041 -677.0000000000
4043 -676.0000000000
4053 -675.0000000000
4058 -674.0000000000
4061 -673.0000000000
4063 -672.0000000000
4076 -671.0000000000
4080 -670.0000000000
4087 -669.0000000000
4088 -668.0000000000
4092 -667.0000000000
4098 -666.0000000000
4131 -665.0000000000
4135 -664.0000000000
4140 -663.0000000000
4143 -662.0000000000
4145 -661.0000000000
4146 -660.0000000000
4152 -659.0000000000
4159 -658.0000000000
4164 -657.0000000000
4167 -656.0000000000
4172 -655.0000000000
4178 -654.0000000000
4182 -653.0000000000
4192 -652.0000000000
4195 -651.0000000000
4196 -650.0000000000
4201 -649.0000000000
4204 -648.0000000000
4211 -647.0000000000
4217 -646.0000000000
4221 -645.0000000000
4230 -644.0000000000
4238 -643.0000000000
4248 -642.0000000000
4252 -641.0000000000
4262 -640.0000000000
4264 -639.0000000000
4266 -638.0000000000
4269 -637.0000000000
4272 -636.0000000000
4276 -635.0000000000
4279 -634.0000000000
4284 -633.0000000000
4289 -632.0000000000
4294 -631.0000000000
4301 -630.0000000000
4305 -629.0000000000
4314 -628.0000000000
4315 -627.0000000000
4329 -626.0000000000
4331 -625.0000000000
4332 -624.0000000000
4343 -623.0000000000
4345 -622.0000000000
4355 -621.0000000000
4359 -620.0000000000
4364 -619.0000000000
4370 -618.0000000000
4373 -617.0000000000
4383 -616.0000000000
4385 -615.0000000000
4388 -614.0000000000
4392 -613.0000000000
4397 -612.0000000000
4399 -611.0000000000
4424 -610.0000000000
4428 -609.0000000000
4437 -608.0000000000
4453 -607.0000000000
4473 -606.0000000000
4484 -605.0000000000
4486 -604.0000000000
4501 -603.0000000000
4504 -602.0000000000
4512 -601.0000000000
4517 -600.0000000000
4529 -599.0000000000
4531 -598.0000000000
4535 -597.0000000000
4541 -596.0000000000
4542 -595.0000000000
4543 -594.0000000000
4546 -593.0000000000
4548 -592.0000000000
4584 -591.0000000000
4587 -590.0000000000
4598 -589.0000000000
4602 -588.0000000000
4611 -587.0000000000
4616 -586.0000000000
4617 -585.0000000000
4627 -584.0000000000
4630 -583.0000000000
4641 -582.0000000000
4648 -581.0000000000
4661 -580.0000000000
4672 -579.0000000000
4674 -578.0000000000
4681 -577.0000000000
4690 -576.0000000000
4698 -575.0000000000
4704 -574.0000000000
4721 -573.0000000000
4727 -572.0000000000
4745 -571.0000000000
4747 -570.0000000000
4754 -569.0000000000
4756 -568.0000000000
4760 -567.0000000000
4763 -566.0000000000
4772 -565.0000000000
4780 -564.0000000000
4784 -563.0000000000
4793 -562.0000000000
4794 -561.0000000000
4795 -560.0000000000
4796 -559.0000000000
4803 -558.0000000000
4815 -557.0000000000
4819 -556.0000000000
4850 -555.0000000000
4856 -554.0000000000
4858 -553.0000000000
4860 -552.0000000000
4864 -551.0000000000
4868 -550.0000000000
4919 -549.0000000000
4927 -548.0000000000
4929 -547.0000000000
4930 -546.0000000000
4936 -545.0000000000
4950 -544.0000000000
4951 -543.0000000000
4955 -542.0000000000
4968 -541.0000000000
4974 -540.0000000000
4983 -539.0000000000
4990 -538.0000000000
4999 -537.0000000000
5000 -536.0000000000
5009 -535.0000000000
5025 -534.0000000000
5033 -533.0000000000
5036 -532.0000000000
5038 -531.0000000000
5046 -530.0000000000
5058 -529.0000000000
5059 -528.0000000000
5068 -527.0000000000
5069 -526.0000000000
5072 -525.0000000000
5073 -524.0000000000
5076 -523.0000000000
5082 -522.0000000000
5096 -521.0000000000
5099 -520.0000000000
5100 -519.0000000000
5102 -518.0000000000
5103 -517.0000000000
5113 -516.0000000000
5115 -515.0000000000
5143 -514.0000000000
5146 -513.0000000000
5151 -512.0000000000
5155 -511.0000000000
5162 -510.0000000000
5176 -509.0000000000
5193 -508.0000000000
5201 -507.0000000000
5203 -506.0000000000
5213 -505.0000000000
5214 -504.0000000000
5220 -503.0000000000
5223 -502.0000000000
5229 -501.0000000000
5230 -500.0000000000
5243 -499.0000000000
5248 -498.0000000000
5258 -497.0000000000
5284 -496.0000000000
5289 -495.0000000000
5309 -494.0000000000
5313 -493.0000000000
5323 -492.0000000000
5331 -491.0000000000
5336 -490.0000000000
5338 -489.0000000000
5341 -488.0000000000
5345 -487.0000000000
5350 -486.0000000000
5363 -485.0000000000
5370 -484.0000000000
5371 -483.0000000000
5379 -482.0000000000
5381 -481.0000000000
5397 -480.0000000000
5406 -479.0000000000
5410 -478.0000000000
5417 -477.0000000000
5418 -476.0000000000
5431 -475.0000000000
5460 -474.0000000000
5469 -473.0000000000
5481 -472.0000000000
5491 -471.0000000000
5497 -470.0000000000
5508 -469.0000000000
5513 -468.0000000000
5518 -467.0000000000
5529 -466.0000000000
5532 -465.0000000000
5538 -464.0000000000
5543 -463.0000000000
5548 -462.0000000000
5549 -461.0000000000
5552 -460.0000000000
5554 -459.0000000000
5559 -458.0000000000
5562 -457.0000000000
5579 -456.0000000000
5596 -455.0000000000
5598 -454.0000000000
5602 -453.0000000000
5604 -452.0000000000
5609 -451.0000000000
5613 -450.0000000000
5624 -449.0000000000
5635 -448.0000000000
5648 -447.0000000000
5663 -446.0000000000
5667 -445.0000000000
5669 -444.0000000000
5677 -443.0000000000
5681 -442.0000000000
5695 -441.0000000000
5702 -440.0000000000
5711 -439.0000000000
5719 -438.0000000000
5720 -437.0000000000
5724 -436.0000000000
5728 -435.0000000000
5738 -434.0000000000
5743 -433.0000000000
5753 -432.0000000000
5759 -431.0000000000
5770 -430.0000000000
5792 -429.0000000000
5793 -428.0000000000
5795 -427.0000000000
5797 -426.0000000000
5802 -425.0000000000
5817 -424.0000000000
5827 -423.0000000000
5833 -422.0000000000
5837 -421.0000000000
5862 -420.0000000000
5881 -419.0000000000
5886 -418.0000000000
5901 -417.0000000000
5907 -416.0000000000
5912 -415.0000000000
5917 -414.0000000000
5918 -413.0000000000
5921 -412.0000000000
5932 -411.0000000000
5940 -410.0000000000
5943 -409.0000000000
5951 -408.0000000000
5958 -407.0000000000
5984 -406.0000000000
5985 -405.0000000000
5986 -404.0000000000
5989 -403.0000000000
5996 -402.0000000000
6005 -401.0000000000
6023 -400.0000000000
6030 -399.0000000000
6047 -398.0000000000
6065 -397.0000000000
6072 -396.0000000000
6076 -395.0000000000
6077 -394.0000000000
6094 -393.0000000000
6097 -392.0000000000
6099 -391.0000000000
6115 -390.0000000000
6127 -389.0000000000
6134 -388.0000000000
6141 -387.0000000000
6142 -386.0000000000
6159 -385.0000000000
6167 -384.0000000000
6175 -383.0000000000
6197 -382.0000000000
6214 -381.0000000000
6234 -380.0000000000
6237 -379.0000000000
6250 -378.0000000000
6252 -377.0000000000
6258 -376.0000000000
6262 -375.0000000000
6263 -374.0000000000
6277 -373.0000000000
6278 -372.0000000000
6285 -371.0000000000
6287 -370.0000000000
6303 -369.0000000000
6316 -368.0000000000
6320 -367.0000000000
6333 -366.0000000000
6344 -365.0000000000
6345 -364.0000000000
6349 -363.0000000000
6355 -362.0000000000
6363 -361.0000000000
6364 -360.0000000000
6396 -359.0000000000
6397 -358.0000000000
6399 -357.0000000000
6413 -356.0000000000
6436 -355.0000000000
6438 -354.0000000000
6445 -353.0000000000
6452 -352.0000000000
6460 -351.0000000000
6469 -350.0000000000
6476 -349.0000000000
6497 -348.0000000000
6502 -347.0000000000
6506 -346.0000000000
6512 -345.0000000000
6514 -344.0000000000
6515 -343.0000000000
6517 -342.0000000000
6524 -341.0000000000
6526 -340.0000000000
6529 -339.0000000000
6535 -338.0000000000
6541 -337.0000000000
6548 -336.0000000000
6554 -335.0000000000
6556 -334.0000000000
6580 -333.0000000000
6583 -332.0000000000
6598 -331.0000000000
6601 -330.0000000000
6610 -329.0000000000
6621 -328.0000000000
6624 -327.0000000000
6649 -326.0000000000
6661 -325.0000000000
6680 -324.0000000000
6698 -323.0000000000
6704 -322.0000000000
6736 -321.0000000000
6738 -320.0000000000
6739 -319.0000000000
6741 -318.0000000000
6743 -317.0000000000
6754 -316.0000000000
6767 -315.0000000000
6775 -314.0000000000
6786 -313.0000000000
6807 -312.0000000000
6810 -311.0000000000
6811 -310.0000000000
6820 -309.0000000000
6833 -308.0000000000
6838 -307.0000000000
6856 -306.0000000000
6875 -305.0000000000
6880 -304.0000000000
6886 -303.0000000000
6895 -302.0000000000
6905 -301.0000000000
6936 -300.0000000000
6944 -299.0000000000
6957 -298.0000000000
6960 -297.0000000000
6963 -296.0000000000
6964 -295.0000000000
6981 -294.0000000000
7003 -293.0000000000
7013 -292.0000000000
7021 -291.0000000000
7027 -290.0000000000
7057 -289.0000000000
7058 -288.0000000000
7063 -287.0000000000
7066 -286.0000000000
7083 -285.0000000000
7095 -284.0000000000
7111 -283.0000000000
7122 -282.0000000000
7139 -281.0000000000
7149 -280.0000000000
7154 -279.0000000000
7168 -278.0000000000
7182 -277.0000000000
7200 -276.0000000000
7203 -275.0000000000
7205 -274.0000000000
7224 -273.0000000000
7229 -272.0000000000
7232 -271.0000000000
7256 -270.0000000000
7258 -269.0000000000
7260 -268.0000000000
7261 -267.0000000000
7288 -266.0000000000
7299 -265.0000000000
7301 -264.0000000000
7311 -263.0000000000
7331 -262.0000000000
7347 -261.0000000000
7361 -260.0000000000
7369 -259.0000000000
7375 -258.0000000000
7392 -257.0000000000
7393 -256.0000000000
7401 -255.0000000000
7426 -254.0000000000
7440 -253.0000000000
7446 -252.0000000000
7458 -251.0000000000
7460 -250.0000000000
7471 -249.0000000000
7478 -248.0000000000
7513 -247.0000000000
7518 -246.0000000000
7524 -245.0000000000
7526 -244.0000000000
7531 -243.0000000000
7538 -242.0000000000
7549 -241.0000000000
7569 -240.0000000000
7570 -239.0000000000
7580 -238.0000000000
7594 -237.0000000000
7598 -236.0000000000
7604 -235.0000000000
7605 -234.0000000000
7613 -233.0000000000
7632 -232.0000000000
7633 -231.0000000000
7635 -230.0000000000
7643 -229.0000000000
7650 -228.0000000000
7653 -227.0000000000
7664 -226.0000000000
7680 -225.0000000000
7705 -224.0000000000
7706 -223.0000000000
7709 -222.0000000000
7710 -221.0000000000
7747 -220.0000000000
7756 -219.0000000000
7758 -218.0000000000
7801 -217.0000000000
7814 -216.0000000000
7815 -215.0000000000
7817 -214.0000000000
7822 -213.0000000000
7826 -212.0000000000
7829 -211.0000000000
7866 -210.0000000000
7874 -209.0000000000
7892 -208.0000000000
7899 -207.0000000000
7912 -206.0000000000
7919 -205.0000000000
7924 -204.0000000000
7941 -203.0000000000
7984 -202.0000000000
8010 -201.0000000000
8030 -200.0000000000
8052 -199.0000000000
8068 -198.0000000000
8115 -197.0000000000
8117 -196.0000000000
8155 -195.0000000000
8216 -194.0000000000
8223 -193.0000000000
8228 -192.0000000000
8244 -191.0000000000
8247 -190.0000000000
8268 -189.0000000000
8278 -188.0000000000
8286 -187.0000000000
8295 -186.0000000000
8301 -185.0000000000
8309 -184.0000000000
8355 -183.0000000000
8378 -182.0000000000
8400 -181.0000000000
8440 -180.0000000000
8445 -179.0000000000
8451 -178.0000000000
8456 -177.0000000000
8460 -176.0000000000
8473 -175.0000000000
8504 -174.0000000000
8563 -173.0000000000
8570 -172.0000000000
8579 -171.0000000000
8597 -170.0000000000
8611 -169.0000000000
8618 -168.0000000000
8649 -167.0000000000
8657 -166.0000000000
8659 -165.0000000000
8685 -164.0000000000
8697 -163.0000000000
8747 -162.0000000000
8760 -161.0000000000
8769 -160.0000000000
8813 -159.0000000000
8829 -158.0000000000
8838 -157.0000000000
8866 -156.0000000000
8869 -155.0000000000
8875 -154.0000000000
8895 -153.0000000000
8922 -152.0000000000
8938 -151.0000000000
9013 -150.0000000000
9068 -149.0000000000
9094 -148.0000000000
9101 -147.0000000000
9123 -146.0000000000
9161 -145.0000000000
9187 -144.0000000000
9210 -143.0000000000
9212 -142.0000000000
9236 -141.0000000000
9270 -140.0000000000
9278 -139.0000000000
9313 -138.0000000000
9322 -137.0000000000
9325 -136.0000000000
9336 -135.0000000000
9388 -134.0000000000
9389 -133.0000000000
9417 -132.0000000000
9418 -131.0000000000
9438 -130.0000000000
9472 -129.0000000000
9485 -128.0000000000
9496 -127.0000000000
9541 -126.0000000000
9546 -125.0000000000
9569 -124.0000000000
9575 -123.0000000000
9613 -122.0000000000
9615 -121.0000000000
9616 -120.0000000000
9651 -119.0000000000
9654 -118.0000000000
9693 -117.0000000000
9697 -116.0000000000
9724 -115.0000000000
9738 -114.0000000000
9786 -113.0000000000
9801 -112.0000000000
9806 -111.0000000000
9835 -110.0000000000
9881 -109.0000000000
9917 -108.0000000000
9936 -107.0000000000
9954 -106.0000000000
10000 -107.0000000000
