evaluations raw_y
1 -2031.0000000000
3 -2030.0000000000
4 -2028.0000000000
7 -2027.0000000000
16 -2026.0000000000
17 -2025.0000000000
18 -2024.0000000000
21 -2023.0000000000
24 -2022.0000000000
29 -2021.0000000000
32 -2020.0000000000
33 -2019.0000000000
38 -2017.0000000000
41 -2016.0000000000
42 -2015.0000000000
43 -2014.0000000000
44 -2013.0000000000
45 -2012.0000000000
46 -2011.0000000000
48 -2010.0000000000
49 -2009.0000000000
51 -2008.0000000000
54 -2007.0000000000
56 -2006.0000000000
57 -2005.0000000000
61 -2004.0000000000
62 -2003.0000000000
66 -2002.0000000000
71 -2001.0000000000
72 -2000.0000000000
78 -1999.0000000000
79 -1998.0000000000
80 -1997.0000000000
83 -1995.0000000000
86 -1994.0000000000
90 -1993.0000000000
93 -1992.0000000000
94 -1991.0000000000
99 -1990.0000000000
100 -1989.0000000000
102 -1988.0000000000
105 -1987.0000000000
106 -1984.0000000000
108 -1983.0000000000
111 -1982.0000000000
113 -1981.0000000000
115 -1980.0000000000
123 -1979.0000000000
125 -1978.0000000000
128 -1977.0000000000
130 -1976.0000000000
132 -1975.0000000000
133 -1974.0000000000
134 -1973.0000000000
135 -1972.0000000000
136 -1970.0000000000
137 -1969.0000000000
139 -1968.0000000000
140 -1967.0000000000
141 -1966.0000000000
143 -1965.0000000000
144 -1963.0000000000
146 -1961.0000000000
149 -1960.0000000000
150 -1959.0000000000
152 -1958.0000000000
153 -1957.0000000000
155 -1956.0000000000
156 -1954.0000000000
159 -1953.0000000000
161 -1952.0000000000
164 -1951.0000000000
168 -1950.0000000000
176 -1949.0000000000
179 -1948.0000000000
186 -1947.0000000000
187 -1946.0000000000
188 -1945.0000000000
191 -1944.0000000000
192 -1943.0000000000
193 -1942.0000000000
196 -1940.0000000000
202 -1939.0000000000
204 -1938.0000000000
205 -1937.0000000000
206 -1936.0000000000
208 -1935.0000000000
210 -1934.0000000000
213 -1933.0000000000
214 -1932.0000000000
217 -1930.0000000000
219 -1928.0000000000
220 -1927.0000000000
221 -1926.0000000000
222 -1925.0000000000
224 -1923.0000000000
226 -1922.0000000000
230 -1921.0000000000
231 -1920.0000000000
233 -1919.0000000000
237 -1918.0000000000
238 -1917.0000000000
239 -1915.0000000000
244 -1913.0000000000
246 -1912.0000000000
247 -1911.0000000000
253 -1910.0000000000
255 -1909.0000000000
256 -1908.0000000000
258 -1907.0000000000
259 -1906.0000000000
260 -1905.0000000000
266 -1904.0000000000
267 -1903.0000000000
268 -1902.0000000000
269 -1901.0000000000
271 -1900.0000000000
273 -1899.0000000000
278 -1898.0000000000
288 -1897.0000000000
290 -1896.0000000000
291 -1895.0000000000
293 -1894.0000000000
298 -1892.0000000000
299 -1891.0000000000
300 -1889.0000000000
301 -1888.0000000000
302 -1887.0000000000
303 -1886.0000000000
304 -1884.0000000000
306 -1883.0000000000
311 -1882.0000000000
315 -1881.0000000000
319 -1880.0000000000
322 -1879.0000000000
323 -1878.0000000000
324 -1877.0000000000
325 -1876.0000000000
326 -1875.0000000000
335 -1873.0000000000
338 -1872.0000000000
340 -1871.0000000000
341 -1870.0000000000
343 -1869.0000000000
345 -1867.0000000000
347 -1865.0000000000
348 -1864.0000000000
349 -1863.0000000000
352 -1862.0000000000
353 -1859.0000000000
354 -1858.0000000000
355 -1856.0000000000
356 -1855.0000000000
359 -1853.0000000000
360 -1851.0000000000
361 -1850.0000000000
363 -1849.0000000000
364 -1848.0000000000
370 -1847.0000000000
373 -1846.0000000000
377 -1845.0000000000
378 -1844.0000000000
379 -1843.0000000000
381 -1842.0000000000
383 -1840.0000000000
384 -1839.0000000000
385 -1838.0000000000
389 -1837.0000000000
390 -1836.0000000000
391 -1832.0000000000
394 -1831.0000000000
397 -1830.0000000000
399 -1829.0000000000
402 -1828.0000000000
403 -1827.0000000000
404 -1826.0000000000
405 -1825.0000000000
413 -1824.0000000000
416 -1823.0000000000
419 -1822.0000000000
425 -1821.0000000000
427 -1820.0000000000
428 -1818.0000000000
431 -1817.0000000000
434 -1816.0000000000
441 -1815.0000000000
442 -1814.0000000000
443 -1813.0000000000
445 -1812.0000000000
447 -1811.0000000000
449 -1810.0000000000
451 -1809.0000000000
452 -1808.0000000000
454 -1807.0000000000
456 -1806.0000000000
458 -1805.0000000000
459 -1804.0000000000
462 -1803.0000000000
463 -1802.0000000000
465 -1801.0000000000
466 -1800.0000000000
467 -1799.0000000000
475 -1798.0000000000
477 -1797.0000000000
480 -1796.0000000000
481 -1795.0000000000
482 -1793.0000000000
485 -1792.0000000000
487 -1791.0000000000
488 -1790.0000000000
489 -1789.0000000000
491 -1787.0000000000
493 -1786.0000000000
494 -1785.0000000000
495 -1784.0000000000
496 -1783.0000000000
497 -1782.0000000000
498 -1779.0000000000
501 -1778.0000000000
502 -1777.0000000000
504 -1776.0000000000
505 -1775.0000000000
508 -1774.0000000000
514 -1773.0000000000
516 -1772.0000000000
519 -1771.0000000000
520 -1770.0000000000
523 -1769.0000000000
525 -1768.0000000000
533 -1767.0000000000
536 -1766.0000000000
538 -1765.0000000000
539 -1764.0000000000
543 -1763.0000000000
545 -1761.0000000000
550 -1760.0000000000
551 -1759.0000000000
552 -1758.0000000000
557 -1757.0000000000
558 -1756.0000000000
559 -1755.0000000000
561 -1754.0000000000
566 -1753.0000000000
567 -1752.0000000000
572 -1751.0000000000
573 -1750.0000000000
581 -1749.0000000000
585 -1748.0000000000
592 -1747.0000000000
594 -1746.0000000000
597 -1745.0000000000
599 -1743.0000000000
601 -1741.0000000000
602 -1740.0000000000
605 -1739.0000000000
607 -1738.0000000000
608 -1737.0000000000
610 -1736.0000000000
611 -1735.0000000000
612 -1734.0000000000
613 -1733.0000000000
617 -1732.0000000000
620 -1731.0000000000
623 -1728.0000000000
624 -1727.0000000000
631 -1726.0000000000
632 -1725.0000000000
635 -1723.0000000000
639 -1721.0000000000
640 -1720.0000000000
641 -1719.0000000000
647 -1718.0000000000
651 -1717.0000000000
653 -1716.0000000000
657 -1715.0000000000
658 -1714.0000000000
659 -1711.0000000000
661 -1710.0000000000
663 -1709.0000000000
665 -1708.0000000000
666 -1707.0000000000
667 -1706.0000000000
669 -1705.0000000000
673 -1704.0000000000
684 -1703.0000000000
687 -1702.0000000000
693 -1701.0000000000
695 -1700.0000000000
696 -1698.0000000000
698 -1696.0000000000
699 -1695.0000000000
702 -1694.0000000000
707 -1693.0000000000
711 -1692.0000000000
712 -1691.0000000000
713 -1690.0000000000
720 -1689.0000000000
722 -1688.0000000000
726 -1687.0000000000
727 -1686.0000000000
732 -1685.0000000000
735 -1684.0000000000
739 -1683.0000000000
741 -1682.0000000000
746 -1681.0000000000
751 -1680.0000000000
752 -1679.0000000000
754 -1678.0000000000
757 -1677.0000000000
758 -1676.0000000000
759 -1675.0000000000
761 -1672.0000000000
762 -1671.0000000000
764 -1670.0000000000
766 -1669.0000000000
768 -1668.0000000000
773 -1667.0000000000
776 -1666.0000000000
778 -1665.0000000000
780 -1663.0000000000
781 -1662.0000000000
782 -1661.0000000000
783 -1660.0000000000
785 -1658.0000000000
787 -1657.0000000000
790 -1656.0000000000
791 -1655.0000000000
793 -1654.0000000000
795 -1653.0000000000
798 -1652.0000000000
802 -1651.0000000000
805 -1650.0000000000
806 -1649.0000000000
811 -1648.0000000000
813 -1647.0000000000
814 -1646.0000000000
815 -1645.0000000000
817 -1644.0000000000
818 -1642.0000000000
820 -1640.0000000000
822 -1639.0000000000
827 -1638.0000000000
830 -1637.0000000000
832 -1636.0000000000
835 -1635.0000000000
837 -1634.0000000000
839 -1632.0000000000
846 -1631.0000000000
847 -1630.0000000000
851 -1629.0000000000
852 -1628.0000000000
861 -1626.0000000000
863 -1625.0000000000
867 -1624.0000000000
869 -1623.0000000000
870 -1622.0000000000
872 -1620.0000000000
873 -1619.0000000000
874 -1618.0000000000
879 -1617.0000000000
883 -1616.0000000000
884 -1615.0000000000
887 -1614.0000000000
888 -1613.0000000000
890 -1612.0000000000
892 -1611.0000000000
895 -1610.0000000000
896 -1609.0000000000
903 -1608.0000000000
907 -1606.0000000000
909 -1605.0000000000
915 -1604.0000000000
918 -1603.0000000000
920 -1602.0000000000
925 -1600.0000000000
927 -1598.0000000000
930 -1596.0000000000
931 -1595.0000000000
932 -1594.0000000000
946 -1593.0000000000
949 -1592.0000000000
950 -1591.0000000000
954 -1590.0000000000
962 -1589.0000000000
965 -1588.0000000000
968 -1587.0000000000
971 -1586.0000000000
978 -1585.0000000000
979 -1584.0000000000
980 -1583.0000000000
981 -1582.0000000000
983 -1581.0000000000
986 -1580.0000000000
987 -1579.0000000000
989 -1578.0000000000
990 -1577.0000000000
991 -1576.0000000000
995 -1575.0000000000
996 -1574.0000000000
997 -1573.0000000000
998 -1572.0000000000
1004 -1570.0000000000
1009 -1569.0000000000
1010 -1568.0000000000
1011 -1567.0000000000
1012 -1566.0000000000
1015 -1565.0000000000
1018 -1564.0000000000
1019 -1563.0000000000
1020 -1562.0000000000
1021 -1561.0000000000
1022 -1560.0000000000
1024 -1558.0000000000
1025 -1557.0000000000
1026 -1556.0000000000
1027 -1555.0000000000
1029 -1554.0000000000
1031 -1553.0000000000
1032 -1552.0000000000
1034 -1550.0000000000
1037 -1549.0000000000
1045 -1548.0000000000
1046 -1547.0000000000
1047 -1546.0000000000
1048 -1545.0000000000
1049 -1543.0000000000
1055 -1542.0000000000
1057 -1541.0000000000
1064 -1540.0000000000
1065 -1539.0000000000
1066 -1538.0000000000
1067 -1537.0000000000
1071 -1536.0000000000
1073 -1535.0000000000
1077 -1534.0000000000
1080 -1533.0000000000
1082 -1532.0000000000
1086 -1531.0000000000
1088 -1530.0000000000
1091 -1529.0000000000
1092 -1528.0000000000
1093 -1527.0000000000
1094 -1526.0000000000
1098 -1525.0000000000
1099 -1523.0000000000
1102 -1522.0000000000
1111 -1521.0000000000
1113 -1520.0000000000
1116 -1519.0000000000
1126 -1518.0000000000
1131 -1517.0000000000
1136 -1516.0000000000
1137 -1515.0000000000
1140 -1513.0000000000
1141 -1511.0000000000
1145 -1510.0000000000
1148 -1509.0000000000
1152 -1508.0000000000
1158 -1507.0000000000
1160 -1506.0000000000
1162 -1505.0000000000
1164 -1504.0000000000
1166 -1503.0000000000
1168 -1502.0000000000
1171 -1501.0000000000
1172 -1500.0000000000
1175 -1499.0000000000
1176 -1498.0000000000
1179 -1497.0000000000
1181 -1495.0000000000
1183 -1494.0000000000
1185 -1492.0000000000
1186 -1491.0000000000
1198 -1490.0000000000
1201 -1489.0000000000
1202 -1488.0000000000
1204 -1487.0000000000
1205 -1484.0000000000
1215 -1483.0000000000
1216 -1482.0000000000
1221 -1481.0000000000
1222 -1480.0000000000
1223 -1478.0000000000
1224 -1477.0000000000
1226 -1476.0000000000
1232 -1475.0000000000
1241 -1474.0000000000
1242 -1473.0000000000
1245 -1472.0000000000
1247 -1471.0000000000
1250 -1470.0000000000
1252 -1469.0000000000
1261 -1467.0000000000
1263 -1466.0000000000
1264 -1465.0000000000
1268 -1464.0000000000
1276 -1463.0000000000
1281 -1462.0000000000
1282 -1461.0000000000
1283 -1460.0000000000
1284 -1459.0000000000
1285 -1458.0000000000
1290 -1457.0000000000
1294 -1456.0000000000
1295 -1455.0000000000
1302 -1454.0000000000
1304 -1453.0000000000
1308 -1452.0000000000
1309 -1451.0000000000
1310 -1450.0000000000
1311 -1449.0000000000
1316 -1446.0000000000
1323 -1445.0000000000
1326 -1444.0000000000
1330 -1443.0000000000
1331 -1442.0000000000
1333 -1441.0000000000
1336 -1440.0000000000
1338 -1439.0000000000
1344 -1438.0000000000
1347 -1437.0000000000
1348 -1436.0000000000
1356 -1435.0000000000
1357 -1434.0000000000
1358 -1433.0000000000
1360 -1432.0000000000
1361 -1431.0000000000
1363 -1430.0000000000
1366 -1428.0000000000
1371 -1427.0000000000
1374 -1426.0000000000
1381 -1425.0000000000
1390 -1424.0000000000
1391 -1423.0000000000
1397 -1422.0000000000
1399 -1421.0000000000
1402 -1420.0000000000
1403 -1419.0000000000
1409 -1418.0000000000
1418 -1416.0000000000
1420 -1415.0000000000
1423 -1413.0000000000
1424 -1412.0000000000
1425 -1411.0000000000
1426 -1410.0000000000
1435 -1409.0000000000
1437 -1408.0000000000
1439 -1407.0000000000
1442 -1406.0000000000
1444 -1405.0000000000
1445 -1404.0000000000
1446 -1403.0000000000
1452 -1402.0000000000
1455 -1401.0000000000
1457 -1400.0000000000
1462 -1399.0000000000
1468 -1396.0000000000
1476 -1395.0000000000
1480 -1393.0000000000
1481 -1392.0000000000
1484 -1391.0000000000
1493 -1389.0000000000
1494 -1388.0000000000
1505 -1387.0000000000
1506 -1386.0000000000
1511 -1385.0000000000
1513 -1384.0000000000
1519 -1383.0000000000
1521 -1382.0000000000
1522 -1379.0000000000
1524 -1378.0000000000
1530 -1377.0000000000
1531 -1376.0000000000
1539 -1375.0000000000
1550 -1374.0000000000
1557 -1373.0000000000
1559 -1372.0000000000
1568 -1371.0000000000
1574 -1370.0000000000
1576 -1369.0000000000
1582 -1368.0000000000
1583 -1367.0000000000
1585 -1366.0000000000
1589 -1365.0000000000
1594 -1364.0000000000
1598 -1363.0000000000
1599 -1362.0000000000
1601 -1361.0000000000
1602 -1360.0000000000
1603 -1359.0000000000
1609 -1358.0000000000
1616 -1357.0000000000
1617 -1356.0000000000
1618 -1355.0000000000
1625 -1354.0000000000
1628 -1353.0000000000
1630 -1352.0000000000
1631 -1351.0000000000
1633 -1350.0000000000
1636 -1349.0000000000
1637 -1348.0000000000
1648 -1347.0000000000
1650 -1346.0000000000
1653 -1345.0000000000
1655 -1344.0000000000
1657 -1343.0000000000
1662 -1342.0000000000
1664 -1341.0000000000
1666 -1340.0000000000
1668 -1337.0000000000
1669 -1336.0000000000
1675 -1335.0000000000
1676 -1334.0000000000
1690 -1332.0000000000
1691 -1331.0000000000
1692 -1330.0000000000
1695 -1329.0000000000
1696 -1328.0000000000
1700 -1327.0000000000
1704 -1326.0000000000
1708 -1325.0000000000
1710 -1324.0000000000
1712 -1323.0000000000
1721 -1322.0000000000
1722 -1321.0000000000
1723 -1320.0000000000
1735 -1319.0000000000
1738 -1318.0000000000
1742 -1317.0000000000
1743 -1316.0000000000
1745 -1315.0000000000
1747 -1314.0000000000
1748 -1313.0000000000
1749 -1312.0000000000
1751 -1311.0000000000
1752 -1309.0000000000
1761 -1308.0000000000
1766 -1307.0000000000
1770 -1306.0000000000
1772 -1305.0000000000
1779 -1303.0000000000
1787 -1302.0000000000
1789 -1301.0000000000
1792 -1300.0000000000
1793 -1298.0000000000
1795 -1297.0000000000
1806 -1296.0000000000
1807 -1295.0000000000
1809 -1294.0000000000
1810 -1293.0000000000
1812 -1292.0000000000
1813 -1291.0000000000
1820 -1290.0000000000
1823 -1289.0000000000
1824 -1288.0000000000
1825 -1286.0000000000
1830 -1285.0000000000
1834 -1284.0000000000
1843 -1283.0000000000
1848 -1282.0000000000
1856 -1281.0000000000
1861 -1279.0000000000
1865 -1278.0000000000
1873 -1277.0000000000
1875 -1276.0000000000
1879 -1275.0000000000
1890 -1274.0000000000
1891 -1272.0000000000
1892 -1269.0000000000
1898 -1268.0000000000
1902 -1267.0000000000
1906 -1265.0000000000
1910 -1264.0000000000
1912 -1263.0000000000
1914 -1262.0000000000
1925 -1261.0000000000
1928 -1260.0000000000
1930 -1259.0000000000
1932 -1258.0000000000
1933 -1257.0000000000
1934 -1256.0000000000
1935 -1255.0000000000
1940 -1254.0000000000
1943 -1253.0000000000
1944 -1252.0000000000
1949 -1251.0000000000
1950 -1250.0000000000
1952 -1249.0000000000
1955 -1248.0000000000
1959 -1246.0000000000
1968 -1245.0000000000
1969 -1244.0000000000
1973 -1243.0000000000
1976 -1242.0000000000
1980 -1241.0000000000
1981 -1240.0000000000
1987 -1239.0000000000
1988 -1237.0000000000
1989 -1236.0000000000
1992 -1235.0000000000
1993 -1234.0000000000
2002 -1233.0000000000
2006 -1232.0000000000
2020 -1231.0000000000
2027 -1230.0000000000
2037 -1229.0000000000
2038 -1228.0000000000
2042 -1227.0000000000
2043 -1226.0000000000
2051 -1225.0000000000
2053 -1223.0000000000
2054 -1222.0000000000
2055 -1221.0000000000
2056 -1220.0000000000
2057 -1219.0000000000
2061 -1218.0000000000
2062 -1217.0000000000
2064 -1216.0000000000
2066 -1214.0000000000
2067 -1213.0000000000
2068 -1212.0000000000
2069 -1211.0000000000
2072 -1210.0000000000
2075 -1209.0000000000
2076 -1208.0000000000
2077 -1207.0000000000
2081 -1205.0000000000
2082 -1204.0000000000
2083 -1203.0000000000
2084 -1202.0000000000
2086 -1201.0000000000
2088 -1199.0000000000
2090 -1198.0000000000
2091 -1197.0000000000
2094 -1196.0000000000
2095 -1195.0000000000
2099 -1194.0000000000
2101 -1193.0000000000
2102 -1192.0000000000
2105 -1191.0000000000
2112 -1190.0000000000
2119 -1189.0000000000
2121 -1188.0000000000
2122 -1187.0000000000
2125 -1186.0000000000
2129 -1185.0000000000
2131 -1184.0000000000
2134 -1183.0000000000
2138 -1182.0000000000
2139 -1181.0000000000
2140 -1180.0000000000
2147 -1179.0000000000
2151 -1178.0000000000
2153 -1177.0000000000
2160 -1176.0000000000
2166 -1175.0000000000
2168 -1174.0000000000
2169 -1173.0000000000
2177 -1172.0000000000
2179 -1171.0000000000
2181 -1170.0000000000
2187 -1169.0000000000
2197 -1168.0000000000
2198 -1167.0000000000
2201 -1166.0000000000
2204 -1165.0000000000
2212 -1164.0000000000
2213 -1163.0000000000
2217 -1162.0000000000
2224 -1161.0000000000
2229 -1158.0000000000
2233 -1157.0000000000
2234 -1156.0000000000
2236 -1155.0000000000
2243 -1154.0000000000
2248 -1153.0000000000
2249 -1151.0000000000
2250 -1150.0000000000
2253 -1149.0000000000
2254 -1148.0000000000
2261 -1147.0000000000
2265 -1146.0000000000
2269 -1145.0000000000
2272 -1144.0000000000
2274 -1143.0000000000
2276 -1142.0000000000
2277 -1140.0000000000
2279 -1139.0000000000
2284 -1138.0000000000
2285 -1137.0000000000
2287 -1135.0000000000
2288 -1134.0000000000
2290 -1133.0000000000
2291 -1132.0000000000
2294 -1131.0000000000
2297 -1130.0000000000
2307 -1129.0000000000
2315 -1128.0000000000
2325 -1127.0000000000
2327 -1126.0000000000
2344 -1125.0000000000
2346 -1124.0000000000
2352 -1123.0000000000
2356 -1122.0000000000
2364 -1121.0000000000
2368 -1120.0000000000
2369 -1119.0000000000
2372 -1118.0000000000
2374 -1117.0000000000
2379 -1116.0000000000
2385 -1115.0000000000
2386 -1114.0000000000
2387 -1113.0000000000
2390 -1112.0000000000
2396 -1111.0000000000
2397 -1110.0000000000
2400 -1109.0000000000
2415 -1107.0000000000
2416 -1106.0000000000
2418 -1105.0000000000
2420 -1104.0000000000
2422 -1103.0000000000
2423 -1102.0000000000
2431 -1101.0000000000
2432 -1100.0000000000
2435 -1099.0000000000
2437 -1098.0000000000
2441 -1097.0000000000
2446 -1096.0000000000
2447 -1095.0000000000
2453 -1094.0000000000
2462 -1093.0000000000
2465 -1092.0000000000
2468 -1091.0000000000
2472 -1090.0000000000
2479 -1089.0000000000
2480 -1088.0000000000
2484 -1087.0000000000
2487 -1086.0000000000
2491 -1085.0000000000
2494 -1084.0000000000
2496 -1083.0000000000
2500 -1082.0000000000
2503 -1081.0000000000
2505 -1080.0000000000
2507 -1078.0000000000
2514 -1077.0000000000
2517 -1076.0000000000
2521 -1075.0000000000
2522 -1074.0000000000
2530 -1073.0000000000
2533 -1072.0000000000
2540 -1071.0000000000
2543 -1070.0000000000
2546 -1069.0000000000
2547 -1068.0000000000
2551 -1067.0000000000
2554 -1066.0000000000
2563 -1065.0000000000
2569 -1064.0000000000
2582 -1063.0000000000
2586 -1062.0000000000
2589 -1061.0000000000
2590 -1060.0000000000
2592 -1059.0000000000
2593 -1058.0000000000
2595 -1057.0000000000
2600 -1056.0000000000
2603 -1055.0000000000
2606 -1054.0000000000
2608 -1053.0000000000
2609 -1052.0000000000
2617 -1051.0000000000
2619 -1050.0000000000
2620 -1049.0000000000
2623 -1048.0000000000
2632 -1047.0000000000
2641 -1046.0000000000
2643 -1045.0000000000
2645 -1044.0000000000
2647 -1043.0000000000
2649 -1041.0000000000
2654 -1040.0000000000
2659 -1039.0000000000
2661 -1038.0000000000
2665 -1037.0000000000
2668 -1036.0000000000
2670 -1035.0000000000
2673 -1034.0000000000
2685 -1033.0000000000
2687 -1032.0000000000
2689 -1031.0000000000
2692 -1030.0000000000
2693 -1029.0000000000
2699 -1028.0000000000
2704 -1027.0000000000
2714 -1026.0000000000
2726 -1025.0000000000
2732 -1024.0000000000
2736 -1023.0000000000
2742 -1022.0000000000
2743 -1021.0000000000
2745 -1020.0000000000
2746 -1019.0000000000
2748 -1018.0000000000
2751 -1017.0000000000
2754 -1016.0000000000
2766 -1015.0000000000
2767 -1014.0000000000
2773 -1013.0000000000
2779 -1012.0000000000
2780 -1011.0000000000
2781 -1010.0000000000
2782 -1008.0000000000
2783 -1007.0000000000
2788 -1006.0000000000
2791 -1005.0000000000
2799 -1004.0000000000
2803 -1003.0000000000
2810 -1002.0000000000
2820 -1001.0000000000
2825 -1000.0000000000
2826 -999.0000000000
2828 -998.0000000000
2834 -997.0000000000
2838 -996.0000000000
2839 -995.0000000000
2849 -994.0000000000
2857 -992.0000000000
2859 -991.0000000000
2866 -990.0000000000
2867 -989.0000000000
2870 -988.0000000000
2873 -987.0000000000
2874 -986.0000000000
2875 -985.0000000000
2877 -984.0000000000
2879 -983.0000000000
2899 -982.0000000000
2900 -981.0000000000
2910 -980.0000000000
2911 -979.0000000000
2913 -978.0000000000
2914 -977.0000000000
2918 -976.0000000000
2925 -975.0000000000
2933 -974.0000000000
2939 -973.0000000000
2941 -972.0000000000
2958 -971.0000000000
2960 -969.0000000000
2962 -968.0000000000
2968 -967.0000000000
2970 -966.0000000000
2973 -965.0000000000
2974 -964.0000000000
2975 -963.0000000000
2983 -962.0000000000
2987 -961.0000000000
2998 -960.0000000000
3004 -959.0000000000
3008 -958.0000000000
3012 -957.0000000000
3016 -956.0000000000
3019 -955.0000000000
3027 -954.0000000000
3030 -953.0000000000
3031 -952.0000000000
3039 -951.0000000000
3041 -950.0000000000
3042 -949.0000000000
3044 -948.0000000000
3046 -946.0000000000
3052 -945.0000000000
3056 -944.0000000000
3057 -943.0000000000
3061 -942.0000000000
3064 -941.0000000000
3070 -940.0000000000
3072 -939.0000000000
3091 -938.0000000000
3094 -937.0000000000
3109 -936.0000000000
3110 -935.0000000000
3118 -934.0000000000
3119 -933.0000000000
3136 -932.0000000000
3139 -931.0000000000
3140 -930.0000000000
3141 -929.0000000000
3143 -928.0000000000
3147 -927.0000000000
3150 -926.0000000000
3153 -925.0000000000
3154 -924.0000000000
3159 -923.0000000000
3161 -922.0000000000
3172 -921.0000000000
3185 -920.0000000000
3189 -919.0000000000
3191 -918.0000000000
3240 -917.0000000000
3241 -916.0000000000
3243 -915.0000000000
3253 -913.0000000000
3255 -912.0000000000
3257 -911.0000000000
3260 -910.0000000000
3264 -909.0000000000
3267 -908.0000000000
3272 -907.0000000000
3273 -906.0000000000
3278 -905.0000000000
3282 -904.0000000000
3288 -903.0000000000
3290 -902.0000000000
3293 -900.0000000000
3300 -899.0000000000
3306 -898.0000000000
3307 -897.0000000000
3313 -896.0000000000
3326 -895.0000000000
3330 -894.0000000000
3334 -893.0000000000
3337 -892.0000000000
3358 -891.0000000000
3367 -890.0000000000
3370 -887.0000000000
3371 -886.0000000000
3375 -885.0000000000
3379 -884.0000000000
3387 -883.0000000000
3392 -882.0000000000
3395 -881.0000000000
3396 -880.0000000000
3402 -879.0000000000
3410 -877.0000000000
3414 -876.0000000000
3422 -875.0000000000
3425 -874.0000000000
3431 -873.0000000000
3440 -872.0000000000
3441 -871.0000000000
3448 -870.0000000000
3452 -869.0000000000
3454 -868.0000000000
3457 -867.0000000000
3462 -866.0000000000
3465 -865.0000000000
3475 -864.0000000000
3479 -863.0000000000
3481 -862.0000000000
3483 -861.0000000000
3485 -860.0000000000
3490 -859.0000000000
3491 -858.0000000000
3493 -857.0000000000
3504 -856.0000000000
3509 -855.0000000000
3527 -854.0000000000
3535 -853.0000000000
3539 -852.0000000000
3542 -851.0000000000
3546 -850.0000000000
3551 -849.0000000000
3557 -848.0000000000
3560 -847.0000000000
3564 -846.0000000000
3568 -845.0000000000
3572 -844.0000000000
3575 -843.0000000000
3576 -842.0000000000
3579 -840.0000000000
3580 -839.0000000000
3586 -838.0000000000
3587 -837.0000000000
3590 -836.0000000000
3591 -835.0000000000
3593 -834.0000000000
3601 -833.0000000000
3605 -831.0000000000
3610 -830.0000000000
3612 -829.0000000000
3613 -828.0000000000
3622 -827.0000000000
3623 -826.0000000000
3635 -825.0000000000
3636 -824.0000000000
3637 -823.0000000000
3641 -822.0000000000
3644 -821.0000000000
3648 -820.0000000000
3655 -819.0000000000
3656 -818.0000000000
3673 -817.0000000000
3675 -816.0000000000
3679 -814.0000000000
3694 -813.0000000000
3698 -812.0000000000
3701 -811.0000000000
3711 -810.0000000000
3714 -809.0000000000
3723 -808.0000000000
3728 -807.0000000000
3735 -806.0000000000
3737 -805.0000000000
3738 -804.0000000000
3769 -803.0000000000
3772 -802.0000000000
3774 -801.0000000000
3787 -800.0000000000
3788 -799.0000000000
3790 -797.0000000000
3792 -796.0000000000
3793 -795.0000000000
3799 -793.0000000000
3802 -791.0000000000
3811 -790.0000000000
3822 -789.0000000000
3833 -788.0000000000
3835 -787.0000000000
3836 -786.0000000000
3847 -785.0000000000
3858 -784.0000000000
3859 -783.0000000000
3865 -782.0000000000
3875 -781.0000000000
3880 -780.0000000000
3886 -778.0000000000
3905 -777.0000000000
3907 -776.0000000000
3917 -774.0000000000
3921 -773.0000000000
3922 -772.0000000000
3927 -771.0000000000
3932 -770.0000000000
3935 -769.0000000000
3939 -768.0000000000
3947 -767.0000000000
3949 -765.0000000000
3956 -764.0000000000
3961 -763.0000000000
3964 -762.0000000000
3965 -760.0000000000
3966 -758.0000000000
3992 -757.0000000000
4011 -756.0000000000
4015 -755.0000000000
4026 -754.0000000000
4035 -753.0000000000
4049 -752.0000000000
4053 -751.0000000000
4055 -750.0000000000
4059 -749.0000000000
4067 -748.0000000000
4075 -747.0000000000
4079 -746.0000000000
4101 -745.0000000000
4104 -744.0000000000
4105 -743.0000000000
4133 -742.0000000000
4141 -741.0000000000
4142 -740.0000000000
4148 -738.0000000000
4153 -737.0000000000
4155 -736.0000000000
4214 -735.0000000000
4216 -734.0000000000
4218 -733.0000000000
4220 -731.0000000000
4228 -730.0000000000
4229 -729.0000000000
4232 -728.0000000000
4241 -727.0000000000
4250 -726.0000000000
4253 -725.0000000000
4256 -724.0000000000
4257 -723.0000000000
4274 -722.0000000000
4293 -721.0000000000
4305 -720.0000000000
4308 -719.0000000000
4311 -718.0000000000
4313 -717.0000000000
4322 -716.0000000000
4329 -715.0000000000
4334 -714.0000000000
4348 -713.0000000000
4354 -712.0000000000
4356 -711.0000000000
4358 -710.0000000000
4362 -709.0000000000
4363 -708.0000000000
4370 -707.0000000000
4372 -706.0000000000
4379 -705.0000000000
4385 -703.0000000000
4388 -702.0000000000
4390 -701.0000000000
4391 -700.0000000000
4392 -699.0000000000
4399 -698.0000000000
4410 -697.0000000000
4415 -696.0000000000
4426 -695.0000000000
4442 -694.0000000000
4455 -693.0000000000
4457 -692.0000000000
4461 -691.0000000000
4467 -690.0000000000
4477 -688.0000000000
4478 -687.0000000000
4479 -686.0000000000
4488 -685.0000000000
4489 -683.0000000000
4491 -682.0000000000
4494 -681.0000000000
4504 -679.0000000000
4506 -678.0000000000
4511 -677.0000000000
4512 -676.0000000000
4514 -675.0000000000
4515 -674.0000000000
4522 -673.0000000000
4528 -671.0000000000
4533 -670.0000000000
4542 -669.0000000000
4543 -668.0000000000
4547 -667.0000000000
4551 -665.0000000000
4571 -664.0000000000
4572 -663.0000000000
4575 -662.0000000000
4579 -661.0000000000
4587 -660.0000000000
4592 -659.0000000000
4617 -658.0000000000
4618 -657.0000000000
4623 -656.0000000000
4635 -655.0000000000
4640 -654.0000000000
4645 -653.0000000000
4655 -652.0000000000
4666 -651.0000000000
4681 -650.0000000000
4688 -649.0000000000
4698 -648.0000000000
4699 -647.0000000000
4700 -646.0000000000
4704 -645.0000000000
4708 -643.0000000000
4713 -642.0000000000
4733 -641.0000000000
4741 -640.0000000000
4750 -639.0000000000
4753 -638.0000000000
4754 -636.0000000000
4759 -635.0000000000
4770 -634.0000000000
4778 -632.0000000000
4788 -631.0000000000
4790 -630.0000000000
4792 -629.0000000000
4811 -628.0000000000
4812 -627.0000000000
4827 -626.0000000000
4829 -624.0000000000
4842 -623.0000000000
4843 -622.0000000000
4853 -621.0000000000
4859 -620.0000000000
4870 -619.0000000000
4887 -618.0000000000
4912 -617.0000000000
4929 -616.0000000000
4935 -615.0000000000
4950 -614.0000000000
4951 -613.0000000000
4955 -612.0000000000
4960 -611.0000000000
4965 -610.0000000000
4977 -609.0000000000
4985 -608.0000000000
4991 -607.0000000000
4997 -606.0000000000
5009 -605.0000000000
5020 -604.0000000000
5021 -603.0000000000
5024 -602.0000000000
5027 -601.0000000000
5034 -600.0000000000
5041 -599.0000000000
5051 -598.0000000000
5055 -597.0000000000
5062 -596.0000000000
5068 -595.0000000000
5073 -594.0000000000
5078 -593.0000000000
5085 -592.0000000000
5086 -591.0000000000
5106 -590.0000000000
5108 -589.0000000000
5123 -588.0000000000
5133 -587.0000000000
5136 -586.0000000000
5145 -585.0000000000
5146 -584.0000000000
5148 -583.0000000000
5157 -582.0000000000
5162 -581.0000000000
5164 -580.0000000000
5170 -579.0000000000
5173 -578.0000000000
5174 -577.0000000000
5178 -576.0000000000
5186 -575.0000000000
5202 -574.0000000000
5210 -573.0000000000
5211 -572.0000000000
5215 -571.0000000000
5216 -569.0000000000
5223 -568.0000000000
5226 -567.0000000000
5227 -566.0000000000
5234 -565.0000000000
5264 -564.0000000000
5293 -563.0000000000
5295 -562.0000000000
5299 -561.0000000000
5307 -560.0000000000
5317 -559.0000000000
5318 -558.0000000000
5323 -557.0000000000
5332 -556.0000000000
5339 -555.0000000000
5349 -554.0000000000
5358 -553.0000000000
5361 -552.0000000000
5362 -551.0000000000
5375 -550.0000000000
5379 -549.0000000000
5395 -548.0000000000
5398 -547.0000000000
5417 -546.0000000000
5430 -545.0000000000
5435 -544.0000000000
5436 -543.0000000000
5438 -542.0000000000
5451 -541.0000000000
5461 -540.0000000000
5463 -539.0000000000
5464 -538.0000000000
5467 -537.0000000000
5468 -536.0000000000
5498 -535.0000000000
5503 -534.0000000000
5513 -533.0000000000
5517 -532.0000000000
5560 -531.0000000000
5567 -530.0000000000
5578 -529.0000000000
5590 -528.0000000000
5595 -527.0000000000
5608 -526.0000000000
5610 -525.0000000000
5616 -524.0000000000
5637 -523.0000000000
5642 -522.0000000000
5647 -521.0000000000
5660 -520.0000000000
5663 -519.0000000000
5686 -518.0000000000
5697 -517.0000000000
5716 -516.0000000000
5722 -515.0000000000
5743 -514.0000000000
5750 -513.0000000000
5760 -512.0000000000
5781 -511.0000000000
5782 -510.0000000000
5793 -509.0000000000
5799 -508.0000000000
5823 -507.0000000000
5825 -506.0000000000
5849 -505.0000000000
5869 -504.0000000000
5873 -503.0000000000
5875 -502.0000000000
5883 -501.0000000000
5885 -500.0000000000
5897 -499.0000000000
5905 -498.0000000000
5908 -497.0000000000
5915 -496.0000000000
5930 -495.0000000000
5932 -494.0000000000
5947 -493.0000000000
5950 -492.0000000000
5960 -491.0000000000
5963 -490.0000000000
5976 -489.0000000000
5980 -488.0000000000
5981 -487.0000000000
6000 -486.0000000000
6002 -485.0000000000
6005 -484.0000000000
6008 -483.0000000000
6014 -482.0000000000
6027 -481.0000000000
6056 -480.0000000000
6062 -479.0000000000
6064 -478.0000000000
6077 -477.0000000000
6080 -476.0000000000
6090 -475.0000000000
6102 -474.0000000000
6105 -473.0000000000
6107 -472.0000000000
6108 -471.0000000000
6111 -470.0000000000
6114 -469.0000000000
6115 -468.0000000000
6171 -467.0000000000
6178 -466.0000000000
6189 -465.0000000000
6204 -464.0000000000
6217 -463.0000000000
6237 -462.0000000000
6251 -461.0000000000
6275 -460.0000000000
6283 -459.0000000000
6316 -458.0000000000
6333 -457.0000000000
6370 -456.0000000000
6393 -455.0000000000
6399 -454.0000000000
6405 -453.0000000000
6409 -452.0000000000
6412 -451.0000000000
6422 -450.0000000000
6442 -449.0000000000
6454 -448.0000000000
6464 -447.0000000000
6481 -446.0000000000
6485 -445.0000000000
6495 -444.0000000000
6514 -443.0000000000
6552 -442.0000000000
6555 -441.0000000000
6562 -440.0000000000
6578 -439.0000000000
6581 -438.0000000000
6585 -437.0000000000
6592 -436.0000000000
6594 -435.0000000000
6596 -434.0000000000
6598 -433.0000000000
6601 -432.0000000000
6621 -431.0000000000
6625 -430.0000000000
6644 -429.0000000000
6650 -428.0000000000
6654 -427.0000000000
6668 -426.0000000000
6710 -425.0000000000
6732 -424.0000000000
6742 -422.0000000000
6744 -421.0000000000
6760 -420.0000000000
6779 -419.0000000000
6786 -418.0000000000
6791 -417.0000000000
6800 -416.0000000000
6810 -415.0000000000
6819 -414.0000000000
6820 -413.0000000000
6822 -412.0000000000
6840 -411.0000000000
6854 -410.0000000000
6881 -409.0000000000
6883 -408.0000000000
6893 -407.0000000000
6898 -406.0000000000
6902 -405.0000000000
6904 -404.0000000000
6918 -403.0000000000
6946 -402.0000000000
6991 -401.0000000000
6998 -400.0000000000
7000 -399.0000000000
7025 -398.0000000000
7026 -397.0000000000
7032 -396.0000000000
7042 -395.0000000000
7045 -394.0000000000
7046 -393.0000000000
7057 -392.0000000000
7061 -391.0000000000
7080 -390.0000000000
7084 -389.0000000000
7115 -388.0000000000
7123 -387.0000000000
7148 -385.0000000000
7159 -384.0000000000
7166 -383.0000000000
7171 -382.0000000000
7173 -381.0000000000
7181 -380.0000000000
7196 -379.0000000000
7214 -378.0000000000
7223 -377.0000000000
7224 -376.0000000000
7236 -375.0000000000
7239 -374.0000000000
7245 -373.0000000000
7247 -372.0000000000
7254 -371.0000000000
7287 -370.0000000000
7290 -369.0000000000
7302 -368.0000000000
7338 -367.0000000000
7343 -366.0000000000
7368 -365.0000000000
7376 -364.0000000000
7379 -363.0000000000
7411 -362.0000000000
7419 -361.0000000000
7426 -360.0000000000
7431 -359.0000000000
7433 -358.0000000000
7441 -357.0000000000
7447 -356.0000000000
7475 -355.0000000000
7495 -354.0000000000
7505 -353.0000000000
7513 -352.0000000000
7552 -351.0000000000
7559 -350.0000000000
7573 -349.0000000000
7580 -348.0000000000
7587 -347.0000000000
7629 -346.0000000000
7642 -345.0000000000
7654 -344.0000000000
7666 -343.0000000000
7693 -342.0000000000
7695 -341.0000000000
7713 -340.0000000000
7730 -339.0000000000
7742 -338.0000000000
7752 -337.0000000000
7753 -336.0000000000
7765 -335.0000000000
7769 -334.0000000000
7776 -333.0000000000
7790 -332.0000000000
7809 -331.0000000000
7817 -330.0000000000
7818 -329.0000000000
7866 -328.0000000000
7918 -327.0000000000
7934 -326.0000000000
7950 -325.0000000000
7954 -324.0000000000
7967 -323.0000000000
7969 -322.0000000000
7971 -321.0000000000
7975 -320.0000000000
8002 -319.0000000000
8014 -318.0000000000
8016 -317.0000000000
8031 -316.0000000000
8060 -313.0000000000
8085 -312.0000000000
8101 -311.0000000000
8131 -310.0000000000
8135 -309.0000000000
8145 -308.0000000000
8147 -307.0000000000
8149 -306.0000000000
8153 -305.0000000000
8166 -304.0000000000
8197 -303.0000000000
8212 -302.0000000000
8213 -301.0000000000
8215 -300.0000000000
8252 -299.0000000000
8269 -298.0000000000
8284 -297.0000000000
8298 -296.0000000000
8314 -295.0000000000
8342 -294.0000000000
8353 -293.0000000000
8365 -292.0000000000
8375 -291.0000000000
8381 -290.0000000000
8405 -289.0000000000
8431 -288.0000000000
8466 -287.0000000000
8473 -286.0000000000
8483 -285.0000000000
8508 -284.0000000000
8515 -283.0000000000
8536 -282.0000000000
8566 -281.0000000000
8571 -280.0000000000
8575 -278.0000000000
8583 -277.0000000000
8592 -276.0000000000
8595 -275.0000000000
8601 -274.0000000000
8606 -273.0000000000
8636 -272.0000000000
8663 -271.0000000000
8670 -270.0000000000
8696 -269.0000000000
8702 -268.0000000000
8703 -267.0000000000
8720 -266.0000000000
8725 -265.0000000000
8733 -264.0000000000
8735 -263.0000000000
8815 -262.0000000000
8819 -261.0000000000
8821 -260.0000000000
8825 -259.0000000000
8848 -258.0000000000
8890 -257.0000000000
8896 -256.0000000000
8912 -255.0000000000
8916 -254.0000000000
8923 -253.0000000000
8950 -252.0000000000
8956 -251.0000000000
8957 -250.0000000000
8969 -249.0000000000
9019 -248.0000000000
9026 -247.0000000000
9034 -246.0000000000
9055 -245.0000000000
9080 -244.0000000000
9081 -243.0000000000
9082 -242.0000000000
9084 -241.0000000000
9093 -240.0000000000
9098 -239.0000000000
9114 -238.0000000000
9121 -237.0000000000
9134 -236.0000000000
9187 -235.0000000000
9205 -234.0000000000
9213 -232.0000000000
9240 -231.0000000000
9262 -230.0000000000
9274 -229.0000000000
9325 -228.0000000000
9357 -227.0000000000
9370 -226.0000000000
9388 -225.0000000000
9390 -224.0000000000
9416 -223.0000000000
9447 -222.0000000000
9467 -220.0000000000
9471 -219.0000000000
9484 -218.0000000000
9518 -217.0000000000
9532 -216.0000000000
9548 -215.0000000000
9569 -214.0000000000
9627 -213.0000000000
9648 -212.0000000000
9698 -211.0000000000
9703 -210.0000000000
9737 -209.0000000000
9738 -208.0000000000
9764 -207.0000000000
9794 -206.0000000000
9800 -205.0000000000
9810 -204.0000000000
9827 -203.0000000000
9883 -202.0000000000
9906 -201.0000000000
9929 -200.0000000000
9941 -199.0000000000
9957 -198.0000000000
9962 -197.0000000000
9964 -196.0000000000
9993 -195.0000000000
10000 -197.0000000000
