# evaluation best
1 0.0
2 18.0
3 20.0
4 31.0
5 31.0
6 31.0
7 31.0
8 31.0
9 31.0
10 31.0
11 31.0
12 31.0
13 35.0
14 35.0
15 35.0
16 35.0
17 35.0
18 35.0
19 35.0
20 35.0
21 35.0
22 35.0
23 35.0
24 35.0
25 35.0
26 35.0
27 35.0
28 35.0
29 35.0
30 35.0
31 35.0
32 35.0
33 35.0
34 35.0
35 35.0
36 35.0
37 35.0
38 35.0
39 35.0
40 37.0
41 42.0
42 42.0
43 42.0
44 42.0
45 42.0
46 42.0
47 42.0
48 42.0
49 42.0
50 42.0
51 42.0
52 42.0
53 42.0
54 42.0
55 42.0
56 42.0
57 42.0
58 42.0
59 42.0
60 42.0
61 42.0
62 42.0
63 42.0
64 42.0
65 42.0
66 42.0
67 42.0
68 47.0
69 47.0
70 47.0
71 47.0
72 47.0
73 47.0
74 47.0
75 47.0
76 47.0
77 47.0
78 47.0
79 47.0
80 47.0
81 47.0
82 47.0
83 47.0
84 47.0
85 47.0
86 47.0
87 47.0
88 47.0
89 47.0
90 47.0
91 47.0
92 47.0
93 47.0
94 47.0
95 47.0
96 47.0
97 47.0
98 47.0
99 47.0
100 47.0
101 47.0
102 47.0
103 47.0
104 47.0
105 47.0
106 47.0
107 47.0
108 47.0
109 47.0
110 47.0
111 47.0
112 47.0
113 47.0
114 47.0
115 47.0
116 47.0
117 47.0
118 47.0
119 47.0
120 47.0
121 47.0
122 47.0
123 47.0
124 47.0
125 47.0
126 47.0
127 47.0
128 47.0
129 47.0
130 47.0
131 47.0
132 47.0
133 47.0
134 47.0
135 47.0
136 47.0
137 47.0
138 47.0
139 47.0
140 47.0
141 47.0
142 47.0
143 47.0
144 47.0
145 47.0
146 47.0
147 47.0
148 47.0
149 47.0
150 47.0
151 47.0
152 47.0
153 47.0
154 47.0
155 47.0
156 47.0
157 47.0
158 47.0
159 47.0
160 47.0
161 47.0
162 47.0
163 47.0
164 47.0
165 47.0
166 47.0
167 47.0
168 47.0
169 47.0
170 47.0
171 47.0
172 47.0
173 47.0
174 47.0
175 47.0
176 47.0
177 47.0
178 47.0
179 47.0
180 47.0
181 47.0
182 47.0
183 47.0
184 47.0
185 47.0
186 47.0
187 47.0
188 47.0
189 47.0
190 47.0
191 47.0
192 47.0
193 47.0
194 47.0
195 47.0
196 47.0
197 47.0
198 47.0
199 47.0
200 47.0
201 47.0
202 47.0
203 47.0
204 47.0
205 47.0
206 47.0
207 47.0
208 47.0
209 47.0
210 47.0
211 47.0
212 47.0
213 47.0
214 47.0
215 47.0
216 47.0
217 47.0
218 47.0
219 47.0
220 47.0
221 47.0
222 47.0
223 47.0
224 47.0
225 47.0
226 47.0
227 47.0
228 47.0
229 47.0
230 47.0
231 47.0
232 47.0
233 47.0
234 47.0
235 47.0
236 47.0
237 53.0
238 53.0
239 56.0
240 56.0
241 56.0
242 56.0
243 56.0
244 56.0
245 56.0
246 56.0
247 56.0
248 56.0
249 56.0
250 56.0
251 56.0
252 56.0
253 56.0
254 56.0
255 56.0
256 56.0
257 56.0
258 56.0
259 56.0
260 56.0
261 56.0
262 56.0
263 56.0
264 56.0
265 56.0
266 56.0
267 56.0
268 56.0
269 56.0
270 56.0
271 56.0
272 56.0
273 56.0
274 56.0
275 56.0
276 56.0
277 56.0
278 56.0
279 56.0
280 56.0
281 56.0
282 56.0
283 56.0
284 56.0
285 56.0
286 56.0
287 56.0
288 56.0
289 56.0
290 56.0
291 56.0
292 56.0
293 56.0
294 56.0
295 56.0
296 56.0
297 56.0
298 56.0
299 56.0
300 56.0
301 56.0
302 56.0
303 56.0
304 56.0
305 56.0
306 56.0
307 56.0
308 56.0
309 56.0
310 56.0
311 56.0
312 56.0
313 56.0
314 56.0
315 56.0
316 56.0
317 56.0
318 56.0
319 56.0
320 56.0
321 56.0
322 56.0
323 56.0
324 56.0
325 56.0
326 56.0
327 56.0
328 56.0
329 56.0
330 56.0
331 56.0
332 56.0
333 56.0
334 61.0
335 61.0
336 61.0
337 61.0
338 61.0
339 61.0
340 61.0
341 61.0
342 61.0
343 61.0
344 61.0
345 61.0
346 61.0
347 61.0
348 61.0
349 61.0
350 61.0
351 61.0
352 61.0
353 61.0
354 61.0
355 61.0
356 61.0
357 61.0
358 61.0
359 61.0
360 61.0
361 61.0
362 61.0
363 61.0
364 61.0
365 61.0
366 61.0
367 61.0
368 61.0
369 61.0
370 61.0
371 61.0
372 61.0
373 61.0
374 61.0
375 61.0
376 61.0
377 61.0
378 61.0
379 61.0
380 61.0
381 61.0
382 61.0
383 61.0
384 61.0
385 61.0
386 61.0
387 61.0
388 61.0
389 61.0
390 61.0
391 61.0
392 61.0
393 61.0
394 61.0
395 61.0
396 61.0
397 61.0
398 61.0
399 61.0
400 61.0
401 61.0
402 61.0
403 61.0
404 61.0
405 61.0
406 61.0
407 61.0
408 61.0
409 61.0
410 61.0
411 61.0
412 61.0
413 61.0
414 61.0
415 61.0
416 61.0
417 61.0
418 61.0
419 61.0
420 61.0
421 61.0
422 61.0
423 61.0
424 61.0
425 61.0
426 61.0
427 61.0
428 61.0
429 61.0
430 61.0
431 61.0
432 61.0
433 61.0
434 61.0
435 61.0
436 61.0
437 61.0
438 61.0
439 61.0
440 61.0
441 61.0
442 61.0
443 61.0
444 61.0
445 61.0
446 61.0
447 61.0
448 61.0
449 61.0
450 61.0
451 61.0
452 61.0
453 61.0
454 61.0
455 61.0
456 61.0
457 61.0
458 61.0
459 61.0
460 61.0
461 61.0
462 61.0
463 61.0
464 61.0
465 61.0
466 61.0
467 61.0
468 61.0
469 61.0
470 61.0
471 61.0
472 61.0
473 61.0
474 61.0
475 61.0
476 61.0
477 61.0
478 61.0
479 61.0
480 61.0
481 61.0
482 61.0
483 61.0
484 61.0
485 61.0
486 61.0
487 61.0
488 61.0
489 61.0
490 61.0
491 61.0
492 61.0
493 61.0
494 61.0
495 61.0
496 61.0
497 61.0
498 61.0
499 61.0
500 61.0
501 61.0
502 61.0
503 61.0
504 61.0
505 61.0
506 61.0
507 61.0
508 61.0
509 61.0
510 61.0
511 61.0
512 61.0
513 61.0
514 61.0
515 61.0
516 61.0
517 61.0
518 61.0
519 61.0
520 61.0
521 61.0
522 61.0
523 61.0
524 61.0
525 61.0
526 61.0
527 61.0
528 61.0
529 61.0
530 61.0
531 61.0
532 61.0
533 61.0
534 61.0
535 61.0
536 61.0
537 61.0
538 61.0
539 61.0
540 61.0
541 61.0
542 61.0
543 61.0
544 61.0
545 61.0
546 61.0
547 61.0
548 61.0
549 61.0
550 61.0
551 61.0
552 61.0
553 61.0
554 61.0
555 61.0
556 61.0
557 61.0
558 61.0
559 61.0
560 61.0
561 61.0
562 61.0
563 61.0
564 61.0
565 61.0
566 61.0
567 61.0
568 61.0
569 61.0
570 61.0
571 61.0
572 61.0
573 61.0
574 61.0
575 61.0
576 61.0
577 61.0
578 61.0
579 61.0
580 61.0
581 61.0
582 61.0
583 61.0
584 61.0
585 61.0
586 61.0
587 61.0
588 61.0
589 61.0
590 61.0
591 61.0
592 61.0
593 61.0
594 61.0
595 61.0
596 61.0
597 61.0
598 61.0
599 61.0
600 61.0
601 61.0
602 61.0
603 61.0
604 61.0
605 61.0
606 61.0
607 61.0
608 61.0
609 61.0
610 61.0
611 61.0
612 61.0
613 61.0
614 61.0
615 61.0
616 61.0
617 61.0
618 61.0
619 61.0
620 61.0
621 61.0
622 61.0
623 61.0
624 61.0
625 61.0
626 61.0
627 61.0
628 61.0
629 61.0
630 61.0
631 61.0
632 61.0
633 61.0
634 61.0
635 61.0
636 61.0
637 61.0
638 61.0
639 61.0
640 61.0
641 61.0
642 61.0
643 61.0
644 61.0
645 61.0
646 61.0
647 61.0
648 61.0
649 61.0
650 61.0
651 61.0
652 61.0
653 61.0
654 61.0
655 61.0
656 61.0
657 61.0
658 61.0
659 61.0
660 61.0
661 61.0
662 61.0
663 61.0
664 61.0
665 61.0
666 61.0
667 61.0
668 61.0
669 61.0
670 61.0
671 61.0
672 61.0
673 61.0
674 61.0
675 61.0
676 61.0
677 61.0
678 61.0
679 61.0
680 61.0
681 61.0
682 61.0
683 61.0
684 61.0
685 61.0
686 61.0
687 61.0
688 61.0
689 61.0
690 61.0
691 61.0
692 61.0
693 61.0
694 61.0
695 61.0
696 61.0
697 61.0
698 61.0
699 61.0
700 61.0
701 61.0
702 61.0
703 61.0
704 61.0
705 61.0
706 61.0
707 61.0
708 61.0
709 61.0
710 61.0
711 61.0
712 61.0
713 61.0
714 61.0
715 61.0
716 61.0
717 61.0
718 61.0
719 61.0
720 61.0
721 61.0
722 61.0
723 61.0
724 61.0
725 61.0
726 61.0
727 61.0
728 61.0
729 61.0
730 61.0
731 61.0
732 61.0
733 61.0
734 66.0
735 66.0
736 66.0
737 66.0
738 66.0
739 66.0
740 66.0
741 66.0
742 66.0
743 66.0
744 66.0
745 66.0
746 66.0
747 66.0
748 66.0
749 66.0
750 66.0
751 66.0
752 66.0
753 66.0
754 66.0
755 66.0
756 66.0
757 66.0
758 66.0
759 66.0
760 66.0
761 66.0
762 66.0
763 66.0
764 66.0
765 66.0
766 66.0
767 66.0
768 66.0
769 66.0
770 66.0
771 66.0
772 66.0
773 66.0
774 66.0
775 66.0
776 66.0
777 66.0
778 66.0
779 66.0
780 66.0
781 66.0
782 66.0
783 66.0
784 66.0
785 66.0
786 66.0
787 66.0
788 66.0
789 66.0
790 66.0
791 66.0
792 66.0
793 66.0
794 66.0
795 66.0
796 66.0
797 66.0
798 66.0
799 66.0
800 66.0
801 66.0
802 66.0
803 66.0
804 66.0
805 66.0
806 66.0
807 66.0
808 66.0
809 66.0
810 66.0
811 66.0
812 66.0
813 66.0
814 66.0
815 66.0
816 66.0
817 66.0
818 66.0
819 66.0
820 66.0
821 66.0
822 66.0
823 66.0
824 66.0
825 66.0
826 66.0
827 66.0
828 66.0
829 66.0
830 66.0
831 66.0
832 66.0
833 66.0
834 66.0
835 66.0
836 66.0
837 66.0
838 66.0
839 66.0
840 66.0
841 66.0
842 66.0
843 66.0
844 66.0
845 66.0
846 66.0
847 66.0
848 66.0
849 66.0
850 66.0
851 66.0
852 66.0
853 66.0
854 66.0
855 66.0
856 66.0
857 66.0
858 66.0
859 66.0
860 66.0
861 66.0
862 66.0
863 66.0
864 66.0
865 66.0
866 66.0
867 66.0
868 66.0
869 66.0
870 66.0
871 66.0
872 66.0
873 66.0
874 66.0
875 66.0
876 66.0
877 66.0
878 66.0
879 66.0
880 66.0
881 66.0
882 66.0
883 66.0
884 66.0
885 66.0
886 66.0
887 66.0
888 66.0
889 66.0
890 66.0
891 66.0
892 66.0
893 66.0
894 66.0
895 66.0
896 66.0
897 66.0
898 66.0
899 66.0
900 66.0
901 66.0
902 66.0
903 66.0
904 66.0
905 66.0
906 66.0
907 66.0
908 66.0
909 66.0
910 66.0
911 66.0
912 66.0
913 66.0
914 66.0
915 66.0
916 66.0
917 66.0
918 66.0
919 66.0
920 66.0
921 66.0
922 66.0
923 66.0
924 66.0
925 66.0
926 66.0
927 66.0
928 66.0
929 66.0
930 66.0
931 66.0
932 66.0
933 66.0
934 66.0
935 66.0
936 66.0
937 66.0
938 66.0
939 66.0
940 66.0
941 66.0
942 66.0
943 66.0
944 66.0
945 66.0
946 66.0
947 66.0
948 66.0
949 66.0
950 66.0
951 66.0
952 66.0
953 66.0
954 66.0
955 66.0
956 66.0
957 66.0
958 66.0
959 66.0
960 66.0
961 66.0
962 66.0
963 66.0
964 66.0
965 66.0
966 66.0
967 66.0
968 66.0
969 66.0
970 66.0
971 66.0
972 66.0
973 66.0
974 66.0
975 66.0
976 66.0
977 66.0
978 66.0
979 66.0
980 66.0
981 66.0
982 66.0
983 66.0
984 66.0
985 66.0
986 66.0
987 66.0
988 66.0
989 66.0
990 66.0
991 66.0
992 66.0
993 66.0
994 66.0
995 66.0
996 66.0
997 66.0
998 66.0
999 66.0
1000 66.0
1001 66.0
1002 66.0
1003 66.0
1004 66.0
1005 66.0
1006 66.0
1007 66.0
1008 66.0
1009 66.0
1010 66.0
1011 66.0
1012 66.0
1013 66.0
1014 66.0
1015 66.0
1016 66.0
1017 66.0
1018 66.0
1019 66.0
1020 66.0
1021 66.0
1022 66.0
1023 66.0
1024 66.0
1025 66.0
1026 66.0
1027 66.0
1028 66.0
1029 66.0
1030 66.0
1031 66.0
1032 66.0
1033 66.0
1034 66.0
1035 66.0
1036 66.0
1037 66.0
1038 66.0
1039 66.0
1040 66.0
1041 66.0
1042 66.0
1043 66.0
1044 66.0
1045 66.0
1046 66.0
1047 66.0
1048 66.0
1049 66.0
1050 66.0
1051 66.0
1052 66.0
1053 66.0
1054 66.0
1055 66.0
1056 66.0
1057 66.0
1058 66.0
1059 66.0
1060 66.0
1061 66.0
1062 66.0
1063 66.0
1064 66.0
1065 66.0
1066 66.0
1067 66.0
1068 66.0
1069 66.0
1070 66.0
1071 66.0
1072 66.0
1073 66.0
1074 66.0
1075 66.0
1076 66.0
1077 66.0
1078 66.0
1079 66.0
1080 66.0
1081 66.0
1082 66.0
1083 66.0
1084 66.0
1085 66.0
1086 66.0
1087 66.0
1088 66.0
1089 66.0
1090 66.0
1091 66.0
1092 66.0
1093 66.0
1094 66.0
1095 66.0
1096 66.0
1097 66.0
1098 66.0
1099 66.0
1100 66.0
1101 66.0
1102 66.0
1103 66.0
1104 66.0
1105 66.0
1106 66.0
1107 66.0
1108 66.0
1109 66.0
1110 66.0
1111 66.0
1112 66.0
1113 66.0
1114 66.0
1115 66.0
1116 66.0
1117 66.0
1118 66.0
1119 66.0
1120 66.0
1121 66.0
1122 66.0
1123 66.0
1124 66.0
1125 66.0
1126 66.0
1127 66.0
1128 66.0
1129 66.0
1130 66.0
1131 66.0
1132 66.0
1133 66.0
1134 66.0
1135 66.0
1136 66.0
1137 66.0
1138 66.0
1139 66.0
1140 66.0
1141 66.0
1142 66.0
1143 66.0
1144 66.0
1145 66.0
1146 66.0
1147 66.0
1148 66.0
1149 66.0
1150 66.0
1151 66.0
1152 66.0
1153 66.0
1154 66.0
1155 66.0
1156 66.0
1157 66.0
1158 66.0
1159 66.0
1160 66.0
1161 66.0
1162 66.0
1163 66.0
1164 66.0
1165 66.0
1166 66.0
1167 66.0
1168 66.0
1169 66.0
1170 66.0
1171 66.0
1172 66.0
1173 66.0
1174 66.0
1175 66.0
1176 66.0
1177 66.0
1178 66.0
1179 66.0
1180 66.0
1181 66.0
1182 66.0
1183 66.0
1184 66.0
1185 66.0
1186 66.0
1187 66.0
1188 66.0
1189 66.0
1190 66.0
1191 66.0
1192 66.0
1193 66.0
1194 66.0
1195 66.0
1196 66.0
1197 66.0
1198 66.0
1199 66.0
1200 66.0
1201 66.0
1202 66.0
1203 66.0
1204 66.0
1205 66.0
1206 66.0
1207 66.0
1208 66.0
1209 66.0
1210 66.0
1211 66.0
1212 66.0
1213 66.0
1214 66.0
1215 66.0
1216 66.0
1217 66.0
1218 66.0
1219 66.0
1220 66.0
1221 66.0
1222 66.0
1223 66.0
1224 66.0
1225 66.0
1226 66.0
1227 66.0
1228 66.0
1229 66.0
1230 66.0
1231 66.0
1232 66.0
1233 66.0
1234 66.0
1235 66.0
1236 66.0
1237 66.0
1238 66.0
1239 66.0
1240 66.0
1241 66.0
1242 66.0
1243 66.0
1244 66.0
1245 66.0
1246 66.0
1247 66.0
1248 66.0
1249 66.0
1250 66.0
1251 66.0
1252 66.0
1253 66.0
1254 66.0
1255 66.0
1256 66.0
1257 66.0
1258 66.0
1259 66.0
1260 66.0
1261 66.0
1262 66.0
1263 66.0
1264 66.0
1265 66.0
1266 66.0
1267 66.0
1268 66.0
1269 66.0
1270 66.0
1271 66.0
1272 66.0
1273 66.0
1274 66.0
1275 66.0
1276 66.0
1277 66.0
1278 66.0
1279 66.0
1280 66.0
1281 66.0
1282 66.0
1283 66.0
1284 66.0
1285 66.0
1286 66.0
1287 66.0
1288 66.0
1289 66.0
1290 66.0
1291 66.0
1292 66.0
1293 66.0
1294 66.0
1295 66.0
1296 66.0
1297 66.0
1298 66.0
1299 66.0
1300 66.0
1301 66.0
1302 66.0
1303 66.0
1304 66.0
1305 66.0
1306 66.0
1307 66.0
1308 66.0
1309 66.0
1310 66.0
1311 66.0
1312 66.0
1313 66.0
1314 66.0
1315 66.0
1316 66.0
1317 66.0
1318 66.0
1319 66.0
1320 66.0
1321 66.0
1322 66.0
1323 66.0
1324 66.0
1325 66.0
1326 66.0
1327 66.0
1328 66.0
1329 66.0
1330 66.0
1331 66.0
1332 66.0
1333 66.0
1334 66.0
1335 66.0
1336 66.0
1337 66.0
1338 66.0
1339 66.0
1340 66.0
1341 66.0
1342 66.0
1343 66.0
1344 66.0
1345 66.0
1346 66.0
1347 66.0
1348 66.0
1349 66.0
1350 66.0
1351 66.0
1352 66.0
1353 66.0
1354 66.0
1355 66.0
1356 66.0
1357 66.0
1358 66.0
1359 66.0
1360 66.0
1361 66.0
1362 66.0
1363 66.0
1364 66.0
1365 66.0
1366 66.0
1367 66.0
1368 66.0
1369 66.0
1370 66.0
1371 66.0
1372 66.0
1373 66.0
1374 66.0
1375 66.0
1376 66.0
1377 66.0
1378 66.0
1379 66.0
1380 66.0
1381 66.0
1382 66.0
1383 66.0
1384 66.0
1385 66.0
1386 66.0
1387 66.0
1388 66.0
1389 66.0
1390 66.0
1391 66.0
1392 66.0
1393 66.0
1394 66.0
1395 66.0
1396 66.0
1397 66.0
1398 66.0
1399 66.0
1400 66.0
1401 66.0
1402 66.0
1403 66.0
1404 66.0
1405 66.0
1406 66.0
1407 66.0
1408 66.0
1409 66.0
1410 66.0
1411 66.0
1412 66.0
1413 66.0
1414 66.0
1415 66.0
1416 66.0
1417 66.0
1418 66.0
1419 66.0
1420 66.0
1421 66.0
1422 66.0
1423 66.0
1424 66.0
1425 66.0
1426 66.0
1427 66.0
1428 66.0
1429 66.0
1430 66.0
1431 66.0
1432 66.0
1433 66.0
1434 66.0
1435 66.0
1436 66.0
1437 66.0
1438 66.0
1439 66.0
1440 66.0
1441 66.0
1442 66.0
1443 66.0
1444 66.0
1445 66.0
1446 66.0
1447 66.0
1448 66.0
1449 66.0
1450 66.0
1451 66.0
1452 66.0
1453 66.0
1454 66.0
1455 66.0
1456 66.0
1457 66.0
1458 66.0
1459 66.0
1460 66.0
1461 66.0
1462 66.0
1463 66.0
1464 66.0
1465 66.0
1466 66.0
1467 66.0
1468 66.0
1469 66.0
1470 66.0
1471 66.0
1472 66.0
1473 66.0
1474 66.0
1475 66.0
1476 66.0
1477 66.0
1478 66.0
1479 66.0
1480 66.0
1481 66.0
1482 66.0
1483 66.0
1484 66.0
1485 66.0
1486 66.0
1487 66.0
1488 66.0
1489 66.0
1490 66.0
1491 66.0
1492 66.0
1493 66.0
1494 66.0
1495 66.0
1496 66.0
1497 66.0
1498 66.0
1499 66.0
1500 66.0
1501 66.0
1502 66.0
1503 66.0
1504 66.0
1505 66.0
1506 66.0
1507 66.0
1508 66.0
1509 66.0
1510 66.0
1511 66.0
1512 66.0
1513 66.0
1514 66.0
1515 66.0
1516 66.0
1517 66.0
1518 66.0
1519 66.0
1520 66.0
1521 66.0
1522 66.0
1523 66.0
1524 66.0
1525 66.0
1526 66.0
1527 66.0
1528 66.0
1529 66.0
1530 66.0
1531 66.0
1532 66.0
1533 66.0
1534 66.0
1535 66.0
1536 66.0
1537 66.0
1538 66.0
1539 66.0
1540 66.0
1541 66.0
1542 66.0
1543 66.0
1544 66.0
1545 66.0
1546 66.0
1547 66.0
1548 66.0
1549 66.0
1550 66.0
1551 66.0
1552 66.0
1553 66.0
1554 66.0
1555 66.0
1556 66.0
1557 66.0
1558 66.0
1559 66.0
1560 66.0
1561 66.0
1562 66.0
1563 66.0
1564 66.0
1565 66.0
1566 66.0
1567 66.0
1568 66.0
1569 66.0
1570 66.0
1571 66.0
1572 66.0
1573 66.0
1574 66.0
1575 66.0
1576 66.0
1577 66.0
1578 66.0
1579 66.0
1580 66.0
1581 66.0
1582 66.0
1583 66.0
1584 66.0
1585 66.0
1586 66.0
1587 66.0
1588 66.0
1589 66.0
1590 66.0
1591 66.0
1592 66.0
1593 66.0
1594 66.0
1595 66.0
1596 66.0
1597 66.0
1598 66.0
1599 66.0
1600 66.0
1601 66.0
1602 66.0
1603 66.0
1604 66.0
1605 66.0
1606 66.0
1607 66.0
1608 66.0
1609 66.0
1610 66.0
1611 66.0
1612 66.0
1613 66.0
1614 66.0
1615 66.0
1616 66.0
1617 66.0
1618 66.0
1619 66.0
1620 66.0
1621 66.0
1622 66.0
1623 66.0
1624 66.0
1625 66.0
1626 66.0
1627 66.0
1628 66.0
1629 66.0
1630 66.0
1631 66.0
1632 66.0
1633 66.0
1634 66.0
1635 66.0
1636 66.0
1637 66.0
1638 66.0
1639 66.0
1640 66.0
1641 66.0
1642 66.0
1643 66.0
1644 66.0
1645 66.0
1646 66.0
1647 66.0
1648 66.0
1649 66.0
1650 66.0
1651 66.0
1652 66.0
1653 66.0
1654 66.0
1655 66.0
1656 66.0
1657 66.0
1658 66.0
1659 66.0
1660 66.0
1661 66.0
1662 66.0
1663 66.0
1664 66.0
1665 66.0
1666 66.0
1667 66.0
1668 66.0
1669 66.0
1670 66.0
1671 66.0
1672 66.0
1673 66.0
1674 66.0
1675 66.0
1676 66.0
1677 66.0
1678 66.0
1679 66.0
1680 66.0
1681 66.0
1682 68.0
1683 68.0
1684 68.0
1685 68.0
1686 68.0
1687 68.0
1688 68.0
1689 68.0
1690 68.0
1691 68.0
1692 68.0
1693 68.0
1694 68.0
1695 68.0
1696 68.0
1697 68.0
1698 68.0
1699 68.0
1700 68.0
1701 68.0
1702 68.0
1703 68.0
1704 68.0
1705 68.0
1706 68.0
1707 68.0
1708 68.0
1709 68.0
1710 68.0
1711 68.0
1712 68.0
1713 68.0
1714 68.0
1715 68.0
1716 68.0
1717 68.0
1718 68.0
1719 68.0
1720 68.0
1721 68.0
1722 68.0
1723 68.0
1724 68.0
1725 68.0
1726 68.0
1727 68.0
1728 68.0
1729 68.0
1730 68.0
1731 68.0
1732 68.0
1733 68.0
1734 68.0
1735 68.0
1736 68.0
1737 68.0
1738 68.0
1739 68.0
1740 68.0
1741 68.0
1742 68.0
1743 68.0
1744 68.0
1745 68.0
1746 68.0
1747 68.0
1748 68.0
1749 68.0
1750 68.0
1751 68.0
1752 68.0
1753 68.0
1754 68.0
1755 68.0
1756 68.0
1757 68.0
1758 68.0
1759 68.0
1760 68.0
1761 68.0
1762 68.0
1763 68.0
1764 68.0
1765 68.0
1766 68.0
1767 68.0
1768 68.0
1769 68.0
1770 68.0
1771 68.0
1772 68.0
1773 68.0
1774 68.0
1775 68.0
1776 68.0
1777 68.0
1778 68.0
1779 68.0
1780 68.0
1781 68.0
1782 68.0
1783 68.0
1784 68.0
1785 68.0
1786 68.0
1787 68.0
1788 68.0
1789 68.0
1790 68.0
1791 68.0
1792 68.0
1793 68.0
1794 68.0
1795 68.0
1796 68.0
1797 68.0
1798 68.0
1799 68.0
1800 68.0
1801 68.0
1802 68.0
1803 68.0
1804 68.0
1805 68.0
1806 68.0
1807 68.0
1808 68.0
1809 68.0
1810 68.0
1811 68.0
1812 68.0
1813 68.0
1814 68.0
1815 68.0
1816 68.0
1817 68.0
1818 68.0
1819 68.0
1820 68.0
1821 68.0
1822 68.0
1823 68.0
1824 68.0
1825 68.0
1826 68.0
1827 68.0
1828 68.0
1829 68.0
1830 68.0
1831 68.0
1832 68.0
1833 68.0
1834 68.0
1835 68.0
1836 68.0
1837 68.0
1838 68.0
1839 68.0
1840 68.0
1841 68.0
1842 68.0
1843 68.0
1844 68.0
1845 68.0
1846 68.0
1847 68.0
1848 68.0
1849 68.0
1850 68.0
1851 68.0
1852 68.0
1853 68.0
1854 68.0
1855 68.0
1856 68.0
1857 68.0
1858 68.0
1859 68.0
1860 68.0
1861 68.0
1862 68.0
1863 68.0
1864 68.0
1865 68.0
1866 68.0
1867 68.0
1868 68.0
1869 68.0
1870 68.0
1871 68.0
1872 68.0
1873 68.0
1874 68.0
1875 68.0
1876 68.0
1877 68.0
1878 68.0
1879 68.0
1880 68.0
1881 68.0
1882 68.0
1883 68.0
1884 68.0
1885 68.0
1886 68.0
1887 68.0
1888 68.0
1889 68.0
1890 68.0
1891 68.0
1892 68.0
1893 68.0
1894 68.0
1895 68.0
1896 68.0
1897 68.0
1898 68.0
1899 68.0
1900 68.0
1901 68.0
1902 68.0
1903 68.0
1904 68.0
1905 68.0
1906 68.0
1907 68.0
1908 68.0
1909 68.0
1910 68.0
1911 68.0
1912 68.0
1913 68.0
1914 68.0
1915 68.0
1916 68.0
1917 68.0
1918 68.0
1919 68.0
1920 68.0
1921 68.0
1922 68.0
1923 68.0
1924 68.0
1925 68.0
1926 68.0
1927 68.0
1928 68.0
1929 68.0
1930 68.0
1931 68.0
1932 68.0
1933 68.0
1934 68.0
1935 68.0
1936 68.0
1937 68.0
1938 68.0
1939 68.0
1940 68.0
1941 68.0
1942 68.0
1943 68.0
1944 68.0
1945 68.0
1946 68.0
1947 68.0
1948 68.0
1949 68.0
1950 68.0
1951 68.0
1952 68.0
1953 68.0
1954 68.0
1955 68.0
1956 68.0
1957 68.0
1958 68.0
1959 68.0
1960 68.0
1961 68.0
1962 68.0
1963 68.0
1964 68.0
1965 68.0
1966 68.0
1967 68.0
1968 68.0
1969 68.0
1970 68.0
1971 68.0
1972 68.0
1973 68.0
1974 68.0
1975 68.0
1976 68.0
1977 68.0
1978 68.0
1979 68.0
1980 68.0
1981 68.0
1982 68.0
1983 68.0
1984 68.0
1985 68.0
1986 68.0
1987 68.0
1988 68.0
1989 68.0
1990 68.0
1991 68.0
1992 68.0
1993 68.0
1994 68.0
1995 68.0
1996 68.0
1997 68.0
1998 68.0
1999 68.0
2000 68.0
2001 68.0
2002 68.0
2003 68.0
2004 68.0
2005 68.0
2006 68.0
2007 68.0
2008 68.0
2009 68.0
2010 68.0
2011 68.0
2012 68.0
2013 68.0
2014 68.0
2015 68.0
2016 68.0
2017 68.0
2018 68.0
2019 68.0
2020 68.0
2021 68.0
2022 68.0
2023 68.0
2024 68.0
2025 68.0
2026 68.0
2027 68.0
2028 68.0
2029 68.0
2030 68.0
2031 68.0
2032 68.0
2033 68.0
2034 68.0
2035 68.0
2036 68.0
2037 68.0
2038 68.0
2039 68.0
2040 68.0
2041 68.0
2042 68.0
2043 68.0
2044 68.0
2045 68.0
2046 68.0
2047 68.0
2048 68.0
2049 68.0
2050 68.0
2051 68.0
2052 68.0
2053 68.0
2054 68.0
2055 68.0
2056 68.0
2057 68.0
2058 68.0
2059 68.0
2060 68.0
2061 68.0
2062 68.0
2063 68.0
2064 68.0
2065 68.0
2066 68.0
2067 68.0
2068 68.0
2069 68.0
2070 68.0
2071 68.0
2072 68.0
2073 68.0
2074 68.0
2075 68.0
2076 68.0
2077 68.0
2078 68.0
2079 68.0
2080 68.0
2081 68.0
2082 68.0
2083 68.0
2084 68.0
2085 68.0
2086 68.0
2087 68.0
2088 68.0
2089 68.0
2090 68.0
2091 68.0
2092 68.0
2093 68.0
2094 68.0
2095 68.0
2096 68.0
2097 68.0
2098 68.0
2099 68.0
2100 68.0
2101 68.0
2102 68.0
2103 68.0
2104 68.0
2105 68.0
2106 68.0
2107 68.0
2108 68.0
2109 68.0
2110 68.0
2111 68.0
2112 68.0
2113 68.0
2114 68.0
2115 68.0
2116 68.0
2117 68.0
2118 68.0
2119 68.0
2120 68.0
2121 68.0
2122 68.0
2123 68.0
2124 68.0
2125 68.0
2126 68.0
2127 68.0
2128 68.0
2129 68.0
2130 68.0
2131 68.0
2132 68.0
2133 68.0
2134 68.0
2135 68.0
2136 68.0
2137 68.0
2138 68.0
2139 68.0
2140 68.0
2141 68.0
2142 68.0
2143 68.0
2144 68.0
2145 68.0
2146 68.0
2147 68.0
2148 68.0
2149 68.0
2150 68.0
2151 68.0
2152 68.0
2153 68.0
2154 68.0
2155 68.0
2156 68.0
2157 68.0
2158 68.0
2159 68.0
2160 68.0
2161 68.0
2162 68.0
2163 68.0
2164 68.0
2165 68.0
2166 68.0
2167 68.0
2168 68.0
2169 68.0
2170 68.0
2171 68.0
2172 68.0
2173 68.0
2174 68.0
2175 68.0
2176 68.0
2177 68.0
2178 68.0
2179 68.0
2180 68.0
2181 68.0
2182 68.0
2183 68.0
2184 68.0
2185 68.0
2186 68.0
2187 68.0
2188 68.0
2189 68.0
2190 68.0
2191 68.0
2192 68.0
2193 68.0
2194 68.0
2195 68.0
2196 68.0
2197 68.0
2198 68.0
2199 68.0
2200 68.0
2201 68.0
2202 68.0
2203 68.0
2204 68.0
2205 68.0
2206 68.0
2207 68.0
2208 68.0
2209 68.0
2210 68.0
2211 68.0
2212 68.0
2213 68.0
2214 68.0
2215 68.0
2216 68.0
2217 68.0
2218 68.0
2219 68.0
2220 68.0
2221 68.0
2222 68.0
2223 68.0
2224 68.0
2225 68.0
2226 68.0
2227 68.0
2228 68.0
2229 68.0
2230 68.0
2231 68.0
2232 68.0
2233 68.0
2234 68.0
2235 68.0
2236 68.0
2237 68.0
2238 68.0
2239 68.0
2240 68.0
2241 68.0
2242 68.0
2243 68.0
2244 68.0
2245 68.0
2246 68.0
2247 68.0
2248 68.0
2249 68.0
2250 68.0
2251 68.0
2252 68.0
2253 68.0
2254 68.0
2255 68.0
2256 68.0
2257 68.0
2258 68.0
2259 68.0
2260 68.0
2261 68.0
2262 68.0
2263 68.0
2264 68.0
2265 68.0
2266 68.0
2267 68.0
2268 68.0
2269 68.0
2270 68.0
2271 68.0
2272 68.0
2273 68.0
2274 68.0
2275 68.0
2276 68.0
2277 68.0
2278 68.0
2279 68.0
2280 68.0
2281 68.0
2282 68.0
2283 68.0
2284 68.0
2285 68.0
2286 68.0
2287 68.0
2288 68.0
2289 68.0
2290 68.0
2291 68.0
2292 68.0
2293 68.0
2294 68.0
2295 68.0
2296 68.0
2297 68.0
2298 68.0
2299 68.0
2300 68.0
2301 68.0
2302 68.0
2303 68.0
2304 68.0
2305 68.0
2306 68.0
2307 68.0
2308 68.0
2309 68.0
2310 68.0
2311 68.0
2312 68.0
2313 68.0
2314 68.0
2315 68.0
2316 68.0
2317 68.0
2318 68.0
2319 68.0
2320 68.0
2321 68.0
2322 68.0
2323 68.0
2324 68.0
2325 68.0
2326 68.0
2327 68.0
2328 68.0
2329 68.0
2330 68.0
2331 68.0
2332 68.0
2333 68.0
2334 68.0
2335 68.0
2336 68.0
2337 68.0
2338 68.0
2339 68.0
2340 68.0
2341 68.0
2342 68.0
2343 68.0
2344 68.0
2345 68.0
2346 68.0
2347 68.0
2348 68.0
2349 68.0
2350 68.0
2351 68.0
2352 68.0
2353 68.0
2354 68.0
2355 68.0
2356 68.0
2357 68.0
2358 68.0
2359 68.0
2360 68.0
2361 68.0
2362 68.0
2363 68.0
2364 68.0
2365 68.0
2366 68.0
2367 68.0
2368 68.0
2369 68.0
2370 68.0
2371 68.0
2372 68.0
2373 68.0
2374 68.0
2375 68.0
2376 68.0
2377 68.0
2378 68.0
2379 68.0
2380 68.0
2381 68.0
2382 68.0
2383 68.0
2384 68.0
2385 68.0
2386 68.0
2387 68.0
2388 68.0
2389 68.0
2390 68.0
2391 68.0
2392 68.0
2393 68.0
2394 68.0
2395 68.0
2396 68.0
2397 68.0
2398 68.0
2399 68.0
2400 68.0
2401 68.0
2402 68.0
2403 68.0
2404 68.0
2405 68.0
2406 68.0
2407 68.0
2408 68.0
2409 68.0
2410 68.0
2411 68.0
2412 68.0
2413 68.0
2414 68.0
2415 68.0
2416 68.0
2417 68.0
2418 68.0
2419 68.0
2420 68.0
2421 68.0
2422 68.0
2423 68.0
2424 68.0
2425 68.0
2426 68.0
2427 68.0
2428 68.0
2429 68.0
2430 68.0
2431 68.0
2432 68.0
2433 68.0
2434 68.0
2435 68.0
2436 68.0
2437 68.0
2438 68.0
2439 68.0
2440 68.0
2441 68.0
2442 68.0
2443 68.0
2444 68.0
2445 68.0
2446 68.0
2447 68.0
2448 68.0
2449 68.0
2450 68.0
2451 68.0
2452 68.0
2453 68.0
2454 68.0
2455 68.0
2456 68.0
2457 68.0
2458 68.0
2459 68.0
2460 68.0
2461 68.0
2462 68.0
2463 68.0
2464 68.0
2465 68.0
2466 68.0
2467 68.0
2468 68.0
2469 68.0
2470 68.0
2471 68.0
2472 68.0
2473 68.0
2474 68.0
2475 68.0
2476 68.0
2477 68.0
2478 68.0
2479 68.0
2480 68.0
2481 68.0
2482 68.0
2483 68.0
2484 68.0
2485 68.0
2486 68.0
2487 68.0
2488 68.0
2489 68.0
2490 68.0
2491 68.0
2492 68.0
2493 68.0
2494 68.0
2495 68.0
2496 68.0
2497 68.0
2498 68.0
2499 68.0
2500 68.0
2501 68.0
2502 68.0
2503 68.0
2504 68.0
2505 68.0
2506 68.0
2507 68.0
2508 68.0
2509 68.0
2510 68.0
2511 68.0
2512 68.0
2513 68.0
2514 68.0
2515 68.0
2516 68.0
2517 68.0
2518 68.0
2519 68.0
2520 68.0
2521 68.0
2522 68.0
2523 68.0
2524 68.0
2525 68.0
2526 68.0
2527 68.0
2528 68.0
2529 68.0
2530 68.0
2531 68.0
2532 68.0
2533 68.0
2534 68.0
2535 68.0
2536 68.0
2537 68.0
2538 68.0
2539 68.0
2540 68.0
2541 68.0
2542 68.0
2543 68.0
2544 68.0
2545 68.0
2546 68.0
2547 68.0
2548 68.0
2549 68.0
2550 68.0
2551 68.0
2552 68.0
2553 68.0
2554 68.0
2555 68.0
2556 68.0
2557 68.0
2558 68.0
2559 68.0
2560 68.0
2561 68.0
2562 68.0
2563 68.0
2564 68.0
2565 68.0
2566 68.0
2567 68.0
2568 68.0
2569 68.0
2570 68.0
2571 68.0
2572 68.0
2573 68.0
2574 68.0
2575 68.0
2576 68.0
2577 68.0
2578 68.0
2579 68.0
2580 68.0
2581 68.0
2582 68.0
2583 68.0
2584 68.0
2585 68.0
2586 68.0
2587 68.0
2588 68.0
2589 68.0
2590 68.0
2591 68.0
2592 68.0
2593 68.0
2594 68.0
2595 68.0
2596 68.0
2597 68.0
2598 68.0
2599 68.0
2600 68.0
2601 68.0
2602 68.0
2603 68.0
2604 68.0
2605 68.0
2606 68.0
2607 68.0
2608 68.0
2609 68.0
2610 68.0
2611 68.0
2612 68.0
2613 68.0
2614 68.0
2615 68.0
2616 68.0
2617 68.0
2618 68.0
2619 68.0
2620 68.0
2621 68.0
2622 68.0
2623 68.0
2624 68.0
2625 68.0
2626 68.0
2627 68.0
2628 68.0
2629 68.0
2630 68.0
2631 68.0
2632 68.0
2633 68.0
2634 68.0
2635 68.0
2636 68.0
2637 68.0
2638 68.0
2639 68.0
2640 68.0
2641 68.0
2642 68.0
2643 68.0
2644 68.0
2645 68.0
2646 68.0
2647 68.0
2648 68.0
2649 68.0
2650 68.0
2651 68.0
2652 68.0
2653 68.0
2654 68.0
2655 68.0
2656 68.0
2657 68.0
2658 68.0
2659 68.0
2660 68.0
2661 68.0
2662 68.0
2663 68.0
2664 68.0
2665 68.0
2666 68.0
2667 68.0
2668 68.0
2669 68.0
2670 68.0
2671 68.0
2672 68.0
2673 68.0
2674 68.0
2675 68.0
2676 68.0
2677 68.0
2678 68.0
2679 68.0
2680 68.0
2681 68.0
2682 68.0
2683 68.0
2684 68.0
2685 68.0
2686 68.0
2687 68.0
2688 68.0
2689 68.0
2690 68.0
2691 68.0
2692 68.0
2693 68.0
2694 68.0
2695 68.0
2696 68.0
2697 68.0
2698 68.0
2699 68.0
2700 68.0
2701 68.0
2702 68.0
2703 68.0
2704 68.0
2705 68.0
2706 68.0
2707 68.0
2708 68.0
2709 68.0
2710 68.0
2711 68.0
2712 68.0
2713 68.0
2714 68.0
2715 68.0
2716 68.0
2717 68.0
2718 68.0
2719 68.0
2720 68.0
2721 68.0
2722 68.0
2723 68.0
2724 68.0
2725 68.0
2726 68.0
2727 68.0
2728 68.0
2729 68.0
2730 68.0
2731 68.0
2732 68.0
2733 68.0
2734 68.0
2735 68.0
2736 68.0
2737 68.0
2738 68.0
2739 68.0
2740 68.0
2741 68.0
2742 68.0
2743 68.0
2744 68.0
2745 68.0
2746 68.0
2747 68.0
2748 68.0
2749 68.0
2750 68.0
2751 68.0
2752 68.0
2753 68.0
2754 68.0
2755 68.0
2756 68.0
2757 68.0
2758 68.0
2759 68.0
2760 68.0
2761 68.0
2762 68.0
2763 68.0
2764 68.0
2765 68.0
2766 68.0
2767 68.0
2768 68.0
2769 68.0
2770 68.0
2771 68.0
2772 68.0
2773 68.0
2774 68.0
2775 68.0
2776 68.0
2777 68.0
2778 68.0
2779 68.0
2780 68.0
2781 68.0
2782 68.0
2783 68.0
2784 68.0
2785 68.0
2786 68.0
2787 68.0
2788 68.0
2789 68.0
2790 68.0
2791 68.0
2792 68.0
2793 68.0
2794 68.0
2795 68.0
2796 68.0
2797 68.0
2798 68.0
2799 68.0
2800 68.0
2801 68.0
2802 68.0
2803 68.0
2804 68.0
2805 68.0
2806 68.0
2807 68.0
2808 68.0
2809 68.0
2810 68.0
2811 68.0
2812 68.0
2813 68.0
2814 68.0
2815 68.0
2816 68.0
2817 68.0
2818 68.0
2819 68.0
2820 68.0
2821 68.0
2822 68.0
2823 68.0
2824 68.0
2825 68.0
2826 68.0
2827 68.0
2828 68.0
2829 68.0
2830 68.0
2831 68.0
2832 68.0
2833 68.0
2834 68.0
2835 68.0
2836 68.0
2837 68.0
2838 68.0
2839 68.0
2840 68.0
2841 68.0
2842 68.0
2843 68.0
2844 68.0
2845 68.0
2846 68.0
2847 68.0
2848 68.0
2849 68.0
2850 68.0
2851 68.0
2852 68.0
2853 68.0
2854 68.0
2855 68.0
2856 68.0
2857 68.0
2858 68.0
2859 68.0
2860 68.0
2861 68.0
2862 68.0
2863 68.0
2864 68.0
2865 68.0
2866 68.0
2867 68.0
2868 68.0
2869 68.0
2870 68.0
2871 68.0
2872 68.0
2873 68.0
2874 68.0
2875 68.0
2876 68.0
2877 68.0
2878 68.0
2879 68.0
2880 68.0
2881 68.0
2882 68.0
2883 68.0
2884 68.0
2885 68.0
2886 68.0
2887 68.0
2888 68.0
2889 68.0
2890 68.0
2891 68.0
2892 68.0
2893 68.0
2894 68.0
2895 68.0
2896 68.0
2897 68.0
2898 68.0
2899 68.0
2900 68.0
2901 68.0
2902 68.0
2903 68.0
2904 68.0
2905 68.0
2906 68.0
2907 68.0
2908 68.0
2909 68.0
2910 68.0
2911 68.0
2912 68.0
2913 68.0
2914 68.0
2915 68.0
2916 68.0
2917 68.0
2918 68.0
2919 68.0
2920 68.0
2921 68.0
2922 68.0
2923 68.0
2924 68.0
2925 68.0
2926 68.0
2927 68.0
2928 68.0
2929 68.0
2930 68.0
2931 68.0
2932 68.0
2933 68.0
2934 68.0
2935 68.0
2936 68.0
2937 68.0
2938 68.0
2939 68.0
2940 68.0
2941 68.0
2942 68.0
2943 68.0
2944 68.0
2945 68.0
2946 68.0
2947 68.0
2948 68.0
2949 68.0
2950 68.0
2951 68.0
2952 68.0
2953 68.0
2954 68.0
2955 68.0
2956 68.0
2957 68.0
2958 68.0
2959 68.0
2960 68.0
2961 68.0
2962 68.0
2963 68.0
2964 68.0
2965 68.0
2966 68.0
2967 68.0
2968 68.0
2969 68.0
2970 68.0
2971 68.0
2972 68.0
2973 68.0
2974 68.0
2975 68.0
2976 68.0
2977 68.0
2978 68.0
2979 68.0
2980 68.0
2981 68.0
2982 68.0
2983 68.0
2984 68.0
2985 68.0
2986 68.0
2987 68.0
2988 68.0
2989 68.0
2990 68.0
2991 68.0
2992 68.0
2993 68.0
2994 68.0
2995 68.0
2996 68.0
2997 68.0
2998 68.0
2999 68.0
3000 68.0
3001 68.0
3002 68.0
3003 68.0
3004 68.0
3005 68.0
3006 68.0
3007 68.0
3008 68.0
3009 68.0
3010 68.0
3011 68.0
3012 68.0
3013 68.0
3014 68.0
3015 68.0
3016 68.0
3017 68.0
3018 68.0
3019 68.0
3020 68.0
3021 68.0
3022 68.0
3023 68.0
3024 68.0
3025 68.0
3026 68.0
3027 68.0
3028 68.0
3029 68.0
3030 68.0
3031 68.0
3032 68.0
3033 68.0
3034 68.0
3035 68.0
3036 68.0
3037 68.0
3038 68.0
3039 68.0
3040 68.0
3041 68.0
3042 68.0
3043 68.0
3044 68.0
3045 68.0
3046 68.0
3047 68.0
3048 68.0
3049 68.0
3050 68.0
3051 68.0
3052 68.0
3053 68.0
3054 68.0
3055 68.0
3056 68.0
3057 68.0
3058 68.0
3059 68.0
3060 68.0
3061 68.0
3062 68.0
3063 68.0
3064 68.0
3065 68.0
3066 68.0
3067 68.0
3068 68.0
3069 68.0
3070 68.0
3071 68.0
3072 68.0
3073 68.0
3074 68.0
3075 68.0
3076 68.0
3077 68.0
3078 68.0
3079 68.0
3080 68.0
3081 68.0
3082 68.0
3083 68.0
3084 68.0
3085 68.0
3086 68.0
3087 68.0
3088 68.0
3089 68.0
3090 68.0
3091 68.0
3092 68.0
3093 68.0
3094 68.0
3095 68.0
3096 68.0
3097 68.0
3098 68.0
3099 68.0
3100 68.0
3101 68.0
3102 68.0
3103 68.0
3104 68.0
3105 68.0
3106 68.0
3107 68.0
3108 68.0
3109 68.0
3110 68.0
3111 68.0
3112 68.0
3113 68.0
3114 68.0
3115 68.0
3116 68.0
3117 68.0
3118 68.0
3119 68.0
3120 68.0
3121 68.0
3122 68.0
3123 68.0
3124 68.0
3125 68.0
3126 68.0
3127 68.0
3128 68.0
3129 68.0
3130 68.0
3131 68.0
3132 68.0
3133 68.0
3134 68.0
3135 68.0
3136 68.0
3137 68.0
3138 68.0
3139 68.0
3140 68.0
3141 68.0
3142 68.0
3143 68.0
3144 68.0
3145 68.0
3146 68.0
3147 68.0
3148 68.0
3149 68.0
3150 68.0
3151 68.0
3152 68.0
3153 68.0
3154 68.0
3155 68.0
3156 68.0
3157 68.0
3158 68.0
3159 68.0
3160 68.0
3161 68.0
3162 68.0
3163 68.0
3164 68.0
3165 68.0
3166 68.0
3167 68.0
3168 68.0
3169 68.0
3170 68.0
3171 68.0
3172 68.0
3173 68.0
3174 68.0
3175 68.0
3176 68.0
3177 68.0
3178 68.0
3179 68.0
3180 68.0
3181 68.0
3182 68.0
3183 68.0
3184 68.0
3185 68.0
3186 68.0
3187 68.0
3188 68.0
3189 68.0
3190 68.0
3191 68.0
3192 68.0
3193 68.0
3194 68.0
3195 68.0
3196 68.0
3197 68.0
3198 68.0
3199 68.0
3200 68.0
3201 68.0
3202 68.0
3203 68.0
3204 68.0
3205 68.0
3206 68.0
3207 68.0
3208 68.0
3209 68.0
3210 68.0
3211 68.0
3212 68.0
3213 68.0
3214 68.0
3215 68.0
3216 68.0
3217 68.0
3218 68.0
3219 68.0
3220 68.0
3221 68.0
3222 68.0
3223 68.0
3224 68.0
3225 68.0
3226 68.0
3227 68.0
3228 68.0
3229 68.0
3230 68.0
3231 68.0
3232 68.0
3233 68.0
3234 68.0
3235 68.0
3236 68.0
3237 68.0
3238 68.0
3239 68.0
3240 68.0
3241 68.0
3242 68.0
3243 68.0
3244 68.0
3245 68.0
3246 68.0
3247 68.0
3248 68.0
3249 68.0
3250 68.0
3251 68.0
3252 68.0
3253 68.0
3254 68.0
3255 68.0
3256 68.0
3257 68.0
3258 68.0
3259 68.0
3260 68.0
3261 68.0
3262 68.0
3263 68.0
3264 68.0
3265 68.0
3266 68.0
3267 68.0
3268 68.0
3269 68.0
3270 68.0
3271 68.0
3272 68.0
3273 68.0
3274 68.0
3275 68.0
3276 68.0
3277 68.0
3278 68.0
3279 68.0
3280 68.0
3281 68.0
3282 68.0
3283 68.0
3284 68.0
3285 68.0
3286 68.0
3287 68.0
3288 68.0
3289 68.0
3290 68.0
3291 68.0
3292 68.0
3293 68.0
3294 68.0
3295 68.0
3296 68.0
3297 68.0
3298 68.0
3299 68.0
3300 68.0
3301 68.0
3302 68.0
3303 68.0
3304 68.0
3305 68.0
3306 68.0
3307 68.0
3308 68.0
3309 68.0
3310 68.0
3311 68.0
3312 68.0
3313 68.0
3314 68.0
3315 68.0
3316 68.0
3317 68.0
3318 68.0
3319 68.0
3320 68.0
3321 68.0
3322 68.0
3323 68.0
3324 68.0
3325 68.0
3326 68.0
3327 68.0
3328 68.0
3329 68.0
3330 68.0
3331 68.0
3332 68.0
3333 68.0
3334 68.0
3335 68.0
3336 68.0
3337 68.0
3338 68.0
3339 68.0
3340 68.0
3341 68.0
3342 68.0
3343 68.0
3344 68.0
3345 68.0
3346 68.0
3347 68.0
3348 68.0
3349 68.0
3350 68.0
3351 68.0
3352 68.0
3353 68.0
3354 68.0
3355 68.0
3356 68.0
3357 68.0
3358 68.0
3359 68.0
3360 68.0
3361 68.0
3362 68.0
3363 68.0
3364 68.0
3365 68.0
3366 68.0
3367 68.0
3368 68.0
3369 68.0
3370 68.0
3371 68.0
3372 68.0
3373 68.0
3374 68.0
3375 68.0
3376 68.0
3377 68.0
3378 68.0
3379 68.0
3380 68.0
3381 68.0
3382 68.0
3383 68.0
3384 68.0
3385 68.0
3386 68.0
3387 68.0
3388 68.0
3389 68.0
3390 68.0
3391 68.0
3392 68.0
3393 68.0
3394 68.0
3395 68.0
3396 68.0
3397 68.0
3398 68.0
3399 68.0
3400 68.0
3401 68.0
3402 68.0
3403 68.0
3404 68.0
3405 68.0
3406 68.0
3407 68.0
3408 68.0
3409 68.0
3410 68.0
3411 68.0
3412 68.0
3413 68.0
3414 68.0
3415 68.0
3416 68.0
3417 68.0
3418 68.0
3419 68.0
3420 68.0
3421 68.0
3422 68.0
3423 68.0
3424 68.0
3425 68.0
3426 68.0
3427 68.0
3428 68.0
3429 68.0
3430 68.0
3431 68.0
3432 68.0
3433 68.0
3434 68.0
3435 68.0
3436 68.0
3437 68.0
3438 68.0
3439 68.0
3440 68.0
3441 68.0
3442 68.0
3443 68.0
3444 68.0
3445 68.0
3446 68.0
3447 68.0
3448 68.0
3449 68.0
3450 68.0
3451 68.0
3452 68.0
3453 68.0
3454 68.0
3455 68.0
3456 68.0
3457 68.0
3458 68.0
3459 68.0
3460 68.0
3461 68.0
3462 68.0
3463 68.0
3464 68.0
3465 68.0
3466 68.0
3467 68.0
3468 68.0
3469 68.0
3470 68.0
3471 68.0
3472 68.0
3473 68.0
3474 68.0
3475 68.0
3476 68.0
3477 68.0
3478 68.0
3479 68.0
3480 68.0
3481 68.0
3482 68.0
3483 68.0
3484 68.0
3485 68.0
3486 68.0
3487 68.0
3488 68.0
3489 68.0
3490 68.0
3491 68.0
3492 68.0
3493 68.0
3494 68.0
3495 68.0
3496 68.0
3497 68.0
3498 68.0
3499 68.0
3500 68.0
3501 68.0
3502 68.0
3503 68.0
3504 68.0
3505 68.0
3506 68.0
3507 68.0
3508 68.0
3509 68.0
3510 68.0
3511 68.0
3512 68.0
3513 68.0
3514 68.0
3515 68.0
3516 68.0
3517 68.0
3518 68.0
3519 68.0
3520 68.0
3521 68.0
3522 68.0
3523 68.0
3524 68.0
3525 68.0
3526 68.0
3527 68.0
3528 68.0
3529 68.0
3530 68.0
3531 68.0
3532 68.0
3533 68.0
3534 68.0
3535 68.0
3536 68.0
3537 68.0
3538 68.0
3539 68.0
3540 68.0
3541 68.0
3542 68.0
3543 68.0
3544 68.0
3545 68.0
3546 68.0
3547 68.0
3548 68.0
3549 68.0
3550 68.0
3551 68.0
3552 68.0
3553 68.0
3554 68.0
3555 68.0
3556 68.0
3557 68.0
3558 68.0
3559 68.0
3560 68.0
3561 68.0
3562 68.0
3563 68.0
3564 68.0
3565 68.0
3566 68.0
3567 68.0
3568 68.0
3569 68.0
3570 68.0
3571 68.0
3572 68.0
3573 68.0
3574 68.0
3575 68.0
3576 68.0
3577 68.0
3578 68.0
3579 68.0
3580 68.0
3581 68.0
3582 68.0
3583 68.0
3584 68.0
3585 68.0
3586 68.0
3587 68.0
3588 68.0
3589 68.0
3590 68.0
3591 68.0
3592 68.0
3593 68.0
3594 68.0
3595 68.0
3596 68.0
3597 68.0
3598 68.0
3599 68.0
3600 68.0
3601 68.0
3602 68.0
3603 68.0
3604 68.0
3605 68.0
3606 68.0
3607 68.0
3608 68.0
3609 68.0
3610 68.0
3611 68.0
3612 68.0
3613 68.0
3614 68.0
3615 68.0
3616 68.0
3617 68.0
3618 68.0
3619 68.0
3620 68.0
3621 68.0
3622 68.0
3623 68.0
3624 68.0
3625 68.0
3626 68.0
3627 68.0
3628 68.0
3629 68.0
3630 68.0
3631 68.0
3632 68.0
3633 68.0
3634 68.0
3635 68.0
3636 68.0
3637 68.0
3638 68.0
3639 68.0
3640 68.0
3641 68.0
3642 68.0
3643 68.0
3644 68.0
3645 68.0
3646 68.0
3647 68.0
3648 68.0
3649 68.0
3650 68.0
3651 68.0
3652 68.0
3653 68.0
3654 68.0
3655 68.0
3656 68.0
3657 68.0
3658 68.0
3659 68.0
3660 68.0
3661 68.0
3662 68.0
3663 68.0
3664 68.0
3665 68.0
3666 68.0
3667 68.0
3668 68.0
3669 68.0
3670 68.0
3671 68.0
3672 68.0
3673 68.0
3674 68.0
3675 68.0
3676 68.0
3677 68.0
3678 68.0
3679 68.0
3680 68.0
3681 68.0
3682 68.0
3683 68.0
3684 68.0
3685 68.0
3686 68.0
3687 68.0
3688 68.0
3689 68.0
3690 68.0
3691 68.0
3692 68.0
3693 68.0
3694 68.0
3695 68.0
3696 68.0
3697 68.0
3698 68.0
3699 68.0
3700 68.0
3701 68.0
3702 68.0
3703 68.0
3704 68.0
3705 68.0
3706 68.0
3707 68.0
3708 68.0
3709 68.0
3710 68.0
3711 68.0
3712 68.0
3713 68.0
3714 68.0
3715 68.0
3716 68.0
3717 68.0
3718 68.0
3719 68.0
3720 68.0
3721 68.0
3722 68.0
3723 68.0
3724 68.0
3725 68.0
3726 68.0
3727 68.0
3728 68.0
3729 68.0
3730 68.0
3731 68.0
3732 68.0
3733 68.0
3734 68.0
3735 68.0
3736 68.0
3737 68.0
3738 68.0
3739 68.0
3740 68.0
3741 68.0
3742 68.0
3743 68.0
3744 68.0
3745 68.0
3746 68.0
3747 68.0
3748 68.0
3749 68.0
3750 68.0
3751 68.0
3752 68.0
3753 68.0
3754 68.0
3755 68.0
3756 68.0
3757 68.0
3758 68.0
3759 68.0
3760 68.0
3761 68.0
3762 68.0
3763 68.0
3764 68.0
3765 68.0
3766 68.0
3767 68.0
3768 68.0
3769 68.0
3770 68.0
3771 68.0
3772 68.0
3773 68.0
3774 68.0
3775 68.0
3776 68.0
3777 68.0
3778 68.0
3779 68.0
3780 68.0
3781 68.0
3782 68.0
3783 68.0
3784 68.0
3785 68.0
3786 68.0
3787 68.0
3788 68.0
3789 68.0
3790 68.0
3791 68.0
3792 68.0
3793 68.0
3794 68.0
3795 68.0
3796 68.0
3797 68.0
3798 68.0
3799 68.0
3800 68.0
3801 68.0
3802 68.0
3803 68.0
3804 68.0
3805 68.0
3806 68.0
3807 68.0
3808 68.0
3809 68.0
3810 68.0
3811 68.0
3812 68.0
3813 68.0
3814 68.0
3815 68.0
3816 68.0
3817 68.0
3818 68.0
3819 68.0
3820 68.0
3821 68.0
3822 68.0
3823 68.0
3824 68.0
3825 68.0
3826 68.0
3827 68.0
3828 68.0
3829 68.0
3830 68.0
3831 68.0
3832 68.0
3833 68.0
3834 68.0
3835 68.0
3836 68.0
3837 68.0
3838 68.0
3839 68.0
3840 68.0
3841 68.0
3842 68.0
3843 68.0
3844 68.0
3845 68.0
3846 68.0
3847 68.0
3848 68.0
3849 68.0
3850 68.0
3851 68.0
3852 68.0
3853 68.0
3854 68.0
3855 68.0
3856 68.0
3857 68.0
3858 68.0
3859 68.0
3860 68.0
3861 68.0
3862 68.0
3863 68.0
3864 68.0
3865 68.0
3866 68.0
3867 68.0
3868 68.0
3869 68.0
3870 68.0
3871 68.0
3872 68.0
3873 68.0
3874 68.0
3875 68.0
3876 68.0
3877 68.0
3878 68.0
3879 68.0
3880 68.0
3881 68.0
3882 68.0
3883 68.0
3884 68.0
3885 68.0
3886 68.0
3887 68.0
3888 68.0
3889 68.0
3890 68.0
3891 68.0
3892 68.0
3893 68.0
3894 68.0
3895 68.0
3896 68.0
3897 68.0
3898 68.0
3899 68.0
3900 68.0
3901 68.0
3902 68.0
3903 68.0
3904 68.0
3905 68.0
3906 68.0
3907 68.0
3908 68.0
3909 68.0
3910 68.0
3911 68.0
3912 68.0
3913 68.0
3914 68.0
3915 68.0
3916 68.0
3917 68.0
3918 68.0
3919 68.0
3920 68.0
3921 68.0
3922 68.0
3923 68.0
3924 68.0
3925 68.0
3926 68.0
3927 68.0
3928 68.0
3929 68.0
3930 68.0
3931 68.0
3932 68.0
3933 68.0
3934 68.0
3935 68.0
3936 68.0
3937 68.0
3938 68.0
3939 68.0
3940 68.0
3941 68.0
3942 68.0
3943 68.0
3944 68.0
3945 68.0
3946 68.0
3947 68.0
3948 68.0
3949 68.0
3950 68.0
3951 68.0
3952 68.0
3953 68.0
3954 68.0
3955 68.0
3956 68.0
3957 68.0
3958 68.0
3959 68.0
3960 68.0
3961 68.0
3962 68.0
3963 68.0
3964 68.0
3965 68.0
3966 68.0
3967 68.0
3968 68.0
3969 68.0
3970 68.0
3971 68.0
3972 68.0
3973 68.0
3974 68.0
3975 68.0
3976 68.0
3977 68.0
3978 68.0
3979 68.0
3980 68.0
3981 68.0
3982 68.0
3983 68.0
3984 68.0
3985 68.0
3986 68.0
3987 68.0
3988 68.0
3989 68.0
3990 68.0
3991 68.0
3992 68.0
3993 68.0
3994 68.0
3995 68.0
3996 68.0
3997 68.0
3998 68.0
3999 68.0
4000 68.0
4001 68.0
4002 68.0
4003 68.0
4004 68.0
4005 68.0
4006 68.0
4007 68.0
4008 68.0
4009 68.0
4010 68.0
4011 68.0
4012 68.0
4013 68.0
4014 68.0
4015 68.0
4016 68.0
4017 68.0
4018 68.0
4019 68.0
4020 68.0
4021 68.0
4022 68.0
4023 68.0
4024 68.0
4025 68.0
4026 68.0
4027 68.0
4028 68.0
4029 68.0
4030 68.0
4031 68.0
4032 68.0
4033 68.0
4034 68.0
4035 68.0
4036 68.0
4037 68.0
4038 68.0
4039 68.0
4040 68.0
4041 68.0
4042 68.0
4043 68.0
4044 68.0
4045 68.0
4046 68.0
4047 68.0
4048 68.0
4049 68.0
4050 68.0
4051 68.0
4052 68.0
4053 68.0
4054 68.0
4055 68.0
4056 68.0
4057 68.0
4058 68.0
4059 68.0
4060 68.0
4061 68.0
4062 68.0
4063 68.0
4064 68.0
4065 68.0
4066 68.0
4067 68.0
4068 68.0
4069 68.0
4070 68.0
4071 68.0
4072 68.0
4073 68.0
4074 68.0
4075 68.0
4076 68.0
4077 68.0
4078 68.0
4079 68.0
4080 68.0
4081 68.0
4082 68.0
4083 68.0
4084 68.0
4085 68.0
4086 68.0
4087 68.0
4088 68.0
4089 68.0
4090 68.0
4091 68.0
4092 68.0
4093 68.0
4094 68.0
4095 68.0
4096 68.0
4097 68.0
4098 68.0
4099 68.0
4100 68.0
4101 68.0
4102 68.0
4103 68.0
4104 68.0
4105 68.0
4106 68.0
4107 68.0
4108 68.0
4109 68.0
4110 68.0
4111 68.0
4112 68.0
4113 68.0
4114 68.0
4115 68.0
4116 68.0
4117 68.0
4118 68.0
4119 68.0
4120 68.0
4121 68.0
4122 68.0
4123 68.0
4124 68.0
4125 68.0
4126 68.0
4127 68.0
4128 68.0
4129 68.0
4130 68.0
4131 68.0
4132 68.0
4133 68.0
4134 68.0
4135 68.0
4136 68.0
4137 68.0
4138 68.0
4139 68.0
4140 68.0
4141 68.0
4142 68.0
4143 68.0
4144 68.0
4145 68.0
4146 68.0
4147 68.0
4148 68.0
4149 68.0
4150 68.0
4151 68.0
4152 68.0
4153 68.0
4154 68.0
4155 68.0
4156 68.0
4157 68.0
4158 68.0
4159 68.0
4160 68.0
4161 68.0
4162 68.0
4163 68.0
4164 68.0
4165 68.0
4166 68.0
4167 68.0
4168 68.0
4169 68.0
4170 68.0
4171 68.0
4172 68.0
4173 68.0
4174 68.0
4175 68.0
4176 68.0
4177 68.0
4178 68.0
4179 68.0
4180 68.0
4181 68.0
4182 68.0
4183 68.0
4184 68.0
4185 68.0
4186 68.0
4187 68.0
4188 68.0
4189 68.0
4190 68.0
4191 68.0
4192 68.0
4193 68.0
4194 68.0
4195 68.0
4196 68.0
4197 68.0
4198 68.0
4199 68.0
4200 68.0
4201 68.0
4202 68.0
4203 68.0
4204 68.0
4205 68.0
4206 68.0
4207 68.0
4208 68.0
4209 68.0
4210 68.0
4211 68.0
4212 68.0
4213 68.0
4214 68.0
4215 68.0
4216 68.0
4217 68.0
4218 68.0
4219 68.0
4220 68.0
4221 68.0
4222 68.0
4223 68.0
4224 68.0
4225 68.0
4226 68.0
4227 68.0
4228 68.0
4229 68.0
4230 68.0
4231 68.0
4232 68.0
4233 68.0
4234 68.0
4235 68.0
4236 68.0
4237 68.0
4238 68.0
4239 68.0
4240 68.0
4241 68.0
4242 68.0
4243 68.0
4244 68.0
4245 68.0
4246 68.0
4247 68.0
4248 68.0
4249 68.0
4250 68.0
4251 68.0
4252 68.0
4253 68.0
4254 68.0
4255 68.0
4256 68.0
4257 68.0
4258 68.0
4259 68.0
4260 68.0
4261 68.0
4262 68.0
4263 68.0
4264 68.0
4265 68.0
4266 68.0
4267 68.0
4268 68.0
4269 68.0
4270 68.0
4271 68.0
4272 68.0
4273 68.0
4274 68.0
4275 68.0
4276 68.0
4277 68.0
4278 68.0
4279 68.0
4280 68.0
4281 68.0
4282 68.0
4283 68.0
4284 68.0
4285 68.0
4286 68.0
4287 68.0
4288 68.0
4289 68.0
4290 68.0
4291 68.0
4292 68.0
4293 68.0
4294 68.0
4295 68.0
4296 68.0
4297 68.0
4298 68.0
4299 68.0
4300 68.0
4301 68.0
4302 68.0
4303 68.0
4304 68.0
4305 68.0
4306 68.0
4307 68.0
4308 68.0
4309 68.0
4310 68.0
4311 68.0
4312 68.0
4313 68.0
4314 68.0
4315 68.0
4316 68.0
4317 68.0
4318 68.0
4319 68.0
4320 68.0
4321 68.0
4322 68.0
4323 68.0
4324 68.0
4325 68.0
4326 68.0
4327 68.0
4328 68.0
4329 68.0
4330 68.0
4331 68.0
4332 68.0
4333 68.0
4334 68.0
4335 68.0
4336 68.0
4337 68.0
4338 68.0
4339 68.0
4340 68.0
4341 68.0
4342 68.0
4343 68.0
4344 68.0
4345 68.0
4346 68.0
4347 68.0
4348 68.0
4349 68.0
4350 68.0
4351 68.0
4352 68.0
4353 68.0
4354 68.0
4355 68.0
4356 68.0
4357 68.0
4358 68.0
4359 68.0
4360 68.0
4361 68.0
4362 68.0
4363 68.0
4364 68.0
4365 68.0
4366 68.0
4367 68.0
4368 68.0
4369 68.0
4370 68.0
4371 68.0
4372 68.0
4373 68.0
4374 68.0
4375 68.0
4376 68.0
4377 68.0
4378 68.0
4379 68.0
4380 68.0
4381 68.0
4382 68.0
4383 68.0
4384 68.0
4385 68.0
4386 68.0
4387 68.0
4388 68.0
4389 68.0
4390 68.0
4391 68.0
4392 68.0
4393 68.0
4394 68.0
4395 68.0
4396 68.0
4397 68.0
4398 68.0
4399 68.0
4400 68.0
4401 68.0
4402 68.0
4403 68.0
4404 68.0
4405 68.0
4406 68.0
4407 68.0
4408 68.0
4409 68.0
4410 68.0
4411 68.0
4412 68.0
4413 68.0
4414 68.0
4415 68.0
4416 68.0
4417 68.0
4418 68.0
4419 68.0
4420 68.0
4421 68.0
4422 68.0
4423 68.0
4424 68.0
4425 68.0
4426 68.0
4427 68.0
4428 68.0
4429 68.0
4430 68.0
4431 68.0
4432 68.0
4433 68.0
4434 68.0
4435 68.0
4436 68.0
4437 68.0
4438 68.0
4439 68.0
4440 68.0
4441 68.0
4442 68.0
4443 68.0
4444 68.0
4445 68.0
4446 68.0
4447 68.0
4448 68.0
4449 68.0
4450 68.0
4451 68.0
4452 68.0
4453 68.0
4454 68.0
4455 68.0
4456 68.0
4457 68.0
4458 68.0
4459 68.0
4460 68.0
4461 68.0
4462 68.0
4463 68.0
4464 68.0
4465 68.0
4466 68.0
4467 68.0
4468 68.0
4469 68.0
4470 68.0
4471 68.0
4472 68.0
4473 68.0
4474 68.0
4475 68.0
4476 68.0
4477 68.0
4478 68.0
4479 68.0
4480 68.0
4481 68.0
4482 68.0
4483 68.0
4484 68.0
4485 68.0
4486 68.0
4487 68.0
4488 68.0
4489 68.0
4490 68.0
4491 68.0
4492 68.0
4493 68.0
4494 68.0
4495 68.0
4496 68.0
4497 68.0
4498 68.0
4499 68.0
4500 68.0
4501 68.0
4502 68.0
4503 68.0
4504 68.0
4505 68.0
4506 68.0
4507 68.0
4508 68.0
4509 68.0
4510 68.0
4511 68.0
4512 68.0
4513 68.0
4514 68.0
4515 68.0
4516 68.0
4517 68.0
4518 68.0
4519 68.0
4520 68.0
4521 68.0
4522 68.0
4523 68.0
4524 68.0
4525 68.0
4526 68.0
4527 68.0
4528 68.0
4529 68.0
4530 68.0
4531 68.0
4532 68.0
4533 68.0
4534 68.0
4535 68.0
4536 68.0
4537 68.0
4538 68.0
4539 68.0
4540 68.0
4541 68.0
4542 68.0
4543 68.0
4544 68.0
4545 68.0
4546 68.0
4547 68.0
4548 68.0
4549 68.0
4550 68.0
4551 68.0
4552 68.0
4553 68.0
4554 68.0
4555 68.0
4556 68.0
4557 68.0
4558 68.0
4559 68.0
4560 68.0
4561 68.0
4562 68.0
4563 68.0
4564 68.0
4565 68.0
4566 68.0
4567 68.0
4568 68.0
4569 68.0
4570 68.0
4571 68.0
4572 68.0
4573 68.0
4574 68.0
4575 68.0
4576 68.0
4577 68.0
4578 68.0
4579 68.0
4580 68.0
4581 68.0
4582 68.0
4583 68.0
4584 68.0
4585 68.0
4586 68.0
4587 68.0
4588 68.0
4589 68.0
4590 68.0
4591 68.0
4592 68.0
4593 68.0
4594 68.0
4595 68.0
4596 68.0
4597 68.0
4598 68.0
4599 68.0
4600 68.0
4601 68.0
4602 68.0
4603 68.0
4604 68.0
4605 68.0
4606 68.0
4607 68.0
4608 68.0
4609 68.0
4610 68.0
4611 68.0
4612 68.0
4613 68.0
4614 68.0
4615 68.0
4616 68.0
4617 68.0
4618 68.0
4619 68.0
4620 68.0
4621 68.0
4622 68.0
4623 68.0
4624 68.0
4625 68.0
4626 68.0
4627 68.0
4628 68.0
4629 68.0
4630 68.0
4631 68.0
4632 68.0
4633 68.0
4634 68.0
4635 68.0
4636 68.0
4637 68.0
4638 68.0
4639 68.0
4640 68.0
4641 68.0
4642 68.0
4643 68.0
4644 68.0
4645 68.0
4646 68.0
4647 68.0
4648 68.0
4649 68.0
4650 68.0
4651 68.0
4652 68.0
4653 68.0
4654 68.0
4655 68.0
4656 68.0
4657 68.0
4658 68.0
4659 68.0
4660 68.0
4661 68.0
4662 68.0
4663 68.0
4664 68.0
4665 68.0
4666 68.0
4667 68.0
4668 68.0
4669 68.0
4670 68.0
4671 68.0
4672 68.0
4673 68.0
4674 68.0
4675 68.0
4676 68.0
4677 68.0
4678 68.0
4679 68.0
4680 68.0
4681 68.0
4682 68.0
4683 68.0
4684 68.0
4685 68.0
4686 68.0
4687 68.0
4688 68.0
4689 68.0
4690 68.0
4691 68.0
4692 68.0
4693 68.0
4694 68.0
4695 68.0
4696 68.0
4697 68.0
4698 68.0
4699 68.0
4700 68.0
4701 68.0
4702 68.0
4703 68.0
4704 68.0
4705 68.0
4706 68.0
4707 68.0
4708 68.0
4709 68.0
4710 68.0
4711 68.0
4712 68.0
4713 68.0
4714 68.0
4715 68.0
4716 68.0
4717 68.0
4718 68.0
4719 68.0
4720 68.0
4721 68.0
4722 68.0
4723 68.0
4724 68.0
4725 68.0
4726 68.0
4727 68.0
4728 68.0
4729 68.0
4730 68.0
4731 68.0
4732 68.0
4733 68.0
4734 68.0
4735 68.0
4736 68.0
4737 68.0
4738 68.0
4739 68.0
4740 68.0
4741 68.0
4742 68.0
4743 68.0
4744 68.0
4745 68.0
4746 68.0
4747 68.0
4748 68.0
4749 68.0
4750 68.0
4751 68.0
4752 68.0
4753 68.0
4754 68.0
4755 68.0
4756 68.0
4757 68.0
4758 68.0
4759 68.0
4760 68.0
4761 68.0
4762 68.0
4763 68.0
4764 68.0
4765 68.0
4766 68.0
4767 68.0
4768 68.0
4769 68.0
4770 68.0
4771 68.0
4772 68.0
4773 68.0
4774 68.0
4775 68.0
4776 68.0
4777 68.0
4778 68.0
4779 68.0
4780 68.0
4781 68.0
4782 68.0
4783 68.0
4784 68.0
4785 68.0
4786 68.0
4787 68.0
4788 68.0
4789 68.0
4790 68.0
4791 68.0
4792 68.0
4793 68.0
4794 68.0
4795 68.0
4796 68.0
4797 68.0
4798 68.0
4799 68.0
4800 68.0
4801 68.0
4802 68.0
4803 68.0
4804 68.0
4805 68.0
4806 68.0
4807 68.0
4808 68.0
4809 68.0
4810 68.0
4811 68.0
4812 68.0
4813 68.0
4814 68.0
4815 68.0
4816 68.0
4817 68.0
4818 68.0
4819 68.0
4820 68.0
4821 68.0
4822 68.0
4823 68.0
4824 68.0
4825 68.0
4826 68.0
4827 68.0
4828 68.0
4829 68.0
4830 68.0
4831 68.0
4832 68.0
4833 68.0
4834 68.0
4835 68.0
4836 68.0
4837 68.0
4838 68.0
4839 68.0
4840 68.0
4841 68.0
4842 68.0
4843 68.0
4844 68.0
4845 68.0
4846 68.0
4847 68.0
4848 68.0
4849 68.0
4850 68.0
4851 68.0
4852 68.0
4853 68.0
4854 68.0
4855 68.0
4856 68.0
4857 68.0
4858 68.0
4859 68.0
4860 68.0
4861 68.0
4862 68.0
4863 68.0
4864 68.0
4865 68.0
4866 68.0
4867 68.0
4868 68.0
4869 68.0
4870 68.0
4871 68.0
4872 68.0
4873 68.0
4874 68.0
4875 68.0
4876 68.0
4877 68.0
4878 68.0
4879 68.0
4880 68.0
4881 68.0
4882 68.0
4883 68.0
4884 68.0
4885 68.0
4886 68.0
4887 68.0
4888 68.0
4889 68.0
4890 68.0
4891 68.0
4892 68.0
4893 68.0
4894 68.0
4895 68.0
4896 68.0
4897 68.0
4898 68.0
4899 68.0
4900 68.0
4901 68.0
4902 68.0
4903 68.0
4904 68.0
4905 68.0
4906 68.0
4907 68.0
4908 68.0
4909 68.0
4910 68.0
4911 68.0
4912 68.0
4913 68.0
4914 68.0
4915 68.0
4916 68.0
4917 68.0
4918 68.0
4919 68.0
4920 68.0
4921 68.0
4922 68.0
4923 68.0
4924 68.0
4925 68.0
4926 68.0
4927 68.0
4928 68.0
4929 68.0
4930 68.0
4931 68.0
4932 68.0
4933 68.0
4934 68.0
4935 68.0
4936 68.0
4937 68.0
4938 68.0
4939 68.0
4940 68.0
4941 68.0
4942 68.0
4943 68.0
4944 68.0
4945 68.0
4946 68.0
4947 68.0
4948 68.0
4949 68.0
4950 68.0
4951 68.0
4952 68.0
4953 68.0
4954 68.0
4955 68.0
4956 68.0
4957 68.0
4958 68.0
4959 68.0
4960 68.0
4961 68.0
4962 68.0
4963 68.0
4964 68.0
4965 68.0
4966 68.0
4967 68.0
4968 68.0
4969 68.0
4970 68.0
4971 68.0
4972 68.0
4973 68.0
4974 68.0
4975 68.0
4976 68.0
4977 68.0
4978 68.0
4979 68.0
4980 68.0
4981 68.0
4982 68.0
4983 68.0
4984 68.0
4985 68.0
4986 68.0
4987 68.0
4988 68.0
4989 68.0
4990 68.0
4991 68.0
4992 68.0
4993 68.0
4994 68.0
4995 68.0
4996 68.0
4997 68.0
4998 68.0
4999 68.0
5000 68.0
5001 68.0
5002 68.0
5003 68.0
5004 68.0
5005 68.0
5006 68.0
5007 68.0
5008 68.0
5009 68.0
5010 68.0
5011 68.0
5012 68.0
5013 68.0
5014 68.0
5015 68.0
5016 68.0
5017 68.0
5018 68.0
5019 68.0
5020 68.0
5021 68.0
5022 68.0
5023 68.0
5024 68.0
5025 68.0
5026 68.0
5027 68.0
5028 68.0
5029 68.0
5030 68.0
5031 68.0
5032 68.0
5033 68.0
5034 68.0
5035 68.0
5036 68.0
5037 68.0
5038 68.0
5039 68.0
5040 68.0
5041 68.0
5042 68.0
5043 68.0
5044 68.0
5045 68.0
5046 68.0
5047 68.0
5048 68.0
5049 68.0
5050 68.0
5051 68.0
5052 68.0
5053 68.0
5054 68.0
5055 68.0
5056 68.0
5057 68.0
5058 68.0
5059 68.0
5060 68.0
5061 68.0
5062 68.0
5063 68.0
5064 68.0
5065 68.0
5066 68.0
5067 68.0
5068 68.0
5069 68.0
5070 68.0
5071 68.0
5072 68.0
5073 68.0
5074 68.0
5075 68.0
5076 68.0
5077 68.0
5078 68.0
5079 68.0
5080 68.0
5081 68.0
5082 68.0
5083 68.0
5084 68.0
5085 68.0
5086 68.0
5087 68.0
5088 68.0
5089 68.0
5090 68.0
5091 68.0
5092 68.0
5093 68.0
5094 68.0
5095 68.0
5096 68.0
5097 68.0
5098 68.0
5099 68.0
5100 68.0
5101 68.0
5102 68.0
5103 68.0
5104 68.0
5105 68.0
5106 68.0
5107 68.0
5108 68.0
5109 68.0
5110 68.0
5111 68.0
5112 68.0
5113 68.0
5114 68.0
5115 68.0
5116 68.0
5117 68.0
5118 68.0
5119 68.0
5120 68.0
5121 68.0
5122 68.0
5123 68.0
5124 68.0
5125 68.0
5126 68.0
5127 68.0
5128 68.0
5129 68.0
5130 68.0
5131 68.0
5132 68.0
5133 68.0
5134 68.0
5135 68.0
5136 68.0
5137 68.0
5138 68.0
5139 68.0
5140 68.0
5141 68.0
5142 68.0
5143 68.0
5144 68.0
5145 68.0
5146 68.0
5147 68.0
5148 68.0
5149 68.0
5150 68.0
5151 68.0
5152 68.0
5153 68.0
5154 68.0
5155 68.0
5156 68.0
5157 68.0
5158 68.0
5159 68.0
5160 68.0
5161 68.0
5162 68.0
5163 68.0
5164 68.0
5165 68.0
5166 68.0
5167 68.0
5168 68.0
5169 68.0
5170 68.0
5171 68.0
5172 68.0
5173 68.0
5174 68.0
5175 68.0
5176 68.0
5177 68.0
5178 68.0
5179 68.0
5180 68.0
5181 68.0
5182 68.0
5183 68.0
5184 68.0
5185 68.0
5186 68.0
5187 68.0
5188 68.0
5189 68.0
5190 68.0
5191 68.0
5192 68.0
5193 68.0
5194 68.0
5195 68.0
5196 68.0
5197 68.0
5198 68.0
5199 68.0
5200 68.0
5201 68.0
5202 68.0
5203 68.0
5204 68.0
5205 68.0
5206 68.0
5207 68.0
5208 68.0
5209 68.0
5210 68.0
5211 68.0
5212 68.0
5213 68.0
5214 68.0
5215 68.0
5216 68.0
5217 68.0
5218 68.0
5219 68.0
5220 68.0
5221 68.0
5222 68.0
5223 68.0
5224 68.0
5225 68.0
5226 68.0
5227 68.0
5228 68.0
5229 68.0
5230 68.0
5231 68.0
5232 68.0
5233 68.0
5234 68.0
5235 68.0
5236 68.0
5237 68.0
5238 68.0
5239 68.0
5240 68.0
5241 68.0
5242 68.0
5243 68.0
5244 68.0
5245 68.0
5246 68.0
5247 68.0
5248 68.0
5249 68.0
5250 68.0
5251 68.0
5252 68.0
5253 68.0
5254 68.0
5255 68.0
5256 68.0
5257 68.0
5258 68.0
5259 68.0
5260 68.0
5261 68.0
5262 68.0
5263 68.0
5264 68.0
5265 68.0
5266 68.0
5267 68.0
5268 68.0
5269 68.0
5270 68.0
5271 68.0
5272 68.0
5273 68.0
5274 68.0
5275 68.0
5276 68.0
5277 68.0
5278 68.0
5279 68.0
5280 68.0
5281 68.0
5282 68.0
5283 68.0
5284 68.0
5285 68.0
5286 68.0
5287 68.0
5288 68.0
5289 68.0
5290 68.0
5291 68.0
5292 68.0
5293 68.0
5294 68.0
5295 68.0
5296 68.0
5297 68.0
5298 68.0
5299 68.0
5300 68.0
5301 68.0
5302 68.0
5303 68.0
5304 68.0
5305 68.0
5306 68.0
5307 68.0
5308 68.0
5309 68.0
5310 68.0
5311 68.0
5312 68.0
5313 68.0
5314 68.0
5315 68.0
5316 68.0
5317 68.0
5318 68.0
5319 68.0
5320 68.0
5321 68.0
5322 68.0
5323 68.0
5324 68.0
5325 68.0
5326 68.0
5327 68.0
5328 68.0
5329 68.0
5330 68.0
5331 68.0
5332 68.0
5333 68.0
5334 68.0
5335 68.0
5336 68.0
5337 68.0
5338 68.0
5339 68.0
5340 68.0
5341 68.0
5342 68.0
5343 68.0
5344 68.0
5345 68.0
5346 68.0
5347 68.0
5348 68.0
5349 68.0
5350 68.0
5351 68.0
5352 68.0
5353 68.0
5354 68.0
5355 68.0
5356 68.0
5357 68.0
5358 68.0
5359 68.0
5360 68.0
5361 68.0
5362 68.0
5363 68.0
5364 68.0
5365 68.0
5366 68.0
5367 68.0
5368 68.0
5369 68.0
5370 68.0
5371 68.0
5372 68.0
5373 68.0
5374 68.0
5375 68.0
5376 68.0
5377 68.0
5378 68.0
5379 68.0
5380 68.0
5381 68.0
5382 68.0
5383 68.0
5384 68.0
5385 68.0
5386 68.0
5387 68.0
5388 68.0
5389 68.0
5390 68.0
5391 68.0
5392 68.0
5393 68.0
5394 68.0
5395 68.0
5396 68.0
5397 68.0
5398 68.0
5399 68.0
5400 68.0
5401 68.0
5402 68.0
5403 68.0
5404 68.0
5405 68.0
5406 68.0
5407 68.0
5408 68.0
5409 68.0
5410 68.0
5411 68.0
5412 68.0
5413 68.0
5414 68.0
5415 68.0
5416 68.0
5417 68.0
5418 68.0
5419 68.0
5420 68.0
5421 68.0
5422 68.0
5423 68.0
5424 68.0
5425 68.0
5426 68.0
5427 68.0
5428 68.0
5429 68.0
5430 68.0
5431 68.0
5432 68.0
5433 68.0
5434 68.0
5435 68.0
5436 68.0
5437 68.0
5438 68.0
5439 68.0
5440 68.0
5441 68.0
5442 68.0
5443 68.0
5444 68.0
5445 68.0
5446 68.0
5447 68.0
5448 68.0
5449 68.0
5450 68.0
5451 68.0
5452 68.0
5453 68.0
5454 68.0
5455 68.0
5456 68.0
5457 68.0
5458 68.0
5459 68.0
5460 68.0
5461 68.0
5462 68.0
5463 68.0
5464 68.0
5465 68.0
5466 68.0
5467 68.0
5468 68.0
5469 68.0
5470 68.0
5471 68.0
5472 68.0
5473 68.0
5474 68.0
5475 68.0
5476 68.0
5477 68.0
5478 68.0
5479 68.0
5480 68.0
5481 68.0
5482 68.0
5483 68.0
5484 68.0
5485 68.0
5486 68.0
5487 68.0
5488 68.0
5489 68.0
5490 68.0
5491 68.0
5492 68.0
5493 68.0
5494 68.0
5495 68.0
5496 68.0
5497 68.0
5498 68.0
5499 68.0
5500 68.0
5501 68.0
5502 68.0
5503 68.0
5504 68.0
5505 68.0
5506 68.0
5507 68.0
5508 68.0
5509 68.0
5510 68.0
5511 68.0
5512 68.0
5513 68.0
5514 68.0
5515 68.0
5516 68.0
5517 68.0
5518 68.0
5519 68.0
5520 68.0
5521 68.0
5522 68.0
5523 68.0
5524 68.0
5525 68.0
5526 68.0
5527 68.0
5528 68.0
5529 68.0
5530 68.0
5531 68.0
5532 68.0
5533 68.0
5534 68.0
5535 68.0
5536 68.0
5537 68.0
5538 68.0
5539 68.0
5540 68.0
5541 68.0
5542 68.0
5543 68.0
5544 68.0
5545 68.0
5546 68.0
5547 68.0
5548 68.0
5549 68.0
5550 68.0
5551 68.0
5552 68.0
5553 68.0
5554 68.0
5555 68.0
5556 68.0
5557 68.0
5558 68.0
5559 68.0
5560 68.0
5561 68.0
5562 68.0
5563 68.0
5564 68.0
5565 68.0
5566 68.0
5567 68.0
5568 68.0
5569 68.0
5570 68.0
5571 68.0
5572 68.0
5573 68.0
5574 68.0
5575 68.0
5576 68.0
5577 68.0
5578 68.0
5579 68.0
5580 68.0
5581 68.0
5582 68.0
5583 68.0
5584 68.0
5585 68.0
5586 68.0
5587 68.0
5588 68.0
5589 68.0
5590 68.0
5591 68.0
5592 68.0
5593 68.0
5594 68.0
5595 68.0
5596 68.0
5597 68.0
5598 68.0
5599 68.0
5600 68.0
5601 68.0
5602 68.0
5603 68.0
5604 68.0
5605 68.0
5606 68.0
5607 68.0
5608 68.0
5609 68.0
5610 68.0
5611 68.0
5612 68.0
5613 68.0
5614 68.0
5615 68.0
5616 68.0
5617 68.0
5618 68.0
5619 68.0
5620 68.0
5621 68.0
5622 68.0
5623 68.0
5624 68.0
5625 68.0
5626 68.0
5627 68.0
5628 68.0
5629 68.0
5630 68.0
5631 68.0
5632 68.0
5633 68.0
5634 68.0
5635 68.0
5636 68.0
5637 68.0
5638 68.0
5639 68.0
5640 68.0
5641 68.0
5642 68.0
5643 68.0
5644 68.0
5645 68.0
5646 68.0
5647 68.0
5648 68.0
5649 68.0
5650 68.0
5651 68.0
5652 68.0
5653 68.0
5654 68.0
5655 68.0
5656 68.0
5657 68.0
5658 68.0
5659 68.0
5660 68.0
5661 68.0
5662 68.0
5663 68.0
5664 68.0
5665 68.0
5666 68.0
5667 68.0
5668 68.0
5669 68.0
5670 68.0
5671 68.0
5672 68.0
5673 68.0
5674 68.0
5675 68.0
5676 68.0
5677 68.0
5678 68.0
5679 68.0
5680 68.0
5681 68.0
5682 68.0
5683 68.0
5684 68.0
5685 68.0
5686 68.0
5687 68.0
5688 68.0
5689 68.0
5690 68.0
5691 68.0
5692 68.0
5693 68.0
5694 68.0
5695 68.0
5696 68.0
5697 68.0
5698 68.0
5699 68.0
5700 68.0
5701 68.0
5702 68.0
5703 68.0
5704 68.0
5705 68.0
5706 68.0
5707 68.0
5708 68.0
5709 68.0
5710 68.0
5711 68.0
5712 68.0
5713 68.0
5714 68.0
5715 68.0
5716 68.0
5717 68.0
5718 68.0
5719 68.0
5720 68.0
5721 68.0
5722 68.0
5723 68.0
5724 68.0
5725 68.0
5726 68.0
5727 68.0
5728 68.0
5729 68.0
5730 68.0
5731 68.0
5732 68.0
5733 68.0
5734 68.0
5735 68.0
5736 68.0
5737 68.0
5738 68.0
5739 68.0
5740 68.0
5741 68.0
5742 68.0
5743 68.0
5744 68.0
5745 68.0
5746 68.0
5747 68.0
5748 68.0
5749 68.0
5750 68.0
5751 68.0
5752 68.0
5753 68.0
5754 68.0
5755 68.0
5756 68.0
5757 68.0
5758 68.0
5759 68.0
5760 68.0
5761 68.0
5762 68.0
5763 68.0
5764 68.0
5765 68.0
5766 68.0
5767 68.0
5768 68.0
5769 68.0
5770 68.0
5771 68.0
5772 68.0
5773 68.0
5774 68.0
5775 68.0
5776 68.0
5777 68.0
5778 68.0
5779 68.0
5780 68.0
5781 68.0
5782 68.0
5783 68.0
5784 68.0
5785 68.0
5786 68.0
5787 68.0
5788 68.0
5789 68.0
5790 68.0
5791 68.0
5792 68.0
5793 68.0
5794 68.0
5795 68.0
5796 68.0
5797 68.0
5798 68.0
5799 68.0
5800 68.0
5801 68.0
5802 68.0
5803 68.0
5804 68.0
5805 68.0
5806 68.0
5807 68.0
5808 68.0
5809 68.0
5810 68.0
5811 68.0
5812 68.0
5813 68.0
5814 68.0
5815 68.0
5816 68.0
5817 68.0
5818 68.0
5819 68.0
5820 68.0
5821 68.0
5822 68.0
5823 68.0
5824 68.0
5825 68.0
5826 68.0
5827 68.0
5828 68.0
5829 68.0
5830 68.0
5831 68.0
5832 68.0
5833 68.0
5834 68.0
5835 68.0
5836 68.0
5837 68.0
5838 68.0
5839 68.0
5840 68.0
5841 68.0
5842 68.0
5843 68.0
5844 68.0
5845 68.0
5846 68.0
5847 68.0
5848 68.0
5849 68.0
5850 68.0
5851 68.0
5852 68.0
5853 68.0
5854 68.0
5855 68.0
5856 68.0
5857 68.0
5858 68.0
5859 68.0
5860 68.0
5861 68.0
5862 68.0
5863 68.0
5864 68.0
5865 68.0
5866 68.0
5867 68.0
5868 68.0
5869 68.0
5870 68.0
5871 68.0
5872 68.0
5873 68.0
5874 68.0
5875 68.0
5876 68.0
5877 68.0
5878 68.0
5879 68.0
5880 68.0
5881 68.0
5882 68.0
5883 68.0
5884 68.0
5885 68.0
5886 68.0
5887 68.0
5888 68.0
5889 68.0
5890 68.0
5891 68.0
5892 68.0
5893 68.0
5894 68.0
5895 68.0
5896 68.0
5897 68.0
5898 68.0
5899 68.0
5900 68.0
5901 68.0
5902 68.0
5903 68.0
5904 68.0
5905 68.0
5906 68.0
5907 68.0
5908 68.0
5909 68.0
5910 68.0
5911 68.0
5912 68.0
5913 68.0
5914 68.0
5915 68.0
5916 68.0
5917 68.0
5918 68.0
5919 68.0
5920 68.0
5921 68.0
5922 68.0
5923 68.0
5924 68.0
5925 68.0
5926 68.0
5927 68.0
5928 68.0
5929 68.0
5930 68.0
5931 68.0
5932 68.0
5933 68.0
5934 68.0
5935 68.0
5936 68.0
5937 68.0
5938 68.0
5939 68.0
5940 68.0
5941 68.0
5942 68.0
5943 68.0
5944 68.0
5945 68.0
5946 68.0
5947 68.0
5948 68.0
5949 68.0
5950 68.0
5951 68.0
5952 68.0
5953 68.0
5954 68.0
5955 68.0
5956 68.0
5957 68.0
5958 68.0
5959 68.0
5960 68.0
5961 68.0
5962 68.0
5963 68.0
5964 68.0
5965 68.0
5966 68.0
5967 68.0
5968 68.0
5969 68.0
5970 68.0
5971 68.0
5972 68.0
5973 68.0
5974 68.0
5975 68.0
5976 68.0
5977 68.0
5978 68.0
5979 68.0
5980 68.0
5981 68.0
5982 68.0
5983 68.0
5984 68.0
5985 68.0
5986 68.0
5987 68.0
5988 68.0
5989 68.0
5990 68.0
5991 68.0
5992 68.0
5993 68.0
5994 68.0
5995 68.0
5996 68.0
5997 68.0
5998 68.0
5999 68.0
6000 68.0
6001 68.0
6002 68.0
6003 68.0
6004 68.0
6005 68.0
6006 68.0
6007 68.0
6008 68.0
6009 68.0
6010 68.0
6011 68.0
6012 68.0
6013 68.0
6014 68.0
6015 68.0
6016 68.0
6017 68.0
6018 68.0
6019 68.0
6020 68.0
6021 68.0
6022 68.0
6023 68.0
6024 68.0
6025 68.0
6026 68.0
6027 68.0
6028 68.0
6029 68.0
6030 68.0
6031 68.0
6032 68.0
6033 68.0
6034 68.0
6035 68.0
6036 68.0
6037 68.0
6038 68.0
6039 68.0
6040 68.0
6041 68.0
6042 68.0
6043 68.0
6044 68.0
6045 68.0
6046 68.0
6047 68.0
6048 68.0
6049 68.0
6050 68.0
6051 68.0
6052 68.0
6053 68.0
6054 68.0
6055 68.0
6056 68.0
6057 68.0
6058 68.0
6059 68.0
6060 68.0
6061 68.0
6062 68.0
6063 68.0
6064 68.0
6065 68.0
6066 68.0
6067 68.0
6068 68.0
6069 68.0
6070 68.0
6071 68.0
6072 68.0
6073 68.0
6074 68.0
6075 68.0
6076 68.0
6077 68.0
6078 68.0
6079 68.0
6080 68.0
6081 68.0
6082 68.0
6083 68.0
6084 68.0
6085 68.0
6086 68.0
6087 68.0
6088 68.0
6089 68.0
6090 68.0
6091 68.0
6092 68.0
6093 68.0
6094 68.0
6095 68.0
6096 68.0
6097 68.0
6098 68.0
6099 68.0
6100 68.0
6101 68.0
6102 68.0
6103 68.0
6104 68.0
6105 68.0
6106 68.0
6107 68.0
6108 68.0
6109 68.0
6110 68.0
6111 68.0
6112 68.0
6113 68.0
6114 68.0
6115 68.0
6116 68.0
6117 68.0
6118 68.0
6119 68.0
6120 68.0
6121 68.0
6122 68.0
6123 68.0
6124 68.0
6125 68.0
6126 68.0
6127 68.0
6128 68.0
6129 68.0
6130 68.0
6131 68.0
6132 68.0
6133 68.0
6134 68.0
6135 68.0
6136 68.0
6137 68.0
6138 68.0
6139 68.0
6140 68.0
6141 68.0
6142 68.0
6143 68.0
6144 68.0
6145 68.0
6146 68.0
6147 68.0
6148 68.0
6149 68.0
6150 68.0
6151 68.0
6152 68.0
6153 68.0
6154 68.0
6155 68.0
6156 68.0
6157 68.0
6158 68.0
6159 68.0
6160 68.0
6161 68.0
6162 68.0
6163 68.0
6164 68.0
6165 68.0
6166 68.0
6167 68.0
6168 68.0
6169 68.0
6170 68.0
6171 68.0
6172 68.0
6173 68.0
6174 68.0
6175 68.0
6176 68.0
6177 68.0
6178 68.0
6179 68.0
6180 68.0
6181 68.0
6182 68.0
6183 68.0
6184 68.0
6185 68.0
6186 68.0
6187 68.0
6188 68.0
6189 68.0
6190 68.0
6191 68.0
6192 68.0
6193 68.0
6194 68.0
6195 68.0
6196 68.0
6197 68.0
6198 68.0
6199 68.0
6200 68.0
6201 68.0
6202 68.0
6203 68.0
6204 68.0
6205 68.0
6206 68.0
6207 68.0
6208 68.0
6209 68.0
6210 68.0
6211 68.0
6212 68.0
6213 68.0
6214 68.0
6215 68.0
6216 68.0
6217 68.0
6218 68.0
6219 68.0
6220 68.0
6221 68.0
6222 68.0
6223 68.0
6224 68.0
6225 68.0
6226 68.0
6227 68.0
6228 68.0
6229 68.0
6230 68.0
6231 68.0
6232 68.0
6233 68.0
6234 68.0
6235 68.0
6236 68.0
6237 68.0
6238 68.0
6239 68.0
6240 68.0
6241 68.0
6242 68.0
6243 68.0
6244 68.0
6245 68.0
6246 68.0
6247 68.0
6248 68.0
6249 68.0
6250 68.0
6251 68.0
6252 68.0
6253 68.0
6254 68.0
6255 68.0
6256 68.0
6257 68.0
6258 68.0
6259 68.0
6260 68.0
6261 68.0
6262 68.0
6263 68.0
6264 68.0
6265 68.0
6266 68.0
6267 68.0
6268 68.0
6269 68.0
6270 68.0
6271 68.0
6272 68.0
6273 68.0
6274 68.0
6275 68.0
6276 68.0
6277 68.0
6278 68.0
6279 68.0
6280 68.0
6281 68.0
6282 68.0
6283 68.0
6284 68.0
6285 68.0
6286 68.0
6287 68.0
6288 68.0
6289 68.0
6290 68.0
6291 68.0
6292 68.0
6293 68.0
6294 68.0
6295 68.0
6296 68.0
6297 68.0
6298 68.0
6299 68.0
6300 68.0
6301 68.0
6302 68.0
6303 68.0
6304 68.0
6305 68.0
6306 68.0
6307 68.0
6308 68.0
6309 68.0
6310 68.0
6311 68.0
6312 68.0
6313 68.0
6314 68.0
6315 68.0
6316 68.0
6317 68.0
6318 68.0
6319 68.0
6320 68.0
6321 68.0
6322 68.0
6323 68.0
6324 68.0
6325 68.0
6326 68.0
6327 68.0
6328 68.0
6329 68.0
6330 68.0
6331 68.0
6332 68.0
6333 68.0
6334 68.0
6335 68.0
6336 68.0
6337 68.0
6338 68.0
6339 68.0
6340 68.0
6341 68.0
6342 68.0
6343 68.0
6344 68.0
6345 68.0
6346 68.0
6347 68.0
6348 68.0
6349 68.0
6350 68.0
6351 68.0
6352 68.0
6353 68.0
6354 68.0
6355 68.0
6356 68.0
6357 68.0
6358 68.0
6359 68.0
6360 68.0
6361 68.0
6362 68.0
6363 68.0
6364 68.0
6365 68.0
6366 68.0
6367 68.0
6368 68.0
6369 68.0
6370 68.0
6371 68.0
6372 68.0
6373 68.0
6374 68.0
6375 68.0
6376 68.0
6377 68.0
6378 68.0
6379 68.0
6380 68.0
6381 68.0
6382 68.0
6383 68.0
6384 68.0
6385 68.0
6386 68.0
6387 68.0
6388 68.0
6389 68.0
6390 68.0
6391 68.0
6392 68.0
6393 68.0
6394 68.0
6395 68.0
6396 68.0
6397 68.0
6398 68.0
6399 68.0
6400 68.0
6401 68.0
6402 68.0
6403 68.0
6404 68.0
6405 68.0
6406 68.0
6407 68.0
6408 68.0
6409 68.0
6410 68.0
6411 68.0
6412 68.0
6413 68.0
6414 68.0
6415 68.0
6416 68.0
6417 68.0
6418 68.0
6419 68.0
6420 68.0
6421 68.0
6422 68.0
6423 68.0
6424 68.0
6425 68.0
6426 68.0
6427 68.0
6428 68.0
6429 68.0
6430 68.0
6431 68.0
6432 68.0
6433 68.0
6434 68.0
6435 68.0
6436 68.0
6437 68.0
6438 68.0
6439 68.0
6440 68.0
6441 68.0
6442 68.0
6443 68.0
6444 68.0
6445 68.0
6446 68.0
6447 68.0
6448 68.0
6449 68.0
6450 68.0
6451 68.0
6452 68.0
6453 68.0
6454 68.0
6455 68.0
6456 68.0
6457 68.0
6458 68.0
6459 68.0
6460 68.0
6461 68.0
6462 68.0
6463 68.0
6464 68.0
6465 68.0
6466 68.0
6467 68.0
6468 68.0
6469 68.0
6470 68.0
6471 68.0
6472 68.0
6473 68.0
6474 68.0
6475 68.0
6476 68.0
6477 68.0
6478 68.0
6479 68.0
6480 68.0
6481 68.0
6482 68.0
6483 68.0
6484 68.0
6485 68.0
6486 68.0
6487 68.0
6488 68.0
6489 68.0
6490 68.0
6491 68.0
6492 68.0
6493 68.0
6494 68.0
6495 68.0
6496 68.0
6497 68.0
6498 68.0
6499 68.0
6500 68.0
6501 68.0
6502 68.0
6503 68.0
6504 68.0
6505 68.0
6506 68.0
6507 68.0
6508 68.0
6509 68.0
6510 68.0
6511 68.0
6512 68.0
6513 68.0
6514 68.0
6515 68.0
6516 68.0
6517 68.0
6518 68.0
6519 68.0
6520 68.0
6521 68.0
6522 68.0
6523 68.0
6524 68.0
6525 68.0
6526 68.0
6527 68.0
6528 68.0
6529 68.0
6530 68.0
6531 68.0
6532 68.0
6533 68.0
6534 68.0
6535 68.0
6536 68.0
6537 68.0
6538 68.0
6539 68.0
6540 68.0
6541 68.0
6542 68.0
6543 68.0
6544 68.0
6545 68.0
6546 68.0
6547 68.0
6548 68.0
6549 68.0
6550 68.0
6551 68.0
6552 68.0
6553 68.0
6554 68.0
6555 68.0
6556 68.0
6557 68.0
6558 68.0
6559 68.0
6560 68.0
6561 68.0
6562 68.0
6563 68.0
6564 68.0
6565 68.0
6566 68.0
6567 68.0
6568 68.0
6569 68.0
6570 68.0
6571 68.0
6572 68.0
6573 68.0
6574 68.0
6575 68.0
6576 68.0
6577 68.0
6578 68.0
6579 68.0
6580 72.0
6581 72.0
6582 72.0
6583 72.0
6584 72.0
6585 72.0
6586 72.0
6587 72.0
6588 72.0
6589 72.0
6590 72.0
6591 72.0
6592 72.0
6593 72.0
6594 72.0
6595 72.0
6596 72.0
6597 72.0
6598 72.0
6599 72.0
6600 72.0
6601 72.0
6602 72.0
6603 72.0
6604 72.0
6605 72.0
6606 72.0
6607 72.0
6608 72.0
6609 72.0
6610 72.0
6611 72.0
6612 72.0
6613 72.0
6614 72.0
6615 72.0
6616 72.0
6617 72.0
6618 72.0
6619 72.0
6620 72.0
6621 72.0
6622 72.0
6623 72.0
6624 72.0
6625 72.0
6626 72.0
6627 72.0
6628 72.0
6629 72.0
6630 72.0
6631 72.0
6632 72.0
6633 72.0
6634 72.0
6635 72.0
6636 72.0
6637 72.0
6638 72.0
6639 72.0
6640 72.0
6641 72.0
6642 72.0
6643 72.0
6644 72.0
6645 72.0
6646 72.0
6647 72.0
6648 72.0
6649 72.0
6650 72.0
6651 72.0
6652 72.0
6653 72.0
6654 72.0
6655 72.0
6656 72.0
6657 72.0
6658 72.0
6659 72.0
6660 72.0
6661 72.0
6662 72.0
6663 72.0
6664 72.0
6665 72.0
6666 72.0
6667 72.0
6668 72.0
6669 72.0
6670 72.0
6671 72.0
6672 72.0
6673 72.0
6674 72.0
6675 72.0
6676 72.0
6677 72.0
6678 72.0
6679 72.0
6680 72.0
6681 72.0
6682 72.0
6683 72.0
6684 72.0
6685 72.0
6686 72.0
6687 72.0
6688 72.0
6689 72.0
6690 72.0
6691 72.0
6692 72.0
6693 72.0
6694 72.0
6695 72.0
6696 72.0
6697 72.0
6698 72.0
6699 72.0
6700 72.0
6701 72.0
6702 72.0
6703 72.0
6704 72.0
6705 72.0
6706 72.0
6707 72.0
6708 72.0
6709 72.0
6710 72.0
6711 72.0
6712 72.0
6713 72.0
6714 72.0
6715 72.0
6716 72.0
6717 72.0
6718 72.0
6719 72.0
6720 72.0
6721 72.0
6722 72.0
6723 72.0
6724 72.0
6725 72.0
6726 72.0
6727 72.0
6728 72.0
6729 72.0
6730 72.0
6731 72.0
6732 72.0
6733 72.0
6734 72.0
6735 72.0
6736 72.0
6737 72.0
6738 72.0
6739 72.0
6740 72.0
6741 72.0
6742 72.0
6743 72.0
6744 72.0
6745 72.0
6746 72.0
6747 72.0
6748 72.0
6749 72.0
6750 72.0
6751 72.0
6752 72.0
6753 72.0
6754 72.0
6755 72.0
6756 72.0
6757 72.0
6758 72.0
6759 72.0
6760 72.0
6761 72.0
6762 72.0
6763 72.0
6764 72.0
6765 72.0
6766 72.0
6767 72.0
6768 72.0
6769 72.0
6770 72.0
6771 72.0
6772 72.0
6773 72.0
6774 72.0
6775 72.0
6776 72.0
6777 72.0
6778 72.0
6779 72.0
6780 72.0
6781 72.0
6782 72.0
6783 72.0
6784 72.0
6785 72.0
6786 72.0
6787 72.0
6788 72.0
6789 72.0
6790 72.0
6791 72.0
6792 72.0
6793 72.0
6794 72.0
6795 72.0
6796 72.0
6797 72.0
6798 72.0
6799 72.0
6800 72.0
6801 72.0
6802 72.0
6803 72.0
6804 72.0
6805 72.0
6806 72.0
6807 72.0
6808 72.0
6809 72.0
6810 72.0
6811 72.0
6812 72.0
6813 72.0
6814 72.0
6815 72.0
6816 72.0
6817 72.0
6818 72.0
6819 72.0
6820 72.0
6821 72.0
6822 72.0
6823 72.0
6824 72.0
6825 72.0
6826 72.0
6827 72.0
6828 72.0
6829 72.0
6830 72.0
6831 72.0
6832 72.0
6833 72.0
6834 72.0
6835 72.0
6836 72.0
6837 72.0
6838 72.0
6839 72.0
6840 72.0
6841 72.0
6842 72.0
6843 72.0
6844 72.0
6845 72.0
6846 72.0
6847 72.0
6848 72.0
6849 72.0
6850 72.0
6851 72.0
6852 72.0
6853 72.0
6854 72.0
6855 72.0
6856 72.0
6857 72.0
6858 72.0
6859 72.0
6860 72.0
6861 72.0
6862 72.0
6863 72.0
6864 72.0
6865 72.0
6866 72.0
6867 72.0
6868 72.0
6869 72.0
6870 72.0
6871 72.0
6872 72.0
6873 72.0
6874 72.0
6875 72.0
6876 72.0
6877 72.0
6878 72.0
6879 72.0
6880 72.0
6881 72.0
6882 72.0
6883 72.0
6884 72.0
6885 72.0
6886 72.0
6887 72.0
6888 72.0
6889 72.0
6890 72.0
6891 72.0
6892 72.0
6893 72.0
6894 72.0
6895 72.0
6896 72.0
6897 72.0
6898 72.0
6899 72.0
6900 72.0
6901 72.0
6902 72.0
6903 72.0
6904 72.0
6905 72.0
6906 72.0
6907 72.0
6908 72.0
6909 72.0
6910 72.0
6911 72.0
6912 72.0
6913 72.0
6914 72.0
6915 72.0
6916 72.0
6917 72.0
6918 72.0
6919 72.0
6920 72.0
6921 72.0
6922 72.0
6923 72.0
6924 72.0
6925 72.0
6926 72.0
6927 72.0
6928 72.0
6929 72.0
6930 72.0
6931 72.0
6932 72.0
6933 72.0
6934 72.0
6935 72.0
6936 72.0
6937 72.0
6938 72.0
6939 72.0
6940 72.0
6941 72.0
6942 72.0
6943 72.0
6944 72.0
6945 72.0
6946 72.0
6947 72.0
6948 72.0
6949 72.0
6950 72.0
6951 72.0
6952 72.0
6953 72.0
6954 72.0
6955 72.0
6956 72.0
6957 72.0
6958 72.0
6959 72.0
6960 72.0
6961 72.0
6962 72.0
6963 72.0
6964 72.0
6965 72.0
6966 72.0
6967 72.0
6968 72.0
6969 72.0
6970 72.0
6971 72.0
6972 72.0
6973 72.0
6974 72.0
6975 72.0
6976 72.0
6977 72.0
6978 72.0
6979 72.0
6980 72.0
6981 72.0
6982 72.0
6983 72.0
6984 72.0
6985 72.0
6986 72.0
6987 72.0
6988 72.0
6989 72.0
6990 72.0
6991 72.0
6992 72.0
6993 72.0
6994 72.0
6995 72.0
6996 72.0
6997 72.0
6998 72.0
6999 72.0
7000 72.0
7001 72.0
7002 72.0
7003 72.0
7004 72.0
7005 72.0
7006 72.0
7007 72.0
7008 72.0
7009 72.0
7010 72.0
7011 72.0
7012 72.0
7013 72.0
7014 72.0
7015 72.0
7016 72.0
7017 72.0
7018 72.0
7019 72.0
7020 72.0
7021 72.0
7022 72.0
7023 72.0
7024 72.0
7025 72.0
7026 72.0
7027 72.0
7028 72.0
7029 72.0
7030 72.0
7031 72.0
7032 72.0
7033 72.0
7034 72.0
7035 72.0
7036 72.0
7037 72.0
7038 72.0
7039 72.0
7040 72.0
7041 72.0
7042 72.0
7043 72.0
7044 72.0
7045 72.0
7046 72.0
7047 72.0
7048 72.0
7049 72.0
7050 72.0
7051 72.0
7052 72.0
7053 72.0
7054 72.0
7055 72.0
7056 72.0
7057 72.0
7058 72.0
7059 72.0
7060 72.0
7061 72.0
7062 72.0
7063 72.0
7064 72.0
7065 72.0
7066 72.0
7067 72.0
7068 72.0
7069 72.0
7070 72.0
7071 72.0
7072 72.0
7073 72.0
7074 72.0
7075 72.0
7076 72.0
7077 72.0
7078 72.0
7079 72.0
7080 72.0
7081 72.0
7082 72.0
7083 72.0
7084 72.0
7085 72.0
7086 72.0
7087 72.0
7088 72.0
7089 72.0
7090 72.0
7091 72.0
7092 72.0
7093 72.0
7094 72.0
7095 72.0
7096 72.0
7097 72.0
7098 72.0
7099 72.0
7100 72.0
7101 72.0
7102 72.0
7103 72.0
7104 72.0
7105 72.0
7106 72.0
7107 72.0
7108 72.0
7109 72.0
7110 72.0
7111 72.0
7112 72.0
7113 72.0
7114 72.0
7115 72.0
7116 72.0
7117 72.0
7118 72.0
7119 72.0
7120 72.0
7121 72.0
7122 72.0
7123 72.0
7124 72.0
7125 72.0
7126 72.0
7127 72.0
7128 72.0
7129 72.0
7130 72.0
7131 72.0
7132 72.0
7133 72.0
7134 72.0
7135 72.0
7136 72.0
7137 72.0
7138 72.0
7139 72.0
7140 72.0
7141 72.0
7142 72.0
7143 72.0
7144 72.0
7145 72.0
7146 72.0
7147 72.0
7148 72.0
7149 72.0
7150 72.0
7151 72.0
7152 72.0
7153 72.0
7154 72.0
7155 72.0
7156 72.0
7157 72.0
7158 72.0
7159 72.0
7160 72.0
7161 72.0
7162 72.0
7163 72.0
7164 72.0
7165 72.0
7166 72.0
7167 72.0
7168 72.0
7169 72.0
7170 72.0
7171 72.0
7172 72.0
7173 72.0
7174 72.0
7175 72.0
7176 72.0
7177 72.0
7178 72.0
7179 72.0
7180 72.0
7181 72.0
7182 72.0
7183 72.0
7184 72.0
7185 72.0
7186 72.0
7187 72.0
7188 72.0
7189 72.0
7190 72.0
7191 72.0
7192 72.0
7193 72.0
7194 72.0
7195 72.0
7196 72.0
7197 72.0
7198 72.0
7199 72.0
7200 72.0
7201 72.0
7202 72.0
7203 72.0
7204 72.0
7205 72.0
7206 72.0
7207 72.0
7208 72.0
7209 72.0
7210 72.0
7211 72.0
7212 72.0
7213 72.0
7214 72.0
7215 72.0
7216 72.0
7217 72.0
7218 72.0
7219 72.0
7220 72.0
7221 72.0
7222 72.0
7223 72.0
7224 72.0
7225 72.0
7226 72.0
7227 72.0
7228 72.0
7229 72.0
7230 72.0
7231 72.0
7232 72.0
7233 72.0
7234 72.0
7235 72.0
7236 72.0
7237 72.0
7238 72.0
7239 72.0
7240 72.0
7241 72.0
7242 72.0
7243 72.0
7244 72.0
7245 72.0
7246 72.0
7247 72.0
7248 72.0
7249 72.0
7250 72.0
7251 72.0
7252 72.0
7253 72.0
7254 72.0
7255 72.0
7256 72.0
7257 72.0
7258 72.0
7259 72.0
7260 72.0
7261 72.0
7262 72.0
7263 72.0
7264 72.0
7265 72.0
7266 72.0
7267 72.0
7268 72.0
7269 72.0
7270 72.0
7271 72.0
7272 72.0
7273 72.0
7274 72.0
7275 72.0
7276 72.0
7277 72.0
7278 72.0
7279 72.0
7280 72.0
7281 72.0
7282 72.0
7283 72.0
7284 72.0
7285 72.0
7286 72.0
7287 72.0
7288 72.0
7289 72.0
7290 72.0
7291 72.0
7292 72.0
7293 72.0
7294 72.0
7295 72.0
7296 72.0
7297 72.0
7298 72.0
7299 72.0
7300 72.0
7301 72.0
7302 72.0
7303 72.0
7304 72.0
7305 72.0
7306 72.0
7307 72.0
7308 72.0
7309 72.0
7310 72.0
7311 72.0
7312 72.0
7313 72.0
7314 72.0
7315 72.0
7316 72.0
7317 72.0
7318 72.0
7319 72.0
7320 72.0
7321 72.0
7322 72.0
7323 72.0
7324 72.0
7325 72.0
7326 72.0
7327 72.0
7328 72.0
7329 72.0
7330 72.0
7331 72.0
7332 72.0
7333 72.0
7334 72.0
7335 72.0
7336 72.0
7337 72.0
7338 72.0
7339 72.0
7340 72.0
7341 72.0
7342 72.0
7343 72.0
7344 72.0
7345 72.0
7346 72.0
7347 72.0
7348 72.0
7349 72.0
7350 72.0
7351 72.0
7352 72.0
7353 72.0
7354 72.0
7355 72.0
7356 72.0
7357 72.0
7358 72.0
7359 72.0
7360 72.0
7361 72.0
7362 72.0
7363 72.0
7364 72.0
7365 72.0
7366 72.0
7367 72.0
7368 72.0
7369 72.0
7370 72.0
7371 72.0
7372 72.0
7373 72.0
7374 72.0
7375 72.0
7376 72.0
7377 72.0
7378 72.0
7379 72.0
7380 72.0
7381 72.0
7382 72.0
7383 72.0
7384 72.0
7385 72.0
7386 72.0
7387 72.0
7388 72.0
7389 72.0
7390 72.0
7391 72.0
7392 72.0
7393 72.0
7394 72.0
7395 72.0
7396 72.0
7397 72.0
7398 72.0
7399 72.0
7400 72.0
7401 72.0
7402 72.0
7403 72.0
7404 72.0
7405 72.0
7406 72.0
7407 72.0
7408 72.0
7409 72.0
7410 72.0
7411 72.0
7412 72.0
7413 72.0
7414 72.0
7415 72.0
7416 72.0
7417 72.0
7418 72.0
7419 72.0
7420 72.0
7421 72.0
7422 72.0
7423 72.0
7424 72.0
7425 72.0
7426 72.0
7427 72.0
7428 72.0
7429 72.0
7430 72.0
7431 72.0
7432 72.0
7433 72.0
7434 72.0
7435 72.0
7436 72.0
7437 72.0
7438 72.0
7439 72.0
7440 72.0
7441 72.0
7442 72.0
7443 72.0
7444 72.0
7445 72.0
7446 72.0
7447 72.0
7448 72.0
7449 72.0
7450 72.0
7451 72.0
7452 72.0
7453 72.0
7454 72.0
7455 72.0
7456 72.0
7457 72.0
7458 72.0
7459 72.0
7460 72.0
7461 72.0
7462 72.0
7463 72.0
7464 72.0
7465 72.0
7466 72.0
7467 72.0
7468 72.0
7469 72.0
7470 72.0
7471 72.0
7472 72.0
7473 72.0
7474 72.0
7475 72.0
7476 72.0
7477 72.0
7478 72.0
7479 72.0
7480 72.0
7481 72.0
7482 72.0
7483 72.0
7484 72.0
7485 72.0
7486 72.0
7487 72.0
7488 72.0
7489 72.0
7490 72.0
7491 72.0
7492 72.0
7493 72.0
7494 72.0
7495 72.0
7496 72.0
7497 72.0
7498 72.0
7499 72.0
7500 72.0
7501 72.0
7502 72.0
7503 72.0
7504 72.0
7505 72.0
7506 72.0
7507 72.0
7508 72.0
7509 72.0
7510 72.0
7511 72.0
7512 72.0
7513 72.0
7514 72.0
7515 72.0
7516 72.0
7517 72.0
7518 72.0
7519 72.0
7520 72.0
7521 72.0
7522 72.0
7523 72.0
7524 72.0
7525 72.0
7526 72.0
7527 72.0
7528 72.0
7529 72.0
7530 72.0
7531 72.0
7532 72.0
7533 72.0
7534 72.0
7535 72.0
7536 72.0
7537 72.0
7538 72.0
7539 72.0
7540 72.0
7541 72.0
7542 72.0
7543 72.0
7544 72.0
7545 72.0
7546 72.0
7547 72.0
7548 72.0
7549 72.0
7550 72.0
7551 72.0
7552 72.0
7553 72.0
7554 72.0
7555 72.0
7556 72.0
7557 72.0
7558 72.0
7559 72.0
7560 72.0
7561 72.0
7562 72.0
7563 72.0
7564 72.0
7565 72.0
7566 72.0
7567 72.0
7568 72.0
7569 72.0
7570 72.0
7571 72.0
7572 72.0
7573 72.0
7574 72.0
7575 72.0
7576 72.0
7577 72.0
7578 72.0
7579 72.0
7580 72.0
7581 72.0
7582 72.0
7583 72.0
7584 72.0
7585 72.0
7586 72.0
7587 72.0
7588 72.0
7589 72.0
7590 72.0
7591 72.0
7592 72.0
7593 72.0
7594 72.0
7595 72.0
7596 72.0
7597 72.0
7598 72.0
7599 72.0
7600 72.0
7601 72.0
7602 72.0
7603 72.0
7604 72.0
7605 72.0
7606 72.0
7607 72.0
7608 72.0
7609 72.0
7610 72.0
7611 72.0
7612 72.0
7613 72.0
7614 72.0
7615 72.0
7616 72.0
7617 72.0
7618 72.0
7619 72.0
7620 72.0
7621 72.0
7622 72.0
7623 72.0
7624 72.0
7625 72.0
7626 72.0
7627 72.0
7628 72.0
7629 72.0
7630 72.0
7631 72.0
7632 72.0
7633 72.0
7634 72.0
7635 72.0
7636 72.0
7637 72.0
7638 72.0
7639 72.0
7640 72.0
7641 72.0
7642 72.0
7643 72.0
7644 72.0
7645 72.0
7646 72.0
7647 72.0
7648 72.0
7649 72.0
7650 72.0
7651 72.0
7652 72.0
7653 72.0
7654 72.0
7655 72.0
7656 72.0
7657 72.0
7658 72.0
7659 72.0
7660 72.0
7661 72.0
7662 72.0
7663 72.0
7664 72.0
7665 72.0
7666 72.0
7667 72.0
7668 72.0
7669 72.0
7670 72.0
7671 72.0
7672 72.0
7673 72.0
7674 72.0
7675 72.0
7676 72.0
7677 72.0
7678 72.0
7679 72.0
7680 72.0
7681 72.0
7682 72.0
7683 72.0
7684 72.0
7685 72.0
7686 72.0
7687 72.0
7688 72.0
7689 72.0
7690 72.0
7691 72.0
7692 72.0
7693 72.0
7694 72.0
7695 72.0
7696 72.0
7697 72.0
7698 72.0
7699 72.0
7700 72.0
7701 72.0
7702 72.0
7703 72.0
7704 72.0
7705 72.0
7706 72.0
7707 72.0
7708 72.0
7709 72.0
7710 72.0
7711 72.0
7712 72.0
7713 72.0
7714 72.0
7715 72.0
7716 72.0
7717 72.0
7718 72.0
7719 72.0
7720 72.0
7721 72.0
7722 72.0
7723 72.0
7724 72.0
7725 72.0
7726 72.0
7727 72.0
7728 72.0
7729 72.0
7730 72.0
7731 72.0
7732 72.0
7733 72.0
7734 72.0
7735 72.0
7736 72.0
7737 72.0
7738 72.0
7739 72.0
7740 72.0
7741 72.0
7742 72.0
7743 72.0
7744 72.0
7745 72.0
7746 72.0
7747 72.0
7748 72.0
7749 72.0
7750 72.0
7751 72.0
7752 72.0
7753 72.0
7754 72.0
7755 72.0
7756 72.0
7757 72.0
7758 72.0
7759 72.0
7760 72.0
7761 72.0
7762 72.0
7763 72.0
7764 72.0
7765 72.0
7766 72.0
7767 72.0
7768 72.0
7769 72.0
7770 72.0
7771 72.0
7772 72.0
7773 72.0
7774 72.0
7775 72.0
7776 72.0
7777 72.0
7778 72.0
7779 72.0
7780 72.0
7781 72.0
7782 72.0
7783 72.0
7784 72.0
7785 72.0
7786 72.0
7787 72.0
7788 72.0
7789 72.0
7790 72.0
7791 72.0
7792 72.0
7793 72.0
7794 72.0
7795 72.0
7796 72.0
7797 72.0
7798 72.0
7799 72.0
7800 72.0
7801 72.0
7802 72.0
7803 72.0
7804 72.0
7805 72.0
7806 72.0
7807 72.0
7808 72.0
7809 72.0
7810 72.0
7811 72.0
7812 72.0
7813 72.0
7814 72.0
7815 72.0
7816 72.0
7817 72.0
7818 72.0
7819 72.0
7820 72.0
7821 72.0
7822 72.0
7823 72.0
7824 72.0
7825 72.0
7826 72.0
7827 72.0
7828 72.0
7829 72.0
7830 72.0
7831 72.0
7832 72.0
7833 72.0
7834 72.0
7835 72.0
7836 72.0
7837 72.0
7838 72.0
7839 72.0
7840 72.0
7841 72.0
7842 72.0
7843 72.0
7844 72.0
7845 72.0
7846 72.0
7847 72.0
7848 72.0
7849 72.0
7850 72.0
7851 72.0
7852 72.0
7853 72.0
7854 72.0
7855 72.0
7856 72.0
7857 72.0
7858 72.0
7859 72.0
7860 72.0
7861 72.0
7862 72.0
7863 72.0
7864 72.0
7865 72.0
7866 72.0
7867 72.0
7868 72.0
7869 72.0
7870 72.0
7871 72.0
7872 72.0
7873 72.0
7874 72.0
7875 72.0
7876 72.0
7877 72.0
7878 72.0
7879 72.0
7880 72.0
7881 72.0
7882 72.0
7883 72.0
7884 72.0
7885 72.0
7886 72.0
7887 72.0
7888 72.0
7889 72.0
7890 72.0
7891 72.0
7892 72.0
7893 72.0
7894 72.0
7895 72.0
7896 72.0
7897 72.0
7898 72.0
7899 72.0
7900 72.0
7901 72.0
7902 72.0
7903 72.0
7904 72.0
7905 72.0
7906 72.0
7907 72.0
7908 72.0
7909 72.0
7910 72.0
7911 72.0
7912 72.0
7913 72.0
7914 72.0
7915 72.0
7916 72.0
7917 72.0
7918 72.0
7919 72.0
7920 72.0
7921 72.0
7922 72.0
7923 72.0
7924 72.0
7925 72.0
7926 72.0
7927 72.0
7928 72.0
7929 72.0
7930 72.0
7931 72.0
7932 72.0
7933 72.0
7934 72.0
7935 72.0
7936 72.0
7937 72.0
7938 72.0
7939 72.0
7940 72.0
7941 72.0
7942 72.0
7943 72.0
7944 72.0
7945 72.0
7946 72.0
7947 72.0
7948 72.0
7949 72.0
7950 72.0
7951 72.0
7952 72.0
7953 72.0
7954 72.0
7955 72.0
7956 72.0
7957 72.0
7958 72.0
7959 72.0
7960 72.0
7961 72.0
7962 72.0
7963 72.0
7964 72.0
7965 72.0
7966 72.0
7967 72.0
7968 72.0
7969 72.0
7970 72.0
7971 72.0
7972 72.0
7973 72.0
7974 72.0
7975 72.0
7976 72.0
7977 72.0
7978 72.0
7979 72.0
7980 72.0
7981 72.0
7982 72.0
7983 72.0
7984 72.0
7985 72.0
7986 72.0
7987 72.0
7988 72.0
7989 72.0
7990 72.0
7991 72.0
7992 72.0
7993 72.0
7994 72.0
7995 72.0
7996 72.0
7997 72.0
7998 72.0
7999 72.0
8000 72.0
8001 72.0
8002 72.0
8003 72.0
8004 72.0
8005 72.0
8006 72.0
8007 72.0
8008 72.0
8009 72.0
8010 72.0
8011 72.0
8012 72.0
8013 72.0
8014 72.0
8015 72.0
8016 72.0
8017 72.0
8018 72.0
8019 72.0
8020 72.0
8021 72.0
8022 72.0
8023 72.0
8024 72.0
8025 72.0
8026 72.0
8027 72.0
8028 72.0
8029 72.0
8030 72.0
8031 72.0
8032 72.0
8033 72.0
8034 72.0
8035 72.0
8036 72.0
8037 72.0
8038 72.0
8039 72.0
8040 72.0
8041 72.0
8042 72.0
8043 72.0
8044 72.0
8045 72.0
8046 72.0
8047 72.0
8048 72.0
8049 72.0
8050 72.0
8051 72.0
8052 72.0
8053 72.0
8054 72.0
8055 72.0
8056 72.0
8057 72.0
8058 72.0
8059 72.0
8060 72.0
8061 72.0
8062 72.0
8063 72.0
8064 72.0
8065 72.0
8066 72.0
8067 72.0
8068 72.0
8069 72.0
8070 72.0
8071 72.0
8072 72.0
8073 72.0
8074 72.0
8075 72.0
8076 72.0
8077 72.0
8078 72.0
8079 72.0
8080 72.0
8081 72.0
8082 72.0
8083 72.0
8084 72.0
8085 72.0
8086 72.0
8087 72.0
8088 72.0
8089 72.0
8090 72.0
8091 72.0
8092 72.0
8093 72.0
8094 72.0
8095 72.0
8096 72.0
8097 72.0
8098 72.0
8099 72.0
8100 72.0
8101 72.0
8102 72.0
8103 72.0
8104 72.0
8105 72.0
8106 72.0
8107 72.0
8108 72.0
8109 72.0
8110 72.0
8111 72.0
8112 72.0
8113 72.0
8114 72.0
8115 72.0
8116 72.0
8117 72.0
8118 72.0
8119 72.0
8120 72.0
8121 72.0
8122 72.0
8123 72.0
8124 72.0
8125 72.0
8126 72.0
8127 72.0
8128 72.0
8129 72.0
8130 72.0
8131 72.0
8132 72.0
8133 72.0
8134 72.0
8135 72.0
8136 72.0
8137 72.0
8138 72.0
8139 72.0
8140 72.0
8141 72.0
8142 72.0
8143 72.0
8144 72.0
8145 72.0
8146 72.0
8147 72.0
8148 72.0
8149 72.0
8150 72.0
8151 72.0
8152 72.0
8153 72.0
8154 72.0
8155 72.0
8156 72.0
8157 72.0
8158 72.0
8159 72.0
8160 72.0
8161 72.0
8162 72.0
8163 72.0
8164 72.0
8165 72.0
8166 72.0
8167 72.0
8168 72.0
8169 72.0
8170 72.0
8171 72.0
8172 72.0
8173 72.0
8174 72.0
8175 72.0
8176 72.0
8177 72.0
8178 72.0
8179 72.0
8180 72.0
8181 72.0
8182 72.0
8183 72.0
8184 72.0
8185 72.0
8186 72.0
8187 72.0
8188 72.0
8189 72.0
8190 72.0
8191 72.0
8192 72.0
8193 72.0
8194 72.0
8195 72.0
8196 72.0
8197 72.0
8198 72.0
8199 72.0
8200 72.0
8201 72.0
8202 72.0
8203 72.0
8204 72.0
8205 72.0
8206 72.0
8207 72.0
8208 72.0
8209 72.0
8210 72.0
8211 72.0
8212 72.0
8213 72.0
8214 72.0
8215 72.0
8216 72.0
8217 72.0
8218 72.0
8219 72.0
8220 72.0
8221 72.0
8222 72.0
8223 72.0
8224 72.0
8225 72.0
8226 72.0
8227 72.0
8228 72.0
8229 72.0
8230 72.0
8231 72.0
8232 72.0
8233 72.0
8234 72.0
8235 72.0
8236 72.0
8237 72.0
8238 72.0
8239 72.0
8240 72.0
8241 72.0
8242 72.0
8243 72.0
8244 72.0
8245 72.0
8246 72.0
8247 72.0
8248 72.0
8249 72.0
8250 72.0
8251 72.0
8252 72.0
8253 72.0
8254 72.0
8255 72.0
8256 72.0
8257 72.0
8258 72.0
8259 72.0
8260 72.0
8261 72.0
8262 72.0
8263 72.0
8264 72.0
8265 72.0
8266 72.0
8267 72.0
8268 72.0
8269 72.0
8270 72.0
8271 72.0
8272 72.0
8273 72.0
8274 72.0
8275 72.0
8276 72.0
8277 72.0
8278 72.0
8279 72.0
8280 72.0
8281 72.0
8282 72.0
8283 72.0
8284 72.0
8285 72.0
8286 72.0
8287 72.0
8288 72.0
8289 72.0
8290 72.0
8291 72.0
8292 72.0
8293 72.0
8294 72.0
8295 72.0
8296 72.0
8297 72.0
8298 72.0
8299 72.0
8300 72.0
8301 72.0
8302 72.0
8303 72.0
8304 72.0
8305 72.0
8306 72.0
8307 72.0
8308 72.0
8309 72.0
8310 72.0
8311 72.0
8312 72.0
8313 72.0
8314 72.0
8315 72.0
8316 72.0
8317 72.0
8318 72.0
8319 72.0
8320 72.0
8321 72.0
8322 72.0
8323 72.0
8324 72.0
8325 72.0
8326 72.0
8327 72.0
8328 72.0
8329 72.0
8330 72.0
8331 72.0
8332 72.0
8333 72.0
8334 72.0
8335 72.0
8336 72.0
8337 72.0
8338 72.0
8339 72.0
8340 72.0
8341 72.0
8342 72.0
8343 72.0
8344 72.0
8345 72.0
8346 72.0
8347 72.0
8348 72.0
8349 72.0
8350 72.0
8351 72.0
8352 72.0
8353 72.0
8354 72.0
8355 72.0
8356 72.0
8357 72.0
8358 72.0
8359 72.0
8360 72.0
8361 72.0
8362 72.0
8363 72.0
8364 72.0
8365 72.0
8366 72.0
8367 72.0
8368 72.0
8369 72.0
8370 72.0
8371 72.0
8372 72.0
8373 72.0
8374 72.0
8375 72.0
8376 72.0
8377 72.0
8378 72.0
8379 72.0
8380 72.0
8381 72.0
8382 72.0
8383 72.0
8384 72.0
8385 72.0
8386 72.0
8387 72.0
8388 72.0
8389 72.0
8390 72.0
8391 72.0
8392 72.0
8393 72.0
8394 72.0
8395 72.0
8396 72.0
8397 72.0
8398 72.0
8399 72.0
8400 72.0
8401 72.0
8402 72.0
8403 72.0
8404 72.0
8405 72.0
8406 72.0
8407 72.0
8408 72.0
8409 72.0
8410 72.0
8411 72.0
8412 72.0
8413 72.0
8414 72.0
8415 72.0
8416 72.0
8417 72.0
8418 72.0
8419 72.0
8420 72.0
8421 72.0
8422 72.0
8423 72.0
8424 72.0
8425 72.0
8426 72.0
8427 72.0
8428 72.0
8429 72.0
8430 72.0
8431 72.0
8432 72.0
8433 72.0
8434 72.0
8435 72.0
8436 72.0
8437 72.0
8438 72.0
8439 72.0
8440 72.0
8441 72.0
8442 72.0
8443 72.0
8444 72.0
8445 72.0
8446 72.0
8447 72.0
8448 72.0
8449 72.0
8450 72.0
8451 72.0
8452 72.0
8453 72.0
8454 72.0
8455 72.0
8456 72.0
8457 72.0
8458 72.0
8459 72.0
8460 72.0
8461 72.0
8462 72.0
8463 72.0
8464 72.0
8465 72.0
8466 72.0
8467 72.0
8468 72.0
8469 72.0
8470 72.0
8471 72.0
8472 72.0
8473 72.0
8474 72.0
8475 72.0
8476 72.0
8477 72.0
8478 72.0
8479 72.0
8480 72.0
8481 72.0
8482 72.0
8483 72.0
8484 72.0
8485 72.0
8486 72.0
8487 72.0
8488 72.0
8489 72.0
8490 72.0
8491 72.0
8492 72.0
8493 72.0
8494 72.0
8495 72.0
8496 72.0
8497 72.0
8498 72.0
8499 72.0
8500 72.0
8501 72.0
8502 72.0
8503 72.0
8504 72.0
8505 72.0
8506 72.0
8507 72.0
8508 72.0
8509 72.0
8510 72.0
8511 72.0
8512 72.0
8513 72.0
8514 72.0
8515 72.0
8516 72.0
8517 72.0
8518 72.0
8519 72.0
8520 72.0
8521 72.0
8522 72.0
8523 72.0
8524 72.0
8525 72.0
8526 72.0
8527 72.0
8528 72.0
8529 72.0
8530 72.0
8531 72.0
8532 72.0
8533 72.0
8534 72.0
8535 72.0
8536 72.0
8537 72.0
8538 72.0
8539 72.0
8540 72.0
8541 72.0
8542 72.0
8543 72.0
8544 72.0
8545 72.0
8546 72.0
8547 72.0
8548 72.0
8549 72.0
8550 72.0
8551 72.0
8552 72.0
8553 72.0
8554 72.0
8555 72.0
8556 72.0
8557 72.0
8558 72.0
8559 72.0
8560 72.0
8561 72.0
8562 72.0
8563 72.0
8564 72.0
8565 72.0
8566 72.0
8567 72.0
8568 72.0
8569 72.0
8570 72.0
8571 72.0
8572 72.0
8573 72.0
8574 72.0
8575 72.0
8576 72.0
8577 72.0
8578 72.0
8579 72.0
8580 72.0
8581 72.0
8582 72.0
8583 72.0
8584 72.0
8585 72.0
8586 72.0
8587 72.0
8588 72.0
8589 72.0
8590 72.0
8591 72.0
8592 72.0
8593 72.0
8594 72.0
8595 72.0
8596 72.0
8597 72.0
8598 72.0
8599 78.0
8600 78.0
8601 78.0
8602 78.0
8603 78.0
8604 78.0
8605 78.0
8606 78.0
8607 78.0
8608 78.0
8609 78.0
8610 78.0
8611 78.0
8612 78.0
8613 78.0
8614 78.0
8615 78.0
8616 78.0
8617 78.0
8618 78.0
8619 78.0
8620 78.0
8621 78.0
8622 78.0
8623 78.0
8624 78.0
8625 78.0
8626 78.0
8627 78.0
8628 78.0
8629 78.0
8630 78.0
8631 78.0
8632 78.0
8633 78.0
8634 78.0
8635 78.0
8636 78.0
8637 78.0
8638 78.0
8639 78.0
8640 78.0
8641 78.0
8642 78.0
8643 78.0
8644 78.0
8645 78.0
8646 78.0
8647 78.0
8648 78.0
8649 78.0
8650 78.0
8651 78.0
8652 78.0
8653 78.0
8654 78.0
8655 78.0
8656 78.0
8657 78.0
8658 78.0
8659 78.0
8660 78.0
8661 78.0
8662 78.0
8663 78.0
8664 78.0
8665 78.0
8666 78.0
8667 78.0
8668 78.0
8669 78.0
8670 78.0
8671 78.0
8672 78.0
8673 78.0
8674 78.0
8675 78.0
8676 78.0
8677 78.0
8678 78.0
8679 78.0
8680 78.0
8681 78.0
8682 78.0
8683 78.0
8684 78.0
8685 78.0
8686 78.0
8687 78.0
8688 78.0
8689 78.0
8690 78.0
8691 78.0
8692 78.0
8693 78.0
8694 78.0
8695 78.0
8696 78.0
8697 78.0
8698 78.0
8699 78.0
8700 78.0
8701 78.0
8702 78.0
8703 78.0
8704 78.0
8705 78.0
8706 78.0
8707 78.0
8708 78.0
8709 78.0
8710 78.0
8711 78.0
8712 78.0
8713 78.0
8714 78.0
8715 78.0
8716 78.0
8717 78.0
8718 78.0
8719 78.0
8720 78.0
8721 78.0
8722 78.0
8723 78.0
8724 78.0
8725 78.0
8726 78.0
8727 78.0
8728 78.0
8729 78.0
8730 78.0
8731 78.0
8732 78.0
8733 78.0
8734 78.0
8735 78.0
8736 78.0
8737 78.0
8738 78.0
8739 78.0
8740 78.0
8741 78.0
8742 78.0
8743 78.0
8744 78.0
8745 78.0
8746 78.0
8747 78.0
8748 78.0
8749 78.0
8750 78.0
8751 78.0
8752 78.0
8753 78.0
8754 78.0
8755 78.0
8756 78.0
8757 78.0
8758 78.0
8759 78.0
8760 78.0
8761 78.0
8762 78.0
8763 78.0
8764 78.0
8765 78.0
8766 78.0
8767 78.0
8768 78.0
8769 78.0
8770 78.0
8771 78.0
8772 78.0
8773 78.0
8774 78.0
8775 78.0
8776 78.0
8777 78.0
8778 78.0
8779 78.0
8780 78.0
8781 78.0
8782 78.0
8783 78.0
8784 78.0
8785 78.0
8786 78.0
8787 78.0
8788 78.0
8789 78.0
8790 78.0
8791 78.0
8792 78.0
8793 78.0
8794 78.0
8795 78.0
8796 78.0
8797 78.0
8798 78.0
8799 78.0
8800 78.0
8801 78.0
8802 78.0
8803 78.0
8804 78.0
8805 78.0
8806 78.0
8807 78.0
8808 78.0
8809 78.0
8810 78.0
8811 78.0
8812 78.0
8813 78.0
8814 78.0
8815 78.0
8816 78.0
8817 78.0
8818 78.0
8819 78.0
8820 78.0
8821 78.0
8822 78.0
8823 78.0
8824 78.0
8825 78.0
8826 78.0
8827 78.0
8828 78.0
8829 78.0
8830 78.0
8831 78.0
8832 78.0
8833 78.0
8834 78.0
8835 78.0
8836 78.0
8837 78.0
8838 78.0
8839 78.0
8840 78.0
8841 78.0
8842 78.0
8843 78.0
8844 78.0
8845 78.0
8846 78.0
8847 78.0
8848 78.0
8849 78.0
8850 78.0
8851 78.0
8852 78.0
8853 78.0
8854 78.0
8855 78.0
8856 78.0
8857 78.0
8858 78.0
8859 78.0
8860 78.0
8861 78.0
8862 78.0
8863 78.0
8864 78.0
8865 78.0
8866 78.0
8867 78.0
8868 78.0
8869 78.0
8870 78.0
8871 78.0
8872 78.0
8873 78.0
8874 78.0
8875 78.0
8876 78.0
8877 78.0
8878 78.0
8879 78.0
8880 78.0
8881 78.0
8882 78.0
8883 78.0
8884 78.0
8885 78.0
8886 78.0
8887 78.0
8888 78.0
8889 78.0
8890 78.0
8891 78.0
8892 78.0
8893 78.0
8894 78.0
8895 78.0
8896 78.0
8897 78.0
8898 78.0
8899 78.0
8900 78.0
8901 78.0
8902 78.0
8903 78.0
8904 78.0
8905 78.0
8906 78.0
8907 78.0
8908 78.0
8909 78.0
8910 78.0
8911 78.0
8912 78.0
8913 78.0
8914 78.0
8915 78.0
8916 78.0
8917 78.0
8918 78.0
8919 78.0
8920 78.0
8921 78.0
8922 78.0
8923 78.0
8924 78.0
8925 78.0
8926 78.0
8927 78.0
8928 78.0
8929 78.0
8930 78.0
8931 78.0
8932 78.0
8933 78.0
8934 78.0
8935 78.0
8936 78.0
8937 78.0
8938 78.0
8939 78.0
8940 78.0
8941 78.0
8942 78.0
8943 78.0
8944 78.0
8945 78.0
8946 78.0
8947 78.0
8948 78.0
8949 78.0
8950 78.0
8951 78.0
8952 78.0
8953 78.0
8954 78.0
8955 78.0
8956 78.0
8957 78.0
8958 78.0
8959 78.0
8960 78.0
8961 78.0
8962 78.0
8963 78.0
8964 78.0
8965 78.0
8966 78.0
8967 78.0
8968 78.0
8969 78.0
8970 78.0
8971 78.0
8972 78.0
8973 78.0
8974 78.0
8975 78.0
8976 78.0
8977 78.0
8978 78.0
8979 78.0
8980 78.0
8981 78.0
8982 78.0
8983 78.0
8984 78.0
8985 78.0
8986 78.0
8987 78.0
8988 78.0
8989 78.0
8990 78.0
8991 78.0
8992 78.0
8993 78.0
8994 78.0
8995 78.0
8996 78.0
8997 78.0
8998 78.0
8999 78.0
9000 78.0
9001 78.0
9002 78.0
9003 78.0
9004 78.0
9005 78.0
9006 78.0
9007 78.0
9008 78.0
9009 78.0
9010 78.0
9011 78.0
9012 78.0
9013 78.0
9014 78.0
9015 78.0
9016 78.0
9017 78.0
9018 78.0
9019 78.0
9020 78.0
9021 78.0
9022 78.0
9023 78.0
9024 78.0
9025 78.0
9026 78.0
9027 78.0
9028 78.0
9029 78.0
9030 78.0
9031 78.0
9032 78.0
9033 78.0
9034 78.0
9035 78.0
9036 78.0
9037 78.0
9038 78.0
9039 78.0
9040 78.0
9041 78.0
9042 78.0
9043 78.0
9044 78.0
9045 78.0
9046 78.0
9047 78.0
9048 78.0
9049 78.0
9050 78.0
9051 78.0
9052 78.0
9053 78.0
9054 78.0
9055 78.0
9056 78.0
9057 78.0
9058 78.0
9059 78.0
9060 78.0
9061 78.0
9062 78.0
9063 78.0
9064 78.0
9065 78.0
9066 78.0
9067 78.0
9068 78.0
9069 78.0
9070 78.0
9071 78.0
9072 78.0
9073 78.0
9074 78.0
9075 78.0
9076 78.0
9077 78.0
9078 78.0
9079 78.0
9080 78.0
9081 78.0
9082 78.0
9083 78.0
9084 78.0
9085 78.0
9086 78.0
9087 78.0
9088 78.0
9089 78.0
9090 78.0
9091 78.0
9092 78.0
9093 78.0
9094 78.0
9095 78.0
9096 78.0
9097 78.0
9098 78.0
9099 78.0
9100 78.0
9101 78.0
9102 78.0
9103 78.0
9104 78.0
9105 78.0
9106 78.0
9107 78.0
9108 78.0
9109 78.0
9110 78.0
9111 78.0
9112 78.0
9113 78.0
9114 78.0
9115 78.0
9116 78.0
9117 78.0
9118 78.0
9119 78.0
9120 78.0
9121 78.0
9122 78.0
9123 78.0
9124 78.0
9125 78.0
9126 78.0
9127 78.0
9128 78.0
9129 78.0
9130 78.0
9131 78.0
9132 78.0
9133 78.0
9134 78.0
9135 78.0
9136 78.0
9137 78.0
9138 78.0
9139 78.0
9140 78.0
9141 78.0
9142 78.0
9143 78.0
9144 78.0
9145 78.0
9146 78.0
9147 78.0
9148 78.0
9149 78.0
9150 78.0
9151 78.0
9152 78.0
9153 78.0
9154 78.0
9155 78.0
9156 78.0
9157 78.0
9158 78.0
9159 78.0
9160 78.0
9161 78.0
9162 78.0
9163 78.0
9164 78.0
9165 78.0
9166 78.0
9167 78.0
9168 78.0
9169 78.0
9170 78.0
9171 78.0
9172 78.0
9173 78.0
9174 78.0
9175 78.0
9176 78.0
9177 78.0
9178 78.0
9179 78.0
9180 78.0
9181 78.0
9182 78.0
9183 78.0
9184 78.0
9185 78.0
9186 78.0
9187 78.0
9188 78.0
9189 78.0
9190 78.0
9191 78.0
9192 78.0
9193 78.0
9194 78.0
9195 78.0
9196 78.0
9197 78.0
9198 78.0
9199 78.0
9200 78.0
9201 78.0
9202 78.0
9203 78.0
9204 78.0
9205 78.0
9206 78.0
9207 78.0
9208 78.0
9209 78.0
9210 78.0
9211 78.0
9212 78.0
9213 78.0
9214 78.0
9215 78.0
9216 78.0
9217 78.0
9218 78.0
9219 78.0
9220 78.0
9221 78.0
9222 78.0
9223 78.0
9224 78.0
9225 78.0
9226 78.0
9227 78.0
9228 78.0
9229 78.0
9230 78.0
9231 78.0
9232 78.0
9233 78.0
9234 78.0
9235 78.0
9236 78.0
9237 78.0
9238 78.0
9239 78.0
9240 78.0
9241 78.0
9242 78.0
9243 78.0
9244 78.0
9245 78.0
9246 78.0
9247 78.0
9248 78.0
9249 78.0
9250 78.0
9251 78.0
9252 78.0
9253 78.0
9254 78.0
9255 78.0
9256 78.0
9257 78.0
9258 78.0
9259 78.0
9260 78.0
9261 78.0
9262 78.0
9263 78.0
9264 78.0
9265 78.0
9266 78.0
9267 78.0
9268 78.0
9269 78.0
9270 78.0
9271 78.0
9272 78.0
9273 78.0
9274 78.0
9275 78.0
9276 78.0
9277 78.0
9278 78.0
9279 78.0
9280 78.0
9281 78.0
9282 78.0
9283 78.0
9284 78.0
9285 78.0
9286 78.0
9287 78.0
9288 78.0
9289 78.0
9290 78.0
9291 78.0
9292 78.0
9293 78.0
9294 78.0
9295 78.0
9296 78.0
9297 78.0
9298 78.0
9299 78.0
9300 78.0
9301 78.0
9302 78.0
9303 78.0
9304 78.0
9305 78.0
9306 78.0
9307 78.0
9308 78.0
9309 78.0
9310 78.0
9311 78.0
9312 78.0
9313 78.0
9314 78.0
9315 78.0
9316 78.0
9317 78.0
9318 78.0
9319 78.0
9320 78.0
9321 78.0
9322 78.0
9323 78.0
9324 78.0
9325 78.0
9326 78.0
9327 78.0
9328 78.0
9329 78.0
9330 78.0
9331 78.0
9332 78.0
9333 78.0
9334 78.0
9335 78.0
9336 78.0
9337 78.0
9338 78.0
9339 78.0
9340 78.0
9341 78.0
9342 78.0
9343 78.0
9344 78.0
9345 78.0
9346 78.0
9347 78.0
9348 78.0
9349 78.0
9350 78.0
9351 78.0
9352 78.0
9353 78.0
9354 78.0
9355 78.0
9356 78.0
9357 78.0
9358 78.0
9359 78.0
9360 78.0
9361 78.0
9362 78.0
9363 78.0
9364 78.0
9365 78.0
9366 78.0
9367 78.0
9368 78.0
9369 78.0
9370 78.0
9371 78.0
9372 78.0
9373 78.0
9374 78.0
9375 78.0
9376 78.0
9377 78.0
9378 78.0
9379 78.0
9380 78.0
9381 78.0
9382 78.0
9383 78.0
9384 78.0
9385 78.0
9386 78.0
9387 78.0
9388 78.0
9389 78.0
9390 78.0
9391 78.0
9392 78.0
9393 78.0
9394 78.0
9395 78.0
9396 78.0
9397 78.0
9398 78.0
9399 78.0
9400 78.0
9401 78.0
9402 78.0
9403 78.0
9404 78.0
9405 78.0
9406 78.0
9407 78.0
9408 78.0
9409 78.0
9410 78.0
9411 78.0
9412 78.0
9413 78.0
9414 78.0
9415 78.0
9416 78.0
9417 78.0
9418 78.0
9419 78.0
9420 78.0
9421 78.0
9422 78.0
9423 78.0
9424 78.0
9425 78.0
9426 78.0
9427 78.0
9428 78.0
9429 78.0
9430 78.0
9431 78.0
9432 78.0
9433 78.0
9434 78.0
9435 78.0
9436 78.0
9437 78.0
9438 78.0
9439 78.0
9440 78.0
9441 78.0
9442 78.0
9443 78.0
9444 78.0
9445 78.0
9446 78.0
9447 78.0
9448 78.0
9449 78.0
9450 78.0
9451 78.0
9452 78.0
9453 78.0
9454 78.0
9455 78.0
9456 78.0
9457 78.0
9458 78.0
9459 78.0
9460 78.0
9461 78.0
9462 78.0
9463 78.0
9464 78.0
9465 78.0
9466 78.0
9467 78.0
9468 78.0
9469 78.0
9470 78.0
9471 78.0
9472 78.0
9473 78.0
9474 78.0
9475 78.0
9476 78.0
9477 78.0
9478 78.0
9479 78.0
9480 78.0
9481 78.0
9482 78.0
9483 78.0
9484 78.0
9485 78.0
9486 78.0
9487 78.0
9488 78.0
9489 78.0
9490 78.0
9491 78.0
9492 78.0
9493 78.0
9494 78.0
9495 78.0
9496 78.0
9497 78.0
9498 78.0
9499 78.0
9500 78.0
9501 78.0
9502 78.0
9503 78.0
9504 78.0
9505 78.0
9506 78.0
9507 78.0
9508 78.0
9509 78.0
9510 78.0
9511 78.0
9512 78.0
9513 78.0
9514 78.0
9515 78.0
9516 78.0
9517 78.0
9518 78.0
9519 78.0
9520 78.0
9521 78.0
9522 78.0
9523 78.0
9524 78.0
9525 78.0
9526 78.0
9527 78.0
9528 78.0
9529 78.0
9530 78.0
9531 78.0
9532 78.0
9533 78.0
9534 78.0
9535 78.0
9536 78.0
9537 78.0
9538 78.0
9539 78.0
9540 78.0
9541 78.0
9542 78.0
9543 78.0
9544 78.0
9545 78.0
9546 78.0
9547 78.0
9548 78.0
9549 78.0
9550 78.0
9551 78.0
9552 78.0
9553 78.0
9554 78.0
9555 78.0
9556 78.0
9557 78.0
9558 78.0
9559 78.0
9560 78.0
9561 78.0
9562 78.0
9563 78.0
9564 78.0
9565 78.0
9566 78.0
9567 78.0
9568 78.0
9569 78.0
9570 78.0
9571 78.0
9572 78.0
9573 78.0
9574 78.0
9575 78.0
9576 78.0
9577 78.0
9578 78.0
9579 78.0
9580 78.0
9581 78.0
9582 78.0
9583 78.0
9584 78.0
9585 78.0
9586 78.0
9587 78.0
9588 78.0
9589 78.0
9590 78.0
9591 78.0
9592 78.0
9593 78.0
9594 78.0
9595 78.0
9596 78.0
9597 78.0
9598 78.0
9599 78.0
9600 78.0
9601 78.0
9602 78.0
9603 78.0
9604 78.0
9605 78.0
9606 78.0
9607 78.0
9608 78.0
9609 78.0
9610 78.0
9611 78.0
9612 78.0
9613 78.0
9614 78.0
9615 78.0
9616 78.0
9617 78.0
9618 78.0
9619 78.0
9620 78.0
9621 78.0
9622 78.0
9623 78.0
9624 78.0
9625 78.0
9626 78.0
9627 78.0
9628 78.0
9629 78.0
9630 78.0
9631 78.0
9632 78.0
9633 78.0
9634 78.0
9635 78.0
9636 78.0
9637 78.0
9638 78.0
9639 78.0
9640 78.0
9641 78.0
9642 78.0
9643 78.0
9644 78.0
9645 78.0
9646 78.0
9647 78.0
9648 78.0
9649 78.0
9650 78.0
9651 78.0
9652 78.0
9653 78.0
9654 78.0
9655 78.0
9656 78.0
9657 78.0
9658 78.0
9659 78.0
9660 78.0
9661 78.0
9662 78.0
9663 78.0
9664 78.0
9665 78.0
9666 78.0
9667 78.0
9668 78.0
9669 78.0
9670 78.0
9671 78.0
9672 78.0
9673 78.0
9674 78.0
9675 78.0
9676 78.0
9677 78.0
9678 78.0
9679 78.0
9680 78.0
9681 78.0
9682 78.0
9683 78.0
9684 78.0
9685 78.0
9686 78.0
9687 78.0
9688 78.0
9689 78.0
9690 78.0
9691 78.0
9692 78.0
9693 78.0
9694 78.0
9695 78.0
9696 78.0
9697 78.0
9698 78.0
9699 78.0
9700 78.0
9701 78.0
9702 78.0
9703 78.0
9704 78.0
9705 78.0
9706 78.0
9707 78.0
9708 78.0
9709 78.0
9710 78.0
9711 78.0
9712 78.0
9713 78.0
9714 78.0
9715 78.0
9716 78.0
9717 78.0
9718 78.0
9719 78.0
9720 78.0
9721 78.0
9722 78.0
9723 78.0
9724 78.0
9725 78.0
9726 78.0
9727 78.0
9728 78.0
9729 78.0
9730 78.0
9731 78.0
9732 78.0
9733 78.0
9734 78.0
9735 78.0
9736 78.0
9737 78.0
9738 78.0
9739 78.0
9740 78.0
9741 78.0
9742 78.0
9743 78.0
9744 78.0
9745 78.0
9746 78.0
9747 78.0
9748 78.0
9749 78.0
9750 78.0
9751 78.0
9752 78.0
9753 78.0
9754 78.0
9755 78.0
9756 78.0
9757 78.0
9758 78.0
9759 78.0
9760 78.0
9761 78.0
9762 78.0
9763 78.0
9764 78.0
9765 78.0
9766 78.0
9767 78.0
9768 78.0
9769 78.0
9770 78.0
9771 78.0
9772 78.0
9773 78.0
9774 78.0
9775 78.0
9776 78.0
9777 78.0
9778 78.0
9779 78.0
9780 78.0
9781 78.0
9782 78.0
9783 78.0
9784 78.0
9785 78.0
9786 78.0
9787 78.0
9788 78.0
9789 78.0
9790 78.0
9791 78.0
9792 78.0
9793 78.0
9794 78.0
9795 78.0
9796 78.0
9797 78.0
9798 78.0
9799 78.0
9800 78.0
9801 78.0
9802 78.0
9803 78.0
9804 78.0
9805 78.0
9806 78.0
9807 78.0
9808 78.0
9809 78.0
9810 78.0
9811 78.0
9812 78.0
9813 78.0
9814 78.0
9815 78.0
9816 78.0
9817 78.0
9818 78.0
9819 78.0
9820 78.0
9821 78.0
9822 78.0
9823 78.0
9824 78.0
9825 78.0
9826 78.0
9827 78.0
9828 78.0
9829 78.0
9830 78.0
9831 78.0
9832 78.0
9833 78.0
9834 78.0
9835 78.0
9836 78.0
9837 78.0
9838 78.0
9839 78.0
9840 78.0
9841 78.0
9842 78.0
9843 78.0
9844 78.0
9845 78.0
9846 78.0
9847 78.0
9848 78.0
9849 78.0
9850 78.0
9851 78.0
9852 78.0
9853 78.0
9854 78.0
9855 78.0
9856 78.0
9857 78.0
9858 78.0
9859 78.0
9860 78.0
9861 78.0
9862 78.0
9863 78.0
9864 78.0
9865 78.0
9866 78.0
9867 78.0
9868 78.0
9869 78.0
9870 78.0
9871 78.0
9872 78.0
9873 78.0
9874 78.0
9875 78.0
9876 78.0
9877 78.0
9878 78.0
9879 78.0
9880 78.0
9881 78.0
9882 78.0
9883 78.0
9884 78.0
9885 78.0
9886 78.0
9887 78.0
9888 78.0
9889 78.0
9890 78.0
9891 78.0
9892 78.0
9893 78.0
9894 78.0
9895 78.0
9896 78.0
9897 78.0
9898 78.0
9899 78.0
9900 78.0
9901 78.0
9902 78.0
9903 78.0
9904 78.0
9905 78.0
9906 78.0
9907 78.0
9908 78.0
9909 78.0
9910 78.0
9911 78.0
9912 78.0
9913 78.0
9914 78.0
9915 78.0
9916 78.0
9917 78.0
9918 78.0
9919 78.0
9920 78.0
9921 78.0
9922 78.0
9923 78.0
9924 78.0
9925 78.0
9926 78.0
9927 78.0
9928 78.0
9929 78.0
9930 78.0
9931 78.0
9932 78.0
9933 78.0
9934 78.0
9935 78.0
9936 78.0
9937 78.0
9938 78.0
9939 78.0
9940 78.0
9941 78.0
9942 78.0
9943 78.0
9944 78.0
9945 78.0
9946 78.0
9947 78.0
9948 78.0
9949 78.0
9950 78.0
9951 78.0
9952 78.0
9953 78.0
9954 78.0
9955 78.0
9956 78.0
9957 78.0
9958 78.0
9959 78.0
9960 78.0
9961 78.0
9962 78.0
9963 78.0
9964 78.0
9965 78.0
9966 78.0
9967 78.0
9968 78.0
9969 78.0
9970 78.0
9971 78.0
9972 78.0
9973 78.0
9974 78.0
9975 78.0
9976 78.0
9977 78.0
9978 78.0
9979 78.0
9980 78.0
9981 78.0
9982 78.0
9983 78.0
9984 78.0
9985 78.0
9986 78.0
9987 78.0
9988 78.0
9989 78.0
9990 78.0
9991 78.0
9992 78.0
9993 78.0
9994 78.0
9995 78.0
9996 78.0
9997 78.0
9998 78.0
9999 78.0
10000 78.0
