# evaluation best
1 37.0
2 37.0
3 37.0
4 37.0
5 37.0
6 37.0
7 37.0
8 37.0
9 37.0
10 37.0
11 37.0
12 37.0
13 37.0
14 37.0
15 37.0
16 37.0
17 37.0
18 37.0
19 37.0
20 37.0
21 37.0
22 37.0
23 37.0
24 37.0
25 37.0
26 37.0
27 37.0
28 37.0
29 37.0
30 37.0
31 37.0
32 37.0
33 37.0
34 37.0
35 37.0
36 37.0
37 37.0
38 37.0
39 37.0
40 37.0
41 37.0
42 37.0
43 37.0
44 37.0
45 37.0
46 37.0
47 37.0
48 37.0
49 37.0
50 37.0
51 37.0
52 37.0
53 37.0
54 37.0
55 37.0
56 37.0
57 37.0
58 37.0
59 37.0
60 37.0
61 37.0
62 37.0
63 37.0
64 37.0
65 37.0
66 37.0
67 37.0
68 37.0
69 45.0
70 45.0
71 45.0
72 45.0
73 45.0
74 45.0
75 45.0
76 45.0
77 45.0
78 45.0
79 45.0
80 45.0
81 45.0
82 45.0
83 45.0
84 45.0
85 45.0
86 45.0
87 45.0
88 45.0
89 45.0
90 45.0
91 45.0
92 45.0
93 45.0
94 45.0
95 45.0
96 45.0
97 45.0
98 45.0
99 45.0
100 45.0
101 45.0
102 45.0
103 45.0
104 45.0
105 45.0
106 45.0
107 45.0
108 45.0
109 45.0
110 45.0
111 45.0
112 45.0
113 45.0
114 45.0
115 45.0
116 45.0
117 45.0
118 45.0
119 45.0
120 45.0
121 45.0
122 45.0
123 45.0
124 45.0
125 45.0
126 45.0
127 45.0
128 45.0
129 45.0
130 45.0
131 45.0
132 45.0
133 45.0
134 45.0
135 45.0
136 45.0
137 45.0
138 45.0
139 45.0
140 45.0
141 45.0
142 45.0
143 45.0
144 45.0
145 45.0
146 45.0
147 45.0
148 45.0
149 45.0
150 45.0
151 45.0
152 45.0
153 45.0
154 45.0
155 45.0
156 45.0
157 45.0
158 45.0
159 45.0
160 45.0
161 45.0
162 45.0
163 45.0
164 45.0
165 45.0
166 45.0
167 45.0
168 45.0
169 45.0
170 45.0
171 45.0
172 45.0
173 47.0
174 47.0
175 47.0
176 47.0
177 47.0
178 47.0
179 47.0
180 47.0
181 47.0
182 47.0
183 47.0
184 47.0
185 47.0
186 47.0
187 47.0
188 47.0
189 47.0
190 47.0
191 47.0
192 47.0
193 47.0
194 47.0
195 47.0
196 47.0
197 47.0
198 47.0
199 47.0
200 47.0
201 47.0
202 47.0
203 47.0
204 47.0
205 47.0
206 47.0
207 47.0
208 47.0
209 47.0
210 47.0
211 47.0
212 47.0
213 47.0
214 47.0
215 47.0
216 47.0
217 47.0
218 47.0
219 47.0
220 47.0
221 47.0
222 47.0
223 47.0
224 47.0
225 47.0
226 47.0
227 47.0
228 47.0
229 47.0
230 47.0
231 47.0
232 47.0
233 47.0
234 47.0
235 47.0
236 47.0
237 47.0
238 47.0
239 47.0
240 47.0
241 47.0
242 47.0
243 47.0
244 47.0
245 47.0
246 47.0
247 47.0
248 47.0
249 47.0
250 47.0
251 47.0
252 47.0
253 47.0
254 47.0
255 47.0
256 47.0
257 47.0
258 47.0
259 47.0
260 47.0
261 47.0
262 47.0
263 47.0
264 47.0
265 47.0
266 47.0
267 47.0
268 47.0
269 47.0
270 47.0
271 47.0
272 47.0
273 47.0
274 47.0
275 47.0
276 47.0
277 47.0
278 47.0
279 47.0
280 49.0
281 49.0
282 49.0
283 49.0
284 49.0
285 49.0
286 49.0
287 49.0
288 49.0
289 49.0
290 49.0
291 49.0
292 49.0
293 49.0
294 49.0
295 49.0
296 49.0
297 49.0
298 49.0
299 49.0
300 49.0
301 49.0
302 49.0
303 49.0
304 49.0
305 49.0
306 49.0
307 49.0
308 49.0
309 49.0
310 49.0
311 49.0
312 49.0
313 49.0
314 49.0
315 49.0
316 49.0
317 49.0
318 49.0
319 49.0
320 49.0
321 49.0
322 49.0
323 49.0
324 49.0
325 49.0
326 52.0
327 52.0
328 52.0
329 52.0
330 52.0
331 52.0
332 52.0
333 52.0
334 52.0
335 52.0
336 52.0
337 52.0
338 52.0
339 52.0
340 52.0
341 52.0
342 52.0
343 52.0
344 52.0
345 52.0
346 52.0
347 52.0
348 52.0
349 52.0
350 52.0
351 52.0
352 52.0
353 52.0
354 52.0
355 52.0
356 52.0
357 52.0
358 52.0
359 52.0
360 52.0
361 52.0
362 52.0
363 52.0
364 52.0
365 52.0
366 52.0
367 52.0
368 52.0
369 52.0
370 52.0
371 52.0
372 52.0
373 52.0
374 52.0
375 52.0
376 52.0
377 52.0
378 52.0
379 52.0
380 52.0
381 52.0
382 52.0
383 52.0
384 52.0
385 52.0
386 52.0
387 52.0
388 52.0
389 52.0
390 52.0
391 52.0
392 52.0
393 52.0
394 52.0
395 52.0
396 52.0
397 52.0
398 52.0
399 52.0
400 52.0
401 52.0
402 52.0
403 52.0
404 52.0
405 52.0
406 52.0
407 52.0
408 52.0
409 52.0
410 52.0
411 52.0
412 52.0
413 52.0
414 52.0
415 52.0
416 52.0
417 52.0
418 52.0
419 52.0
420 52.0
421 52.0
422 52.0
423 52.0
424 52.0
425 52.0
426 52.0
427 52.0
428 52.0
429 52.0
430 52.0
431 52.0
432 52.0
433 52.0
434 52.0
435 52.0
436 52.0
437 52.0
438 52.0
439 52.0
440 52.0
441 52.0
442 52.0
443 52.0
444 52.0
445 52.0
446 52.0
447 52.0
448 52.0
449 52.0
450 52.0
451 52.0
452 52.0
453 52.0
454 52.0
455 52.0
456 52.0
457 52.0
458 52.0
459 52.0
460 52.0
461 52.0
462 52.0
463 52.0
464 52.0
465 52.0
466 52.0
467 52.0
468 52.0
469 52.0
470 52.0
471 52.0
472 52.0
473 52.0
474 52.0
475 52.0
476 52.0
477 52.0
478 52.0
479 52.0
480 52.0
481 52.0
482 52.0
483 52.0
484 52.0
485 52.0
486 52.0
487 52.0
488 52.0
489 52.0
490 52.0
491 52.0
492 52.0
493 52.0
494 52.0
495 52.0
496 52.0
497 52.0
498 52.0
499 52.0
500 52.0
501 52.0
502 52.0
503 52.0
504 52.0
505 52.0
506 52.0
507 52.0
508 52.0
509 52.0
510 52.0
511 52.0
512 52.0
513 52.0
514 52.0
515 52.0
516 52.0
517 52.0
518 52.0
519 52.0
520 52.0
521 52.0
522 52.0
523 52.0
524 52.0
525 52.0
526 52.0
527 52.0
528 52.0
529 52.0
530 52.0
531 52.0
532 52.0
533 52.0
534 52.0
535 52.0
536 52.0
537 52.0
538 52.0
539 52.0
540 52.0
541 52.0
542 52.0
543 52.0
544 52.0
545 52.0
546 52.0
547 52.0
548 52.0
549 52.0
550 52.0
551 52.0
552 52.0
553 52.0
554 52.0
555 52.0
556 52.0
557 52.0
558 52.0
559 52.0
560 52.0
561 52.0
562 52.0
563 52.0
564 52.0
565 52.0
566 52.0
567 52.0
568 52.0
569 52.0
570 52.0
571 52.0
572 52.0
573 52.0
574 52.0
575 52.0
576 52.0
577 52.0
578 52.0
579 52.0
580 52.0
581 52.0
582 52.0
583 52.0
584 52.0
585 52.0
586 52.0
587 52.0
588 52.0
589 52.0
590 52.0
591 52.0
592 52.0
593 52.0
594 52.0
595 52.0
596 52.0
597 52.0
598 52.0
599 52.0
600 52.0
601 52.0
602 52.0
603 52.0
604 52.0
605 52.0
606 52.0
607 52.0
608 52.0
609 52.0
610 52.0
611 52.0
612 52.0
613 52.0
614 52.0
615 52.0
616 52.0
617 52.0
618 52.0
619 52.0
620 52.0
621 52.0
622 52.0
623 52.0
624 52.0
625 52.0
626 52.0
627 52.0
628 52.0
629 52.0
630 52.0
631 52.0
632 52.0
633 52.0
634 52.0
635 52.0
636 52.0
637 52.0
638 52.0
639 52.0
640 52.0
641 52.0
642 52.0
643 52.0
644 52.0
645 52.0
646 52.0
647 52.0
648 52.0
649 52.0
650 52.0
651 52.0
652 52.0
653 52.0
654 52.0
655 52.0
656 52.0
657 52.0
658 52.0
659 52.0
660 52.0
661 52.0
662 52.0
663 52.0
664 52.0
665 52.0
666 52.0
667 52.0
668 52.0
669 52.0
670 52.0
671 52.0
672 52.0
673 52.0
674 52.0
675 52.0
676 52.0
677 52.0
678 52.0
679 52.0
680 52.0
681 52.0
682 52.0
683 52.0
684 52.0
685 52.0
686 52.0
687 52.0
688 52.0
689 52.0
690 52.0
691 52.0
692 52.0
693 52.0
694 52.0
695 52.0
696 52.0
697 52.0
698 52.0
699 52.0
700 52.0
701 52.0
702 52.0
703 52.0
704 52.0
705 52.0
706 52.0
707 52.0
708 52.0
709 52.0
710 52.0
711 52.0
712 52.0
713 52.0
714 52.0
715 52.0
716 52.0
717 52.0
718 52.0
719 52.0
720 52.0
721 52.0
722 52.0
723 52.0
724 52.0
725 52.0
726 52.0
727 52.0
728 55.0
729 55.0
730 55.0
731 55.0
732 55.0
733 55.0
734 55.0
735 55.0
736 55.0
737 55.0
738 55.0
739 55.0
740 55.0
741 55.0
742 55.0
743 55.0
744 55.0
745 55.0
746 55.0
747 55.0
748 55.0
749 55.0
750 55.0
751 55.0
752 55.0
753 55.0
754 55.0
755 55.0
756 55.0
757 55.0
758 55.0
759 55.0
760 55.0
761 55.0
762 55.0
763 55.0
764 55.0
765 55.0
766 55.0
767 55.0
768 55.0
769 55.0
770 55.0
771 55.0
772 55.0
773 55.0
774 55.0
775 55.0
776 55.0
777 55.0
778 55.0
779 55.0
780 55.0
781 55.0
782 55.0
783 55.0
784 55.0
785 55.0
786 55.0
787 55.0
788 55.0
789 55.0
790 55.0
791 55.0
792 55.0
793 55.0
794 55.0
795 55.0
796 55.0
797 55.0
798 55.0
799 55.0
800 55.0
801 55.0
802 55.0
803 55.0
804 55.0
805 55.0
806 55.0
807 55.0
808 55.0
809 55.0
810 55.0
811 55.0
812 55.0
813 55.0
814 55.0
815 55.0
816 55.0
817 55.0
818 55.0
819 55.0
820 55.0
821 55.0
822 55.0
823 55.0
824 55.0
825 55.0
826 55.0
827 55.0
828 55.0
829 55.0
830 55.0
831 55.0
832 55.0
833 55.0
834 55.0
835 55.0
836 55.0
837 55.0
838 55.0
839 55.0
840 55.0
841 55.0
842 55.0
843 55.0
844 55.0
845 55.0
846 55.0
847 55.0
848 55.0
849 55.0
850 55.0
851 55.0
852 55.0
853 55.0
854 55.0
855 55.0
856 55.0
857 55.0
858 55.0
859 55.0
860 55.0
861 55.0
862 55.0
863 55.0
864 55.0
865 55.0
866 55.0
867 55.0
868 55.0
869 55.0
870 55.0
871 55.0
872 55.0
873 55.0
874 55.0
875 55.0
876 55.0
877 55.0
878 55.0
879 55.0
880 55.0
881 55.0
882 55.0
883 55.0
884 55.0
885 55.0
886 55.0
887 55.0
888 55.0
889 55.0
890 55.0
891 55.0
892 55.0
893 55.0
894 55.0
895 55.0
896 55.0
897 55.0
898 55.0
899 55.0
900 55.0
901 55.0
902 55.0
903 55.0
904 55.0
905 55.0
906 55.0
907 55.0
908 55.0
909 55.0
910 55.0
911 55.0
912 55.0
913 55.0
914 55.0
915 55.0
916 55.0
917 55.0
918 55.0
919 55.0
920 55.0
921 55.0
922 55.0
923 55.0
924 55.0
925 55.0
926 55.0
927 55.0
928 55.0
929 55.0
930 55.0
931 55.0
932 55.0
933 55.0
934 55.0
935 55.0
936 55.0
937 55.0
938 55.0
939 55.0
940 55.0
941 55.0
942 55.0
943 55.0
944 55.0
945 55.0
946 55.0
947 55.0
948 55.0
949 55.0
950 55.0
951 55.0
952 55.0
953 55.0
954 55.0
955 55.0
956 55.0
957 55.0
958 55.0
959 55.0
960 55.0
961 55.0
962 55.0
963 55.0
964 55.0
965 55.0
966 55.0
967 55.0
968 55.0
969 55.0
970 55.0
971 55.0
972 55.0
973 55.0
974 55.0
975 55.0
976 55.0
977 55.0
978 55.0
979 55.0
980 55.0
981 55.0
982 55.0
983 55.0
984 55.0
985 55.0
986 55.0
987 55.0
988 55.0
989 58.0
990 58.0
991 58.0
992 58.0
993 58.0
994 58.0
995 58.0
996 58.0
997 58.0
998 58.0
999 58.0
1000 58.0
1001 58.0
1002 58.0
1003 58.0
1004 58.0
1005 58.0
1006 58.0
1007 58.0
1008 58.0
1009 58.0
1010 58.0
1011 58.0
1012 58.0
1013 58.0
1014 58.0
1015 58.0
1016 58.0
1017 58.0
1018 58.0
1019 58.0
1020 58.0
1021 58.0
1022 58.0
1023 58.0
1024 58.0
1025 58.0
1026 58.0
1027 58.0
1028 58.0
1029 58.0
1030 58.0
1031 58.0
1032 58.0
1033 58.0
1034 58.0
1035 58.0
1036 58.0
1037 58.0
1038 58.0
1039 58.0
1040 58.0
1041 58.0
1042 58.0
1043 58.0
1044 58.0
1045 58.0
1046 58.0
1047 58.0
1048 58.0
1049 58.0
1050 58.0
1051 58.0
1052 58.0
1053 58.0
1054 58.0
1055 58.0
1056 58.0
1057 58.0
1058 58.0
1059 58.0
1060 58.0
1061 58.0
1062 58.0
1063 58.0
1064 58.0
1065 58.0
1066 58.0
1067 58.0
1068 58.0
1069 58.0
1070 58.0
1071 58.0
1072 58.0
1073 58.0
1074 58.0
1075 58.0
1076 58.0
1077 58.0
1078 58.0
1079 58.0
1080 58.0
1081 58.0
1082 58.0
1083 58.0
1084 58.0
1085 58.0
1086 58.0
1087 58.0
1088 58.0
1089 58.0
1090 58.0
1091 58.0
1092 58.0
1093 58.0
1094 58.0
1095 58.0
1096 58.0
1097 58.0
1098 58.0
1099 58.0
1100 58.0
1101 58.0
1102 58.0
1103 58.0
1104 58.0
1105 58.0
1106 58.0
1107 58.0
1108 58.0
1109 58.0
1110 58.0
1111 58.0
1112 58.0
1113 58.0
1114 58.0
1115 58.0
1116 58.0
1117 58.0
1118 58.0
1119 58.0
1120 58.0
1121 58.0
1122 58.0
1123 58.0
1124 58.0
1125 58.0
1126 58.0
1127 58.0
1128 58.0
1129 58.0
1130 58.0
1131 58.0
1132 58.0
1133 58.0
1134 58.0
1135 58.0
1136 58.0
1137 58.0
1138 58.0
1139 58.0
1140 58.0
1141 58.0
1142 58.0
1143 58.0
1144 58.0
1145 58.0
1146 58.0
1147 58.0
1148 58.0
1149 58.0
1150 58.0
1151 58.0
1152 58.0
1153 58.0
1154 58.0
1155 58.0
1156 58.0
1157 58.0
1158 58.0
1159 58.0
1160 58.0
1161 58.0
1162 58.0
1163 58.0
1164 58.0
1165 58.0
1166 58.0
1167 58.0
1168 58.0
1169 58.0
1170 58.0
1171 58.0
1172 58.0
1173 58.0
1174 58.0
1175 58.0
1176 58.0
1177 58.0
1178 58.0
1179 58.0
1180 58.0
1181 58.0
1182 58.0
1183 58.0
1184 58.0
1185 58.0
1186 58.0
1187 58.0
1188 58.0
1189 58.0
1190 58.0
1191 58.0
1192 58.0
1193 58.0
1194 58.0
1195 58.0
1196 58.0
1197 58.0
1198 58.0
1199 58.0
1200 58.0
1201 58.0
1202 58.0
1203 58.0
1204 58.0
1205 58.0
1206 58.0
1207 58.0
1208 58.0
1209 58.0
1210 58.0
1211 58.0
1212 58.0
1213 58.0
1214 58.0
1215 58.0
1216 58.0
1217 58.0
1218 58.0
1219 58.0
1220 58.0
1221 58.0
1222 58.0
1223 58.0
1224 58.0
1225 58.0
1226 58.0
1227 58.0
1228 58.0
1229 58.0
1230 58.0
1231 58.0
1232 58.0
1233 58.0
1234 58.0
1235 58.0
1236 58.0
1237 58.0
1238 58.0
1239 58.0
1240 58.0
1241 58.0
1242 58.0
1243 58.0
1244 58.0
1245 58.0
1246 58.0
1247 58.0
1248 58.0
1249 58.0
1250 58.0
1251 58.0
1252 58.0
1253 58.0
1254 58.0
1255 58.0
1256 58.0
1257 58.0
1258 58.0
1259 58.0
1260 58.0
1261 58.0
1262 58.0
1263 58.0
1264 58.0
1265 58.0
1266 58.0
1267 58.0
1268 58.0
1269 58.0
1270 58.0
1271 58.0
1272 58.0
1273 58.0
1274 58.0
1275 58.0
1276 58.0
1277 58.0
1278 58.0
1279 58.0
1280 58.0
1281 58.0
1282 58.0
1283 58.0
1284 58.0
1285 58.0
1286 58.0
1287 58.0
1288 58.0
1289 58.0
1290 58.0
1291 58.0
1292 58.0
1293 58.0
1294 58.0
1295 58.0
1296 58.0
1297 58.0
1298 58.0
1299 58.0
1300 58.0
1301 58.0
1302 58.0
1303 58.0
1304 58.0
1305 58.0
1306 58.0
1307 58.0
1308 58.0
1309 58.0
1310 58.0
1311 58.0
1312 58.0
1313 58.0
1314 58.0
1315 58.0
1316 58.0
1317 58.0
1318 58.0
1319 58.0
1320 58.0
1321 58.0
1322 58.0
1323 58.0
1324 58.0
1325 58.0
1326 58.0
1327 58.0
1328 58.0
1329 58.0
1330 58.0
1331 58.0
1332 58.0
1333 58.0
1334 58.0
1335 58.0
1336 58.0
1337 58.0
1338 58.0
1339 58.0
1340 58.0
1341 58.0
1342 58.0
1343 58.0
1344 58.0
1345 58.0
1346 58.0
1347 58.0
1348 58.0
1349 58.0
1350 58.0
1351 58.0
1352 58.0
1353 58.0
1354 58.0
1355 58.0
1356 58.0
1357 58.0
1358 58.0
1359 58.0
1360 58.0
1361 58.0
1362 58.0
1363 58.0
1364 58.0
1365 58.0
1366 58.0
1367 58.0
1368 58.0
1369 58.0
1370 58.0
1371 58.0
1372 58.0
1373 58.0
1374 58.0
1375 58.0
1376 58.0
1377 58.0
1378 58.0
1379 58.0
1380 58.0
1381 58.0
1382 58.0
1383 58.0
1384 58.0
1385 58.0
1386 58.0
1387 58.0
1388 58.0
1389 58.0
1390 58.0
1391 58.0
1392 58.0
1393 58.0
1394 58.0
1395 58.0
1396 58.0
1397 58.0
1398 58.0
1399 58.0
1400 58.0
1401 58.0
1402 58.0
1403 58.0
1404 58.0
1405 58.0
1406 58.0
1407 58.0
1408 58.0
1409 58.0
1410 58.0
1411 58.0
1412 58.0
1413 58.0
1414 58.0
1415 58.0
1416 58.0
1417 58.0
1418 58.0
1419 58.0
1420 58.0
1421 58.0
1422 58.0
1423 58.0
1424 58.0
1425 58.0
1426 58.0
1427 58.0
1428 58.0
1429 58.0
1430 58.0
1431 58.0
1432 58.0
1433 58.0
1434 58.0
1435 58.0
1436 58.0
1437 58.0
1438 58.0
1439 58.0
1440 58.0
1441 58.0
1442 58.0
1443 58.0
1444 58.0
1445 58.0
1446 58.0
1447 58.0
1448 58.0
1449 58.0
1450 58.0
1451 58.0
1452 58.0
1453 58.0
1454 58.0
1455 58.0
1456 58.0
1457 58.0
1458 58.0
1459 58.0
1460 58.0
1461 58.0
1462 58.0
1463 58.0
1464 58.0
1465 58.0
1466 58.0
1467 58.0
1468 58.0
1469 58.0
1470 58.0
1471 58.0
1472 58.0
1473 58.0
1474 58.0
1475 58.0
1476 58.0
1477 58.0
1478 58.0
1479 58.0
1480 58.0
1481 58.0
1482 58.0
1483 58.0
1484 58.0
1485 58.0
1486 58.0
1487 58.0
1488 58.0
1489 58.0
1490 58.0
1491 58.0
1492 58.0
1493 58.0
1494 58.0
1495 58.0
1496 58.0
1497 58.0
1498 58.0
1499 58.0
1500 58.0
1501 58.0
1502 58.0
1503 58.0
1504 58.0
1505 58.0
1506 58.0
1507 58.0
1508 58.0
1509 58.0
1510 58.0
1511 58.0
1512 58.0
1513 58.0
1514 58.0
1515 58.0
1516 58.0
1517 58.0
1518 58.0
1519 58.0
1520 58.0
1521 58.0
1522 58.0
1523 58.0
1524 58.0
1525 58.0
1526 58.0
1527 58.0
1528 58.0
1529 58.0
1530 58.0
1531 58.0
1532 58.0
1533 58.0
1534 58.0
1535 58.0
1536 58.0
1537 58.0
1538 58.0
1539 58.0
1540 58.0
1541 58.0
1542 58.0
1543 58.0
1544 58.0
1545 58.0
1546 58.0
1547 58.0
1548 58.0
1549 58.0
1550 58.0
1551 58.0
1552 58.0
1553 58.0
1554 58.0
1555 58.0
1556 58.0
1557 58.0
1558 58.0
1559 58.0
1560 58.0
1561 58.0
1562 58.0
1563 58.0
1564 58.0
1565 58.0
1566 58.0
1567 58.0
1568 58.0
1569 58.0
1570 58.0
1571 58.0
1572 58.0
1573 58.0
1574 58.0
1575 58.0
1576 58.0
1577 58.0
1578 58.0
1579 58.0
1580 58.0
1581 58.0
1582 58.0
1583 58.0
1584 58.0
1585 58.0
1586 58.0
1587 58.0
1588 58.0
1589 58.0
1590 58.0
1591 58.0
1592 58.0
1593 58.0
1594 58.0
1595 58.0
1596 58.0
1597 58.0
1598 58.0
1599 58.0
1600 58.0
1601 58.0
1602 58.0
1603 58.0
1604 58.0
1605 58.0
1606 58.0
1607 58.0
1608 58.0
1609 58.0
1610 58.0
1611 58.0
1612 58.0
1613 58.0
1614 58.0
1615 58.0
1616 58.0
1617 58.0
1618 58.0
1619 58.0
1620 58.0
1621 58.0
1622 58.0
1623 58.0
1624 58.0
1625 58.0
1626 58.0
1627 58.0
1628 58.0
1629 58.0
1630 58.0
1631 58.0
1632 58.0
1633 58.0
1634 58.0
1635 58.0
1636 58.0
1637 58.0
1638 58.0
1639 58.0
1640 58.0
1641 58.0
1642 58.0
1643 58.0
1644 58.0
1645 58.0
1646 58.0
1647 58.0
1648 58.0
1649 58.0
1650 58.0
1651 58.0
1652 58.0
1653 58.0
1654 58.0
1655 58.0
1656 58.0
1657 58.0
1658 58.0
1659 58.0
1660 58.0
1661 58.0
1662 58.0
1663 58.0
1664 58.0
1665 58.0
1666 58.0
1667 58.0
1668 58.0
1669 58.0
1670 58.0
1671 58.0
1672 58.0
1673 58.0
1674 58.0
1675 58.0
1676 58.0
1677 58.0
1678 58.0
1679 58.0
1680 58.0
1681 58.0
1682 58.0
1683 58.0
1684 58.0
1685 58.0
1686 58.0
1687 58.0
1688 58.0
1689 58.0
1690 58.0
1691 58.0
1692 58.0
1693 58.0
1694 58.0
1695 58.0
1696 58.0
1697 58.0
1698 58.0
1699 58.0
1700 58.0
1701 58.0
1702 58.0
1703 58.0
1704 58.0
1705 58.0
1706 58.0
1707 58.0
1708 58.0
1709 58.0
1710 58.0
1711 58.0
1712 58.0
1713 58.0
1714 58.0
1715 58.0
1716 58.0
1717 58.0
1718 58.0
1719 58.0
1720 58.0
1721 58.0
1722 58.0
1723 58.0
1724 58.0
1725 58.0
1726 58.0
1727 58.0
1728 58.0
1729 58.0
1730 58.0
1731 58.0
1732 58.0
1733 58.0
1734 58.0
1735 58.0
1736 58.0
1737 58.0
1738 58.0
1739 58.0
1740 58.0
1741 58.0
1742 58.0
1743 58.0
1744 58.0
1745 58.0
1746 58.0
1747 58.0
1748 58.0
1749 58.0
1750 58.0
1751 58.0
1752 58.0
1753 58.0
1754 58.0
1755 58.0
1756 58.0
1757 58.0
1758 58.0
1759 58.0
1760 58.0
1761 58.0
1762 58.0
1763 58.0
1764 58.0
1765 58.0
1766 58.0
1767 58.0
1768 58.0
1769 58.0
1770 58.0
1771 58.0
1772 58.0
1773 58.0
1774 58.0
1775 58.0
1776 58.0
1777 58.0
1778 58.0
1779 58.0
1780 58.0
1781 58.0
1782 58.0
1783 58.0
1784 58.0
1785 58.0
1786 58.0
1787 58.0
1788 58.0
1789 58.0
1790 58.0
1791 58.0
1792 58.0
1793 58.0
1794 58.0
1795 58.0
1796 58.0
1797 58.0
1798 58.0
1799 58.0
1800 58.0
1801 58.0
1802 58.0
1803 58.0
1804 58.0
1805 58.0
1806 58.0
1807 58.0
1808 58.0
1809 58.0
1810 58.0
1811 58.0
1812 58.0
1813 58.0
1814 58.0
1815 58.0
1816 58.0
1817 58.0
1818 58.0
1819 58.0
1820 58.0
1821 58.0
1822 58.0
1823 58.0
1824 58.0
1825 58.0
1826 58.0
1827 58.0
1828 58.0
1829 58.0
1830 58.0
1831 58.0
1832 58.0
1833 58.0
1834 58.0
1835 58.0
1836 58.0
1837 58.0
1838 58.0
1839 58.0
1840 58.0
1841 58.0
1842 58.0
1843 58.0
1844 58.0
1845 58.0
1846 58.0
1847 58.0
1848 58.0
1849 58.0
1850 58.0
1851 58.0
1852 58.0
1853 58.0
1854 58.0
1855 58.0
1856 58.0
1857 58.0
1858 58.0
1859 58.0
1860 58.0
1861 58.0
1862 58.0
1863 58.0
1864 58.0
1865 58.0
1866 58.0
1867 58.0
1868 58.0
1869 58.0
1870 58.0
1871 58.0
1872 58.0
1873 58.0
1874 58.0
1875 58.0
1876 58.0
1877 58.0
1878 58.0
1879 58.0
1880 58.0
1881 58.0
1882 58.0
1883 58.0
1884 58.0
1885 58.0
1886 58.0
1887 58.0
1888 58.0
1889 58.0
1890 58.0
1891 58.0
1892 58.0
1893 58.0
1894 58.0
1895 58.0
1896 58.0
1897 58.0
1898 58.0
1899 58.0
1900 58.0
1901 58.0
1902 58.0
1903 58.0
1904 58.0
1905 58.0
1906 58.0
1907 58.0
1908 58.0
1909 58.0
1910 58.0
1911 58.0
1912 58.0
1913 58.0
1914 58.0
1915 58.0
1916 58.0
1917 58.0
1918 58.0
1919 58.0
1920 58.0
1921 58.0
1922 58.0
1923 58.0
1924 58.0
1925 58.0
1926 58.0
1927 58.0
1928 58.0
1929 58.0
1930 58.0
1931 58.0
1932 58.0
1933 58.0
1934 58.0
1935 58.0
1936 58.0
1937 58.0
1938 58.0
1939 58.0
1940 58.0
1941 58.0
1942 58.0
1943 58.0
1944 58.0
1945 58.0
1946 58.0
1947 58.0
1948 58.0
1949 58.0
1950 58.0
1951 58.0
1952 58.0
1953 58.0
1954 58.0
1955 58.0
1956 58.0
1957 58.0
1958 58.0
1959 58.0
1960 58.0
1961 58.0
1962 58.0
1963 58.0
1964 58.0
1965 58.0
1966 58.0
1967 58.0
1968 58.0
1969 58.0
1970 58.0
1971 58.0
1972 58.0
1973 58.0
1974 58.0
1975 58.0
1976 58.0
1977 58.0
1978 58.0
1979 58.0
1980 58.0
1981 58.0
1982 58.0
1983 58.0
1984 58.0
1985 58.0
1986 58.0
1987 58.0
1988 58.0
1989 58.0
1990 58.0
1991 58.0
1992 58.0
1993 58.0
1994 58.0
1995 58.0
1996 58.0
1997 58.0
1998 58.0
1999 58.0
2000 58.0
2001 58.0
2002 58.0
2003 58.0
2004 58.0
2005 58.0
2006 58.0
2007 58.0
2008 58.0
2009 58.0
2010 58.0
2011 58.0
2012 58.0
2013 58.0
2014 58.0
2015 58.0
2016 58.0
2017 58.0
2018 58.0
2019 58.0
2020 58.0
2021 58.0
2022 58.0
2023 58.0
2024 58.0
2025 58.0
2026 58.0
2027 58.0
2028 58.0
2029 58.0
2030 58.0
2031 58.0
2032 58.0
2033 58.0
2034 58.0
2035 58.0
2036 58.0
2037 58.0
2038 58.0
2039 58.0
2040 58.0
2041 58.0
2042 58.0
2043 58.0
2044 58.0
2045 58.0
2046 58.0
2047 58.0
2048 58.0
2049 58.0
2050 58.0
2051 58.0
2052 58.0
2053 58.0
2054 58.0
2055 58.0
2056 58.0
2057 58.0
2058 58.0
2059 58.0
2060 58.0
2061 58.0
2062 58.0
2063 58.0
2064 58.0
2065 58.0
2066 58.0
2067 58.0
2068 58.0
2069 58.0
2070 58.0
2071 58.0
2072 58.0
2073 58.0
2074 58.0
2075 58.0
2076 58.0
2077 58.0
2078 58.0
2079 58.0
2080 58.0
2081 58.0
2082 58.0
2083 58.0
2084 58.0
2085 58.0
2086 58.0
2087 58.0
2088 58.0
2089 58.0
2090 58.0
2091 58.0
2092 58.0
2093 58.0
2094 58.0
2095 58.0
2096 58.0
2097 58.0
2098 58.0
2099 58.0
2100 58.0
2101 58.0
2102 58.0
2103 58.0
2104 58.0
2105 58.0
2106 58.0
2107 58.0
2108 58.0
2109 58.0
2110 58.0
2111 58.0
2112 58.0
2113 58.0
2114 58.0
2115 58.0
2116 58.0
2117 58.0
2118 58.0
2119 58.0
2120 58.0
2121 58.0
2122 58.0
2123 58.0
2124 58.0
2125 58.0
2126 58.0
2127 58.0
2128 58.0
2129 58.0
2130 58.0
2131 58.0
2132 58.0
2133 58.0
2134 58.0
2135 58.0
2136 58.0
2137 58.0
2138 58.0
2139 58.0
2140 58.0
2141 58.0
2142 58.0
2143 58.0
2144 58.0
2145 58.0
2146 58.0
2147 58.0
2148 58.0
2149 58.0
2150 58.0
2151 58.0
2152 58.0
2153 58.0
2154 58.0
2155 58.0
2156 58.0
2157 58.0
2158 58.0
2159 58.0
2160 58.0
2161 58.0
2162 58.0
2163 58.0
2164 58.0
2165 58.0
2166 58.0
2167 58.0
2168 58.0
2169 58.0
2170 58.0
2171 58.0
2172 58.0
2173 58.0
2174 58.0
2175 58.0
2176 58.0
2177 58.0
2178 58.0
2179 58.0
2180 58.0
2181 58.0
2182 58.0
2183 58.0
2184 58.0
2185 58.0
2186 58.0
2187 58.0
2188 58.0
2189 58.0
2190 58.0
2191 58.0
2192 58.0
2193 58.0
2194 58.0
2195 58.0
2196 58.0
2197 58.0
2198 58.0
2199 58.0
2200 58.0
2201 58.0
2202 58.0
2203 58.0
2204 58.0
2205 58.0
2206 58.0
2207 58.0
2208 58.0
2209 58.0
2210 58.0
2211 58.0
2212 58.0
2213 58.0
2214 58.0
2215 58.0
2216 58.0
2217 58.0
2218 58.0
2219 58.0
2220 58.0
2221 58.0
2222 58.0
2223 58.0
2224 58.0
2225 58.0
2226 58.0
2227 58.0
2228 58.0
2229 58.0
2230 58.0
2231 58.0
2232 58.0
2233 58.0
2234 58.0
2235 58.0
2236 58.0
2237 58.0
2238 58.0
2239 58.0
2240 58.0
2241 58.0
2242 58.0
2243 58.0
2244 58.0
2245 58.0
2246 58.0
2247 58.0
2248 58.0
2249 58.0
2250 58.0
2251 58.0
2252 58.0
2253 58.0
2254 58.0
2255 58.0
2256 58.0
2257 58.0
2258 58.0
2259 58.0
2260 58.0
2261 58.0
2262 58.0
2263 58.0
2264 58.0
2265 58.0
2266 58.0
2267 58.0
2268 58.0
2269 58.0
2270 58.0
2271 58.0
2272 58.0
2273 58.0
2274 58.0
2275 58.0
2276 58.0
2277 58.0
2278 58.0
2279 58.0
2280 58.0
2281 58.0
2282 58.0
2283 58.0
2284 58.0
2285 58.0
2286 58.0
2287 58.0
2288 58.0
2289 58.0
2290 58.0
2291 58.0
2292 58.0
2293 58.0
2294 58.0
2295 58.0
2296 58.0
2297 58.0
2298 58.0
2299 58.0
2300 58.0
2301 58.0
2302 58.0
2303 58.0
2304 58.0
2305 58.0
2306 58.0
2307 58.0
2308 58.0
2309 58.0
2310 58.0
2311 58.0
2312 58.0
2313 58.0
2314 58.0
2315 58.0
2316 58.0
2317 58.0
2318 58.0
2319 58.0
2320 58.0
2321 58.0
2322 58.0
2323 58.0
2324 58.0
2325 58.0
2326 58.0
2327 58.0
2328 58.0
2329 58.0
2330 58.0
2331 58.0
2332 58.0
2333 58.0
2334 58.0
2335 58.0
2336 58.0
2337 58.0
2338 58.0
2339 58.0
2340 58.0
2341 58.0
2342 58.0
2343 58.0
2344 58.0
2345 58.0
2346 58.0
2347 58.0
2348 58.0
2349 58.0
2350 58.0
2351 58.0
2352 58.0
2353 58.0
2354 58.0
2355 58.0
2356 58.0
2357 58.0
2358 58.0
2359 58.0
2360 58.0
2361 58.0
2362 58.0
2363 58.0
2364 58.0
2365 58.0
2366 58.0
2367 58.0
2368 58.0
2369 58.0
2370 58.0
2371 58.0
2372 58.0
2373 58.0
2374 58.0
2375 58.0
2376 58.0
2377 58.0
2378 58.0
2379 58.0
2380 58.0
2381 58.0
2382 58.0
2383 58.0
2384 58.0
2385 58.0
2386 58.0
2387 58.0
2388 58.0
2389 58.0
2390 58.0
2391 58.0
2392 58.0
2393 58.0
2394 58.0
2395 58.0
2396 58.0
2397 58.0
2398 58.0
2399 58.0
2400 58.0
2401 58.0
2402 58.0
2403 58.0
2404 58.0
2405 58.0
2406 58.0
2407 58.0
2408 58.0
2409 58.0
2410 58.0
2411 58.0
2412 58.0
2413 58.0
2414 58.0
2415 58.0
2416 58.0
2417 58.0
2418 58.0
2419 58.0
2420 58.0
2421 58.0
2422 58.0
2423 58.0
2424 58.0
2425 58.0
2426 58.0
2427 58.0
2428 58.0
2429 58.0
2430 58.0
2431 58.0
2432 58.0
2433 58.0
2434 58.0
2435 58.0
2436 58.0
2437 58.0
2438 58.0
2439 58.0
2440 58.0
2441 58.0
2442 58.0
2443 58.0
2444 58.0
2445 58.0
2446 58.0
2447 58.0
2448 58.0
2449 58.0
2450 58.0
2451 58.0
2452 58.0
2453 58.0
2454 58.0
2455 58.0
2456 58.0
2457 58.0
2458 58.0
2459 58.0
2460 58.0
2461 58.0
2462 58.0
2463 58.0
2464 58.0
2465 58.0
2466 58.0
2467 58.0
2468 58.0
2469 58.0
2470 58.0
2471 58.0
2472 58.0
2473 58.0
2474 58.0
2475 58.0
2476 58.0
2477 58.0
2478 58.0
2479 58.0
2480 58.0
2481 58.0
2482 58.0
2483 58.0
2484 58.0
2485 58.0
2486 58.0
2487 58.0
2488 58.0
2489 58.0
2490 58.0
2491 58.0
2492 58.0
2493 58.0
2494 58.0
2495 58.0
2496 58.0
2497 58.0
2498 58.0
2499 58.0
2500 58.0
2501 58.0
2502 58.0
2503 58.0
2504 58.0
2505 58.0
2506 58.0
2507 58.0
2508 58.0
2509 58.0
2510 58.0
2511 58.0
2512 58.0
2513 58.0
2514 58.0
2515 58.0
2516 58.0
2517 58.0
2518 58.0
2519 58.0
2520 58.0
2521 58.0
2522 58.0
2523 58.0
2524 58.0
2525 58.0
2526 58.0
2527 58.0
2528 58.0
2529 58.0
2530 58.0
2531 58.0
2532 58.0
2533 58.0
2534 58.0
2535 58.0
2536 58.0
2537 58.0
2538 58.0
2539 58.0
2540 58.0
2541 58.0
2542 58.0
2543 58.0
2544 58.0
2545 58.0
2546 58.0
2547 58.0
2548 58.0
2549 58.0
2550 58.0
2551 58.0
2552 58.0
2553 58.0
2554 58.0
2555 58.0
2556 58.0
2557 58.0
2558 58.0
2559 58.0
2560 58.0
2561 58.0
2562 58.0
2563 58.0
2564 58.0
2565 58.0
2566 58.0
2567 58.0
2568 58.0
2569 58.0
2570 58.0
2571 58.0
2572 58.0
2573 58.0
2574 58.0
2575 58.0
2576 58.0
2577 58.0
2578 58.0
2579 58.0
2580 58.0
2581 58.0
2582 58.0
2583 58.0
2584 58.0
2585 58.0
2586 58.0
2587 58.0
2588 58.0
2589 58.0
2590 58.0
2591 58.0
2592 58.0
2593 58.0
2594 58.0
2595 58.0
2596 58.0
2597 58.0
2598 58.0
2599 58.0
2600 58.0
2601 58.0
2602 58.0
2603 58.0
2604 58.0
2605 58.0
2606 58.0
2607 58.0
2608 58.0
2609 58.0
2610 58.0
2611 58.0
2612 58.0
2613 58.0
2614 58.0
2615 58.0
2616 58.0
2617 58.0
2618 58.0
2619 58.0
2620 58.0
2621 58.0
2622 58.0
2623 58.0
2624 58.0
2625 58.0
2626 58.0
2627 58.0
2628 58.0
2629 58.0
2630 58.0
2631 58.0
2632 58.0
2633 58.0
2634 58.0
2635 58.0
2636 58.0
2637 58.0
2638 58.0
2639 58.0
2640 58.0
2641 58.0
2642 58.0
2643 58.0
2644 58.0
2645 58.0
2646 58.0
2647 58.0
2648 58.0
2649 58.0
2650 58.0
2651 58.0
2652 58.0
2653 58.0
2654 58.0
2655 58.0
2656 58.0
2657 58.0
2658 58.0
2659 58.0
2660 58.0
2661 58.0
2662 58.0
2663 58.0
2664 58.0
2665 58.0
2666 58.0
2667 58.0
2668 58.0
2669 58.0
2670 58.0
2671 58.0
2672 58.0
2673 58.0
2674 58.0
2675 58.0
2676 58.0
2677 58.0
2678 58.0
2679 58.0
2680 58.0
2681 58.0
2682 58.0
2683 58.0
2684 58.0
2685 58.0
2686 58.0
2687 58.0
2688 58.0
2689 58.0
2690 58.0
2691 58.0
2692 58.0
2693 58.0
2694 58.0
2695 58.0
2696 58.0
2697 58.0
2698 58.0
2699 58.0
2700 58.0
2701 58.0
2702 58.0
2703 58.0
2704 58.0
2705 58.0
2706 58.0
2707 58.0
2708 58.0
2709 58.0
2710 58.0
2711 58.0
2712 58.0
2713 58.0
2714 58.0
2715 58.0
2716 58.0
2717 58.0
2718 58.0
2719 58.0
2720 58.0
2721 58.0
2722 58.0
2723 58.0
2724 58.0
2725 58.0
2726 58.0
2727 58.0
2728 58.0
2729 58.0
2730 58.0
2731 58.0
2732 58.0
2733 58.0
2734 58.0
2735 58.0
2736 58.0
2737 58.0
2738 58.0
2739 58.0
2740 58.0
2741 58.0
2742 58.0
2743 58.0
2744 58.0
2745 58.0
2746 58.0
2747 58.0
2748 58.0
2749 58.0
2750 58.0
2751 58.0
2752 58.0
2753 58.0
2754 58.0
2755 58.0
2756 58.0
2757 58.0
2758 58.0
2759 58.0
2760 58.0
2761 58.0
2762 58.0
2763 58.0
2764 58.0
2765 58.0
2766 58.0
2767 58.0
2768 58.0
2769 58.0
2770 58.0
2771 58.0
2772 58.0
2773 58.0
2774 58.0
2775 58.0
2776 58.0
2777 58.0
2778 58.0
2779 58.0
2780 58.0
2781 58.0
2782 58.0
2783 58.0
2784 58.0
2785 58.0
2786 58.0
2787 58.0
2788 58.0
2789 58.0
2790 58.0
2791 58.0
2792 58.0
2793 58.0
2794 58.0
2795 58.0
2796 58.0
2797 58.0
2798 58.0
2799 58.0
2800 58.0
2801 58.0
2802 58.0
2803 58.0
2804 58.0
2805 58.0
2806 58.0
2807 58.0
2808 58.0
2809 58.0
2810 58.0
2811 58.0
2812 58.0
2813 58.0
2814 58.0
2815 58.0
2816 58.0
2817 58.0
2818 58.0
2819 58.0
2820 58.0
2821 58.0
2822 58.0
2823 58.0
2824 58.0
2825 58.0
2826 58.0
2827 58.0
2828 58.0
2829 58.0
2830 58.0
2831 58.0
2832 58.0
2833 58.0
2834 58.0
2835 58.0
2836 58.0
2837 58.0
2838 58.0
2839 58.0
2840 58.0
2841 58.0
2842 58.0
2843 58.0
2844 58.0
2845 58.0
2846 58.0
2847 58.0
2848 58.0
2849 58.0
2850 58.0
2851 58.0
2852 58.0
2853 58.0
2854 58.0
2855 58.0
2856 58.0
2857 58.0
2858 58.0
2859 58.0
2860 58.0
2861 58.0
2862 58.0
2863 58.0
2864 58.0
2865 58.0
2866 58.0
2867 58.0
2868 58.0
2869 58.0
2870 58.0
2871 58.0
2872 58.0
2873 58.0
2874 58.0
2875 58.0
2876 58.0
2877 58.0
2878 58.0
2879 58.0
2880 58.0
2881 58.0
2882 58.0
2883 58.0
2884 58.0
2885 58.0
2886 58.0
2887 58.0
2888 58.0
2889 58.0
2890 58.0
2891 58.0
2892 58.0
2893 58.0
2894 58.0
2895 58.0
2896 58.0
2897 58.0
2898 58.0
2899 58.0
2900 58.0
2901 58.0
2902 58.0
2903 58.0
2904 58.0
2905 58.0
2906 58.0
2907 58.0
2908 58.0
2909 58.0
2910 58.0
2911 58.0
2912 58.0
2913 58.0
2914 58.0
2915 58.0
2916 58.0
2917 58.0
2918 58.0
2919 58.0
2920 58.0
2921 58.0
2922 58.0
2923 58.0
2924 58.0
2925 58.0
2926 58.0
2927 58.0
2928 58.0
2929 58.0
2930 58.0
2931 58.0
2932 58.0
2933 58.0
2934 58.0
2935 58.0
2936 58.0
2937 58.0
2938 58.0
2939 58.0
2940 58.0
2941 58.0
2942 58.0
2943 58.0
2944 58.0
2945 58.0
2946 58.0
2947 58.0
2948 58.0
2949 58.0
2950 58.0
2951 58.0
2952 58.0
2953 58.0
2954 58.0
2955 58.0
2956 58.0
2957 58.0
2958 58.0
2959 58.0
2960 58.0
2961 58.0
2962 58.0
2963 58.0
2964 58.0
2965 58.0
2966 58.0
2967 58.0
2968 58.0
2969 58.0
2970 58.0
2971 58.0
2972 58.0
2973 58.0
2974 58.0
2975 58.0
2976 58.0
2977 58.0
2978 58.0
2979 58.0
2980 58.0
2981 58.0
2982 58.0
2983 58.0
2984 58.0
2985 58.0
2986 58.0
2987 58.0
2988 58.0
2989 58.0
2990 58.0
2991 58.0
2992 58.0
2993 58.0
2994 58.0
2995 58.0
2996 58.0
2997 58.0
2998 58.0
2999 58.0
3000 58.0
3001 58.0
3002 58.0
3003 58.0
3004 58.0
3005 58.0
3006 58.0
3007 58.0
3008 58.0
3009 58.0
3010 58.0
3011 58.0
3012 58.0
3013 58.0
3014 58.0
3015 58.0
3016 58.0
3017 58.0
3018 58.0
3019 58.0
3020 58.0
3021 58.0
3022 58.0
3023 58.0
3024 58.0
3025 58.0
3026 58.0
3027 58.0
3028 58.0
3029 58.0
3030 58.0
3031 58.0
3032 58.0
3033 58.0
3034 58.0
3035 58.0
3036 58.0
3037 58.0
3038 58.0
3039 58.0
3040 58.0
3041 58.0
3042 58.0
3043 58.0
3044 58.0
3045 58.0
3046 58.0
3047 58.0
3048 58.0
3049 58.0
3050 58.0
3051 58.0
3052 58.0
3053 58.0
3054 58.0
3055 58.0
3056 58.0
3057 58.0
3058 58.0
3059 58.0
3060 58.0
3061 58.0
3062 58.0
3063 58.0
3064 58.0
3065 58.0
3066 58.0
3067 58.0
3068 58.0
3069 58.0
3070 58.0
3071 58.0
3072 58.0
3073 58.0
3074 58.0
3075 58.0
3076 58.0
3077 58.0
3078 58.0
3079 58.0
3080 58.0
3081 58.0
3082 58.0
3083 58.0
3084 58.0
3085 58.0
3086 58.0
3087 58.0
3088 58.0
3089 58.0
3090 58.0
3091 58.0
3092 58.0
3093 58.0
3094 58.0
3095 58.0
3096 58.0
3097 58.0
3098 58.0
3099 58.0
3100 58.0
3101 58.0
3102 58.0
3103 58.0
3104 58.0
3105 58.0
3106 58.0
3107 58.0
3108 58.0
3109 58.0
3110 58.0
3111 58.0
3112 58.0
3113 58.0
3114 58.0
3115 58.0
3116 58.0
3117 58.0
3118 58.0
3119 58.0
3120 58.0
3121 58.0
3122 58.0
3123 58.0
3124 58.0
3125 58.0
3126 58.0
3127 58.0
3128 58.0
3129 58.0
3130 58.0
3131 58.0
3132 58.0
3133 58.0
3134 58.0
3135 58.0
3136 58.0
3137 58.0
3138 58.0
3139 58.0
3140 58.0
3141 58.0
3142 58.0
3143 58.0
3144 58.0
3145 58.0
3146 58.0
3147 58.0
3148 58.0
3149 58.0
3150 58.0
3151 58.0
3152 58.0
3153 58.0
3154 58.0
3155 58.0
3156 58.0
3157 58.0
3158 58.0
3159 58.0
3160 58.0
3161 58.0
3162 58.0
3163 58.0
3164 58.0
3165 58.0
3166 58.0
3167 58.0
3168 58.0
3169 58.0
3170 58.0
3171 58.0
3172 58.0
3173 58.0
3174 58.0
3175 58.0
3176 58.0
3177 58.0
3178 58.0
3179 58.0
3180 58.0
3181 58.0
3182 58.0
3183 58.0
3184 58.0
3185 58.0
3186 58.0
3187 58.0
3188 58.0
3189 58.0
3190 58.0
3191 58.0
3192 58.0
3193 58.0
3194 58.0
3195 58.0
3196 58.0
3197 58.0
3198 58.0
3199 58.0
3200 58.0
3201 58.0
3202 58.0
3203 58.0
3204 58.0
3205 58.0
3206 58.0
3207 58.0
3208 58.0
3209 58.0
3210 58.0
3211 58.0
3212 58.0
3213 58.0
3214 58.0
3215 58.0
3216 58.0
3217 58.0
3218 58.0
3219 58.0
3220 58.0
3221 58.0
3222 58.0
3223 58.0
3224 58.0
3225 58.0
3226 58.0
3227 58.0
3228 58.0
3229 58.0
3230 58.0
3231 58.0
3232 58.0
3233 58.0
3234 58.0
3235 58.0
3236 58.0
3237 58.0
3238 58.0
3239 58.0
3240 58.0
3241 58.0
3242 58.0
3243 58.0
3244 58.0
3245 58.0
3246 58.0
3247 58.0
3248 58.0
3249 58.0
3250 58.0
3251 58.0
3252 58.0
3253 58.0
3254 58.0
3255 58.0
3256 58.0
3257 58.0
3258 58.0
3259 58.0
3260 58.0
3261 58.0
3262 58.0
3263 58.0
3264 58.0
3265 58.0
3266 58.0
3267 58.0
3268 58.0
3269 58.0
3270 58.0
3271 58.0
3272 58.0
3273 58.0
3274 58.0
3275 58.0
3276 58.0
3277 58.0
3278 58.0
3279 58.0
3280 58.0
3281 58.0
3282 58.0
3283 58.0
3284 58.0
3285 58.0
3286 58.0
3287 58.0
3288 58.0
3289 58.0
3290 58.0
3291 58.0
3292 58.0
3293 58.0
3294 58.0
3295 58.0
3296 58.0
3297 58.0
3298 58.0
3299 58.0
3300 58.0
3301 58.0
3302 58.0
3303 58.0
3304 58.0
3305 58.0
3306 58.0
3307 58.0
3308 58.0
3309 58.0
3310 58.0
3311 58.0
3312 58.0
3313 58.0
3314 58.0
3315 58.0
3316 58.0
3317 58.0
3318 58.0
3319 58.0
3320 58.0
3321 58.0
3322 58.0
3323 58.0
3324 58.0
3325 58.0
3326 58.0
3327 58.0
3328 58.0
3329 58.0
3330 58.0
3331 58.0
3332 58.0
3333 58.0
3334 58.0
3335 58.0
3336 58.0
3337 58.0
3338 58.0
3339 58.0
3340 58.0
3341 58.0
3342 58.0
3343 58.0
3344 58.0
3345 58.0
3346 58.0
3347 58.0
3348 58.0
3349 58.0
3350 58.0
3351 58.0
3352 58.0
3353 58.0
3354 58.0
3355 58.0
3356 58.0
3357 58.0
3358 58.0
3359 58.0
3360 58.0
3361 58.0
3362 58.0
3363 58.0
3364 58.0
3365 58.0
3366 58.0
3367 58.0
3368 58.0
3369 58.0
3370 58.0
3371 58.0
3372 58.0
3373 58.0
3374 58.0
3375 58.0
3376 58.0
3377 58.0
3378 58.0
3379 58.0
3380 58.0
3381 58.0
3382 58.0
3383 58.0
3384 58.0
3385 58.0
3386 58.0
3387 58.0
3388 58.0
3389 58.0
3390 58.0
3391 58.0
3392 58.0
3393 58.0
3394 58.0
3395 58.0
3396 58.0
3397 58.0
3398 58.0
3399 58.0
3400 58.0
3401 58.0
3402 58.0
3403 58.0
3404 58.0
3405 58.0
3406 58.0
3407 58.0
3408 58.0
3409 58.0
3410 58.0
3411 58.0
3412 58.0
3413 58.0
3414 58.0
3415 58.0
3416 58.0
3417 58.0
3418 58.0
3419 58.0
3420 58.0
3421 58.0
3422 58.0
3423 58.0
3424 58.0
3425 58.0
3426 58.0
3427 58.0
3428 58.0
3429 58.0
3430 58.0
3431 58.0
3432 58.0
3433 58.0
3434 58.0
3435 58.0
3436 58.0
3437 58.0
3438 58.0
3439 58.0
3440 58.0
3441 58.0
3442 58.0
3443 58.0
3444 58.0
3445 58.0
3446 58.0
3447 58.0
3448 58.0
3449 58.0
3450 58.0
3451 58.0
3452 58.0
3453 58.0
3454 58.0
3455 58.0
3456 58.0
3457 58.0
3458 58.0
3459 58.0
3460 58.0
3461 58.0
3462 58.0
3463 58.0
3464 58.0
3465 58.0
3466 58.0
3467 58.0
3468 58.0
3469 58.0
3470 58.0
3471 58.0
3472 58.0
3473 58.0
3474 58.0
3475 58.0
3476 58.0
3477 58.0
3478 58.0
3479 58.0
3480 58.0
3481 58.0
3482 58.0
3483 58.0
3484 58.0
3485 58.0
3486 58.0
3487 58.0
3488 58.0
3489 58.0
3490 58.0
3491 58.0
3492 58.0
3493 58.0
3494 58.0
3495 58.0
3496 58.0
3497 58.0
3498 58.0
3499 58.0
3500 58.0
3501 58.0
3502 58.0
3503 58.0
3504 58.0
3505 58.0
3506 59.0
3507 59.0
3508 59.0
3509 59.0
3510 59.0
3511 59.0
3512 59.0
3513 59.0
3514 59.0
3515 59.0
3516 59.0
3517 59.0
3518 59.0
3519 59.0
3520 59.0
3521 59.0
3522 59.0
3523 59.0
3524 59.0
3525 59.0
3526 59.0
3527 59.0
3528 59.0
3529 59.0
3530 59.0
3531 59.0
3532 59.0
3533 59.0
3534 59.0
3535 59.0
3536 59.0
3537 59.0
3538 59.0
3539 59.0
3540 59.0
3541 59.0
3542 59.0
3543 59.0
3544 59.0
3545 59.0
3546 59.0
3547 59.0
3548 59.0
3549 59.0
3550 59.0
3551 59.0
3552 59.0
3553 59.0
3554 59.0
3555 59.0
3556 59.0
3557 59.0
3558 59.0
3559 59.0
3560 59.0
3561 59.0
3562 59.0
3563 59.0
3564 59.0
3565 59.0
3566 59.0
3567 59.0
3568 59.0
3569 59.0
3570 59.0
3571 59.0
3572 59.0
3573 59.0
3574 59.0
3575 59.0
3576 59.0
3577 59.0
3578 59.0
3579 59.0
3580 59.0
3581 59.0
3582 59.0
3583 59.0
3584 59.0
3585 59.0
3586 59.0
3587 59.0
3588 59.0
3589 59.0
3590 59.0
3591 59.0
3592 59.0
3593 59.0
3594 59.0
3595 59.0
3596 59.0
3597 59.0
3598 59.0
3599 59.0
3600 59.0
3601 59.0
3602 59.0
3603 59.0
3604 59.0
3605 59.0
3606 59.0
3607 59.0
3608 59.0
3609 59.0
3610 59.0
3611 59.0
3612 59.0
3613 59.0
3614 59.0
3615 59.0
3616 59.0
3617 59.0
3618 59.0
3619 59.0
3620 59.0
3621 59.0
3622 59.0
3623 59.0
3624 59.0
3625 59.0
3626 59.0
3627 59.0
3628 59.0
3629 59.0
3630 59.0
3631 59.0
3632 59.0
3633 59.0
3634 59.0
3635 59.0
3636 59.0
3637 59.0
3638 59.0
3639 59.0
3640 59.0
3641 59.0
3642 59.0
3643 59.0
3644 59.0
3645 59.0
3646 59.0
3647 59.0
3648 59.0
3649 59.0
3650 59.0
3651 59.0
3652 59.0
3653 59.0
3654 59.0
3655 59.0
3656 59.0
3657 59.0
3658 59.0
3659 59.0
3660 59.0
3661 59.0
3662 59.0
3663 59.0
3664 59.0
3665 59.0
3666 59.0
3667 59.0
3668 59.0
3669 59.0
3670 59.0
3671 59.0
3672 59.0
3673 59.0
3674 59.0
3675 59.0
3676 59.0
3677 59.0
3678 59.0
3679 59.0
3680 59.0
3681 59.0
3682 59.0
3683 59.0
3684 59.0
3685 59.0
3686 59.0
3687 59.0
3688 59.0
3689 59.0
3690 59.0
3691 59.0
3692 59.0
3693 59.0
3694 59.0
3695 59.0
3696 59.0
3697 59.0
3698 59.0
3699 59.0
3700 59.0
3701 59.0
3702 59.0
3703 59.0
3704 59.0
3705 59.0
3706 59.0
3707 59.0
3708 59.0
3709 59.0
3710 59.0
3711 59.0
3712 59.0
3713 59.0
3714 59.0
3715 59.0
3716 59.0
3717 59.0
3718 59.0
3719 59.0
3720 59.0
3721 59.0
3722 59.0
3723 59.0
3724 59.0
3725 59.0
3726 59.0
3727 59.0
3728 59.0
3729 59.0
3730 59.0
3731 59.0
3732 59.0
3733 59.0
3734 59.0
3735 59.0
3736 59.0
3737 59.0
3738 59.0
3739 59.0
3740 59.0
3741 59.0
3742 59.0
3743 59.0
3744 59.0
3745 59.0
3746 59.0
3747 59.0
3748 59.0
3749 59.0
3750 59.0
3751 59.0
3752 59.0
3753 59.0
3754 59.0
3755 59.0
3756 59.0
3757 59.0
3758 59.0
3759 59.0
3760 59.0
3761 59.0
3762 59.0
3763 59.0
3764 59.0
3765 59.0
3766 59.0
3767 59.0
3768 59.0
3769 59.0
3770 59.0
3771 59.0
3772 59.0
3773 59.0
3774 59.0
3775 59.0
3776 59.0
3777 59.0
3778 59.0
3779 59.0
3780 59.0
3781 59.0
3782 59.0
3783 59.0
3784 59.0
3785 59.0
3786 59.0
3787 59.0
3788 59.0
3789 59.0
3790 59.0
3791 59.0
3792 59.0
3793 59.0
3794 59.0
3795 59.0
3796 59.0
3797 59.0
3798 59.0
3799 59.0
3800 59.0
3801 59.0
3802 59.0
3803 59.0
3804 59.0
3805 59.0
3806 59.0
3807 59.0
3808 59.0
3809 59.0
3810 59.0
3811 59.0
3812 59.0
3813 59.0
3814 59.0
3815 59.0
3816 59.0
3817 59.0
3818 59.0
3819 59.0
3820 59.0
3821 59.0
3822 59.0
3823 59.0
3824 59.0
3825 59.0
3826 59.0
3827 59.0
3828 59.0
3829 59.0
3830 59.0
3831 59.0
3832 59.0
3833 59.0
3834 59.0
3835 59.0
3836 59.0
3837 59.0
3838 59.0
3839 59.0
3840 59.0
3841 59.0
3842 59.0
3843 59.0
3844 59.0
3845 59.0
3846 59.0
3847 59.0
3848 59.0
3849 59.0
3850 59.0
3851 59.0
3852 59.0
3853 59.0
3854 59.0
3855 59.0
3856 59.0
3857 59.0
3858 59.0
3859 59.0
3860 59.0
3861 59.0
3862 59.0
3863 59.0
3864 59.0
3865 59.0
3866 59.0
3867 59.0
3868 59.0
3869 59.0
3870 59.0
3871 59.0
3872 59.0
3873 59.0
3874 59.0
3875 59.0
3876 59.0
3877 59.0
3878 59.0
3879 59.0
3880 59.0
3881 59.0
3882 59.0
3883 59.0
3884 59.0
3885 59.0
3886 59.0
3887 59.0
3888 59.0
3889 59.0
3890 59.0
3891 59.0
3892 59.0
3893 59.0
3894 59.0
3895 59.0
3896 59.0
3897 59.0
3898 59.0
3899 59.0
3900 59.0
3901 59.0
3902 59.0
3903 59.0
3904 59.0
3905 59.0
3906 59.0
3907 59.0
3908 59.0
3909 59.0
3910 59.0
3911 59.0
3912 59.0
3913 59.0
3914 59.0
3915 59.0
3916 59.0
3917 59.0
3918 59.0
3919 59.0
3920 59.0
3921 59.0
3922 59.0
3923 59.0
3924 59.0
3925 59.0
3926 59.0
3927 59.0
3928 59.0
3929 59.0
3930 59.0
3931 59.0
3932 59.0
3933 59.0
3934 59.0
3935 59.0
3936 59.0
3937 59.0
3938 59.0
3939 59.0
3940 59.0
3941 59.0
3942 59.0
3943 59.0
3944 59.0
3945 59.0
3946 59.0
3947 59.0
3948 59.0
3949 59.0
3950 59.0
3951 59.0
3952 59.0
3953 59.0
3954 59.0
3955 59.0
3956 59.0
3957 59.0
3958 59.0
3959 59.0
3960 59.0
3961 59.0
3962 59.0
3963 59.0
3964 59.0
3965 59.0
3966 59.0
3967 59.0
3968 59.0
3969 59.0
3970 59.0
3971 59.0
3972 59.0
3973 59.0
3974 59.0
3975 59.0
3976 59.0
3977 59.0
3978 59.0
3979 59.0
3980 59.0
3981 59.0
3982 59.0
3983 59.0
3984 59.0
3985 59.0
3986 59.0
3987 59.0
3988 59.0
3989 59.0
3990 59.0
3991 59.0
3992 59.0
3993 59.0
3994 59.0
3995 59.0
3996 59.0
3997 59.0
3998 59.0
3999 59.0
4000 59.0
4001 59.0
4002 59.0
4003 59.0
4004 59.0
4005 59.0
4006 59.0
4007 59.0
4008 59.0
4009 59.0
4010 59.0
4011 59.0
4012 59.0
4013 59.0
4014 59.0
4015 59.0
4016 59.0
4017 59.0
4018 59.0
4019 59.0
4020 59.0
4021 59.0
4022 59.0
4023 59.0
4024 59.0
4025 59.0
4026 59.0
4027 59.0
4028 59.0
4029 59.0
4030 59.0
4031 59.0
4032 59.0
4033 59.0
4034 59.0
4035 59.0
4036 59.0
4037 59.0
4038 59.0
4039 59.0
4040 59.0
4041 59.0
4042 59.0
4043 59.0
4044 59.0
4045 59.0
4046 59.0
4047 59.0
4048 59.0
4049 59.0
4050 59.0
4051 59.0
4052 59.0
4053 59.0
4054 59.0
4055 59.0
4056 59.0
4057 59.0
4058 59.0
4059 59.0
4060 59.0
4061 59.0
4062 59.0
4063 59.0
4064 59.0
4065 59.0
4066 59.0
4067 59.0
4068 59.0
4069 59.0
4070 59.0
4071 59.0
4072 59.0
4073 59.0
4074 59.0
4075 59.0
4076 59.0
4077 59.0
4078 59.0
4079 59.0
4080 59.0
4081 59.0
4082 59.0
4083 59.0
4084 59.0
4085 59.0
4086 59.0
4087 59.0
4088 59.0
4089 59.0
4090 59.0
4091 59.0
4092 59.0
4093 59.0
4094 59.0
4095 59.0
4096 59.0
4097 59.0
4098 59.0
4099 59.0
4100 59.0
4101 59.0
4102 59.0
4103 59.0
4104 59.0
4105 59.0
4106 59.0
4107 59.0
4108 59.0
4109 59.0
4110 59.0
4111 59.0
4112 59.0
4113 59.0
4114 59.0
4115 59.0
4116 59.0
4117 59.0
4118 59.0
4119 59.0
4120 59.0
4121 59.0
4122 59.0
4123 59.0
4124 59.0
4125 59.0
4126 59.0
4127 59.0
4128 59.0
4129 59.0
4130 59.0
4131 59.0
4132 59.0
4133 59.0
4134 59.0
4135 59.0
4136 59.0
4137 59.0
4138 59.0
4139 59.0
4140 59.0
4141 59.0
4142 59.0
4143 59.0
4144 59.0
4145 59.0
4146 59.0
4147 59.0
4148 59.0
4149 59.0
4150 59.0
4151 59.0
4152 59.0
4153 59.0
4154 59.0
4155 59.0
4156 59.0
4157 59.0
4158 59.0
4159 59.0
4160 59.0
4161 59.0
4162 59.0
4163 59.0
4164 59.0
4165 59.0
4166 59.0
4167 59.0
4168 59.0
4169 59.0
4170 59.0
4171 59.0
4172 59.0
4173 59.0
4174 59.0
4175 59.0
4176 59.0
4177 59.0
4178 59.0
4179 59.0
4180 59.0
4181 59.0
4182 59.0
4183 59.0
4184 59.0
4185 59.0
4186 59.0
4187 59.0
4188 59.0
4189 59.0
4190 59.0
4191 59.0
4192 59.0
4193 59.0
4194 59.0
4195 59.0
4196 59.0
4197 59.0
4198 59.0
4199 59.0
4200 59.0
4201 59.0
4202 59.0
4203 59.0
4204 59.0
4205 59.0
4206 59.0
4207 59.0
4208 59.0
4209 59.0
4210 59.0
4211 59.0
4212 59.0
4213 59.0
4214 59.0
4215 59.0
4216 59.0
4217 59.0
4218 59.0
4219 59.0
4220 59.0
4221 59.0
4222 59.0
4223 59.0
4224 59.0
4225 59.0
4226 59.0
4227 59.0
4228 59.0
4229 59.0
4230 59.0
4231 59.0
4232 59.0
4233 59.0
4234 59.0
4235 59.0
4236 59.0
4237 59.0
4238 59.0
4239 59.0
4240 59.0
4241 59.0
4242 59.0
4243 59.0
4244 59.0
4245 59.0
4246 59.0
4247 59.0
4248 59.0
4249 59.0
4250 59.0
4251 59.0
4252 59.0
4253 59.0
4254 59.0
4255 59.0
4256 59.0
4257 59.0
4258 59.0
4259 59.0
4260 59.0
4261 59.0
4262 59.0
4263 59.0
4264 59.0
4265 59.0
4266 59.0
4267 59.0
4268 59.0
4269 59.0
4270 59.0
4271 59.0
4272 59.0
4273 59.0
4274 59.0
4275 59.0
4276 59.0
4277 59.0
4278 59.0
4279 59.0
4280 59.0
4281 59.0
4282 59.0
4283 59.0
4284 59.0
4285 59.0
4286 59.0
4287 59.0
4288 59.0
4289 59.0
4290 59.0
4291 59.0
4292 59.0
4293 59.0
4294 59.0
4295 59.0
4296 59.0
4297 59.0
4298 59.0
4299 59.0
4300 59.0
4301 59.0
4302 59.0
4303 59.0
4304 59.0
4305 59.0
4306 59.0
4307 59.0
4308 59.0
4309 59.0
4310 59.0
4311 59.0
4312 59.0
4313 59.0
4314 59.0
4315 59.0
4316 59.0
4317 59.0
4318 59.0
4319 59.0
4320 59.0
4321 59.0
4322 59.0
4323 59.0
4324 59.0
4325 59.0
4326 59.0
4327 59.0
4328 59.0
4329 59.0
4330 59.0
4331 59.0
4332 59.0
4333 59.0
4334 59.0
4335 59.0
4336 59.0
4337 59.0
4338 59.0
4339 59.0
4340 59.0
4341 59.0
4342 59.0
4343 59.0
4344 59.0
4345 59.0
4346 59.0
4347 59.0
4348 59.0
4349 59.0
4350 59.0
4351 59.0
4352 59.0
4353 59.0
4354 59.0
4355 59.0
4356 59.0
4357 59.0
4358 59.0
4359 59.0
4360 59.0
4361 59.0
4362 59.0
4363 59.0
4364 59.0
4365 59.0
4366 59.0
4367 59.0
4368 59.0
4369 59.0
4370 59.0
4371 59.0
4372 59.0
4373 59.0
4374 59.0
4375 59.0
4376 59.0
4377 59.0
4378 59.0
4379 59.0
4380 59.0
4381 59.0
4382 59.0
4383 59.0
4384 59.0
4385 59.0
4386 59.0
4387 59.0
4388 59.0
4389 59.0
4390 59.0
4391 59.0
4392 59.0
4393 59.0
4394 59.0
4395 59.0
4396 59.0
4397 59.0
4398 59.0
4399 59.0
4400 59.0
4401 59.0
4402 59.0
4403 59.0
4404 59.0
4405 59.0
4406 59.0
4407 59.0
4408 59.0
4409 59.0
4410 59.0
4411 59.0
4412 59.0
4413 59.0
4414 59.0
4415 59.0
4416 59.0
4417 59.0
4418 59.0
4419 59.0
4420 59.0
4421 59.0
4422 59.0
4423 59.0
4424 59.0
4425 59.0
4426 59.0
4427 59.0
4428 59.0
4429 59.0
4430 59.0
4431 59.0
4432 59.0
4433 59.0
4434 59.0
4435 59.0
4436 59.0
4437 59.0
4438 59.0
4439 59.0
4440 59.0
4441 59.0
4442 59.0
4443 59.0
4444 59.0
4445 59.0
4446 59.0
4447 59.0
4448 59.0
4449 59.0
4450 59.0
4451 59.0
4452 59.0
4453 59.0
4454 59.0
4455 59.0
4456 59.0
4457 59.0
4458 59.0
4459 59.0
4460 59.0
4461 59.0
4462 59.0
4463 59.0
4464 59.0
4465 59.0
4466 59.0
4467 59.0
4468 59.0
4469 59.0
4470 59.0
4471 59.0
4472 59.0
4473 59.0
4474 59.0
4475 59.0
4476 59.0
4477 59.0
4478 59.0
4479 59.0
4480 59.0
4481 59.0
4482 59.0
4483 59.0
4484 59.0
4485 59.0
4486 59.0
4487 59.0
4488 59.0
4489 59.0
4490 59.0
4491 59.0
4492 59.0
4493 59.0
4494 59.0
4495 59.0
4496 59.0
4497 59.0
4498 59.0
4499 59.0
4500 59.0
4501 59.0
4502 59.0
4503 59.0
4504 59.0
4505 59.0
4506 59.0
4507 59.0
4508 59.0
4509 59.0
4510 59.0
4511 59.0
4512 59.0
4513 59.0
4514 59.0
4515 59.0
4516 59.0
4517 59.0
4518 59.0
4519 59.0
4520 59.0
4521 59.0
4522 59.0
4523 59.0
4524 59.0
4525 59.0
4526 59.0
4527 59.0
4528 59.0
4529 59.0
4530 59.0
4531 59.0
4532 59.0
4533 59.0
4534 59.0
4535 59.0
4536 59.0
4537 59.0
4538 59.0
4539 59.0
4540 59.0
4541 59.0
4542 59.0
4543 59.0
4544 59.0
4545 59.0
4546 59.0
4547 59.0
4548 59.0
4549 59.0
4550 59.0
4551 59.0
4552 59.0
4553 59.0
4554 59.0
4555 59.0
4556 59.0
4557 59.0
4558 59.0
4559 59.0
4560 59.0
4561 59.0
4562 59.0
4563 59.0
4564 59.0
4565 59.0
4566 59.0
4567 59.0
4568 59.0
4569 59.0
4570 59.0
4571 59.0
4572 59.0
4573 59.0
4574 59.0
4575 59.0
4576 59.0
4577 59.0
4578 59.0
4579 59.0
4580 59.0
4581 59.0
4582 59.0
4583 59.0
4584 59.0
4585 59.0
4586 59.0
4587 59.0
4588 59.0
4589 59.0
4590 59.0
4591 59.0
4592 59.0
4593 59.0
4594 59.0
4595 59.0
4596 59.0
4597 59.0
4598 59.0
4599 59.0
4600 59.0
4601 59.0
4602 59.0
4603 59.0
4604 59.0
4605 59.0
4606 59.0
4607 59.0
4608 59.0
4609 59.0
4610 59.0
4611 59.0
4612 59.0
4613 59.0
4614 59.0
4615 59.0
4616 59.0
4617 59.0
4618 59.0
4619 59.0
4620 59.0
4621 59.0
4622 59.0
4623 59.0
4624 59.0
4625 59.0
4626 59.0
4627 59.0
4628 59.0
4629 59.0
4630 59.0
4631 59.0
4632 59.0
4633 59.0
4634 59.0
4635 59.0
4636 59.0
4637 59.0
4638 59.0
4639 59.0
4640 59.0
4641 59.0
4642 59.0
4643 59.0
4644 59.0
4645 59.0
4646 59.0
4647 59.0
4648 59.0
4649 59.0
4650 59.0
4651 59.0
4652 59.0
4653 59.0
4654 59.0
4655 59.0
4656 59.0
4657 59.0
4658 59.0
4659 59.0
4660 59.0
4661 59.0
4662 59.0
4663 59.0
4664 59.0
4665 59.0
4666 59.0
4667 59.0
4668 59.0
4669 59.0
4670 59.0
4671 59.0
4672 59.0
4673 59.0
4674 59.0
4675 59.0
4676 59.0
4677 59.0
4678 59.0
4679 59.0
4680 59.0
4681 59.0
4682 59.0
4683 59.0
4684 59.0
4685 59.0
4686 59.0
4687 59.0
4688 59.0
4689 59.0
4690 59.0
4691 59.0
4692 59.0
4693 59.0
4694 59.0
4695 59.0
4696 59.0
4697 59.0
4698 59.0
4699 59.0
4700 59.0
4701 59.0
4702 59.0
4703 59.0
4704 59.0
4705 59.0
4706 59.0
4707 59.0
4708 59.0
4709 59.0
4710 59.0
4711 59.0
4712 59.0
4713 59.0
4714 59.0
4715 59.0
4716 59.0
4717 59.0
4718 59.0
4719 59.0
4720 59.0
4721 59.0
4722 59.0
4723 59.0
4724 59.0
4725 59.0
4726 59.0
4727 59.0
4728 59.0
4729 59.0
4730 59.0
4731 59.0
4732 59.0
4733 59.0
4734 59.0
4735 59.0
4736 59.0
4737 59.0
4738 59.0
4739 59.0
4740 59.0
4741 59.0
4742 59.0
4743 59.0
4744 59.0
4745 59.0
4746 59.0
4747 59.0
4748 59.0
4749 59.0
4750 59.0
4751 59.0
4752 59.0
4753 59.0
4754 59.0
4755 59.0
4756 59.0
4757 59.0
4758 59.0
4759 59.0
4760 59.0
4761 59.0
4762 59.0
4763 59.0
4764 59.0
4765 59.0
4766 59.0
4767 59.0
4768 59.0
4769 59.0
4770 59.0
4771 59.0
4772 59.0
4773 59.0
4774 59.0
4775 59.0
4776 59.0
4777 59.0
4778 59.0
4779 59.0
4780 59.0
4781 59.0
4782 59.0
4783 59.0
4784 59.0
4785 59.0
4786 59.0
4787 59.0
4788 59.0
4789 59.0
4790 59.0
4791 59.0
4792 59.0
4793 59.0
4794 59.0
4795 59.0
4796 59.0
4797 59.0
4798 59.0
4799 59.0
4800 59.0
4801 59.0
4802 59.0
4803 59.0
4804 59.0
4805 59.0
4806 59.0
4807 59.0
4808 59.0
4809 59.0
4810 59.0
4811 59.0
4812 59.0
4813 59.0
4814 59.0
4815 59.0
4816 59.0
4817 59.0
4818 59.0
4819 59.0
4820 59.0
4821 59.0
4822 59.0
4823 59.0
4824 59.0
4825 59.0
4826 59.0
4827 59.0
4828 59.0
4829 59.0
4830 59.0
4831 59.0
4832 59.0
4833 59.0
4834 59.0
4835 59.0
4836 59.0
4837 59.0
4838 59.0
4839 59.0
4840 59.0
4841 59.0
4842 59.0
4843 59.0
4844 59.0
4845 59.0
4846 59.0
4847 59.0
4848 59.0
4849 59.0
4850 59.0
4851 59.0
4852 59.0
4853 59.0
4854 59.0
4855 59.0
4856 59.0
4857 59.0
4858 59.0
4859 59.0
4860 59.0
4861 59.0
4862 59.0
4863 59.0
4864 59.0
4865 59.0
4866 59.0
4867 59.0
4868 59.0
4869 59.0
4870 59.0
4871 59.0
4872 59.0
4873 59.0
4874 59.0
4875 59.0
4876 59.0
4877 59.0
4878 59.0
4879 59.0
4880 59.0
4881 59.0
4882 59.0
4883 59.0
4884 59.0
4885 59.0
4886 59.0
4887 59.0
4888 59.0
4889 59.0
4890 59.0
4891 59.0
4892 59.0
4893 59.0
4894 59.0
4895 59.0
4896 59.0
4897 59.0
4898 59.0
4899 59.0
4900 59.0
4901 59.0
4902 59.0
4903 59.0
4904 59.0
4905 59.0
4906 59.0
4907 59.0
4908 59.0
4909 59.0
4910 59.0
4911 59.0
4912 59.0
4913 59.0
4914 59.0
4915 59.0
4916 59.0
4917 59.0
4918 59.0
4919 59.0
4920 59.0
4921 59.0
4922 59.0
4923 59.0
4924 59.0
4925 59.0
4926 59.0
4927 59.0
4928 59.0
4929 59.0
4930 59.0
4931 59.0
4932 59.0
4933 59.0
4934 59.0
4935 59.0
4936 59.0
4937 59.0
4938 59.0
4939 59.0
4940 59.0
4941 59.0
4942 59.0
4943 59.0
4944 59.0
4945 59.0
4946 59.0
4947 59.0
4948 59.0
4949 59.0
4950 59.0
4951 59.0
4952 59.0
4953 59.0
4954 59.0
4955 59.0
4956 59.0
4957 59.0
4958 59.0
4959 59.0
4960 59.0
4961 59.0
4962 59.0
4963 59.0
4964 59.0
4965 59.0
4966 59.0
4967 59.0
4968 59.0
4969 59.0
4970 59.0
4971 59.0
4972 59.0
4973 59.0
4974 59.0
4975 59.0
4976 59.0
4977 59.0
4978 59.0
4979 59.0
4980 59.0
4981 59.0
4982 59.0
4983 59.0
4984 59.0
4985 59.0
4986 59.0
4987 59.0
4988 59.0
4989 59.0
4990 59.0
4991 59.0
4992 59.0
4993 59.0
4994 59.0
4995 59.0
4996 59.0
4997 59.0
4998 59.0
4999 59.0
5000 59.0
5001 59.0
5002 59.0
5003 59.0
5004 59.0
5005 59.0
5006 59.0
5007 59.0
5008 59.0
5009 59.0
5010 59.0
5011 59.0
5012 59.0
5013 59.0
5014 59.0
5015 59.0
5016 59.0
5017 59.0
5018 59.0
5019 59.0
5020 59.0
5021 59.0
5022 59.0
5023 59.0
5024 59.0
5025 59.0
5026 59.0
5027 59.0
5028 59.0
5029 59.0
5030 59.0
5031 59.0
5032 59.0
5033 59.0
5034 59.0
5035 59.0
5036 59.0
5037 59.0
5038 59.0
5039 59.0
5040 59.0
5041 59.0
5042 59.0
5043 59.0
5044 59.0
5045 59.0
5046 59.0
5047 59.0
5048 59.0
5049 59.0
5050 59.0
5051 59.0
5052 59.0
5053 59.0
5054 59.0
5055 59.0
5056 59.0
5057 59.0
5058 59.0
5059 59.0
5060 59.0
5061 59.0
5062 59.0
5063 59.0
5064 59.0
5065 59.0
5066 59.0
5067 59.0
5068 59.0
5069 59.0
5070 59.0
5071 59.0
5072 59.0
5073 59.0
5074 59.0
5075 59.0
5076 59.0
5077 59.0
5078 59.0
5079 59.0
5080 59.0
5081 59.0
5082 59.0
5083 59.0
5084 59.0
5085 59.0
5086 59.0
5087 59.0
5088 59.0
5089 59.0
5090 59.0
5091 59.0
5092 59.0
5093 59.0
5094 59.0
5095 59.0
5096 59.0
5097 59.0
5098 59.0
5099 59.0
5100 59.0
5101 59.0
5102 59.0
5103 59.0
5104 59.0
5105 59.0
5106 59.0
5107 59.0
5108 59.0
5109 59.0
5110 59.0
5111 59.0
5112 59.0
5113 59.0
5114 59.0
5115 59.0
5116 59.0
5117 59.0
5118 59.0
5119 59.0
5120 59.0
5121 59.0
5122 59.0
5123 59.0
5124 59.0
5125 59.0
5126 59.0
5127 59.0
5128 59.0
5129 59.0
5130 59.0
5131 59.0
5132 59.0
5133 59.0
5134 59.0
5135 59.0
5136 59.0
5137 59.0
5138 59.0
5139 59.0
5140 59.0
5141 59.0
5142 59.0
5143 59.0
5144 59.0
5145 59.0
5146 59.0
5147 59.0
5148 59.0
5149 59.0
5150 59.0
5151 59.0
5152 59.0
5153 59.0
5154 59.0
5155 59.0
5156 59.0
5157 59.0
5158 59.0
5159 59.0
5160 59.0
5161 59.0
5162 59.0
5163 59.0
5164 59.0
5165 59.0
5166 59.0
5167 59.0
5168 59.0
5169 59.0
5170 59.0
5171 59.0
5172 59.0
5173 59.0
5174 59.0
5175 59.0
5176 59.0
5177 59.0
5178 59.0
5179 59.0
5180 59.0
5181 59.0
5182 59.0
5183 59.0
5184 59.0
5185 59.0
5186 59.0
5187 59.0
5188 59.0
5189 59.0
5190 59.0
5191 59.0
5192 59.0
5193 59.0
5194 59.0
5195 59.0
5196 59.0
5197 59.0
5198 59.0
5199 59.0
5200 59.0
5201 59.0
5202 59.0
5203 59.0
5204 59.0
5205 59.0
5206 59.0
5207 59.0
5208 59.0
5209 59.0
5210 59.0
5211 59.0
5212 59.0
5213 59.0
5214 59.0
5215 59.0
5216 59.0
5217 59.0
5218 59.0
5219 59.0
5220 59.0
5221 59.0
5222 59.0
5223 59.0
5224 59.0
5225 59.0
5226 59.0
5227 59.0
5228 59.0
5229 59.0
5230 59.0
5231 59.0
5232 59.0
5233 59.0
5234 59.0
5235 59.0
5236 59.0
5237 59.0
5238 59.0
5239 59.0
5240 59.0
5241 59.0
5242 59.0
5243 59.0
5244 59.0
5245 59.0
5246 59.0
5247 59.0
5248 59.0
5249 59.0
5250 59.0
5251 59.0
5252 59.0
5253 59.0
5254 59.0
5255 59.0
5256 59.0
5257 59.0
5258 59.0
5259 59.0
5260 59.0
5261 59.0
5262 59.0
5263 59.0
5264 59.0
5265 59.0
5266 59.0
5267 59.0
5268 59.0
5269 59.0
5270 59.0
5271 59.0
5272 59.0
5273 59.0
5274 59.0
5275 59.0
5276 59.0
5277 59.0
5278 59.0
5279 59.0
5280 59.0
5281 59.0
5282 59.0
5283 59.0
5284 59.0
5285 59.0
5286 59.0
5287 59.0
5288 59.0
5289 59.0
5290 59.0
5291 59.0
5292 59.0
5293 59.0
5294 59.0
5295 59.0
5296 59.0
5297 59.0
5298 59.0
5299 59.0
5300 59.0
5301 59.0
5302 59.0
5303 59.0
5304 59.0
5305 59.0
5306 59.0
5307 59.0
5308 59.0
5309 59.0
5310 59.0
5311 59.0
5312 59.0
5313 59.0
5314 59.0
5315 59.0
5316 59.0
5317 59.0
5318 59.0
5319 59.0
5320 59.0
5321 59.0
5322 59.0
5323 59.0
5324 59.0
5325 59.0
5326 59.0
5327 59.0
5328 59.0
5329 59.0
5330 59.0
5331 59.0
5332 59.0
5333 59.0
5334 59.0
5335 59.0
5336 59.0
5337 59.0
5338 59.0
5339 59.0
5340 59.0
5341 59.0
5342 59.0
5343 59.0
5344 59.0
5345 59.0
5346 59.0
5347 59.0
5348 59.0
5349 59.0
5350 59.0
5351 59.0
5352 59.0
5353 59.0
5354 59.0
5355 59.0
5356 59.0
5357 59.0
5358 59.0
5359 59.0
5360 59.0
5361 59.0
5362 59.0
5363 59.0
5364 59.0
5365 59.0
5366 59.0
5367 59.0
5368 59.0
5369 59.0
5370 59.0
5371 59.0
5372 59.0
5373 59.0
5374 59.0
5375 59.0
5376 59.0
5377 59.0
5378 59.0
5379 59.0
5380 59.0
5381 59.0
5382 59.0
5383 59.0
5384 59.0
5385 59.0
5386 59.0
5387 59.0
5388 59.0
5389 59.0
5390 59.0
5391 59.0
5392 59.0
5393 59.0
5394 59.0
5395 59.0
5396 59.0
5397 59.0
5398 59.0
5399 59.0
5400 59.0
5401 59.0
5402 59.0
5403 59.0
5404 59.0
5405 59.0
5406 59.0
5407 59.0
5408 59.0
5409 59.0
5410 59.0
5411 59.0
5412 59.0
5413 59.0
5414 59.0
5415 59.0
5416 59.0
5417 59.0
5418 59.0
5419 59.0
5420 59.0
5421 59.0
5422 59.0
5423 59.0
5424 59.0
5425 59.0
5426 59.0
5427 59.0
5428 59.0
5429 59.0
5430 59.0
5431 59.0
5432 59.0
5433 59.0
5434 59.0
5435 59.0
5436 59.0
5437 59.0
5438 59.0
5439 59.0
5440 59.0
5441 59.0
5442 59.0
5443 59.0
5444 59.0
5445 59.0
5446 59.0
5447 59.0
5448 59.0
5449 59.0
5450 59.0
5451 59.0
5452 59.0
5453 59.0
5454 59.0
5455 59.0
5456 59.0
5457 59.0
5458 59.0
5459 59.0
5460 59.0
5461 59.0
5462 59.0
5463 59.0
5464 59.0
5465 59.0
5466 59.0
5467 59.0
5468 59.0
5469 59.0
5470 59.0
5471 59.0
5472 59.0
5473 59.0
5474 59.0
5475 59.0
5476 59.0
5477 59.0
5478 59.0
5479 59.0
5480 59.0
5481 59.0
5482 59.0
5483 59.0
5484 59.0
5485 59.0
5486 59.0
5487 59.0
5488 59.0
5489 59.0
5490 59.0
5491 59.0
5492 59.0
5493 59.0
5494 59.0
5495 59.0
5496 59.0
5497 59.0
5498 59.0
5499 59.0
5500 59.0
5501 59.0
5502 59.0
5503 59.0
5504 59.0
5505 59.0
5506 59.0
5507 59.0
5508 59.0
5509 59.0
5510 59.0
5511 59.0
5512 59.0
5513 59.0
5514 59.0
5515 59.0
5516 59.0
5517 59.0
5518 59.0
5519 59.0
5520 59.0
5521 59.0
5522 59.0
5523 59.0
5524 59.0
5525 59.0
5526 59.0
5527 59.0
5528 59.0
5529 59.0
5530 59.0
5531 59.0
5532 59.0
5533 59.0
5534 59.0
5535 59.0
5536 59.0
5537 59.0
5538 59.0
5539 59.0
5540 59.0
5541 59.0
5542 59.0
5543 59.0
5544 59.0
5545 59.0
5546 59.0
5547 59.0
5548 59.0
5549 59.0
5550 59.0
5551 59.0
5552 59.0
5553 59.0
5554 59.0
5555 59.0
5556 59.0
5557 59.0
5558 59.0
5559 59.0
5560 59.0
5561 59.0
5562 59.0
5563 59.0
5564 59.0
5565 59.0
5566 59.0
5567 59.0
5568 59.0
5569 59.0
5570 59.0
5571 59.0
5572 59.0
5573 59.0
5574 59.0
5575 59.0
5576 59.0
5577 59.0
5578 59.0
5579 59.0
5580 59.0
5581 59.0
5582 59.0
5583 59.0
5584 59.0
5585 59.0
5586 59.0
5587 59.0
5588 59.0
5589 59.0
5590 59.0
5591 59.0
5592 59.0
5593 59.0
5594 59.0
5595 59.0
5596 59.0
5597 59.0
5598 59.0
5599 59.0
5600 59.0
5601 59.0
5602 59.0
5603 59.0
5604 59.0
5605 59.0
5606 59.0
5607 59.0
5608 59.0
5609 59.0
5610 59.0
5611 59.0
5612 59.0
5613 59.0
5614 59.0
5615 59.0
5616 59.0
5617 59.0
5618 59.0
5619 59.0
5620 59.0
5621 59.0
5622 59.0
5623 59.0
5624 59.0
5625 59.0
5626 59.0
5627 59.0
5628 59.0
5629 59.0
5630 59.0
5631 59.0
5632 59.0
5633 59.0
5634 59.0
5635 59.0
5636 59.0
5637 59.0
5638 59.0
5639 59.0
5640 59.0
5641 59.0
5642 59.0
5643 59.0
5644 59.0
5645 59.0
5646 59.0
5647 59.0
5648 59.0
5649 59.0
5650 59.0
5651 59.0
5652 59.0
5653 59.0
5654 59.0
5655 59.0
5656 59.0
5657 59.0
5658 59.0
5659 59.0
5660 59.0
5661 59.0
5662 59.0
5663 59.0
5664 59.0
5665 59.0
5666 59.0
5667 59.0
5668 59.0
5669 59.0
5670 59.0
5671 59.0
5672 59.0
5673 59.0
5674 59.0
5675 59.0
5676 59.0
5677 59.0
5678 59.0
5679 59.0
5680 59.0
5681 59.0
5682 59.0
5683 59.0
5684 59.0
5685 59.0
5686 59.0
5687 59.0
5688 59.0
5689 59.0
5690 59.0
5691 59.0
5692 59.0
5693 59.0
5694 59.0
5695 59.0
5696 59.0
5697 59.0
5698 59.0
5699 59.0
5700 59.0
5701 59.0
5702 59.0
5703 59.0
5704 59.0
5705 59.0
5706 59.0
5707 59.0
5708 59.0
5709 59.0
5710 59.0
5711 59.0
5712 59.0
5713 59.0
5714 59.0
5715 59.0
5716 59.0
5717 59.0
5718 59.0
5719 59.0
5720 59.0
5721 59.0
5722 59.0
5723 59.0
5724 59.0
5725 59.0
5726 59.0
5727 59.0
5728 59.0
5729 59.0
5730 59.0
5731 59.0
5732 59.0
5733 59.0
5734 59.0
5735 59.0
5736 59.0
5737 59.0
5738 59.0
5739 59.0
5740 59.0
5741 59.0
5742 59.0
5743 59.0
5744 59.0
5745 59.0
5746 59.0
5747 59.0
5748 59.0
5749 59.0
5750 59.0
5751 59.0
5752 59.0
5753 59.0
5754 59.0
5755 59.0
5756 59.0
5757 59.0
5758 59.0
5759 59.0
5760 59.0
5761 59.0
5762 59.0
5763 59.0
5764 59.0
5765 59.0
5766 59.0
5767 59.0
5768 59.0
5769 59.0
5770 59.0
5771 59.0
5772 59.0
5773 59.0
5774 59.0
5775 59.0
5776 59.0
5777 59.0
5778 59.0
5779 59.0
5780 59.0
5781 59.0
5782 59.0
5783 59.0
5784 59.0
5785 59.0
5786 59.0
5787 59.0
5788 59.0
5789 59.0
5790 59.0
5791 59.0
5792 59.0
5793 59.0
5794 59.0
5795 59.0
5796 59.0
5797 59.0
5798 59.0
5799 59.0
5800 59.0
5801 59.0
5802 59.0
5803 59.0
5804 59.0
5805 59.0
5806 59.0
5807 59.0
5808 59.0
5809 59.0
5810 59.0
5811 59.0
5812 59.0
5813 59.0
5814 59.0
5815 59.0
5816 59.0
5817 59.0
5818 59.0
5819 59.0
5820 59.0
5821 59.0
5822 59.0
5823 67.0
5824 67.0
5825 67.0
5826 67.0
5827 67.0
5828 67.0
5829 67.0
5830 67.0
5831 67.0
5832 67.0
5833 67.0
5834 67.0
5835 67.0
5836 67.0
5837 67.0
5838 67.0
5839 67.0
5840 67.0
5841 67.0
5842 67.0
5843 67.0
5844 67.0
5845 67.0
5846 67.0
5847 67.0
5848 67.0
5849 67.0
5850 67.0
5851 67.0
5852 67.0
5853 67.0
5854 67.0
5855 67.0
5856 67.0
5857 67.0
5858 67.0
5859 67.0
5860 67.0
5861 67.0
5862 67.0
5863 67.0
5864 67.0
5865 67.0
5866 67.0
5867 67.0
5868 67.0
5869 67.0
5870 67.0
5871 67.0
5872 67.0
5873 67.0
5874 67.0
5875 67.0
5876 67.0
5877 67.0
5878 67.0
5879 67.0
5880 67.0
5881 67.0
5882 67.0
5883 67.0
5884 67.0
5885 67.0
5886 67.0
5887 67.0
5888 67.0
5889 67.0
5890 67.0
5891 67.0
5892 67.0
5893 67.0
5894 67.0
5895 67.0
5896 67.0
5897 67.0
5898 67.0
5899 67.0
5900 67.0
5901 67.0
5902 67.0
5903 67.0
5904 67.0
5905 67.0
5906 67.0
5907 67.0
5908 67.0
5909 67.0
5910 67.0
5911 67.0
5912 67.0
5913 67.0
5914 67.0
5915 67.0
5916 67.0
5917 67.0
5918 67.0
5919 67.0
5920 67.0
5921 67.0
5922 67.0
5923 67.0
5924 67.0
5925 67.0
5926 67.0
5927 67.0
5928 67.0
5929 67.0
5930 67.0
5931 67.0
5932 67.0
5933 67.0
5934 67.0
5935 67.0
5936 67.0
5937 67.0
5938 67.0
5939 67.0
5940 67.0
5941 67.0
5942 67.0
5943 67.0
5944 67.0
5945 67.0
5946 67.0
5947 67.0
5948 67.0
5949 67.0
5950 67.0
5951 67.0
5952 67.0
5953 67.0
5954 67.0
5955 67.0
5956 67.0
5957 67.0
5958 67.0
5959 67.0
5960 67.0
5961 67.0
5962 67.0
5963 67.0
5964 67.0
5965 67.0
5966 67.0
5967 67.0
5968 67.0
5969 67.0
5970 67.0
5971 67.0
5972 67.0
5973 67.0
5974 67.0
5975 67.0
5976 67.0
5977 67.0
5978 67.0
5979 67.0
5980 67.0
5981 67.0
5982 67.0
5983 67.0
5984 67.0
5985 67.0
5986 67.0
5987 67.0
5988 67.0
5989 67.0
5990 67.0
5991 67.0
5992 67.0
5993 67.0
5994 67.0
5995 67.0
5996 67.0
5997 67.0
5998 67.0
5999 67.0
6000 67.0
6001 67.0
6002 67.0
6003 67.0
6004 67.0
6005 67.0
6006 67.0
6007 67.0
6008 67.0
6009 67.0
6010 67.0
6011 67.0
6012 67.0
6013 67.0
6014 67.0
6015 67.0
6016 67.0
6017 67.0
6018 67.0
6019 67.0
6020 67.0
6021 67.0
6022 67.0
6023 67.0
6024 67.0
6025 67.0
6026 67.0
6027 67.0
6028 67.0
6029 67.0
6030 67.0
6031 67.0
6032 67.0
6033 67.0
6034 67.0
6035 67.0
6036 67.0
6037 67.0
6038 67.0
6039 67.0
6040 67.0
6041 67.0
6042 67.0
6043 67.0
6044 67.0
6045 67.0
6046 67.0
6047 67.0
6048 67.0
6049 67.0
6050 67.0
6051 67.0
6052 67.0
6053 67.0
6054 67.0
6055 67.0
6056 67.0
6057 67.0
6058 67.0
6059 67.0
6060 67.0
6061 67.0
6062 67.0
6063 67.0
6064 67.0
6065 67.0
6066 67.0
6067 67.0
6068 67.0
6069 67.0
6070 67.0
6071 67.0
6072 67.0
6073 67.0
6074 67.0
6075 67.0
6076 67.0
6077 67.0
6078 67.0
6079 67.0
6080 67.0
6081 67.0
6082 67.0
6083 67.0
6084 67.0
6085 67.0
6086 67.0
6087 67.0
6088 67.0
6089 67.0
6090 67.0
6091 67.0
6092 67.0
6093 67.0
6094 67.0
6095 67.0
6096 67.0
6097 67.0
6098 67.0
6099 67.0
6100 67.0
6101 67.0
6102 67.0
6103 67.0
6104 67.0
6105 67.0
6106 67.0
6107 67.0
6108 67.0
6109 67.0
6110 67.0
6111 67.0
6112 67.0
6113 67.0
6114 67.0
6115 67.0
6116 67.0
6117 67.0
6118 67.0
6119 67.0
6120 67.0
6121 67.0
6122 67.0
6123 67.0
6124 67.0
6125 67.0
6126 67.0
6127 67.0
6128 67.0
6129 67.0
6130 67.0
6131 67.0
6132 67.0
6133 67.0
6134 67.0
6135 67.0
6136 67.0
6137 67.0
6138 67.0
6139 67.0
6140 67.0
6141 67.0
6142 67.0
6143 67.0
6144 67.0
6145 67.0
6146 67.0
6147 67.0
6148 67.0
6149 67.0
6150 67.0
6151 67.0
6152 67.0
6153 67.0
6154 67.0
6155 67.0
6156 67.0
6157 67.0
6158 67.0
6159 67.0
6160 67.0
6161 67.0
6162 67.0
6163 67.0
6164 67.0
6165 67.0
6166 67.0
6167 67.0
6168 67.0
6169 67.0
6170 67.0
6171 67.0
6172 67.0
6173 67.0
6174 67.0
6175 67.0
6176 67.0
6177 67.0
6178 67.0
6179 67.0
6180 67.0
6181 67.0
6182 67.0
6183 67.0
6184 67.0
6185 67.0
6186 67.0
6187 67.0
6188 67.0
6189 67.0
6190 67.0
6191 67.0
6192 67.0
6193 67.0
6194 67.0
6195 67.0
6196 67.0
6197 67.0
6198 67.0
6199 67.0
6200 67.0
6201 67.0
6202 67.0
6203 67.0
6204 67.0
6205 67.0
6206 67.0
6207 67.0
6208 67.0
6209 67.0
6210 67.0
6211 67.0
6212 67.0
6213 67.0
6214 67.0
6215 67.0
6216 67.0
6217 67.0
6218 67.0
6219 67.0
6220 67.0
6221 67.0
6222 67.0
6223 67.0
6224 67.0
6225 67.0
6226 67.0
6227 67.0
6228 67.0
6229 67.0
6230 67.0
6231 67.0
6232 67.0
6233 67.0
6234 67.0
6235 67.0
6236 67.0
6237 67.0
6238 67.0
6239 67.0
6240 67.0
6241 67.0
6242 67.0
6243 67.0
6244 67.0
6245 67.0
6246 67.0
6247 67.0
6248 67.0
6249 67.0
6250 67.0
6251 67.0
6252 67.0
6253 67.0
6254 67.0
6255 67.0
6256 67.0
6257 67.0
6258 67.0
6259 67.0
6260 67.0
6261 67.0
6262 67.0
6263 67.0
6264 67.0
6265 67.0
6266 67.0
6267 67.0
6268 67.0
6269 67.0
6270 67.0
6271 67.0
6272 67.0
6273 67.0
6274 67.0
6275 67.0
6276 67.0
6277 67.0
6278 67.0
6279 67.0
6280 67.0
6281 67.0
6282 67.0
6283 67.0
6284 67.0
6285 67.0
6286 67.0
6287 67.0
6288 67.0
6289 67.0
6290 67.0
6291 67.0
6292 67.0
6293 67.0
6294 67.0
6295 67.0
6296 67.0
6297 67.0
6298 67.0
6299 67.0
6300 67.0
6301 67.0
6302 67.0
6303 67.0
6304 67.0
6305 67.0
6306 67.0
6307 67.0
6308 67.0
6309 67.0
6310 67.0
6311 67.0
6312 67.0
6313 67.0
6314 67.0
6315 67.0
6316 67.0
6317 67.0
6318 67.0
6319 67.0
6320 67.0
6321 67.0
6322 67.0
6323 67.0
6324 67.0
6325 67.0
6326 67.0
6327 67.0
6328 67.0
6329 67.0
6330 67.0
6331 67.0
6332 67.0
6333 67.0
6334 67.0
6335 67.0
6336 67.0
6337 67.0
6338 67.0
6339 67.0
6340 67.0
6341 67.0
6342 67.0
6343 67.0
6344 67.0
6345 67.0
6346 67.0
6347 67.0
6348 67.0
6349 67.0
6350 67.0
6351 67.0
6352 67.0
6353 67.0
6354 67.0
6355 67.0
6356 67.0
6357 67.0
6358 67.0
6359 67.0
6360 67.0
6361 67.0
6362 67.0
6363 67.0
6364 67.0
6365 67.0
6366 67.0
6367 67.0
6368 67.0
6369 67.0
6370 67.0
6371 67.0
6372 67.0
6373 67.0
6374 67.0
6375 67.0
6376 67.0
6377 67.0
6378 67.0
6379 67.0
6380 67.0
6381 67.0
6382 67.0
6383 67.0
6384 67.0
6385 67.0
6386 67.0
6387 67.0
6388 67.0
6389 67.0
6390 67.0
6391 67.0
6392 67.0
6393 67.0
6394 67.0
6395 67.0
6396 67.0
6397 67.0
6398 67.0
6399 67.0
6400 67.0
6401 67.0
6402 67.0
6403 67.0
6404 67.0
6405 67.0
6406 67.0
6407 67.0
6408 67.0
6409 67.0
6410 67.0
6411 67.0
6412 67.0
6413 67.0
6414 67.0
6415 67.0
6416 67.0
6417 67.0
6418 67.0
6419 67.0
6420 67.0
6421 67.0
6422 67.0
6423 67.0
6424 67.0
6425 67.0
6426 67.0
6427 67.0
6428 67.0
6429 67.0
6430 67.0
6431 67.0
6432 67.0
6433 67.0
6434 67.0
6435 67.0
6436 67.0
6437 67.0
6438 67.0
6439 67.0
6440 67.0
6441 67.0
6442 67.0
6443 67.0
6444 67.0
6445 67.0
6446 67.0
6447 67.0
6448 67.0
6449 67.0
6450 67.0
6451 67.0
6452 67.0
6453 67.0
6454 67.0
6455 67.0
6456 67.0
6457 67.0
6458 67.0
6459 67.0
6460 67.0
6461 67.0
6462 67.0
6463 67.0
6464 67.0
6465 67.0
6466 67.0
6467 67.0
6468 67.0
6469 67.0
6470 67.0
6471 67.0
6472 67.0
6473 67.0
6474 67.0
6475 67.0
6476 67.0
6477 67.0
6478 67.0
6479 67.0
6480 67.0
6481 67.0
6482 67.0
6483 67.0
6484 67.0
6485 67.0
6486 67.0
6487 67.0
6488 67.0
6489 67.0
6490 67.0
6491 67.0
6492 67.0
6493 67.0
6494 67.0
6495 67.0
6496 67.0
6497 67.0
6498 67.0
6499 67.0
6500 67.0
6501 67.0
6502 67.0
6503 67.0
6504 67.0
6505 67.0
6506 67.0
6507 67.0
6508 67.0
6509 67.0
6510 67.0
6511 67.0
6512 67.0
6513 67.0
6514 67.0
6515 67.0
6516 67.0
6517 67.0
6518 67.0
6519 67.0
6520 67.0
6521 67.0
6522 67.0
6523 67.0
6524 67.0
6525 67.0
6526 67.0
6527 67.0
6528 67.0
6529 67.0
6530 67.0
6531 67.0
6532 67.0
6533 67.0
6534 67.0
6535 67.0
6536 67.0
6537 67.0
6538 67.0
6539 67.0
6540 67.0
6541 67.0
6542 67.0
6543 67.0
6544 67.0
6545 67.0
6546 67.0
6547 67.0
6548 67.0
6549 67.0
6550 67.0
6551 67.0
6552 67.0
6553 67.0
6554 67.0
6555 67.0
6556 67.0
6557 67.0
6558 67.0
6559 67.0
6560 67.0
6561 67.0
6562 67.0
6563 67.0
6564 67.0
6565 67.0
6566 67.0
6567 67.0
6568 67.0
6569 67.0
6570 67.0
6571 67.0
6572 67.0
6573 67.0
6574 67.0
6575 67.0
6576 67.0
6577 67.0
6578 67.0
6579 67.0
6580 67.0
6581 67.0
6582 67.0
6583 67.0
6584 67.0
6585 67.0
6586 67.0
6587 67.0
6588 67.0
6589 67.0
6590 67.0
6591 67.0
6592 67.0
6593 67.0
6594 67.0
6595 67.0
6596 67.0
6597 67.0
6598 67.0
6599 67.0
6600 67.0
6601 67.0
6602 67.0
6603 67.0
6604 67.0
6605 67.0
6606 67.0
6607 67.0
6608 67.0
6609 67.0
6610 67.0
6611 67.0
6612 67.0
6613 67.0
6614 67.0
6615 67.0
6616 67.0
6617 67.0
6618 67.0
6619 67.0
6620 67.0
6621 67.0
6622 67.0
6623 67.0
6624 67.0
6625 67.0
6626 67.0
6627 67.0
6628 67.0
6629 67.0
6630 67.0
6631 67.0
6632 67.0
6633 67.0
6634 67.0
6635 67.0
6636 67.0
6637 67.0
6638 67.0
6639 67.0
6640 67.0
6641 67.0
6642 67.0
6643 67.0
6644 67.0
6645 67.0
6646 67.0
6647 67.0
6648 67.0
6649 67.0
6650 67.0
6651 67.0
6652 67.0
6653 67.0
6654 67.0
6655 67.0
6656 67.0
6657 67.0
6658 67.0
6659 67.0
6660 67.0
6661 67.0
6662 67.0
6663 67.0
6664 67.0
6665 67.0
6666 67.0
6667 67.0
6668 67.0
6669 67.0
6670 67.0
6671 67.0
6672 67.0
6673 67.0
6674 67.0
6675 67.0
6676 67.0
6677 67.0
6678 67.0
6679 67.0
6680 67.0
6681 67.0
6682 67.0
6683 67.0
6684 67.0
6685 67.0
6686 67.0
6687 67.0
6688 67.0
6689 67.0
6690 67.0
6691 67.0
6692 67.0
6693 67.0
6694 67.0
6695 67.0
6696 67.0
6697 67.0
6698 67.0
6699 67.0
6700 67.0
6701 67.0
6702 67.0
6703 67.0
6704 67.0
6705 67.0
6706 67.0
6707 67.0
6708 67.0
6709 67.0
6710 67.0
6711 67.0
6712 67.0
6713 67.0
6714 67.0
6715 67.0
6716 67.0
6717 67.0
6718 67.0
6719 67.0
6720 67.0
6721 67.0
6722 67.0
6723 67.0
6724 67.0
6725 67.0
6726 67.0
6727 67.0
6728 67.0
6729 67.0
6730 67.0
6731 67.0
6732 67.0
6733 67.0
6734 67.0
6735 67.0
6736 67.0
6737 67.0
6738 67.0
6739 67.0
6740 67.0
6741 67.0
6742 67.0
6743 67.0
6744 67.0
6745 67.0
6746 67.0
6747 67.0
6748 67.0
6749 67.0
6750 67.0
6751 67.0
6752 67.0
6753 67.0
6754 67.0
6755 67.0
6756 67.0
6757 67.0
6758 67.0
6759 67.0
6760 67.0
6761 67.0
6762 67.0
6763 67.0
6764 67.0
6765 67.0
6766 67.0
6767 67.0
6768 67.0
6769 67.0
6770 67.0
6771 67.0
6772 67.0
6773 67.0
6774 67.0
6775 67.0
6776 67.0
6777 67.0
6778 67.0
6779 67.0
6780 67.0
6781 67.0
6782 67.0
6783 67.0
6784 67.0
6785 67.0
6786 67.0
6787 67.0
6788 67.0
6789 67.0
6790 67.0
6791 67.0
6792 67.0
6793 67.0
6794 67.0
6795 67.0
6796 67.0
6797 67.0
6798 67.0
6799 67.0
6800 67.0
6801 67.0
6802 67.0
6803 67.0
6804 67.0
6805 67.0
6806 67.0
6807 67.0
6808 67.0
6809 67.0
6810 67.0
6811 67.0
6812 67.0
6813 67.0
6814 67.0
6815 67.0
6816 67.0
6817 67.0
6818 67.0
6819 67.0
6820 67.0
6821 67.0
6822 67.0
6823 67.0
6824 67.0
6825 67.0
6826 67.0
6827 67.0
6828 67.0
6829 67.0
6830 67.0
6831 67.0
6832 67.0
6833 67.0
6834 67.0
6835 67.0
6836 67.0
6837 67.0
6838 67.0
6839 67.0
6840 67.0
6841 67.0
6842 67.0
6843 67.0
6844 67.0
6845 67.0
6846 67.0
6847 67.0
6848 67.0
6849 67.0
6850 67.0
6851 67.0
6852 67.0
6853 67.0
6854 67.0
6855 67.0
6856 67.0
6857 67.0
6858 67.0
6859 67.0
6860 67.0
6861 67.0
6862 67.0
6863 67.0
6864 67.0
6865 67.0
6866 67.0
6867 67.0
6868 67.0
6869 67.0
6870 67.0
6871 67.0
6872 67.0
6873 67.0
6874 67.0
6875 67.0
6876 67.0
6877 67.0
6878 67.0
6879 67.0
6880 67.0
6881 67.0
6882 67.0
6883 67.0
6884 67.0
6885 67.0
6886 67.0
6887 67.0
6888 67.0
6889 67.0
6890 67.0
6891 67.0
6892 67.0
6893 67.0
6894 67.0
6895 67.0
6896 67.0
6897 67.0
6898 67.0
6899 67.0
6900 67.0
6901 67.0
6902 67.0
6903 67.0
6904 67.0
6905 67.0
6906 67.0
6907 67.0
6908 67.0
6909 67.0
6910 67.0
6911 67.0
6912 67.0
6913 67.0
6914 67.0
6915 67.0
6916 67.0
6917 67.0
6918 67.0
6919 67.0
6920 67.0
6921 67.0
6922 67.0
6923 67.0
6924 67.0
6925 67.0
6926 67.0
6927 67.0
6928 67.0
6929 67.0
6930 67.0
6931 67.0
6932 67.0
6933 67.0
6934 67.0
6935 67.0
6936 67.0
6937 67.0
6938 67.0
6939 67.0
6940 67.0
6941 67.0
6942 67.0
6943 67.0
6944 67.0
6945 67.0
6946 67.0
6947 67.0
6948 67.0
6949 67.0
6950 67.0
6951 67.0
6952 67.0
6953 67.0
6954 67.0
6955 67.0
6956 67.0
6957 67.0
6958 67.0
6959 67.0
6960 67.0
6961 67.0
6962 67.0
6963 67.0
6964 67.0
6965 67.0
6966 67.0
6967 67.0
6968 67.0
6969 67.0
6970 67.0
6971 67.0
6972 67.0
6973 67.0
6974 67.0
6975 67.0
6976 67.0
6977 67.0
6978 67.0
6979 67.0
6980 67.0
6981 67.0
6982 67.0
6983 67.0
6984 67.0
6985 67.0
6986 67.0
6987 67.0
6988 67.0
6989 67.0
6990 67.0
6991 67.0
6992 67.0
6993 67.0
6994 67.0
6995 67.0
6996 67.0
6997 67.0
6998 67.0
6999 67.0
7000 67.0
7001 67.0
7002 67.0
7003 67.0
7004 67.0
7005 67.0
7006 67.0
7007 67.0
7008 67.0
7009 67.0
7010 67.0
7011 67.0
7012 67.0
7013 67.0
7014 67.0
7015 67.0
7016 67.0
7017 67.0
7018 67.0
7019 67.0
7020 67.0
7021 67.0
7022 67.0
7023 67.0
7024 67.0
7025 67.0
7026 67.0
7027 67.0
7028 67.0
7029 67.0
7030 67.0
7031 67.0
7032 67.0
7033 67.0
7034 67.0
7035 67.0
7036 67.0
7037 67.0
7038 67.0
7039 67.0
7040 67.0
7041 67.0
7042 67.0
7043 67.0
7044 67.0
7045 67.0
7046 67.0
7047 67.0
7048 67.0
7049 67.0
7050 67.0
7051 67.0
7052 67.0
7053 67.0
7054 67.0
7055 67.0
7056 67.0
7057 67.0
7058 67.0
7059 67.0
7060 67.0
7061 67.0
7062 67.0
7063 67.0
7064 67.0
7065 67.0
7066 67.0
7067 67.0
7068 67.0
7069 67.0
7070 67.0
7071 67.0
7072 67.0
7073 67.0
7074 67.0
7075 67.0
7076 67.0
7077 67.0
7078 67.0
7079 67.0
7080 67.0
7081 67.0
7082 67.0
7083 67.0
7084 67.0
7085 67.0
7086 67.0
7087 67.0
7088 67.0
7089 67.0
7090 67.0
7091 67.0
7092 67.0
7093 67.0
7094 67.0
7095 67.0
7096 67.0
7097 67.0
7098 67.0
7099 67.0
7100 67.0
7101 67.0
7102 67.0
7103 67.0
7104 67.0
7105 67.0
7106 67.0
7107 67.0
7108 67.0
7109 67.0
7110 67.0
7111 67.0
7112 67.0
7113 67.0
7114 67.0
7115 67.0
7116 67.0
7117 67.0
7118 67.0
7119 67.0
7120 67.0
7121 67.0
7122 67.0
7123 67.0
7124 67.0
7125 67.0
7126 67.0
7127 67.0
7128 67.0
7129 67.0
7130 67.0
7131 67.0
7132 67.0
7133 67.0
7134 67.0
7135 67.0
7136 67.0
7137 67.0
7138 67.0
7139 67.0
7140 67.0
7141 67.0
7142 67.0
7143 67.0
7144 67.0
7145 67.0
7146 67.0
7147 67.0
7148 67.0
7149 67.0
7150 67.0
7151 67.0
7152 67.0
7153 67.0
7154 67.0
7155 67.0
7156 67.0
7157 67.0
7158 67.0
7159 67.0
7160 67.0
7161 67.0
7162 67.0
7163 67.0
7164 67.0
7165 67.0
7166 67.0
7167 67.0
7168 67.0
7169 67.0
7170 67.0
7171 67.0
7172 67.0
7173 67.0
7174 67.0
7175 67.0
7176 67.0
7177 67.0
7178 67.0
7179 67.0
7180 67.0
7181 67.0
7182 67.0
7183 67.0
7184 67.0
7185 67.0
7186 67.0
7187 67.0
7188 67.0
7189 67.0
7190 67.0
7191 67.0
7192 67.0
7193 67.0
7194 67.0
7195 67.0
7196 67.0
7197 67.0
7198 67.0
7199 67.0
7200 67.0
7201 67.0
7202 67.0
7203 67.0
7204 67.0
7205 67.0
7206 67.0
7207 67.0
7208 67.0
7209 67.0
7210 67.0
7211 67.0
7212 67.0
7213 67.0
7214 67.0
7215 67.0
7216 67.0
7217 67.0
7218 67.0
7219 67.0
7220 67.0
7221 67.0
7222 67.0
7223 67.0
7224 67.0
7225 67.0
7226 67.0
7227 67.0
7228 67.0
7229 67.0
7230 67.0
7231 67.0
7232 67.0
7233 67.0
7234 67.0
7235 67.0
7236 67.0
7237 67.0
7238 67.0
7239 67.0
7240 67.0
7241 67.0
7242 67.0
7243 67.0
7244 67.0
7245 67.0
7246 67.0
7247 67.0
7248 67.0
7249 67.0
7250 67.0
7251 67.0
7252 67.0
7253 67.0
7254 67.0
7255 67.0
7256 67.0
7257 67.0
7258 67.0
7259 67.0
7260 67.0
7261 67.0
7262 67.0
7263 67.0
7264 67.0
7265 67.0
7266 67.0
7267 67.0
7268 67.0
7269 67.0
7270 67.0
7271 67.0
7272 67.0
7273 67.0
7274 67.0
7275 67.0
7276 67.0
7277 67.0
7278 67.0
7279 67.0
7280 67.0
7281 67.0
7282 67.0
7283 67.0
7284 67.0
7285 67.0
7286 67.0
7287 67.0
7288 67.0
7289 67.0
7290 67.0
7291 67.0
7292 67.0
7293 67.0
7294 67.0
7295 67.0
7296 67.0
7297 67.0
7298 67.0
7299 67.0
7300 67.0
7301 67.0
7302 67.0
7303 67.0
7304 67.0
7305 67.0
7306 67.0
7307 67.0
7308 67.0
7309 67.0
7310 67.0
7311 67.0
7312 67.0
7313 67.0
7314 67.0
7315 67.0
7316 67.0
7317 67.0
7318 67.0
7319 67.0
7320 67.0
7321 67.0
7322 67.0
7323 67.0
7324 67.0
7325 67.0
7326 67.0
7327 67.0
7328 67.0
7329 67.0
7330 67.0
7331 67.0
7332 67.0
7333 67.0
7334 67.0
7335 67.0
7336 67.0
7337 67.0
7338 67.0
7339 67.0
7340 67.0
7341 67.0
7342 67.0
7343 67.0
7344 67.0
7345 67.0
7346 67.0
7347 67.0
7348 67.0
7349 67.0
7350 67.0
7351 67.0
7352 67.0
7353 67.0
7354 67.0
7355 67.0
7356 67.0
7357 67.0
7358 67.0
7359 67.0
7360 67.0
7361 67.0
7362 67.0
7363 67.0
7364 67.0
7365 67.0
7366 67.0
7367 67.0
7368 67.0
7369 67.0
7370 67.0
7371 67.0
7372 67.0
7373 67.0
7374 67.0
7375 67.0
7376 67.0
7377 67.0
7378 67.0
7379 67.0
7380 67.0
7381 67.0
7382 67.0
7383 67.0
7384 67.0
7385 67.0
7386 67.0
7387 67.0
7388 67.0
7389 67.0
7390 67.0
7391 67.0
7392 67.0
7393 67.0
7394 67.0
7395 67.0
7396 67.0
7397 67.0
7398 67.0
7399 67.0
7400 67.0
7401 67.0
7402 67.0
7403 67.0
7404 67.0
7405 67.0
7406 67.0
7407 67.0
7408 67.0
7409 67.0
7410 67.0
7411 67.0
7412 67.0
7413 67.0
7414 67.0
7415 67.0
7416 67.0
7417 67.0
7418 67.0
7419 67.0
7420 67.0
7421 67.0
7422 67.0
7423 67.0
7424 67.0
7425 67.0
7426 67.0
7427 67.0
7428 67.0
7429 67.0
7430 67.0
7431 67.0
7432 67.0
7433 67.0
7434 67.0
7435 67.0
7436 67.0
7437 67.0
7438 67.0
7439 67.0
7440 67.0
7441 67.0
7442 67.0
7443 67.0
7444 67.0
7445 67.0
7446 67.0
7447 67.0
7448 67.0
7449 67.0
7450 67.0
7451 67.0
7452 67.0
7453 67.0
7454 67.0
7455 67.0
7456 67.0
7457 67.0
7458 67.0
7459 67.0
7460 67.0
7461 67.0
7462 67.0
7463 67.0
7464 67.0
7465 67.0
7466 67.0
7467 67.0
7468 67.0
7469 67.0
7470 67.0
7471 67.0
7472 67.0
7473 67.0
7474 67.0
7475 67.0
7476 67.0
7477 67.0
7478 67.0
7479 67.0
7480 67.0
7481 67.0
7482 67.0
7483 67.0
7484 67.0
7485 67.0
7486 67.0
7487 67.0
7488 67.0
7489 67.0
7490 67.0
7491 67.0
7492 67.0
7493 67.0
7494 67.0
7495 67.0
7496 67.0
7497 67.0
7498 67.0
7499 67.0
7500 67.0
7501 67.0
7502 67.0
7503 67.0
7504 67.0
7505 67.0
7506 67.0
7507 67.0
7508 67.0
7509 67.0
7510 67.0
7511 67.0
7512 67.0
7513 67.0
7514 67.0
7515 67.0
7516 67.0
7517 67.0
7518 67.0
7519 67.0
7520 67.0
7521 67.0
7522 67.0
7523 67.0
7524 67.0
7525 67.0
7526 67.0
7527 67.0
7528 67.0
7529 67.0
7530 67.0
7531 67.0
7532 67.0
7533 67.0
7534 67.0
7535 67.0
7536 67.0
7537 67.0
7538 67.0
7539 67.0
7540 67.0
7541 67.0
7542 67.0
7543 67.0
7544 67.0
7545 67.0
7546 67.0
7547 67.0
7548 67.0
7549 67.0
7550 67.0
7551 67.0
7552 67.0
7553 67.0
7554 67.0
7555 67.0
7556 67.0
7557 67.0
7558 67.0
7559 67.0
7560 67.0
7561 67.0
7562 67.0
7563 67.0
7564 67.0
7565 67.0
7566 67.0
7567 67.0
7568 67.0
7569 67.0
7570 67.0
7571 67.0
7572 67.0
7573 67.0
7574 67.0
7575 67.0
7576 67.0
7577 67.0
7578 67.0
7579 67.0
7580 67.0
7581 67.0
7582 67.0
7583 67.0
7584 67.0
7585 67.0
7586 67.0
7587 67.0
7588 67.0
7589 67.0
7590 67.0
7591 67.0
7592 67.0
7593 67.0
7594 67.0
7595 67.0
7596 67.0
7597 67.0
7598 67.0
7599 67.0
7600 67.0
7601 67.0
7602 67.0
7603 67.0
7604 67.0
7605 67.0
7606 67.0
7607 67.0
7608 67.0
7609 67.0
7610 67.0
7611 67.0
7612 67.0
7613 67.0
7614 67.0
7615 67.0
7616 67.0
7617 67.0
7618 67.0
7619 67.0
7620 67.0
7621 67.0
7622 67.0
7623 67.0
7624 67.0
7625 67.0
7626 67.0
7627 67.0
7628 67.0
7629 67.0
7630 67.0
7631 67.0
7632 67.0
7633 67.0
7634 67.0
7635 67.0
7636 67.0
7637 67.0
7638 67.0
7639 67.0
7640 67.0
7641 67.0
7642 67.0
7643 67.0
7644 67.0
7645 67.0
7646 67.0
7647 67.0
7648 67.0
7649 67.0
7650 67.0
7651 67.0
7652 67.0
7653 67.0
7654 67.0
7655 67.0
7656 67.0
7657 67.0
7658 67.0
7659 67.0
7660 67.0
7661 67.0
7662 67.0
7663 67.0
7664 67.0
7665 67.0
7666 67.0
7667 67.0
7668 67.0
7669 67.0
7670 67.0
7671 67.0
7672 67.0
7673 67.0
7674 67.0
7675 67.0
7676 67.0
7677 67.0
7678 67.0
7679 67.0
7680 67.0
7681 67.0
7682 67.0
7683 67.0
7684 67.0
7685 67.0
7686 67.0
7687 67.0
7688 67.0
7689 67.0
7690 67.0
7691 67.0
7692 67.0
7693 67.0
7694 67.0
7695 67.0
7696 67.0
7697 67.0
7698 67.0
7699 67.0
7700 67.0
7701 67.0
7702 67.0
7703 67.0
7704 67.0
7705 67.0
7706 67.0
7707 67.0
7708 67.0
7709 67.0
7710 67.0
7711 67.0
7712 67.0
7713 67.0
7714 67.0
7715 67.0
7716 67.0
7717 67.0
7718 67.0
7719 67.0
7720 67.0
7721 67.0
7722 67.0
7723 67.0
7724 67.0
7725 67.0
7726 67.0
7727 67.0
7728 67.0
7729 67.0
7730 67.0
7731 67.0
7732 67.0
7733 67.0
7734 67.0
7735 67.0
7736 67.0
7737 67.0
7738 67.0
7739 67.0
7740 67.0
7741 67.0
7742 67.0
7743 67.0
7744 67.0
7745 67.0
7746 67.0
7747 67.0
7748 67.0
7749 67.0
7750 67.0
7751 67.0
7752 67.0
7753 67.0
7754 67.0
7755 67.0
7756 67.0
7757 67.0
7758 67.0
7759 67.0
7760 67.0
7761 67.0
7762 67.0
7763 67.0
7764 67.0
7765 67.0
7766 67.0
7767 67.0
7768 67.0
7769 67.0
7770 67.0
7771 67.0
7772 67.0
7773 67.0
7774 67.0
7775 67.0
7776 67.0
7777 67.0
7778 67.0
7779 67.0
7780 67.0
7781 67.0
7782 67.0
7783 67.0
7784 67.0
7785 67.0
7786 67.0
7787 67.0
7788 67.0
7789 67.0
7790 67.0
7791 67.0
7792 67.0
7793 67.0
7794 67.0
7795 67.0
7796 67.0
7797 67.0
7798 67.0
7799 67.0
7800 67.0
7801 67.0
7802 67.0
7803 67.0
7804 67.0
7805 67.0
7806 67.0
7807 67.0
7808 67.0
7809 67.0
7810 67.0
7811 67.0
7812 67.0
7813 67.0
7814 67.0
7815 67.0
7816 67.0
7817 67.0
7818 67.0
7819 67.0
7820 67.0
7821 67.0
7822 67.0
7823 67.0
7824 67.0
7825 67.0
7826 67.0
7827 67.0
7828 67.0
7829 67.0
7830 67.0
7831 67.0
7832 67.0
7833 67.0
7834 67.0
7835 67.0
7836 67.0
7837 67.0
7838 67.0
7839 67.0
7840 67.0
7841 67.0
7842 67.0
7843 67.0
7844 67.0
7845 67.0
7846 67.0
7847 67.0
7848 67.0
7849 67.0
7850 67.0
7851 67.0
7852 67.0
7853 67.0
7854 67.0
7855 67.0
7856 67.0
7857 67.0
7858 67.0
7859 67.0
7860 67.0
7861 67.0
7862 67.0
7863 67.0
7864 67.0
7865 67.0
7866 67.0
7867 67.0
7868 67.0
7869 67.0
7870 67.0
7871 67.0
7872 67.0
7873 67.0
7874 67.0
7875 67.0
7876 67.0
7877 67.0
7878 67.0
7879 67.0
7880 67.0
7881 67.0
7882 67.0
7883 67.0
7884 67.0
7885 67.0
7886 67.0
7887 67.0
7888 67.0
7889 67.0
7890 67.0
7891 67.0
7892 67.0
7893 67.0
7894 67.0
7895 67.0
7896 67.0
7897 67.0
7898 67.0
7899 67.0
7900 67.0
7901 67.0
7902 67.0
7903 67.0
7904 67.0
7905 67.0
7906 67.0
7907 67.0
7908 67.0
7909 67.0
7910 67.0
7911 67.0
7912 67.0
7913 67.0
7914 67.0
7915 67.0
7916 67.0
7917 67.0
7918 67.0
7919 67.0
7920 67.0
7921 67.0
7922 67.0
7923 67.0
7924 67.0
7925 67.0
7926 67.0
7927 67.0
7928 67.0
7929 67.0
7930 67.0
7931 67.0
7932 67.0
7933 67.0
7934 67.0
7935 67.0
7936 67.0
7937 67.0
7938 67.0
7939 67.0
7940 67.0
7941 67.0
7942 67.0
7943 67.0
7944 67.0
7945 67.0
7946 67.0
7947 67.0
7948 67.0
7949 67.0
7950 67.0
7951 67.0
7952 67.0
7953 67.0
7954 67.0
7955 67.0
7956 67.0
7957 67.0
7958 67.0
7959 67.0
7960 67.0
7961 67.0
7962 67.0
7963 67.0
7964 67.0
7965 67.0
7966 67.0
7967 67.0
7968 67.0
7969 67.0
7970 67.0
7971 67.0
7972 67.0
7973 67.0
7974 67.0
7975 67.0
7976 67.0
7977 67.0
7978 67.0
7979 67.0
7980 67.0
7981 67.0
7982 67.0
7983 67.0
7984 67.0
7985 67.0
7986 67.0
7987 67.0
7988 67.0
7989 67.0
7990 67.0
7991 67.0
7992 67.0
7993 67.0
7994 67.0
7995 67.0
7996 67.0
7997 67.0
7998 67.0
7999 67.0
8000 67.0
8001 67.0
8002 67.0
8003 67.0
8004 67.0
8005 67.0
8006 67.0
8007 67.0
8008 67.0
8009 67.0
8010 67.0
8011 67.0
8012 67.0
8013 67.0
8014 67.0
8015 67.0
8016 67.0
8017 67.0
8018 67.0
8019 67.0
8020 67.0
8021 67.0
8022 67.0
8023 67.0
8024 67.0
8025 67.0
8026 67.0
8027 67.0
8028 67.0
8029 67.0
8030 67.0
8031 67.0
8032 67.0
8033 67.0
8034 67.0
8035 67.0
8036 67.0
8037 67.0
8038 67.0
8039 67.0
8040 67.0
8041 67.0
8042 67.0
8043 67.0
8044 67.0
8045 67.0
8046 67.0
8047 67.0
8048 67.0
8049 67.0
8050 67.0
8051 67.0
8052 67.0
8053 67.0
8054 67.0
8055 67.0
8056 67.0
8057 67.0
8058 67.0
8059 67.0
8060 67.0
8061 67.0
8062 67.0
8063 67.0
8064 67.0
8065 67.0
8066 67.0
8067 67.0
8068 67.0
8069 67.0
8070 67.0
8071 67.0
8072 67.0
8073 67.0
8074 67.0
8075 67.0
8076 67.0
8077 67.0
8078 67.0
8079 67.0
8080 67.0
8081 67.0
8082 67.0
8083 67.0
8084 67.0
8085 67.0
8086 67.0
8087 67.0
8088 67.0
8089 67.0
8090 67.0
8091 67.0
8092 67.0
8093 67.0
8094 67.0
8095 67.0
8096 67.0
8097 67.0
8098 67.0
8099 67.0
8100 67.0
8101 67.0
8102 67.0
8103 67.0
8104 67.0
8105 67.0
8106 67.0
8107 67.0
8108 67.0
8109 67.0
8110 67.0
8111 67.0
8112 67.0
8113 67.0
8114 67.0
8115 67.0
8116 67.0
8117 67.0
8118 67.0
8119 67.0
8120 67.0
8121 67.0
8122 67.0
8123 67.0
8124 67.0
8125 67.0
8126 67.0
8127 67.0
8128 67.0
8129 67.0
8130 67.0
8131 67.0
8132 67.0
8133 67.0
8134 67.0
8135 67.0
8136 67.0
8137 67.0
8138 67.0
8139 67.0
8140 67.0
8141 67.0
8142 67.0
8143 67.0
8144 67.0
8145 67.0
8146 67.0
8147 67.0
8148 67.0
8149 67.0
8150 67.0
8151 67.0
8152 67.0
8153 67.0
8154 67.0
8155 67.0
8156 67.0
8157 67.0
8158 67.0
8159 67.0
8160 67.0
8161 67.0
8162 67.0
8163 67.0
8164 67.0
8165 67.0
8166 67.0
8167 67.0
8168 67.0
8169 67.0
8170 67.0
8171 67.0
8172 67.0
8173 67.0
8174 67.0
8175 67.0
8176 67.0
8177 67.0
8178 67.0
8179 67.0
8180 67.0
8181 67.0
8182 67.0
8183 67.0
8184 67.0
8185 67.0
8186 67.0
8187 67.0
8188 67.0
8189 67.0
8190 67.0
8191 67.0
8192 67.0
8193 67.0
8194 67.0
8195 67.0
8196 67.0
8197 67.0
8198 67.0
8199 67.0
8200 67.0
8201 67.0
8202 67.0
8203 67.0
8204 67.0
8205 67.0
8206 67.0
8207 67.0
8208 67.0
8209 67.0
8210 67.0
8211 67.0
8212 67.0
8213 67.0
8214 67.0
8215 67.0
8216 67.0
8217 67.0
8218 67.0
8219 67.0
8220 67.0
8221 67.0
8222 67.0
8223 67.0
8224 67.0
8225 67.0
8226 67.0
8227 67.0
8228 67.0
8229 67.0
8230 67.0
8231 67.0
8232 67.0
8233 67.0
8234 67.0
8235 67.0
8236 67.0
8237 67.0
8238 67.0
8239 67.0
8240 67.0
8241 67.0
8242 67.0
8243 67.0
8244 67.0
8245 67.0
8246 67.0
8247 67.0
8248 67.0
8249 67.0
8250 67.0
8251 67.0
8252 67.0
8253 67.0
8254 67.0
8255 67.0
8256 67.0
8257 67.0
8258 67.0
8259 67.0
8260 67.0
8261 67.0
8262 67.0
8263 67.0
8264 67.0
8265 67.0
8266 67.0
8267 67.0
8268 67.0
8269 67.0
8270 67.0
8271 67.0
8272 67.0
8273 67.0
8274 67.0
8275 67.0
8276 67.0
8277 67.0
8278 67.0
8279 67.0
8280 67.0
8281 67.0
8282 67.0
8283 67.0
8284 67.0
8285 67.0
8286 67.0
8287 67.0
8288 67.0
8289 67.0
8290 67.0
8291 67.0
8292 67.0
8293 67.0
8294 67.0
8295 67.0
8296 67.0
8297 67.0
8298 67.0
8299 67.0
8300 67.0
8301 67.0
8302 67.0
8303 67.0
8304 67.0
8305 67.0
8306 67.0
8307 67.0
8308 67.0
8309 67.0
8310 67.0
8311 67.0
8312 67.0
8313 67.0
8314 67.0
8315 67.0
8316 67.0
8317 67.0
8318 67.0
8319 67.0
8320 67.0
8321 67.0
8322 67.0
8323 67.0
8324 67.0
8325 67.0
8326 67.0
8327 67.0
8328 67.0
8329 67.0
8330 67.0
8331 67.0
8332 67.0
8333 67.0
8334 67.0
8335 67.0
8336 67.0
8337 67.0
8338 67.0
8339 67.0
8340 67.0
8341 67.0
8342 67.0
8343 67.0
8344 67.0
8345 67.0
8346 67.0
8347 67.0
8348 67.0
8349 67.0
8350 67.0
8351 67.0
8352 67.0
8353 67.0
8354 67.0
8355 67.0
8356 67.0
8357 67.0
8358 67.0
8359 67.0
8360 67.0
8361 67.0
8362 67.0
8363 67.0
8364 67.0
8365 67.0
8366 67.0
8367 67.0
8368 67.0
8369 67.0
8370 67.0
8371 67.0
8372 67.0
8373 67.0
8374 67.0
8375 67.0
8376 67.0
8377 67.0
8378 67.0
8379 67.0
8380 67.0
8381 67.0
8382 67.0
8383 67.0
8384 67.0
8385 67.0
8386 67.0
8387 67.0
8388 67.0
8389 67.0
8390 67.0
8391 67.0
8392 67.0
8393 67.0
8394 67.0
8395 67.0
8396 67.0
8397 67.0
8398 67.0
8399 67.0
8400 67.0
8401 67.0
8402 67.0
8403 67.0
8404 67.0
8405 67.0
8406 67.0
8407 67.0
8408 67.0
8409 67.0
8410 67.0
8411 67.0
8412 67.0
8413 67.0
8414 67.0
8415 67.0
8416 67.0
8417 67.0
8418 67.0
8419 67.0
8420 67.0
8421 67.0
8422 67.0
8423 67.0
8424 67.0
8425 67.0
8426 67.0
8427 67.0
8428 67.0
8429 67.0
8430 67.0
8431 67.0
8432 67.0
8433 67.0
8434 67.0
8435 67.0
8436 67.0
8437 67.0
8438 67.0
8439 67.0
8440 67.0
8441 67.0
8442 67.0
8443 67.0
8444 67.0
8445 67.0
8446 67.0
8447 67.0
8448 67.0
8449 67.0
8450 67.0
8451 67.0
8452 67.0
8453 67.0
8454 67.0
8455 67.0
8456 67.0
8457 67.0
8458 67.0
8459 67.0
8460 67.0
8461 67.0
8462 67.0
8463 67.0
8464 67.0
8465 67.0
8466 67.0
8467 67.0
8468 67.0
8469 67.0
8470 67.0
8471 67.0
8472 67.0
8473 67.0
8474 67.0
8475 67.0
8476 67.0
8477 67.0
8478 67.0
8479 67.0
8480 67.0
8481 67.0
8482 67.0
8483 67.0
8484 67.0
8485 67.0
8486 67.0
8487 67.0
8488 67.0
8489 67.0
8490 67.0
8491 67.0
8492 67.0
8493 67.0
8494 67.0
8495 67.0
8496 67.0
8497 67.0
8498 67.0
8499 67.0
8500 67.0
8501 67.0
8502 67.0
8503 67.0
8504 67.0
8505 67.0
8506 67.0
8507 67.0
8508 67.0
8509 67.0
8510 67.0
8511 67.0
8512 67.0
8513 67.0
8514 67.0
8515 67.0
8516 67.0
8517 67.0
8518 67.0
8519 67.0
8520 67.0
8521 67.0
8522 67.0
8523 67.0
8524 67.0
8525 67.0
8526 67.0
8527 67.0
8528 67.0
8529 67.0
8530 67.0
8531 67.0
8532 67.0
8533 67.0
8534 67.0
8535 67.0
8536 67.0
8537 67.0
8538 67.0
8539 67.0
8540 67.0
8541 67.0
8542 67.0
8543 67.0
8544 67.0
8545 67.0
8546 67.0
8547 67.0
8548 67.0
8549 67.0
8550 67.0
8551 67.0
8552 67.0
8553 67.0
8554 67.0
8555 67.0
8556 67.0
8557 67.0
8558 67.0
8559 67.0
8560 67.0
8561 67.0
8562 67.0
8563 67.0
8564 67.0
8565 67.0
8566 67.0
8567 67.0
8568 67.0
8569 67.0
8570 67.0
8571 67.0
8572 67.0
8573 67.0
8574 67.0
8575 67.0
8576 67.0
8577 67.0
8578 67.0
8579 67.0
8580 67.0
8581 67.0
8582 67.0
8583 67.0
8584 67.0
8585 67.0
8586 67.0
8587 67.0
8588 67.0
8589 67.0
8590 67.0
8591 67.0
8592 67.0
8593 67.0
8594 67.0
8595 67.0
8596 67.0
8597 67.0
8598 67.0
8599 67.0
8600 67.0
8601 67.0
8602 67.0
8603 67.0
8604 67.0
8605 67.0
8606 67.0
8607 67.0
8608 67.0
8609 67.0
8610 67.0
8611 67.0
8612 67.0
8613 67.0
8614 67.0
8615 67.0
8616 67.0
8617 67.0
8618 67.0
8619 67.0
8620 67.0
8621 67.0
8622 67.0
8623 67.0
8624 67.0
8625 67.0
8626 67.0
8627 67.0
8628 67.0
8629 67.0
8630 67.0
8631 67.0
8632 67.0
8633 67.0
8634 67.0
8635 67.0
8636 67.0
8637 67.0
8638 67.0
8639 67.0
8640 67.0
8641 67.0
8642 67.0
8643 67.0
8644 67.0
8645 67.0
8646 67.0
8647 67.0
8648 67.0
8649 67.0
8650 67.0
8651 67.0
8652 67.0
8653 67.0
8654 67.0
8655 67.0
8656 67.0
8657 67.0
8658 67.0
8659 67.0
8660 67.0
8661 67.0
8662 67.0
8663 67.0
8664 67.0
8665 67.0
8666 67.0
8667 67.0
8668 67.0
8669 67.0
8670 67.0
8671 67.0
8672 67.0
8673 67.0
8674 67.0
8675 67.0
8676 67.0
8677 67.0
8678 67.0
8679 67.0
8680 67.0
8681 67.0
8682 67.0
8683 67.0
8684 67.0
8685 67.0
8686 67.0
8687 67.0
8688 67.0
8689 67.0
8690 67.0
8691 67.0
8692 67.0
8693 67.0
8694 67.0
8695 67.0
8696 67.0
8697 67.0
8698 67.0
8699 67.0
8700 67.0
8701 67.0
8702 67.0
8703 67.0
8704 67.0
8705 67.0
8706 67.0
8707 67.0
8708 67.0
8709 67.0
8710 67.0
8711 67.0
8712 67.0
8713 67.0
8714 67.0
8715 67.0
8716 67.0
8717 67.0
8718 67.0
8719 67.0
8720 67.0
8721 67.0
8722 67.0
8723 67.0
8724 67.0
8725 67.0
8726 67.0
8727 67.0
8728 67.0
8729 67.0
8730 67.0
8731 67.0
8732 67.0
8733 67.0
8734 67.0
8735 67.0
8736 67.0
8737 67.0
8738 67.0
8739 67.0
8740 67.0
8741 67.0
8742 67.0
8743 67.0
8744 67.0
8745 67.0
8746 67.0
8747 67.0
8748 67.0
8749 67.0
8750 67.0
8751 67.0
8752 67.0
8753 67.0
8754 67.0
8755 67.0
8756 67.0
8757 67.0
8758 67.0
8759 67.0
8760 67.0
8761 67.0
8762 67.0
8763 67.0
8764 67.0
8765 67.0
8766 67.0
8767 67.0
8768 67.0
8769 67.0
8770 67.0
8771 67.0
8772 67.0
8773 67.0
8774 67.0
8775 67.0
8776 67.0
8777 67.0
8778 67.0
8779 67.0
8780 67.0
8781 67.0
8782 67.0
8783 67.0
8784 67.0
8785 67.0
8786 67.0
8787 67.0
8788 67.0
8789 67.0
8790 67.0
8791 67.0
8792 67.0
8793 67.0
8794 67.0
8795 67.0
8796 67.0
8797 67.0
8798 67.0
8799 67.0
8800 67.0
8801 67.0
8802 67.0
8803 67.0
8804 67.0
8805 67.0
8806 67.0
8807 67.0
8808 67.0
8809 67.0
8810 67.0
8811 67.0
8812 67.0
8813 67.0
8814 67.0
8815 67.0
8816 67.0
8817 67.0
8818 67.0
8819 67.0
8820 67.0
8821 67.0
8822 67.0
8823 67.0
8824 67.0
8825 67.0
8826 67.0
8827 67.0
8828 67.0
8829 67.0
8830 67.0
8831 67.0
8832 67.0
8833 67.0
8834 67.0
8835 67.0
8836 67.0
8837 67.0
8838 67.0
8839 67.0
8840 67.0
8841 67.0
8842 67.0
8843 67.0
8844 67.0
8845 67.0
8846 67.0
8847 67.0
8848 67.0
8849 67.0
8850 67.0
8851 67.0
8852 67.0
8853 67.0
8854 67.0
8855 67.0
8856 67.0
8857 67.0
8858 67.0
8859 67.0
8860 67.0
8861 67.0
8862 67.0
8863 67.0
8864 67.0
8865 67.0
8866 67.0
8867 67.0
8868 67.0
8869 67.0
8870 67.0
8871 67.0
8872 67.0
8873 67.0
8874 67.0
8875 67.0
8876 67.0
8877 67.0
8878 67.0
8879 67.0
8880 67.0
8881 67.0
8882 67.0
8883 67.0
8884 67.0
8885 67.0
8886 67.0
8887 67.0
8888 67.0
8889 67.0
8890 67.0
8891 67.0
8892 67.0
8893 67.0
8894 67.0
8895 67.0
8896 67.0
8897 67.0
8898 67.0
8899 67.0
8900 67.0
8901 67.0
8902 67.0
8903 67.0
8904 67.0
8905 67.0
8906 67.0
8907 67.0
8908 67.0
8909 67.0
8910 67.0
8911 67.0
8912 67.0
8913 67.0
8914 67.0
8915 67.0
8916 67.0
8917 67.0
8918 67.0
8919 67.0
8920 67.0
8921 67.0
8922 67.0
8923 67.0
8924 67.0
8925 67.0
8926 67.0
8927 67.0
8928 67.0
8929 67.0
8930 67.0
8931 67.0
8932 67.0
8933 67.0
8934 67.0
8935 67.0
8936 67.0
8937 67.0
8938 67.0
8939 67.0
8940 67.0
8941 67.0
8942 67.0
8943 67.0
8944 67.0
8945 67.0
8946 67.0
8947 67.0
8948 67.0
8949 67.0
8950 67.0
8951 67.0
8952 67.0
8953 67.0
8954 67.0
8955 67.0
8956 67.0
8957 67.0
8958 67.0
8959 67.0
8960 67.0
8961 67.0
8962 67.0
8963 67.0
8964 67.0
8965 67.0
8966 67.0
8967 67.0
8968 67.0
8969 67.0
8970 67.0
8971 67.0
8972 67.0
8973 67.0
8974 67.0
8975 67.0
8976 67.0
8977 67.0
8978 67.0
8979 67.0
8980 67.0
8981 67.0
8982 67.0
8983 67.0
8984 67.0
8985 67.0
8986 67.0
8987 67.0
8988 67.0
8989 67.0
8990 67.0
8991 67.0
8992 67.0
8993 67.0
8994 67.0
8995 67.0
8996 67.0
8997 67.0
8998 67.0
8999 67.0
9000 67.0
9001 67.0
9002 67.0
9003 67.0
9004 67.0
9005 67.0
9006 67.0
9007 67.0
9008 67.0
9009 67.0
9010 67.0
9011 67.0
9012 67.0
9013 67.0
9014 67.0
9015 67.0
9016 67.0
9017 67.0
9018 67.0
9019 67.0
9020 67.0
9021 67.0
9022 67.0
9023 67.0
9024 67.0
9025 67.0
9026 67.0
9027 67.0
9028 67.0
9029 67.0
9030 67.0
9031 67.0
9032 67.0
9033 67.0
9034 67.0
9035 67.0
9036 67.0
9037 67.0
9038 67.0
9039 67.0
9040 67.0
9041 67.0
9042 67.0
9043 67.0
9044 67.0
9045 67.0
9046 67.0
9047 67.0
9048 67.0
9049 67.0
9050 67.0
9051 67.0
9052 67.0
9053 67.0
9054 67.0
9055 67.0
9056 67.0
9057 67.0
9058 67.0
9059 67.0
9060 67.0
9061 67.0
9062 67.0
9063 67.0
9064 67.0
9065 67.0
9066 67.0
9067 67.0
9068 67.0
9069 67.0
9070 67.0
9071 67.0
9072 67.0
9073 67.0
9074 67.0
9075 67.0
9076 67.0
9077 67.0
9078 67.0
9079 67.0
9080 67.0
9081 67.0
9082 67.0
9083 67.0
9084 67.0
9085 67.0
9086 67.0
9087 67.0
9088 67.0
9089 67.0
9090 67.0
9091 67.0
9092 67.0
9093 67.0
9094 67.0
9095 67.0
9096 67.0
9097 67.0
9098 67.0
9099 67.0
9100 67.0
9101 67.0
9102 67.0
9103 67.0
9104 67.0
9105 67.0
9106 67.0
9107 67.0
9108 67.0
9109 67.0
9110 67.0
9111 67.0
9112 67.0
9113 67.0
9114 67.0
9115 67.0
9116 67.0
9117 67.0
9118 67.0
9119 67.0
9120 67.0
9121 67.0
9122 67.0
9123 67.0
9124 67.0
9125 67.0
9126 67.0
9127 67.0
9128 67.0
9129 67.0
9130 67.0
9131 67.0
9132 67.0
9133 67.0
9134 67.0
9135 67.0
9136 67.0
9137 67.0
9138 67.0
9139 67.0
9140 67.0
9141 67.0
9142 67.0
9143 67.0
9144 67.0
9145 67.0
9146 67.0
9147 67.0
9148 67.0
9149 67.0
9150 67.0
9151 67.0
9152 67.0
9153 67.0
9154 67.0
9155 67.0
9156 67.0
9157 67.0
9158 67.0
9159 67.0
9160 67.0
9161 67.0
9162 67.0
9163 67.0
9164 67.0
9165 67.0
9166 67.0
9167 67.0
9168 67.0
9169 67.0
9170 67.0
9171 67.0
9172 67.0
9173 67.0
9174 67.0
9175 67.0
9176 67.0
9177 67.0
9178 67.0
9179 67.0
9180 67.0
9181 67.0
9182 67.0
9183 67.0
9184 67.0
9185 67.0
9186 67.0
9187 67.0
9188 67.0
9189 67.0
9190 67.0
9191 67.0
9192 67.0
9193 67.0
9194 67.0
9195 67.0
9196 67.0
9197 67.0
9198 67.0
9199 67.0
9200 67.0
9201 67.0
9202 67.0
9203 67.0
9204 67.0
9205 67.0
9206 67.0
9207 67.0
9208 67.0
9209 67.0
9210 67.0
9211 67.0
9212 67.0
9213 67.0
9214 67.0
9215 67.0
9216 67.0
9217 67.0
9218 67.0
9219 67.0
9220 67.0
9221 67.0
9222 67.0
9223 67.0
9224 67.0
9225 67.0
9226 67.0
9227 67.0
9228 67.0
9229 67.0
9230 67.0
9231 67.0
9232 67.0
9233 67.0
9234 67.0
9235 67.0
9236 67.0
9237 67.0
9238 67.0
9239 67.0
9240 67.0
9241 67.0
9242 67.0
9243 67.0
9244 67.0
9245 67.0
9246 67.0
9247 67.0
9248 67.0
9249 67.0
9250 67.0
9251 67.0
9252 67.0
9253 67.0
9254 67.0
9255 67.0
9256 67.0
9257 67.0
9258 67.0
9259 67.0
9260 67.0
9261 67.0
9262 67.0
9263 67.0
9264 67.0
9265 67.0
9266 67.0
9267 67.0
9268 67.0
9269 67.0
9270 67.0
9271 67.0
9272 67.0
9273 67.0
9274 67.0
9275 67.0
9276 67.0
9277 67.0
9278 67.0
9279 67.0
9280 67.0
9281 67.0
9282 67.0
9283 67.0
9284 67.0
9285 67.0
9286 67.0
9287 67.0
9288 67.0
9289 67.0
9290 67.0
9291 67.0
9292 67.0
9293 67.0
9294 67.0
9295 67.0
9296 67.0
9297 67.0
9298 67.0
9299 67.0
9300 67.0
9301 67.0
9302 67.0
9303 67.0
9304 67.0
9305 67.0
9306 67.0
9307 67.0
9308 67.0
9309 67.0
9310 67.0
9311 67.0
9312 67.0
9313 67.0
9314 67.0
9315 67.0
9316 67.0
9317 67.0
9318 67.0
9319 67.0
9320 67.0
9321 67.0
9322 67.0
9323 67.0
9324 67.0
9325 67.0
9326 67.0
9327 67.0
9328 67.0
9329 67.0
9330 67.0
9331 67.0
9332 67.0
9333 67.0
9334 67.0
9335 67.0
9336 67.0
9337 67.0
9338 67.0
9339 67.0
9340 67.0
9341 67.0
9342 67.0
9343 67.0
9344 67.0
9345 67.0
9346 67.0
9347 67.0
9348 67.0
9349 67.0
9350 67.0
9351 67.0
9352 67.0
9353 67.0
9354 67.0
9355 67.0
9356 67.0
9357 67.0
9358 67.0
9359 67.0
9360 67.0
9361 67.0
9362 67.0
9363 67.0
9364 67.0
9365 67.0
9366 67.0
9367 67.0
9368 67.0
9369 67.0
9370 67.0
9371 67.0
9372 67.0
9373 67.0
9374 67.0
9375 67.0
9376 67.0
9377 67.0
9378 67.0
9379 67.0
9380 67.0
9381 67.0
9382 67.0
9383 67.0
9384 67.0
9385 67.0
9386 67.0
9387 67.0
9388 67.0
9389 67.0
9390 67.0
9391 67.0
9392 67.0
9393 67.0
9394 67.0
9395 67.0
9396 67.0
9397 67.0
9398 67.0
9399 67.0
9400 67.0
9401 67.0
9402 67.0
9403 67.0
9404 67.0
9405 67.0
9406 67.0
9407 67.0
9408 67.0
9409 67.0
9410 67.0
9411 67.0
9412 67.0
9413 67.0
9414 67.0
9415 67.0
9416 67.0
9417 67.0
9418 67.0
9419 67.0
9420 67.0
9421 67.0
9422 67.0
9423 67.0
9424 67.0
9425 67.0
9426 67.0
9427 67.0
9428 67.0
9429 67.0
9430 67.0
9431 67.0
9432 67.0
9433 67.0
9434 67.0
9435 67.0
9436 67.0
9437 67.0
9438 67.0
9439 67.0
9440 67.0
9441 67.0
9442 67.0
9443 67.0
9444 67.0
9445 67.0
9446 67.0
9447 67.0
9448 67.0
9449 67.0
9450 67.0
9451 67.0
9452 67.0
9453 67.0
9454 67.0
9455 67.0
9456 67.0
9457 67.0
9458 67.0
9459 67.0
9460 67.0
9461 67.0
9462 67.0
9463 67.0
9464 67.0
9465 67.0
9466 67.0
9467 67.0
9468 67.0
9469 67.0
9470 67.0
9471 67.0
9472 67.0
9473 67.0
9474 67.0
9475 67.0
9476 67.0
9477 67.0
9478 67.0
9479 67.0
9480 67.0
9481 67.0
9482 67.0
9483 67.0
9484 67.0
9485 67.0
9486 67.0
9487 67.0
9488 67.0
9489 67.0
9490 67.0
9491 67.0
9492 67.0
9493 67.0
9494 67.0
9495 67.0
9496 67.0
9497 67.0
9498 67.0
9499 67.0
9500 67.0
9501 67.0
9502 67.0
9503 67.0
9504 67.0
9505 67.0
9506 67.0
9507 67.0
9508 67.0
9509 67.0
9510 67.0
9511 67.0
9512 67.0
9513 67.0
9514 67.0
9515 67.0
9516 67.0
9517 67.0
9518 67.0
9519 67.0
9520 67.0
9521 67.0
9522 67.0
9523 67.0
9524 67.0
9525 67.0
9526 67.0
9527 67.0
9528 67.0
9529 67.0
9530 67.0
9531 67.0
9532 67.0
9533 67.0
9534 67.0
9535 67.0
9536 67.0
9537 67.0
9538 67.0
9539 67.0
9540 67.0
9541 67.0
9542 67.0
9543 67.0
9544 67.0
9545 67.0
9546 67.0
9547 67.0
9548 67.0
9549 67.0
9550 67.0
9551 67.0
9552 67.0
9553 67.0
9554 67.0
9555 67.0
9556 67.0
9557 67.0
9558 67.0
9559 67.0
9560 67.0
9561 67.0
9562 67.0
9563 67.0
9564 67.0
9565 67.0
9566 67.0
9567 67.0
9568 67.0
9569 67.0
9570 67.0
9571 67.0
9572 67.0
9573 67.0
9574 67.0
9575 67.0
9576 67.0
9577 67.0
9578 67.0
9579 67.0
9580 67.0
9581 67.0
9582 67.0
9583 67.0
9584 67.0
9585 67.0
9586 67.0
9587 67.0
9588 67.0
9589 67.0
9590 67.0
9591 67.0
9592 67.0
9593 67.0
9594 67.0
9595 67.0
9596 67.0
9597 67.0
9598 67.0
9599 67.0
9600 67.0
9601 67.0
9602 67.0
9603 67.0
9604 67.0
9605 67.0
9606 67.0
9607 67.0
9608 67.0
9609 67.0
9610 67.0
9611 67.0
9612 67.0
9613 67.0
9614 67.0
9615 67.0
9616 67.0
9617 67.0
9618 67.0
9619 67.0
9620 67.0
9621 67.0
9622 67.0
9623 67.0
9624 67.0
9625 67.0
9626 67.0
9627 67.0
9628 67.0
9629 67.0
9630 67.0
9631 67.0
9632 67.0
9633 67.0
9634 67.0
9635 67.0
9636 67.0
9637 67.0
9638 67.0
9639 67.0
9640 67.0
9641 67.0
9642 67.0
9643 67.0
9644 67.0
9645 67.0
9646 67.0
9647 67.0
9648 67.0
9649 67.0
9650 67.0
9651 67.0
9652 67.0
9653 67.0
9654 67.0
9655 67.0
9656 67.0
9657 67.0
9658 67.0
9659 67.0
9660 67.0
9661 67.0
9662 67.0
9663 67.0
9664 67.0
9665 67.0
9666 67.0
9667 67.0
9668 67.0
9669 67.0
9670 67.0
9671 67.0
9672 67.0
9673 67.0
9674 67.0
9675 67.0
9676 67.0
9677 67.0
9678 67.0
9679 67.0
9680 67.0
9681 67.0
9682 67.0
9683 67.0
9684 67.0
9685 67.0
9686 67.0
9687 67.0
9688 67.0
9689 67.0
9690 67.0
9691 67.0
9692 67.0
9693 67.0
9694 67.0
9695 67.0
9696 67.0
9697 67.0
9698 67.0
9699 67.0
9700 67.0
9701 67.0
9702 67.0
9703 67.0
9704 67.0
9705 67.0
9706 67.0
9707 67.0
9708 67.0
9709 67.0
9710 67.0
9711 67.0
9712 67.0
9713 67.0
9714 67.0
9715 67.0
9716 67.0
9717 67.0
9718 67.0
9719 67.0
9720 67.0
9721 67.0
9722 67.0
9723 67.0
9724 67.0
9725 67.0
9726 67.0
9727 67.0
9728 67.0
9729 67.0
9730 67.0
9731 67.0
9732 67.0
9733 67.0
9734 67.0
9735 67.0
9736 67.0
9737 67.0
9738 67.0
9739 67.0
9740 67.0
9741 67.0
9742 67.0
9743 67.0
9744 67.0
9745 67.0
9746 67.0
9747 67.0
9748 67.0
9749 67.0
9750 67.0
9751 67.0
9752 67.0
9753 67.0
9754 67.0
9755 67.0
9756 67.0
9757 67.0
9758 67.0
9759 67.0
9760 67.0
9761 67.0
9762 67.0
9763 67.0
9764 67.0
9765 67.0
9766 67.0
9767 67.0
9768 67.0
9769 67.0
9770 67.0
9771 67.0
9772 67.0
9773 67.0
9774 67.0
9775 67.0
9776 67.0
9777 67.0
9778 67.0
9779 67.0
9780 67.0
9781 67.0
9782 67.0
9783 67.0
9784 67.0
9785 67.0
9786 67.0
9787 67.0
9788 67.0
9789 67.0
9790 67.0
9791 67.0
9792 67.0
9793 67.0
9794 67.0
9795 67.0
9796 67.0
9797 67.0
9798 67.0
9799 67.0
9800 67.0
9801 67.0
9802 67.0
9803 67.0
9804 67.0
9805 67.0
9806 67.0
9807 67.0
9808 67.0
9809 67.0
9810 67.0
9811 67.0
9812 67.0
9813 67.0
9814 67.0
9815 67.0
9816 67.0
9817 67.0
9818 67.0
9819 67.0
9820 67.0
9821 67.0
9822 67.0
9823 67.0
9824 67.0
9825 67.0
9826 67.0
9827 67.0
9828 67.0
9829 67.0
9830 67.0
9831 67.0
9832 67.0
9833 67.0
9834 67.0
9835 67.0
9836 67.0
9837 67.0
9838 67.0
9839 67.0
9840 67.0
9841 67.0
9842 67.0
9843 67.0
9844 67.0
9845 67.0
9846 67.0
9847 67.0
9848 67.0
9849 67.0
9850 67.0
9851 67.0
9852 67.0
9853 67.0
9854 67.0
9855 67.0
9856 67.0
9857 67.0
9858 67.0
9859 67.0
9860 67.0
9861 67.0
9862 67.0
9863 67.0
9864 67.0
9865 67.0
9866 67.0
9867 67.0
9868 67.0
9869 67.0
9870 67.0
9871 67.0
9872 67.0
9873 67.0
9874 67.0
9875 67.0
9876 67.0
9877 67.0
9878 67.0
9879 67.0
9880 67.0
9881 67.0
9882 67.0
9883 67.0
9884 67.0
9885 67.0
9886 67.0
9887 67.0
9888 67.0
9889 67.0
9890 67.0
9891 67.0
9892 67.0
9893 67.0
9894 67.0
9895 67.0
9896 67.0
9897 67.0
9898 67.0
9899 67.0
9900 67.0
9901 67.0
9902 67.0
9903 67.0
9904 67.0
9905 67.0
9906 67.0
9907 67.0
9908 67.0
9909 67.0
9910 67.0
9911 67.0
9912 67.0
9913 67.0
9914 67.0
9915 67.0
9916 67.0
9917 67.0
9918 67.0
9919 67.0
9920 67.0
9921 67.0
9922 67.0
9923 67.0
9924 67.0
9925 67.0
9926 67.0
9927 67.0
9928 67.0
9929 67.0
9930 67.0
9931 67.0
9932 67.0
9933 67.0
9934 67.0
9935 67.0
9936 67.0
9937 67.0
9938 67.0
9939 67.0
9940 67.0
9941 67.0
9942 67.0
9943 67.0
9944 67.0
9945 67.0
9946 67.0
9947 67.0
9948 67.0
9949 67.0
9950 67.0
9951 67.0
9952 67.0
9953 67.0
9954 67.0
9955 67.0
9956 67.0
9957 67.0
9958 67.0
9959 67.0
9960 67.0
9961 67.0
9962 67.0
9963 67.0
9964 67.0
9965 67.0
9966 67.0
9967 67.0
9968 67.0
9969 67.0
9970 67.0
9971 67.0
9972 67.0
9973 67.0
9974 67.0
9975 67.0
9976 67.0
9977 67.0
9978 67.0
9979 67.0
9980 67.0
9981 67.0
9982 67.0
9983 67.0
9984 67.0
9985 67.0
9986 67.0
9987 67.0
9988 67.0
9989 67.0
9990 67.0
9991 67.0
9992 67.0
9993 67.0
9994 67.0
9995 67.0
9996 67.0
9997 67.0
9998 67.0
9999 67.0
10000 67.0
10001 67.0
10002 67.0
10003 67.0
10004 67.0
10005 67.0
10006 67.0
10007 67.0
10008 67.0
10009 67.0
10010 67.0
10011 67.0
10012 67.0
10013 67.0
10014 67.0
10015 67.0
10016 67.0
