evaluations raw_y
1 -1939.0000000000
3 -1938.0000000000
9 -1937.0000000000
11 -1936.0000000000
16 -1935.0000000000
20 -1934.0000000000
21 -1933.0000000000
26 -1932.0000000000
28 -1931.0000000000
32 -1930.0000000000
36 -1929.0000000000
37 -1928.0000000000
38 -1927.0000000000
40 -1926.0000000000
41 -1925.0000000000
42 -1924.0000000000
45 -1923.0000000000
46 -1922.0000000000
48 -1921.0000000000
52 -1920.0000000000
53 -1919.0000000000
55 -1918.0000000000
56 -1917.0000000000
58 -1916.0000000000
61 -1915.0000000000
62 -1914.0000000000
63 -1913.0000000000
64 -1912.0000000000
68 -1911.0000000000
73 -1910.0000000000
74 -1909.0000000000
77 -1908.0000000000
87 -1907.0000000000
90 -1906.0000000000
91 -1905.0000000000
92 -1904.0000000000
93 -1903.0000000000
95 -1902.0000000000
96 -1901.0000000000
98 -1900.0000000000
99 -1899.0000000000
100 -1898.0000000000
103 -1897.0000000000
104 -1896.0000000000
105 -1895.0000000000
107 -1894.0000000000
108 -1893.0000000000
110 -1892.0000000000
111 -1891.0000000000
115 -1890.0000000000
117 -1889.0000000000
118 -1888.0000000000
119 -1887.0000000000
120 -1886.0000000000
121 -1885.0000000000
122 -1884.0000000000
123 -1883.0000000000
125 -1882.0000000000
129 -1881.0000000000
130 -1880.0000000000
136 -1879.0000000000
139 -1878.0000000000
142 -1877.0000000000
143 -1876.0000000000
144 -1875.0000000000
145 -1874.0000000000
152 -1873.0000000000
154 -1872.0000000000
156 -1871.0000000000
158 -1870.0000000000
160 -1869.0000000000
161 -1868.0000000000
163 -1867.0000000000
165 -1866.0000000000
168 -1865.0000000000
170 -1864.0000000000
172 -1863.0000000000
173 -1862.0000000000
174 -1861.0000000000
175 -1860.0000000000
176 -1859.0000000000
179 -1858.0000000000
180 -1857.0000000000
181 -1856.0000000000
182 -1855.0000000000
183 -1854.0000000000
191 -1853.0000000000
194 -1852.0000000000
197 -1851.0000000000
200 -1850.0000000000
203 -1849.0000000000
204 -1848.0000000000
206 -1847.0000000000
207 -1846.0000000000
209 -1845.0000000000
211 -1844.0000000000
213 -1843.0000000000
216 -1842.0000000000
220 -1841.0000000000
222 -1840.0000000000
223 -1839.0000000000
226 -1838.0000000000
227 -1837.0000000000
229 -1836.0000000000
232 -1835.0000000000
233 -1834.0000000000
234 -1833.0000000000
235 -1832.0000000000
236 -1831.0000000000
237 -1830.0000000000
239 -1829.0000000000
243 -1828.0000000000
244 -1827.0000000000
247 -1826.0000000000
248 -1825.0000000000
249 -1824.0000000000
250 -1823.0000000000
251 -1822.0000000000
252 -1821.0000000000
255 -1820.0000000000
259 -1819.0000000000
264 -1818.0000000000
265 -1817.0000000000
267 -1816.0000000000
270 -1815.0000000000
271 -1814.0000000000
273 -1813.0000000000
275 -1812.0000000000
280 -1811.0000000000
281 -1810.0000000000
282 -1809.0000000000
283 -1808.0000000000
284 -1807.0000000000
288 -1806.0000000000
289 -1805.0000000000
290 -1804.0000000000
292 -1803.0000000000
293 -1802.0000000000
294 -1801.0000000000
295 -1800.0000000000
297 -1799.0000000000
298 -1798.0000000000
302 -1797.0000000000
306 -1796.0000000000
307 -1795.0000000000
310 -1794.0000000000
312 -1793.0000000000
313 -1792.0000000000
314 -1791.0000000000
316 -1790.0000000000
317 -1789.0000000000
320 -1788.0000000000
326 -1787.0000000000
327 -1786.0000000000
329 -1785.0000000000
330 -1784.0000000000
333 -1783.0000000000
334 -1782.0000000000
335 -1781.0000000000
337 -1780.0000000000
338 -1779.0000000000
340 -1778.0000000000
343 -1777.0000000000
344 -1776.0000000000
345 -1775.0000000000
347 -1774.0000000000
349 -1773.0000000000
351 -1772.0000000000
352 -1771.0000000000
353 -1770.0000000000
358 -1769.0000000000
359 -1768.0000000000
363 -1767.0000000000
364 -1766.0000000000
367 -1765.0000000000
368 -1764.0000000000
369 -1763.0000000000
370 -1762.0000000000
372 -1761.0000000000
373 -1760.0000000000
375 -1759.0000000000
382 -1758.0000000000
386 -1757.0000000000
388 -1756.0000000000
389 -1755.0000000000
392 -1754.0000000000
394 -1753.0000000000
395 -1752.0000000000
396 -1751.0000000000
399 -1750.0000000000
403 -1749.0000000000
405 -1748.0000000000
407 -1747.0000000000
408 -1746.0000000000
414 -1745.0000000000
419 -1744.0000000000
422 -1743.0000000000
424 -1742.0000000000
425 -1741.0000000000
426 -1740.0000000000
427 -1739.0000000000
428 -1738.0000000000
429 -1737.0000000000
430 -1736.0000000000
436 -1735.0000000000
437 -1734.0000000000
439 -1733.0000000000
441 -1732.0000000000
442 -1731.0000000000
444 -1730.0000000000
445 -1729.0000000000
446 -1728.0000000000
450 -1727.0000000000
451 -1726.0000000000
452 -1725.0000000000
456 -1724.0000000000
458 -1723.0000000000
459 -1722.0000000000
460 -1721.0000000000
462 -1720.0000000000
463 -1719.0000000000
465 -1718.0000000000
467 -1717.0000000000
471 -1716.0000000000
473 -1715.0000000000
474 -1714.0000000000
479 -1713.0000000000
480 -1712.0000000000
484 -1711.0000000000
486 -1710.0000000000
487 -1709.0000000000
495 -1708.0000000000
496 -1707.0000000000
498 -1706.0000000000
502 -1705.0000000000
503 -1704.0000000000
504 -1703.0000000000
505 -1702.0000000000
511 -1701.0000000000
516 -1700.0000000000
518 -1699.0000000000
519 -1698.0000000000
521 -1697.0000000000
522 -1696.0000000000
525 -1695.0000000000
526 -1694.0000000000
527 -1693.0000000000
530 -1692.0000000000
535 -1691.0000000000
537 -1690.0000000000
538 -1689.0000000000
543 -1688.0000000000
545 -1687.0000000000
547 -1686.0000000000
548 -1685.0000000000
549 -1684.0000000000
550 -1683.0000000000
551 -1682.0000000000
554 -1681.0000000000
555 -1680.0000000000
556 -1679.0000000000
557 -1678.0000000000
558 -1677.0000000000
559 -1676.0000000000
562 -1675.0000000000
565 -1674.0000000000
570 -1673.0000000000
574 -1672.0000000000
577 -1671.0000000000
578 -1670.0000000000
581 -1669.0000000000
582 -1668.0000000000
583 -1667.0000000000
584 -1666.0000000000
587 -1665.0000000000
592 -1664.0000000000
593 -1663.0000000000
595 -1662.0000000000
597 -1661.0000000000
598 -1660.0000000000
600 -1659.0000000000
603 -1658.0000000000
604 -1657.0000000000
606 -1656.0000000000
607 -1655.0000000000
608 -1654.0000000000
612 -1653.0000000000
614 -1652.0000000000
615 -1651.0000000000
621 -1650.0000000000
622 -1649.0000000000
625 -1648.0000000000
626 -1647.0000000000
627 -1646.0000000000
630 -1645.0000000000
633 -1644.0000000000
634 -1643.0000000000
636 -1642.0000000000
637 -1641.0000000000
642 -1640.0000000000
643 -1639.0000000000
645 -1638.0000000000
646 -1637.0000000000
651 -1636.0000000000
655 -1635.0000000000
657 -1634.0000000000
658 -1633.0000000000
660 -1632.0000000000
661 -1631.0000000000
665 -1630.0000000000
669 -1629.0000000000
670 -1628.0000000000
671 -1627.0000000000
675 -1626.0000000000
680 -1625.0000000000
683 -1624.0000000000
684 -1623.0000000000
686 -1622.0000000000
689 -1621.0000000000
692 -1620.0000000000
695 -1619.0000000000
697 -1618.0000000000
698 -1617.0000000000
699 -1616.0000000000
701 -1615.0000000000
703 -1614.0000000000
706 -1613.0000000000
707 -1612.0000000000
708 -1611.0000000000
709 -1610.0000000000
710 -1609.0000000000
714 -1608.0000000000
718 -1607.0000000000
721 -1606.0000000000
725 -1605.0000000000
730 -1604.0000000000
732 -1603.0000000000
734 -1602.0000000000
742 -1601.0000000000
745 -1600.0000000000
748 -1599.0000000000
749 -1598.0000000000
750 -1597.0000000000
752 -1596.0000000000
756 -1595.0000000000
757 -1594.0000000000
758 -1593.0000000000
759 -1592.0000000000
761 -1591.0000000000
762 -1590.0000000000
763 -1589.0000000000
764 -1588.0000000000
765 -1587.0000000000
769 -1586.0000000000
770 -1585.0000000000
771 -1584.0000000000
773 -1583.0000000000
774 -1582.0000000000
775 -1581.0000000000
777 -1580.0000000000
778 -1579.0000000000
780 -1578.0000000000
785 -1577.0000000000
789 -1576.0000000000
790 -1575.0000000000
792 -1574.0000000000
793 -1573.0000000000
796 -1572.0000000000
798 -1571.0000000000
799 -1570.0000000000
800 -1569.0000000000
802 -1568.0000000000
811 -1567.0000000000
812 -1566.0000000000
815 -1565.0000000000
817 -1564.0000000000
818 -1563.0000000000
819 -1562.0000000000
822 -1561.0000000000
825 -1560.0000000000
828 -1559.0000000000
829 -1558.0000000000
830 -1557.0000000000
832 -1556.0000000000
834 -1555.0000000000
835 -1554.0000000000
840 -1553.0000000000
844 -1552.0000000000
845 -1551.0000000000
847 -1550.0000000000
852 -1549.0000000000
853 -1548.0000000000
856 -1547.0000000000
859 -1546.0000000000
862 -1545.0000000000
863 -1544.0000000000
865 -1543.0000000000
868 -1542.0000000000
870 -1541.0000000000
872 -1540.0000000000
875 -1539.0000000000
878 -1538.0000000000
879 -1537.0000000000
880 -1536.0000000000
881 -1535.0000000000
882 -1534.0000000000
883 -1533.0000000000
886 -1532.0000000000
889 -1531.0000000000
890 -1530.0000000000
893 -1529.0000000000
894 -1528.0000000000
896 -1527.0000000000
897 -1526.0000000000
898 -1525.0000000000
899 -1524.0000000000
909 -1523.0000000000
912 -1522.0000000000
918 -1521.0000000000
919 -1520.0000000000
920 -1519.0000000000
922 -1518.0000000000
924 -1517.0000000000
925 -1516.0000000000
926 -1515.0000000000
928 -1514.0000000000
932 -1513.0000000000
934 -1512.0000000000
936 -1511.0000000000
938 -1510.0000000000
944 -1509.0000000000
946 -1508.0000000000
952 -1507.0000000000
959 -1506.0000000000
960 -1505.0000000000
962 -1504.0000000000
963 -1503.0000000000
965 -1502.0000000000
967 -1501.0000000000
969 -1500.0000000000
972 -1499.0000000000
973 -1498.0000000000
975 -1497.0000000000
982 -1496.0000000000
983 -1495.0000000000
987 -1494.0000000000
988 -1493.0000000000
990 -1492.0000000000
995 -1491.0000000000
997 -1490.0000000000
999 -1489.0000000000
1000 -1488.0000000000
1002 -1487.0000000000
1003 -1486.0000000000
1006 -1485.0000000000
1008 -1484.0000000000
1011 -1483.0000000000
1012 -1482.0000000000
1013 -1481.0000000000
1014 -1480.0000000000
1016 -1479.0000000000
1019 -1478.0000000000
1021 -1477.0000000000
1024 -1476.0000000000
1026 -1475.0000000000
1031 -1474.0000000000
1032 -1473.0000000000
1039 -1472.0000000000
1042 -1471.0000000000
1044 -1470.0000000000
1049 -1469.0000000000
1050 -1468.0000000000
1052 -1467.0000000000
1053 -1466.0000000000
1056 -1465.0000000000
1057 -1464.0000000000
1060 -1463.0000000000
1061 -1462.0000000000
1062 -1461.0000000000
1065 -1460.0000000000
1066 -1459.0000000000
1067 -1458.0000000000
1072 -1457.0000000000
1075 -1456.0000000000
1076 -1455.0000000000
1080 -1454.0000000000
1083 -1453.0000000000
1085 -1452.0000000000
1089 -1451.0000000000
1092 -1450.0000000000
1097 -1449.0000000000
1099 -1448.0000000000
1101 -1447.0000000000
1102 -1446.0000000000
1109 -1445.0000000000
1111 -1444.0000000000
1113 -1443.0000000000
1114 -1442.0000000000
1120 -1441.0000000000
1122 -1440.0000000000
1124 -1439.0000000000
1126 -1438.0000000000
1129 -1437.0000000000
1133 -1436.0000000000
1134 -1435.0000000000
1140 -1434.0000000000
1143 -1433.0000000000
1144 -1432.0000000000
1145 -1431.0000000000
1146 -1430.0000000000
1147 -1429.0000000000
1148 -1428.0000000000
1151 -1427.0000000000
1152 -1426.0000000000
1153 -1425.0000000000
1154 -1424.0000000000
1156 -1423.0000000000
1164 -1422.0000000000
1165 -1421.0000000000
1167 -1420.0000000000
1170 -1419.0000000000
1171 -1418.0000000000
1173 -1417.0000000000
1174 -1416.0000000000
1175 -1415.0000000000
1176 -1414.0000000000
1177 -1413.0000000000
1178 -1412.0000000000
1181 -1411.0000000000
1182 -1410.0000000000
1184 -1409.0000000000
1185 -1408.0000000000
1187 -1407.0000000000
1192 -1406.0000000000
1195 -1405.0000000000
1196 -1404.0000000000
1199 -1403.0000000000
1205 -1402.0000000000
1207 -1401.0000000000
1209 -1400.0000000000
1210 -1399.0000000000
1213 -1398.0000000000
1217 -1397.0000000000
1223 -1396.0000000000
1224 -1395.0000000000
1227 -1394.0000000000
1229 -1393.0000000000
1236 -1392.0000000000
1237 -1391.0000000000
1239 -1390.0000000000
1241 -1389.0000000000
1243 -1388.0000000000
1245 -1387.0000000000
1248 -1386.0000000000
1250 -1385.0000000000
1251 -1384.0000000000
1253 -1383.0000000000
1254 -1382.0000000000
1255 -1381.0000000000
1256 -1380.0000000000
1257 -1379.0000000000
1266 -1378.0000000000
1271 -1377.0000000000
1272 -1376.0000000000
1274 -1375.0000000000
1278 -1374.0000000000
1282 -1373.0000000000
1283 -1372.0000000000
1286 -1371.0000000000
1293 -1370.0000000000
1294 -1369.0000000000
1297 -1368.0000000000
1298 -1367.0000000000
1299 -1366.0000000000
1302 -1365.0000000000
1303 -1364.0000000000
1305 -1363.0000000000
1315 -1362.0000000000
1316 -1361.0000000000
1318 -1360.0000000000
1321 -1359.0000000000
1322 -1358.0000000000
1327 -1357.0000000000
1330 -1356.0000000000
1333 -1355.0000000000
1334 -1354.0000000000
1339 -1353.0000000000
1341 -1352.0000000000
1350 -1351.0000000000
1352 -1350.0000000000
1353 -1349.0000000000
1356 -1348.0000000000
1363 -1347.0000000000
1366 -1346.0000000000
1369 -1345.0000000000
1382 -1344.0000000000
1388 -1343.0000000000
1390 -1342.0000000000
1397 -1341.0000000000
1404 -1340.0000000000
1406 -1339.0000000000
1412 -1338.0000000000
1416 -1337.0000000000
1417 -1336.0000000000
1418 -1335.0000000000
1420 -1334.0000000000
1421 -1333.0000000000
1423 -1332.0000000000
1426 -1331.0000000000
1428 -1330.0000000000
1429 -1329.0000000000
1431 -1328.0000000000
1438 -1327.0000000000
1439 -1326.0000000000
1445 -1325.0000000000
1446 -1324.0000000000
1452 -1323.0000000000
1454 -1322.0000000000
1456 -1321.0000000000
1461 -1320.0000000000
1462 -1319.0000000000
1463 -1318.0000000000
1464 -1317.0000000000
1469 -1316.0000000000
1471 -1315.0000000000
1472 -1314.0000000000
1482 -1313.0000000000
1483 -1312.0000000000
1484 -1311.0000000000
1489 -1310.0000000000
1495 -1309.0000000000
1496 -1308.0000000000
1500 -1307.0000000000
1503 -1306.0000000000
1504 -1305.0000000000
1516 -1304.0000000000
1519 -1303.0000000000
1528 -1302.0000000000
1530 -1301.0000000000
1531 -1300.0000000000
1532 -1299.0000000000
1539 -1298.0000000000
1541 -1297.0000000000
1542 -1296.0000000000
1543 -1295.0000000000
1544 -1294.0000000000
1545 -1293.0000000000
1555 -1292.0000000000
1556 -1291.0000000000
1560 -1290.0000000000
1568 -1289.0000000000
1574 -1288.0000000000
1575 -1287.0000000000
1576 -1286.0000000000
1577 -1285.0000000000
1578 -1284.0000000000
1579 -1283.0000000000
1580 -1282.0000000000
1588 -1281.0000000000
1592 -1280.0000000000
1595 -1279.0000000000
1596 -1278.0000000000
1597 -1277.0000000000
1598 -1276.0000000000
1599 -1275.0000000000
1604 -1274.0000000000
1605 -1273.0000000000
1608 -1272.0000000000
1611 -1271.0000000000
1616 -1270.0000000000
1619 -1269.0000000000
1620 -1268.0000000000
1621 -1267.0000000000
1622 -1266.0000000000
1625 -1265.0000000000
1626 -1264.0000000000
1627 -1263.0000000000
1629 -1262.0000000000
1633 -1261.0000000000
1634 -1260.0000000000
1641 -1259.0000000000
1647 -1258.0000000000
1650 -1257.0000000000
1651 -1256.0000000000
1652 -1255.0000000000
1653 -1254.0000000000
1658 -1253.0000000000
1660 -1252.0000000000
1665 -1251.0000000000
1667 -1250.0000000000
1668 -1249.0000000000
1675 -1248.0000000000
1676 -1247.0000000000
1678 -1246.0000000000
1681 -1245.0000000000
1688 -1244.0000000000
1689 -1243.0000000000
1690 -1242.0000000000
1696 -1241.0000000000
1698 -1240.0000000000
1699 -1239.0000000000
1700 -1238.0000000000
1701 -1237.0000000000
1710 -1236.0000000000
1712 -1235.0000000000
1714 -1234.0000000000
1715 -1233.0000000000
1722 -1232.0000000000
1724 -1231.0000000000
1727 -1230.0000000000
1728 -1229.0000000000
1731 -1228.0000000000
1733 -1227.0000000000
1735 -1226.0000000000
1737 -1225.0000000000
1747 -1224.0000000000
1751 -1223.0000000000
1752 -1222.0000000000
1756 -1221.0000000000
1757 -1220.0000000000
1758 -1219.0000000000
1759 -1218.0000000000
1760 -1217.0000000000
1761 -1216.0000000000
1767 -1215.0000000000
1768 -1214.0000000000
1769 -1213.0000000000
1770 -1212.0000000000
1772 -1211.0000000000
1776 -1210.0000000000
1781 -1209.0000000000
1782 -1208.0000000000
1788 -1207.0000000000
1793 -1206.0000000000
1797 -1205.0000000000
1799 -1204.0000000000
1819 -1203.0000000000
1821 -1202.0000000000
1824 -1201.0000000000
1826 -1200.0000000000
1827 -1199.0000000000
1831 -1198.0000000000
1832 -1197.0000000000
1833 -1196.0000000000
1834 -1195.0000000000
1836 -1194.0000000000
1843 -1193.0000000000
1845 -1192.0000000000
1849 -1191.0000000000
1852 -1190.0000000000
1857 -1189.0000000000
1860 -1188.0000000000
1862 -1187.0000000000
1867 -1186.0000000000
1870 -1185.0000000000
1872 -1184.0000000000
1881 -1183.0000000000
1885 -1182.0000000000
1888 -1181.0000000000
1891 -1180.0000000000
1898 -1179.0000000000
1901 -1178.0000000000
1910 -1177.0000000000
1912 -1176.0000000000
1913 -1175.0000000000
1915 -1174.0000000000
1917 -1173.0000000000
1918 -1172.0000000000
1920 -1171.0000000000
1924 -1170.0000000000
1934 -1169.0000000000
1939 -1168.0000000000
1949 -1167.0000000000
1951 -1166.0000000000
1953 -1165.0000000000
1956 -1164.0000000000
1959 -1163.0000000000
1961 -1162.0000000000
1963 -1161.0000000000
1979 -1160.0000000000
1981 -1159.0000000000
1982 -1158.0000000000
1990 -1157.0000000000
1991 -1156.0000000000
1993 -1155.0000000000
1994 -1154.0000000000
2000 -1153.0000000000
2006 -1152.0000000000
2014 -1151.0000000000
2016 -1150.0000000000
2017 -1149.0000000000
2019 -1148.0000000000
2020 -1147.0000000000
2030 -1146.0000000000
2033 -1145.0000000000
2036 -1144.0000000000
2037 -1143.0000000000
2040 -1142.0000000000
2041 -1141.0000000000
2042 -1140.0000000000
2045 -1139.0000000000
2050 -1138.0000000000
2057 -1137.0000000000
2060 -1136.0000000000
2070 -1135.0000000000
2076 -1134.0000000000
2078 -1133.0000000000
2080 -1132.0000000000
2082 -1131.0000000000
2085 -1130.0000000000
2086 -1129.0000000000
2092 -1128.0000000000
2093 -1127.0000000000
2095 -1126.0000000000
2096 -1125.0000000000
2097 -1124.0000000000
2100 -1123.0000000000
2101 -1122.0000000000
2103 -1121.0000000000
2105 -1120.0000000000
2111 -1119.0000000000
2112 -1118.0000000000
2118 -1117.0000000000
2128 -1116.0000000000
2131 -1115.0000000000
2134 -1114.0000000000
2135 -1113.0000000000
2142 -1112.0000000000
2149 -1111.0000000000
2150 -1110.0000000000
2155 -1109.0000000000
2157 -1108.0000000000
2158 -1107.0000000000
2159 -1106.0000000000
2160 -1105.0000000000
2167 -1104.0000000000
2175 -1103.0000000000
2176 -1102.0000000000
2177 -1101.0000000000
2182 -1100.0000000000
2184 -1099.0000000000
2185 -1098.0000000000
2187 -1097.0000000000
2191 -1096.0000000000
2194 -1095.0000000000
2205 -1094.0000000000
2215 -1093.0000000000
2217 -1092.0000000000
2219 -1091.0000000000
2221 -1090.0000000000
2223 -1089.0000000000
2226 -1088.0000000000
2233 -1087.0000000000
2237 -1086.0000000000
2239 -1085.0000000000
2245 -1084.0000000000
2246 -1083.0000000000
2250 -1082.0000000000
2253 -1081.0000000000
2256 -1080.0000000000
2258 -1079.0000000000
2259 -1078.0000000000
2260 -1077.0000000000
2262 -1076.0000000000
2267 -1075.0000000000
2269 -1074.0000000000
2270 -1073.0000000000
2271 -1072.0000000000
2273 -1071.0000000000
2275 -1070.0000000000
2276 -1069.0000000000
2280 -1068.0000000000
2286 -1067.0000000000
2292 -1066.0000000000
2295 -1065.0000000000
2308 -1064.0000000000
2309 -1063.0000000000
2313 -1062.0000000000
2321 -1061.0000000000
2322 -1060.0000000000
2324 -1059.0000000000
2329 -1058.0000000000
2339 -1057.0000000000
2340 -1056.0000000000
2341 -1055.0000000000
2343 -1054.0000000000
2347 -1053.0000000000
2350 -1052.0000000000
2351 -1051.0000000000
2358 -1050.0000000000
2365 -1049.0000000000
2366 -1048.0000000000
2370 -1047.0000000000
2371 -1046.0000000000
2381 -1045.0000000000
2387 -1044.0000000000
2388 -1043.0000000000
2389 -1042.0000000000
2390 -1041.0000000000
2391 -1040.0000000000
2393 -1039.0000000000
2398 -1038.0000000000
2400 -1037.0000000000
2401 -1036.0000000000
2405 -1035.0000000000
2406 -1034.0000000000
2407 -1033.0000000000
2408 -1032.0000000000
2413 -1031.0000000000
2416 -1030.0000000000
2418 -1029.0000000000
2420 -1028.0000000000
2421 -1027.0000000000
2423 -1026.0000000000
2426 -1025.0000000000
2430 -1024.0000000000
2434 -1023.0000000000
2435 -1022.0000000000
2439 -1021.0000000000
2444 -1020.0000000000
2447 -1019.0000000000
2452 -1018.0000000000
2453 -1017.0000000000
2459 -1016.0000000000
2460 -1015.0000000000
2477 -1014.0000000000
2478 -1013.0000000000
2480 -1012.0000000000
2481 -1011.0000000000
2496 -1010.0000000000
2501 -1009.0000000000
2506 -1008.0000000000
2507 -1007.0000000000
2509 -1006.0000000000
2513 -1005.0000000000
2517 -1004.0000000000
2518 -1003.0000000000
2519 -1002.0000000000
2520 -1001.0000000000
2522 -1000.0000000000
2524 -999.0000000000
2526 -998.0000000000
2527 -997.0000000000
2528 -996.0000000000
2532 -995.0000000000
2533 -994.0000000000
2537 -993.0000000000
2540 -992.0000000000
2543 -991.0000000000
2551 -990.0000000000
2558 -989.0000000000
2560 -988.0000000000
2564 -987.0000000000
2566 -986.0000000000
2570 -985.0000000000
2573 -984.0000000000
2575 -983.0000000000
2581 -982.0000000000
2582 -981.0000000000
2588 -980.0000000000
2591 -979.0000000000
2593 -978.0000000000
2594 -977.0000000000
2597 -976.0000000000
2602 -975.0000000000
2607 -974.0000000000
2609 -973.0000000000
2612 -972.0000000000
2621 -971.0000000000
2622 -970.0000000000
2632 -969.0000000000
2634 -968.0000000000
2637 -967.0000000000
2638 -966.0000000000
2639 -965.0000000000
2640 -964.0000000000
2644 -963.0000000000
2647 -962.0000000000
2665 -961.0000000000
2669 -960.0000000000
2671 -959.0000000000
2672 -958.0000000000
2674 -957.0000000000
2676 -956.0000000000
2679 -955.0000000000
2681 -954.0000000000
2682 -953.0000000000
2687 -952.0000000000
2688 -951.0000000000
2690 -950.0000000000
2691 -949.0000000000
2692 -948.0000000000
2694 -947.0000000000
2695 -946.0000000000
2698 -945.0000000000
2699 -944.0000000000
2701 -943.0000000000
2709 -942.0000000000
2711 -941.0000000000
2715 -940.0000000000
2726 -939.0000000000
2727 -938.0000000000
2728 -937.0000000000
2733 -936.0000000000
2738 -935.0000000000
2740 -934.0000000000
2744 -933.0000000000
2747 -932.0000000000
2752 -931.0000000000
2764 -930.0000000000
2768 -929.0000000000
2769 -928.0000000000
2774 -927.0000000000
2779 -926.0000000000
2781 -925.0000000000
2783 -924.0000000000
2791 -923.0000000000
2805 -922.0000000000
2806 -921.0000000000
2807 -920.0000000000
2810 -919.0000000000
2814 -918.0000000000
2816 -917.0000000000
2817 -916.0000000000
2819 -915.0000000000
2822 -914.0000000000
2825 -913.0000000000
2827 -912.0000000000
2842 -911.0000000000
2845 -910.0000000000
2846 -909.0000000000
2848 -908.0000000000
2852 -907.0000000000
2860 -906.0000000000
2861 -905.0000000000
2862 -904.0000000000
2866 -903.0000000000
2867 -902.0000000000
2870 -901.0000000000
2874 -900.0000000000
2879 -899.0000000000
2888 -898.0000000000
2895 -897.0000000000
2897 -896.0000000000
2901 -895.0000000000
2902 -894.0000000000
2904 -893.0000000000
2906 -892.0000000000
2910 -891.0000000000
2911 -890.0000000000
2920 -889.0000000000
2923 -888.0000000000
2928 -887.0000000000
2945 -886.0000000000
2951 -885.0000000000
2953 -884.0000000000
2961 -883.0000000000
2962 -882.0000000000
2964 -881.0000000000
2971 -880.0000000000
2972 -879.0000000000
2979 -878.0000000000
2985 -877.0000000000
2987 -876.0000000000
2994 -875.0000000000
2995 -874.0000000000
2999 -873.0000000000
3001 -872.0000000000
3008 -871.0000000000
3009 -870.0000000000
3015 -869.0000000000
3016 -868.0000000000
3017 -867.0000000000
3027 -866.0000000000
3033 -865.0000000000
3035 -864.0000000000
3038 -863.0000000000
3039 -862.0000000000
3044 -861.0000000000
3048 -860.0000000000
3049 -859.0000000000
3051 -858.0000000000
3052 -857.0000000000
3057 -856.0000000000
3063 -855.0000000000
3064 -854.0000000000
3066 -853.0000000000
3072 -852.0000000000
3081 -851.0000000000
3087 -850.0000000000
3088 -849.0000000000
3089 -848.0000000000
3090 -847.0000000000
3096 -846.0000000000
3098 -845.0000000000
3112 -844.0000000000
3118 -843.0000000000
3125 -842.0000000000
3126 -841.0000000000
3128 -840.0000000000
3129 -839.0000000000
3135 -838.0000000000
3144 -837.0000000000
3147 -836.0000000000
3148 -835.0000000000
3162 -834.0000000000
3163 -833.0000000000
3171 -832.0000000000
3174 -831.0000000000
3182 -830.0000000000
3197 -829.0000000000
3199 -828.0000000000
3201 -827.0000000000
3206 -826.0000000000
3212 -825.0000000000
3215 -824.0000000000
3220 -823.0000000000
3224 -822.0000000000
3232 -821.0000000000
3234 -820.0000000000
3236 -819.0000000000
3241 -818.0000000000
3246 -817.0000000000
3258 -816.0000000000
3268 -815.0000000000
3270 -814.0000000000
3283 -813.0000000000
3296 -812.0000000000
3298 -811.0000000000
3301 -810.0000000000
3302 -809.0000000000
3308 -808.0000000000
3312 -807.0000000000
3313 -806.0000000000
3318 -805.0000000000
3320 -804.0000000000
3325 -803.0000000000
3341 -802.0000000000
3346 -801.0000000000
3349 -800.0000000000
3352 -799.0000000000
3353 -798.0000000000
3362 -797.0000000000
3374 -796.0000000000
3376 -795.0000000000
3378 -794.0000000000
3381 -793.0000000000
3382 -792.0000000000
3383 -791.0000000000
3395 -790.0000000000
3404 -789.0000000000
3406 -788.0000000000
3412 -787.0000000000
3413 -786.0000000000
3414 -785.0000000000
3417 -784.0000000000
3419 -783.0000000000
3421 -782.0000000000
3426 -781.0000000000
3434 -780.0000000000
3436 -779.0000000000
3443 -778.0000000000
3457 -777.0000000000
3460 -776.0000000000
3462 -775.0000000000
3463 -774.0000000000
3468 -773.0000000000
3473 -772.0000000000
3476 -771.0000000000
3478 -770.0000000000
3484 -769.0000000000
3491 -768.0000000000
3496 -767.0000000000
3497 -766.0000000000
3499 -765.0000000000
3505 -764.0000000000
3506 -763.0000000000
3507 -762.0000000000
3508 -761.0000000000
3513 -760.0000000000
3524 -759.0000000000
3549 -758.0000000000
3552 -757.0000000000
3556 -756.0000000000
3562 -755.0000000000
3569 -754.0000000000
3576 -753.0000000000
3583 -752.0000000000
3584 -751.0000000000
3589 -750.0000000000
3590 -749.0000000000
3596 -748.0000000000
3608 -747.0000000000
3609 -746.0000000000
3622 -745.0000000000
3628 -744.0000000000
3637 -743.0000000000
3640 -742.0000000000
3643 -741.0000000000
3648 -740.0000000000
3653 -739.0000000000
3656 -738.0000000000
3662 -737.0000000000
3664 -736.0000000000
3665 -735.0000000000
3667 -734.0000000000
3669 -733.0000000000
3673 -732.0000000000
3678 -731.0000000000
3684 -730.0000000000
3685 -729.0000000000
3687 -728.0000000000
3688 -727.0000000000
3689 -726.0000000000
3696 -725.0000000000
3703 -724.0000000000
3712 -723.0000000000
3713 -722.0000000000
3715 -721.0000000000
3721 -720.0000000000
3722 -719.0000000000
3731 -718.0000000000
3732 -717.0000000000
3741 -716.0000000000
3744 -715.0000000000
3749 -714.0000000000
3754 -713.0000000000
3756 -712.0000000000
3768 -711.0000000000
3775 -710.0000000000
3782 -709.0000000000
3788 -708.0000000000
3790 -707.0000000000
3792 -706.0000000000
3797 -705.0000000000
3808 -704.0000000000
3813 -703.0000000000
3816 -702.0000000000
3818 -701.0000000000
3822 -700.0000000000
3824 -699.0000000000
3828 -698.0000000000
3830 -697.0000000000
3837 -696.0000000000
3848 -695.0000000000
3852 -694.0000000000
3858 -693.0000000000
3867 -692.0000000000
3876 -691.0000000000
3880 -690.0000000000
3882 -689.0000000000
3897 -688.0000000000
3900 -687.0000000000
3909 -686.0000000000
3912 -685.0000000000
3926 -684.0000000000
3931 -683.0000000000
3936 -682.0000000000
3938 -681.0000000000
3944 -680.0000000000
3945 -679.0000000000
3952 -678.0000000000
3962 -677.0000000000
3963 -676.0000000000
3973 -675.0000000000
3988 -674.0000000000
3989 -673.0000000000
3990 -672.0000000000
3993 -671.0000000000
3994 -670.0000000000
3997 -669.0000000000
3999 -668.0000000000
4010 -667.0000000000
4016 -666.0000000000
4027 -665.0000000000
4029 -664.0000000000
4032 -663.0000000000
4035 -662.0000000000
4036 -661.0000000000
4045 -660.0000000000
4046 -659.0000000000
4054 -658.0000000000
4056 -657.0000000000
4060 -656.0000000000
4071 -655.0000000000
4074 -654.0000000000
4082 -653.0000000000
4084 -652.0000000000
4085 -651.0000000000
4091 -650.0000000000
4094 -649.0000000000
4096 -648.0000000000
4099 -647.0000000000
4101 -646.0000000000
4105 -645.0000000000
4110 -644.0000000000
4122 -643.0000000000
4124 -642.0000000000
4127 -641.0000000000
4128 -640.0000000000
4132 -639.0000000000
4136 -638.0000000000
4137 -637.0000000000
4139 -636.0000000000
4140 -635.0000000000
4148 -634.0000000000
4155 -633.0000000000
4157 -632.0000000000
4161 -631.0000000000
4163 -630.0000000000
4169 -629.0000000000
4177 -628.0000000000
4178 -627.0000000000
4180 -626.0000000000
4188 -625.0000000000
4193 -624.0000000000
4195 -623.0000000000
4196 -622.0000000000
4198 -621.0000000000
4204 -620.0000000000
4227 -619.0000000000
4239 -618.0000000000
4251 -617.0000000000
4253 -616.0000000000
4256 -615.0000000000
4264 -614.0000000000
4268 -613.0000000000
4273 -612.0000000000
4280 -611.0000000000
4283 -610.0000000000
4286 -609.0000000000
4294 -608.0000000000
4304 -607.0000000000
4312 -606.0000000000
4315 -605.0000000000
4322 -604.0000000000
4334 -603.0000000000
4335 -602.0000000000
4336 -601.0000000000
4337 -600.0000000000
4338 -599.0000000000
4341 -598.0000000000
4342 -597.0000000000
4345 -596.0000000000
4348 -595.0000000000
4351 -594.0000000000
4361 -593.0000000000
4368 -592.0000000000
4377 -591.0000000000
4378 -590.0000000000
4407 -589.0000000000
4411 -588.0000000000
4418 -587.0000000000
4424 -586.0000000000
4427 -585.0000000000
4428 -584.0000000000
4432 -583.0000000000
4441 -582.0000000000
4442 -581.0000000000
4449 -580.0000000000
4450 -579.0000000000
4456 -578.0000000000
4462 -577.0000000000
4465 -576.0000000000
4473 -575.0000000000
4475 -574.0000000000
4481 -573.0000000000
4483 -572.0000000000
4491 -571.0000000000
4496 -570.0000000000
4499 -569.0000000000
4511 -568.0000000000
4514 -567.0000000000
4515 -566.0000000000
4519 -565.0000000000
4531 -564.0000000000
4532 -563.0000000000
4555 -562.0000000000
4560 -561.0000000000
4568 -560.0000000000
4582 -559.0000000000
4588 -558.0000000000
4591 -557.0000000000
4594 -556.0000000000
4599 -555.0000000000
4618 -554.0000000000
4625 -553.0000000000
4632 -552.0000000000
4634 -551.0000000000
4645 -550.0000000000
4656 -549.0000000000
4671 -548.0000000000
4672 -547.0000000000
4676 -546.0000000000
4679 -545.0000000000
4680 -544.0000000000
4692 -543.0000000000
4698 -542.0000000000
4707 -541.0000000000
4710 -540.0000000000
4712 -539.0000000000
4713 -538.0000000000
4719 -537.0000000000
4729 -536.0000000000
4734 -535.0000000000
4743 -534.0000000000
4747 -533.0000000000
4749 -532.0000000000
4750 -531.0000000000
4755 -530.0000000000
4759 -529.0000000000
4764 -528.0000000000
4770 -527.0000000000
4796 -526.0000000000
4802 -525.0000000000
4813 -524.0000000000
4820 -523.0000000000
4832 -522.0000000000
4836 -521.0000000000
4848 -520.0000000000
4854 -519.0000000000
4856 -518.0000000000
4859 -517.0000000000
4863 -516.0000000000
4866 -515.0000000000
4869 -514.0000000000
4872 -513.0000000000
4883 -512.0000000000
4885 -511.0000000000
4911 -510.0000000000
4912 -509.0000000000
4920 -508.0000000000
4925 -507.0000000000
4927 -506.0000000000
4936 -505.0000000000
4941 -504.0000000000
4943 -503.0000000000
4953 -502.0000000000
4954 -501.0000000000
4955 -500.0000000000
4956 -499.0000000000
4959 -498.0000000000
4965 -497.0000000000
4968 -496.0000000000
4969 -495.0000000000
4973 -494.0000000000
4977 -493.0000000000
4983 -492.0000000000
5006 -491.0000000000
5026 -490.0000000000
5030 -489.0000000000
5037 -488.0000000000
5043 -487.0000000000
5069 -486.0000000000
5072 -485.0000000000
5074 -484.0000000000
5081 -483.0000000000
5084 -482.0000000000
5087 -481.0000000000
5093 -480.0000000000
5100 -479.0000000000
5104 -478.0000000000
5105 -477.0000000000
5107 -476.0000000000
5112 -475.0000000000
5118 -474.0000000000
5141 -473.0000000000
5147 -472.0000000000
5153 -471.0000000000
5163 -470.0000000000
5173 -469.0000000000
5189 -468.0000000000
5195 -467.0000000000
5216 -466.0000000000
5244 -465.0000000000
5266 -464.0000000000
5274 -463.0000000000
5286 -462.0000000000
5290 -461.0000000000
5295 -460.0000000000
5301 -459.0000000000
5315 -458.0000000000
5327 -457.0000000000
5330 -456.0000000000
5341 -455.0000000000
5348 -454.0000000000
5350 -453.0000000000
5353 -452.0000000000
5363 -451.0000000000
5366 -450.0000000000
5372 -449.0000000000
5379 -448.0000000000
5419 -447.0000000000
5426 -446.0000000000
5433 -445.0000000000
5438 -444.0000000000
5442 -443.0000000000
5459 -442.0000000000
5463 -441.0000000000
5466 -440.0000000000
5470 -439.0000000000
5483 -438.0000000000
5497 -437.0000000000
5498 -436.0000000000
5502 -435.0000000000
5510 -434.0000000000
5512 -433.0000000000
5515 -432.0000000000
5516 -431.0000000000
5517 -430.0000000000
5522 -429.0000000000
5525 -428.0000000000
5530 -427.0000000000
5545 -426.0000000000
5546 -425.0000000000
5553 -424.0000000000
5557 -423.0000000000
5566 -422.0000000000
5572 -421.0000000000
5584 -420.0000000000
5585 -419.0000000000
5601 -418.0000000000
5625 -417.0000000000
5630 -416.0000000000
5632 -415.0000000000
5671 -414.0000000000
5675 -413.0000000000
5680 -412.0000000000
5684 -411.0000000000
5686 -410.0000000000
5691 -409.0000000000
5698 -408.0000000000
5703 -407.0000000000
5709 -406.0000000000
5718 -405.0000000000
5720 -404.0000000000
5722 -403.0000000000
5732 -402.0000000000
5765 -401.0000000000
5771 -400.0000000000
5775 -399.0000000000
5803 -398.0000000000
5810 -397.0000000000
5820 -396.0000000000
5830 -395.0000000000
5843 -394.0000000000
5855 -393.0000000000
5867 -392.0000000000
5882 -391.0000000000
5901 -390.0000000000
5910 -389.0000000000
5916 -388.0000000000
5942 -387.0000000000
5947 -386.0000000000
5961 -385.0000000000
5972 -384.0000000000
5993 -383.0000000000
6001 -382.0000000000
6002 -381.0000000000
6014 -380.0000000000
6020 -379.0000000000
6023 -378.0000000000
6030 -377.0000000000
6031 -376.0000000000
6034 -375.0000000000
6036 -374.0000000000
6044 -373.0000000000
6045 -372.0000000000
6063 -371.0000000000
6069 -370.0000000000
6071 -369.0000000000
6074 -368.0000000000
6075 -367.0000000000
6078 -366.0000000000
6081 -365.0000000000
6104 -364.0000000000
6124 -363.0000000000
6131 -362.0000000000
6132 -361.0000000000
6135 -360.0000000000
6165 -359.0000000000
6180 -358.0000000000
6188 -357.0000000000
6192 -356.0000000000
6202 -355.0000000000
6207 -354.0000000000
6211 -353.0000000000
6219 -352.0000000000
6238 -351.0000000000
6247 -350.0000000000
6250 -349.0000000000
6251 -348.0000000000
6257 -347.0000000000
6272 -346.0000000000
6300 -345.0000000000
6304 -344.0000000000
6311 -343.0000000000
6315 -342.0000000000
6326 -341.0000000000
6332 -340.0000000000
6343 -339.0000000000
6349 -338.0000000000
6386 -337.0000000000
6392 -336.0000000000
6412 -335.0000000000
6453 -334.0000000000
6467 -333.0000000000
6477 -332.0000000000
6479 -331.0000000000
6486 -330.0000000000
6487 -329.0000000000
6501 -328.0000000000
6511 -327.0000000000
6521 -326.0000000000
6549 -325.0000000000
6551 -324.0000000000
6557 -323.0000000000
6568 -322.0000000000
6571 -321.0000000000
6586 -320.0000000000
6592 -319.0000000000
6610 -318.0000000000
6637 -317.0000000000
6643 -316.0000000000
6654 -315.0000000000
6676 -314.0000000000
6690 -313.0000000000
6696 -312.0000000000
6700 -311.0000000000
6716 -310.0000000000
6718 -309.0000000000
6721 -308.0000000000
6738 -307.0000000000
6740 -306.0000000000
6772 -305.0000000000
6777 -304.0000000000
6781 -303.0000000000
6782 -302.0000000000
6801 -301.0000000000
6803 -300.0000000000
6813 -299.0000000000
6814 -298.0000000000
6822 -297.0000000000
6835 -296.0000000000
6836 -295.0000000000
6848 -294.0000000000
6853 -293.0000000000
6859 -292.0000000000
6875 -291.0000000000
6880 -290.0000000000
6890 -289.0000000000
6928 -288.0000000000
6932 -287.0000000000
6958 -286.0000000000
6960 -285.0000000000
6994 -284.0000000000
7000 -283.0000000000
7005 -282.0000000000
7054 -281.0000000000
7063 -280.0000000000
7079 -279.0000000000
7098 -278.0000000000
7102 -277.0000000000
7120 -276.0000000000
7131 -275.0000000000
7140 -274.0000000000
7141 -273.0000000000
7149 -272.0000000000
7171 -271.0000000000
7173 -270.0000000000
7178 -269.0000000000
7181 -268.0000000000
7182 -267.0000000000
7191 -266.0000000000
7204 -265.0000000000
7232 -264.0000000000
7254 -263.0000000000
7255 -262.0000000000
7269 -261.0000000000
7320 -260.0000000000
7325 -259.0000000000
7362 -258.0000000000
7370 -257.0000000000
7400 -256.0000000000
7430 -255.0000000000
7459 -254.0000000000
7463 -253.0000000000
7475 -252.0000000000
7481 -251.0000000000
7494 -250.0000000000
7505 -249.0000000000
7509 -248.0000000000
7514 -247.0000000000
7523 -246.0000000000
7526 -245.0000000000
7530 -244.0000000000
7537 -243.0000000000
7546 -242.0000000000
7558 -241.0000000000
7561 -240.0000000000
7568 -239.0000000000
7569 -238.0000000000
7570 -237.0000000000
7584 -236.0000000000
7586 -235.0000000000
7604 -234.0000000000
7606 -233.0000000000
7609 -232.0000000000
7650 -231.0000000000
7674 -230.0000000000
7688 -229.0000000000
7698 -228.0000000000
7708 -227.0000000000
7720 -226.0000000000
7743 -225.0000000000
7744 -224.0000000000
7749 -223.0000000000
7765 -222.0000000000
7772 -221.0000000000
7775 -220.0000000000
7788 -219.0000000000
7804 -218.0000000000
7808 -217.0000000000
7834 -216.0000000000
7846 -215.0000000000
7848 -214.0000000000
7849 -213.0000000000
7852 -212.0000000000
7862 -211.0000000000
7870 -210.0000000000
7878 -209.0000000000
7886 -208.0000000000
7887 -207.0000000000
7910 -206.0000000000
7918 -205.0000000000
7920 -204.0000000000
7932 -203.0000000000
7944 -202.0000000000
7971 -201.0000000000
7980 -200.0000000000
7984 -199.0000000000
8013 -198.0000000000
8024 -197.0000000000
8046 -196.0000000000
8124 -195.0000000000
8131 -194.0000000000
8150 -193.0000000000
8168 -192.0000000000
8178 -191.0000000000
8229 -190.0000000000
8251 -189.0000000000
8264 -188.0000000000
8283 -187.0000000000
8285 -186.0000000000
8307 -185.0000000000
8308 -184.0000000000
8338 -183.0000000000
8345 -182.0000000000
8346 -181.0000000000
8372 -180.0000000000
8396 -179.0000000000
8407 -178.0000000000
8414 -177.0000000000
8416 -176.0000000000
8420 -175.0000000000
8424 -174.0000000000
8425 -173.0000000000
8445 -172.0000000000
8456 -171.0000000000
8468 -170.0000000000
8501 -169.0000000000
8513 -168.0000000000
8558 -167.0000000000
8571 -166.0000000000
8591 -165.0000000000
8597 -164.0000000000
8656 -163.0000000000
8658 -162.0000000000
8687 -161.0000000000
8697 -160.0000000000
8709 -159.0000000000
8714 -158.0000000000
8725 -157.0000000000
8728 -156.0000000000
8739 -155.0000000000
8760 -154.0000000000
8815 -153.0000000000
8827 -152.0000000000
8828 -151.0000000000
8831 -150.0000000000
8883 -149.0000000000
8891 -148.0000000000
8893 -147.0000000000
8941 -146.0000000000
8963 -145.0000000000
8974 -144.0000000000
8995 -143.0000000000
9010 -142.0000000000
9048 -141.0000000000
9053 -140.0000000000
9069 -139.0000000000
9122 -138.0000000000
9155 -137.0000000000
9161 -136.0000000000
9193 -135.0000000000
9225 -134.0000000000
9279 -133.0000000000
9298 -132.0000000000
9305 -131.0000000000
9307 -130.0000000000
9326 -129.0000000000
9329 -128.0000000000
9338 -127.0000000000
9342 -126.0000000000
9362 -125.0000000000
9364 -124.0000000000
9388 -123.0000000000
9453 -122.0000000000
9470 -121.0000000000
9490 -120.0000000000
9497 -119.0000000000
9501 -118.0000000000
9512 -117.0000000000
9563 -116.0000000000
9566 -115.0000000000
9569 -114.0000000000
9596 -113.0000000000
9611 -112.0000000000
9655 -111.0000000000
9664 -110.0000000000
9679 -109.0000000000
9691 -108.0000000000
9695 -107.0000000000
9707 -106.0000000000
9716 -105.0000000000
9720 -104.0000000000
9721 -103.0000000000
9728 -102.0000000000
9740 -101.0000000000
9743 -100.0000000000
9763 -99.0000000000
9765 -98.0000000000
9771 -97.0000000000
9777 -96.0000000000
9782 -95.0000000000
9803 -94.0000000000
9827 -93.0000000000
9875 -92.0000000000
9881 -91.0000000000
9901 -90.0000000000
9904 -89.0000000000
9969 -88.0000000000
10000 -89.0000000000
