# evaluation best
1 41.0
2 41.0
3 41.0
4 41.0
5 41.0
6 41.0
7 41.0
8 41.0
9 41.0
10 44.0
11 44.0
12 44.0
13 44.0
14 44.0
15 44.0
16 44.0
17 44.0
18 44.0
19 44.0
20 44.0
21 44.0
22 44.0
23 44.0
24 44.0
25 44.0
26 44.0
27 44.0
28 44.0
29 44.0
30 44.0
31 44.0
32 44.0
33 44.0
34 44.0
35 44.0
36 44.0
37 44.0
38 44.0
39 44.0
40 44.0
41 44.0
42 44.0
43 44.0
44 44.0
45 44.0
46 44.0
47 44.0
48 44.0
49 44.0
50 44.0
51 44.0
52 44.0
53 44.0
54 44.0
55 44.0
56 44.0
57 44.0
58 44.0
59 44.0
60 44.0
61 44.0
62 44.0
63 44.0
64 44.0
65 44.0
66 44.0
67 44.0
68 44.0
69 44.0
70 44.0
71 44.0
72 44.0
73 44.0
74 44.0
75 44.0
76 44.0
77 44.0
78 44.0
79 44.0
80 44.0
81 44.0
82 44.0
83 44.0
84 44.0
85 44.0
86 44.0
87 44.0
88 44.0
89 44.0
90 60.0
91 60.0
92 60.0
93 60.0
94 60.0
95 60.0
96 60.0
97 60.0
98 60.0
99 60.0
100 60.0
101 60.0
102 60.0
103 60.0
104 60.0
105 60.0
106 60.0
107 60.0
108 60.0
109 60.0
110 60.0
111 60.0
112 60.0
113 60.0
114 60.0
115 60.0
116 60.0
117 60.0
118 60.0
119 60.0
120 60.0
121 60.0
122 60.0
123 60.0
124 60.0
125 60.0
126 60.0
127 60.0
128 60.0
129 60.0
130 60.0
131 60.0
132 60.0
133 60.0
134 60.0
135 60.0
136 60.0
137 60.0
138 60.0
139 60.0
140 60.0
141 60.0
142 60.0
143 60.0
144 60.0
145 60.0
146 60.0
147 60.0
148 60.0
149 60.0
150 60.0
151 60.0
152 60.0
153 60.0
154 60.0
155 60.0
156 60.0
157 60.0
158 60.0
159 60.0
160 60.0
161 60.0
162 60.0
163 60.0
164 60.0
165 60.0
166 60.0
167 60.0
168 60.0
169 60.0
170 60.0
171 60.0
172 60.0
173 60.0
174 60.0
175 60.0
176 60.0
177 60.0
178 60.0
179 60.0
180 60.0
181 60.0
182 60.0
183 60.0
184 60.0
185 60.0
186 60.0
187 60.0
188 60.0
189 60.0
190 60.0
191 60.0
192 60.0
193 60.0
194 60.0
195 60.0
196 60.0
197 60.0
198 60.0
199 60.0
200 60.0
201 60.0
202 60.0
203 60.0
204 60.0
205 60.0
206 60.0
207 60.0
208 60.0
209 60.0
210 60.0
211 60.0
212 60.0
213 60.0
214 60.0
215 60.0
216 60.0
217 60.0
218 60.0
219 60.0
220 60.0
221 60.0
222 60.0
223 60.0
224 60.0
225 60.0
226 60.0
227 60.0
228 60.0
229 60.0
230 60.0
231 60.0
232 60.0
233 60.0
234 60.0
235 60.0
236 60.0
237 60.0
238 60.0
239 60.0
240 60.0
241 60.0
242 60.0
243 60.0
244 60.0
245 60.0
246 60.0
247 60.0
248 60.0
249 60.0
250 60.0
251 60.0
252 60.0
253 60.0
254 60.0
255 60.0
256 60.0
257 60.0
258 60.0
259 60.0
260 60.0
261 60.0
262 60.0
263 60.0
264 60.0
265 60.0
266 60.0
267 60.0
268 60.0
269 60.0
270 60.0
271 60.0
272 60.0
273 60.0
274 60.0
275 60.0
276 60.0
277 60.0
278 60.0
279 60.0
280 60.0
281 60.0
282 60.0
283 60.0
284 60.0
285 60.0
286 60.0
287 60.0
288 60.0
289 60.0
290 60.0
291 60.0
292 60.0
293 60.0
294 60.0
295 60.0
296 60.0
297 60.0
298 60.0
299 60.0
300 60.0
301 60.0
302 60.0
303 60.0
304 60.0
305 60.0
306 60.0
307 60.0
308 60.0
309 60.0
310 60.0
311 60.0
312 60.0
313 60.0
314 60.0
315 60.0
316 60.0
317 60.0
318 60.0
319 60.0
320 60.0
321 60.0
322 60.0
323 60.0
324 60.0
325 60.0
326 60.0
327 60.0
328 60.0
329 60.0
330 60.0
331 60.0
332 60.0
333 60.0
334 60.0
335 60.0
336 60.0
337 60.0
338 60.0
339 60.0
340 60.0
341 60.0
342 60.0
343 60.0
344 60.0
345 60.0
346 60.0
347 60.0
348 60.0
349 60.0
350 60.0
351 60.0
352 60.0
353 60.0
354 60.0
355 60.0
356 60.0
357 60.0
358 60.0
359 60.0
360 60.0
361 60.0
362 60.0
363 60.0
364 60.0
365 60.0
366 60.0
367 60.0
368 60.0
369 60.0
370 60.0
371 60.0
372 60.0
373 60.0
374 60.0
375 60.0
376 60.0
377 60.0
378 60.0
379 60.0
380 60.0
381 60.0
382 60.0
383 60.0
384 60.0
385 60.0
386 60.0
387 60.0
388 60.0
389 60.0
390 60.0
391 60.0
392 60.0
393 60.0
394 60.0
395 60.0
396 60.0
397 60.0
398 60.0
399 60.0
400 60.0
401 60.0
402 60.0
403 60.0
404 60.0
405 60.0
406 60.0
407 60.0
408 60.0
409 60.0
410 60.0
411 60.0
412 60.0
413 60.0
414 60.0
415 60.0
416 60.0
417 60.0
418 60.0
419 60.0
420 60.0
421 60.0
422 60.0
423 60.0
424 60.0
425 60.0
426 60.0
427 60.0
428 65.0
429 65.0
430 65.0
431 65.0
432 65.0
433 65.0
434 65.0
435 65.0
436 65.0
437 65.0
438 65.0
439 65.0
440 65.0
441 65.0
442 65.0
443 65.0
444 65.0
445 65.0
446 65.0
447 65.0
448 65.0
449 65.0
450 65.0
451 65.0
452 65.0
453 65.0
454 65.0
455 65.0
456 65.0
457 65.0
458 65.0
459 65.0
460 65.0
461 65.0
462 65.0
463 65.0
464 65.0
465 65.0
466 65.0
467 65.0
468 65.0
469 65.0
470 65.0
471 65.0
472 65.0
473 65.0
474 65.0
475 65.0
476 65.0
477 65.0
478 65.0
479 65.0
480 65.0
481 65.0
482 65.0
483 65.0
484 65.0
485 65.0
486 65.0
487 65.0
488 65.0
489 65.0
490 65.0
491 65.0
492 65.0
493 65.0
494 65.0
495 65.0
496 65.0
497 65.0
498 65.0
499 65.0
500 65.0
501 65.0
502 65.0
503 65.0
504 65.0
505 65.0
506 65.0
507 65.0
508 65.0
509 65.0
510 65.0
511 65.0
512 65.0
513 65.0
514 65.0
515 65.0
516 65.0
517 65.0
518 65.0
519 65.0
520 65.0
521 65.0
522 65.0
523 65.0
524 65.0
525 65.0
526 65.0
527 65.0
528 65.0
529 65.0
530 65.0
531 65.0
532 65.0
533 65.0
534 65.0
535 65.0
536 65.0
537 65.0
538 65.0
539 65.0
540 65.0
541 65.0
542 65.0
543 65.0
544 65.0
545 65.0
546 65.0
547 65.0
548 65.0
549 65.0
550 65.0
551 65.0
552 65.0
553 65.0
554 65.0
555 65.0
556 65.0
557 65.0
558 65.0
559 65.0
560 65.0
561 65.0
562 65.0
563 65.0
564 65.0
565 65.0
566 65.0
567 65.0
568 65.0
569 65.0
570 65.0
571 65.0
572 65.0
573 65.0
574 65.0
575 65.0
576 65.0
577 65.0
578 65.0
579 65.0
580 65.0
581 65.0
582 65.0
583 65.0
584 65.0
585 65.0
586 65.0
587 65.0
588 65.0
589 65.0
590 65.0
591 65.0
592 65.0
593 65.0
594 65.0
595 65.0
596 65.0
597 65.0
598 65.0
599 65.0
600 65.0
601 65.0
602 65.0
603 65.0
604 65.0
605 65.0
606 65.0
607 65.0
608 65.0
609 65.0
610 65.0
611 65.0
612 65.0
613 65.0
614 65.0
615 65.0
616 65.0
617 65.0
618 65.0
619 65.0
620 65.0
621 65.0
622 65.0
623 65.0
624 65.0
625 65.0
626 65.0
627 65.0
628 65.0
629 65.0
630 65.0
631 65.0
632 65.0
633 65.0
634 65.0
635 65.0
636 65.0
637 65.0
638 65.0
639 65.0
640 65.0
641 65.0
642 65.0
643 65.0
644 65.0
645 65.0
646 65.0
647 65.0
648 65.0
649 65.0
650 65.0
651 65.0
652 65.0
653 65.0
654 65.0
655 65.0
656 65.0
657 65.0
658 65.0
659 65.0
660 65.0
661 65.0
662 65.0
663 65.0
664 65.0
665 65.0
666 65.0
667 65.0
668 65.0
669 65.0
670 65.0
671 65.0
672 65.0
673 65.0
674 65.0
675 65.0
676 65.0
677 65.0
678 65.0
679 65.0
680 65.0
681 65.0
682 65.0
683 65.0
684 65.0
685 65.0
686 65.0
687 65.0
688 65.0
689 65.0
690 65.0
691 65.0
692 65.0
693 65.0
694 65.0
695 65.0
696 65.0
697 65.0
698 65.0
699 65.0
700 65.0
701 65.0
702 65.0
703 65.0
704 65.0
705 65.0
706 65.0
707 65.0
708 65.0
709 65.0
710 65.0
711 65.0
712 65.0
713 65.0
714 65.0
715 65.0
716 65.0
717 65.0
718 65.0
719 65.0
720 65.0
721 65.0
722 65.0
723 65.0
724 65.0
725 65.0
726 65.0
727 65.0
728 65.0
729 65.0
730 65.0
731 65.0
732 65.0
733 65.0
734 65.0
735 65.0
736 65.0
737 65.0
738 65.0
739 65.0
740 65.0
741 65.0
742 65.0
743 65.0
744 65.0
745 65.0
746 65.0
747 65.0
748 65.0
749 65.0
750 65.0
751 65.0
752 65.0
753 65.0
754 65.0
755 65.0
756 65.0
757 65.0
758 65.0
759 65.0
760 65.0
761 65.0
762 65.0
763 65.0
764 65.0
765 65.0
766 65.0
767 65.0
768 65.0
769 65.0
770 65.0
771 65.0
772 65.0
773 65.0
774 65.0
775 65.0
776 65.0
777 65.0
778 65.0
779 65.0
780 65.0
781 65.0
782 65.0
783 65.0
784 65.0
785 65.0
786 65.0
787 65.0
788 65.0
789 65.0
790 65.0
791 65.0
792 65.0
793 65.0
794 65.0
795 65.0
796 65.0
797 65.0
798 65.0
799 65.0
800 65.0
801 65.0
802 65.0
803 65.0
804 65.0
805 65.0
806 65.0
807 65.0
808 65.0
809 65.0
810 65.0
811 65.0
812 65.0
813 65.0
814 65.0
815 65.0
816 65.0
817 65.0
818 65.0
819 65.0
820 65.0
821 65.0
822 65.0
823 65.0
824 65.0
825 65.0
826 65.0
827 65.0
828 65.0
829 65.0
830 65.0
831 65.0
832 65.0
833 65.0
834 65.0
835 65.0
836 65.0
837 65.0
838 65.0
839 65.0
840 65.0
841 65.0
842 65.0
843 65.0
844 65.0
845 65.0
846 65.0
847 65.0
848 65.0
849 65.0
850 65.0
851 65.0
852 65.0
853 65.0
854 65.0
855 65.0
856 65.0
857 65.0
858 65.0
859 65.0
860 65.0
861 65.0
862 65.0
863 65.0
864 65.0
865 65.0
866 65.0
867 65.0
868 65.0
869 65.0
870 65.0
871 65.0
872 65.0
873 65.0
874 65.0
875 65.0
876 65.0
877 65.0
878 65.0
879 65.0
880 65.0
881 65.0
882 65.0
883 65.0
884 65.0
885 65.0
886 65.0
887 65.0
888 65.0
889 65.0
890 65.0
891 65.0
892 65.0
893 65.0
894 65.0
895 65.0
896 65.0
897 65.0
898 65.0
899 65.0
900 65.0
901 65.0
902 65.0
903 65.0
904 65.0
905 65.0
906 65.0
907 65.0
908 65.0
909 65.0
910 65.0
911 65.0
912 65.0
913 65.0
914 65.0
915 65.0
916 65.0
917 65.0
918 65.0
919 65.0
920 65.0
921 65.0
922 65.0
923 65.0
924 65.0
925 65.0
926 65.0
927 65.0
928 65.0
929 65.0
930 65.0
931 65.0
932 65.0
933 65.0
934 65.0
935 65.0
936 65.0
937 65.0
938 65.0
939 65.0
940 65.0
941 65.0
942 65.0
943 65.0
944 65.0
945 65.0
946 65.0
947 65.0
948 65.0
949 65.0
950 65.0
951 65.0
952 65.0
953 65.0
954 65.0
955 65.0
956 65.0
957 65.0
958 65.0
959 65.0
960 65.0
961 65.0
962 65.0
963 65.0
964 65.0
965 65.0
966 65.0
967 65.0
968 65.0
969 65.0
970 65.0
971 65.0
972 65.0
973 65.0
974 65.0
975 65.0
976 65.0
977 65.0
978 65.0
979 65.0
980 65.0
981 65.0
982 65.0
983 65.0
984 65.0
985 65.0
986 65.0
987 65.0
988 65.0
989 65.0
990 65.0
991 65.0
992 65.0
993 65.0
994 65.0
995 65.0
996 65.0
997 65.0
998 65.0
999 65.0
1000 65.0
1001 65.0
1002 65.0
1003 65.0
1004 65.0
1005 65.0
1006 65.0
1007 65.0
1008 65.0
1009 65.0
1010 65.0
1011 65.0
1012 65.0
1013 65.0
1014 65.0
1015 65.0
1016 65.0
1017 65.0
1018 65.0
1019 65.0
1020 65.0
1021 65.0
1022 65.0
1023 65.0
1024 65.0
1025 65.0
1026 65.0
1027 65.0
1028 65.0
1029 65.0
1030 65.0
1031 65.0
1032 65.0
1033 65.0
1034 65.0
1035 65.0
1036 65.0
1037 65.0
1038 65.0
1039 65.0
1040 65.0
1041 65.0
1042 65.0
1043 65.0
1044 65.0
1045 65.0
1046 65.0
1047 65.0
1048 65.0
1049 65.0
1050 65.0
1051 65.0
1052 65.0
1053 65.0
1054 65.0
1055 65.0
1056 65.0
1057 65.0
1058 65.0
1059 65.0
1060 65.0
1061 65.0
1062 65.0
1063 65.0
1064 65.0
1065 65.0
1066 65.0
1067 65.0
1068 65.0
1069 65.0
1070 65.0
1071 65.0
1072 65.0
1073 65.0
1074 65.0
1075 65.0
1076 65.0
1077 65.0
1078 65.0
1079 65.0
1080 65.0
1081 65.0
1082 65.0
1083 65.0
1084 65.0
1085 65.0
1086 65.0
1087 65.0
1088 65.0
1089 65.0
1090 65.0
1091 65.0
1092 65.0
1093 65.0
1094 65.0
1095 65.0
1096 65.0
1097 65.0
1098 65.0
1099 65.0
1100 65.0
1101 65.0
1102 65.0
1103 65.0
1104 65.0
1105 65.0
1106 65.0
1107 65.0
1108 65.0
1109 65.0
1110 65.0
1111 65.0
1112 65.0
1113 65.0
1114 65.0
1115 65.0
1116 65.0
1117 65.0
1118 65.0
1119 65.0
1120 65.0
1121 65.0
1122 65.0
1123 65.0
1124 65.0
1125 65.0
1126 65.0
1127 65.0
1128 65.0
1129 65.0
1130 65.0
1131 65.0
1132 65.0
1133 65.0
1134 65.0
1135 65.0
1136 65.0
1137 65.0
1138 65.0
1139 65.0
1140 65.0
1141 65.0
1142 65.0
1143 65.0
1144 65.0
1145 65.0
1146 65.0
1147 65.0
1148 65.0
1149 65.0
1150 65.0
1151 65.0
1152 65.0
1153 65.0
1154 65.0
1155 65.0
1156 65.0
1157 65.0
1158 65.0
1159 65.0
1160 65.0
1161 65.0
1162 65.0
1163 65.0
1164 65.0
1165 65.0
1166 65.0
1167 65.0
1168 65.0
1169 65.0
1170 65.0
1171 65.0
1172 65.0
1173 65.0
1174 65.0
1175 65.0
1176 65.0
1177 65.0
1178 65.0
1179 65.0
1180 65.0
1181 65.0
1182 65.0
1183 65.0
1184 65.0
1185 65.0
1186 65.0
1187 65.0
1188 65.0
1189 65.0
1190 65.0
1191 65.0
1192 65.0
1193 65.0
1194 65.0
1195 65.0
1196 65.0
1197 65.0
1198 65.0
1199 65.0
1200 65.0
1201 65.0
1202 65.0
1203 65.0
1204 65.0
1205 65.0
1206 65.0
1207 65.0
1208 65.0
1209 65.0
1210 65.0
1211 65.0
1212 65.0
1213 65.0
1214 65.0
1215 65.0
1216 65.0
1217 65.0
1218 65.0
1219 65.0
1220 65.0
1221 65.0
1222 65.0
1223 65.0
1224 65.0
1225 65.0
1226 65.0
1227 65.0
1228 65.0
1229 65.0
1230 65.0
1231 65.0
1232 65.0
1233 65.0
1234 65.0
1235 65.0
1236 65.0
1237 65.0
1238 65.0
1239 65.0
1240 65.0
1241 65.0
1242 65.0
1243 65.0
1244 65.0
1245 65.0
1246 65.0
1247 65.0
1248 65.0
1249 65.0
1250 65.0
1251 65.0
1252 65.0
1253 65.0
1254 65.0
1255 65.0
1256 65.0
1257 65.0
1258 65.0
1259 65.0
1260 65.0
1261 65.0
1262 65.0
1263 65.0
1264 65.0
1265 65.0
1266 65.0
1267 65.0
1268 65.0
1269 65.0
1270 65.0
1271 65.0
1272 65.0
1273 65.0
1274 65.0
1275 65.0
1276 65.0
1277 65.0
1278 65.0
1279 65.0
1280 65.0
1281 65.0
1282 65.0
1283 65.0
1284 65.0
1285 65.0
1286 65.0
1287 65.0
1288 65.0
1289 65.0
1290 65.0
1291 65.0
1292 65.0
1293 65.0
1294 65.0
1295 65.0
1296 65.0
1297 65.0
1298 65.0
1299 65.0
1300 65.0
1301 65.0
1302 65.0
1303 65.0
1304 65.0
1305 65.0
1306 65.0
1307 65.0
1308 65.0
1309 65.0
1310 65.0
1311 65.0
1312 65.0
1313 65.0
1314 65.0
1315 65.0
1316 65.0
1317 65.0
1318 65.0
1319 65.0
1320 65.0
1321 65.0
1322 65.0
1323 65.0
1324 65.0
1325 65.0
1326 65.0
1327 65.0
1328 65.0
1329 65.0
1330 65.0
1331 65.0
1332 65.0
1333 65.0
1334 65.0
1335 65.0
1336 65.0
1337 65.0
1338 65.0
1339 65.0
1340 65.0
1341 65.0
1342 65.0
1343 65.0
1344 65.0
1345 65.0
1346 65.0
1347 65.0
1348 65.0
1349 65.0
1350 65.0
1351 65.0
1352 65.0
1353 65.0
1354 65.0
1355 65.0
1356 65.0
1357 65.0
1358 65.0
1359 65.0
1360 65.0
1361 65.0
1362 65.0
1363 65.0
1364 65.0
1365 65.0
1366 65.0
1367 65.0
1368 65.0
1369 65.0
1370 65.0
1371 65.0
1372 65.0
1373 65.0
1374 65.0
1375 65.0
1376 65.0
1377 65.0
1378 65.0
1379 65.0
1380 65.0
1381 65.0
1382 65.0
1383 65.0
1384 65.0
1385 65.0
1386 65.0
1387 65.0
1388 65.0
1389 65.0
1390 65.0
1391 65.0
1392 65.0
1393 65.0
1394 65.0
1395 65.0
1396 65.0
1397 65.0
1398 65.0
1399 65.0
1400 65.0
1401 65.0
1402 65.0
1403 65.0
1404 65.0
1405 65.0
1406 65.0
1407 65.0
1408 65.0
1409 65.0
1410 65.0
1411 65.0
1412 65.0
1413 65.0
1414 65.0
1415 65.0
1416 65.0
1417 65.0
1418 65.0
1419 65.0
1420 65.0
1421 65.0
1422 65.0
1423 65.0
1424 65.0
1425 65.0
1426 65.0
1427 65.0
1428 65.0
1429 65.0
1430 65.0
1431 65.0
1432 65.0
1433 65.0
1434 65.0
1435 65.0
1436 65.0
1437 65.0
1438 65.0
1439 65.0
1440 65.0
1441 65.0
1442 65.0
1443 65.0
1444 65.0
1445 65.0
1446 65.0
1447 65.0
1448 65.0
1449 65.0
1450 65.0
1451 65.0
1452 65.0
1453 65.0
1454 65.0
1455 65.0
1456 65.0
1457 65.0
1458 65.0
1459 65.0
1460 65.0
1461 65.0
1462 65.0
1463 65.0
1464 65.0
1465 65.0
1466 65.0
1467 65.0
1468 65.0
1469 65.0
1470 65.0
1471 65.0
1472 65.0
1473 65.0
1474 65.0
1475 65.0
1476 65.0
1477 65.0
1478 65.0
1479 65.0
1480 65.0
1481 65.0
1482 65.0
1483 65.0
1484 65.0
1485 65.0
1486 65.0
1487 65.0
1488 65.0
1489 65.0
1490 65.0
1491 65.0
1492 65.0
1493 65.0
1494 65.0
1495 65.0
1496 65.0
1497 65.0
1498 65.0
1499 65.0
1500 65.0
1501 65.0
1502 65.0
1503 65.0
1504 65.0
1505 65.0
1506 65.0
1507 65.0
1508 65.0
1509 65.0
1510 65.0
1511 65.0
1512 65.0
1513 65.0
1514 65.0
1515 65.0
1516 65.0
1517 65.0
1518 65.0
1519 65.0
1520 65.0
1521 65.0
1522 65.0
1523 65.0
1524 65.0
1525 65.0
1526 65.0
1527 65.0
1528 65.0
1529 65.0
1530 65.0
1531 65.0
1532 65.0
1533 65.0
1534 65.0
1535 65.0
1536 65.0
1537 65.0
1538 65.0
1539 65.0
1540 65.0
1541 65.0
1542 65.0
1543 65.0
1544 65.0
1545 65.0
1546 65.0
1547 65.0
1548 65.0
1549 65.0
1550 65.0
1551 65.0
1552 65.0
1553 65.0
1554 65.0
1555 65.0
1556 65.0
1557 65.0
1558 65.0
1559 65.0
1560 65.0
1561 65.0
1562 65.0
1563 65.0
1564 65.0
1565 65.0
1566 65.0
1567 65.0
1568 65.0
1569 65.0
1570 65.0
1571 65.0
1572 65.0
1573 65.0
1574 65.0
1575 65.0
1576 65.0
1577 65.0
1578 65.0
1579 65.0
1580 65.0
1581 65.0
1582 65.0
1583 65.0
1584 65.0
1585 65.0
1586 65.0
1587 65.0
1588 65.0
1589 65.0
1590 65.0
1591 65.0
1592 65.0
1593 65.0
1594 65.0
1595 65.0
1596 65.0
1597 65.0
1598 65.0
1599 65.0
1600 65.0
1601 65.0
1602 65.0
1603 65.0
1604 65.0
1605 65.0
1606 65.0
1607 65.0
1608 65.0
1609 65.0
1610 65.0
1611 65.0
1612 65.0
1613 65.0
1614 65.0
1615 65.0
1616 65.0
1617 65.0
1618 65.0
1619 65.0
1620 65.0
1621 65.0
1622 65.0
1623 65.0
1624 65.0
1625 65.0
1626 65.0
1627 65.0
1628 65.0
1629 65.0
1630 65.0
1631 65.0
1632 65.0
1633 65.0
1634 65.0
1635 65.0
1636 65.0
1637 65.0
1638 65.0
1639 65.0
1640 65.0
1641 65.0
1642 65.0
1643 65.0
1644 65.0
1645 65.0
1646 65.0
1647 65.0
1648 65.0
1649 65.0
1650 65.0
1651 65.0
1652 65.0
1653 65.0
1654 65.0
1655 65.0
1656 65.0
1657 65.0
1658 65.0
1659 65.0
1660 65.0
1661 65.0
1662 65.0
1663 65.0
1664 65.0
1665 65.0
1666 65.0
1667 65.0
1668 65.0
1669 65.0
1670 65.0
1671 65.0
1672 65.0
1673 65.0
1674 65.0
1675 65.0
1676 65.0
1677 65.0
1678 65.0
1679 65.0
1680 65.0
1681 65.0
1682 65.0
1683 65.0
1684 65.0
1685 65.0
1686 65.0
1687 65.0
1688 65.0
1689 65.0
1690 65.0
1691 65.0
1692 65.0
1693 65.0
1694 65.0
1695 65.0
1696 65.0
1697 65.0
1698 65.0
1699 65.0
1700 65.0
1701 65.0
1702 65.0
1703 65.0
1704 65.0
1705 65.0
1706 65.0
1707 65.0
1708 65.0
1709 65.0
1710 65.0
1711 65.0
1712 65.0
1713 65.0
1714 65.0
1715 65.0
1716 65.0
1717 65.0
1718 65.0
1719 65.0
1720 65.0
1721 65.0
1722 65.0
1723 65.0
1724 65.0
1725 65.0
1726 65.0
1727 65.0
1728 65.0
1729 65.0
1730 65.0
1731 65.0
1732 65.0
1733 65.0
1734 65.0
1735 65.0
1736 65.0
1737 65.0
1738 65.0
1739 65.0
1740 65.0
1741 65.0
1742 65.0
1743 65.0
1744 65.0
1745 65.0
1746 65.0
1747 65.0
1748 65.0
1749 65.0
1750 65.0
1751 65.0
1752 65.0
1753 65.0
1754 65.0
1755 65.0
1756 65.0
1757 65.0
1758 65.0
1759 65.0
1760 65.0
1761 65.0
1762 65.0
1763 65.0
1764 65.0
1765 65.0
1766 65.0
1767 65.0
1768 65.0
1769 65.0
1770 65.0
1771 65.0
1772 65.0
1773 65.0
1774 65.0
1775 65.0
1776 65.0
1777 65.0
1778 65.0
1779 65.0
1780 65.0
1781 65.0
1782 65.0
1783 65.0
1784 65.0
1785 65.0
1786 65.0
1787 65.0
1788 65.0
1789 65.0
1790 65.0
1791 65.0
1792 65.0
1793 65.0
1794 65.0
1795 65.0
1796 65.0
1797 65.0
1798 65.0
1799 65.0
1800 65.0
1801 65.0
1802 65.0
1803 65.0
1804 65.0
1805 65.0
1806 65.0
1807 65.0
1808 65.0
1809 65.0
1810 65.0
1811 65.0
1812 65.0
1813 65.0
1814 65.0
1815 65.0
1816 65.0
1817 65.0
1818 65.0
1819 65.0
1820 65.0
1821 65.0
1822 65.0
1823 65.0
1824 65.0
1825 65.0
1826 65.0
1827 65.0
1828 65.0
1829 65.0
1830 65.0
1831 65.0
1832 65.0
1833 65.0
1834 65.0
1835 65.0
1836 65.0
1837 65.0
1838 65.0
1839 65.0
1840 65.0
1841 65.0
1842 65.0
1843 65.0
1844 65.0
1845 65.0
1846 65.0
1847 65.0
1848 65.0
1849 65.0
1850 65.0
1851 65.0
1852 65.0
1853 65.0
1854 65.0
1855 65.0
1856 65.0
1857 65.0
1858 65.0
1859 65.0
1860 65.0
1861 65.0
1862 65.0
1863 65.0
1864 65.0
1865 66.0
1866 66.0
1867 66.0
1868 66.0
1869 66.0
1870 66.0
1871 66.0
1872 66.0
1873 66.0
1874 66.0
1875 66.0
1876 66.0
1877 66.0
1878 66.0
1879 66.0
1880 66.0
1881 66.0
1882 66.0
1883 66.0
1884 66.0
1885 66.0
1886 66.0
1887 66.0
1888 66.0
1889 66.0
1890 66.0
1891 66.0
1892 66.0
1893 66.0
1894 66.0
1895 66.0
1896 66.0
1897 66.0
1898 66.0
1899 66.0
1900 66.0
1901 66.0
1902 66.0
1903 66.0
1904 66.0
1905 66.0
1906 66.0
1907 66.0
1908 66.0
1909 66.0
1910 66.0
1911 66.0
1912 66.0
1913 66.0
1914 66.0
1915 66.0
1916 66.0
1917 66.0
1918 66.0
1919 66.0
1920 66.0
1921 66.0
1922 66.0
1923 66.0
1924 66.0
1925 66.0
1926 66.0
1927 66.0
1928 66.0
1929 66.0
1930 66.0
1931 66.0
1932 66.0
1933 66.0
1934 66.0
1935 66.0
1936 66.0
1937 66.0
1938 66.0
1939 66.0
1940 66.0
1941 66.0
1942 66.0
1943 66.0
1944 66.0
1945 66.0
1946 66.0
1947 66.0
1948 66.0
1949 66.0
1950 66.0
1951 66.0
1952 66.0
1953 66.0
1954 66.0
1955 66.0
1956 66.0
1957 66.0
1958 66.0
1959 66.0
1960 66.0
1961 66.0
1962 66.0
1963 66.0
1964 66.0
1965 66.0
1966 66.0
1967 66.0
1968 66.0
1969 66.0
1970 66.0
1971 66.0
1972 66.0
1973 66.0
1974 66.0
1975 66.0
1976 66.0
1977 66.0
1978 66.0
1979 66.0
1980 66.0
1981 66.0
1982 66.0
1983 66.0
1984 66.0
1985 66.0
1986 66.0
1987 66.0
1988 66.0
1989 66.0
1990 66.0
1991 66.0
1992 66.0
1993 66.0
1994 66.0
1995 66.0
1996 66.0
1997 66.0
1998 66.0
1999 66.0
2000 66.0
2001 66.0
2002 66.0
2003 66.0
2004 66.0
2005 66.0
2006 66.0
2007 66.0
2008 66.0
2009 66.0
2010 66.0
2011 66.0
2012 66.0
2013 66.0
2014 66.0
2015 66.0
2016 66.0
2017 66.0
2018 66.0
2019 66.0
2020 66.0
2021 66.0
2022 66.0
2023 66.0
2024 66.0
2025 66.0
2026 66.0
2027 66.0
2028 66.0
2029 66.0
2030 66.0
2031 66.0
2032 66.0
2033 66.0
2034 66.0
2035 66.0
2036 66.0
2037 66.0
2038 66.0
2039 66.0
2040 66.0
2041 66.0
2042 66.0
2043 66.0
2044 66.0
2045 66.0
2046 66.0
2047 66.0
2048 66.0
2049 66.0
2050 66.0
2051 66.0
2052 66.0
2053 66.0
2054 66.0
2055 66.0
2056 66.0
2057 66.0
2058 66.0
2059 66.0
2060 66.0
2061 66.0
2062 66.0
2063 66.0
2064 66.0
2065 66.0
2066 66.0
2067 66.0
2068 66.0
2069 66.0
2070 66.0
2071 66.0
2072 66.0
2073 66.0
2074 66.0
2075 66.0
2076 66.0
2077 66.0
2078 66.0
2079 66.0
2080 66.0
2081 66.0
2082 66.0
2083 66.0
2084 66.0
2085 66.0
2086 66.0
2087 66.0
2088 66.0
2089 66.0
2090 66.0
2091 66.0
2092 66.0
2093 66.0
2094 66.0
2095 66.0
2096 66.0
2097 66.0
2098 66.0
2099 66.0
2100 66.0
2101 66.0
2102 66.0
2103 66.0
2104 66.0
2105 66.0
2106 66.0
2107 66.0
2108 66.0
2109 66.0
2110 66.0
2111 66.0
2112 66.0
2113 66.0
2114 66.0
2115 66.0
2116 66.0
2117 66.0
2118 66.0
2119 66.0
2120 66.0
2121 66.0
2122 66.0
2123 66.0
2124 66.0
2125 66.0
2126 66.0
2127 66.0
2128 66.0
2129 66.0
2130 66.0
2131 66.0
2132 66.0
2133 66.0
2134 66.0
2135 66.0
2136 66.0
2137 66.0
2138 66.0
2139 66.0
2140 66.0
2141 66.0
2142 66.0
2143 66.0
2144 66.0
2145 66.0
2146 66.0
2147 66.0
2148 66.0
2149 66.0
2150 66.0
2151 66.0
2152 66.0
2153 66.0
2154 66.0
2155 66.0
2156 66.0
2157 66.0
2158 66.0
2159 66.0
2160 66.0
2161 66.0
2162 66.0
2163 66.0
2164 66.0
2165 66.0
2166 66.0
2167 66.0
2168 66.0
2169 66.0
2170 66.0
2171 66.0
2172 66.0
2173 66.0
2174 66.0
2175 66.0
2176 66.0
2177 66.0
2178 66.0
2179 66.0
2180 66.0
2181 66.0
2182 66.0
2183 66.0
2184 66.0
2185 66.0
2186 66.0
2187 66.0
2188 66.0
2189 66.0
2190 66.0
2191 66.0
2192 66.0
2193 66.0
2194 66.0
2195 66.0
2196 66.0
2197 66.0
2198 66.0
2199 66.0
2200 66.0
2201 66.0
2202 66.0
2203 66.0
2204 66.0
2205 66.0
2206 66.0
2207 66.0
2208 66.0
2209 66.0
2210 66.0
2211 66.0
2212 66.0
2213 66.0
2214 66.0
2215 66.0
2216 66.0
2217 66.0
2218 66.0
2219 66.0
2220 66.0
2221 66.0
2222 66.0
2223 66.0
2224 66.0
2225 66.0
2226 66.0
2227 66.0
2228 66.0
2229 66.0
2230 66.0
2231 66.0
2232 66.0
2233 66.0
2234 66.0
2235 66.0
2236 66.0
2237 66.0
2238 66.0
2239 66.0
2240 66.0
2241 66.0
2242 66.0
2243 66.0
2244 66.0
2245 66.0
2246 66.0
2247 66.0
2248 66.0
2249 66.0
2250 66.0
2251 66.0
2252 66.0
2253 66.0
2254 66.0
2255 66.0
2256 66.0
2257 66.0
2258 66.0
2259 66.0
2260 66.0
2261 66.0
2262 66.0
2263 66.0
2264 66.0
2265 66.0
2266 66.0
2267 66.0
2268 66.0
2269 66.0
2270 66.0
2271 66.0
2272 66.0
2273 66.0
2274 66.0
2275 66.0
2276 66.0
2277 66.0
2278 66.0
2279 66.0
2280 66.0
2281 66.0
2282 66.0
2283 66.0
2284 66.0
2285 66.0
2286 66.0
2287 66.0
2288 66.0
2289 66.0
2290 66.0
2291 66.0
2292 66.0
2293 66.0
2294 66.0
2295 66.0
2296 66.0
2297 66.0
2298 66.0
2299 66.0
2300 66.0
2301 66.0
2302 66.0
2303 66.0
2304 66.0
2305 66.0
2306 66.0
2307 66.0
2308 66.0
2309 66.0
2310 66.0
2311 66.0
2312 66.0
2313 66.0
2314 66.0
2315 66.0
2316 66.0
2317 66.0
2318 66.0
2319 66.0
2320 66.0
2321 66.0
2322 66.0
2323 66.0
2324 66.0
2325 66.0
2326 66.0
2327 66.0
2328 66.0
2329 66.0
2330 66.0
2331 66.0
2332 66.0
2333 66.0
2334 66.0
2335 66.0
2336 66.0
2337 66.0
2338 66.0
2339 66.0
2340 66.0
2341 66.0
2342 66.0
2343 66.0
2344 66.0
2345 66.0
2346 66.0
2347 66.0
2348 66.0
2349 66.0
2350 66.0
2351 66.0
2352 66.0
2353 66.0
2354 66.0
2355 66.0
2356 66.0
2357 66.0
2358 66.0
2359 66.0
2360 66.0
2361 66.0
2362 66.0
2363 66.0
2364 66.0
2365 66.0
2366 66.0
2367 66.0
2368 66.0
2369 66.0
2370 66.0
2371 66.0
2372 66.0
2373 66.0
2374 66.0
2375 66.0
2376 66.0
2377 66.0
2378 66.0
2379 66.0
2380 66.0
2381 66.0
2382 66.0
2383 66.0
2384 66.0
2385 66.0
2386 66.0
2387 66.0
2388 66.0
2389 66.0
2390 66.0
2391 66.0
2392 66.0
2393 66.0
2394 66.0
2395 66.0
2396 66.0
2397 66.0
2398 66.0
2399 66.0
2400 66.0
2401 66.0
2402 66.0
2403 66.0
2404 66.0
2405 66.0
2406 66.0
2407 66.0
2408 66.0
2409 66.0
2410 66.0
2411 66.0
2412 66.0
2413 66.0
2414 66.0
2415 66.0
2416 66.0
2417 66.0
2418 66.0
2419 66.0
2420 66.0
2421 66.0
2422 66.0
2423 66.0
2424 66.0
2425 66.0
2426 66.0
2427 66.0
2428 66.0
2429 66.0
2430 66.0
2431 66.0
2432 66.0
2433 66.0
2434 66.0
2435 66.0
2436 66.0
2437 66.0
2438 66.0
2439 66.0
2440 66.0
2441 66.0
2442 66.0
2443 66.0
2444 66.0
2445 66.0
2446 66.0
2447 66.0
2448 66.0
2449 66.0
2450 66.0
2451 66.0
2452 66.0
2453 66.0
2454 66.0
2455 66.0
2456 66.0
2457 66.0
2458 66.0
2459 66.0
2460 66.0
2461 66.0
2462 66.0
2463 66.0
2464 66.0
2465 66.0
2466 66.0
2467 66.0
2468 66.0
2469 66.0
2470 66.0
2471 66.0
2472 66.0
2473 66.0
2474 66.0
2475 66.0
2476 66.0
2477 66.0
2478 66.0
2479 66.0
2480 66.0
2481 66.0
2482 66.0
2483 66.0
2484 66.0
2485 66.0
2486 66.0
2487 66.0
2488 66.0
2489 66.0
2490 66.0
2491 66.0
2492 66.0
2493 66.0
2494 66.0
2495 66.0
2496 66.0
2497 66.0
2498 66.0
2499 66.0
2500 66.0
2501 66.0
2502 66.0
2503 66.0
2504 66.0
2505 66.0
2506 66.0
2507 66.0
2508 66.0
2509 66.0
2510 66.0
2511 66.0
2512 66.0
2513 66.0
2514 66.0
2515 66.0
2516 66.0
2517 66.0
2518 66.0
2519 66.0
2520 66.0
2521 66.0
2522 66.0
2523 66.0
2524 66.0
2525 66.0
2526 66.0
2527 66.0
2528 66.0
2529 66.0
2530 66.0
2531 66.0
2532 66.0
2533 66.0
2534 66.0
2535 66.0
2536 66.0
2537 66.0
2538 66.0
2539 66.0
2540 66.0
2541 66.0
2542 66.0
2543 66.0
2544 66.0
2545 66.0
2546 66.0
2547 66.0
2548 66.0
2549 66.0
2550 66.0
2551 66.0
2552 66.0
2553 66.0
2554 66.0
2555 66.0
2556 66.0
2557 66.0
2558 66.0
2559 66.0
2560 66.0
2561 66.0
2562 66.0
2563 66.0
2564 66.0
2565 66.0
2566 66.0
2567 66.0
2568 66.0
2569 66.0
2570 66.0
2571 66.0
2572 66.0
2573 66.0
2574 66.0
2575 66.0
2576 66.0
2577 66.0
2578 66.0
2579 66.0
2580 66.0
2581 66.0
2582 66.0
2583 66.0
2584 66.0
2585 66.0
2586 66.0
2587 66.0
2588 66.0
2589 66.0
2590 66.0
2591 66.0
2592 66.0
2593 66.0
2594 66.0
2595 66.0
2596 66.0
2597 66.0
2598 66.0
2599 66.0
2600 66.0
2601 66.0
2602 66.0
2603 66.0
2604 66.0
2605 66.0
2606 66.0
2607 66.0
2608 66.0
2609 66.0
2610 66.0
2611 66.0
2612 66.0
2613 66.0
2614 66.0
2615 66.0
2616 66.0
2617 66.0
2618 66.0
2619 66.0
2620 66.0
2621 66.0
2622 66.0
2623 66.0
2624 66.0
2625 66.0
2626 66.0
2627 66.0
2628 66.0
2629 66.0
2630 66.0
2631 66.0
2632 66.0
2633 66.0
2634 66.0
2635 66.0
2636 66.0
2637 66.0
2638 66.0
2639 66.0
2640 66.0
2641 66.0
2642 66.0
2643 66.0
2644 66.0
2645 66.0
2646 66.0
2647 66.0
2648 66.0
2649 66.0
2650 66.0
2651 66.0
2652 66.0
2653 66.0
2654 66.0
2655 66.0
2656 66.0
2657 66.0
2658 66.0
2659 66.0
2660 66.0
2661 66.0
2662 66.0
2663 66.0
2664 66.0
2665 66.0
2666 66.0
2667 66.0
2668 66.0
2669 66.0
2670 66.0
2671 66.0
2672 66.0
2673 66.0
2674 66.0
2675 66.0
2676 66.0
2677 66.0
2678 66.0
2679 66.0
2680 66.0
2681 66.0
2682 66.0
2683 66.0
2684 66.0
2685 66.0
2686 66.0
2687 66.0
2688 66.0
2689 66.0
2690 66.0
2691 66.0
2692 66.0
2693 66.0
2694 66.0
2695 66.0
2696 66.0
2697 66.0
2698 66.0
2699 66.0
2700 66.0
2701 66.0
2702 66.0
2703 66.0
2704 66.0
2705 66.0
2706 66.0
2707 66.0
2708 66.0
2709 66.0
2710 66.0
2711 66.0
2712 66.0
2713 66.0
2714 66.0
2715 66.0
2716 66.0
2717 66.0
2718 66.0
2719 66.0
2720 66.0
2721 66.0
2722 66.0
2723 66.0
2724 66.0
2725 66.0
2726 66.0
2727 66.0
2728 66.0
2729 66.0
2730 66.0
2731 66.0
2732 66.0
2733 66.0
2734 66.0
2735 66.0
2736 66.0
2737 66.0
2738 66.0
2739 66.0
2740 66.0
2741 66.0
2742 66.0
2743 66.0
2744 66.0
2745 66.0
2746 66.0
2747 66.0
2748 66.0
2749 66.0
2750 66.0
2751 66.0
2752 66.0
2753 66.0
2754 66.0
2755 66.0
2756 66.0
2757 66.0
2758 66.0
2759 66.0
2760 66.0
2761 66.0
2762 66.0
2763 66.0
2764 66.0
2765 66.0
2766 66.0
2767 66.0
2768 66.0
2769 66.0
2770 66.0
2771 66.0
2772 66.0
2773 66.0
2774 66.0
2775 66.0
2776 66.0
2777 66.0
2778 66.0
2779 66.0
2780 66.0
2781 66.0
2782 66.0
2783 66.0
2784 66.0
2785 66.0
2786 66.0
2787 66.0
2788 66.0
2789 66.0
2790 66.0
2791 66.0
2792 66.0
2793 66.0
2794 66.0
2795 66.0
2796 66.0
2797 66.0
2798 66.0
2799 66.0
2800 66.0
2801 66.0
2802 66.0
2803 66.0
2804 66.0
2805 66.0
2806 66.0
2807 66.0
2808 66.0
2809 66.0
2810 66.0
2811 66.0
2812 66.0
2813 66.0
2814 66.0
2815 66.0
2816 66.0
2817 66.0
2818 66.0
2819 66.0
2820 66.0
2821 66.0
2822 66.0
2823 66.0
2824 66.0
2825 66.0
2826 66.0
2827 66.0
2828 66.0
2829 66.0
2830 66.0
2831 66.0
2832 66.0
2833 66.0
2834 66.0
2835 66.0
2836 66.0
2837 66.0
2838 66.0
2839 66.0
2840 66.0
2841 66.0
2842 66.0
2843 66.0
2844 66.0
2845 66.0
2846 66.0
2847 66.0
2848 66.0
2849 66.0
2850 66.0
2851 66.0
2852 66.0
2853 66.0
2854 66.0
2855 66.0
2856 66.0
2857 66.0
2858 66.0
2859 66.0
2860 66.0
2861 66.0
2862 66.0
2863 66.0
2864 66.0
2865 66.0
2866 66.0
2867 66.0
2868 66.0
2869 66.0
2870 66.0
2871 66.0
2872 66.0
2873 66.0
2874 66.0
2875 66.0
2876 66.0
2877 66.0
2878 66.0
2879 66.0
2880 66.0
2881 66.0
2882 66.0
2883 66.0
2884 66.0
2885 66.0
2886 66.0
2887 66.0
2888 66.0
2889 66.0
2890 66.0
2891 66.0
2892 66.0
2893 66.0
2894 66.0
2895 66.0
2896 66.0
2897 66.0
2898 66.0
2899 66.0
2900 66.0
2901 66.0
2902 66.0
2903 66.0
2904 66.0
2905 66.0
2906 66.0
2907 66.0
2908 66.0
2909 66.0
2910 66.0
2911 66.0
2912 66.0
2913 66.0
2914 66.0
2915 66.0
2916 66.0
2917 66.0
2918 66.0
2919 66.0
2920 66.0
2921 69.0
2922 69.0
2923 69.0
2924 69.0
2925 69.0
2926 69.0
2927 69.0
2928 69.0
2929 69.0
2930 69.0
2931 69.0
2932 69.0
2933 69.0
2934 69.0
2935 69.0
2936 69.0
2937 69.0
2938 69.0
2939 69.0
2940 69.0
2941 69.0
2942 69.0
2943 69.0
2944 69.0
2945 69.0
2946 69.0
2947 69.0
2948 69.0
2949 69.0
2950 69.0
2951 69.0
2952 69.0
2953 69.0
2954 69.0
2955 69.0
2956 69.0
2957 69.0
2958 69.0
2959 69.0
2960 69.0
2961 69.0
2962 69.0
2963 69.0
2964 69.0
2965 69.0
2966 69.0
2967 69.0
2968 69.0
2969 69.0
2970 69.0
2971 69.0
2972 69.0
2973 69.0
2974 69.0
2975 69.0
2976 69.0
2977 69.0
2978 69.0
2979 69.0
2980 69.0
2981 69.0
2982 69.0
2983 69.0
2984 69.0
2985 69.0
2986 69.0
2987 69.0
2988 69.0
2989 69.0
2990 69.0
2991 69.0
2992 69.0
2993 69.0
2994 69.0
2995 69.0
2996 69.0
2997 69.0
2998 69.0
2999 69.0
3000 69.0
3001 69.0
3002 69.0
3003 69.0
3004 69.0
3005 69.0
3006 69.0
3007 69.0
3008 69.0
3009 69.0
3010 69.0
3011 69.0
3012 69.0
3013 69.0
3014 69.0
3015 69.0
3016 69.0
3017 69.0
3018 69.0
3019 69.0
3020 69.0
3021 69.0
3022 69.0
3023 69.0
3024 69.0
3025 69.0
3026 69.0
3027 69.0
3028 69.0
3029 69.0
3030 69.0
3031 69.0
3032 69.0
3033 69.0
3034 69.0
3035 69.0
3036 69.0
3037 69.0
3038 69.0
3039 69.0
3040 69.0
3041 69.0
3042 69.0
3043 69.0
3044 69.0
3045 69.0
3046 69.0
3047 69.0
3048 69.0
3049 69.0
3050 69.0
3051 69.0
3052 69.0
3053 69.0
3054 69.0
3055 69.0
3056 69.0
3057 69.0
3058 69.0
3059 69.0
3060 69.0
3061 69.0
3062 69.0
3063 69.0
3064 69.0
3065 69.0
3066 69.0
3067 69.0
3068 69.0
3069 69.0
3070 69.0
3071 69.0
3072 69.0
3073 69.0
3074 69.0
3075 69.0
3076 69.0
3077 69.0
3078 69.0
3079 69.0
3080 69.0
3081 69.0
3082 69.0
3083 69.0
3084 69.0
3085 69.0
3086 69.0
3087 69.0
3088 69.0
3089 69.0
3090 69.0
3091 69.0
3092 69.0
3093 69.0
3094 69.0
3095 69.0
3096 69.0
3097 69.0
3098 69.0
3099 69.0
3100 69.0
3101 69.0
3102 69.0
3103 69.0
3104 69.0
3105 69.0
3106 69.0
3107 69.0
3108 69.0
3109 69.0
3110 69.0
3111 69.0
3112 69.0
3113 69.0
3114 69.0
3115 69.0
3116 69.0
3117 69.0
3118 69.0
3119 69.0
3120 69.0
3121 69.0
3122 69.0
3123 69.0
3124 69.0
3125 69.0
3126 69.0
3127 69.0
3128 69.0
3129 69.0
3130 69.0
3131 69.0
3132 69.0
3133 69.0
3134 69.0
3135 69.0
3136 69.0
3137 69.0
3138 69.0
3139 69.0
3140 69.0
3141 69.0
3142 69.0
3143 69.0
3144 69.0
3145 69.0
3146 69.0
3147 69.0
3148 69.0
3149 69.0
3150 69.0
3151 69.0
3152 69.0
3153 69.0
3154 69.0
3155 69.0
3156 69.0
3157 69.0
3158 69.0
3159 69.0
3160 69.0
3161 69.0
3162 69.0
3163 69.0
3164 69.0
3165 69.0
3166 69.0
3167 69.0
3168 69.0
3169 69.0
3170 69.0
3171 69.0
3172 69.0
3173 69.0
3174 69.0
3175 69.0
3176 69.0
3177 69.0
3178 69.0
3179 69.0
3180 69.0
3181 69.0
3182 69.0
3183 69.0
3184 69.0
3185 69.0
3186 69.0
3187 69.0
3188 69.0
3189 69.0
3190 69.0
3191 69.0
3192 69.0
3193 69.0
3194 69.0
3195 69.0
3196 69.0
3197 69.0
3198 69.0
3199 69.0
3200 69.0
3201 69.0
3202 69.0
3203 69.0
3204 69.0
3205 69.0
3206 69.0
3207 69.0
3208 69.0
3209 69.0
3210 69.0
3211 69.0
3212 69.0
3213 69.0
3214 69.0
3215 69.0
3216 69.0
3217 69.0
3218 69.0
3219 69.0
3220 69.0
3221 69.0
3222 69.0
3223 69.0
3224 69.0
3225 69.0
3226 69.0
3227 69.0
3228 69.0
3229 69.0
3230 69.0
3231 69.0
3232 69.0
3233 69.0
3234 69.0
3235 69.0
3236 69.0
3237 69.0
3238 69.0
3239 69.0
3240 69.0
3241 69.0
3242 69.0
3243 69.0
3244 69.0
3245 69.0
3246 69.0
3247 69.0
3248 69.0
3249 69.0
3250 69.0
3251 69.0
3252 69.0
3253 69.0
3254 69.0
3255 69.0
3256 69.0
3257 69.0
3258 69.0
3259 69.0
3260 69.0
3261 69.0
3262 69.0
3263 69.0
3264 69.0
3265 69.0
3266 69.0
3267 69.0
3268 69.0
3269 69.0
3270 69.0
3271 69.0
3272 69.0
3273 69.0
3274 69.0
3275 69.0
3276 69.0
3277 69.0
3278 69.0
3279 69.0
3280 69.0
3281 69.0
3282 69.0
3283 69.0
3284 69.0
3285 69.0
3286 69.0
3287 69.0
3288 69.0
3289 69.0
3290 69.0
3291 69.0
3292 69.0
3293 69.0
3294 69.0
3295 69.0
3296 69.0
3297 69.0
3298 69.0
3299 69.0
3300 69.0
3301 69.0
3302 69.0
3303 69.0
3304 69.0
3305 69.0
3306 69.0
3307 69.0
3308 69.0
3309 69.0
3310 69.0
3311 69.0
3312 69.0
3313 69.0
3314 69.0
3315 69.0
3316 69.0
3317 69.0
3318 69.0
3319 69.0
3320 69.0
3321 69.0
3322 69.0
3323 69.0
3324 69.0
3325 69.0
3326 69.0
3327 69.0
3328 69.0
3329 69.0
3330 69.0
3331 69.0
3332 69.0
3333 69.0
3334 69.0
3335 69.0
3336 69.0
3337 69.0
3338 69.0
3339 69.0
3340 69.0
3341 69.0
3342 69.0
3343 69.0
3344 69.0
3345 69.0
3346 69.0
3347 69.0
3348 69.0
3349 69.0
3350 69.0
3351 69.0
3352 69.0
3353 69.0
3354 69.0
3355 69.0
3356 69.0
3357 69.0
3358 69.0
3359 69.0
3360 69.0
3361 69.0
3362 69.0
3363 69.0
3364 69.0
3365 69.0
3366 69.0
3367 69.0
3368 69.0
3369 69.0
3370 69.0
3371 69.0
3372 69.0
3373 69.0
3374 69.0
3375 69.0
3376 69.0
3377 69.0
3378 69.0
3379 69.0
3380 69.0
3381 69.0
3382 69.0
3383 69.0
3384 69.0
3385 69.0
3386 69.0
3387 69.0
3388 69.0
3389 69.0
3390 69.0
3391 69.0
3392 69.0
3393 69.0
3394 69.0
3395 69.0
3396 69.0
3397 69.0
3398 69.0
3399 69.0
3400 69.0
3401 69.0
3402 69.0
3403 69.0
3404 69.0
3405 69.0
3406 69.0
3407 69.0
3408 69.0
3409 69.0
3410 69.0
3411 69.0
3412 69.0
3413 69.0
3414 69.0
3415 69.0
3416 69.0
3417 69.0
3418 69.0
3419 69.0
3420 69.0
3421 69.0
3422 69.0
3423 69.0
3424 69.0
3425 69.0
3426 69.0
3427 69.0
3428 69.0
3429 69.0
3430 69.0
3431 69.0
3432 69.0
3433 69.0
3434 69.0
3435 69.0
3436 69.0
3437 69.0
3438 69.0
3439 69.0
3440 69.0
3441 69.0
3442 69.0
3443 69.0
3444 69.0
3445 69.0
3446 69.0
3447 69.0
3448 69.0
3449 69.0
3450 69.0
3451 69.0
3452 69.0
3453 69.0
3454 69.0
3455 69.0
3456 69.0
3457 69.0
3458 69.0
3459 69.0
3460 69.0
3461 69.0
3462 69.0
3463 69.0
3464 69.0
3465 69.0
3466 69.0
3467 69.0
3468 69.0
3469 69.0
3470 69.0
3471 69.0
3472 69.0
3473 69.0
3474 69.0
3475 69.0
3476 69.0
3477 69.0
3478 69.0
3479 69.0
3480 69.0
3481 69.0
3482 69.0
3483 69.0
3484 69.0
3485 69.0
3486 69.0
3487 69.0
3488 69.0
3489 69.0
3490 69.0
3491 69.0
3492 69.0
3493 69.0
3494 69.0
3495 69.0
3496 69.0
3497 69.0
3498 69.0
3499 69.0
3500 69.0
3501 69.0
3502 69.0
3503 69.0
3504 69.0
3505 69.0
3506 69.0
3507 69.0
3508 69.0
3509 69.0
3510 69.0
3511 69.0
3512 69.0
3513 69.0
3514 69.0
3515 69.0
3516 69.0
3517 69.0
3518 69.0
3519 69.0
3520 69.0
3521 69.0
3522 69.0
3523 69.0
3524 69.0
3525 69.0
3526 69.0
3527 69.0
3528 69.0
3529 69.0
3530 69.0
3531 69.0
3532 69.0
3533 69.0
3534 69.0
3535 69.0
3536 69.0
3537 69.0
3538 69.0
3539 69.0
3540 69.0
3541 69.0
3542 69.0
3543 69.0
3544 69.0
3545 69.0
3546 69.0
3547 69.0
3548 69.0
3549 69.0
3550 69.0
3551 69.0
3552 69.0
3553 69.0
3554 69.0
3555 69.0
3556 69.0
3557 69.0
3558 69.0
3559 69.0
3560 69.0
3561 69.0
3562 69.0
3563 69.0
3564 69.0
3565 69.0
3566 69.0
3567 69.0
3568 69.0
3569 69.0
3570 69.0
3571 69.0
3572 69.0
3573 69.0
3574 69.0
3575 69.0
3576 69.0
3577 69.0
3578 69.0
3579 69.0
3580 69.0
3581 69.0
3582 69.0
3583 69.0
3584 69.0
3585 69.0
3586 69.0
3587 69.0
3588 69.0
3589 69.0
3590 69.0
3591 69.0
3592 69.0
3593 69.0
3594 69.0
3595 69.0
3596 69.0
3597 69.0
3598 69.0
3599 69.0
3600 69.0
3601 69.0
3602 69.0
3603 69.0
3604 69.0
3605 69.0
3606 69.0
3607 69.0
3608 69.0
3609 69.0
3610 69.0
3611 69.0
3612 69.0
3613 69.0
3614 69.0
3615 69.0
3616 69.0
3617 69.0
3618 69.0
3619 69.0
3620 69.0
3621 69.0
3622 69.0
3623 69.0
3624 69.0
3625 69.0
3626 69.0
3627 69.0
3628 69.0
3629 69.0
3630 69.0
3631 69.0
3632 69.0
3633 69.0
3634 69.0
3635 69.0
3636 69.0
3637 69.0
3638 69.0
3639 69.0
3640 69.0
3641 69.0
3642 69.0
3643 69.0
3644 69.0
3645 69.0
3646 69.0
3647 69.0
3648 69.0
3649 69.0
3650 69.0
3651 69.0
3652 69.0
3653 69.0
3654 69.0
3655 69.0
3656 69.0
3657 69.0
3658 69.0
3659 69.0
3660 69.0
3661 69.0
3662 69.0
3663 69.0
3664 69.0
3665 69.0
3666 69.0
3667 69.0
3668 69.0
3669 69.0
3670 69.0
3671 69.0
3672 69.0
3673 69.0
3674 69.0
3675 69.0
3676 69.0
3677 69.0
3678 69.0
3679 69.0
3680 69.0
3681 69.0
3682 69.0
3683 69.0
3684 69.0
3685 69.0
3686 69.0
3687 69.0
3688 69.0
3689 69.0
3690 69.0
3691 69.0
3692 69.0
3693 69.0
3694 69.0
3695 69.0
3696 69.0
3697 69.0
3698 69.0
3699 69.0
3700 69.0
3701 69.0
3702 69.0
3703 69.0
3704 69.0
3705 69.0
3706 69.0
3707 69.0
3708 69.0
3709 69.0
3710 69.0
3711 69.0
3712 69.0
3713 69.0
3714 69.0
3715 69.0
3716 69.0
3717 69.0
3718 69.0
3719 69.0
3720 69.0
3721 69.0
3722 69.0
3723 69.0
3724 69.0
3725 69.0
3726 69.0
3727 69.0
3728 69.0
3729 69.0
3730 69.0
3731 69.0
3732 69.0
3733 69.0
3734 69.0
3735 69.0
3736 69.0
3737 69.0
3738 69.0
3739 69.0
3740 69.0
3741 69.0
3742 69.0
3743 69.0
3744 69.0
3745 69.0
3746 69.0
3747 69.0
3748 69.0
3749 69.0
3750 69.0
3751 69.0
3752 69.0
3753 69.0
3754 69.0
3755 69.0
3756 69.0
3757 69.0
3758 69.0
3759 69.0
3760 69.0
3761 69.0
3762 69.0
3763 69.0
3764 69.0
3765 69.0
3766 69.0
3767 69.0
3768 69.0
3769 69.0
3770 69.0
3771 69.0
3772 69.0
3773 69.0
3774 69.0
3775 69.0
3776 69.0
3777 69.0
3778 69.0
3779 69.0
3780 69.0
3781 69.0
3782 69.0
3783 69.0
3784 69.0
3785 69.0
3786 69.0
3787 69.0
3788 69.0
3789 69.0
3790 69.0
3791 69.0
3792 69.0
3793 69.0
3794 69.0
3795 69.0
3796 69.0
3797 69.0
3798 69.0
3799 69.0
3800 69.0
3801 69.0
3802 69.0
3803 69.0
3804 69.0
3805 69.0
3806 69.0
3807 69.0
3808 69.0
3809 69.0
3810 69.0
3811 69.0
3812 69.0
3813 69.0
3814 69.0
3815 69.0
3816 69.0
3817 69.0
3818 69.0
3819 69.0
3820 69.0
3821 69.0
3822 69.0
3823 69.0
3824 69.0
3825 69.0
3826 69.0
3827 69.0
3828 69.0
3829 69.0
3830 69.0
3831 69.0
3832 69.0
3833 69.0
3834 69.0
3835 69.0
3836 69.0
3837 69.0
3838 69.0
3839 69.0
3840 69.0
3841 69.0
3842 69.0
3843 69.0
3844 69.0
3845 69.0
3846 69.0
3847 69.0
3848 69.0
3849 69.0
3850 69.0
3851 69.0
3852 69.0
3853 69.0
3854 69.0
3855 69.0
3856 69.0
3857 69.0
3858 69.0
3859 69.0
3860 69.0
3861 69.0
3862 69.0
3863 69.0
3864 69.0
3865 69.0
3866 69.0
3867 69.0
3868 69.0
3869 69.0
3870 69.0
3871 69.0
3872 69.0
3873 69.0
3874 69.0
3875 69.0
3876 69.0
3877 69.0
3878 69.0
3879 69.0
3880 69.0
3881 69.0
3882 69.0
3883 69.0
3884 69.0
3885 69.0
3886 69.0
3887 69.0
3888 69.0
3889 69.0
3890 69.0
3891 69.0
3892 69.0
3893 69.0
3894 69.0
3895 69.0
3896 69.0
3897 69.0
3898 69.0
3899 69.0
3900 69.0
3901 69.0
3902 69.0
3903 69.0
3904 69.0
3905 69.0
3906 69.0
3907 69.0
3908 69.0
3909 69.0
3910 69.0
3911 69.0
3912 69.0
3913 69.0
3914 69.0
3915 69.0
3916 69.0
3917 69.0
3918 69.0
3919 69.0
3920 69.0
3921 69.0
3922 69.0
3923 69.0
3924 69.0
3925 69.0
3926 69.0
3927 69.0
3928 69.0
3929 69.0
3930 69.0
3931 69.0
3932 69.0
3933 69.0
3934 69.0
3935 69.0
3936 69.0
3937 69.0
3938 69.0
3939 69.0
3940 69.0
3941 69.0
3942 69.0
3943 69.0
3944 69.0
3945 69.0
3946 69.0
3947 69.0
3948 69.0
3949 69.0
3950 69.0
3951 69.0
3952 69.0
3953 69.0
3954 69.0
3955 69.0
3956 69.0
3957 69.0
3958 69.0
3959 69.0
3960 69.0
3961 69.0
3962 69.0
3963 69.0
3964 69.0
3965 69.0
3966 69.0
3967 69.0
3968 69.0
3969 69.0
3970 69.0
3971 69.0
3972 69.0
3973 69.0
3974 69.0
3975 69.0
3976 69.0
3977 69.0
3978 69.0
3979 69.0
3980 69.0
3981 69.0
3982 69.0
3983 69.0
3984 69.0
3985 69.0
3986 69.0
3987 69.0
3988 69.0
3989 69.0
3990 69.0
3991 69.0
3992 69.0
3993 69.0
3994 69.0
3995 69.0
3996 69.0
3997 69.0
3998 69.0
3999 69.0
4000 69.0
4001 69.0
4002 69.0
4003 69.0
4004 69.0
4005 69.0
4006 69.0
4007 69.0
4008 69.0
4009 69.0
4010 69.0
4011 69.0
4012 69.0
4013 69.0
4014 69.0
4015 69.0
4016 69.0
4017 69.0
4018 69.0
4019 69.0
4020 69.0
4021 69.0
4022 69.0
4023 69.0
4024 69.0
4025 69.0
4026 69.0
4027 69.0
4028 69.0
4029 69.0
4030 69.0
4031 69.0
4032 69.0
4033 69.0
4034 69.0
4035 69.0
4036 69.0
4037 69.0
4038 69.0
4039 69.0
4040 69.0
4041 69.0
4042 69.0
4043 69.0
4044 69.0
4045 69.0
4046 69.0
4047 69.0
4048 69.0
4049 69.0
4050 69.0
4051 69.0
4052 69.0
4053 69.0
4054 69.0
4055 69.0
4056 69.0
4057 69.0
4058 69.0
4059 69.0
4060 69.0
4061 69.0
4062 69.0
4063 69.0
4064 69.0
4065 69.0
4066 69.0
4067 69.0
4068 69.0
4069 69.0
4070 69.0
4071 69.0
4072 69.0
4073 69.0
4074 69.0
4075 69.0
4076 69.0
4077 69.0
4078 69.0
4079 69.0
4080 69.0
4081 69.0
4082 69.0
4083 69.0
4084 69.0
4085 69.0
4086 69.0
4087 69.0
4088 69.0
4089 69.0
4090 69.0
4091 69.0
4092 69.0
4093 69.0
4094 69.0
4095 69.0
4096 69.0
4097 69.0
4098 69.0
4099 69.0
4100 69.0
4101 69.0
4102 69.0
4103 69.0
4104 69.0
4105 69.0
4106 69.0
4107 69.0
4108 69.0
4109 69.0
4110 69.0
4111 69.0
4112 69.0
4113 69.0
4114 69.0
4115 69.0
4116 69.0
4117 69.0
4118 69.0
4119 69.0
4120 69.0
4121 69.0
4122 69.0
4123 69.0
4124 69.0
4125 69.0
4126 69.0
4127 69.0
4128 69.0
4129 69.0
4130 69.0
4131 69.0
4132 69.0
4133 69.0
4134 69.0
4135 69.0
4136 69.0
4137 69.0
4138 69.0
4139 69.0
4140 69.0
4141 69.0
4142 69.0
4143 69.0
4144 69.0
4145 69.0
4146 69.0
4147 69.0
4148 69.0
4149 69.0
4150 69.0
4151 69.0
4152 69.0
4153 69.0
4154 69.0
4155 69.0
4156 69.0
4157 69.0
4158 69.0
4159 69.0
4160 69.0
4161 69.0
4162 69.0
4163 69.0
4164 69.0
4165 69.0
4166 69.0
4167 69.0
4168 69.0
4169 69.0
4170 69.0
4171 69.0
4172 69.0
4173 69.0
4174 69.0
4175 69.0
4176 69.0
4177 69.0
4178 69.0
4179 69.0
4180 69.0
4181 69.0
4182 69.0
4183 69.0
4184 69.0
4185 69.0
4186 69.0
4187 69.0
4188 69.0
4189 69.0
4190 69.0
4191 69.0
4192 69.0
4193 69.0
4194 69.0
4195 69.0
4196 69.0
4197 69.0
4198 69.0
4199 69.0
4200 69.0
4201 69.0
4202 69.0
4203 69.0
4204 69.0
4205 69.0
4206 69.0
4207 69.0
4208 69.0
4209 69.0
4210 69.0
4211 69.0
4212 69.0
4213 69.0
4214 69.0
4215 69.0
4216 69.0
4217 69.0
4218 69.0
4219 69.0
4220 69.0
4221 69.0
4222 69.0
4223 69.0
4224 69.0
4225 69.0
4226 69.0
4227 69.0
4228 69.0
4229 69.0
4230 69.0
4231 69.0
4232 69.0
4233 69.0
4234 69.0
4235 69.0
4236 69.0
4237 69.0
4238 69.0
4239 69.0
4240 69.0
4241 69.0
4242 69.0
4243 69.0
4244 69.0
4245 69.0
4246 69.0
4247 69.0
4248 69.0
4249 69.0
4250 69.0
4251 69.0
4252 69.0
4253 69.0
4254 69.0
4255 69.0
4256 69.0
4257 69.0
4258 69.0
4259 69.0
4260 69.0
4261 69.0
4262 69.0
4263 69.0
4264 69.0
4265 69.0
4266 69.0
4267 69.0
4268 69.0
4269 69.0
4270 69.0
4271 69.0
4272 69.0
4273 69.0
4274 69.0
4275 69.0
4276 69.0
4277 69.0
4278 69.0
4279 69.0
4280 69.0
4281 69.0
4282 69.0
4283 69.0
4284 69.0
4285 69.0
4286 69.0
4287 69.0
4288 69.0
4289 69.0
4290 69.0
4291 69.0
4292 69.0
4293 69.0
4294 69.0
4295 69.0
4296 69.0
4297 69.0
4298 69.0
4299 69.0
4300 69.0
4301 69.0
4302 69.0
4303 69.0
4304 69.0
4305 69.0
4306 69.0
4307 69.0
4308 69.0
4309 69.0
4310 69.0
4311 69.0
4312 69.0
4313 69.0
4314 69.0
4315 69.0
4316 69.0
4317 69.0
4318 69.0
4319 69.0
4320 69.0
4321 69.0
4322 69.0
4323 69.0
4324 69.0
4325 69.0
4326 69.0
4327 69.0
4328 69.0
4329 69.0
4330 69.0
4331 69.0
4332 69.0
4333 69.0
4334 69.0
4335 69.0
4336 69.0
4337 69.0
4338 69.0
4339 69.0
4340 69.0
4341 69.0
4342 69.0
4343 69.0
4344 69.0
4345 69.0
4346 69.0
4347 69.0
4348 69.0
4349 69.0
4350 69.0
4351 69.0
4352 69.0
4353 69.0
4354 69.0
4355 69.0
4356 69.0
4357 69.0
4358 69.0
4359 69.0
4360 69.0
4361 69.0
4362 69.0
4363 69.0
4364 69.0
4365 69.0
4366 69.0
4367 69.0
4368 69.0
4369 69.0
4370 69.0
4371 69.0
4372 69.0
4373 69.0
4374 69.0
4375 69.0
4376 69.0
4377 69.0
4378 69.0
4379 69.0
4380 69.0
4381 69.0
4382 69.0
4383 69.0
4384 69.0
4385 69.0
4386 69.0
4387 69.0
4388 69.0
4389 69.0
4390 69.0
4391 69.0
4392 69.0
4393 69.0
4394 69.0
4395 69.0
4396 69.0
4397 69.0
4398 69.0
4399 69.0
4400 69.0
4401 69.0
4402 69.0
4403 69.0
4404 69.0
4405 69.0
4406 69.0
4407 69.0
4408 69.0
4409 69.0
4410 69.0
4411 69.0
4412 69.0
4413 69.0
4414 69.0
4415 69.0
4416 69.0
4417 69.0
4418 69.0
4419 69.0
4420 69.0
4421 69.0
4422 69.0
4423 69.0
4424 69.0
4425 69.0
4426 69.0
4427 69.0
4428 69.0
4429 69.0
4430 69.0
4431 69.0
4432 69.0
4433 69.0
4434 69.0
4435 69.0
4436 69.0
4437 69.0
4438 69.0
4439 69.0
4440 69.0
4441 69.0
4442 69.0
4443 69.0
4444 69.0
4445 69.0
4446 69.0
4447 69.0
4448 69.0
4449 69.0
4450 69.0
4451 69.0
4452 69.0
4453 69.0
4454 69.0
4455 69.0
4456 69.0
4457 69.0
4458 69.0
4459 69.0
4460 69.0
4461 69.0
4462 69.0
4463 69.0
4464 69.0
4465 69.0
4466 69.0
4467 69.0
4468 69.0
4469 69.0
4470 69.0
4471 69.0
4472 69.0
4473 69.0
4474 69.0
4475 69.0
4476 69.0
4477 69.0
4478 69.0
4479 69.0
4480 69.0
4481 69.0
4482 69.0
4483 69.0
4484 69.0
4485 69.0
4486 69.0
4487 69.0
4488 69.0
4489 69.0
4490 69.0
4491 69.0
4492 69.0
4493 69.0
4494 69.0
4495 69.0
4496 69.0
4497 69.0
4498 69.0
4499 69.0
4500 69.0
4501 69.0
4502 69.0
4503 69.0
4504 69.0
4505 69.0
4506 69.0
4507 69.0
4508 69.0
4509 69.0
4510 69.0
4511 69.0
4512 69.0
4513 69.0
4514 69.0
4515 69.0
4516 69.0
4517 69.0
4518 69.0
4519 69.0
4520 69.0
4521 69.0
4522 69.0
4523 69.0
4524 69.0
4525 69.0
4526 69.0
4527 69.0
4528 69.0
4529 69.0
4530 69.0
4531 69.0
4532 69.0
4533 69.0
4534 69.0
4535 69.0
4536 69.0
4537 69.0
4538 69.0
4539 69.0
4540 69.0
4541 69.0
4542 69.0
4543 69.0
4544 69.0
4545 69.0
4546 69.0
4547 69.0
4548 69.0
4549 69.0
4550 69.0
4551 69.0
4552 69.0
4553 69.0
4554 69.0
4555 69.0
4556 69.0
4557 69.0
4558 69.0
4559 69.0
4560 69.0
4561 69.0
4562 69.0
4563 69.0
4564 69.0
4565 69.0
4566 69.0
4567 69.0
4568 69.0
4569 69.0
4570 69.0
4571 69.0
4572 69.0
4573 69.0
4574 69.0
4575 69.0
4576 69.0
4577 69.0
4578 69.0
4579 69.0
4580 69.0
4581 69.0
4582 69.0
4583 69.0
4584 69.0
4585 69.0
4586 69.0
4587 69.0
4588 69.0
4589 69.0
4590 69.0
4591 69.0
4592 69.0
4593 69.0
4594 69.0
4595 69.0
4596 69.0
4597 69.0
4598 69.0
4599 69.0
4600 69.0
4601 69.0
4602 69.0
4603 69.0
4604 69.0
4605 69.0
4606 69.0
4607 69.0
4608 69.0
4609 69.0
4610 69.0
4611 69.0
4612 69.0
4613 69.0
4614 69.0
4615 69.0
4616 69.0
4617 69.0
4618 69.0
4619 69.0
4620 69.0
4621 69.0
4622 69.0
4623 69.0
4624 69.0
4625 69.0
4626 69.0
4627 69.0
4628 69.0
4629 69.0
4630 69.0
4631 69.0
4632 69.0
4633 69.0
4634 69.0
4635 69.0
4636 69.0
4637 69.0
4638 69.0
4639 69.0
4640 69.0
4641 69.0
4642 69.0
4643 69.0
4644 69.0
4645 69.0
4646 69.0
4647 69.0
4648 69.0
4649 69.0
4650 69.0
4651 69.0
4652 69.0
4653 69.0
4654 69.0
4655 69.0
4656 69.0
4657 69.0
4658 69.0
4659 69.0
4660 69.0
4661 69.0
4662 69.0
4663 69.0
4664 69.0
4665 69.0
4666 69.0
4667 69.0
4668 69.0
4669 69.0
4670 69.0
4671 69.0
4672 69.0
4673 69.0
4674 69.0
4675 69.0
4676 69.0
4677 69.0
4678 69.0
4679 69.0
4680 69.0
4681 69.0
4682 69.0
4683 69.0
4684 69.0
4685 69.0
4686 69.0
4687 69.0
4688 69.0
4689 69.0
4690 69.0
4691 69.0
4692 69.0
4693 69.0
4694 69.0
4695 69.0
4696 69.0
4697 69.0
4698 69.0
4699 69.0
4700 69.0
4701 69.0
4702 69.0
4703 69.0
4704 69.0
4705 69.0
4706 69.0
4707 69.0
4708 69.0
4709 69.0
4710 69.0
4711 69.0
4712 69.0
4713 69.0
4714 69.0
4715 69.0
4716 69.0
4717 69.0
4718 69.0
4719 69.0
4720 69.0
4721 69.0
4722 69.0
4723 69.0
4724 69.0
4725 69.0
4726 69.0
4727 69.0
4728 69.0
4729 69.0
4730 69.0
4731 69.0
4732 69.0
4733 69.0
4734 69.0
4735 69.0
4736 69.0
4737 69.0
4738 69.0
4739 69.0
4740 69.0
4741 69.0
4742 69.0
4743 69.0
4744 69.0
4745 69.0
4746 69.0
4747 69.0
4748 69.0
4749 69.0
4750 69.0
4751 69.0
4752 69.0
4753 69.0
4754 69.0
4755 69.0
4756 69.0
4757 69.0
4758 69.0
4759 69.0
4760 69.0
4761 69.0
4762 69.0
4763 69.0
4764 69.0
4765 69.0
4766 69.0
4767 69.0
4768 69.0
4769 69.0
4770 69.0
4771 69.0
4772 69.0
4773 69.0
4774 69.0
4775 69.0
4776 69.0
4777 69.0
4778 69.0
4779 69.0
4780 69.0
4781 69.0
4782 69.0
4783 69.0
4784 69.0
4785 69.0
4786 69.0
4787 69.0
4788 69.0
4789 69.0
4790 69.0
4791 69.0
4792 69.0
4793 69.0
4794 69.0
4795 69.0
4796 69.0
4797 69.0
4798 69.0
4799 69.0
4800 69.0
4801 69.0
4802 69.0
4803 69.0
4804 69.0
4805 69.0
4806 69.0
4807 69.0
4808 69.0
4809 69.0
4810 69.0
4811 69.0
4812 69.0
4813 69.0
4814 69.0
4815 69.0
4816 69.0
4817 69.0
4818 69.0
4819 69.0
4820 69.0
4821 69.0
4822 69.0
4823 69.0
4824 69.0
4825 69.0
4826 69.0
4827 69.0
4828 69.0
4829 69.0
4830 69.0
4831 69.0
4832 69.0
4833 69.0
4834 69.0
4835 69.0
4836 69.0
4837 69.0
4838 69.0
4839 69.0
4840 69.0
4841 69.0
4842 69.0
4843 69.0
4844 69.0
4845 69.0
4846 69.0
4847 69.0
4848 69.0
4849 69.0
4850 69.0
4851 69.0
4852 69.0
4853 69.0
4854 69.0
4855 69.0
4856 69.0
4857 69.0
4858 69.0
4859 69.0
4860 69.0
4861 69.0
4862 69.0
4863 69.0
4864 69.0
4865 69.0
4866 69.0
4867 69.0
4868 69.0
4869 69.0
4870 69.0
4871 69.0
4872 69.0
4873 69.0
4874 69.0
4875 69.0
4876 69.0
4877 69.0
4878 69.0
4879 69.0
4880 69.0
4881 69.0
4882 69.0
4883 69.0
4884 69.0
4885 69.0
4886 69.0
4887 69.0
4888 69.0
4889 69.0
4890 69.0
4891 69.0
4892 69.0
4893 69.0
4894 69.0
4895 69.0
4896 69.0
4897 69.0
4898 69.0
4899 69.0
4900 69.0
4901 69.0
4902 69.0
4903 69.0
4904 69.0
4905 69.0
4906 69.0
4907 69.0
4908 69.0
4909 69.0
4910 69.0
4911 69.0
4912 69.0
4913 69.0
4914 69.0
4915 69.0
4916 69.0
4917 69.0
4918 69.0
4919 69.0
4920 69.0
4921 69.0
4922 69.0
4923 69.0
4924 69.0
4925 69.0
4926 69.0
4927 69.0
4928 69.0
4929 69.0
4930 69.0
4931 69.0
4932 69.0
4933 69.0
4934 69.0
4935 69.0
4936 69.0
4937 69.0
4938 69.0
4939 69.0
4940 69.0
4941 69.0
4942 69.0
4943 69.0
4944 69.0
4945 69.0
4946 69.0
4947 69.0
4948 69.0
4949 69.0
4950 69.0
4951 69.0
4952 69.0
4953 69.0
4954 69.0
4955 69.0
4956 69.0
4957 69.0
4958 69.0
4959 69.0
4960 69.0
4961 69.0
4962 69.0
4963 69.0
4964 69.0
4965 69.0
4966 69.0
4967 69.0
4968 69.0
4969 69.0
4970 69.0
4971 69.0
4972 69.0
4973 69.0
4974 69.0
4975 69.0
4976 69.0
4977 69.0
4978 69.0
4979 69.0
4980 69.0
4981 69.0
4982 69.0
4983 69.0
4984 69.0
4985 69.0
4986 69.0
4987 69.0
4988 69.0
4989 69.0
4990 69.0
4991 69.0
4992 69.0
4993 69.0
4994 69.0
4995 69.0
4996 69.0
4997 69.0
4998 69.0
4999 69.0
5000 69.0
5001 69.0
5002 69.0
5003 69.0
5004 69.0
5005 69.0
5006 69.0
5007 69.0
5008 69.0
5009 69.0
5010 69.0
5011 69.0
5012 69.0
5013 69.0
5014 69.0
5015 69.0
5016 69.0
5017 69.0
5018 69.0
5019 69.0
5020 69.0
5021 69.0
5022 69.0
5023 69.0
5024 69.0
5025 69.0
5026 69.0
5027 69.0
5028 69.0
5029 69.0
5030 69.0
5031 69.0
5032 69.0
5033 69.0
5034 69.0
5035 69.0
5036 69.0
5037 69.0
5038 69.0
5039 69.0
5040 69.0
5041 69.0
5042 69.0
5043 69.0
5044 69.0
5045 69.0
5046 69.0
5047 69.0
5048 69.0
5049 69.0
5050 69.0
5051 69.0
5052 69.0
5053 69.0
5054 69.0
5055 69.0
5056 69.0
5057 69.0
5058 69.0
5059 69.0
5060 69.0
5061 69.0
5062 69.0
5063 69.0
5064 69.0
5065 69.0
5066 69.0
5067 69.0
5068 69.0
5069 69.0
5070 69.0
5071 69.0
5072 69.0
5073 69.0
5074 69.0
5075 69.0
5076 69.0
5077 69.0
5078 69.0
5079 69.0
5080 69.0
5081 69.0
5082 69.0
5083 69.0
5084 69.0
5085 69.0
5086 69.0
5087 69.0
5088 69.0
5089 69.0
5090 69.0
5091 69.0
5092 69.0
5093 69.0
5094 69.0
5095 69.0
5096 69.0
5097 69.0
5098 69.0
5099 69.0
5100 69.0
5101 69.0
5102 69.0
5103 69.0
5104 69.0
5105 69.0
5106 69.0
5107 69.0
5108 69.0
5109 69.0
5110 69.0
5111 69.0
5112 69.0
5113 69.0
5114 69.0
5115 69.0
5116 69.0
5117 69.0
5118 69.0
5119 69.0
5120 69.0
5121 69.0
5122 69.0
5123 69.0
5124 69.0
5125 69.0
5126 69.0
5127 69.0
5128 69.0
5129 69.0
5130 69.0
5131 69.0
5132 69.0
5133 69.0
5134 69.0
5135 69.0
5136 69.0
5137 69.0
5138 69.0
5139 69.0
5140 69.0
5141 69.0
5142 69.0
5143 69.0
5144 69.0
5145 69.0
5146 69.0
5147 69.0
5148 69.0
5149 69.0
5150 69.0
5151 69.0
5152 69.0
5153 69.0
5154 69.0
5155 69.0
5156 69.0
5157 69.0
5158 69.0
5159 69.0
5160 69.0
5161 69.0
5162 69.0
5163 69.0
5164 69.0
5165 69.0
5166 69.0
5167 69.0
5168 69.0
5169 69.0
5170 69.0
5171 69.0
5172 69.0
5173 69.0
5174 69.0
5175 69.0
5176 69.0
5177 69.0
5178 69.0
5179 69.0
5180 69.0
5181 69.0
5182 69.0
5183 69.0
5184 69.0
5185 69.0
5186 69.0
5187 69.0
5188 69.0
5189 69.0
5190 69.0
5191 69.0
5192 69.0
5193 69.0
5194 69.0
5195 69.0
5196 69.0
5197 69.0
5198 69.0
5199 69.0
5200 69.0
5201 69.0
5202 69.0
5203 69.0
5204 69.0
5205 69.0
5206 69.0
5207 69.0
5208 69.0
5209 69.0
5210 69.0
5211 69.0
5212 69.0
5213 69.0
5214 69.0
5215 69.0
5216 69.0
5217 69.0
5218 69.0
5219 69.0
5220 69.0
5221 69.0
5222 69.0
5223 69.0
5224 69.0
5225 69.0
5226 69.0
5227 69.0
5228 69.0
5229 69.0
5230 69.0
5231 69.0
5232 69.0
5233 69.0
5234 69.0
5235 69.0
5236 69.0
5237 69.0
5238 69.0
5239 69.0
5240 69.0
5241 69.0
5242 69.0
5243 69.0
5244 69.0
5245 69.0
5246 69.0
5247 69.0
5248 69.0
5249 69.0
5250 69.0
5251 69.0
5252 69.0
5253 69.0
5254 69.0
5255 69.0
5256 69.0
5257 69.0
5258 69.0
5259 69.0
5260 69.0
5261 69.0
5262 69.0
5263 69.0
5264 69.0
5265 69.0
5266 69.0
5267 69.0
5268 69.0
5269 69.0
5270 69.0
5271 69.0
5272 69.0
5273 69.0
5274 69.0
5275 69.0
5276 69.0
5277 69.0
5278 69.0
5279 69.0
5280 69.0
5281 69.0
5282 69.0
5283 69.0
5284 69.0
5285 69.0
5286 69.0
5287 69.0
5288 69.0
5289 69.0
5290 69.0
5291 69.0
5292 69.0
5293 69.0
5294 69.0
5295 69.0
5296 69.0
5297 69.0
5298 69.0
5299 69.0
5300 69.0
5301 69.0
5302 69.0
5303 69.0
5304 69.0
5305 69.0
5306 69.0
5307 69.0
5308 69.0
5309 69.0
5310 69.0
5311 69.0
5312 69.0
5313 69.0
5314 69.0
5315 69.0
5316 69.0
5317 69.0
5318 69.0
5319 69.0
5320 69.0
5321 69.0
5322 69.0
5323 69.0
5324 69.0
5325 69.0
5326 69.0
5327 69.0
5328 69.0
5329 69.0
5330 69.0
5331 69.0
5332 69.0
5333 69.0
5334 69.0
5335 69.0
5336 69.0
5337 69.0
5338 69.0
5339 69.0
5340 69.0
5341 69.0
5342 69.0
5343 69.0
5344 69.0
5345 69.0
5346 69.0
5347 69.0
5348 69.0
5349 69.0
5350 69.0
5351 69.0
5352 69.0
5353 69.0
5354 69.0
5355 69.0
5356 69.0
5357 69.0
5358 69.0
5359 69.0
5360 69.0
5361 69.0
5362 69.0
5363 69.0
5364 69.0
5365 69.0
5366 69.0
5367 69.0
5368 69.0
5369 69.0
5370 69.0
5371 69.0
5372 69.0
5373 69.0
5374 69.0
5375 69.0
5376 69.0
5377 69.0
5378 69.0
5379 69.0
5380 69.0
5381 69.0
5382 69.0
5383 69.0
5384 69.0
5385 69.0
5386 69.0
5387 69.0
5388 69.0
5389 69.0
5390 69.0
5391 69.0
5392 69.0
5393 69.0
5394 69.0
5395 69.0
5396 69.0
5397 69.0
5398 69.0
5399 69.0
5400 69.0
5401 69.0
5402 69.0
5403 69.0
5404 69.0
5405 69.0
5406 69.0
5407 69.0
5408 69.0
5409 69.0
5410 69.0
5411 69.0
5412 69.0
5413 69.0
5414 69.0
5415 69.0
5416 69.0
5417 69.0
5418 69.0
5419 69.0
5420 69.0
5421 69.0
5422 69.0
5423 69.0
5424 69.0
5425 69.0
5426 69.0
5427 69.0
5428 69.0
5429 69.0
5430 69.0
5431 69.0
5432 69.0
5433 69.0
5434 69.0
5435 69.0
5436 69.0
5437 69.0
5438 69.0
5439 69.0
5440 69.0
5441 69.0
5442 69.0
5443 69.0
5444 69.0
5445 69.0
5446 69.0
5447 69.0
5448 69.0
5449 69.0
5450 69.0
5451 69.0
5452 69.0
5453 69.0
5454 69.0
5455 69.0
5456 69.0
5457 69.0
5458 69.0
5459 69.0
5460 69.0
5461 69.0
5462 69.0
5463 69.0
5464 69.0
5465 69.0
5466 69.0
5467 69.0
5468 69.0
5469 69.0
5470 69.0
5471 69.0
5472 69.0
5473 69.0
5474 69.0
5475 69.0
5476 69.0
5477 69.0
5478 69.0
5479 69.0
5480 69.0
5481 69.0
5482 69.0
5483 69.0
5484 69.0
5485 69.0
5486 69.0
5487 69.0
5488 69.0
5489 69.0
5490 69.0
5491 69.0
5492 69.0
5493 69.0
5494 69.0
5495 69.0
5496 69.0
5497 69.0
5498 69.0
5499 69.0
5500 69.0
5501 69.0
5502 69.0
5503 69.0
5504 69.0
5505 69.0
5506 69.0
5507 69.0
5508 69.0
5509 69.0
5510 69.0
5511 69.0
5512 69.0
5513 69.0
5514 69.0
5515 69.0
5516 69.0
5517 69.0
5518 69.0
5519 69.0
5520 69.0
5521 69.0
5522 69.0
5523 69.0
5524 69.0
5525 69.0
5526 69.0
5527 69.0
5528 69.0
5529 69.0
5530 69.0
5531 69.0
5532 69.0
5533 69.0
5534 69.0
5535 69.0
5536 69.0
5537 69.0
5538 69.0
5539 69.0
5540 69.0
5541 69.0
5542 69.0
5543 69.0
5544 69.0
5545 69.0
5546 69.0
5547 69.0
5548 69.0
5549 69.0
5550 69.0
5551 69.0
5552 69.0
5553 69.0
5554 69.0
5555 69.0
5556 69.0
5557 69.0
5558 69.0
5559 69.0
5560 69.0
5561 69.0
5562 69.0
5563 69.0
5564 69.0
5565 69.0
5566 69.0
5567 69.0
5568 69.0
5569 69.0
5570 69.0
5571 69.0
5572 69.0
5573 69.0
5574 69.0
5575 69.0
5576 69.0
5577 69.0
5578 69.0
5579 69.0
5580 69.0
5581 69.0
5582 69.0
5583 69.0
5584 69.0
5585 69.0
5586 69.0
5587 69.0
5588 69.0
5589 69.0
5590 69.0
5591 69.0
5592 69.0
5593 69.0
5594 69.0
5595 69.0
5596 69.0
5597 69.0
5598 69.0
5599 69.0
5600 69.0
5601 69.0
5602 69.0
5603 69.0
5604 69.0
5605 69.0
5606 69.0
5607 69.0
5608 69.0
5609 69.0
5610 69.0
5611 69.0
5612 69.0
5613 69.0
5614 69.0
5615 69.0
5616 69.0
5617 69.0
5618 69.0
5619 69.0
5620 69.0
5621 69.0
5622 69.0
5623 69.0
5624 69.0
5625 69.0
5626 69.0
5627 69.0
5628 69.0
5629 69.0
5630 69.0
5631 69.0
5632 69.0
5633 69.0
5634 69.0
5635 69.0
5636 69.0
5637 69.0
5638 69.0
5639 69.0
5640 69.0
5641 69.0
5642 69.0
5643 69.0
5644 69.0
5645 69.0
5646 69.0
5647 69.0
5648 69.0
5649 69.0
5650 69.0
5651 69.0
5652 69.0
5653 69.0
5654 69.0
5655 69.0
5656 69.0
5657 69.0
5658 69.0
5659 69.0
5660 69.0
5661 69.0
5662 69.0
5663 69.0
5664 69.0
5665 69.0
5666 69.0
5667 69.0
5668 69.0
5669 69.0
5670 69.0
5671 69.0
5672 69.0
5673 69.0
5674 69.0
5675 69.0
5676 69.0
5677 69.0
5678 69.0
5679 69.0
5680 69.0
5681 69.0
5682 69.0
5683 69.0
5684 69.0
5685 69.0
5686 69.0
5687 69.0
5688 69.0
5689 69.0
5690 69.0
5691 69.0
5692 69.0
5693 69.0
5694 69.0
5695 69.0
5696 69.0
5697 69.0
5698 69.0
5699 69.0
5700 69.0
5701 69.0
5702 69.0
5703 69.0
5704 69.0
5705 69.0
5706 69.0
5707 69.0
5708 69.0
5709 69.0
5710 69.0
5711 69.0
5712 69.0
5713 69.0
5714 69.0
5715 69.0
5716 69.0
5717 69.0
5718 69.0
5719 69.0
5720 69.0
5721 69.0
5722 69.0
5723 69.0
5724 69.0
5725 69.0
5726 69.0
5727 69.0
5728 69.0
5729 69.0
5730 69.0
5731 69.0
5732 69.0
5733 69.0
5734 69.0
5735 69.0
5736 69.0
5737 69.0
5738 69.0
5739 69.0
5740 69.0
5741 69.0
5742 69.0
5743 69.0
5744 69.0
5745 69.0
5746 69.0
5747 69.0
5748 69.0
5749 69.0
5750 69.0
5751 69.0
5752 69.0
5753 69.0
5754 69.0
5755 69.0
5756 69.0
5757 69.0
5758 69.0
5759 69.0
5760 69.0
5761 69.0
5762 69.0
5763 69.0
5764 69.0
5765 69.0
5766 69.0
5767 69.0
5768 69.0
5769 69.0
5770 69.0
5771 69.0
5772 69.0
5773 69.0
5774 69.0
5775 69.0
5776 69.0
5777 69.0
5778 69.0
5779 69.0
5780 69.0
5781 69.0
5782 69.0
5783 69.0
5784 69.0
5785 69.0
5786 69.0
5787 69.0
5788 69.0
5789 69.0
5790 69.0
5791 69.0
5792 69.0
5793 69.0
5794 69.0
5795 69.0
5796 69.0
5797 69.0
5798 69.0
5799 69.0
5800 69.0
5801 69.0
5802 69.0
5803 69.0
5804 69.0
5805 69.0
5806 69.0
5807 69.0
5808 69.0
5809 69.0
5810 69.0
5811 69.0
5812 69.0
5813 69.0
5814 69.0
5815 69.0
5816 69.0
5817 69.0
5818 69.0
5819 69.0
5820 69.0
5821 69.0
5822 69.0
5823 69.0
5824 69.0
5825 69.0
5826 69.0
5827 69.0
5828 69.0
5829 69.0
5830 69.0
5831 69.0
5832 69.0
5833 69.0
5834 69.0
5835 69.0
5836 69.0
5837 69.0
5838 69.0
5839 69.0
5840 69.0
5841 69.0
5842 69.0
5843 69.0
5844 69.0
5845 69.0
5846 69.0
5847 69.0
5848 69.0
5849 69.0
5850 69.0
5851 69.0
5852 69.0
5853 69.0
5854 69.0
5855 69.0
5856 69.0
5857 69.0
5858 69.0
5859 69.0
5860 69.0
5861 69.0
5862 69.0
5863 69.0
5864 69.0
5865 69.0
5866 69.0
5867 69.0
5868 69.0
5869 69.0
5870 69.0
5871 69.0
5872 69.0
5873 69.0
5874 69.0
5875 69.0
5876 69.0
5877 69.0
5878 69.0
5879 69.0
5880 69.0
5881 69.0
5882 69.0
5883 69.0
5884 69.0
5885 69.0
5886 69.0
5887 69.0
5888 69.0
5889 69.0
5890 69.0
5891 69.0
5892 69.0
5893 69.0
5894 69.0
5895 69.0
5896 69.0
5897 69.0
5898 69.0
5899 69.0
5900 69.0
5901 69.0
5902 69.0
5903 69.0
5904 69.0
5905 69.0
5906 69.0
5907 69.0
5908 69.0
5909 69.0
5910 69.0
5911 69.0
5912 69.0
5913 69.0
5914 69.0
5915 69.0
5916 69.0
5917 69.0
5918 69.0
5919 69.0
5920 69.0
5921 69.0
5922 69.0
5923 69.0
5924 69.0
5925 69.0
5926 69.0
5927 69.0
5928 69.0
5929 69.0
5930 69.0
5931 69.0
5932 69.0
5933 69.0
5934 69.0
5935 69.0
5936 69.0
5937 69.0
5938 69.0
5939 69.0
5940 69.0
5941 69.0
5942 69.0
5943 69.0
5944 69.0
5945 69.0
5946 69.0
5947 69.0
5948 69.0
5949 69.0
5950 69.0
5951 69.0
5952 69.0
5953 69.0
5954 69.0
5955 69.0
5956 69.0
5957 69.0
5958 69.0
5959 69.0
5960 69.0
5961 69.0
5962 69.0
5963 69.0
5964 69.0
5965 69.0
5966 69.0
5967 69.0
5968 69.0
5969 69.0
5970 69.0
5971 69.0
5972 69.0
5973 69.0
5974 69.0
5975 69.0
5976 69.0
5977 69.0
5978 69.0
5979 69.0
5980 69.0
5981 69.0
5982 69.0
5983 69.0
5984 69.0
5985 69.0
5986 69.0
5987 69.0
5988 69.0
5989 69.0
5990 69.0
5991 69.0
5992 69.0
5993 69.0
5994 69.0
5995 69.0
5996 69.0
5997 69.0
5998 69.0
5999 69.0
6000 69.0
6001 69.0
6002 69.0
6003 69.0
6004 69.0
6005 69.0
6006 69.0
6007 69.0
6008 69.0
6009 69.0
6010 69.0
6011 69.0
6012 69.0
6013 69.0
6014 69.0
6015 69.0
6016 69.0
6017 69.0
6018 69.0
6019 69.0
6020 69.0
6021 69.0
6022 69.0
6023 69.0
6024 69.0
6025 69.0
6026 69.0
6027 69.0
6028 69.0
6029 69.0
6030 69.0
6031 69.0
6032 69.0
6033 69.0
6034 69.0
6035 69.0
6036 69.0
6037 69.0
6038 69.0
6039 69.0
6040 69.0
6041 69.0
6042 69.0
6043 69.0
6044 69.0
6045 69.0
6046 69.0
6047 69.0
6048 69.0
6049 69.0
6050 69.0
6051 69.0
6052 69.0
6053 69.0
6054 69.0
6055 69.0
6056 69.0
6057 69.0
6058 69.0
6059 69.0
6060 69.0
6061 69.0
6062 69.0
6063 69.0
6064 69.0
6065 69.0
6066 69.0
6067 69.0
6068 69.0
6069 69.0
6070 69.0
6071 69.0
6072 69.0
6073 69.0
6074 69.0
6075 69.0
6076 69.0
6077 69.0
6078 69.0
6079 69.0
6080 69.0
6081 69.0
6082 69.0
6083 69.0
6084 69.0
6085 69.0
6086 69.0
6087 69.0
6088 69.0
6089 69.0
6090 69.0
6091 69.0
6092 69.0
6093 69.0
6094 69.0
6095 69.0
6096 69.0
6097 69.0
6098 69.0
6099 69.0
6100 69.0
6101 69.0
6102 69.0
6103 69.0
6104 69.0
6105 69.0
6106 69.0
6107 69.0
6108 69.0
6109 69.0
6110 69.0
6111 69.0
6112 69.0
6113 69.0
6114 69.0
6115 69.0
6116 69.0
6117 69.0
6118 69.0
6119 69.0
6120 69.0
6121 69.0
6122 69.0
6123 69.0
6124 69.0
6125 69.0
6126 69.0
6127 69.0
6128 69.0
6129 69.0
6130 69.0
6131 69.0
6132 69.0
6133 69.0
6134 69.0
6135 69.0
6136 69.0
6137 69.0
6138 69.0
6139 69.0
6140 69.0
6141 69.0
6142 69.0
6143 69.0
6144 69.0
6145 69.0
6146 69.0
6147 69.0
6148 69.0
6149 69.0
6150 69.0
6151 69.0
6152 69.0
6153 69.0
6154 69.0
6155 69.0
6156 69.0
6157 69.0
6158 69.0
6159 69.0
6160 69.0
6161 69.0
6162 69.0
6163 69.0
6164 69.0
6165 69.0
6166 69.0
6167 69.0
6168 69.0
6169 69.0
6170 69.0
6171 69.0
6172 69.0
6173 69.0
6174 69.0
6175 69.0
6176 69.0
6177 69.0
6178 69.0
6179 69.0
6180 69.0
6181 69.0
6182 69.0
6183 69.0
6184 69.0
6185 69.0
6186 69.0
6187 69.0
6188 69.0
6189 69.0
6190 69.0
6191 69.0
6192 69.0
6193 69.0
6194 69.0
6195 69.0
6196 69.0
6197 69.0
6198 69.0
6199 69.0
6200 69.0
6201 69.0
6202 69.0
6203 69.0
6204 69.0
6205 69.0
6206 69.0
6207 69.0
6208 69.0
6209 69.0
6210 69.0
6211 69.0
6212 69.0
6213 69.0
6214 69.0
6215 69.0
6216 69.0
6217 69.0
6218 69.0
6219 69.0
6220 69.0
6221 69.0
6222 69.0
6223 69.0
6224 69.0
6225 69.0
6226 69.0
6227 69.0
6228 69.0
6229 69.0
6230 69.0
6231 69.0
6232 69.0
6233 69.0
6234 69.0
6235 69.0
6236 69.0
6237 69.0
6238 69.0
6239 69.0
6240 69.0
6241 69.0
6242 69.0
6243 69.0
6244 69.0
6245 69.0
6246 69.0
6247 69.0
6248 69.0
6249 69.0
6250 69.0
6251 69.0
6252 69.0
6253 69.0
6254 69.0
6255 69.0
6256 69.0
6257 69.0
6258 69.0
6259 69.0
6260 69.0
6261 69.0
6262 69.0
6263 69.0
6264 69.0
6265 69.0
6266 69.0
6267 69.0
6268 69.0
6269 69.0
6270 69.0
6271 69.0
6272 69.0
6273 69.0
6274 69.0
6275 69.0
6276 69.0
6277 69.0
6278 69.0
6279 69.0
6280 69.0
6281 69.0
6282 69.0
6283 69.0
6284 69.0
6285 69.0
6286 69.0
6287 69.0
6288 69.0
6289 69.0
6290 69.0
6291 69.0
6292 69.0
6293 69.0
6294 69.0
6295 69.0
6296 69.0
6297 69.0
6298 69.0
6299 69.0
6300 69.0
6301 69.0
6302 69.0
6303 69.0
6304 69.0
6305 69.0
6306 69.0
6307 69.0
6308 69.0
6309 69.0
6310 69.0
6311 69.0
6312 69.0
6313 69.0
6314 69.0
6315 69.0
6316 69.0
6317 69.0
6318 69.0
6319 69.0
6320 69.0
6321 69.0
6322 69.0
6323 69.0
6324 69.0
6325 69.0
6326 69.0
6327 69.0
6328 69.0
6329 69.0
6330 69.0
6331 69.0
6332 69.0
6333 69.0
6334 69.0
6335 69.0
6336 69.0
6337 69.0
6338 69.0
6339 69.0
6340 69.0
6341 69.0
6342 69.0
6343 69.0
6344 69.0
6345 69.0
6346 69.0
6347 69.0
6348 69.0
6349 69.0
6350 69.0
6351 69.0
6352 69.0
6353 69.0
6354 69.0
6355 69.0
6356 69.0
6357 69.0
6358 69.0
6359 69.0
6360 69.0
6361 69.0
6362 69.0
6363 69.0
6364 69.0
6365 69.0
6366 69.0
6367 69.0
6368 69.0
6369 69.0
6370 69.0
6371 69.0
6372 69.0
6373 69.0
6374 69.0
6375 69.0
6376 69.0
6377 69.0
6378 69.0
6379 69.0
6380 69.0
6381 69.0
6382 69.0
6383 69.0
6384 69.0
6385 69.0
6386 69.0
6387 69.0
6388 69.0
6389 69.0
6390 69.0
6391 69.0
6392 69.0
6393 69.0
6394 69.0
6395 69.0
6396 69.0
6397 69.0
6398 69.0
6399 69.0
6400 69.0
6401 69.0
6402 69.0
6403 69.0
6404 69.0
6405 69.0
6406 69.0
6407 69.0
6408 69.0
6409 69.0
6410 69.0
6411 69.0
6412 69.0
6413 69.0
6414 69.0
6415 69.0
6416 69.0
6417 69.0
6418 69.0
6419 69.0
6420 69.0
6421 69.0
6422 69.0
6423 69.0
6424 69.0
6425 69.0
6426 69.0
6427 69.0
6428 69.0
6429 69.0
6430 69.0
6431 69.0
6432 69.0
6433 69.0
6434 69.0
6435 69.0
6436 69.0
6437 69.0
6438 69.0
6439 69.0
6440 69.0
6441 69.0
6442 69.0
6443 69.0
6444 69.0
6445 69.0
6446 69.0
6447 69.0
6448 69.0
6449 69.0
6450 69.0
6451 69.0
6452 69.0
6453 69.0
6454 69.0
6455 69.0
6456 69.0
6457 69.0
6458 69.0
6459 69.0
6460 69.0
6461 69.0
6462 69.0
6463 69.0
6464 69.0
6465 69.0
6466 69.0
6467 69.0
6468 69.0
6469 69.0
6470 69.0
6471 69.0
6472 69.0
6473 69.0
6474 69.0
6475 69.0
6476 69.0
6477 69.0
6478 69.0
6479 69.0
6480 69.0
6481 69.0
6482 69.0
6483 69.0
6484 69.0
6485 69.0
6486 69.0
6487 69.0
6488 69.0
6489 69.0
6490 69.0
6491 69.0
6492 69.0
6493 69.0
6494 69.0
6495 69.0
6496 69.0
6497 69.0
6498 69.0
6499 69.0
6500 69.0
6501 69.0
6502 69.0
6503 69.0
6504 69.0
6505 69.0
6506 69.0
6507 69.0
6508 69.0
6509 69.0
6510 69.0
6511 69.0
6512 69.0
6513 69.0
6514 69.0
6515 69.0
6516 69.0
6517 69.0
6518 69.0
6519 69.0
6520 69.0
6521 69.0
6522 69.0
6523 69.0
6524 69.0
6525 69.0
6526 69.0
6527 69.0
6528 69.0
6529 69.0
6530 69.0
6531 69.0
6532 69.0
6533 69.0
6534 69.0
6535 69.0
6536 69.0
6537 69.0
6538 69.0
6539 69.0
6540 69.0
6541 69.0
6542 69.0
6543 69.0
6544 69.0
6545 69.0
6546 69.0
6547 69.0
6548 69.0
6549 69.0
6550 69.0
6551 69.0
6552 69.0
6553 69.0
6554 69.0
6555 69.0
6556 69.0
6557 69.0
6558 69.0
6559 69.0
6560 69.0
6561 69.0
6562 69.0
6563 69.0
6564 69.0
6565 69.0
6566 69.0
6567 69.0
6568 69.0
6569 69.0
6570 69.0
6571 69.0
6572 69.0
6573 69.0
6574 69.0
6575 69.0
6576 69.0
6577 69.0
6578 69.0
6579 69.0
6580 69.0
6581 69.0
6582 69.0
6583 69.0
6584 69.0
6585 69.0
6586 69.0
6587 69.0
6588 69.0
6589 69.0
6590 69.0
6591 69.0
6592 69.0
6593 69.0
6594 69.0
6595 69.0
6596 69.0
6597 69.0
6598 69.0
6599 69.0
6600 69.0
6601 69.0
6602 69.0
6603 69.0
6604 69.0
6605 69.0
6606 69.0
6607 69.0
6608 69.0
6609 69.0
6610 69.0
6611 69.0
6612 69.0
6613 69.0
6614 69.0
6615 69.0
6616 69.0
6617 69.0
6618 69.0
6619 69.0
6620 69.0
6621 69.0
6622 69.0
6623 69.0
6624 69.0
6625 69.0
6626 69.0
6627 69.0
6628 69.0
6629 69.0
6630 69.0
6631 69.0
6632 69.0
6633 69.0
6634 69.0
6635 69.0
6636 69.0
6637 69.0
6638 69.0
6639 69.0
6640 69.0
6641 69.0
6642 69.0
6643 69.0
6644 69.0
6645 69.0
6646 69.0
6647 69.0
6648 69.0
6649 69.0
6650 69.0
6651 69.0
6652 69.0
6653 69.0
6654 69.0
6655 69.0
6656 69.0
6657 69.0
6658 69.0
6659 69.0
6660 69.0
6661 69.0
6662 69.0
6663 69.0
6664 69.0
6665 69.0
6666 69.0
6667 69.0
6668 69.0
6669 69.0
6670 69.0
6671 69.0
6672 69.0
6673 69.0
6674 69.0
6675 69.0
6676 69.0
6677 69.0
6678 69.0
6679 69.0
6680 69.0
6681 69.0
6682 69.0
6683 69.0
6684 69.0
6685 69.0
6686 69.0
6687 69.0
6688 69.0
6689 69.0
6690 69.0
6691 69.0
6692 69.0
6693 69.0
6694 69.0
6695 69.0
6696 69.0
6697 69.0
6698 69.0
6699 69.0
6700 69.0
6701 69.0
6702 69.0
6703 69.0
6704 69.0
6705 69.0
6706 69.0
6707 69.0
6708 69.0
6709 69.0
6710 69.0
6711 69.0
6712 69.0
6713 69.0
6714 69.0
6715 69.0
6716 69.0
6717 69.0
6718 69.0
6719 69.0
6720 69.0
6721 69.0
6722 69.0
6723 69.0
6724 69.0
6725 69.0
6726 69.0
6727 69.0
6728 69.0
6729 69.0
6730 69.0
6731 69.0
6732 69.0
6733 69.0
6734 69.0
6735 69.0
6736 69.0
6737 69.0
6738 69.0
6739 69.0
6740 69.0
6741 69.0
6742 69.0
6743 69.0
6744 69.0
6745 69.0
6746 69.0
6747 69.0
6748 69.0
6749 69.0
6750 69.0
6751 69.0
6752 69.0
6753 69.0
6754 69.0
6755 69.0
6756 69.0
6757 69.0
6758 69.0
6759 69.0
6760 69.0
6761 69.0
6762 69.0
6763 69.0
6764 69.0
6765 69.0
6766 69.0
6767 69.0
6768 69.0
6769 69.0
6770 69.0
6771 69.0
6772 69.0
6773 69.0
6774 69.0
6775 69.0
6776 69.0
6777 69.0
6778 69.0
6779 69.0
6780 69.0
6781 69.0
6782 69.0
6783 69.0
6784 69.0
6785 69.0
6786 69.0
6787 69.0
6788 69.0
6789 69.0
6790 69.0
6791 69.0
6792 69.0
6793 69.0
6794 69.0
6795 69.0
6796 69.0
6797 69.0
6798 69.0
6799 69.0
6800 69.0
6801 69.0
6802 69.0
6803 69.0
6804 69.0
6805 69.0
6806 69.0
6807 69.0
6808 69.0
6809 69.0
6810 69.0
6811 69.0
6812 69.0
6813 69.0
6814 69.0
6815 69.0
6816 69.0
6817 69.0
6818 69.0
6819 69.0
6820 69.0
6821 69.0
6822 69.0
6823 69.0
6824 69.0
6825 69.0
6826 69.0
6827 69.0
6828 69.0
6829 69.0
6830 69.0
6831 69.0
6832 69.0
6833 69.0
6834 69.0
6835 69.0
6836 69.0
6837 69.0
6838 69.0
6839 69.0
6840 69.0
6841 69.0
6842 69.0
6843 69.0
6844 69.0
6845 69.0
6846 69.0
6847 69.0
6848 69.0
6849 69.0
6850 69.0
6851 69.0
6852 69.0
6853 69.0
6854 69.0
6855 69.0
6856 69.0
6857 69.0
6858 69.0
6859 69.0
6860 69.0
6861 69.0
6862 69.0
6863 69.0
6864 69.0
6865 69.0
6866 69.0
6867 69.0
6868 69.0
6869 69.0
6870 69.0
6871 69.0
6872 69.0
6873 69.0
6874 69.0
6875 69.0
6876 69.0
6877 69.0
6878 69.0
6879 69.0
6880 69.0
6881 69.0
6882 69.0
6883 69.0
6884 69.0
6885 69.0
6886 69.0
6887 69.0
6888 69.0
6889 69.0
6890 69.0
6891 69.0
6892 69.0
6893 69.0
6894 69.0
6895 69.0
6896 69.0
6897 69.0
6898 69.0
6899 69.0
6900 69.0
6901 69.0
6902 69.0
6903 69.0
6904 69.0
6905 69.0
6906 69.0
6907 69.0
6908 69.0
6909 69.0
6910 69.0
6911 69.0
6912 69.0
6913 69.0
6914 69.0
6915 69.0
6916 69.0
6917 69.0
6918 69.0
6919 69.0
6920 69.0
6921 69.0
6922 69.0
6923 69.0
6924 69.0
6925 69.0
6926 69.0
6927 69.0
6928 69.0
6929 69.0
6930 69.0
6931 69.0
6932 69.0
6933 69.0
6934 69.0
6935 69.0
6936 69.0
6937 69.0
6938 69.0
6939 69.0
6940 69.0
6941 69.0
6942 69.0
6943 69.0
6944 69.0
6945 69.0
6946 69.0
6947 69.0
6948 69.0
6949 69.0
6950 69.0
6951 69.0
6952 69.0
6953 69.0
6954 69.0
6955 69.0
6956 69.0
6957 69.0
6958 69.0
6959 69.0
6960 69.0
6961 69.0
6962 69.0
6963 69.0
6964 69.0
6965 69.0
6966 69.0
6967 69.0
6968 69.0
6969 69.0
6970 69.0
6971 69.0
6972 69.0
6973 69.0
6974 69.0
6975 69.0
6976 69.0
6977 69.0
6978 69.0
6979 69.0
6980 69.0
6981 69.0
6982 69.0
6983 69.0
6984 69.0
6985 69.0
6986 69.0
6987 69.0
6988 69.0
6989 69.0
6990 69.0
6991 69.0
6992 69.0
6993 69.0
6994 69.0
6995 69.0
6996 69.0
6997 69.0
6998 69.0
6999 69.0
7000 69.0
7001 69.0
7002 69.0
7003 69.0
7004 69.0
7005 69.0
7006 69.0
7007 69.0
7008 69.0
7009 69.0
7010 69.0
7011 69.0
7012 69.0
7013 69.0
7014 69.0
7015 69.0
7016 69.0
7017 69.0
7018 69.0
7019 69.0
7020 69.0
7021 69.0
7022 69.0
7023 69.0
7024 69.0
7025 69.0
7026 69.0
7027 69.0
7028 69.0
7029 69.0
7030 69.0
7031 69.0
7032 69.0
7033 69.0
7034 69.0
7035 69.0
7036 69.0
7037 69.0
7038 69.0
7039 69.0
7040 69.0
7041 69.0
7042 69.0
7043 69.0
7044 69.0
7045 69.0
7046 69.0
7047 69.0
7048 69.0
7049 69.0
7050 69.0
7051 69.0
7052 69.0
7053 69.0
7054 69.0
7055 69.0
7056 69.0
7057 69.0
7058 69.0
7059 69.0
7060 69.0
7061 69.0
7062 69.0
7063 69.0
7064 69.0
7065 69.0
7066 69.0
7067 69.0
7068 69.0
7069 69.0
7070 69.0
7071 69.0
7072 69.0
7073 69.0
7074 69.0
7075 69.0
7076 69.0
7077 69.0
7078 69.0
7079 69.0
7080 69.0
7081 69.0
7082 69.0
7083 69.0
7084 69.0
7085 69.0
7086 69.0
7087 69.0
7088 69.0
7089 69.0
7090 69.0
7091 69.0
7092 69.0
7093 69.0
7094 69.0
7095 69.0
7096 69.0
7097 69.0
7098 69.0
7099 69.0
7100 69.0
7101 69.0
7102 69.0
7103 69.0
7104 69.0
7105 69.0
7106 69.0
7107 69.0
7108 69.0
7109 69.0
7110 69.0
7111 69.0
7112 69.0
7113 69.0
7114 69.0
7115 69.0
7116 69.0
7117 69.0
7118 69.0
7119 69.0
7120 69.0
7121 69.0
7122 69.0
7123 69.0
7124 69.0
7125 69.0
7126 69.0
7127 69.0
7128 69.0
7129 69.0
7130 69.0
7131 69.0
7132 69.0
7133 69.0
7134 69.0
7135 69.0
7136 69.0
7137 69.0
7138 69.0
7139 69.0
7140 69.0
7141 69.0
7142 69.0
7143 69.0
7144 69.0
7145 69.0
7146 69.0
7147 69.0
7148 69.0
7149 69.0
7150 69.0
7151 69.0
7152 69.0
7153 69.0
7154 69.0
7155 69.0
7156 69.0
7157 69.0
7158 69.0
7159 69.0
7160 69.0
7161 69.0
7162 69.0
7163 69.0
7164 69.0
7165 69.0
7166 69.0
7167 69.0
7168 69.0
7169 69.0
7170 69.0
7171 69.0
7172 69.0
7173 69.0
7174 69.0
7175 69.0
7176 69.0
7177 69.0
7178 69.0
7179 69.0
7180 69.0
7181 69.0
7182 69.0
7183 69.0
7184 69.0
7185 69.0
7186 69.0
7187 69.0
7188 69.0
7189 69.0
7190 69.0
7191 69.0
7192 69.0
7193 69.0
7194 69.0
7195 69.0
7196 69.0
7197 69.0
7198 69.0
7199 69.0
7200 69.0
7201 69.0
7202 69.0
7203 69.0
7204 69.0
7205 69.0
7206 69.0
7207 69.0
7208 69.0
7209 69.0
7210 69.0
7211 69.0
7212 69.0
7213 69.0
7214 69.0
7215 69.0
7216 69.0
7217 69.0
7218 69.0
7219 69.0
7220 69.0
7221 69.0
7222 69.0
7223 69.0
7224 69.0
7225 69.0
7226 69.0
7227 69.0
7228 69.0
7229 69.0
7230 69.0
7231 69.0
7232 69.0
7233 69.0
7234 69.0
7235 69.0
7236 69.0
7237 69.0
7238 69.0
7239 69.0
7240 69.0
7241 69.0
7242 69.0
7243 69.0
7244 69.0
7245 69.0
7246 69.0
7247 69.0
7248 69.0
7249 69.0
7250 69.0
7251 69.0
7252 69.0
7253 69.0
7254 69.0
7255 69.0
7256 69.0
7257 69.0
7258 69.0
7259 69.0
7260 69.0
7261 69.0
7262 69.0
7263 69.0
7264 69.0
7265 69.0
7266 69.0
7267 69.0
7268 69.0
7269 69.0
7270 69.0
7271 69.0
7272 69.0
7273 69.0
7274 69.0
7275 69.0
7276 69.0
7277 69.0
7278 69.0
7279 69.0
7280 69.0
7281 69.0
7282 69.0
7283 69.0
7284 69.0
7285 69.0
7286 69.0
7287 69.0
7288 69.0
7289 69.0
7290 69.0
7291 69.0
7292 69.0
7293 69.0
7294 69.0
7295 69.0
7296 69.0
7297 69.0
7298 69.0
7299 69.0
7300 69.0
7301 69.0
7302 69.0
7303 69.0
7304 69.0
7305 69.0
7306 69.0
7307 69.0
7308 69.0
7309 69.0
7310 69.0
7311 69.0
7312 69.0
7313 69.0
7314 69.0
7315 69.0
7316 69.0
7317 69.0
7318 69.0
7319 69.0
7320 69.0
7321 69.0
7322 69.0
7323 69.0
7324 69.0
7325 69.0
7326 69.0
7327 69.0
7328 69.0
7329 69.0
7330 69.0
7331 69.0
7332 69.0
7333 69.0
7334 69.0
7335 69.0
7336 69.0
7337 69.0
7338 69.0
7339 69.0
7340 69.0
7341 69.0
7342 69.0
7343 69.0
7344 69.0
7345 69.0
7346 69.0
7347 69.0
7348 69.0
7349 69.0
7350 69.0
7351 69.0
7352 69.0
7353 69.0
7354 69.0
7355 69.0
7356 69.0
7357 69.0
7358 69.0
7359 69.0
7360 69.0
7361 69.0
7362 69.0
7363 69.0
7364 69.0
7365 69.0
7366 69.0
7367 69.0
7368 69.0
7369 69.0
7370 69.0
7371 69.0
7372 69.0
7373 69.0
7374 69.0
7375 69.0
7376 69.0
7377 69.0
7378 69.0
7379 69.0
7380 69.0
7381 69.0
7382 69.0
7383 69.0
7384 69.0
7385 69.0
7386 69.0
7387 69.0
7388 69.0
7389 69.0
7390 69.0
7391 69.0
7392 69.0
7393 69.0
7394 69.0
7395 69.0
7396 69.0
7397 69.0
7398 69.0
7399 69.0
7400 69.0
7401 69.0
7402 69.0
7403 69.0
7404 69.0
7405 69.0
7406 69.0
7407 69.0
7408 69.0
7409 69.0
7410 69.0
7411 69.0
7412 69.0
7413 69.0
7414 69.0
7415 69.0
7416 69.0
7417 69.0
7418 69.0
7419 69.0
7420 69.0
7421 69.0
7422 69.0
7423 69.0
7424 69.0
7425 69.0
7426 69.0
7427 69.0
7428 69.0
7429 69.0
7430 69.0
7431 69.0
7432 69.0
7433 69.0
7434 69.0
7435 69.0
7436 69.0
7437 69.0
7438 69.0
7439 69.0
7440 69.0
7441 69.0
7442 69.0
7443 69.0
7444 69.0
7445 69.0
7446 69.0
7447 69.0
7448 69.0
7449 69.0
7450 69.0
7451 69.0
7452 69.0
7453 69.0
7454 69.0
7455 69.0
7456 69.0
7457 69.0
7458 69.0
7459 69.0
7460 69.0
7461 69.0
7462 69.0
7463 69.0
7464 69.0
7465 69.0
7466 69.0
7467 69.0
7468 69.0
7469 69.0
7470 69.0
7471 69.0
7472 69.0
7473 69.0
7474 69.0
7475 69.0
7476 69.0
7477 69.0
7478 69.0
7479 69.0
7480 69.0
7481 69.0
7482 69.0
7483 69.0
7484 69.0
7485 69.0
7486 69.0
7487 69.0
7488 69.0
7489 69.0
7490 69.0
7491 69.0
7492 69.0
7493 69.0
7494 69.0
7495 69.0
7496 69.0
7497 69.0
7498 69.0
7499 69.0
7500 69.0
7501 69.0
7502 69.0
7503 69.0
7504 69.0
7505 69.0
7506 69.0
7507 69.0
7508 69.0
7509 69.0
7510 69.0
7511 69.0
7512 69.0
7513 69.0
7514 69.0
7515 69.0
7516 69.0
7517 69.0
7518 69.0
7519 69.0
7520 69.0
7521 69.0
7522 69.0
7523 69.0
7524 69.0
7525 69.0
7526 69.0
7527 69.0
7528 69.0
7529 69.0
7530 69.0
7531 69.0
7532 69.0
7533 69.0
7534 69.0
7535 69.0
7536 69.0
7537 69.0
7538 69.0
7539 69.0
7540 69.0
7541 69.0
7542 69.0
7543 69.0
7544 69.0
7545 69.0
7546 69.0
7547 69.0
7548 69.0
7549 69.0
7550 69.0
7551 69.0
7552 69.0
7553 69.0
7554 69.0
7555 69.0
7556 69.0
7557 69.0
7558 69.0
7559 69.0
7560 69.0
7561 69.0
7562 69.0
7563 69.0
7564 69.0
7565 69.0
7566 69.0
7567 69.0
7568 69.0
7569 69.0
7570 69.0
7571 69.0
7572 69.0
7573 69.0
7574 69.0
7575 69.0
7576 69.0
7577 69.0
7578 69.0
7579 69.0
7580 69.0
7581 69.0
7582 69.0
7583 69.0
7584 69.0
7585 69.0
7586 69.0
7587 69.0
7588 69.0
7589 69.0
7590 69.0
7591 69.0
7592 69.0
7593 69.0
7594 69.0
7595 69.0
7596 69.0
7597 69.0
7598 69.0
7599 69.0
7600 69.0
7601 69.0
7602 69.0
7603 69.0
7604 69.0
7605 69.0
7606 69.0
7607 69.0
7608 69.0
7609 69.0
7610 69.0
7611 69.0
7612 69.0
7613 69.0
7614 69.0
7615 69.0
7616 69.0
7617 69.0
7618 69.0
7619 69.0
7620 69.0
7621 69.0
7622 69.0
7623 69.0
7624 69.0
7625 69.0
7626 69.0
7627 69.0
7628 69.0
7629 69.0
7630 69.0
7631 69.0
7632 69.0
7633 69.0
7634 69.0
7635 69.0
7636 69.0
7637 69.0
7638 69.0
7639 69.0
7640 69.0
7641 69.0
7642 69.0
7643 69.0
7644 69.0
7645 69.0
7646 69.0
7647 69.0
7648 69.0
7649 69.0
7650 69.0
7651 69.0
7652 69.0
7653 69.0
7654 69.0
7655 69.0
7656 69.0
7657 69.0
7658 69.0
7659 69.0
7660 69.0
7661 69.0
7662 69.0
7663 69.0
7664 69.0
7665 69.0
7666 69.0
7667 69.0
7668 69.0
7669 69.0
7670 69.0
7671 69.0
7672 69.0
7673 69.0
7674 69.0
7675 69.0
7676 69.0
7677 69.0
7678 69.0
7679 69.0
7680 69.0
7681 69.0
7682 69.0
7683 69.0
7684 69.0
7685 69.0
7686 69.0
7687 69.0
7688 69.0
7689 69.0
7690 69.0
7691 69.0
7692 69.0
7693 69.0
7694 69.0
7695 69.0
7696 69.0
7697 69.0
7698 69.0
7699 69.0
7700 69.0
7701 69.0
7702 69.0
7703 69.0
7704 69.0
7705 69.0
7706 69.0
7707 69.0
7708 69.0
7709 69.0
7710 69.0
7711 69.0
7712 69.0
7713 69.0
7714 69.0
7715 69.0
7716 69.0
7717 69.0
7718 69.0
7719 69.0
7720 69.0
7721 69.0
7722 69.0
7723 69.0
7724 69.0
7725 69.0
7726 69.0
7727 76.0
7728 76.0
7729 76.0
7730 76.0
7731 76.0
7732 76.0
7733 76.0
7734 76.0
7735 76.0
7736 76.0
7737 76.0
7738 76.0
7739 76.0
7740 76.0
7741 76.0
7742 76.0
7743 76.0
7744 76.0
7745 76.0
7746 76.0
7747 76.0
7748 76.0
7749 76.0
7750 76.0
7751 76.0
7752 76.0
7753 76.0
7754 76.0
7755 76.0
7756 76.0
7757 76.0
7758 76.0
7759 76.0
7760 76.0
7761 76.0
7762 76.0
7763 76.0
7764 76.0
7765 76.0
7766 76.0
7767 76.0
7768 76.0
7769 76.0
7770 76.0
7771 76.0
7772 76.0
7773 76.0
7774 76.0
7775 76.0
7776 76.0
7777 76.0
7778 76.0
7779 76.0
7780 76.0
7781 76.0
7782 76.0
7783 76.0
7784 76.0
7785 76.0
7786 76.0
7787 76.0
7788 76.0
7789 76.0
7790 76.0
7791 76.0
7792 76.0
7793 76.0
7794 76.0
7795 76.0
7796 76.0
7797 76.0
7798 76.0
7799 76.0
7800 76.0
7801 76.0
7802 76.0
7803 76.0
7804 76.0
7805 76.0
7806 76.0
7807 76.0
7808 76.0
7809 76.0
7810 76.0
7811 76.0
7812 76.0
7813 76.0
7814 76.0
7815 76.0
7816 76.0
7817 76.0
7818 76.0
7819 76.0
7820 76.0
7821 76.0
7822 76.0
7823 76.0
7824 76.0
7825 76.0
7826 76.0
7827 76.0
7828 76.0
7829 76.0
7830 76.0
7831 76.0
7832 76.0
7833 76.0
7834 76.0
7835 76.0
7836 76.0
7837 76.0
7838 76.0
7839 76.0
7840 76.0
7841 76.0
7842 76.0
7843 76.0
7844 76.0
7845 76.0
7846 76.0
7847 76.0
7848 76.0
7849 76.0
7850 76.0
7851 76.0
7852 76.0
7853 76.0
7854 76.0
7855 76.0
7856 76.0
7857 76.0
7858 76.0
7859 76.0
7860 76.0
7861 76.0
7862 76.0
7863 76.0
7864 76.0
7865 76.0
7866 76.0
7867 76.0
7868 76.0
7869 76.0
7870 76.0
7871 76.0
7872 76.0
7873 76.0
7874 76.0
7875 76.0
7876 76.0
7877 76.0
7878 76.0
7879 76.0
7880 76.0
7881 76.0
7882 76.0
7883 76.0
7884 76.0
7885 76.0
7886 76.0
7887 76.0
7888 76.0
7889 76.0
7890 76.0
7891 76.0
7892 76.0
7893 76.0
7894 76.0
7895 76.0
7896 76.0
7897 76.0
7898 76.0
7899 76.0
7900 76.0
7901 76.0
7902 76.0
7903 76.0
7904 76.0
7905 76.0
7906 76.0
7907 76.0
7908 76.0
7909 76.0
7910 76.0
7911 76.0
7912 76.0
7913 76.0
7914 76.0
7915 76.0
7916 76.0
7917 76.0
7918 76.0
7919 76.0
7920 76.0
7921 76.0
7922 76.0
7923 76.0
7924 76.0
7925 76.0
7926 76.0
7927 76.0
7928 76.0
7929 76.0
7930 76.0
7931 76.0
7932 76.0
7933 76.0
7934 76.0
7935 76.0
7936 76.0
7937 76.0
7938 76.0
7939 76.0
7940 76.0
7941 76.0
7942 76.0
7943 76.0
7944 76.0
7945 76.0
7946 76.0
7947 76.0
7948 76.0
7949 76.0
7950 76.0
7951 76.0
7952 76.0
7953 76.0
7954 76.0
7955 76.0
7956 76.0
7957 76.0
7958 76.0
7959 76.0
7960 76.0
7961 76.0
7962 76.0
7963 76.0
7964 76.0
7965 76.0
7966 76.0
7967 76.0
7968 76.0
7969 76.0
7970 76.0
7971 76.0
7972 76.0
7973 76.0
7974 76.0
7975 76.0
7976 76.0
7977 76.0
7978 76.0
7979 76.0
7980 76.0
7981 76.0
7982 76.0
7983 76.0
7984 76.0
7985 76.0
7986 76.0
7987 76.0
7988 76.0
7989 76.0
7990 76.0
7991 76.0
7992 76.0
7993 76.0
7994 76.0
7995 76.0
7996 76.0
7997 76.0
7998 76.0
7999 76.0
8000 76.0
8001 76.0
8002 76.0
8003 76.0
8004 76.0
8005 76.0
8006 76.0
8007 76.0
8008 76.0
8009 76.0
8010 76.0
8011 76.0
8012 76.0
8013 76.0
8014 76.0
8015 76.0
8016 76.0
8017 76.0
8018 76.0
8019 76.0
8020 76.0
8021 76.0
8022 76.0
8023 76.0
8024 76.0
8025 76.0
8026 76.0
8027 76.0
8028 76.0
8029 76.0
8030 76.0
8031 76.0
8032 76.0
8033 76.0
8034 76.0
8035 76.0
8036 76.0
8037 76.0
8038 76.0
8039 76.0
8040 76.0
8041 76.0
8042 76.0
8043 76.0
8044 76.0
8045 76.0
8046 76.0
8047 76.0
8048 76.0
8049 76.0
8050 76.0
8051 76.0
8052 76.0
8053 76.0
8054 76.0
8055 76.0
8056 76.0
8057 76.0
8058 76.0
8059 76.0
8060 76.0
8061 76.0
8062 76.0
8063 76.0
8064 76.0
8065 76.0
8066 76.0
8067 76.0
8068 76.0
8069 76.0
8070 76.0
8071 76.0
8072 76.0
8073 76.0
8074 76.0
8075 76.0
8076 76.0
8077 76.0
8078 76.0
8079 76.0
8080 76.0
8081 76.0
8082 76.0
8083 76.0
8084 76.0
8085 76.0
8086 76.0
8087 76.0
8088 76.0
8089 76.0
8090 76.0
8091 76.0
8092 76.0
8093 76.0
8094 76.0
8095 76.0
8096 76.0
8097 76.0
8098 76.0
8099 76.0
8100 76.0
8101 76.0
8102 76.0
8103 76.0
8104 76.0
8105 76.0
8106 76.0
8107 76.0
8108 76.0
8109 76.0
8110 76.0
8111 76.0
8112 76.0
8113 76.0
8114 76.0
8115 76.0
8116 76.0
8117 76.0
8118 76.0
8119 76.0
8120 76.0
8121 76.0
8122 76.0
8123 76.0
8124 76.0
8125 76.0
8126 76.0
8127 76.0
8128 76.0
8129 76.0
8130 76.0
8131 76.0
8132 76.0
8133 76.0
8134 76.0
8135 76.0
8136 76.0
8137 76.0
8138 76.0
8139 76.0
8140 76.0
8141 76.0
8142 76.0
8143 76.0
8144 76.0
8145 76.0
8146 76.0
8147 76.0
8148 76.0
8149 76.0
8150 76.0
8151 76.0
8152 76.0
8153 76.0
8154 76.0
8155 76.0
8156 76.0
8157 76.0
8158 76.0
8159 76.0
8160 76.0
8161 76.0
8162 76.0
8163 76.0
8164 76.0
8165 76.0
8166 76.0
8167 76.0
8168 76.0
8169 76.0
8170 76.0
8171 76.0
8172 76.0
8173 76.0
8174 76.0
8175 76.0
8176 76.0
8177 76.0
8178 76.0
8179 76.0
8180 76.0
8181 76.0
8182 76.0
8183 76.0
8184 76.0
8185 76.0
8186 76.0
8187 76.0
8188 76.0
8189 76.0
8190 76.0
8191 76.0
8192 76.0
8193 76.0
8194 76.0
8195 76.0
8196 76.0
8197 76.0
8198 76.0
8199 76.0
8200 76.0
8201 76.0
8202 76.0
8203 76.0
8204 76.0
8205 76.0
8206 76.0
8207 76.0
8208 76.0
8209 76.0
8210 76.0
8211 76.0
8212 76.0
8213 76.0
8214 76.0
8215 76.0
8216 76.0
8217 76.0
8218 76.0
8219 76.0
8220 76.0
8221 76.0
8222 76.0
8223 76.0
8224 76.0
8225 76.0
8226 76.0
8227 76.0
8228 76.0
8229 76.0
8230 76.0
8231 76.0
8232 76.0
8233 76.0
8234 76.0
8235 76.0
8236 76.0
8237 76.0
8238 76.0
8239 76.0
8240 76.0
8241 76.0
8242 76.0
8243 76.0
8244 76.0
8245 76.0
8246 76.0
8247 76.0
8248 76.0
8249 76.0
8250 76.0
8251 76.0
8252 76.0
8253 76.0
8254 76.0
8255 76.0
8256 76.0
8257 76.0
8258 76.0
8259 76.0
8260 76.0
8261 76.0
8262 76.0
8263 76.0
8264 76.0
8265 76.0
8266 76.0
8267 76.0
8268 76.0
8269 76.0
8270 76.0
8271 76.0
8272 76.0
8273 76.0
8274 76.0
8275 76.0
8276 76.0
8277 76.0
8278 76.0
8279 76.0
8280 76.0
8281 76.0
8282 76.0
8283 76.0
8284 76.0
8285 76.0
8286 76.0
8287 76.0
8288 76.0
8289 76.0
8290 76.0
8291 76.0
8292 76.0
8293 76.0
8294 76.0
8295 76.0
8296 76.0
8297 76.0
8298 76.0
8299 76.0
8300 76.0
8301 76.0
8302 76.0
8303 76.0
8304 76.0
8305 76.0
8306 76.0
8307 76.0
8308 76.0
8309 76.0
8310 76.0
8311 76.0
8312 76.0
8313 76.0
8314 76.0
8315 76.0
8316 76.0
8317 76.0
8318 76.0
8319 76.0
8320 76.0
8321 76.0
8322 76.0
8323 76.0
8324 76.0
8325 76.0
8326 76.0
8327 76.0
8328 76.0
8329 76.0
8330 76.0
8331 76.0
8332 76.0
8333 76.0
8334 76.0
8335 76.0
8336 76.0
8337 76.0
8338 76.0
8339 76.0
8340 76.0
8341 76.0
8342 76.0
8343 76.0
8344 76.0
8345 76.0
8346 76.0
8347 76.0
8348 76.0
8349 76.0
8350 76.0
8351 76.0
8352 76.0
8353 76.0
8354 76.0
8355 76.0
8356 76.0
8357 76.0
8358 76.0
8359 76.0
8360 76.0
8361 76.0
8362 76.0
8363 76.0
8364 76.0
8365 76.0
8366 76.0
8367 76.0
8368 76.0
8369 76.0
8370 76.0
8371 76.0
8372 76.0
8373 76.0
8374 76.0
8375 76.0
8376 76.0
8377 76.0
8378 76.0
8379 76.0
8380 76.0
8381 76.0
8382 76.0
8383 76.0
8384 76.0
8385 76.0
8386 76.0
8387 76.0
8388 76.0
8389 76.0
8390 76.0
8391 76.0
8392 76.0
8393 76.0
8394 76.0
8395 76.0
8396 76.0
8397 76.0
8398 76.0
8399 76.0
8400 76.0
8401 76.0
8402 76.0
8403 76.0
8404 76.0
8405 76.0
8406 76.0
8407 76.0
8408 76.0
8409 76.0
8410 76.0
8411 76.0
8412 76.0
8413 76.0
8414 76.0
8415 76.0
8416 76.0
8417 76.0
8418 76.0
8419 76.0
8420 76.0
8421 76.0
8422 76.0
8423 76.0
8424 76.0
8425 76.0
8426 76.0
8427 76.0
8428 76.0
8429 76.0
8430 76.0
8431 76.0
8432 76.0
8433 76.0
8434 76.0
8435 76.0
8436 76.0
8437 76.0
8438 76.0
8439 76.0
8440 76.0
8441 76.0
8442 76.0
8443 76.0
8444 76.0
8445 76.0
8446 76.0
8447 76.0
8448 76.0
8449 76.0
8450 76.0
8451 76.0
8452 76.0
8453 76.0
8454 76.0
8455 76.0
8456 76.0
8457 76.0
8458 76.0
8459 76.0
8460 76.0
8461 76.0
8462 76.0
8463 76.0
8464 76.0
8465 76.0
8466 76.0
8467 76.0
8468 76.0
8469 76.0
8470 76.0
8471 76.0
8472 76.0
8473 76.0
8474 76.0
8475 76.0
8476 76.0
8477 76.0
8478 76.0
8479 76.0
8480 76.0
8481 76.0
8482 76.0
8483 76.0
8484 76.0
8485 76.0
8486 76.0
8487 76.0
8488 76.0
8489 76.0
8490 76.0
8491 76.0
8492 76.0
8493 76.0
8494 76.0
8495 76.0
8496 76.0
8497 76.0
8498 76.0
8499 76.0
8500 76.0
8501 76.0
8502 76.0
8503 76.0
8504 76.0
8505 76.0
8506 76.0
8507 76.0
8508 76.0
8509 76.0
8510 76.0
8511 76.0
8512 76.0
8513 76.0
8514 76.0
8515 76.0
8516 76.0
8517 76.0
8518 76.0
8519 76.0
8520 76.0
8521 76.0
8522 76.0
8523 76.0
8524 76.0
8525 76.0
8526 76.0
8527 76.0
8528 76.0
8529 76.0
8530 76.0
8531 76.0
8532 76.0
8533 76.0
8534 76.0
8535 76.0
8536 76.0
8537 76.0
8538 76.0
8539 76.0
8540 76.0
8541 76.0
8542 76.0
8543 76.0
8544 76.0
8545 76.0
8546 76.0
8547 76.0
8548 76.0
8549 76.0
8550 76.0
8551 76.0
8552 76.0
8553 76.0
8554 76.0
8555 76.0
8556 76.0
8557 76.0
8558 76.0
8559 76.0
8560 76.0
8561 76.0
8562 76.0
8563 76.0
8564 76.0
8565 76.0
8566 76.0
8567 76.0
8568 76.0
8569 76.0
8570 76.0
8571 76.0
8572 76.0
8573 76.0
8574 76.0
8575 76.0
8576 76.0
8577 76.0
8578 76.0
8579 76.0
8580 76.0
8581 76.0
8582 76.0
8583 76.0
8584 76.0
8585 76.0
8586 76.0
8587 76.0
8588 76.0
8589 76.0
8590 76.0
8591 76.0
8592 76.0
8593 76.0
8594 76.0
8595 76.0
8596 76.0
8597 76.0
8598 76.0
8599 76.0
8600 76.0
8601 76.0
8602 76.0
8603 76.0
8604 76.0
8605 76.0
8606 76.0
8607 76.0
8608 76.0
8609 76.0
8610 76.0
8611 76.0
8612 76.0
8613 76.0
8614 76.0
8615 76.0
8616 76.0
8617 76.0
8618 76.0
8619 76.0
8620 76.0
8621 76.0
8622 76.0
8623 76.0
8624 76.0
8625 76.0
8626 76.0
8627 76.0
8628 76.0
8629 76.0
8630 76.0
8631 76.0
8632 76.0
8633 76.0
8634 76.0
8635 76.0
8636 76.0
8637 76.0
8638 76.0
8639 76.0
8640 76.0
8641 76.0
8642 76.0
8643 76.0
8644 76.0
8645 76.0
8646 76.0
8647 76.0
8648 76.0
8649 76.0
8650 76.0
8651 76.0
8652 76.0
8653 76.0
8654 76.0
8655 76.0
8656 76.0
8657 76.0
8658 76.0
8659 76.0
8660 76.0
8661 76.0
8662 76.0
8663 76.0
8664 76.0
8665 76.0
8666 76.0
8667 76.0
8668 76.0
8669 76.0
8670 76.0
8671 76.0
8672 76.0
8673 76.0
8674 76.0
8675 76.0
8676 76.0
8677 76.0
8678 76.0
8679 76.0
8680 76.0
8681 76.0
8682 76.0
8683 76.0
8684 76.0
8685 76.0
8686 76.0
8687 76.0
8688 76.0
8689 76.0
8690 76.0
8691 76.0
8692 76.0
8693 76.0
8694 76.0
8695 76.0
8696 76.0
8697 76.0
8698 76.0
8699 76.0
8700 76.0
8701 76.0
8702 76.0
8703 76.0
8704 76.0
8705 76.0
8706 76.0
8707 76.0
8708 76.0
8709 76.0
8710 76.0
8711 76.0
8712 76.0
8713 76.0
8714 76.0
8715 76.0
8716 76.0
8717 76.0
8718 76.0
8719 76.0
8720 76.0
8721 76.0
8722 76.0
8723 76.0
8724 76.0
8725 76.0
8726 76.0
8727 76.0
8728 76.0
8729 76.0
8730 76.0
8731 76.0
8732 76.0
8733 76.0
8734 76.0
8735 76.0
8736 76.0
8737 76.0
8738 76.0
8739 76.0
8740 76.0
8741 76.0
8742 76.0
8743 76.0
8744 76.0
8745 76.0
8746 76.0
8747 76.0
8748 76.0
8749 76.0
8750 76.0
8751 76.0
8752 76.0
8753 76.0
8754 76.0
8755 76.0
8756 76.0
8757 76.0
8758 76.0
8759 76.0
8760 76.0
8761 76.0
8762 76.0
8763 76.0
8764 76.0
8765 76.0
8766 76.0
8767 76.0
8768 76.0
8769 76.0
8770 76.0
8771 76.0
8772 76.0
8773 76.0
8774 76.0
8775 76.0
8776 76.0
8777 76.0
8778 76.0
8779 76.0
8780 76.0
8781 76.0
8782 76.0
8783 76.0
8784 76.0
8785 76.0
8786 76.0
8787 76.0
8788 76.0
8789 76.0
8790 76.0
8791 76.0
8792 76.0
8793 76.0
8794 76.0
8795 76.0
8796 76.0
8797 76.0
8798 76.0
8799 76.0
8800 76.0
8801 76.0
8802 76.0
8803 76.0
8804 76.0
8805 76.0
8806 76.0
8807 76.0
8808 76.0
8809 76.0
8810 76.0
8811 76.0
8812 76.0
8813 76.0
8814 76.0
8815 76.0
8816 76.0
8817 76.0
8818 76.0
8819 76.0
8820 76.0
8821 76.0
8822 76.0
8823 76.0
8824 76.0
8825 76.0
8826 76.0
8827 76.0
8828 76.0
8829 76.0
8830 76.0
8831 76.0
8832 76.0
8833 76.0
8834 76.0
8835 76.0
8836 76.0
8837 76.0
8838 76.0
8839 76.0
8840 76.0
8841 76.0
8842 76.0
8843 76.0
8844 76.0
8845 76.0
8846 76.0
8847 76.0
8848 76.0
8849 76.0
8850 76.0
8851 76.0
8852 76.0
8853 76.0
8854 76.0
8855 76.0
8856 76.0
8857 76.0
8858 76.0
8859 76.0
8860 76.0
8861 76.0
8862 76.0
8863 76.0
8864 76.0
8865 76.0
8866 76.0
8867 76.0
8868 76.0
8869 76.0
8870 76.0
8871 76.0
8872 76.0
8873 76.0
8874 76.0
8875 76.0
8876 76.0
8877 76.0
8878 76.0
8879 76.0
8880 76.0
8881 76.0
8882 76.0
8883 76.0
8884 76.0
8885 76.0
8886 76.0
8887 76.0
8888 76.0
8889 76.0
8890 76.0
8891 76.0
8892 76.0
8893 76.0
8894 76.0
8895 76.0
8896 76.0
8897 76.0
8898 76.0
8899 76.0
8900 76.0
8901 76.0
8902 76.0
8903 76.0
8904 76.0
8905 76.0
8906 76.0
8907 76.0
8908 76.0
8909 76.0
8910 76.0
8911 76.0
8912 76.0
8913 76.0
8914 76.0
8915 76.0
8916 76.0
8917 76.0
8918 76.0
8919 76.0
8920 76.0
8921 76.0
8922 76.0
8923 76.0
8924 76.0
8925 76.0
8926 76.0
8927 76.0
8928 76.0
8929 76.0
8930 76.0
8931 76.0
8932 76.0
8933 76.0
8934 76.0
8935 76.0
8936 76.0
8937 76.0
8938 76.0
8939 76.0
8940 76.0
8941 76.0
8942 76.0
8943 76.0
8944 76.0
8945 76.0
8946 76.0
8947 76.0
8948 76.0
8949 76.0
8950 76.0
8951 76.0
8952 76.0
8953 76.0
8954 76.0
8955 76.0
8956 76.0
8957 76.0
8958 76.0
8959 76.0
8960 76.0
8961 76.0
8962 76.0
8963 76.0
8964 76.0
8965 76.0
8966 76.0
8967 76.0
8968 76.0
8969 76.0
8970 76.0
8971 76.0
8972 76.0
8973 76.0
8974 76.0
8975 76.0
8976 76.0
8977 76.0
8978 76.0
8979 76.0
8980 76.0
8981 76.0
8982 76.0
8983 76.0
8984 76.0
8985 76.0
8986 76.0
8987 76.0
8988 76.0
8989 76.0
8990 76.0
8991 76.0
8992 76.0
8993 76.0
8994 76.0
8995 76.0
8996 76.0
8997 76.0
8998 76.0
8999 76.0
9000 76.0
9001 76.0
9002 76.0
9003 76.0
9004 76.0
9005 76.0
9006 76.0
9007 76.0
9008 76.0
9009 76.0
9010 76.0
9011 76.0
9012 76.0
9013 76.0
9014 76.0
9015 76.0
9016 76.0
9017 76.0
9018 76.0
9019 76.0
9020 76.0
9021 76.0
9022 76.0
9023 76.0
9024 76.0
9025 76.0
9026 76.0
9027 76.0
9028 76.0
9029 76.0
9030 76.0
9031 76.0
9032 76.0
9033 76.0
9034 76.0
9035 76.0
9036 76.0
9037 76.0
9038 76.0
9039 76.0
9040 76.0
9041 76.0
9042 76.0
9043 76.0
9044 76.0
9045 76.0
9046 76.0
9047 76.0
9048 76.0
9049 76.0
9050 76.0
9051 76.0
9052 76.0
9053 76.0
9054 76.0
9055 76.0
9056 76.0
9057 76.0
9058 76.0
9059 76.0
9060 76.0
9061 76.0
9062 76.0
9063 76.0
9064 76.0
9065 76.0
9066 76.0
9067 76.0
9068 76.0
9069 76.0
9070 76.0
9071 76.0
9072 76.0
9073 76.0
9074 76.0
9075 76.0
9076 76.0
9077 76.0
9078 76.0
9079 76.0
9080 76.0
9081 76.0
9082 76.0
9083 76.0
9084 76.0
9085 76.0
9086 76.0
9087 76.0
9088 76.0
9089 76.0
9090 76.0
9091 76.0
9092 76.0
9093 76.0
9094 76.0
9095 76.0
9096 76.0
9097 76.0
9098 76.0
9099 76.0
9100 76.0
9101 76.0
9102 76.0
9103 76.0
9104 76.0
9105 76.0
9106 76.0
9107 76.0
9108 76.0
9109 76.0
9110 76.0
9111 76.0
9112 76.0
9113 76.0
9114 76.0
9115 76.0
9116 76.0
9117 76.0
9118 76.0
9119 76.0
9120 76.0
9121 76.0
9122 76.0
9123 76.0
9124 76.0
9125 76.0
9126 76.0
9127 76.0
9128 76.0
9129 76.0
9130 76.0
9131 76.0
9132 76.0
9133 76.0
9134 76.0
9135 76.0
9136 76.0
9137 76.0
9138 76.0
9139 76.0
9140 76.0
9141 76.0
9142 76.0
9143 76.0
9144 76.0
9145 76.0
9146 76.0
9147 76.0
9148 76.0
9149 76.0
9150 76.0
9151 76.0
9152 76.0
9153 76.0
9154 76.0
9155 76.0
9156 76.0
9157 76.0
9158 76.0
9159 76.0
9160 76.0
9161 76.0
9162 76.0
9163 76.0
9164 76.0
9165 76.0
9166 76.0
9167 76.0
9168 76.0
9169 76.0
9170 76.0
9171 76.0
9172 76.0
9173 76.0
9174 76.0
9175 76.0
9176 76.0
9177 76.0
9178 76.0
9179 76.0
9180 76.0
9181 76.0
9182 76.0
9183 76.0
9184 76.0
9185 76.0
9186 76.0
9187 76.0
9188 76.0
9189 76.0
9190 76.0
9191 76.0
9192 76.0
9193 76.0
9194 76.0
9195 76.0
9196 76.0
9197 76.0
9198 76.0
9199 76.0
9200 76.0
9201 76.0
9202 76.0
9203 76.0
9204 76.0
9205 76.0
9206 76.0
9207 76.0
9208 76.0
9209 76.0
9210 76.0
9211 76.0
9212 76.0
9213 76.0
9214 76.0
9215 76.0
9216 76.0
9217 76.0
9218 76.0
9219 76.0
9220 76.0
9221 76.0
9222 76.0
9223 76.0
9224 76.0
9225 76.0
9226 76.0
9227 76.0
9228 76.0
9229 76.0
9230 76.0
9231 76.0
9232 76.0
9233 76.0
9234 76.0
9235 76.0
9236 76.0
9237 76.0
9238 76.0
9239 76.0
9240 76.0
9241 76.0
9242 76.0
9243 76.0
9244 76.0
9245 76.0
9246 76.0
9247 76.0
9248 76.0
9249 76.0
9250 76.0
9251 76.0
9252 76.0
9253 76.0
9254 76.0
9255 76.0
9256 76.0
9257 76.0
9258 76.0
9259 76.0
9260 76.0
9261 76.0
9262 76.0
9263 76.0
9264 76.0
9265 76.0
9266 76.0
9267 76.0
9268 76.0
9269 76.0
9270 76.0
9271 76.0
9272 76.0
9273 76.0
9274 76.0
9275 76.0
9276 76.0
9277 76.0
9278 76.0
9279 76.0
9280 76.0
9281 76.0
9282 76.0
9283 76.0
9284 76.0
9285 76.0
9286 76.0
9287 76.0
9288 76.0
9289 76.0
9290 76.0
9291 76.0
9292 76.0
9293 76.0
9294 76.0
9295 76.0
9296 76.0
9297 76.0
9298 76.0
9299 76.0
9300 76.0
9301 76.0
9302 76.0
9303 76.0
9304 76.0
9305 76.0
9306 76.0
9307 76.0
9308 76.0
9309 76.0
9310 76.0
9311 76.0
9312 76.0
9313 76.0
9314 76.0
9315 76.0
9316 76.0
9317 76.0
9318 76.0
9319 76.0
9320 76.0
9321 76.0
9322 76.0
9323 76.0
9324 76.0
9325 76.0
9326 76.0
9327 76.0
9328 76.0
9329 76.0
9330 76.0
9331 76.0
9332 76.0
9333 76.0
9334 76.0
9335 76.0
9336 76.0
9337 76.0
9338 76.0
9339 76.0
9340 76.0
9341 76.0
9342 76.0
9343 76.0
9344 76.0
9345 76.0
9346 76.0
9347 76.0
9348 76.0
9349 76.0
9350 76.0
9351 76.0
9352 76.0
9353 76.0
9354 76.0
9355 76.0
9356 76.0
9357 76.0
9358 76.0
9359 76.0
9360 76.0
9361 76.0
9362 76.0
9363 76.0
9364 76.0
9365 76.0
9366 76.0
9367 76.0
9368 76.0
9369 76.0
9370 76.0
9371 76.0
9372 76.0
9373 76.0
9374 76.0
9375 76.0
9376 76.0
9377 76.0
9378 76.0
9379 76.0
9380 76.0
9381 76.0
9382 76.0
9383 76.0
9384 76.0
9385 76.0
9386 76.0
9387 76.0
9388 76.0
9389 76.0
9390 76.0
9391 76.0
9392 76.0
9393 76.0
9394 76.0
9395 76.0
9396 76.0
9397 76.0
9398 76.0
9399 76.0
9400 76.0
9401 76.0
9402 76.0
9403 76.0
9404 76.0
9405 76.0
9406 76.0
9407 76.0
9408 76.0
9409 76.0
9410 76.0
9411 76.0
9412 76.0
9413 76.0
9414 76.0
9415 76.0
9416 76.0
9417 76.0
9418 76.0
9419 76.0
9420 76.0
9421 76.0
9422 76.0
9423 76.0
9424 76.0
9425 76.0
9426 76.0
9427 76.0
9428 76.0
9429 76.0
9430 76.0
9431 76.0
9432 76.0
9433 76.0
9434 76.0
9435 76.0
9436 76.0
9437 76.0
9438 76.0
9439 76.0
9440 76.0
9441 76.0
9442 76.0
9443 76.0
9444 76.0
9445 76.0
9446 76.0
9447 76.0
9448 76.0
9449 76.0
9450 76.0
9451 76.0
9452 76.0
9453 76.0
9454 76.0
9455 76.0
9456 76.0
9457 76.0
9458 76.0
9459 76.0
9460 76.0
9461 76.0
9462 76.0
9463 76.0
9464 76.0
9465 76.0
9466 76.0
9467 76.0
9468 76.0
9469 76.0
9470 76.0
9471 76.0
9472 76.0
9473 76.0
9474 76.0
9475 76.0
9476 76.0
9477 76.0
9478 76.0
9479 76.0
9480 76.0
9481 76.0
9482 76.0
9483 76.0
9484 76.0
9485 76.0
9486 76.0
9487 76.0
9488 76.0
9489 76.0
9490 76.0
9491 76.0
9492 76.0
9493 76.0
9494 76.0
9495 76.0
9496 76.0
9497 76.0
9498 76.0
9499 76.0
9500 76.0
9501 76.0
9502 76.0
9503 76.0
9504 76.0
9505 76.0
9506 76.0
9507 76.0
9508 76.0
9509 76.0
9510 76.0
9511 76.0
9512 76.0
9513 76.0
9514 76.0
9515 76.0
9516 76.0
9517 76.0
9518 76.0
9519 76.0
9520 76.0
9521 76.0
9522 76.0
9523 76.0
9524 76.0
9525 76.0
9526 76.0
9527 76.0
9528 76.0
9529 76.0
9530 76.0
9531 76.0
9532 76.0
9533 76.0
9534 76.0
9535 76.0
9536 76.0
9537 76.0
9538 76.0
9539 76.0
9540 76.0
9541 76.0
9542 76.0
9543 76.0
9544 76.0
9545 76.0
9546 76.0
9547 76.0
9548 76.0
9549 76.0
9550 76.0
9551 76.0
9552 76.0
9553 76.0
9554 76.0
9555 76.0
9556 76.0
9557 76.0
9558 76.0
9559 76.0
9560 76.0
9561 76.0
9562 76.0
9563 76.0
9564 76.0
9565 76.0
9566 76.0
9567 76.0
9568 76.0
9569 76.0
9570 76.0
9571 76.0
9572 76.0
9573 76.0
9574 76.0
9575 76.0
9576 76.0
9577 76.0
9578 76.0
9579 76.0
9580 76.0
9581 76.0
9582 76.0
9583 76.0
9584 76.0
9585 76.0
9586 76.0
9587 76.0
9588 76.0
9589 76.0
9590 76.0
9591 76.0
9592 76.0
9593 76.0
9594 76.0
9595 76.0
9596 76.0
9597 76.0
9598 76.0
9599 76.0
9600 76.0
9601 76.0
9602 76.0
9603 76.0
9604 76.0
9605 76.0
9606 76.0
9607 76.0
9608 76.0
9609 76.0
9610 76.0
9611 76.0
9612 76.0
9613 76.0
9614 76.0
9615 76.0
9616 76.0
9617 76.0
9618 76.0
9619 76.0
9620 76.0
9621 76.0
9622 76.0
9623 76.0
9624 76.0
9625 76.0
9626 76.0
9627 76.0
9628 76.0
9629 76.0
9630 76.0
9631 76.0
9632 76.0
9633 76.0
9634 76.0
9635 76.0
9636 76.0
9637 76.0
9638 76.0
9639 76.0
9640 76.0
9641 76.0
9642 76.0
9643 76.0
9644 76.0
9645 76.0
9646 76.0
9647 76.0
9648 76.0
9649 76.0
9650 76.0
9651 76.0
9652 76.0
9653 76.0
9654 76.0
9655 76.0
9656 76.0
9657 76.0
9658 76.0
9659 76.0
9660 76.0
9661 76.0
9662 76.0
9663 76.0
9664 76.0
9665 76.0
9666 76.0
9667 76.0
9668 76.0
9669 76.0
9670 76.0
9671 76.0
9672 76.0
9673 76.0
9674 76.0
9675 76.0
9676 76.0
9677 76.0
9678 76.0
9679 76.0
9680 76.0
9681 76.0
9682 76.0
9683 76.0
9684 76.0
9685 76.0
9686 76.0
9687 76.0
9688 76.0
9689 76.0
9690 76.0
9691 76.0
9692 76.0
9693 76.0
9694 76.0
9695 76.0
9696 76.0
9697 76.0
9698 76.0
9699 76.0
9700 76.0
9701 76.0
9702 76.0
9703 76.0
9704 76.0
9705 76.0
9706 76.0
9707 76.0
9708 76.0
9709 76.0
9710 76.0
9711 76.0
9712 76.0
9713 76.0
9714 76.0
9715 76.0
9716 76.0
9717 76.0
9718 76.0
9719 76.0
9720 76.0
9721 76.0
9722 76.0
9723 76.0
9724 76.0
9725 76.0
9726 76.0
9727 76.0
9728 76.0
9729 76.0
9730 76.0
9731 76.0
9732 76.0
9733 76.0
9734 76.0
9735 76.0
9736 76.0
9737 76.0
9738 76.0
9739 76.0
9740 76.0
9741 76.0
9742 76.0
9743 76.0
9744 76.0
9745 76.0
9746 76.0
9747 76.0
9748 76.0
9749 76.0
9750 76.0
9751 76.0
9752 76.0
9753 76.0
9754 76.0
9755 76.0
9756 76.0
9757 76.0
9758 76.0
9759 76.0
9760 76.0
9761 76.0
9762 76.0
9763 76.0
9764 76.0
9765 76.0
9766 76.0
9767 76.0
9768 76.0
9769 76.0
9770 76.0
9771 76.0
9772 76.0
9773 76.0
9774 76.0
9775 76.0
9776 76.0
9777 76.0
9778 76.0
9779 76.0
9780 76.0
9781 76.0
9782 76.0
9783 76.0
9784 76.0
9785 76.0
9786 76.0
9787 76.0
9788 76.0
9789 76.0
9790 76.0
9791 76.0
9792 76.0
9793 76.0
9794 76.0
9795 76.0
9796 76.0
9797 76.0
9798 76.0
9799 76.0
9800 76.0
9801 76.0
9802 76.0
9803 76.0
9804 76.0
9805 76.0
9806 76.0
9807 76.0
9808 76.0
9809 76.0
9810 76.0
9811 76.0
9812 76.0
9813 76.0
9814 76.0
9815 76.0
9816 76.0
9817 76.0
9818 76.0
9819 76.0
9820 76.0
9821 76.0
9822 76.0
9823 76.0
9824 76.0
9825 76.0
9826 76.0
9827 76.0
9828 76.0
9829 76.0
9830 76.0
9831 76.0
9832 76.0
9833 76.0
9834 76.0
9835 76.0
9836 76.0
9837 76.0
9838 76.0
9839 76.0
9840 76.0
9841 76.0
9842 76.0
9843 76.0
9844 76.0
9845 76.0
9846 76.0
9847 76.0
9848 76.0
9849 76.0
9850 76.0
9851 76.0
9852 76.0
9853 76.0
9854 76.0
9855 76.0
9856 76.0
9857 76.0
9858 76.0
9859 76.0
9860 76.0
9861 76.0
9862 76.0
9863 76.0
9864 76.0
9865 76.0
9866 76.0
9867 76.0
9868 76.0
9869 76.0
9870 76.0
9871 76.0
9872 76.0
9873 76.0
9874 76.0
9875 76.0
9876 76.0
9877 76.0
9878 76.0
9879 76.0
9880 76.0
9881 76.0
9882 76.0
9883 76.0
9884 76.0
9885 76.0
9886 76.0
9887 76.0
9888 76.0
9889 76.0
9890 76.0
9891 76.0
9892 76.0
9893 76.0
9894 76.0
9895 76.0
9896 76.0
9897 76.0
9898 76.0
9899 76.0
9900 76.0
9901 76.0
9902 76.0
9903 76.0
9904 76.0
9905 76.0
9906 76.0
9907 76.0
9908 76.0
9909 76.0
9910 76.0
9911 76.0
9912 76.0
9913 76.0
9914 76.0
9915 76.0
9916 76.0
9917 76.0
9918 76.0
9919 76.0
9920 76.0
9921 76.0
9922 76.0
9923 76.0
9924 76.0
9925 76.0
9926 76.0
9927 76.0
9928 76.0
9929 76.0
9930 76.0
9931 76.0
9932 76.0
9933 76.0
9934 76.0
9935 76.0
9936 76.0
9937 76.0
9938 76.0
9939 76.0
9940 76.0
9941 76.0
9942 76.0
9943 76.0
9944 76.0
9945 76.0
9946 76.0
9947 76.0
9948 76.0
9949 76.0
9950 76.0
9951 76.0
9952 76.0
9953 76.0
9954 76.0
9955 76.0
9956 76.0
9957 76.0
9958 76.0
9959 76.0
9960 76.0
9961 76.0
9962 76.0
9963 76.0
9964 76.0
9965 76.0
9966 76.0
9967 76.0
9968 76.0
9969 76.0
9970 76.0
9971 76.0
9972 76.0
9973 76.0
9974 76.0
9975 76.0
9976 76.0
9977 76.0
9978 76.0
9979 76.0
9980 76.0
9981 76.0
9982 76.0
9983 76.0
9984 76.0
9985 76.0
9986 76.0
9987 76.0
9988 76.0
9989 76.0
9990 76.0
9991 76.0
9992 76.0
9993 76.0
9994 76.0
9995 76.0
9996 76.0
9997 76.0
9998 76.0
9999 76.0
10000 76.0
10001 76.0
10002 76.0
10003 76.0
10004 76.0
10005 76.0
10006 76.0
10007 76.0
10008 76.0
10009 76.0
