# evaluation best
1 15.0
2 19.0
3 41.0
4 41.0
5 41.0
6 41.0
7 41.0
8 41.0
9 41.0
10 41.0
11 41.0
12 41.0
13 41.0
14 41.0
15 41.0
16 41.0
17 41.0
18 41.0
19 41.0
20 41.0
21 41.0
22 41.0
23 41.0
24 41.0
25 41.0
26 41.0
27 41.0
28 41.0
29 41.0
30 41.0
31 41.0
32 41.0
33 41.0
34 41.0
35 41.0
36 41.0
37 41.0
38 41.0
39 41.0
40 41.0
41 41.0
42 41.0
43 41.0
44 41.0
45 41.0
46 41.0
47 41.0
48 41.0
49 41.0
50 41.0
51 41.0
52 41.0
53 41.0
54 41.0
55 41.0
56 41.0
57 41.0
58 41.0
59 41.0
60 41.0
61 41.0
62 41.0
63 41.0
64 41.0
65 41.0
66 41.0
67 41.0
68 41.0
69 41.0
70 41.0
71 41.0
72 41.0
73 41.0
74 41.0
75 46.0
76 46.0
77 46.0
78 46.0
79 46.0
80 46.0
81 46.0
82 46.0
83 46.0
84 46.0
85 46.0
86 46.0
87 46.0
88 46.0
89 46.0
90 46.0
91 46.0
92 46.0
93 46.0
94 46.0
95 46.0
96 46.0
97 46.0
98 46.0
99 46.0
100 46.0
101 46.0
102 46.0
103 46.0
104 46.0
105 46.0
106 46.0
107 46.0
108 46.0
109 46.0
110 46.0
111 46.0
112 46.0
113 46.0
114 46.0
115 46.0
116 46.0
117 46.0
118 46.0
119 46.0
120 46.0
121 46.0
122 46.0
123 46.0
124 46.0
125 46.0
126 46.0
127 46.0
128 46.0
129 46.0
130 46.0
131 46.0
132 46.0
133 46.0
134 46.0
135 46.0
136 46.0
137 46.0
138 46.0
139 46.0
140 46.0
141 46.0
142 46.0
143 46.0
144 46.0
145 46.0
146 46.0
147 46.0
148 46.0
149 46.0
150 46.0
151 46.0
152 46.0
153 46.0
154 46.0
155 46.0
156 46.0
157 46.0
158 46.0
159 46.0
160 46.0
161 46.0
162 46.0
163 46.0
164 46.0
165 46.0
166 46.0
167 46.0
168 46.0
169 46.0
170 46.0
171 46.0
172 46.0
173 46.0
174 46.0
175 46.0
176 46.0
177 46.0
178 46.0
179 46.0
180 46.0
181 50.0
182 50.0
183 50.0
184 50.0
185 50.0
186 50.0
187 50.0
188 50.0
189 50.0
190 50.0
191 50.0
192 50.0
193 50.0
194 50.0
195 50.0
196 50.0
197 50.0
198 50.0
199 50.0
200 50.0
201 50.0
202 50.0
203 50.0
204 50.0
205 50.0
206 50.0
207 50.0
208 50.0
209 50.0
210 50.0
211 50.0
212 50.0
213 50.0
214 50.0
215 50.0
216 50.0
217 50.0
218 50.0
219 50.0
220 50.0
221 50.0
222 50.0
223 50.0
224 50.0
225 50.0
226 50.0
227 50.0
228 50.0
229 50.0
230 50.0
231 50.0
232 50.0
233 50.0
234 50.0
235 50.0
236 50.0
237 50.0
238 50.0
239 50.0
240 50.0
241 50.0
242 50.0
243 50.0
244 50.0
245 50.0
246 50.0
247 50.0
248 50.0
249 50.0
250 50.0
251 50.0
252 50.0
253 50.0
254 50.0
255 50.0
256 50.0
257 50.0
258 50.0
259 50.0
260 50.0
261 50.0
262 50.0
263 50.0
264 50.0
265 50.0
266 50.0
267 50.0
268 50.0
269 50.0
270 50.0
271 50.0
272 50.0
273 50.0
274 50.0
275 50.0
276 50.0
277 50.0
278 50.0
279 50.0
280 50.0
281 50.0
282 50.0
283 50.0
284 50.0
285 50.0
286 50.0
287 50.0
288 50.0
289 50.0
290 50.0
291 50.0
292 50.0
293 50.0
294 50.0
295 50.0
296 50.0
297 50.0
298 50.0
299 50.0
300 50.0
301 50.0
302 50.0
303 50.0
304 50.0
305 50.0
306 50.0
307 50.0
308 50.0
309 50.0
310 50.0
311 50.0
312 50.0
313 50.0
314 50.0
315 50.0
316 50.0
317 50.0
318 50.0
319 50.0
320 50.0
321 50.0
322 50.0
323 50.0
324 50.0
325 50.0
326 50.0
327 50.0
328 50.0
329 50.0
330 50.0
331 50.0
332 50.0
333 50.0
334 50.0
335 50.0
336 50.0
337 50.0
338 50.0
339 50.0
340 50.0
341 50.0
342 50.0
343 50.0
344 50.0
345 50.0
346 50.0
347 50.0
348 50.0
349 50.0
350 50.0
351 50.0
352 50.0
353 50.0
354 50.0
355 50.0
356 50.0
357 50.0
358 50.0
359 50.0
360 50.0
361 50.0
362 50.0
363 50.0
364 50.0
365 50.0
366 50.0
367 50.0
368 50.0
369 50.0
370 50.0
371 50.0
372 50.0
373 50.0
374 50.0
375 50.0
376 50.0
377 50.0
378 50.0
379 50.0
380 50.0
381 50.0
382 50.0
383 50.0
384 50.0
385 50.0
386 50.0
387 50.0
388 50.0
389 50.0
390 50.0
391 50.0
392 50.0
393 50.0
394 50.0
395 50.0
396 50.0
397 50.0
398 50.0
399 50.0
400 50.0
401 50.0
402 50.0
403 50.0
404 50.0
405 50.0
406 50.0
407 50.0
408 50.0
409 50.0
410 50.0
411 50.0
412 50.0
413 50.0
414 50.0
415 50.0
416 50.0
417 50.0
418 50.0
419 50.0
420 50.0
421 50.0
422 50.0
423 50.0
424 50.0
425 50.0
426 50.0
427 50.0
428 50.0
429 50.0
430 50.0
431 50.0
432 50.0
433 50.0
434 50.0
435 50.0
436 50.0
437 50.0
438 50.0
439 50.0
440 50.0
441 50.0
442 50.0
443 50.0
444 50.0
445 50.0
446 50.0
447 50.0
448 50.0
449 50.0
450 50.0
451 50.0
452 50.0
453 50.0
454 50.0
455 50.0
456 50.0
457 50.0
458 50.0
459 50.0
460 50.0
461 50.0
462 50.0
463 50.0
464 50.0
465 50.0
466 50.0
467 50.0
468 50.0
469 50.0
470 50.0
471 50.0
472 50.0
473 50.0
474 50.0
475 50.0
476 50.0
477 50.0
478 50.0
479 50.0
480 50.0
481 50.0
482 50.0
483 50.0
484 50.0
485 50.0
486 50.0
487 50.0
488 50.0
489 50.0
490 50.0
491 50.0
492 50.0
493 50.0
494 50.0
495 50.0
496 50.0
497 50.0
498 50.0
499 50.0
500 50.0
501 50.0
502 50.0
503 50.0
504 50.0
505 50.0
506 50.0
507 50.0
508 50.0
509 50.0
510 50.0
511 50.0
512 50.0
513 50.0
514 50.0
515 50.0
516 50.0
517 50.0
518 50.0
519 50.0
520 50.0
521 50.0
522 50.0
523 50.0
524 50.0
525 50.0
526 50.0
527 50.0
528 50.0
529 50.0
530 50.0
531 50.0
532 50.0
533 50.0
534 50.0
535 50.0
536 50.0
537 50.0
538 50.0
539 50.0
540 50.0
541 50.0
542 50.0
543 50.0
544 50.0
545 50.0
546 50.0
547 50.0
548 50.0
549 50.0
550 50.0
551 50.0
552 55.0
553 55.0
554 55.0
555 55.0
556 55.0
557 55.0
558 55.0
559 55.0
560 55.0
561 55.0
562 55.0
563 55.0
564 55.0
565 55.0
566 55.0
567 55.0
568 55.0
569 55.0
570 55.0
571 55.0
572 55.0
573 55.0
574 55.0
575 55.0
576 55.0
577 55.0
578 55.0
579 55.0
580 55.0
581 55.0
582 55.0
583 55.0
584 55.0
585 55.0
586 55.0
587 55.0
588 55.0
589 55.0
590 55.0
591 55.0
592 55.0
593 55.0
594 55.0
595 55.0
596 55.0
597 55.0
598 55.0
599 55.0
600 55.0
601 55.0
602 55.0
603 55.0
604 55.0
605 55.0
606 55.0
607 55.0
608 55.0
609 55.0
610 55.0
611 55.0
612 55.0
613 55.0
614 55.0
615 55.0
616 55.0
617 55.0
618 55.0
619 55.0
620 55.0
621 55.0
622 55.0
623 55.0
624 55.0
625 55.0
626 55.0
627 55.0
628 55.0
629 55.0
630 55.0
631 55.0
632 55.0
633 55.0
634 55.0
635 55.0
636 55.0
637 55.0
638 55.0
639 55.0
640 55.0
641 55.0
642 55.0
643 55.0
644 55.0
645 55.0
646 55.0
647 55.0
648 55.0
649 55.0
650 55.0
651 55.0
652 55.0
653 55.0
654 55.0
655 55.0
656 55.0
657 55.0
658 55.0
659 55.0
660 55.0
661 55.0
662 55.0
663 55.0
664 55.0
665 55.0
666 55.0
667 55.0
668 55.0
669 55.0
670 55.0
671 55.0
672 55.0
673 55.0
674 55.0
675 55.0
676 55.0
677 55.0
678 55.0
679 55.0
680 55.0
681 55.0
682 55.0
683 55.0
684 55.0
685 55.0
686 55.0
687 55.0
688 55.0
689 55.0
690 55.0
691 55.0
692 55.0
693 55.0
694 55.0
695 55.0
696 55.0
697 55.0
698 55.0
699 55.0
700 55.0
701 55.0
702 55.0
703 55.0
704 55.0
705 55.0
706 55.0
707 55.0
708 55.0
709 55.0
710 55.0
711 55.0
712 55.0
713 55.0
714 55.0
715 55.0
716 55.0
717 55.0
718 55.0
719 55.0
720 55.0
721 55.0
722 55.0
723 55.0
724 55.0
725 55.0
726 55.0
727 55.0
728 55.0
729 55.0
730 55.0
731 55.0
732 55.0
733 55.0
734 55.0
735 55.0
736 55.0
737 55.0
738 55.0
739 55.0
740 55.0
741 55.0
742 55.0
743 55.0
744 55.0
745 55.0
746 55.0
747 55.0
748 55.0
749 55.0
750 55.0
751 55.0
752 55.0
753 55.0
754 55.0
755 55.0
756 55.0
757 55.0
758 55.0
759 55.0
760 55.0
761 55.0
762 55.0
763 55.0
764 55.0
765 55.0
766 55.0
767 55.0
768 55.0
769 55.0
770 55.0
771 55.0
772 55.0
773 55.0
774 55.0
775 55.0
776 55.0
777 55.0
778 55.0
779 55.0
780 55.0
781 55.0
782 55.0
783 55.0
784 55.0
785 55.0
786 55.0
787 55.0
788 55.0
789 55.0
790 55.0
791 55.0
792 55.0
793 55.0
794 55.0
795 55.0
796 55.0
797 55.0
798 55.0
799 55.0
800 55.0
801 55.0
802 55.0
803 55.0
804 55.0
805 55.0
806 55.0
807 55.0
808 55.0
809 55.0
810 55.0
811 55.0
812 55.0
813 55.0
814 55.0
815 55.0
816 55.0
817 55.0
818 55.0
819 55.0
820 55.0
821 55.0
822 55.0
823 55.0
824 55.0
825 55.0
826 55.0
827 55.0
828 55.0
829 55.0
830 55.0
831 55.0
832 55.0
833 55.0
834 55.0
835 55.0
836 55.0
837 55.0
838 55.0
839 55.0
840 55.0
841 55.0
842 55.0
843 55.0
844 55.0
845 55.0
846 55.0
847 55.0
848 55.0
849 55.0
850 55.0
851 55.0
852 55.0
853 55.0
854 55.0
855 55.0
856 55.0
857 55.0
858 55.0
859 55.0
860 55.0
861 55.0
862 55.0
863 55.0
864 55.0
865 55.0
866 55.0
867 55.0
868 55.0
869 55.0
870 55.0
871 55.0
872 55.0
873 57.0
874 57.0
875 57.0
876 57.0
877 57.0
878 57.0
879 57.0
880 57.0
881 57.0
882 57.0
883 57.0
884 57.0
885 57.0
886 57.0
887 57.0
888 57.0
889 57.0
890 57.0
891 57.0
892 57.0
893 57.0
894 57.0
895 57.0
896 57.0
897 57.0
898 57.0
899 57.0
900 57.0
901 57.0
902 57.0
903 57.0
904 57.0
905 57.0
906 57.0
907 57.0
908 57.0
909 57.0
910 57.0
911 57.0
912 57.0
913 57.0
914 57.0
915 57.0
916 57.0
917 57.0
918 57.0
919 57.0
920 57.0
921 57.0
922 57.0
923 57.0
924 57.0
925 57.0
926 57.0
927 57.0
928 57.0
929 57.0
930 57.0
931 57.0
932 57.0
933 57.0
934 57.0
935 57.0
936 57.0
937 57.0
938 57.0
939 57.0
940 57.0
941 57.0
942 57.0
943 57.0
944 57.0
945 57.0
946 57.0
947 57.0
948 57.0
949 57.0
950 57.0
951 57.0
952 57.0
953 57.0
954 57.0
955 57.0
956 57.0
957 57.0
958 57.0
959 57.0
960 57.0
961 57.0
962 57.0
963 57.0
964 57.0
965 57.0
966 57.0
967 57.0
968 57.0
969 57.0
970 57.0
971 57.0
972 57.0
973 57.0
974 57.0
975 57.0
976 57.0
977 57.0
978 57.0
979 57.0
980 57.0
981 57.0
982 57.0
983 57.0
984 57.0
985 57.0
986 57.0
987 57.0
988 57.0
989 57.0
990 57.0
991 57.0
992 57.0
993 57.0
994 57.0
995 57.0
996 57.0
997 57.0
998 57.0
999 57.0
1000 57.0
1001 57.0
1002 57.0
1003 57.0
1004 57.0
1005 57.0
1006 57.0
1007 57.0
1008 57.0
1009 57.0
1010 57.0
1011 57.0
1012 57.0
1013 57.0
1014 57.0
1015 57.0
1016 57.0
1017 57.0
1018 57.0
1019 57.0
1020 57.0
1021 57.0
1022 57.0
1023 57.0
1024 57.0
1025 57.0
1026 57.0
1027 57.0
1028 57.0
1029 57.0
1030 57.0
1031 57.0
1032 57.0
1033 57.0
1034 57.0
1035 57.0
1036 57.0
1037 57.0
1038 57.0
1039 57.0
1040 57.0
1041 57.0
1042 57.0
1043 57.0
1044 57.0
1045 57.0
1046 57.0
1047 57.0
1048 57.0
1049 57.0
1050 57.0
1051 57.0
1052 57.0
1053 57.0
1054 57.0
1055 57.0
1056 57.0
1057 57.0
1058 57.0
1059 57.0
1060 57.0
1061 57.0
1062 57.0
1063 57.0
1064 57.0
1065 57.0
1066 57.0
1067 57.0
1068 57.0
1069 57.0
1070 57.0
1071 57.0
1072 57.0
1073 57.0
1074 57.0
1075 57.0
1076 57.0
1077 57.0
1078 57.0
1079 57.0
1080 57.0
1081 57.0
1082 57.0
1083 57.0
1084 57.0
1085 57.0
1086 57.0
1087 57.0
1088 57.0
1089 57.0
1090 57.0
1091 57.0
1092 57.0
1093 57.0
1094 57.0
1095 57.0
1096 57.0
1097 57.0
1098 57.0
1099 57.0
1100 57.0
1101 57.0
1102 57.0
1103 57.0
1104 57.0
1105 57.0
1106 57.0
1107 57.0
1108 57.0
1109 57.0
1110 57.0
1111 57.0
1112 57.0
1113 57.0
1114 57.0
1115 57.0
1116 57.0
1117 57.0
1118 57.0
1119 57.0
1120 57.0
1121 57.0
1122 57.0
1123 57.0
1124 57.0
1125 57.0
1126 57.0
1127 57.0
1128 57.0
1129 57.0
1130 57.0
1131 57.0
1132 57.0
1133 57.0
1134 57.0
1135 57.0
1136 57.0
1137 57.0
1138 57.0
1139 57.0
1140 57.0
1141 57.0
1142 57.0
1143 57.0
1144 57.0
1145 57.0
1146 57.0
1147 57.0
1148 57.0
1149 57.0
1150 57.0
1151 57.0
1152 57.0
1153 57.0
1154 57.0
1155 57.0
1156 57.0
1157 57.0
1158 57.0
1159 57.0
1160 57.0
1161 57.0
1162 57.0
1163 57.0
1164 57.0
1165 57.0
1166 57.0
1167 57.0
1168 57.0
1169 57.0
1170 57.0
1171 57.0
1172 57.0
1173 57.0
1174 57.0
1175 57.0
1176 57.0
1177 57.0
1178 57.0
1179 57.0
1180 57.0
1181 57.0
1182 57.0
1183 57.0
1184 57.0
1185 57.0
1186 57.0
1187 57.0
1188 57.0
1189 57.0
1190 57.0
1191 57.0
1192 57.0
1193 57.0
1194 57.0
1195 57.0
1196 57.0
1197 57.0
1198 57.0
1199 57.0
1200 57.0
1201 57.0
1202 57.0
1203 57.0
1204 57.0
1205 57.0
1206 57.0
1207 57.0
1208 57.0
1209 57.0
1210 57.0
1211 57.0
1212 57.0
1213 57.0
1214 57.0
1215 57.0
1216 57.0
1217 57.0
1218 57.0
1219 57.0
1220 57.0
1221 57.0
1222 57.0
1223 57.0
1224 57.0
1225 57.0
1226 57.0
1227 57.0
1228 57.0
1229 57.0
1230 57.0
1231 57.0
1232 57.0
1233 57.0
1234 57.0
1235 57.0
1236 57.0
1237 57.0
1238 57.0
1239 57.0
1240 57.0
1241 57.0
1242 57.0
1243 57.0
1244 57.0
1245 57.0
1246 57.0
1247 57.0
1248 57.0
1249 57.0
1250 57.0
1251 57.0
1252 57.0
1253 57.0
1254 57.0
1255 57.0
1256 57.0
1257 57.0
1258 57.0
1259 57.0
1260 57.0
1261 57.0
1262 57.0
1263 57.0
1264 57.0
1265 57.0
1266 57.0
1267 57.0
1268 57.0
1269 57.0
1270 57.0
1271 57.0
1272 57.0
1273 57.0
1274 57.0
1275 57.0
1276 57.0
1277 57.0
1278 57.0
1279 57.0
1280 57.0
1281 57.0
1282 57.0
1283 57.0
1284 57.0
1285 57.0
1286 57.0
1287 57.0
1288 57.0
1289 57.0
1290 57.0
1291 57.0
1292 57.0
1293 57.0
1294 57.0
1295 57.0
1296 57.0
1297 57.0
1298 57.0
1299 57.0
1300 57.0
1301 57.0
1302 57.0
1303 57.0
1304 57.0
1305 57.0
1306 57.0
1307 57.0
1308 57.0
1309 57.0
1310 57.0
1311 57.0
1312 57.0
1313 57.0
1314 57.0
1315 57.0
1316 57.0
1317 57.0
1318 57.0
1319 57.0
1320 57.0
1321 57.0
1322 57.0
1323 57.0
1324 57.0
1325 57.0
1326 57.0
1327 57.0
1328 57.0
1329 57.0
1330 57.0
1331 57.0
1332 57.0
1333 57.0
1334 57.0
1335 57.0
1336 57.0
1337 57.0
1338 57.0
1339 57.0
1340 57.0
1341 57.0
1342 57.0
1343 57.0
1344 57.0
1345 57.0
1346 57.0
1347 57.0
1348 57.0
1349 57.0
1350 57.0
1351 57.0
1352 57.0
1353 57.0
1354 57.0
1355 57.0
1356 57.0
1357 57.0
1358 57.0
1359 57.0
1360 57.0
1361 57.0
1362 57.0
1363 57.0
1364 57.0
1365 57.0
1366 57.0
1367 57.0
1368 57.0
1369 57.0
1370 57.0
1371 57.0
1372 57.0
1373 57.0
1374 57.0
1375 57.0
1376 57.0
1377 57.0
1378 57.0
1379 57.0
1380 57.0
1381 57.0
1382 57.0
1383 57.0
1384 57.0
1385 57.0
1386 57.0
1387 57.0
1388 57.0
1389 57.0
1390 57.0
1391 57.0
1392 57.0
1393 57.0
1394 57.0
1395 57.0
1396 57.0
1397 57.0
1398 57.0
1399 57.0
1400 57.0
1401 57.0
1402 57.0
1403 57.0
1404 57.0
1405 57.0
1406 57.0
1407 57.0
1408 57.0
1409 57.0
1410 57.0
1411 57.0
1412 57.0
1413 57.0
1414 57.0
1415 57.0
1416 57.0
1417 57.0
1418 57.0
1419 57.0
1420 57.0
1421 57.0
1422 57.0
1423 57.0
1424 57.0
1425 57.0
1426 57.0
1427 57.0
1428 57.0
1429 57.0
1430 57.0
1431 57.0
1432 57.0
1433 57.0
1434 57.0
1435 57.0
1436 57.0
1437 57.0
1438 57.0
1439 57.0
1440 57.0
1441 57.0
1442 57.0
1443 57.0
1444 57.0
1445 57.0
1446 57.0
1447 57.0
1448 57.0
1449 57.0
1450 57.0
1451 57.0
1452 57.0
1453 57.0
1454 57.0
1455 57.0
1456 57.0
1457 57.0
1458 57.0
1459 57.0
1460 57.0
1461 57.0
1462 57.0
1463 57.0
1464 57.0
1465 57.0
1466 57.0
1467 57.0
1468 57.0
1469 57.0
1470 57.0
1471 57.0
1472 57.0
1473 57.0
1474 57.0
1475 57.0
1476 57.0
1477 57.0
1478 57.0
1479 57.0
1480 57.0
1481 57.0
1482 57.0
1483 57.0
1484 57.0
1485 57.0
1486 57.0
1487 57.0
1488 57.0
1489 57.0
1490 57.0
1491 57.0
1492 57.0
1493 57.0
1494 57.0
1495 57.0
1496 57.0
1497 57.0
1498 57.0
1499 57.0
1500 57.0
1501 57.0
1502 57.0
1503 57.0
1504 57.0
1505 57.0
1506 57.0
1507 57.0
1508 57.0
1509 57.0
1510 57.0
1511 57.0
1512 57.0
1513 57.0
1514 57.0
1515 57.0
1516 57.0
1517 57.0
1518 57.0
1519 57.0
1520 57.0
1521 57.0
1522 57.0
1523 57.0
1524 57.0
1525 57.0
1526 57.0
1527 57.0
1528 57.0
1529 57.0
1530 57.0
1531 57.0
1532 57.0
1533 57.0
1534 57.0
1535 57.0
1536 57.0
1537 57.0
1538 57.0
1539 57.0
1540 57.0
1541 57.0
1542 57.0
1543 57.0
1544 57.0
1545 57.0
1546 57.0
1547 57.0
1548 57.0
1549 57.0
1550 57.0
1551 57.0
1552 57.0
1553 57.0
1554 57.0
1555 57.0
1556 57.0
1557 57.0
1558 57.0
1559 57.0
1560 57.0
1561 57.0
1562 57.0
1563 57.0
1564 57.0
1565 57.0
1566 57.0
1567 57.0
1568 57.0
1569 57.0
1570 57.0
1571 57.0
1572 57.0
1573 57.0
1574 57.0
1575 57.0
1576 57.0
1577 57.0
1578 57.0
1579 57.0
1580 57.0
1581 57.0
1582 57.0
1583 57.0
1584 57.0
1585 57.0
1586 57.0
1587 57.0
1588 57.0
1589 57.0
1590 57.0
1591 57.0
1592 57.0
1593 57.0
1594 57.0
1595 57.0
1596 57.0
1597 57.0
1598 57.0
1599 57.0
1600 57.0
1601 57.0
1602 57.0
1603 57.0
1604 57.0
1605 57.0
1606 57.0
1607 57.0
1608 57.0
1609 57.0
1610 57.0
1611 57.0
1612 57.0
1613 57.0
1614 57.0
1615 57.0
1616 57.0
1617 57.0
1618 57.0
1619 57.0
1620 57.0
1621 57.0
1622 57.0
1623 57.0
1624 57.0
1625 57.0
1626 57.0
1627 57.0
1628 57.0
1629 57.0
1630 57.0
1631 57.0
1632 57.0
1633 57.0
1634 57.0
1635 57.0
1636 57.0
1637 57.0
1638 57.0
1639 57.0
1640 57.0
1641 57.0
1642 57.0
1643 57.0
1644 57.0
1645 57.0
1646 57.0
1647 57.0
1648 57.0
1649 57.0
1650 57.0
1651 57.0
1652 57.0
1653 57.0
1654 57.0
1655 57.0
1656 57.0
1657 57.0
1658 57.0
1659 57.0
1660 57.0
1661 57.0
1662 57.0
1663 57.0
1664 57.0
1665 57.0
1666 57.0
1667 57.0
1668 57.0
1669 57.0
1670 57.0
1671 57.0
1672 57.0
1673 57.0
1674 57.0
1675 57.0
1676 57.0
1677 57.0
1678 57.0
1679 57.0
1680 57.0
1681 57.0
1682 57.0
1683 57.0
1684 57.0
1685 57.0
1686 57.0
1687 57.0
1688 57.0
1689 57.0
1690 57.0
1691 57.0
1692 57.0
1693 57.0
1694 57.0
1695 57.0
1696 57.0
1697 57.0
1698 57.0
1699 57.0
1700 57.0
1701 57.0
1702 57.0
1703 57.0
1704 57.0
1705 57.0
1706 57.0
1707 57.0
1708 57.0
1709 57.0
1710 57.0
1711 57.0
1712 57.0
1713 57.0
1714 57.0
1715 57.0
1716 57.0
1717 57.0
1718 57.0
1719 57.0
1720 57.0
1721 57.0
1722 57.0
1723 57.0
1724 57.0
1725 57.0
1726 57.0
1727 57.0
1728 57.0
1729 57.0
1730 57.0
1731 57.0
1732 57.0
1733 57.0
1734 57.0
1735 57.0
1736 57.0
1737 57.0
1738 57.0
1739 57.0
1740 57.0
1741 57.0
1742 57.0
1743 57.0
1744 57.0
1745 57.0
1746 57.0
1747 57.0
1748 57.0
1749 57.0
1750 57.0
1751 57.0
1752 57.0
1753 57.0
1754 57.0
1755 57.0
1756 57.0
1757 57.0
1758 57.0
1759 57.0
1760 57.0
1761 57.0
1762 57.0
1763 57.0
1764 57.0
1765 57.0
1766 57.0
1767 57.0
1768 57.0
1769 57.0
1770 57.0
1771 57.0
1772 57.0
1773 57.0
1774 57.0
1775 57.0
1776 57.0
1777 57.0
1778 57.0
1779 57.0
1780 57.0
1781 57.0
1782 57.0
1783 57.0
1784 57.0
1785 57.0
1786 57.0
1787 57.0
1788 57.0
1789 57.0
1790 57.0
1791 57.0
1792 57.0
1793 57.0
1794 57.0
1795 57.0
1796 57.0
1797 57.0
1798 57.0
1799 57.0
1800 57.0
1801 57.0
1802 57.0
1803 57.0
1804 57.0
1805 57.0
1806 57.0
1807 57.0
1808 57.0
1809 57.0
1810 57.0
1811 57.0
1812 57.0
1813 57.0
1814 57.0
1815 57.0
1816 57.0
1817 57.0
1818 57.0
1819 57.0
1820 57.0
1821 57.0
1822 57.0
1823 57.0
1824 57.0
1825 57.0
1826 57.0
1827 57.0
1828 57.0
1829 57.0
1830 57.0
1831 57.0
1832 57.0
1833 57.0
1834 57.0
1835 57.0
1836 57.0
1837 57.0
1838 57.0
1839 57.0
1840 57.0
1841 57.0
1842 57.0
1843 57.0
1844 57.0
1845 57.0
1846 57.0
1847 57.0
1848 57.0
1849 57.0
1850 57.0
1851 57.0
1852 57.0
1853 57.0
1854 57.0
1855 57.0
1856 57.0
1857 57.0
1858 57.0
1859 57.0
1860 57.0
1861 57.0
1862 57.0
1863 57.0
1864 57.0
1865 57.0
1866 57.0
1867 57.0
1868 57.0
1869 57.0
1870 57.0
1871 57.0
1872 57.0
1873 57.0
1874 57.0
1875 57.0
1876 57.0
1877 57.0
1878 57.0
1879 57.0
1880 57.0
1881 57.0
1882 57.0
1883 57.0
1884 57.0
1885 57.0
1886 57.0
1887 57.0
1888 57.0
1889 57.0
1890 57.0
1891 57.0
1892 57.0
1893 57.0
1894 57.0
1895 57.0
1896 57.0
1897 57.0
1898 57.0
1899 57.0
1900 57.0
1901 57.0
1902 57.0
1903 57.0
1904 57.0
1905 57.0
1906 57.0
1907 57.0
1908 57.0
1909 57.0
1910 57.0
1911 57.0
1912 57.0
1913 57.0
1914 57.0
1915 57.0
1916 57.0
1917 57.0
1918 57.0
1919 57.0
1920 57.0
1921 57.0
1922 57.0
1923 57.0
1924 57.0
1925 57.0
1926 57.0
1927 57.0
1928 57.0
1929 57.0
1930 57.0
1931 57.0
1932 57.0
1933 57.0
1934 57.0
1935 57.0
1936 57.0
1937 57.0
1938 57.0
1939 57.0
1940 57.0
1941 57.0
1942 57.0
1943 57.0
1944 57.0
1945 57.0
1946 57.0
1947 57.0
1948 57.0
1949 57.0
1950 57.0
1951 57.0
1952 57.0
1953 57.0
1954 57.0
1955 57.0
1956 57.0
1957 57.0
1958 57.0
1959 57.0
1960 57.0
1961 57.0
1962 57.0
1963 57.0
1964 57.0
1965 57.0
1966 57.0
1967 57.0
1968 57.0
1969 57.0
1970 57.0
1971 57.0
1972 57.0
1973 57.0
1974 57.0
1975 57.0
1976 57.0
1977 57.0
1978 57.0
1979 57.0
1980 57.0
1981 57.0
1982 57.0
1983 57.0
1984 57.0
1985 57.0
1986 57.0
1987 57.0
1988 57.0
1989 57.0
1990 57.0
1991 57.0
1992 57.0
1993 57.0
1994 57.0
1995 57.0
1996 57.0
1997 57.0
1998 57.0
1999 57.0
2000 57.0
2001 57.0
2002 57.0
2003 57.0
2004 57.0
2005 57.0
2006 57.0
2007 57.0
2008 57.0
2009 57.0
2010 57.0
2011 57.0
2012 57.0
2013 57.0
2014 57.0
2015 57.0
2016 57.0
2017 57.0
2018 57.0
2019 57.0
2020 57.0
2021 57.0
2022 57.0
2023 57.0
2024 57.0
2025 57.0
2026 57.0
2027 57.0
2028 57.0
2029 57.0
2030 57.0
2031 57.0
2032 57.0
2033 57.0
2034 57.0
2035 57.0
2036 57.0
2037 57.0
2038 57.0
2039 57.0
2040 57.0
2041 57.0
2042 57.0
2043 57.0
2044 57.0
2045 57.0
2046 57.0
2047 57.0
2048 57.0
2049 57.0
2050 57.0
2051 57.0
2052 57.0
2053 57.0
2054 57.0
2055 57.0
2056 57.0
2057 57.0
2058 57.0
2059 57.0
2060 57.0
2061 57.0
2062 57.0
2063 57.0
2064 57.0
2065 57.0
2066 57.0
2067 57.0
2068 57.0
2069 57.0
2070 57.0
2071 57.0
2072 57.0
2073 57.0
2074 57.0
2075 57.0
2076 57.0
2077 57.0
2078 57.0
2079 57.0
2080 57.0
2081 57.0
2082 57.0
2083 57.0
2084 57.0
2085 57.0
2086 57.0
2087 57.0
2088 57.0
2089 57.0
2090 57.0
2091 57.0
2092 57.0
2093 57.0
2094 57.0
2095 57.0
2096 57.0
2097 57.0
2098 57.0
2099 57.0
2100 57.0
2101 57.0
2102 57.0
2103 57.0
2104 57.0
2105 57.0
2106 57.0
2107 57.0
2108 57.0
2109 57.0
2110 57.0
2111 57.0
2112 57.0
2113 57.0
2114 57.0
2115 57.0
2116 57.0
2117 57.0
2118 57.0
2119 57.0
2120 57.0
2121 57.0
2122 57.0
2123 57.0
2124 57.0
2125 57.0
2126 57.0
2127 57.0
2128 57.0
2129 57.0
2130 57.0
2131 57.0
2132 57.0
2133 57.0
2134 57.0
2135 57.0
2136 57.0
2137 57.0
2138 57.0
2139 57.0
2140 57.0
2141 57.0
2142 57.0
2143 57.0
2144 57.0
2145 57.0
2146 57.0
2147 57.0
2148 57.0
2149 57.0
2150 57.0
2151 57.0
2152 57.0
2153 57.0
2154 57.0
2155 57.0
2156 57.0
2157 57.0
2158 57.0
2159 57.0
2160 57.0
2161 57.0
2162 57.0
2163 57.0
2164 57.0
2165 57.0
2166 57.0
2167 57.0
2168 57.0
2169 57.0
2170 57.0
2171 57.0
2172 57.0
2173 57.0
2174 57.0
2175 57.0
2176 57.0
2177 57.0
2178 57.0
2179 57.0
2180 57.0
2181 57.0
2182 57.0
2183 57.0
2184 57.0
2185 57.0
2186 57.0
2187 57.0
2188 57.0
2189 57.0
2190 57.0
2191 57.0
2192 57.0
2193 57.0
2194 57.0
2195 57.0
2196 57.0
2197 57.0
2198 57.0
2199 57.0
2200 57.0
2201 57.0
2202 57.0
2203 57.0
2204 57.0
2205 57.0
2206 57.0
2207 57.0
2208 57.0
2209 57.0
2210 57.0
2211 57.0
2212 57.0
2213 57.0
2214 57.0
2215 57.0
2216 57.0
2217 57.0
2218 57.0
2219 57.0
2220 57.0
2221 57.0
2222 57.0
2223 57.0
2224 57.0
2225 57.0
2226 57.0
2227 57.0
2228 57.0
2229 57.0
2230 57.0
2231 57.0
2232 57.0
2233 57.0
2234 57.0
2235 57.0
2236 57.0
2237 57.0
2238 57.0
2239 57.0
2240 57.0
2241 57.0
2242 57.0
2243 57.0
2244 57.0
2245 57.0
2246 57.0
2247 57.0
2248 57.0
2249 57.0
2250 57.0
2251 57.0
2252 57.0
2253 57.0
2254 57.0
2255 57.0
2256 57.0
2257 57.0
2258 57.0
2259 57.0
2260 57.0
2261 57.0
2262 57.0
2263 57.0
2264 57.0
2265 57.0
2266 57.0
2267 57.0
2268 57.0
2269 57.0
2270 57.0
2271 57.0
2272 57.0
2273 57.0
2274 57.0
2275 57.0
2276 57.0
2277 57.0
2278 57.0
2279 57.0
2280 57.0
2281 57.0
2282 57.0
2283 57.0
2284 57.0
2285 57.0
2286 57.0
2287 57.0
2288 57.0
2289 57.0
2290 57.0
2291 57.0
2292 57.0
2293 57.0
2294 57.0
2295 57.0
2296 57.0
2297 57.0
2298 57.0
2299 57.0
2300 57.0
2301 57.0
2302 57.0
2303 57.0
2304 57.0
2305 57.0
2306 57.0
2307 57.0
2308 57.0
2309 57.0
2310 57.0
2311 57.0
2312 57.0
2313 57.0
2314 57.0
2315 57.0
2316 57.0
2317 57.0
2318 57.0
2319 57.0
2320 57.0
2321 57.0
2322 57.0
2323 57.0
2324 57.0
2325 57.0
2326 57.0
2327 57.0
2328 57.0
2329 57.0
2330 57.0
2331 57.0
2332 57.0
2333 57.0
2334 57.0
2335 57.0
2336 57.0
2337 57.0
2338 57.0
2339 57.0
2340 57.0
2341 57.0
2342 57.0
2343 57.0
2344 57.0
2345 57.0
2346 57.0
2347 57.0
2348 57.0
2349 57.0
2350 57.0
2351 57.0
2352 57.0
2353 57.0
2354 57.0
2355 57.0
2356 57.0
2357 57.0
2358 57.0
2359 57.0
2360 57.0
2361 57.0
2362 57.0
2363 57.0
2364 57.0
2365 57.0
2366 57.0
2367 57.0
2368 57.0
2369 57.0
2370 57.0
2371 57.0
2372 57.0
2373 57.0
2374 57.0
2375 57.0
2376 57.0
2377 57.0
2378 57.0
2379 57.0
2380 57.0
2381 57.0
2382 57.0
2383 57.0
2384 57.0
2385 57.0
2386 57.0
2387 57.0
2388 57.0
2389 57.0
2390 57.0
2391 57.0
2392 57.0
2393 57.0
2394 57.0
2395 57.0
2396 57.0
2397 57.0
2398 57.0
2399 57.0
2400 57.0
2401 57.0
2402 57.0
2403 57.0
2404 57.0
2405 57.0
2406 57.0
2407 57.0
2408 57.0
2409 57.0
2410 57.0
2411 57.0
2412 57.0
2413 57.0
2414 57.0
2415 57.0
2416 57.0
2417 57.0
2418 57.0
2419 57.0
2420 57.0
2421 57.0
2422 57.0
2423 57.0
2424 57.0
2425 57.0
2426 57.0
2427 57.0
2428 57.0
2429 57.0
2430 57.0
2431 57.0
2432 57.0
2433 57.0
2434 57.0
2435 57.0
2436 57.0
2437 57.0
2438 57.0
2439 57.0
2440 57.0
2441 57.0
2442 57.0
2443 57.0
2444 57.0
2445 57.0
2446 57.0
2447 57.0
2448 57.0
2449 57.0
2450 57.0
2451 57.0
2452 57.0
2453 57.0
2454 57.0
2455 57.0
2456 57.0
2457 57.0
2458 57.0
2459 57.0
2460 57.0
2461 57.0
2462 57.0
2463 57.0
2464 57.0
2465 57.0
2466 57.0
2467 57.0
2468 57.0
2469 57.0
2470 57.0
2471 57.0
2472 57.0
2473 57.0
2474 57.0
2475 57.0
2476 57.0
2477 57.0
2478 57.0
2479 57.0
2480 57.0
2481 57.0
2482 57.0
2483 57.0
2484 57.0
2485 57.0
2486 57.0
2487 57.0
2488 57.0
2489 57.0
2490 57.0
2491 57.0
2492 57.0
2493 57.0
2494 57.0
2495 57.0
2496 57.0
2497 57.0
2498 57.0
2499 57.0
2500 57.0
2501 57.0
2502 57.0
2503 57.0
2504 57.0
2505 57.0
2506 57.0
2507 57.0
2508 57.0
2509 57.0
2510 57.0
2511 57.0
2512 57.0
2513 57.0
2514 58.0
2515 58.0
2516 58.0
2517 58.0
2518 58.0
2519 58.0
2520 58.0
2521 58.0
2522 58.0
2523 58.0
2524 58.0
2525 58.0
2526 58.0
2527 58.0
2528 58.0
2529 58.0
2530 58.0
2531 58.0
2532 58.0
2533 58.0
2534 58.0
2535 58.0
2536 58.0
2537 58.0
2538 58.0
2539 58.0
2540 58.0
2541 58.0
2542 58.0
2543 58.0
2544 58.0
2545 58.0
2546 58.0
2547 58.0
2548 58.0
2549 58.0
2550 58.0
2551 58.0
2552 58.0
2553 58.0
2554 58.0
2555 58.0
2556 58.0
2557 58.0
2558 58.0
2559 58.0
2560 58.0
2561 58.0
2562 58.0
2563 58.0
2564 58.0
2565 58.0
2566 58.0
2567 58.0
2568 58.0
2569 58.0
2570 58.0
2571 58.0
2572 58.0
2573 58.0
2574 58.0
2575 58.0
2576 58.0
2577 58.0
2578 58.0
2579 58.0
2580 58.0
2581 58.0
2582 58.0
2583 58.0
2584 58.0
2585 58.0
2586 58.0
2587 58.0
2588 58.0
2589 58.0
2590 58.0
2591 58.0
2592 58.0
2593 58.0
2594 58.0
2595 58.0
2596 58.0
2597 58.0
2598 58.0
2599 58.0
2600 58.0
2601 58.0
2602 58.0
2603 58.0
2604 58.0
2605 58.0
2606 58.0
2607 58.0
2608 58.0
2609 58.0
2610 58.0
2611 58.0
2612 58.0
2613 58.0
2614 58.0
2615 58.0
2616 58.0
2617 58.0
2618 58.0
2619 58.0
2620 58.0
2621 58.0
2622 58.0
2623 58.0
2624 58.0
2625 58.0
2626 58.0
2627 58.0
2628 58.0
2629 58.0
2630 58.0
2631 58.0
2632 58.0
2633 58.0
2634 58.0
2635 58.0
2636 58.0
2637 58.0
2638 58.0
2639 58.0
2640 58.0
2641 58.0
2642 58.0
2643 58.0
2644 58.0
2645 58.0
2646 58.0
2647 58.0
2648 58.0
2649 58.0
2650 58.0
2651 58.0
2652 58.0
2653 58.0
2654 58.0
2655 58.0
2656 58.0
2657 58.0
2658 58.0
2659 58.0
2660 58.0
2661 58.0
2662 58.0
2663 58.0
2664 58.0
2665 58.0
2666 58.0
2667 58.0
2668 58.0
2669 58.0
2670 58.0
2671 58.0
2672 58.0
2673 58.0
2674 58.0
2675 58.0
2676 58.0
2677 58.0
2678 58.0
2679 58.0
2680 58.0
2681 58.0
2682 58.0
2683 58.0
2684 58.0
2685 58.0
2686 58.0
2687 58.0
2688 58.0
2689 58.0
2690 58.0
2691 58.0
2692 58.0
2693 58.0
2694 58.0
2695 58.0
2696 58.0
2697 58.0
2698 58.0
2699 58.0
2700 58.0
2701 58.0
2702 58.0
2703 58.0
2704 58.0
2705 58.0
2706 58.0
2707 58.0
2708 58.0
2709 58.0
2710 58.0
2711 58.0
2712 58.0
2713 58.0
2714 58.0
2715 58.0
2716 58.0
2717 58.0
2718 58.0
2719 58.0
2720 58.0
2721 58.0
2722 58.0
2723 58.0
2724 58.0
2725 58.0
2726 58.0
2727 58.0
2728 58.0
2729 58.0
2730 58.0
2731 58.0
2732 58.0
2733 58.0
2734 58.0
2735 58.0
2736 58.0
2737 58.0
2738 58.0
2739 58.0
2740 58.0
2741 58.0
2742 58.0
2743 58.0
2744 58.0
2745 58.0
2746 58.0
2747 58.0
2748 58.0
2749 58.0
2750 58.0
2751 58.0
2752 58.0
2753 58.0
2754 58.0
2755 58.0
2756 58.0
2757 58.0
2758 58.0
2759 58.0
2760 58.0
2761 58.0
2762 58.0
2763 58.0
2764 58.0
2765 58.0
2766 58.0
2767 58.0
2768 58.0
2769 58.0
2770 58.0
2771 58.0
2772 58.0
2773 58.0
2774 58.0
2775 58.0
2776 58.0
2777 58.0
2778 58.0
2779 58.0
2780 58.0
2781 58.0
2782 58.0
2783 58.0
2784 58.0
2785 58.0
2786 58.0
2787 58.0
2788 58.0
2789 58.0
2790 58.0
2791 58.0
2792 58.0
2793 58.0
2794 58.0
2795 58.0
2796 58.0
2797 58.0
2798 58.0
2799 58.0
2800 58.0
2801 58.0
2802 58.0
2803 58.0
2804 58.0
2805 58.0
2806 58.0
2807 58.0
2808 58.0
2809 58.0
2810 58.0
2811 58.0
2812 58.0
2813 58.0
2814 58.0
2815 58.0
2816 58.0
2817 58.0
2818 58.0
2819 58.0
2820 58.0
2821 58.0
2822 58.0
2823 58.0
2824 58.0
2825 58.0
2826 58.0
2827 58.0
2828 58.0
2829 58.0
2830 58.0
2831 58.0
2832 58.0
2833 58.0
2834 58.0
2835 58.0
2836 58.0
2837 58.0
2838 58.0
2839 58.0
2840 58.0
2841 58.0
2842 58.0
2843 58.0
2844 58.0
2845 58.0
2846 58.0
2847 58.0
2848 58.0
2849 58.0
2850 58.0
2851 58.0
2852 58.0
2853 58.0
2854 58.0
2855 58.0
2856 58.0
2857 58.0
2858 58.0
2859 58.0
2860 58.0
2861 58.0
2862 58.0
2863 58.0
2864 58.0
2865 58.0
2866 58.0
2867 58.0
2868 58.0
2869 58.0
2870 58.0
2871 58.0
2872 58.0
2873 58.0
2874 58.0
2875 58.0
2876 58.0
2877 58.0
2878 58.0
2879 58.0
2880 58.0
2881 58.0
2882 58.0
2883 58.0
2884 58.0
2885 58.0
2886 58.0
2887 58.0
2888 58.0
2889 58.0
2890 58.0
2891 58.0
2892 58.0
2893 58.0
2894 58.0
2895 58.0
2896 58.0
2897 58.0
2898 58.0
2899 58.0
2900 58.0
2901 58.0
2902 58.0
2903 58.0
2904 58.0
2905 58.0
2906 58.0
2907 58.0
2908 58.0
2909 58.0
2910 58.0
2911 58.0
2912 58.0
2913 58.0
2914 58.0
2915 58.0
2916 58.0
2917 58.0
2918 58.0
2919 58.0
2920 58.0
2921 58.0
2922 58.0
2923 58.0
2924 58.0
2925 58.0
2926 58.0
2927 58.0
2928 58.0
2929 58.0
2930 58.0
2931 58.0
2932 58.0
2933 58.0
2934 58.0
2935 58.0
2936 58.0
2937 58.0
2938 58.0
2939 58.0
2940 58.0
2941 58.0
2942 58.0
2943 58.0
2944 58.0
2945 58.0
2946 58.0
2947 58.0
2948 58.0
2949 58.0
2950 58.0
2951 58.0
2952 58.0
2953 58.0
2954 58.0
2955 58.0
2956 58.0
2957 58.0
2958 58.0
2959 58.0
2960 58.0
2961 58.0
2962 58.0
2963 58.0
2964 58.0
2965 58.0
2966 58.0
2967 58.0
2968 58.0
2969 58.0
2970 58.0
2971 58.0
2972 58.0
2973 58.0
2974 58.0
2975 58.0
2976 58.0
2977 58.0
2978 58.0
2979 58.0
2980 58.0
2981 58.0
2982 58.0
2983 58.0
2984 58.0
2985 58.0
2986 58.0
2987 58.0
2988 58.0
2989 58.0
2990 58.0
2991 58.0
2992 58.0
2993 58.0
2994 58.0
2995 58.0
2996 58.0
2997 58.0
2998 58.0
2999 58.0
3000 58.0
3001 58.0
3002 58.0
3003 58.0
3004 58.0
3005 58.0
3006 58.0
3007 58.0
3008 58.0
3009 58.0
3010 58.0
3011 58.0
3012 58.0
3013 58.0
3014 58.0
3015 58.0
3016 58.0
3017 58.0
3018 58.0
3019 58.0
3020 58.0
3021 58.0
3022 58.0
3023 58.0
3024 58.0
3025 58.0
3026 58.0
3027 58.0
3028 58.0
3029 58.0
3030 58.0
3031 58.0
3032 58.0
3033 58.0
3034 58.0
3035 58.0
3036 58.0
3037 58.0
3038 58.0
3039 58.0
3040 58.0
3041 58.0
3042 58.0
3043 58.0
3044 58.0
3045 58.0
3046 58.0
3047 58.0
3048 58.0
3049 58.0
3050 58.0
3051 58.0
3052 58.0
3053 58.0
3054 58.0
3055 58.0
3056 58.0
3057 58.0
3058 58.0
3059 58.0
3060 58.0
3061 58.0
3062 58.0
3063 58.0
3064 58.0
3065 58.0
3066 58.0
3067 58.0
3068 58.0
3069 58.0
3070 58.0
3071 58.0
3072 58.0
3073 58.0
3074 58.0
3075 58.0
3076 58.0
3077 58.0
3078 58.0
3079 58.0
3080 58.0
3081 58.0
3082 58.0
3083 58.0
3084 58.0
3085 58.0
3086 58.0
3087 58.0
3088 58.0
3089 58.0
3090 58.0
3091 58.0
3092 58.0
3093 58.0
3094 58.0
3095 58.0
3096 58.0
3097 58.0
3098 58.0
3099 58.0
3100 58.0
3101 58.0
3102 58.0
3103 58.0
3104 58.0
3105 58.0
3106 58.0
3107 58.0
3108 58.0
3109 58.0
3110 58.0
3111 58.0
3112 58.0
3113 58.0
3114 58.0
3115 58.0
3116 58.0
3117 58.0
3118 58.0
3119 58.0
3120 58.0
3121 58.0
3122 58.0
3123 58.0
3124 58.0
3125 58.0
3126 58.0
3127 58.0
3128 58.0
3129 58.0
3130 58.0
3131 58.0
3132 58.0
3133 58.0
3134 58.0
3135 58.0
3136 58.0
3137 58.0
3138 58.0
3139 58.0
3140 58.0
3141 58.0
3142 58.0
3143 58.0
3144 58.0
3145 58.0
3146 58.0
3147 58.0
3148 58.0
3149 58.0
3150 58.0
3151 58.0
3152 58.0
3153 58.0
3154 58.0
3155 58.0
3156 58.0
3157 58.0
3158 58.0
3159 58.0
3160 58.0
3161 58.0
3162 58.0
3163 58.0
3164 58.0
3165 58.0
3166 58.0
3167 58.0
3168 58.0
3169 58.0
3170 58.0
3171 58.0
3172 58.0
3173 58.0
3174 58.0
3175 58.0
3176 58.0
3177 58.0
3178 58.0
3179 58.0
3180 58.0
3181 58.0
3182 58.0
3183 58.0
3184 58.0
3185 58.0
3186 58.0
3187 58.0
3188 58.0
3189 58.0
3190 58.0
3191 58.0
3192 58.0
3193 58.0
3194 58.0
3195 58.0
3196 58.0
3197 58.0
3198 58.0
3199 58.0
3200 58.0
3201 58.0
3202 58.0
3203 58.0
3204 58.0
3205 58.0
3206 58.0
3207 58.0
3208 58.0
3209 58.0
3210 58.0
3211 58.0
3212 58.0
3213 58.0
3214 58.0
3215 58.0
3216 58.0
3217 58.0
3218 58.0
3219 58.0
3220 58.0
3221 58.0
3222 58.0
3223 58.0
3224 58.0
3225 58.0
3226 58.0
3227 58.0
3228 58.0
3229 58.0
3230 58.0
3231 58.0
3232 58.0
3233 58.0
3234 58.0
3235 58.0
3236 58.0
3237 58.0
3238 58.0
3239 58.0
3240 58.0
3241 58.0
3242 58.0
3243 58.0
3244 58.0
3245 58.0
3246 58.0
3247 58.0
3248 58.0
3249 58.0
3250 58.0
3251 58.0
3252 58.0
3253 58.0
3254 58.0
3255 58.0
3256 58.0
3257 58.0
3258 58.0
3259 58.0
3260 58.0
3261 58.0
3262 58.0
3263 58.0
3264 58.0
3265 58.0
3266 58.0
3267 58.0
3268 58.0
3269 58.0
3270 58.0
3271 58.0
3272 58.0
3273 58.0
3274 58.0
3275 58.0
3276 58.0
3277 58.0
3278 58.0
3279 58.0
3280 58.0
3281 58.0
3282 58.0
3283 58.0
3284 58.0
3285 58.0
3286 58.0
3287 58.0
3288 58.0
3289 58.0
3290 58.0
3291 58.0
3292 58.0
3293 58.0
3294 58.0
3295 58.0
3296 58.0
3297 58.0
3298 58.0
3299 58.0
3300 58.0
3301 58.0
3302 58.0
3303 58.0
3304 58.0
3305 58.0
3306 58.0
3307 58.0
3308 58.0
3309 58.0
3310 58.0
3311 58.0
3312 58.0
3313 58.0
3314 58.0
3315 58.0
3316 58.0
3317 58.0
3318 58.0
3319 58.0
3320 58.0
3321 58.0
3322 58.0
3323 58.0
3324 58.0
3325 58.0
3326 58.0
3327 58.0
3328 58.0
3329 58.0
3330 58.0
3331 58.0
3332 58.0
3333 58.0
3334 58.0
3335 58.0
3336 58.0
3337 58.0
3338 58.0
3339 58.0
3340 58.0
3341 58.0
3342 58.0
3343 58.0
3344 58.0
3345 58.0
3346 58.0
3347 58.0
3348 58.0
3349 58.0
3350 58.0
3351 58.0
3352 58.0
3353 58.0
3354 58.0
3355 58.0
3356 58.0
3357 58.0
3358 58.0
3359 58.0
3360 58.0
3361 58.0
3362 58.0
3363 58.0
3364 58.0
3365 58.0
3366 58.0
3367 58.0
3368 58.0
3369 58.0
3370 58.0
3371 58.0
3372 58.0
3373 58.0
3374 58.0
3375 58.0
3376 58.0
3377 58.0
3378 58.0
3379 58.0
3380 58.0
3381 58.0
3382 58.0
3383 58.0
3384 58.0
3385 58.0
3386 58.0
3387 58.0
3388 58.0
3389 58.0
3390 58.0
3391 58.0
3392 58.0
3393 58.0
3394 58.0
3395 58.0
3396 58.0
3397 58.0
3398 58.0
3399 58.0
3400 58.0
3401 58.0
3402 58.0
3403 58.0
3404 58.0
3405 58.0
3406 58.0
3407 58.0
3408 58.0
3409 58.0
3410 58.0
3411 58.0
3412 58.0
3413 58.0
3414 58.0
3415 58.0
3416 58.0
3417 58.0
3418 58.0
3419 58.0
3420 58.0
3421 58.0
3422 58.0
3423 58.0
3424 58.0
3425 58.0
3426 58.0
3427 58.0
3428 58.0
3429 58.0
3430 58.0
3431 58.0
3432 58.0
3433 58.0
3434 58.0
3435 58.0
3436 58.0
3437 58.0
3438 58.0
3439 58.0
3440 58.0
3441 58.0
3442 58.0
3443 58.0
3444 58.0
3445 58.0
3446 58.0
3447 58.0
3448 58.0
3449 58.0
3450 58.0
3451 58.0
3452 58.0
3453 58.0
3454 58.0
3455 58.0
3456 58.0
3457 58.0
3458 58.0
3459 58.0
3460 58.0
3461 58.0
3462 58.0
3463 58.0
3464 58.0
3465 58.0
3466 58.0
3467 58.0
3468 58.0
3469 58.0
3470 58.0
3471 58.0
3472 58.0
3473 58.0
3474 58.0
3475 58.0
3476 58.0
3477 58.0
3478 58.0
3479 58.0
3480 58.0
3481 58.0
3482 58.0
3483 58.0
3484 58.0
3485 58.0
3486 58.0
3487 58.0
3488 58.0
3489 58.0
3490 58.0
3491 58.0
3492 58.0
3493 59.0
3494 59.0
3495 59.0
3496 59.0
3497 59.0
3498 59.0
3499 59.0
3500 59.0
3501 59.0
3502 59.0
3503 59.0
3504 59.0
3505 59.0
3506 59.0
3507 59.0
3508 59.0
3509 59.0
3510 59.0
3511 59.0
3512 59.0
3513 59.0
3514 59.0
3515 59.0
3516 59.0
3517 59.0
3518 59.0
3519 59.0
3520 59.0
3521 59.0
3522 59.0
3523 59.0
3524 59.0
3525 59.0
3526 59.0
3527 59.0
3528 59.0
3529 59.0
3530 59.0
3531 59.0
3532 59.0
3533 59.0
3534 59.0
3535 59.0
3536 59.0
3537 59.0
3538 59.0
3539 59.0
3540 59.0
3541 59.0
3542 59.0
3543 59.0
3544 59.0
3545 59.0
3546 59.0
3547 59.0
3548 59.0
3549 59.0
3550 59.0
3551 59.0
3552 59.0
3553 59.0
3554 59.0
3555 59.0
3556 59.0
3557 59.0
3558 59.0
3559 59.0
3560 59.0
3561 59.0
3562 59.0
3563 59.0
3564 59.0
3565 59.0
3566 59.0
3567 59.0
3568 59.0
3569 59.0
3570 59.0
3571 59.0
3572 59.0
3573 59.0
3574 59.0
3575 59.0
3576 59.0
3577 59.0
3578 59.0
3579 59.0
3580 59.0
3581 59.0
3582 59.0
3583 59.0
3584 59.0
3585 59.0
3586 59.0
3587 59.0
3588 59.0
3589 59.0
3590 59.0
3591 59.0
3592 59.0
3593 59.0
3594 59.0
3595 59.0
3596 59.0
3597 59.0
3598 59.0
3599 59.0
3600 59.0
3601 59.0
3602 59.0
3603 59.0
3604 59.0
3605 59.0
3606 59.0
3607 59.0
3608 59.0
3609 59.0
3610 59.0
3611 59.0
3612 59.0
3613 59.0
3614 59.0
3615 59.0
3616 59.0
3617 59.0
3618 59.0
3619 59.0
3620 59.0
3621 59.0
3622 59.0
3623 59.0
3624 59.0
3625 59.0
3626 59.0
3627 59.0
3628 59.0
3629 59.0
3630 59.0
3631 59.0
3632 59.0
3633 59.0
3634 59.0
3635 59.0
3636 59.0
3637 59.0
3638 59.0
3639 59.0
3640 59.0
3641 59.0
3642 59.0
3643 59.0
3644 59.0
3645 59.0
3646 59.0
3647 59.0
3648 59.0
3649 59.0
3650 59.0
3651 59.0
3652 59.0
3653 59.0
3654 59.0
3655 59.0
3656 59.0
3657 59.0
3658 59.0
3659 59.0
3660 59.0
3661 59.0
3662 59.0
3663 59.0
3664 59.0
3665 59.0
3666 59.0
3667 59.0
3668 59.0
3669 59.0
3670 59.0
3671 59.0
3672 59.0
3673 59.0
3674 59.0
3675 59.0
3676 59.0
3677 59.0
3678 59.0
3679 59.0
3680 59.0
3681 59.0
3682 59.0
3683 59.0
3684 59.0
3685 59.0
3686 59.0
3687 59.0
3688 59.0
3689 59.0
3690 59.0
3691 59.0
3692 59.0
3693 59.0
3694 59.0
3695 59.0
3696 59.0
3697 59.0
3698 59.0
3699 59.0
3700 59.0
3701 59.0
3702 59.0
3703 59.0
3704 59.0
3705 59.0
3706 59.0
3707 59.0
3708 59.0
3709 59.0
3710 59.0
3711 59.0
3712 59.0
3713 59.0
3714 59.0
3715 59.0
3716 59.0
3717 59.0
3718 59.0
3719 59.0
3720 59.0
3721 59.0
3722 59.0
3723 59.0
3724 59.0
3725 59.0
3726 59.0
3727 59.0
3728 59.0
3729 59.0
3730 59.0
3731 59.0
3732 59.0
3733 59.0
3734 59.0
3735 59.0
3736 59.0
3737 59.0
3738 59.0
3739 59.0
3740 59.0
3741 59.0
3742 59.0
3743 59.0
3744 59.0
3745 59.0
3746 59.0
3747 59.0
3748 59.0
3749 59.0
3750 59.0
3751 59.0
3752 59.0
3753 59.0
3754 59.0
3755 59.0
3756 59.0
3757 59.0
3758 59.0
3759 59.0
3760 59.0
3761 59.0
3762 59.0
3763 59.0
3764 59.0
3765 59.0
3766 59.0
3767 59.0
3768 59.0
3769 59.0
3770 59.0
3771 59.0
3772 59.0
3773 59.0
3774 59.0
3775 59.0
3776 59.0
3777 59.0
3778 59.0
3779 59.0
3780 59.0
3781 59.0
3782 59.0
3783 59.0
3784 59.0
3785 59.0
3786 59.0
3787 59.0
3788 59.0
3789 59.0
3790 59.0
3791 59.0
3792 59.0
3793 59.0
3794 59.0
3795 59.0
3796 59.0
3797 59.0
3798 59.0
3799 59.0
3800 59.0
3801 59.0
3802 59.0
3803 59.0
3804 59.0
3805 59.0
3806 59.0
3807 59.0
3808 59.0
3809 59.0
3810 59.0
3811 59.0
3812 59.0
3813 59.0
3814 59.0
3815 59.0
3816 59.0
3817 59.0
3818 59.0
3819 59.0
3820 59.0
3821 59.0
3822 59.0
3823 59.0
3824 59.0
3825 59.0
3826 59.0
3827 59.0
3828 59.0
3829 59.0
3830 59.0
3831 59.0
3832 59.0
3833 59.0
3834 59.0
3835 59.0
3836 59.0
3837 59.0
3838 59.0
3839 59.0
3840 59.0
3841 59.0
3842 59.0
3843 59.0
3844 59.0
3845 59.0
3846 59.0
3847 59.0
3848 59.0
3849 59.0
3850 59.0
3851 59.0
3852 59.0
3853 59.0
3854 59.0
3855 59.0
3856 59.0
3857 59.0
3858 59.0
3859 59.0
3860 59.0
3861 59.0
3862 59.0
3863 59.0
3864 59.0
3865 59.0
3866 59.0
3867 59.0
3868 59.0
3869 59.0
3870 59.0
3871 59.0
3872 59.0
3873 59.0
3874 59.0
3875 59.0
3876 59.0
3877 59.0
3878 59.0
3879 59.0
3880 59.0
3881 59.0
3882 59.0
3883 59.0
3884 59.0
3885 59.0
3886 59.0
3887 59.0
3888 59.0
3889 59.0
3890 59.0
3891 59.0
3892 59.0
3893 59.0
3894 59.0
3895 59.0
3896 59.0
3897 59.0
3898 59.0
3899 59.0
3900 59.0
3901 59.0
3902 59.0
3903 59.0
3904 59.0
3905 59.0
3906 59.0
3907 59.0
3908 59.0
3909 59.0
3910 59.0
3911 59.0
3912 59.0
3913 59.0
3914 59.0
3915 59.0
3916 59.0
3917 59.0
3918 59.0
3919 59.0
3920 59.0
3921 59.0
3922 59.0
3923 59.0
3924 59.0
3925 59.0
3926 59.0
3927 59.0
3928 59.0
3929 59.0
3930 59.0
3931 59.0
3932 59.0
3933 59.0
3934 59.0
3935 59.0
3936 59.0
3937 59.0
3938 59.0
3939 59.0
3940 59.0
3941 59.0
3942 59.0
3943 59.0
3944 59.0
3945 59.0
3946 59.0
3947 59.0
3948 59.0
3949 59.0
3950 59.0
3951 59.0
3952 59.0
3953 59.0
3954 59.0
3955 59.0
3956 59.0
3957 59.0
3958 59.0
3959 59.0
3960 59.0
3961 59.0
3962 59.0
3963 59.0
3964 59.0
3965 59.0
3966 59.0
3967 59.0
3968 59.0
3969 59.0
3970 59.0
3971 59.0
3972 59.0
3973 59.0
3974 59.0
3975 59.0
3976 59.0
3977 59.0
3978 59.0
3979 59.0
3980 59.0
3981 59.0
3982 59.0
3983 59.0
3984 59.0
3985 59.0
3986 59.0
3987 59.0
3988 59.0
3989 59.0
3990 59.0
3991 59.0
3992 59.0
3993 59.0
3994 59.0
3995 59.0
3996 59.0
3997 59.0
3998 59.0
3999 59.0
4000 59.0
4001 59.0
4002 59.0
4003 59.0
4004 59.0
4005 59.0
4006 59.0
4007 59.0
4008 59.0
4009 59.0
4010 59.0
4011 59.0
4012 59.0
4013 59.0
4014 59.0
4015 59.0
4016 59.0
4017 59.0
4018 59.0
4019 59.0
4020 59.0
4021 59.0
4022 59.0
4023 59.0
4024 59.0
4025 59.0
4026 59.0
4027 59.0
4028 59.0
4029 59.0
4030 59.0
4031 59.0
4032 59.0
4033 59.0
4034 59.0
4035 59.0
4036 59.0
4037 59.0
4038 59.0
4039 59.0
4040 59.0
4041 59.0
4042 59.0
4043 59.0
4044 59.0
4045 59.0
4046 59.0
4047 59.0
4048 59.0
4049 59.0
4050 59.0
4051 59.0
4052 59.0
4053 59.0
4054 59.0
4055 59.0
4056 59.0
4057 59.0
4058 59.0
4059 59.0
4060 59.0
4061 59.0
4062 59.0
4063 59.0
4064 59.0
4065 59.0
4066 59.0
4067 59.0
4068 59.0
4069 59.0
4070 59.0
4071 59.0
4072 59.0
4073 59.0
4074 59.0
4075 59.0
4076 59.0
4077 59.0
4078 59.0
4079 59.0
4080 59.0
4081 59.0
4082 59.0
4083 59.0
4084 59.0
4085 59.0
4086 59.0
4087 59.0
4088 59.0
4089 59.0
4090 59.0
4091 59.0
4092 59.0
4093 59.0
4094 59.0
4095 59.0
4096 59.0
4097 59.0
4098 59.0
4099 59.0
4100 59.0
4101 59.0
4102 59.0
4103 59.0
4104 59.0
4105 59.0
4106 59.0
4107 59.0
4108 59.0
4109 59.0
4110 59.0
4111 59.0
4112 59.0
4113 59.0
4114 59.0
4115 59.0
4116 59.0
4117 59.0
4118 59.0
4119 59.0
4120 59.0
4121 59.0
4122 59.0
4123 59.0
4124 59.0
4125 59.0
4126 59.0
4127 59.0
4128 59.0
4129 59.0
4130 59.0
4131 59.0
4132 59.0
4133 59.0
4134 59.0
4135 59.0
4136 59.0
4137 59.0
4138 59.0
4139 59.0
4140 59.0
4141 59.0
4142 59.0
4143 59.0
4144 59.0
4145 59.0
4146 59.0
4147 59.0
4148 59.0
4149 59.0
4150 59.0
4151 59.0
4152 59.0
4153 59.0
4154 59.0
4155 59.0
4156 59.0
4157 59.0
4158 59.0
4159 59.0
4160 59.0
4161 59.0
4162 59.0
4163 59.0
4164 59.0
4165 59.0
4166 59.0
4167 59.0
4168 59.0
4169 59.0
4170 59.0
4171 59.0
4172 59.0
4173 59.0
4174 59.0
4175 59.0
4176 59.0
4177 59.0
4178 59.0
4179 59.0
4180 59.0
4181 59.0
4182 59.0
4183 59.0
4184 59.0
4185 59.0
4186 59.0
4187 59.0
4188 59.0
4189 59.0
4190 59.0
4191 59.0
4192 59.0
4193 59.0
4194 59.0
4195 59.0
4196 59.0
4197 59.0
4198 59.0
4199 59.0
4200 59.0
4201 59.0
4202 59.0
4203 59.0
4204 59.0
4205 59.0
4206 59.0
4207 59.0
4208 59.0
4209 59.0
4210 59.0
4211 59.0
4212 59.0
4213 59.0
4214 59.0
4215 59.0
4216 59.0
4217 59.0
4218 59.0
4219 59.0
4220 59.0
4221 59.0
4222 59.0
4223 59.0
4224 59.0
4225 59.0
4226 59.0
4227 59.0
4228 59.0
4229 59.0
4230 59.0
4231 59.0
4232 59.0
4233 59.0
4234 59.0
4235 59.0
4236 59.0
4237 59.0
4238 59.0
4239 59.0
4240 59.0
4241 59.0
4242 59.0
4243 59.0
4244 59.0
4245 59.0
4246 59.0
4247 59.0
4248 59.0
4249 59.0
4250 59.0
4251 59.0
4252 59.0
4253 59.0
4254 59.0
4255 59.0
4256 59.0
4257 59.0
4258 59.0
4259 59.0
4260 59.0
4261 59.0
4262 59.0
4263 59.0
4264 59.0
4265 59.0
4266 59.0
4267 59.0
4268 59.0
4269 59.0
4270 59.0
4271 59.0
4272 59.0
4273 59.0
4274 59.0
4275 59.0
4276 59.0
4277 59.0
4278 59.0
4279 59.0
4280 59.0
4281 59.0
4282 59.0
4283 59.0
4284 59.0
4285 59.0
4286 59.0
4287 59.0
4288 59.0
4289 59.0
4290 59.0
4291 59.0
4292 59.0
4293 59.0
4294 59.0
4295 59.0
4296 59.0
4297 59.0
4298 59.0
4299 59.0
4300 59.0
4301 59.0
4302 59.0
4303 59.0
4304 59.0
4305 59.0
4306 59.0
4307 59.0
4308 59.0
4309 59.0
4310 59.0
4311 59.0
4312 59.0
4313 59.0
4314 59.0
4315 59.0
4316 59.0
4317 59.0
4318 59.0
4319 59.0
4320 59.0
4321 59.0
4322 59.0
4323 59.0
4324 59.0
4325 59.0
4326 59.0
4327 59.0
4328 59.0
4329 59.0
4330 59.0
4331 59.0
4332 59.0
4333 59.0
4334 59.0
4335 59.0
4336 59.0
4337 59.0
4338 59.0
4339 59.0
4340 59.0
4341 59.0
4342 59.0
4343 59.0
4344 59.0
4345 59.0
4346 59.0
4347 59.0
4348 59.0
4349 59.0
4350 59.0
4351 59.0
4352 59.0
4353 59.0
4354 59.0
4355 59.0
4356 59.0
4357 59.0
4358 59.0
4359 59.0
4360 59.0
4361 59.0
4362 59.0
4363 59.0
4364 59.0
4365 59.0
4366 59.0
4367 59.0
4368 59.0
4369 59.0
4370 59.0
4371 59.0
4372 59.0
4373 59.0
4374 59.0
4375 59.0
4376 59.0
4377 59.0
4378 59.0
4379 59.0
4380 59.0
4381 59.0
4382 59.0
4383 59.0
4384 59.0
4385 59.0
4386 59.0
4387 59.0
4388 59.0
4389 59.0
4390 59.0
4391 59.0
4392 59.0
4393 59.0
4394 59.0
4395 59.0
4396 59.0
4397 59.0
4398 59.0
4399 59.0
4400 59.0
4401 59.0
4402 59.0
4403 59.0
4404 59.0
4405 59.0
4406 59.0
4407 59.0
4408 59.0
4409 59.0
4410 59.0
4411 59.0
4412 59.0
4413 59.0
4414 59.0
4415 59.0
4416 59.0
4417 59.0
4418 59.0
4419 59.0
4420 59.0
4421 59.0
4422 59.0
4423 59.0
4424 59.0
4425 59.0
4426 59.0
4427 59.0
4428 59.0
4429 59.0
4430 59.0
4431 59.0
4432 59.0
4433 59.0
4434 59.0
4435 59.0
4436 59.0
4437 59.0
4438 59.0
4439 59.0
4440 59.0
4441 59.0
4442 59.0
4443 59.0
4444 59.0
4445 59.0
4446 59.0
4447 59.0
4448 59.0
4449 59.0
4450 59.0
4451 59.0
4452 59.0
4453 59.0
4454 59.0
4455 59.0
4456 59.0
4457 59.0
4458 59.0
4459 59.0
4460 59.0
4461 59.0
4462 59.0
4463 59.0
4464 59.0
4465 59.0
4466 59.0
4467 59.0
4468 59.0
4469 59.0
4470 59.0
4471 59.0
4472 59.0
4473 59.0
4474 59.0
4475 59.0
4476 59.0
4477 59.0
4478 59.0
4479 59.0
4480 59.0
4481 59.0
4482 59.0
4483 59.0
4484 59.0
4485 59.0
4486 59.0
4487 59.0
4488 59.0
4489 59.0
4490 59.0
4491 59.0
4492 59.0
4493 59.0
4494 59.0
4495 59.0
4496 59.0
4497 59.0
4498 59.0
4499 59.0
4500 59.0
4501 59.0
4502 59.0
4503 59.0
4504 59.0
4505 59.0
4506 59.0
4507 59.0
4508 59.0
4509 59.0
4510 59.0
4511 59.0
4512 59.0
4513 59.0
4514 59.0
4515 59.0
4516 59.0
4517 59.0
4518 59.0
4519 59.0
4520 59.0
4521 59.0
4522 59.0
4523 59.0
4524 59.0
4525 59.0
4526 59.0
4527 59.0
4528 59.0
4529 59.0
4530 59.0
4531 59.0
4532 59.0
4533 59.0
4534 59.0
4535 59.0
4536 59.0
4537 59.0
4538 59.0
4539 59.0
4540 59.0
4541 59.0
4542 59.0
4543 59.0
4544 59.0
4545 59.0
4546 59.0
4547 59.0
4548 59.0
4549 59.0
4550 59.0
4551 59.0
4552 59.0
4553 59.0
4554 59.0
4555 59.0
4556 59.0
4557 59.0
4558 59.0
4559 59.0
4560 59.0
4561 59.0
4562 59.0
4563 59.0
4564 59.0
4565 59.0
4566 59.0
4567 59.0
4568 59.0
4569 59.0
4570 59.0
4571 59.0
4572 59.0
4573 59.0
4574 59.0
4575 59.0
4576 59.0
4577 59.0
4578 59.0
4579 59.0
4580 59.0
4581 59.0
4582 59.0
4583 59.0
4584 59.0
4585 59.0
4586 59.0
4587 59.0
4588 59.0
4589 59.0
4590 59.0
4591 59.0
4592 59.0
4593 59.0
4594 59.0
4595 59.0
4596 59.0
4597 59.0
4598 59.0
4599 59.0
4600 59.0
4601 59.0
4602 59.0
4603 59.0
4604 59.0
4605 59.0
4606 59.0
4607 59.0
4608 59.0
4609 59.0
4610 59.0
4611 59.0
4612 59.0
4613 59.0
4614 59.0
4615 59.0
4616 59.0
4617 59.0
4618 59.0
4619 59.0
4620 59.0
4621 59.0
4622 59.0
4623 59.0
4624 59.0
4625 59.0
4626 59.0
4627 59.0
4628 59.0
4629 59.0
4630 59.0
4631 59.0
4632 59.0
4633 59.0
4634 59.0
4635 59.0
4636 59.0
4637 59.0
4638 59.0
4639 59.0
4640 59.0
4641 59.0
4642 59.0
4643 59.0
4644 59.0
4645 59.0
4646 59.0
4647 59.0
4648 59.0
4649 59.0
4650 59.0
4651 59.0
4652 59.0
4653 59.0
4654 59.0
4655 59.0
4656 59.0
4657 59.0
4658 59.0
4659 59.0
4660 59.0
4661 59.0
4662 59.0
4663 59.0
4664 59.0
4665 59.0
4666 59.0
4667 59.0
4668 59.0
4669 59.0
4670 59.0
4671 59.0
4672 59.0
4673 59.0
4674 59.0
4675 59.0
4676 59.0
4677 59.0
4678 59.0
4679 59.0
4680 59.0
4681 59.0
4682 59.0
4683 59.0
4684 59.0
4685 59.0
4686 59.0
4687 59.0
4688 59.0
4689 59.0
4690 59.0
4691 59.0
4692 59.0
4693 59.0
4694 59.0
4695 59.0
4696 59.0
4697 59.0
4698 59.0
4699 59.0
4700 59.0
4701 59.0
4702 59.0
4703 59.0
4704 59.0
4705 59.0
4706 59.0
4707 59.0
4708 59.0
4709 59.0
4710 59.0
4711 59.0
4712 59.0
4713 59.0
4714 59.0
4715 59.0
4716 59.0
4717 59.0
4718 59.0
4719 59.0
4720 59.0
4721 59.0
4722 59.0
4723 59.0
4724 59.0
4725 59.0
4726 59.0
4727 59.0
4728 59.0
4729 59.0
4730 59.0
4731 59.0
4732 59.0
4733 59.0
4734 59.0
4735 59.0
4736 59.0
4737 59.0
4738 59.0
4739 59.0
4740 59.0
4741 59.0
4742 59.0
4743 59.0
4744 59.0
4745 59.0
4746 59.0
4747 59.0
4748 59.0
4749 59.0
4750 59.0
4751 59.0
4752 59.0
4753 59.0
4754 59.0
4755 59.0
4756 59.0
4757 59.0
4758 59.0
4759 59.0
4760 59.0
4761 59.0
4762 59.0
4763 59.0
4764 59.0
4765 59.0
4766 59.0
4767 59.0
4768 59.0
4769 59.0
4770 59.0
4771 59.0
4772 59.0
4773 59.0
4774 59.0
4775 59.0
4776 59.0
4777 59.0
4778 59.0
4779 59.0
4780 59.0
4781 59.0
4782 59.0
4783 59.0
4784 59.0
4785 59.0
4786 59.0
4787 59.0
4788 59.0
4789 59.0
4790 59.0
4791 59.0
4792 59.0
4793 59.0
4794 59.0
4795 59.0
4796 59.0
4797 59.0
4798 59.0
4799 59.0
4800 59.0
4801 59.0
4802 59.0
4803 59.0
4804 59.0
4805 59.0
4806 59.0
4807 59.0
4808 59.0
4809 59.0
4810 59.0
4811 59.0
4812 59.0
4813 59.0
4814 59.0
4815 59.0
4816 59.0
4817 59.0
4818 59.0
4819 59.0
4820 59.0
4821 59.0
4822 59.0
4823 59.0
4824 59.0
4825 59.0
4826 59.0
4827 59.0
4828 59.0
4829 59.0
4830 59.0
4831 59.0
4832 59.0
4833 59.0
4834 59.0
4835 59.0
4836 59.0
4837 59.0
4838 59.0
4839 59.0
4840 59.0
4841 59.0
4842 59.0
4843 59.0
4844 59.0
4845 59.0
4846 59.0
4847 59.0
4848 59.0
4849 59.0
4850 59.0
4851 59.0
4852 59.0
4853 59.0
4854 59.0
4855 59.0
4856 59.0
4857 59.0
4858 59.0
4859 59.0
4860 59.0
4861 59.0
4862 59.0
4863 59.0
4864 59.0
4865 59.0
4866 59.0
4867 59.0
4868 59.0
4869 59.0
4870 59.0
4871 59.0
4872 59.0
4873 59.0
4874 59.0
4875 59.0
4876 59.0
4877 59.0
4878 59.0
4879 59.0
4880 59.0
4881 59.0
4882 59.0
4883 59.0
4884 59.0
4885 59.0
4886 59.0
4887 59.0
4888 59.0
4889 59.0
4890 59.0
4891 59.0
4892 59.0
4893 59.0
4894 59.0
4895 59.0
4896 59.0
4897 59.0
4898 59.0
4899 59.0
4900 59.0
4901 59.0
4902 59.0
4903 59.0
4904 59.0
4905 59.0
4906 59.0
4907 59.0
4908 59.0
4909 59.0
4910 59.0
4911 59.0
4912 59.0
4913 59.0
4914 59.0
4915 59.0
4916 59.0
4917 59.0
4918 59.0
4919 59.0
4920 59.0
4921 59.0
4922 59.0
4923 59.0
4924 59.0
4925 59.0
4926 59.0
4927 59.0
4928 59.0
4929 59.0
4930 59.0
4931 59.0
4932 59.0
4933 59.0
4934 59.0
4935 59.0
4936 59.0
4937 59.0
4938 59.0
4939 59.0
4940 59.0
4941 59.0
4942 59.0
4943 59.0
4944 59.0
4945 59.0
4946 59.0
4947 59.0
4948 59.0
4949 59.0
4950 59.0
4951 59.0
4952 59.0
4953 59.0
4954 59.0
4955 59.0
4956 59.0
4957 59.0
4958 59.0
4959 59.0
4960 59.0
4961 59.0
4962 59.0
4963 59.0
4964 59.0
4965 59.0
4966 59.0
4967 59.0
4968 59.0
4969 59.0
4970 59.0
4971 59.0
4972 59.0
4973 59.0
4974 59.0
4975 59.0
4976 59.0
4977 59.0
4978 59.0
4979 59.0
4980 59.0
4981 59.0
4982 59.0
4983 59.0
4984 59.0
4985 59.0
4986 59.0
4987 59.0
4988 59.0
4989 59.0
4990 59.0
4991 59.0
4992 59.0
4993 59.0
4994 59.0
4995 59.0
4996 59.0
4997 59.0
4998 59.0
4999 59.0
5000 59.0
5001 59.0
5002 59.0
5003 59.0
5004 59.0
5005 59.0
5006 59.0
5007 59.0
5008 59.0
5009 59.0
5010 59.0
5011 59.0
5012 59.0
5013 59.0
5014 59.0
5015 59.0
5016 59.0
5017 59.0
5018 59.0
5019 59.0
5020 59.0
5021 59.0
5022 59.0
5023 59.0
5024 59.0
5025 59.0
5026 59.0
5027 59.0
5028 59.0
5029 59.0
5030 59.0
5031 59.0
5032 59.0
5033 59.0
5034 59.0
5035 59.0
5036 59.0
5037 59.0
5038 59.0
5039 59.0
5040 59.0
5041 59.0
5042 59.0
5043 59.0
5044 59.0
5045 59.0
5046 59.0
5047 59.0
5048 59.0
5049 59.0
5050 59.0
5051 59.0
5052 59.0
5053 59.0
5054 59.0
5055 59.0
5056 59.0
5057 59.0
5058 59.0
5059 59.0
5060 59.0
5061 59.0
5062 59.0
5063 59.0
5064 59.0
5065 59.0
5066 59.0
5067 59.0
5068 59.0
5069 59.0
5070 59.0
5071 59.0
5072 59.0
5073 59.0
5074 59.0
5075 59.0
5076 59.0
5077 59.0
5078 59.0
5079 59.0
5080 59.0
5081 59.0
5082 59.0
5083 59.0
5084 59.0
5085 59.0
5086 59.0
5087 59.0
5088 59.0
5089 59.0
5090 59.0
5091 59.0
5092 59.0
5093 59.0
5094 59.0
5095 59.0
5096 59.0
5097 59.0
5098 59.0
5099 59.0
5100 59.0
5101 59.0
5102 59.0
5103 59.0
5104 59.0
5105 59.0
5106 59.0
5107 59.0
5108 59.0
5109 59.0
5110 59.0
5111 59.0
5112 59.0
5113 59.0
5114 59.0
5115 59.0
5116 59.0
5117 59.0
5118 59.0
5119 59.0
5120 59.0
5121 59.0
5122 59.0
5123 59.0
5124 59.0
5125 59.0
5126 59.0
5127 59.0
5128 59.0
5129 59.0
5130 59.0
5131 59.0
5132 59.0
5133 59.0
5134 59.0
5135 59.0
5136 59.0
5137 59.0
5138 59.0
5139 59.0
5140 59.0
5141 59.0
5142 59.0
5143 59.0
5144 59.0
5145 59.0
5146 59.0
5147 59.0
5148 59.0
5149 59.0
5150 59.0
5151 59.0
5152 59.0
5153 59.0
5154 59.0
5155 59.0
5156 59.0
5157 59.0
5158 59.0
5159 59.0
5160 59.0
5161 59.0
5162 59.0
5163 59.0
5164 59.0
5165 59.0
5166 59.0
5167 59.0
5168 59.0
5169 59.0
5170 59.0
5171 59.0
5172 59.0
5173 59.0
5174 59.0
5175 59.0
5176 59.0
5177 59.0
5178 59.0
5179 59.0
5180 59.0
5181 59.0
5182 59.0
5183 59.0
5184 59.0
5185 59.0
5186 59.0
5187 59.0
5188 59.0
5189 59.0
5190 59.0
5191 59.0
5192 59.0
5193 59.0
5194 59.0
5195 59.0
5196 59.0
5197 59.0
5198 59.0
5199 59.0
5200 59.0
5201 59.0
5202 59.0
5203 59.0
5204 59.0
5205 59.0
5206 59.0
5207 59.0
5208 59.0
5209 59.0
5210 59.0
5211 59.0
5212 59.0
5213 59.0
5214 59.0
5215 59.0
5216 59.0
5217 59.0
5218 59.0
5219 59.0
5220 59.0
5221 59.0
5222 59.0
5223 59.0
5224 59.0
5225 59.0
5226 59.0
5227 59.0
5228 59.0
5229 59.0
5230 59.0
5231 59.0
5232 59.0
5233 59.0
5234 59.0
5235 59.0
5236 59.0
5237 59.0
5238 59.0
5239 59.0
5240 59.0
5241 59.0
5242 59.0
5243 59.0
5244 59.0
5245 59.0
5246 59.0
5247 59.0
5248 59.0
5249 59.0
5250 59.0
5251 59.0
5252 59.0
5253 59.0
5254 59.0
5255 59.0
5256 59.0
5257 59.0
5258 59.0
5259 59.0
5260 59.0
5261 59.0
5262 59.0
5263 59.0
5264 59.0
5265 59.0
5266 59.0
5267 59.0
5268 59.0
5269 59.0
5270 59.0
5271 59.0
5272 59.0
5273 59.0
5274 59.0
5275 59.0
5276 59.0
5277 59.0
5278 59.0
5279 59.0
5280 59.0
5281 59.0
5282 59.0
5283 59.0
5284 59.0
5285 59.0
5286 59.0
5287 59.0
5288 59.0
5289 59.0
5290 59.0
5291 59.0
5292 59.0
5293 59.0
5294 59.0
5295 59.0
5296 59.0
5297 59.0
5298 59.0
5299 59.0
5300 59.0
5301 59.0
5302 59.0
5303 59.0
5304 59.0
5305 59.0
5306 59.0
5307 59.0
5308 59.0
5309 59.0
5310 59.0
5311 59.0
5312 59.0
5313 59.0
5314 59.0
5315 59.0
5316 59.0
5317 59.0
5318 59.0
5319 59.0
5320 59.0
5321 59.0
5322 59.0
5323 59.0
5324 59.0
5325 59.0
5326 59.0
5327 59.0
5328 59.0
5329 59.0
5330 59.0
5331 59.0
5332 59.0
5333 59.0
5334 59.0
5335 59.0
5336 59.0
5337 59.0
5338 59.0
5339 59.0
5340 59.0
5341 59.0
5342 59.0
5343 59.0
5344 59.0
5345 59.0
5346 59.0
5347 59.0
5348 59.0
5349 59.0
5350 59.0
5351 59.0
5352 59.0
5353 59.0
5354 59.0
5355 59.0
5356 59.0
5357 59.0
5358 59.0
5359 59.0
5360 59.0
5361 59.0
5362 59.0
5363 59.0
5364 59.0
5365 59.0
5366 59.0
5367 59.0
5368 59.0
5369 59.0
5370 59.0
5371 59.0
5372 59.0
5373 59.0
5374 59.0
5375 59.0
5376 59.0
5377 59.0
5378 59.0
5379 59.0
5380 59.0
5381 59.0
5382 59.0
5383 59.0
5384 59.0
5385 59.0
5386 59.0
5387 59.0
5388 59.0
5389 59.0
5390 59.0
5391 59.0
5392 59.0
5393 59.0
5394 59.0
5395 59.0
5396 59.0
5397 59.0
5398 59.0
5399 59.0
5400 59.0
5401 59.0
5402 59.0
5403 59.0
5404 59.0
5405 59.0
5406 59.0
5407 59.0
5408 59.0
5409 59.0
5410 59.0
5411 59.0
5412 59.0
5413 59.0
5414 59.0
5415 59.0
5416 59.0
5417 59.0
5418 59.0
5419 59.0
5420 59.0
5421 59.0
5422 59.0
5423 59.0
5424 59.0
5425 59.0
5426 59.0
5427 59.0
5428 59.0
5429 59.0
5430 59.0
5431 59.0
5432 59.0
5433 59.0
5434 59.0
5435 59.0
5436 59.0
5437 59.0
5438 59.0
5439 59.0
5440 59.0
5441 59.0
5442 59.0
5443 59.0
5444 59.0
5445 59.0
5446 59.0
5447 59.0
5448 59.0
5449 59.0
5450 59.0
5451 59.0
5452 59.0
5453 59.0
5454 59.0
5455 59.0
5456 59.0
5457 59.0
5458 59.0
5459 59.0
5460 59.0
5461 59.0
5462 59.0
5463 59.0
5464 59.0
5465 59.0
5466 59.0
5467 59.0
5468 59.0
5469 59.0
5470 59.0
5471 59.0
5472 59.0
5473 59.0
5474 59.0
5475 59.0
5476 59.0
5477 59.0
5478 59.0
5479 59.0
5480 59.0
5481 59.0
5482 59.0
5483 59.0
5484 59.0
5485 59.0
5486 59.0
5487 59.0
5488 59.0
5489 59.0
5490 59.0
5491 59.0
5492 59.0
5493 59.0
5494 59.0
5495 59.0
5496 59.0
5497 59.0
5498 59.0
5499 59.0
5500 59.0
5501 59.0
5502 59.0
5503 59.0
5504 59.0
5505 59.0
5506 59.0
5507 59.0
5508 59.0
5509 59.0
5510 59.0
5511 59.0
5512 59.0
5513 59.0
5514 59.0
5515 59.0
5516 59.0
5517 59.0
5518 59.0
5519 59.0
5520 59.0
5521 59.0
5522 59.0
5523 59.0
5524 59.0
5525 59.0
5526 59.0
5527 59.0
5528 59.0
5529 59.0
5530 59.0
5531 59.0
5532 59.0
5533 59.0
5534 59.0
5535 59.0
5536 59.0
5537 59.0
5538 59.0
5539 59.0
5540 59.0
5541 59.0
5542 59.0
5543 59.0
5544 59.0
5545 59.0
5546 59.0
5547 59.0
5548 59.0
5549 59.0
5550 59.0
5551 59.0
5552 59.0
5553 59.0
5554 59.0
5555 59.0
5556 59.0
5557 59.0
5558 59.0
5559 59.0
5560 59.0
5561 59.0
5562 59.0
5563 59.0
5564 59.0
5565 59.0
5566 59.0
5567 59.0
5568 59.0
5569 59.0
5570 59.0
5571 59.0
5572 59.0
5573 59.0
5574 59.0
5575 59.0
5576 59.0
5577 59.0
5578 59.0
5579 59.0
5580 59.0
5581 59.0
5582 59.0
5583 59.0
5584 59.0
5585 59.0
5586 59.0
5587 59.0
5588 59.0
5589 59.0
5590 59.0
5591 59.0
5592 59.0
5593 59.0
5594 59.0
5595 59.0
5596 59.0
5597 59.0
5598 59.0
5599 59.0
5600 59.0
5601 59.0
5602 59.0
5603 59.0
5604 59.0
5605 59.0
5606 59.0
5607 59.0
5608 59.0
5609 59.0
5610 59.0
5611 59.0
5612 59.0
5613 59.0
5614 59.0
5615 59.0
5616 59.0
5617 59.0
5618 59.0
5619 59.0
5620 59.0
5621 59.0
5622 59.0
5623 59.0
5624 59.0
5625 59.0
5626 59.0
5627 59.0
5628 59.0
5629 59.0
5630 59.0
5631 59.0
5632 59.0
5633 59.0
5634 59.0
5635 59.0
5636 59.0
5637 59.0
5638 59.0
5639 59.0
5640 59.0
5641 59.0
5642 59.0
5643 59.0
5644 59.0
5645 59.0
5646 59.0
5647 59.0
5648 59.0
5649 59.0
5650 59.0
5651 59.0
5652 59.0
5653 59.0
5654 59.0
5655 59.0
5656 59.0
5657 59.0
5658 59.0
5659 59.0
5660 59.0
5661 59.0
5662 59.0
5663 59.0
5664 59.0
5665 59.0
5666 59.0
5667 59.0
5668 59.0
5669 59.0
5670 59.0
5671 59.0
5672 59.0
5673 59.0
5674 59.0
5675 59.0
5676 59.0
5677 59.0
5678 59.0
5679 59.0
5680 59.0
5681 59.0
5682 59.0
5683 59.0
5684 59.0
5685 59.0
5686 59.0
5687 59.0
5688 59.0
5689 59.0
5690 59.0
5691 59.0
5692 59.0
5693 59.0
5694 59.0
5695 59.0
5696 59.0
5697 59.0
5698 59.0
5699 59.0
5700 59.0
5701 59.0
5702 59.0
5703 59.0
5704 59.0
5705 59.0
5706 59.0
5707 59.0
5708 59.0
5709 59.0
5710 59.0
5711 59.0
5712 59.0
5713 59.0
5714 59.0
5715 59.0
5716 59.0
5717 59.0
5718 59.0
5719 59.0
5720 59.0
5721 59.0
5722 59.0
5723 59.0
5724 59.0
5725 59.0
5726 59.0
5727 59.0
5728 59.0
5729 59.0
5730 59.0
5731 59.0
5732 59.0
5733 59.0
5734 59.0
5735 59.0
5736 59.0
5737 59.0
5738 59.0
5739 59.0
5740 59.0
5741 59.0
5742 59.0
5743 59.0
5744 59.0
5745 59.0
5746 59.0
5747 59.0
5748 59.0
5749 59.0
5750 59.0
5751 59.0
5752 59.0
5753 59.0
5754 59.0
5755 59.0
5756 59.0
5757 59.0
5758 59.0
5759 59.0
5760 59.0
5761 59.0
5762 59.0
5763 59.0
5764 59.0
5765 59.0
5766 59.0
5767 59.0
5768 59.0
5769 59.0
5770 59.0
5771 59.0
5772 59.0
5773 59.0
5774 59.0
5775 59.0
5776 59.0
5777 59.0
5778 59.0
5779 59.0
5780 59.0
5781 59.0
5782 59.0
5783 59.0
5784 59.0
5785 59.0
5786 59.0
5787 59.0
5788 59.0
5789 59.0
5790 59.0
5791 59.0
5792 59.0
5793 59.0
5794 59.0
5795 59.0
5796 59.0
5797 59.0
5798 59.0
5799 59.0
5800 59.0
5801 59.0
5802 59.0
5803 59.0
5804 59.0
5805 59.0
5806 59.0
5807 59.0
5808 59.0
5809 59.0
5810 59.0
5811 59.0
5812 59.0
5813 59.0
5814 59.0
5815 59.0
5816 59.0
5817 59.0
5818 59.0
5819 59.0
5820 59.0
5821 59.0
5822 59.0
5823 59.0
5824 59.0
5825 59.0
5826 59.0
5827 59.0
5828 59.0
5829 59.0
5830 59.0
5831 59.0
5832 59.0
5833 59.0
5834 59.0
5835 59.0
5836 59.0
5837 59.0
5838 59.0
5839 59.0
5840 59.0
5841 59.0
5842 59.0
5843 59.0
5844 59.0
5845 59.0
5846 59.0
5847 59.0
5848 59.0
5849 59.0
5850 59.0
5851 59.0
5852 59.0
5853 59.0
5854 59.0
5855 59.0
5856 59.0
5857 59.0
5858 59.0
5859 59.0
5860 59.0
5861 59.0
5862 59.0
5863 59.0
5864 59.0
5865 59.0
5866 59.0
5867 59.0
5868 59.0
5869 59.0
5870 59.0
5871 59.0
5872 59.0
5873 59.0
5874 59.0
5875 59.0
5876 59.0
5877 59.0
5878 59.0
5879 59.0
5880 59.0
5881 59.0
5882 59.0
5883 59.0
5884 59.0
5885 59.0
5886 59.0
5887 59.0
5888 59.0
5889 59.0
5890 59.0
5891 59.0
5892 59.0
5893 59.0
5894 59.0
5895 59.0
5896 59.0
5897 59.0
5898 59.0
5899 59.0
5900 59.0
5901 59.0
5902 59.0
5903 59.0
5904 59.0
5905 59.0
5906 59.0
5907 59.0
5908 59.0
5909 59.0
5910 59.0
5911 59.0
5912 59.0
5913 59.0
5914 59.0
5915 59.0
5916 59.0
5917 59.0
5918 59.0
5919 59.0
5920 59.0
5921 59.0
5922 59.0
5923 59.0
5924 59.0
5925 59.0
5926 59.0
5927 59.0
5928 59.0
5929 59.0
5930 59.0
5931 59.0
5932 59.0
5933 59.0
5934 59.0
5935 59.0
5936 59.0
5937 59.0
5938 59.0
5939 59.0
5940 59.0
5941 59.0
5942 59.0
5943 59.0
5944 59.0
5945 59.0
5946 59.0
5947 59.0
5948 59.0
5949 59.0
5950 59.0
5951 59.0
5952 59.0
5953 59.0
5954 59.0
5955 59.0
5956 59.0
5957 59.0
5958 59.0
5959 59.0
5960 59.0
5961 59.0
5962 59.0
5963 59.0
5964 59.0
5965 59.0
5966 59.0
5967 59.0
5968 59.0
5969 59.0
5970 59.0
5971 59.0
5972 59.0
5973 59.0
5974 59.0
5975 59.0
5976 59.0
5977 59.0
5978 59.0
5979 59.0
5980 59.0
5981 59.0
5982 59.0
5983 59.0
5984 59.0
5985 59.0
5986 59.0
5987 59.0
5988 59.0
5989 59.0
5990 59.0
5991 59.0
5992 59.0
5993 59.0
5994 59.0
5995 59.0
5996 59.0
5997 59.0
5998 59.0
5999 59.0
6000 59.0
6001 59.0
6002 59.0
6003 59.0
6004 59.0
6005 59.0
6006 59.0
6007 59.0
6008 59.0
6009 59.0
6010 59.0
6011 59.0
6012 59.0
6013 59.0
6014 59.0
6015 59.0
6016 59.0
6017 59.0
6018 59.0
6019 59.0
6020 59.0
6021 59.0
6022 59.0
6023 59.0
6024 59.0
6025 59.0
6026 59.0
6027 59.0
6028 59.0
6029 59.0
6030 59.0
6031 59.0
6032 59.0
6033 59.0
6034 59.0
6035 59.0
6036 59.0
6037 59.0
6038 59.0
6039 59.0
6040 59.0
6041 59.0
6042 59.0
6043 59.0
6044 59.0
6045 59.0
6046 59.0
6047 59.0
6048 59.0
6049 59.0
6050 59.0
6051 59.0
6052 59.0
6053 59.0
6054 59.0
6055 59.0
6056 59.0
6057 59.0
6058 59.0
6059 59.0
6060 59.0
6061 59.0
6062 59.0
6063 59.0
6064 59.0
6065 59.0
6066 59.0
6067 59.0
6068 59.0
6069 59.0
6070 59.0
6071 59.0
6072 59.0
6073 59.0
6074 59.0
6075 59.0
6076 59.0
6077 59.0
6078 59.0
6079 59.0
6080 59.0
6081 59.0
6082 59.0
6083 59.0
6084 59.0
6085 59.0
6086 59.0
6087 59.0
6088 59.0
6089 59.0
6090 59.0
6091 59.0
6092 59.0
6093 59.0
6094 59.0
6095 59.0
6096 59.0
6097 59.0
6098 59.0
6099 59.0
6100 59.0
6101 59.0
6102 59.0
6103 59.0
6104 59.0
6105 59.0
6106 59.0
6107 59.0
6108 59.0
6109 59.0
6110 59.0
6111 59.0
6112 59.0
6113 59.0
6114 59.0
6115 59.0
6116 59.0
6117 59.0
6118 59.0
6119 59.0
6120 59.0
6121 59.0
6122 59.0
6123 59.0
6124 59.0
6125 59.0
6126 59.0
6127 59.0
6128 59.0
6129 59.0
6130 59.0
6131 59.0
6132 59.0
6133 59.0
6134 59.0
6135 59.0
6136 59.0
6137 59.0
6138 59.0
6139 59.0
6140 59.0
6141 59.0
6142 59.0
6143 59.0
6144 59.0
6145 59.0
6146 59.0
6147 59.0
6148 59.0
6149 59.0
6150 59.0
6151 59.0
6152 59.0
6153 59.0
6154 59.0
6155 59.0
6156 59.0
6157 59.0
6158 59.0
6159 59.0
6160 59.0
6161 59.0
6162 59.0
6163 59.0
6164 59.0
6165 59.0
6166 59.0
6167 59.0
6168 59.0
6169 59.0
6170 59.0
6171 59.0
6172 59.0
6173 59.0
6174 59.0
6175 59.0
6176 59.0
6177 59.0
6178 59.0
6179 59.0
6180 59.0
6181 59.0
6182 59.0
6183 59.0
6184 59.0
6185 59.0
6186 59.0
6187 59.0
6188 59.0
6189 59.0
6190 59.0
6191 59.0
6192 59.0
6193 59.0
6194 59.0
6195 59.0
6196 59.0
6197 59.0
6198 59.0
6199 59.0
6200 59.0
6201 59.0
6202 59.0
6203 59.0
6204 59.0
6205 59.0
6206 59.0
6207 59.0
6208 59.0
6209 59.0
6210 59.0
6211 59.0
6212 59.0
6213 59.0
6214 59.0
6215 59.0
6216 59.0
6217 59.0
6218 59.0
6219 59.0
6220 59.0
6221 59.0
6222 59.0
6223 59.0
6224 59.0
6225 59.0
6226 59.0
6227 59.0
6228 59.0
6229 59.0
6230 59.0
6231 59.0
6232 59.0
6233 59.0
6234 59.0
6235 59.0
6236 59.0
6237 59.0
6238 59.0
6239 59.0
6240 59.0
6241 59.0
6242 59.0
6243 59.0
6244 59.0
6245 59.0
6246 59.0
6247 59.0
6248 59.0
6249 59.0
6250 59.0
6251 59.0
6252 59.0
6253 59.0
6254 59.0
6255 59.0
6256 59.0
6257 59.0
6258 59.0
6259 59.0
6260 59.0
6261 59.0
6262 59.0
6263 59.0
6264 59.0
6265 59.0
6266 59.0
6267 59.0
6268 59.0
6269 59.0
6270 59.0
6271 59.0
6272 59.0
6273 59.0
6274 59.0
6275 59.0
6276 59.0
6277 59.0
6278 59.0
6279 59.0
6280 59.0
6281 59.0
6282 59.0
6283 59.0
6284 59.0
6285 59.0
6286 59.0
6287 59.0
6288 59.0
6289 59.0
6290 59.0
6291 59.0
6292 59.0
6293 59.0
6294 59.0
6295 59.0
6296 59.0
6297 59.0
6298 59.0
6299 59.0
6300 59.0
6301 59.0
6302 59.0
6303 59.0
6304 59.0
6305 59.0
6306 59.0
6307 59.0
6308 59.0
6309 59.0
6310 59.0
6311 59.0
6312 59.0
6313 59.0
6314 59.0
6315 59.0
6316 59.0
6317 59.0
6318 59.0
6319 59.0
6320 59.0
6321 59.0
6322 59.0
6323 59.0
6324 59.0
6325 59.0
6326 59.0
6327 59.0
6328 59.0
6329 59.0
6330 59.0
6331 59.0
6332 59.0
6333 59.0
6334 59.0
6335 59.0
6336 59.0
6337 59.0
6338 59.0
6339 59.0
6340 59.0
6341 59.0
6342 59.0
6343 59.0
6344 59.0
6345 59.0
6346 59.0
6347 59.0
6348 59.0
6349 59.0
6350 59.0
6351 59.0
6352 59.0
6353 59.0
6354 59.0
6355 59.0
6356 59.0
6357 59.0
6358 59.0
6359 59.0
6360 59.0
6361 59.0
6362 59.0
6363 59.0
6364 59.0
6365 59.0
6366 59.0
6367 59.0
6368 59.0
6369 59.0
6370 59.0
6371 59.0
6372 59.0
6373 59.0
6374 59.0
6375 59.0
6376 59.0
6377 59.0
6378 59.0
6379 59.0
6380 59.0
6381 59.0
6382 59.0
6383 59.0
6384 59.0
6385 59.0
6386 59.0
6387 59.0
6388 59.0
6389 59.0
6390 59.0
6391 59.0
6392 59.0
6393 59.0
6394 59.0
6395 59.0
6396 59.0
6397 59.0
6398 59.0
6399 59.0
6400 59.0
6401 59.0
6402 59.0
6403 59.0
6404 59.0
6405 59.0
6406 59.0
6407 59.0
6408 59.0
6409 59.0
6410 59.0
6411 59.0
6412 59.0
6413 59.0
6414 59.0
6415 59.0
6416 59.0
6417 59.0
6418 59.0
6419 59.0
6420 59.0
6421 59.0
6422 59.0
6423 59.0
6424 59.0
6425 59.0
6426 59.0
6427 59.0
6428 59.0
6429 59.0
6430 59.0
6431 59.0
6432 59.0
6433 59.0
6434 59.0
6435 59.0
6436 59.0
6437 59.0
6438 59.0
6439 59.0
6440 59.0
6441 59.0
6442 59.0
6443 59.0
6444 59.0
6445 59.0
6446 59.0
6447 59.0
6448 59.0
6449 59.0
6450 59.0
6451 59.0
6452 59.0
6453 59.0
6454 59.0
6455 59.0
6456 59.0
6457 59.0
6458 59.0
6459 59.0
6460 59.0
6461 59.0
6462 59.0
6463 59.0
6464 59.0
6465 59.0
6466 59.0
6467 59.0
6468 59.0
6469 59.0
6470 59.0
6471 59.0
6472 59.0
6473 59.0
6474 59.0
6475 59.0
6476 59.0
6477 59.0
6478 59.0
6479 59.0
6480 59.0
6481 59.0
6482 59.0
6483 59.0
6484 59.0
6485 59.0
6486 59.0
6487 59.0
6488 59.0
6489 59.0
6490 59.0
6491 59.0
6492 59.0
6493 59.0
6494 59.0
6495 59.0
6496 59.0
6497 59.0
6498 59.0
6499 59.0
6500 59.0
6501 59.0
6502 59.0
6503 59.0
6504 59.0
6505 59.0
6506 59.0
6507 59.0
6508 59.0
6509 59.0
6510 59.0
6511 59.0
6512 59.0
6513 59.0
6514 59.0
6515 59.0
6516 59.0
6517 59.0
6518 59.0
6519 59.0
6520 59.0
6521 59.0
6522 59.0
6523 59.0
6524 59.0
6525 59.0
6526 59.0
6527 59.0
6528 59.0
6529 59.0
6530 59.0
6531 59.0
6532 59.0
6533 59.0
6534 59.0
6535 59.0
6536 59.0
6537 59.0
6538 59.0
6539 59.0
6540 59.0
6541 59.0
6542 59.0
6543 59.0
6544 59.0
6545 59.0
6546 59.0
6547 59.0
6548 59.0
6549 59.0
6550 59.0
6551 59.0
6552 59.0
6553 59.0
6554 59.0
6555 59.0
6556 59.0
6557 59.0
6558 59.0
6559 59.0
6560 59.0
6561 59.0
6562 59.0
6563 59.0
6564 59.0
6565 59.0
6566 59.0
6567 59.0
6568 59.0
6569 59.0
6570 59.0
6571 59.0
6572 59.0
6573 59.0
6574 59.0
6575 59.0
6576 59.0
6577 59.0
6578 59.0
6579 59.0
6580 59.0
6581 59.0
6582 59.0
6583 59.0
6584 59.0
6585 59.0
6586 59.0
6587 59.0
6588 59.0
6589 59.0
6590 59.0
6591 59.0
6592 59.0
6593 59.0
6594 59.0
6595 59.0
6596 59.0
6597 59.0
6598 59.0
6599 59.0
6600 59.0
6601 59.0
6602 59.0
6603 59.0
6604 59.0
6605 59.0
6606 59.0
6607 59.0
6608 59.0
6609 59.0
6610 59.0
6611 59.0
6612 59.0
6613 59.0
6614 59.0
6615 59.0
6616 59.0
6617 59.0
6618 59.0
6619 59.0
6620 59.0
6621 59.0
6622 59.0
6623 59.0
6624 59.0
6625 59.0
6626 59.0
6627 59.0
6628 59.0
6629 59.0
6630 59.0
6631 59.0
6632 59.0
6633 59.0
6634 59.0
6635 59.0
6636 59.0
6637 59.0
6638 59.0
6639 59.0
6640 59.0
6641 59.0
6642 59.0
6643 59.0
6644 59.0
6645 59.0
6646 59.0
6647 59.0
6648 59.0
6649 59.0
6650 59.0
6651 59.0
6652 59.0
6653 59.0
6654 59.0
6655 59.0
6656 59.0
6657 59.0
6658 59.0
6659 59.0
6660 59.0
6661 59.0
6662 59.0
6663 59.0
6664 59.0
6665 59.0
6666 59.0
6667 59.0
6668 59.0
6669 59.0
6670 59.0
6671 59.0
6672 59.0
6673 59.0
6674 59.0
6675 59.0
6676 59.0
6677 59.0
6678 59.0
6679 59.0
6680 59.0
6681 59.0
6682 59.0
6683 59.0
6684 59.0
6685 59.0
6686 59.0
6687 59.0
6688 59.0
6689 59.0
6690 59.0
6691 59.0
6692 59.0
6693 59.0
6694 59.0
6695 59.0
6696 59.0
6697 59.0
6698 59.0
6699 59.0
6700 59.0
6701 59.0
6702 59.0
6703 59.0
6704 59.0
6705 59.0
6706 59.0
6707 59.0
6708 59.0
6709 59.0
6710 59.0
6711 59.0
6712 59.0
6713 59.0
6714 59.0
6715 59.0
6716 59.0
6717 59.0
6718 59.0
6719 59.0
6720 59.0
6721 59.0
6722 59.0
6723 59.0
6724 59.0
6725 59.0
6726 59.0
6727 59.0
6728 59.0
6729 59.0
6730 59.0
6731 59.0
6732 59.0
6733 59.0
6734 59.0
6735 59.0
6736 59.0
6737 59.0
6738 59.0
6739 59.0
6740 59.0
6741 59.0
6742 59.0
6743 59.0
6744 59.0
6745 59.0
6746 59.0
6747 59.0
6748 59.0
6749 59.0
6750 59.0
6751 59.0
6752 59.0
6753 59.0
6754 59.0
6755 59.0
6756 59.0
6757 59.0
6758 59.0
6759 59.0
6760 59.0
6761 59.0
6762 59.0
6763 59.0
6764 59.0
6765 59.0
6766 59.0
6767 59.0
6768 59.0
6769 59.0
6770 59.0
6771 59.0
6772 59.0
6773 59.0
6774 59.0
6775 59.0
6776 59.0
6777 59.0
6778 59.0
6779 59.0
6780 59.0
6781 59.0
6782 59.0
6783 59.0
6784 59.0
6785 59.0
6786 59.0
6787 59.0
6788 59.0
6789 59.0
6790 59.0
6791 59.0
6792 59.0
6793 59.0
6794 59.0
6795 59.0
6796 59.0
6797 59.0
6798 59.0
6799 59.0
6800 59.0
6801 59.0
6802 59.0
6803 59.0
6804 59.0
6805 59.0
6806 59.0
6807 59.0
6808 59.0
6809 59.0
6810 59.0
6811 59.0
6812 59.0
6813 59.0
6814 59.0
6815 59.0
6816 59.0
6817 59.0
6818 59.0
6819 59.0
6820 59.0
6821 59.0
6822 59.0
6823 59.0
6824 59.0
6825 59.0
6826 59.0
6827 59.0
6828 59.0
6829 59.0
6830 59.0
6831 59.0
6832 59.0
6833 59.0
6834 59.0
6835 59.0
6836 59.0
6837 59.0
6838 59.0
6839 59.0
6840 59.0
6841 59.0
6842 59.0
6843 59.0
6844 59.0
6845 59.0
6846 59.0
6847 59.0
6848 59.0
6849 59.0
6850 59.0
6851 59.0
6852 59.0
6853 59.0
6854 59.0
6855 59.0
6856 59.0
6857 59.0
6858 59.0
6859 59.0
6860 59.0
6861 59.0
6862 59.0
6863 59.0
6864 59.0
6865 59.0
6866 59.0
6867 59.0
6868 59.0
6869 59.0
6870 59.0
6871 59.0
6872 59.0
6873 59.0
6874 59.0
6875 59.0
6876 59.0
6877 59.0
6878 59.0
6879 59.0
6880 59.0
6881 59.0
6882 59.0
6883 59.0
6884 59.0
6885 59.0
6886 59.0
6887 59.0
6888 59.0
6889 59.0
6890 59.0
6891 59.0
6892 59.0
6893 59.0
6894 59.0
6895 59.0
6896 59.0
6897 59.0
6898 59.0
6899 59.0
6900 59.0
6901 59.0
6902 59.0
6903 59.0
6904 59.0
6905 59.0
6906 59.0
6907 59.0
6908 59.0
6909 59.0
6910 59.0
6911 59.0
6912 59.0
6913 59.0
6914 59.0
6915 59.0
6916 59.0
6917 59.0
6918 59.0
6919 59.0
6920 59.0
6921 59.0
6922 59.0
6923 59.0
6924 59.0
6925 59.0
6926 59.0
6927 59.0
6928 59.0
6929 59.0
6930 59.0
6931 59.0
6932 59.0
6933 59.0
6934 59.0
6935 59.0
6936 59.0
6937 59.0
6938 59.0
6939 59.0
6940 59.0
6941 59.0
6942 59.0
6943 59.0
6944 59.0
6945 59.0
6946 59.0
6947 59.0
6948 59.0
6949 59.0
6950 59.0
6951 59.0
6952 59.0
6953 59.0
6954 59.0
6955 59.0
6956 59.0
6957 59.0
6958 59.0
6959 59.0
6960 59.0
6961 59.0
6962 59.0
6963 59.0
6964 59.0
6965 59.0
6966 59.0
6967 59.0
6968 59.0
6969 59.0
6970 59.0
6971 59.0
6972 59.0
6973 59.0
6974 59.0
6975 59.0
6976 59.0
6977 59.0
6978 59.0
6979 59.0
6980 59.0
6981 59.0
6982 59.0
6983 59.0
6984 59.0
6985 59.0
6986 59.0
6987 59.0
6988 59.0
6989 59.0
6990 59.0
6991 59.0
6992 59.0
6993 59.0
6994 59.0
6995 59.0
6996 59.0
6997 59.0
6998 59.0
6999 59.0
7000 59.0
7001 59.0
7002 59.0
7003 59.0
7004 59.0
7005 59.0
7006 59.0
7007 59.0
7008 59.0
7009 59.0
7010 59.0
7011 59.0
7012 59.0
7013 59.0
7014 59.0
7015 59.0
7016 59.0
7017 59.0
7018 59.0
7019 59.0
7020 59.0
7021 59.0
7022 59.0
7023 59.0
7024 59.0
7025 59.0
7026 59.0
7027 59.0
7028 59.0
7029 59.0
7030 59.0
7031 59.0
7032 59.0
7033 59.0
7034 59.0
7035 59.0
7036 59.0
7037 59.0
7038 59.0
7039 59.0
7040 59.0
7041 59.0
7042 59.0
7043 59.0
7044 59.0
7045 59.0
7046 59.0
7047 59.0
7048 59.0
7049 59.0
7050 59.0
7051 59.0
7052 59.0
7053 59.0
7054 59.0
7055 59.0
7056 59.0
7057 59.0
7058 59.0
7059 59.0
7060 59.0
7061 59.0
7062 59.0
7063 59.0
7064 59.0
7065 59.0
7066 59.0
7067 59.0
7068 59.0
7069 59.0
7070 59.0
7071 59.0
7072 59.0
7073 59.0
7074 59.0
7075 59.0
7076 59.0
7077 59.0
7078 59.0
7079 59.0
7080 59.0
7081 59.0
7082 59.0
7083 59.0
7084 59.0
7085 59.0
7086 59.0
7087 59.0
7088 59.0
7089 59.0
7090 59.0
7091 59.0
7092 59.0
7093 59.0
7094 59.0
7095 59.0
7096 59.0
7097 59.0
7098 59.0
7099 59.0
7100 59.0
7101 59.0
7102 59.0
7103 59.0
7104 59.0
7105 59.0
7106 59.0
7107 59.0
7108 59.0
7109 59.0
7110 59.0
7111 59.0
7112 59.0
7113 59.0
7114 59.0
7115 59.0
7116 59.0
7117 59.0
7118 59.0
7119 59.0
7120 59.0
7121 59.0
7122 59.0
7123 59.0
7124 59.0
7125 59.0
7126 59.0
7127 59.0
7128 59.0
7129 59.0
7130 59.0
7131 59.0
7132 59.0
7133 59.0
7134 59.0
7135 59.0
7136 59.0
7137 59.0
7138 59.0
7139 59.0
7140 59.0
7141 59.0
7142 62.0
7143 62.0
7144 62.0
7145 62.0
7146 62.0
7147 62.0
7148 62.0
7149 62.0
7150 62.0
7151 62.0
7152 62.0
7153 62.0
7154 62.0
7155 62.0
7156 62.0
7157 62.0
7158 62.0
7159 62.0
7160 62.0
7161 62.0
7162 62.0
7163 62.0
7164 62.0
7165 62.0
7166 62.0
7167 62.0
7168 62.0
7169 62.0
7170 62.0
7171 62.0
7172 62.0
7173 62.0
7174 62.0
7175 62.0
7176 62.0
7177 62.0
7178 62.0
7179 62.0
7180 62.0
7181 62.0
7182 62.0
7183 62.0
7184 62.0
7185 62.0
7186 62.0
7187 62.0
7188 62.0
7189 62.0
7190 62.0
7191 62.0
7192 62.0
7193 62.0
7194 62.0
7195 62.0
7196 62.0
7197 62.0
7198 62.0
7199 62.0
7200 62.0
7201 62.0
7202 62.0
7203 62.0
7204 62.0
7205 62.0
7206 62.0
7207 62.0
7208 62.0
7209 62.0
7210 62.0
7211 62.0
7212 62.0
7213 62.0
7214 62.0
7215 62.0
7216 62.0
7217 62.0
7218 62.0
7219 62.0
7220 62.0
7221 62.0
7222 62.0
7223 62.0
7224 62.0
7225 62.0
7226 62.0
7227 62.0
7228 62.0
7229 62.0
7230 62.0
7231 62.0
7232 62.0
7233 62.0
7234 62.0
7235 62.0
7236 62.0
7237 62.0
7238 62.0
7239 62.0
7240 62.0
7241 62.0
7242 62.0
7243 62.0
7244 62.0
7245 62.0
7246 62.0
7247 62.0
7248 62.0
7249 62.0
7250 62.0
7251 62.0
7252 62.0
7253 62.0
7254 62.0
7255 62.0
7256 62.0
7257 62.0
7258 62.0
7259 62.0
7260 62.0
7261 62.0
7262 62.0
7263 62.0
7264 62.0
7265 62.0
7266 62.0
7267 62.0
7268 62.0
7269 62.0
7270 62.0
7271 62.0
7272 62.0
7273 62.0
7274 62.0
7275 62.0
7276 62.0
7277 62.0
7278 62.0
7279 62.0
7280 62.0
7281 62.0
7282 62.0
7283 62.0
7284 62.0
7285 62.0
7286 62.0
7287 62.0
7288 62.0
7289 62.0
7290 62.0
7291 62.0
7292 62.0
7293 62.0
7294 62.0
7295 62.0
7296 62.0
7297 62.0
7298 62.0
7299 62.0
7300 62.0
7301 62.0
7302 62.0
7303 62.0
7304 62.0
7305 62.0
7306 62.0
7307 62.0
7308 62.0
7309 62.0
7310 62.0
7311 62.0
7312 62.0
7313 62.0
7314 62.0
7315 62.0
7316 62.0
7317 62.0
7318 62.0
7319 62.0
7320 62.0
7321 62.0
7322 62.0
7323 62.0
7324 62.0
7325 62.0
7326 62.0
7327 62.0
7328 62.0
7329 62.0
7330 62.0
7331 62.0
7332 62.0
7333 62.0
7334 62.0
7335 62.0
7336 62.0
7337 62.0
7338 62.0
7339 62.0
7340 62.0
7341 62.0
7342 62.0
7343 62.0
7344 62.0
7345 62.0
7346 62.0
7347 62.0
7348 62.0
7349 62.0
7350 62.0
7351 62.0
7352 62.0
7353 62.0
7354 62.0
7355 62.0
7356 62.0
7357 62.0
7358 62.0
7359 62.0
7360 62.0
7361 62.0
7362 62.0
7363 62.0
7364 62.0
7365 62.0
7366 62.0
7367 62.0
7368 62.0
7369 62.0
7370 62.0
7371 62.0
7372 62.0
7373 62.0
7374 62.0
7375 62.0
7376 62.0
7377 62.0
7378 62.0
7379 62.0
7380 62.0
7381 62.0
7382 62.0
7383 62.0
7384 62.0
7385 62.0
7386 62.0
7387 62.0
7388 62.0
7389 62.0
7390 62.0
7391 62.0
7392 62.0
7393 62.0
7394 62.0
7395 62.0
7396 62.0
7397 62.0
7398 62.0
7399 62.0
7400 62.0
7401 62.0
7402 62.0
7403 62.0
7404 62.0
7405 62.0
7406 62.0
7407 62.0
7408 62.0
7409 62.0
7410 62.0
7411 62.0
7412 62.0
7413 62.0
7414 62.0
7415 62.0
7416 62.0
7417 62.0
7418 62.0
7419 62.0
7420 62.0
7421 62.0
7422 62.0
7423 62.0
7424 62.0
7425 62.0
7426 62.0
7427 62.0
7428 62.0
7429 62.0
7430 62.0
7431 62.0
7432 62.0
7433 62.0
7434 62.0
7435 62.0
7436 62.0
7437 62.0
7438 62.0
7439 62.0
7440 62.0
7441 62.0
7442 62.0
7443 62.0
7444 62.0
7445 62.0
7446 62.0
7447 62.0
7448 62.0
7449 62.0
7450 62.0
7451 62.0
7452 62.0
7453 62.0
7454 62.0
7455 62.0
7456 62.0
7457 62.0
7458 62.0
7459 62.0
7460 62.0
7461 62.0
7462 62.0
7463 62.0
7464 62.0
7465 62.0
7466 62.0
7467 62.0
7468 62.0
7469 62.0
7470 62.0
7471 62.0
7472 62.0
7473 62.0
7474 62.0
7475 62.0
7476 62.0
7477 62.0
7478 62.0
7479 62.0
7480 62.0
7481 62.0
7482 62.0
7483 62.0
7484 62.0
7485 62.0
7486 62.0
7487 62.0
7488 62.0
7489 62.0
7490 62.0
7491 62.0
7492 62.0
7493 62.0
7494 62.0
7495 62.0
7496 62.0
7497 62.0
7498 62.0
7499 62.0
7500 62.0
7501 62.0
7502 62.0
7503 62.0
7504 62.0
7505 62.0
7506 62.0
7507 62.0
7508 62.0
7509 62.0
7510 62.0
7511 62.0
7512 62.0
7513 62.0
7514 62.0
7515 62.0
7516 62.0
7517 62.0
7518 62.0
7519 62.0
7520 62.0
7521 62.0
7522 62.0
7523 62.0
7524 62.0
7525 62.0
7526 62.0
7527 62.0
7528 62.0
7529 62.0
7530 62.0
7531 62.0
7532 62.0
7533 62.0
7534 62.0
7535 62.0
7536 62.0
7537 62.0
7538 62.0
7539 62.0
7540 62.0
7541 62.0
7542 62.0
7543 62.0
7544 62.0
7545 62.0
7546 62.0
7547 62.0
7548 62.0
7549 62.0
7550 62.0
7551 62.0
7552 62.0
7553 62.0
7554 62.0
7555 62.0
7556 62.0
7557 62.0
7558 62.0
7559 62.0
7560 62.0
7561 62.0
7562 62.0
7563 62.0
7564 62.0
7565 62.0
7566 62.0
7567 62.0
7568 62.0
7569 62.0
7570 62.0
7571 62.0
7572 62.0
7573 62.0
7574 62.0
7575 62.0
7576 62.0
7577 62.0
7578 62.0
7579 62.0
7580 62.0
7581 62.0
7582 62.0
7583 62.0
7584 62.0
7585 62.0
7586 62.0
7587 62.0
7588 62.0
7589 62.0
7590 62.0
7591 62.0
7592 62.0
7593 62.0
7594 62.0
7595 62.0
7596 62.0
7597 62.0
7598 62.0
7599 62.0
7600 62.0
7601 62.0
7602 62.0
7603 62.0
7604 62.0
7605 62.0
7606 62.0
7607 62.0
7608 62.0
7609 62.0
7610 62.0
7611 62.0
7612 62.0
7613 62.0
7614 62.0
7615 62.0
7616 62.0
7617 62.0
7618 62.0
7619 62.0
7620 62.0
7621 62.0
7622 62.0
7623 62.0
7624 62.0
7625 62.0
7626 62.0
7627 62.0
7628 62.0
7629 62.0
7630 62.0
7631 62.0
7632 62.0
7633 62.0
7634 62.0
7635 62.0
7636 62.0
7637 62.0
7638 62.0
7639 62.0
7640 62.0
7641 62.0
7642 62.0
7643 62.0
7644 62.0
7645 62.0
7646 62.0
7647 62.0
7648 62.0
7649 62.0
7650 62.0
7651 62.0
7652 62.0
7653 62.0
7654 62.0
7655 62.0
7656 62.0
7657 62.0
7658 62.0
7659 62.0
7660 62.0
7661 62.0
7662 62.0
7663 62.0
7664 62.0
7665 62.0
7666 62.0
7667 62.0
7668 62.0
7669 62.0
7670 62.0
7671 62.0
7672 62.0
7673 62.0
7674 62.0
7675 62.0
7676 62.0
7677 62.0
7678 62.0
7679 62.0
7680 62.0
7681 62.0
7682 62.0
7683 62.0
7684 62.0
7685 62.0
7686 62.0
7687 62.0
7688 62.0
7689 62.0
7690 62.0
7691 62.0
7692 62.0
7693 62.0
7694 62.0
7695 62.0
7696 62.0
7697 62.0
7698 62.0
7699 62.0
7700 62.0
7701 62.0
7702 62.0
7703 62.0
7704 62.0
7705 62.0
7706 62.0
7707 62.0
7708 62.0
7709 62.0
7710 62.0
7711 62.0
7712 62.0
7713 62.0
7714 62.0
7715 62.0
7716 62.0
7717 62.0
7718 62.0
7719 62.0
7720 62.0
7721 62.0
7722 62.0
7723 62.0
7724 62.0
7725 62.0
7726 62.0
7727 62.0
7728 62.0
7729 62.0
7730 62.0
7731 62.0
7732 62.0
7733 62.0
7734 62.0
7735 62.0
7736 62.0
7737 62.0
7738 62.0
7739 62.0
7740 62.0
7741 62.0
7742 62.0
7743 62.0
7744 62.0
7745 62.0
7746 62.0
7747 62.0
7748 62.0
7749 62.0
7750 62.0
7751 62.0
7752 62.0
7753 62.0
7754 62.0
7755 62.0
7756 62.0
7757 62.0
7758 62.0
7759 62.0
7760 62.0
7761 62.0
7762 62.0
7763 62.0
7764 62.0
7765 62.0
7766 62.0
7767 62.0
7768 62.0
7769 62.0
7770 62.0
7771 62.0
7772 62.0
7773 62.0
7774 62.0
7775 62.0
7776 62.0
7777 62.0
7778 62.0
7779 62.0
7780 62.0
7781 62.0
7782 62.0
7783 62.0
7784 62.0
7785 62.0
7786 62.0
7787 62.0
7788 62.0
7789 62.0
7790 62.0
7791 62.0
7792 62.0
7793 62.0
7794 62.0
7795 62.0
7796 62.0
7797 62.0
7798 62.0
7799 62.0
7800 62.0
7801 62.0
7802 62.0
7803 62.0
7804 62.0
7805 62.0
7806 62.0
7807 62.0
7808 62.0
7809 62.0
7810 62.0
7811 62.0
7812 62.0
7813 62.0
7814 62.0
7815 62.0
7816 62.0
7817 62.0
7818 62.0
7819 62.0
7820 62.0
7821 62.0
7822 62.0
7823 62.0
7824 62.0
7825 62.0
7826 62.0
7827 62.0
7828 62.0
7829 62.0
7830 62.0
7831 62.0
7832 62.0
7833 62.0
7834 62.0
7835 62.0
7836 62.0
7837 62.0
7838 62.0
7839 62.0
7840 62.0
7841 62.0
7842 62.0
7843 62.0
7844 62.0
7845 62.0
7846 62.0
7847 62.0
7848 62.0
7849 62.0
7850 62.0
7851 62.0
7852 62.0
7853 62.0
7854 62.0
7855 62.0
7856 62.0
7857 62.0
7858 62.0
7859 62.0
7860 62.0
7861 62.0
7862 62.0
7863 62.0
7864 62.0
7865 62.0
7866 62.0
7867 62.0
7868 62.0
7869 62.0
7870 62.0
7871 62.0
7872 62.0
7873 62.0
7874 62.0
7875 62.0
7876 62.0
7877 62.0
7878 62.0
7879 62.0
7880 62.0
7881 62.0
7882 62.0
7883 62.0
7884 62.0
7885 62.0
7886 62.0
7887 62.0
7888 62.0
7889 62.0
7890 62.0
7891 62.0
7892 62.0
7893 62.0
7894 62.0
7895 62.0
7896 62.0
7897 62.0
7898 62.0
7899 62.0
7900 62.0
7901 62.0
7902 62.0
7903 62.0
7904 62.0
7905 62.0
7906 62.0
7907 62.0
7908 62.0
7909 62.0
7910 62.0
7911 62.0
7912 62.0
7913 62.0
7914 62.0
7915 62.0
7916 62.0
7917 62.0
7918 62.0
7919 62.0
7920 62.0
7921 62.0
7922 62.0
7923 62.0
7924 62.0
7925 62.0
7926 62.0
7927 62.0
7928 62.0
7929 62.0
7930 62.0
7931 62.0
7932 62.0
7933 62.0
7934 62.0
7935 62.0
7936 62.0
7937 62.0
7938 62.0
7939 62.0
7940 62.0
7941 62.0
7942 62.0
7943 62.0
7944 62.0
7945 62.0
7946 62.0
7947 62.0
7948 62.0
7949 62.0
7950 62.0
7951 62.0
7952 62.0
7953 62.0
7954 62.0
7955 62.0
7956 62.0
7957 62.0
7958 62.0
7959 62.0
7960 62.0
7961 62.0
7962 62.0
7963 62.0
7964 62.0
7965 62.0
7966 62.0
7967 62.0
7968 62.0
7969 62.0
7970 62.0
7971 62.0
7972 62.0
7973 62.0
7974 62.0
7975 62.0
7976 62.0
7977 62.0
7978 62.0
7979 62.0
7980 62.0
7981 62.0
7982 62.0
7983 62.0
7984 62.0
7985 62.0
7986 62.0
7987 62.0
7988 62.0
7989 62.0
7990 62.0
7991 62.0
7992 62.0
7993 62.0
7994 62.0
7995 62.0
7996 62.0
7997 62.0
7998 62.0
7999 62.0
8000 62.0
8001 62.0
8002 62.0
8003 62.0
8004 62.0
8005 62.0
8006 62.0
8007 62.0
8008 62.0
8009 62.0
8010 62.0
8011 62.0
8012 62.0
8013 62.0
8014 62.0
8015 62.0
8016 62.0
8017 62.0
8018 62.0
8019 62.0
8020 62.0
8021 62.0
8022 62.0
8023 62.0
8024 62.0
8025 62.0
8026 62.0
8027 62.0
8028 62.0
8029 62.0
8030 62.0
8031 62.0
8032 62.0
8033 62.0
8034 62.0
8035 62.0
8036 62.0
8037 62.0
8038 62.0
8039 62.0
8040 62.0
8041 62.0
8042 62.0
8043 62.0
8044 62.0
8045 62.0
8046 62.0
8047 62.0
8048 62.0
8049 62.0
8050 62.0
8051 62.0
8052 62.0
8053 62.0
8054 62.0
8055 62.0
8056 62.0
8057 62.0
8058 62.0
8059 62.0
8060 62.0
8061 62.0
8062 62.0
8063 62.0
8064 62.0
8065 62.0
8066 62.0
8067 62.0
8068 62.0
8069 62.0
8070 62.0
8071 62.0
8072 62.0
8073 62.0
8074 62.0
8075 62.0
8076 62.0
8077 62.0
8078 62.0
8079 62.0
8080 62.0
8081 62.0
8082 62.0
8083 62.0
8084 62.0
8085 62.0
8086 62.0
8087 62.0
8088 62.0
8089 62.0
8090 62.0
8091 62.0
8092 62.0
8093 62.0
8094 62.0
8095 62.0
8096 62.0
8097 62.0
8098 62.0
8099 62.0
8100 62.0
8101 62.0
8102 62.0
8103 62.0
8104 62.0
8105 62.0
8106 62.0
8107 62.0
8108 62.0
8109 62.0
8110 62.0
8111 62.0
8112 62.0
8113 62.0
8114 62.0
8115 62.0
8116 62.0
8117 62.0
8118 62.0
8119 62.0
8120 62.0
8121 62.0
8122 62.0
8123 62.0
8124 62.0
8125 62.0
8126 62.0
8127 62.0
8128 62.0
8129 62.0
8130 62.0
8131 62.0
8132 62.0
8133 62.0
8134 62.0
8135 62.0
8136 62.0
8137 62.0
8138 62.0
8139 62.0
8140 62.0
8141 62.0
8142 62.0
8143 62.0
8144 62.0
8145 62.0
8146 62.0
8147 62.0
8148 62.0
8149 62.0
8150 62.0
8151 62.0
8152 62.0
8153 62.0
8154 62.0
8155 62.0
8156 62.0
8157 62.0
8158 62.0
8159 62.0
8160 62.0
8161 62.0
8162 62.0
8163 62.0
8164 62.0
8165 62.0
8166 62.0
8167 62.0
8168 62.0
8169 62.0
8170 62.0
8171 62.0
8172 62.0
8173 62.0
8174 62.0
8175 62.0
8176 62.0
8177 62.0
8178 62.0
8179 62.0
8180 62.0
8181 62.0
8182 62.0
8183 62.0
8184 62.0
8185 62.0
8186 62.0
8187 62.0
8188 62.0
8189 62.0
8190 62.0
8191 62.0
8192 62.0
8193 62.0
8194 62.0
8195 62.0
8196 62.0
8197 62.0
8198 62.0
8199 62.0
8200 62.0
8201 62.0
8202 62.0
8203 62.0
8204 62.0
8205 62.0
8206 62.0
8207 62.0
8208 62.0
8209 62.0
8210 62.0
8211 62.0
8212 62.0
8213 62.0
8214 62.0
8215 62.0
8216 62.0
8217 62.0
8218 62.0
8219 62.0
8220 62.0
8221 62.0
8222 62.0
8223 62.0
8224 62.0
8225 62.0
8226 62.0
8227 62.0
8228 62.0
8229 62.0
8230 62.0
8231 62.0
8232 62.0
8233 62.0
8234 62.0
8235 62.0
8236 62.0
8237 62.0
8238 62.0
8239 62.0
8240 62.0
8241 62.0
8242 62.0
8243 62.0
8244 62.0
8245 62.0
8246 62.0
8247 62.0
8248 62.0
8249 62.0
8250 62.0
8251 62.0
8252 62.0
8253 62.0
8254 62.0
8255 62.0
8256 62.0
8257 62.0
8258 62.0
8259 62.0
8260 62.0
8261 62.0
8262 62.0
8263 62.0
8264 62.0
8265 62.0
8266 62.0
8267 62.0
8268 62.0
8269 62.0
8270 62.0
8271 62.0
8272 62.0
8273 62.0
8274 62.0
8275 62.0
8276 62.0
8277 62.0
8278 62.0
8279 62.0
8280 62.0
8281 62.0
8282 62.0
8283 62.0
8284 62.0
8285 62.0
8286 62.0
8287 62.0
8288 62.0
8289 62.0
8290 62.0
8291 62.0
8292 62.0
8293 62.0
8294 62.0
8295 62.0
8296 62.0
8297 62.0
8298 62.0
8299 62.0
8300 62.0
8301 62.0
8302 62.0
8303 62.0
8304 62.0
8305 62.0
8306 62.0
8307 62.0
8308 62.0
8309 62.0
8310 62.0
8311 62.0
8312 62.0
8313 62.0
8314 62.0
8315 62.0
8316 62.0
8317 62.0
8318 62.0
8319 62.0
8320 62.0
8321 62.0
8322 62.0
8323 62.0
8324 62.0
8325 62.0
8326 62.0
8327 62.0
8328 62.0
8329 62.0
8330 62.0
8331 62.0
8332 62.0
8333 62.0
8334 62.0
8335 62.0
8336 62.0
8337 62.0
8338 62.0
8339 62.0
8340 62.0
8341 62.0
8342 62.0
8343 62.0
8344 62.0
8345 62.0
8346 62.0
8347 62.0
8348 62.0
8349 62.0
8350 62.0
8351 62.0
8352 62.0
8353 62.0
8354 62.0
8355 62.0
8356 62.0
8357 62.0
8358 62.0
8359 62.0
8360 62.0
8361 62.0
8362 62.0
8363 62.0
8364 62.0
8365 62.0
8366 62.0
8367 62.0
8368 62.0
8369 62.0
8370 62.0
8371 62.0
8372 62.0
8373 62.0
8374 62.0
8375 62.0
8376 62.0
8377 62.0
8378 62.0
8379 62.0
8380 62.0
8381 62.0
8382 62.0
8383 62.0
8384 62.0
8385 62.0
8386 62.0
8387 62.0
8388 62.0
8389 62.0
8390 62.0
8391 62.0
8392 62.0
8393 62.0
8394 62.0
8395 62.0
8396 62.0
8397 62.0
8398 62.0
8399 62.0
8400 62.0
8401 62.0
8402 62.0
8403 62.0
8404 62.0
8405 62.0
8406 62.0
8407 62.0
8408 62.0
8409 62.0
8410 62.0
8411 62.0
8412 62.0
8413 62.0
8414 62.0
8415 62.0
8416 62.0
8417 62.0
8418 62.0
8419 62.0
8420 62.0
8421 62.0
8422 62.0
8423 62.0
8424 62.0
8425 62.0
8426 62.0
8427 62.0
8428 62.0
8429 62.0
8430 62.0
8431 62.0
8432 62.0
8433 62.0
8434 62.0
8435 62.0
8436 62.0
8437 62.0
8438 62.0
8439 62.0
8440 62.0
8441 62.0
8442 62.0
8443 62.0
8444 62.0
8445 62.0
8446 62.0
8447 62.0
8448 62.0
8449 62.0
8450 62.0
8451 62.0
8452 62.0
8453 62.0
8454 62.0
8455 62.0
8456 62.0
8457 62.0
8458 62.0
8459 62.0
8460 62.0
8461 62.0
8462 62.0
8463 62.0
8464 62.0
8465 62.0
8466 62.0
8467 62.0
8468 62.0
8469 62.0
8470 62.0
8471 62.0
8472 62.0
8473 62.0
8474 62.0
8475 62.0
8476 62.0
8477 62.0
8478 62.0
8479 62.0
8480 62.0
8481 62.0
8482 62.0
8483 62.0
8484 62.0
8485 62.0
8486 62.0
8487 62.0
8488 62.0
8489 62.0
8490 62.0
8491 62.0
8492 62.0
8493 62.0
8494 62.0
8495 62.0
8496 62.0
8497 62.0
8498 62.0
8499 62.0
8500 62.0
8501 62.0
8502 62.0
8503 62.0
8504 62.0
8505 62.0
8506 62.0
8507 62.0
8508 62.0
8509 62.0
8510 62.0
8511 62.0
8512 62.0
8513 62.0
8514 62.0
8515 62.0
8516 62.0
8517 62.0
8518 62.0
8519 62.0
8520 62.0
8521 62.0
8522 62.0
8523 62.0
8524 62.0
8525 62.0
8526 62.0
8527 62.0
8528 62.0
8529 62.0
8530 62.0
8531 62.0
8532 62.0
8533 62.0
8534 62.0
8535 62.0
8536 62.0
8537 62.0
8538 62.0
8539 62.0
8540 62.0
8541 62.0
8542 62.0
8543 62.0
8544 62.0
8545 62.0
8546 62.0
8547 62.0
8548 62.0
8549 62.0
8550 62.0
8551 62.0
8552 62.0
8553 62.0
8554 62.0
8555 62.0
8556 62.0
8557 62.0
8558 62.0
8559 62.0
8560 62.0
8561 62.0
8562 62.0
8563 62.0
8564 62.0
8565 62.0
8566 62.0
8567 62.0
8568 62.0
8569 62.0
8570 62.0
8571 62.0
8572 62.0
8573 62.0
8574 62.0
8575 62.0
8576 62.0
8577 62.0
8578 62.0
8579 62.0
8580 62.0
8581 62.0
8582 62.0
8583 62.0
8584 62.0
8585 62.0
8586 62.0
8587 62.0
8588 62.0
8589 62.0
8590 62.0
8591 62.0
8592 62.0
8593 62.0
8594 62.0
8595 62.0
8596 62.0
8597 62.0
8598 62.0
8599 62.0
8600 62.0
8601 62.0
8602 62.0
8603 62.0
8604 62.0
8605 62.0
8606 62.0
8607 62.0
8608 62.0
8609 62.0
8610 62.0
8611 62.0
8612 62.0
8613 62.0
8614 62.0
8615 62.0
8616 62.0
8617 62.0
8618 62.0
8619 62.0
8620 62.0
8621 62.0
8622 62.0
8623 62.0
8624 62.0
8625 62.0
8626 62.0
8627 62.0
8628 62.0
8629 62.0
8630 62.0
8631 62.0
8632 62.0
8633 62.0
8634 62.0
8635 62.0
8636 62.0
8637 62.0
8638 62.0
8639 62.0
8640 62.0
8641 62.0
8642 62.0
8643 62.0
8644 62.0
8645 62.0
8646 62.0
8647 62.0
8648 62.0
8649 62.0
8650 62.0
8651 62.0
8652 62.0
8653 62.0
8654 62.0
8655 62.0
8656 62.0
8657 62.0
8658 62.0
8659 62.0
8660 62.0
8661 62.0
8662 62.0
8663 62.0
8664 62.0
8665 62.0
8666 62.0
8667 62.0
8668 62.0
8669 62.0
8670 62.0
8671 62.0
8672 62.0
8673 62.0
8674 62.0
8675 62.0
8676 62.0
8677 62.0
8678 62.0
8679 62.0
8680 62.0
8681 62.0
8682 62.0
8683 62.0
8684 62.0
8685 62.0
8686 62.0
8687 62.0
8688 62.0
8689 62.0
8690 62.0
8691 62.0
8692 62.0
8693 62.0
8694 62.0
8695 62.0
8696 62.0
8697 62.0
8698 62.0
8699 62.0
8700 62.0
8701 62.0
8702 62.0
8703 62.0
8704 62.0
8705 62.0
8706 62.0
8707 62.0
8708 62.0
8709 62.0
8710 62.0
8711 62.0
8712 62.0
8713 62.0
8714 62.0
8715 62.0
8716 62.0
8717 62.0
8718 62.0
8719 62.0
8720 62.0
8721 62.0
8722 62.0
8723 62.0
8724 62.0
8725 62.0
8726 62.0
8727 62.0
8728 62.0
8729 62.0
8730 62.0
8731 62.0
8732 62.0
8733 62.0
8734 62.0
8735 62.0
8736 62.0
8737 62.0
8738 62.0
8739 62.0
8740 62.0
8741 62.0
8742 62.0
8743 62.0
8744 62.0
8745 62.0
8746 62.0
8747 62.0
8748 62.0
8749 62.0
8750 62.0
8751 62.0
8752 62.0
8753 62.0
8754 62.0
8755 62.0
8756 62.0
8757 62.0
8758 62.0
8759 62.0
8760 62.0
8761 62.0
8762 62.0
8763 62.0
8764 62.0
8765 62.0
8766 62.0
8767 62.0
8768 62.0
8769 62.0
8770 62.0
8771 62.0
8772 62.0
8773 62.0
8774 62.0
8775 62.0
8776 62.0
8777 62.0
8778 62.0
8779 62.0
8780 62.0
8781 62.0
8782 62.0
8783 62.0
8784 62.0
8785 62.0
8786 62.0
8787 62.0
8788 62.0
8789 62.0
8790 62.0
8791 62.0
8792 62.0
8793 62.0
8794 62.0
8795 62.0
8796 62.0
8797 62.0
8798 62.0
8799 62.0
8800 62.0
8801 62.0
8802 62.0
8803 62.0
8804 62.0
8805 62.0
8806 62.0
8807 62.0
8808 62.0
8809 62.0
8810 62.0
8811 62.0
8812 62.0
8813 62.0
8814 62.0
8815 62.0
8816 62.0
8817 62.0
8818 62.0
8819 62.0
8820 62.0
8821 62.0
8822 62.0
8823 62.0
8824 62.0
8825 62.0
8826 62.0
8827 62.0
8828 62.0
8829 62.0
8830 62.0
8831 62.0
8832 62.0
8833 62.0
8834 62.0
8835 62.0
8836 62.0
8837 62.0
8838 62.0
8839 62.0
8840 62.0
8841 62.0
8842 62.0
8843 62.0
8844 62.0
8845 62.0
8846 62.0
8847 62.0
8848 62.0
8849 62.0
8850 62.0
8851 62.0
8852 62.0
8853 62.0
8854 62.0
8855 62.0
8856 62.0
8857 62.0
8858 62.0
8859 62.0
8860 62.0
8861 62.0
8862 62.0
8863 62.0
8864 62.0
8865 62.0
8866 62.0
8867 62.0
8868 62.0
8869 62.0
8870 62.0
8871 62.0
8872 62.0
8873 62.0
8874 62.0
8875 62.0
8876 62.0
8877 62.0
8878 62.0
8879 62.0
8880 62.0
8881 62.0
8882 62.0
8883 62.0
8884 62.0
8885 62.0
8886 62.0
8887 62.0
8888 62.0
8889 62.0
8890 62.0
8891 62.0
8892 62.0
8893 62.0
8894 62.0
8895 62.0
8896 62.0
8897 62.0
8898 62.0
8899 62.0
8900 62.0
8901 62.0
8902 62.0
8903 62.0
8904 62.0
8905 62.0
8906 62.0
8907 62.0
8908 62.0
8909 62.0
8910 62.0
8911 62.0
8912 62.0
8913 62.0
8914 62.0
8915 62.0
8916 62.0
8917 62.0
8918 62.0
8919 62.0
8920 62.0
8921 62.0
8922 62.0
8923 62.0
8924 62.0
8925 62.0
8926 62.0
8927 62.0
8928 62.0
8929 62.0
8930 62.0
8931 62.0
8932 62.0
8933 62.0
8934 62.0
8935 62.0
8936 62.0
8937 62.0
8938 62.0
8939 62.0
8940 62.0
8941 62.0
8942 62.0
8943 62.0
8944 62.0
8945 62.0
8946 62.0
8947 62.0
8948 62.0
8949 62.0
8950 62.0
8951 62.0
8952 62.0
8953 62.0
8954 62.0
8955 62.0
8956 62.0
8957 62.0
8958 62.0
8959 62.0
8960 62.0
8961 62.0
8962 62.0
8963 62.0
8964 62.0
8965 62.0
8966 62.0
8967 62.0
8968 62.0
8969 62.0
8970 62.0
8971 62.0
8972 62.0
8973 62.0
8974 62.0
8975 62.0
8976 62.0
8977 62.0
8978 62.0
8979 62.0
8980 62.0
8981 62.0
8982 62.0
8983 62.0
8984 62.0
8985 62.0
8986 62.0
8987 62.0
8988 62.0
8989 62.0
8990 62.0
8991 62.0
8992 62.0
8993 62.0
8994 62.0
8995 62.0
8996 62.0
8997 62.0
8998 62.0
8999 62.0
9000 62.0
9001 62.0
9002 62.0
9003 62.0
9004 62.0
9005 62.0
9006 62.0
9007 62.0
9008 62.0
9009 62.0
9010 62.0
9011 62.0
9012 62.0
9013 62.0
9014 62.0
9015 62.0
9016 62.0
9017 62.0
9018 62.0
9019 62.0
9020 62.0
9021 62.0
9022 62.0
9023 62.0
9024 62.0
9025 62.0
9026 62.0
9027 62.0
9028 62.0
9029 62.0
9030 62.0
9031 62.0
9032 62.0
9033 62.0
9034 62.0
9035 62.0
9036 62.0
9037 62.0
9038 62.0
9039 62.0
9040 62.0
9041 62.0
9042 62.0
9043 62.0
9044 62.0
9045 62.0
9046 62.0
9047 62.0
9048 62.0
9049 62.0
9050 62.0
9051 62.0
9052 62.0
9053 62.0
9054 62.0
9055 62.0
9056 62.0
9057 62.0
9058 62.0
9059 62.0
9060 62.0
9061 62.0
9062 62.0
9063 62.0
9064 62.0
9065 62.0
9066 62.0
9067 62.0
9068 62.0
9069 62.0
9070 62.0
9071 62.0
9072 62.0
9073 62.0
9074 62.0
9075 62.0
9076 62.0
9077 62.0
9078 62.0
9079 62.0
9080 62.0
9081 62.0
9082 62.0
9083 62.0
9084 62.0
9085 62.0
9086 62.0
9087 62.0
9088 62.0
9089 62.0
9090 62.0
9091 62.0
9092 62.0
9093 62.0
9094 62.0
9095 62.0
9096 62.0
9097 62.0
9098 62.0
9099 62.0
9100 62.0
9101 62.0
9102 62.0
9103 62.0
9104 62.0
9105 62.0
9106 62.0
9107 62.0
9108 62.0
9109 62.0
9110 62.0
9111 62.0
9112 62.0
9113 62.0
9114 62.0
9115 62.0
9116 62.0
9117 62.0
9118 62.0
9119 62.0
9120 62.0
9121 62.0
9122 62.0
9123 62.0
9124 62.0
9125 62.0
9126 62.0
9127 62.0
9128 62.0
9129 62.0
9130 62.0
9131 62.0
9132 62.0
9133 62.0
9134 62.0
9135 62.0
9136 62.0
9137 62.0
9138 62.0
9139 62.0
9140 62.0
9141 62.0
9142 62.0
9143 62.0
9144 62.0
9145 62.0
9146 62.0
9147 62.0
9148 62.0
9149 62.0
9150 62.0
9151 62.0
9152 62.0
9153 62.0
9154 62.0
9155 62.0
9156 62.0
9157 62.0
9158 62.0
9159 62.0
9160 62.0
9161 62.0
9162 62.0
9163 62.0
9164 62.0
9165 62.0
9166 62.0
9167 62.0
9168 62.0
9169 62.0
9170 62.0
9171 62.0
9172 62.0
9173 62.0
9174 62.0
9175 62.0
9176 62.0
9177 62.0
9178 62.0
9179 62.0
9180 62.0
9181 62.0
9182 62.0
9183 62.0
9184 62.0
9185 62.0
9186 62.0
9187 62.0
9188 62.0
9189 62.0
9190 62.0
9191 62.0
9192 62.0
9193 62.0
9194 62.0
9195 62.0
9196 62.0
9197 62.0
9198 62.0
9199 62.0
9200 62.0
9201 62.0
9202 62.0
9203 62.0
9204 62.0
9205 62.0
9206 62.0
9207 62.0
9208 62.0
9209 62.0
9210 62.0
9211 62.0
9212 62.0
9213 62.0
9214 62.0
9215 62.0
9216 62.0
9217 62.0
9218 62.0
9219 62.0
9220 62.0
9221 62.0
9222 62.0
9223 62.0
9224 62.0
9225 62.0
9226 62.0
9227 62.0
9228 62.0
9229 62.0
9230 62.0
9231 62.0
9232 62.0
9233 62.0
9234 62.0
9235 62.0
9236 62.0
9237 62.0
9238 62.0
9239 62.0
9240 62.0
9241 62.0
9242 62.0
9243 62.0
9244 62.0
9245 62.0
9246 62.0
9247 62.0
9248 62.0
9249 62.0
9250 62.0
9251 62.0
9252 62.0
9253 62.0
9254 62.0
9255 62.0
9256 62.0
9257 62.0
9258 62.0
9259 62.0
9260 62.0
9261 62.0
9262 62.0
9263 62.0
9264 62.0
9265 62.0
9266 62.0
9267 62.0
9268 62.0
9269 62.0
9270 62.0
9271 62.0
9272 62.0
9273 62.0
9274 62.0
9275 62.0
9276 62.0
9277 62.0
9278 62.0
9279 62.0
9280 62.0
9281 62.0
9282 62.0
9283 62.0
9284 62.0
9285 62.0
9286 62.0
9287 62.0
9288 62.0
9289 62.0
9290 62.0
9291 62.0
9292 62.0
9293 62.0
9294 62.0
9295 62.0
9296 62.0
9297 62.0
9298 62.0
9299 62.0
9300 62.0
9301 62.0
9302 62.0
9303 62.0
9304 62.0
9305 62.0
9306 62.0
9307 62.0
9308 62.0
9309 62.0
9310 62.0
9311 62.0
9312 62.0
9313 62.0
9314 62.0
9315 62.0
9316 62.0
9317 62.0
9318 62.0
9319 62.0
9320 62.0
9321 62.0
9322 62.0
9323 62.0
9324 62.0
9325 62.0
9326 62.0
9327 62.0
9328 62.0
9329 62.0
9330 62.0
9331 62.0
9332 62.0
9333 62.0
9334 62.0
9335 62.0
9336 62.0
9337 62.0
9338 62.0
9339 62.0
9340 62.0
9341 62.0
9342 62.0
9343 62.0
9344 62.0
9345 62.0
9346 62.0
9347 62.0
9348 62.0
9349 62.0
9350 62.0
9351 62.0
9352 62.0
9353 62.0
9354 62.0
9355 62.0
9356 62.0
9357 62.0
9358 62.0
9359 62.0
9360 62.0
9361 62.0
9362 62.0
9363 62.0
9364 62.0
9365 62.0
9366 62.0
9367 62.0
9368 62.0
9369 62.0
9370 62.0
9371 62.0
9372 62.0
9373 62.0
9374 62.0
9375 62.0
9376 62.0
9377 62.0
9378 62.0
9379 62.0
9380 62.0
9381 62.0
9382 62.0
9383 62.0
9384 62.0
9385 62.0
9386 62.0
9387 62.0
9388 62.0
9389 62.0
9390 62.0
9391 62.0
9392 62.0
9393 62.0
9394 62.0
9395 62.0
9396 62.0
9397 62.0
9398 62.0
9399 62.0
9400 62.0
9401 62.0
9402 62.0
9403 62.0
9404 62.0
9405 62.0
9406 62.0
9407 62.0
9408 62.0
9409 62.0
9410 62.0
9411 62.0
9412 62.0
9413 62.0
9414 62.0
9415 62.0
9416 62.0
9417 62.0
9418 62.0
9419 62.0
9420 62.0
9421 62.0
9422 62.0
9423 62.0
9424 62.0
9425 62.0
9426 62.0
9427 62.0
9428 62.0
9429 62.0
9430 62.0
9431 62.0
9432 62.0
9433 62.0
9434 62.0
9435 62.0
9436 62.0
9437 62.0
9438 62.0
9439 62.0
9440 62.0
9441 62.0
9442 62.0
9443 62.0
9444 62.0
9445 62.0
9446 62.0
9447 62.0
9448 62.0
9449 62.0
9450 62.0
9451 62.0
9452 62.0
9453 62.0
9454 62.0
9455 62.0
9456 62.0
9457 62.0
9458 62.0
9459 62.0
9460 62.0
9461 62.0
9462 62.0
9463 62.0
9464 62.0
9465 62.0
9466 62.0
9467 62.0
9468 62.0
9469 62.0
9470 62.0
9471 62.0
9472 62.0
9473 62.0
9474 62.0
9475 62.0
9476 62.0
9477 62.0
9478 62.0
9479 62.0
9480 62.0
9481 62.0
9482 62.0
9483 62.0
9484 62.0
9485 62.0
9486 62.0
9487 62.0
9488 62.0
9489 62.0
9490 62.0
9491 62.0
9492 62.0
9493 62.0
9494 62.0
9495 62.0
9496 62.0
9497 62.0
9498 62.0
9499 62.0
9500 62.0
9501 62.0
9502 62.0
9503 62.0
9504 62.0
9505 62.0
9506 62.0
9507 62.0
9508 62.0
9509 62.0
9510 62.0
9511 62.0
9512 62.0
9513 62.0
9514 62.0
9515 62.0
9516 62.0
9517 62.0
9518 62.0
9519 62.0
9520 62.0
9521 62.0
9522 62.0
9523 62.0
9524 62.0
9525 62.0
9526 62.0
9527 62.0
9528 62.0
9529 62.0
9530 62.0
9531 62.0
9532 62.0
9533 62.0
9534 62.0
9535 62.0
9536 62.0
9537 62.0
9538 62.0
9539 62.0
9540 62.0
9541 62.0
9542 62.0
9543 62.0
9544 62.0
9545 62.0
9546 62.0
9547 62.0
9548 62.0
9549 62.0
9550 62.0
9551 62.0
9552 62.0
9553 62.0
9554 62.0
9555 62.0
9556 62.0
9557 62.0
9558 62.0
9559 62.0
9560 62.0
9561 62.0
9562 62.0
9563 62.0
9564 62.0
9565 62.0
9566 62.0
9567 62.0
9568 62.0
9569 62.0
9570 62.0
9571 62.0
9572 62.0
9573 62.0
9574 62.0
9575 62.0
9576 62.0
9577 62.0
9578 62.0
9579 62.0
9580 62.0
9581 62.0
9582 62.0
9583 62.0
9584 62.0
9585 62.0
9586 62.0
9587 62.0
9588 62.0
9589 62.0
9590 62.0
9591 62.0
9592 62.0
9593 62.0
9594 62.0
9595 62.0
9596 62.0
9597 62.0
9598 62.0
9599 62.0
9600 62.0
9601 62.0
9602 62.0
9603 62.0
9604 62.0
9605 62.0
9606 62.0
9607 62.0
9608 62.0
9609 62.0
9610 62.0
9611 62.0
9612 62.0
9613 62.0
9614 62.0
9615 62.0
9616 62.0
9617 62.0
9618 62.0
9619 62.0
9620 62.0
9621 62.0
9622 62.0
9623 62.0
9624 62.0
9625 62.0
9626 62.0
9627 62.0
9628 62.0
9629 62.0
9630 62.0
9631 62.0
9632 62.0
9633 62.0
9634 62.0
9635 62.0
9636 62.0
9637 62.0
9638 62.0
9639 62.0
9640 62.0
9641 62.0
9642 62.0
9643 62.0
9644 62.0
9645 62.0
9646 62.0
9647 62.0
9648 62.0
9649 62.0
9650 62.0
9651 62.0
9652 62.0
9653 62.0
9654 62.0
9655 62.0
9656 62.0
9657 62.0
9658 62.0
9659 62.0
9660 62.0
9661 62.0
9662 62.0
9663 62.0
9664 62.0
9665 62.0
9666 62.0
9667 62.0
9668 62.0
9669 62.0
9670 62.0
9671 62.0
9672 62.0
9673 62.0
9674 62.0
9675 62.0
9676 62.0
9677 62.0
9678 62.0
9679 62.0
9680 62.0
9681 62.0
9682 62.0
9683 62.0
9684 62.0
9685 62.0
9686 62.0
9687 62.0
9688 62.0
9689 62.0
9690 62.0
9691 62.0
9692 62.0
9693 62.0
9694 62.0
9695 62.0
9696 62.0
9697 62.0
9698 62.0
9699 62.0
9700 62.0
9701 62.0
9702 62.0
9703 62.0
9704 62.0
9705 62.0
9706 62.0
9707 62.0
9708 62.0
9709 62.0
9710 62.0
9711 62.0
9712 62.0
9713 62.0
9714 62.0
9715 62.0
9716 62.0
9717 62.0
9718 62.0
9719 62.0
9720 62.0
9721 62.0
9722 62.0
9723 62.0
9724 62.0
9725 62.0
9726 62.0
9727 62.0
9728 62.0
9729 62.0
9730 62.0
9731 62.0
9732 62.0
9733 62.0
9734 62.0
9735 62.0
9736 62.0
9737 62.0
9738 62.0
9739 62.0
9740 62.0
9741 62.0
9742 62.0
9743 62.0
9744 62.0
9745 62.0
9746 62.0
9747 62.0
9748 62.0
9749 62.0
9750 62.0
9751 62.0
9752 62.0
9753 62.0
9754 62.0
9755 62.0
9756 62.0
9757 62.0
9758 62.0
9759 62.0
9760 62.0
9761 62.0
9762 62.0
9763 62.0
9764 62.0
9765 62.0
9766 62.0
9767 62.0
9768 62.0
9769 62.0
9770 62.0
9771 62.0
9772 62.0
9773 62.0
9774 62.0
9775 62.0
9776 62.0
9777 62.0
9778 62.0
9779 62.0
9780 62.0
9781 62.0
9782 62.0
9783 62.0
9784 62.0
9785 62.0
9786 62.0
9787 62.0
9788 62.0
9789 62.0
9790 62.0
9791 62.0
9792 62.0
9793 62.0
9794 62.0
9795 62.0
9796 62.0
9797 62.0
9798 62.0
9799 62.0
9800 62.0
9801 62.0
9802 62.0
9803 62.0
9804 62.0
9805 62.0
9806 62.0
9807 62.0
9808 62.0
9809 62.0
9810 62.0
9811 62.0
9812 62.0
9813 62.0
9814 62.0
9815 62.0
9816 62.0
9817 62.0
9818 62.0
9819 62.0
9820 62.0
9821 62.0
9822 62.0
9823 62.0
9824 62.0
9825 62.0
9826 62.0
9827 62.0
9828 62.0
9829 62.0
9830 62.0
9831 62.0
9832 62.0
9833 62.0
9834 62.0
9835 62.0
9836 62.0
9837 62.0
9838 62.0
9839 62.0
9840 62.0
9841 62.0
9842 62.0
9843 62.0
9844 62.0
9845 62.0
9846 62.0
9847 62.0
9848 62.0
9849 62.0
9850 62.0
9851 62.0
9852 62.0
9853 62.0
9854 62.0
9855 62.0
9856 62.0
9857 62.0
9858 62.0
9859 62.0
9860 62.0
9861 62.0
9862 62.0
9863 62.0
9864 62.0
9865 62.0
9866 62.0
9867 62.0
9868 62.0
9869 62.0
9870 62.0
9871 62.0
9872 62.0
9873 62.0
9874 62.0
9875 62.0
9876 62.0
9877 62.0
9878 62.0
9879 62.0
9880 62.0
9881 62.0
9882 62.0
9883 62.0
9884 62.0
9885 62.0
9886 62.0
9887 62.0
9888 62.0
9889 62.0
9890 62.0
9891 62.0
9892 62.0
9893 62.0
9894 62.0
9895 62.0
9896 62.0
9897 62.0
9898 62.0
9899 62.0
9900 62.0
9901 62.0
9902 62.0
9903 62.0
9904 62.0
9905 62.0
9906 62.0
9907 62.0
9908 62.0
9909 62.0
9910 62.0
9911 62.0
9912 62.0
9913 62.0
9914 62.0
9915 62.0
9916 62.0
9917 62.0
9918 62.0
9919 62.0
9920 62.0
9921 62.0
9922 62.0
9923 62.0
9924 62.0
9925 62.0
9926 62.0
9927 62.0
9928 62.0
9929 62.0
9930 62.0
9931 62.0
9932 62.0
9933 62.0
9934 62.0
9935 62.0
9936 62.0
9937 62.0
9938 62.0
9939 62.0
9940 62.0
9941 62.0
9942 62.0
9943 62.0
9944 62.0
9945 62.0
9946 62.0
9947 62.0
9948 62.0
9949 62.0
9950 62.0
9951 62.0
9952 62.0
9953 62.0
9954 62.0
9955 62.0
9956 62.0
9957 62.0
9958 62.0
9959 62.0
9960 62.0
9961 62.0
9962 62.0
9963 62.0
9964 62.0
9965 62.0
9966 62.0
9967 62.0
9968 62.0
9969 62.0
9970 62.0
9971 62.0
9972 62.0
9973 62.0
9974 62.0
9975 62.0
9976 62.0
9977 62.0
9978 62.0
9979 62.0
9980 62.0
9981 62.0
9982 62.0
9983 62.0
9984 62.0
9985 62.0
9986 62.0
9987 62.0
9988 62.0
9989 62.0
9990 62.0
9991 62.0
9992 62.0
9993 62.0
9994 62.0
9995 62.0
9996 62.0
9997 62.0
9998 62.0
9999 62.0
10000 62.0
10001 62.0
10002 62.0
10003 62.0
10004 62.0
10005 62.0
10006 62.0
