evaluations raw_y
1 -1984.0000000000
5 -1983.0000000000
10 -1982.0000000000
13 -1981.0000000000
15 -1979.0000000000
16 -1978.0000000000
17 -1977.0000000000
20 -1976.0000000000
22 -1975.0000000000
24 -1974.0000000000
26 -1973.0000000000
28 -1972.0000000000
29 -1971.0000000000
33 -1970.0000000000
34 -1969.0000000000
38 -1968.0000000000
39 -1966.0000000000
40 -1965.0000000000
43 -1964.0000000000
44 -1963.0000000000
45 -1962.0000000000
46 -1961.0000000000
47 -1960.0000000000
48 -1959.0000000000
49 -1958.0000000000
52 -1957.0000000000
53 -1956.0000000000
62 -1955.0000000000
71 -1954.0000000000
72 -1953.0000000000
73 -1951.0000000000
78 -1950.0000000000
79 -1948.0000000000
80 -1947.0000000000
81 -1946.0000000000
85 -1945.0000000000
90 -1944.0000000000
91 -1943.0000000000
93 -1941.0000000000
96 -1940.0000000000
98 -1939.0000000000
100 -1938.0000000000
101 -1937.0000000000
105 -1936.0000000000
110 -1935.0000000000
121 -1933.0000000000
125 -1932.0000000000
127 -1931.0000000000
130 -1930.0000000000
132 -1929.0000000000
133 -1928.0000000000
134 -1926.0000000000
135 -1925.0000000000
136 -1924.0000000000
137 -1923.0000000000
139 -1922.0000000000
144 -1921.0000000000
150 -1920.0000000000
152 -1919.0000000000
162 -1918.0000000000
163 -1917.0000000000
164 -1916.0000000000
165 -1915.0000000000
167 -1914.0000000000
168 -1913.0000000000
170 -1912.0000000000
173 -1911.0000000000
175 -1910.0000000000
177 -1909.0000000000
186 -1908.0000000000
188 -1906.0000000000
192 -1904.0000000000
197 -1902.0000000000
200 -1901.0000000000
202 -1900.0000000000
205 -1899.0000000000
207 -1897.0000000000
209 -1896.0000000000
210 -1895.0000000000
211 -1894.0000000000
213 -1893.0000000000
217 -1891.0000000000
218 -1890.0000000000
219 -1888.0000000000
224 -1887.0000000000
230 -1886.0000000000
233 -1885.0000000000
234 -1884.0000000000
237 -1883.0000000000
239 -1882.0000000000
240 -1881.0000000000
242 -1880.0000000000
243 -1879.0000000000
244 -1878.0000000000
246 -1877.0000000000
248 -1875.0000000000
250 -1874.0000000000
251 -1873.0000000000
255 -1872.0000000000
259 -1871.0000000000
260 -1870.0000000000
261 -1868.0000000000
262 -1867.0000000000
264 -1866.0000000000
269 -1865.0000000000
272 -1863.0000000000
273 -1862.0000000000
274 -1861.0000000000
276 -1860.0000000000
277 -1859.0000000000
279 -1858.0000000000
282 -1857.0000000000
283 -1856.0000000000
286 -1855.0000000000
290 -1854.0000000000
291 -1853.0000000000
295 -1852.0000000000
296 -1851.0000000000
297 -1850.0000000000
298 -1849.0000000000
299 -1848.0000000000
301 -1847.0000000000
302 -1846.0000000000
305 -1845.0000000000
306 -1844.0000000000
307 -1843.0000000000
308 -1842.0000000000
310 -1841.0000000000
312 -1840.0000000000
313 -1839.0000000000
314 -1838.0000000000
318 -1837.0000000000
321 -1836.0000000000
323 -1835.0000000000
326 -1834.0000000000
327 -1833.0000000000
331 -1831.0000000000
332 -1830.0000000000
334 -1829.0000000000
335 -1828.0000000000
339 -1827.0000000000
341 -1826.0000000000
342 -1825.0000000000
343 -1824.0000000000
346 -1823.0000000000
347 -1822.0000000000
356 -1819.0000000000
358 -1818.0000000000
359 -1817.0000000000
360 -1816.0000000000
361 -1815.0000000000
365 -1814.0000000000
367 -1813.0000000000
368 -1812.0000000000
372 -1811.0000000000
373 -1810.0000000000
374 -1809.0000000000
388 -1808.0000000000
389 -1807.0000000000
390 -1805.0000000000
391 -1804.0000000000
395 -1803.0000000000
397 -1801.0000000000
398 -1800.0000000000
399 -1799.0000000000
400 -1798.0000000000
402 -1797.0000000000
403 -1796.0000000000
404 -1795.0000000000
407 -1794.0000000000
410 -1793.0000000000
411 -1792.0000000000
415 -1791.0000000000
416 -1790.0000000000
418 -1789.0000000000
420 -1787.0000000000
423 -1786.0000000000
427 -1785.0000000000
430 -1784.0000000000
432 -1783.0000000000
434 -1782.0000000000
436 -1781.0000000000
437 -1780.0000000000
438 -1779.0000000000
442 -1778.0000000000
443 -1777.0000000000
444 -1776.0000000000
445 -1775.0000000000
447 -1774.0000000000
453 -1773.0000000000
454 -1772.0000000000
458 -1771.0000000000
459 -1770.0000000000
460 -1769.0000000000
461 -1768.0000000000
462 -1767.0000000000
464 -1766.0000000000
467 -1765.0000000000
468 -1764.0000000000
471 -1763.0000000000
474 -1762.0000000000
478 -1761.0000000000
479 -1760.0000000000
480 -1758.0000000000
482 -1757.0000000000
484 -1756.0000000000
487 -1755.0000000000
490 -1754.0000000000
492 -1752.0000000000
493 -1751.0000000000
497 -1750.0000000000
498 -1749.0000000000
499 -1748.0000000000
500 -1747.0000000000
501 -1746.0000000000
503 -1745.0000000000
507 -1744.0000000000
508 -1743.0000000000
513 -1742.0000000000
515 -1741.0000000000
516 -1740.0000000000
517 -1739.0000000000
523 -1738.0000000000
524 -1737.0000000000
533 -1736.0000000000
536 -1735.0000000000
539 -1734.0000000000
540 -1733.0000000000
544 -1732.0000000000
545 -1731.0000000000
552 -1730.0000000000
554 -1729.0000000000
555 -1727.0000000000
557 -1726.0000000000
559 -1725.0000000000
561 -1724.0000000000
562 -1723.0000000000
567 -1722.0000000000
571 -1721.0000000000
573 -1720.0000000000
576 -1719.0000000000
578 -1718.0000000000
584 -1717.0000000000
586 -1716.0000000000
587 -1714.0000000000
588 -1713.0000000000
592 -1712.0000000000
594 -1711.0000000000
600 -1709.0000000000
606 -1708.0000000000
607 -1706.0000000000
608 -1705.0000000000
610 -1704.0000000000
611 -1703.0000000000
617 -1702.0000000000
619 -1701.0000000000
620 -1699.0000000000
621 -1698.0000000000
623 -1697.0000000000
624 -1696.0000000000
631 -1695.0000000000
632 -1694.0000000000
637 -1693.0000000000
642 -1692.0000000000
644 -1691.0000000000
648 -1690.0000000000
649 -1689.0000000000
650 -1688.0000000000
652 -1686.0000000000
654 -1685.0000000000
656 -1684.0000000000
658 -1683.0000000000
662 -1682.0000000000
663 -1681.0000000000
664 -1680.0000000000
673 -1679.0000000000
679 -1678.0000000000
681 -1677.0000000000
685 -1676.0000000000
686 -1675.0000000000
687 -1674.0000000000
688 -1673.0000000000
693 -1672.0000000000
694 -1670.0000000000
696 -1669.0000000000
697 -1668.0000000000
699 -1666.0000000000
703 -1665.0000000000
704 -1664.0000000000
712 -1662.0000000000
714 -1661.0000000000
715 -1659.0000000000
718 -1658.0000000000
721 -1657.0000000000
722 -1656.0000000000
727 -1655.0000000000
733 -1654.0000000000
737 -1653.0000000000
741 -1652.0000000000
742 -1651.0000000000
747 -1650.0000000000
748 -1649.0000000000
750 -1648.0000000000
754 -1647.0000000000
756 -1645.0000000000
762 -1644.0000000000
764 -1643.0000000000
767 -1642.0000000000
774 -1640.0000000000
775 -1639.0000000000
778 -1638.0000000000
779 -1636.0000000000
780 -1634.0000000000
782 -1633.0000000000
787 -1632.0000000000
791 -1631.0000000000
792 -1630.0000000000
797 -1629.0000000000
798 -1628.0000000000
799 -1627.0000000000
800 -1626.0000000000
808 -1625.0000000000
810 -1624.0000000000
815 -1622.0000000000
816 -1621.0000000000
818 -1619.0000000000
821 -1618.0000000000
829 -1617.0000000000
831 -1616.0000000000
835 -1615.0000000000
836 -1614.0000000000
838 -1613.0000000000
840 -1612.0000000000
842 -1611.0000000000
843 -1610.0000000000
844 -1609.0000000000
846 -1608.0000000000
855 -1607.0000000000
861 -1606.0000000000
865 -1605.0000000000
868 -1604.0000000000
869 -1602.0000000000
873 -1601.0000000000
874 -1600.0000000000
876 -1599.0000000000
883 -1598.0000000000
885 -1597.0000000000
891 -1596.0000000000
894 -1595.0000000000
898 -1594.0000000000
902 -1593.0000000000
906 -1590.0000000000
912 -1589.0000000000
918 -1588.0000000000
919 -1587.0000000000
921 -1586.0000000000
922 -1585.0000000000
924 -1584.0000000000
925 -1583.0000000000
926 -1582.0000000000
928 -1581.0000000000
931 -1580.0000000000
933 -1579.0000000000
936 -1578.0000000000
941 -1577.0000000000
943 -1576.0000000000
945 -1575.0000000000
949 -1574.0000000000
950 -1573.0000000000
951 -1571.0000000000
952 -1570.0000000000
953 -1569.0000000000
955 -1568.0000000000
961 -1567.0000000000
962 -1566.0000000000
963 -1565.0000000000
964 -1564.0000000000
965 -1563.0000000000
967 -1562.0000000000
969 -1561.0000000000
970 -1559.0000000000
971 -1558.0000000000
977 -1557.0000000000
979 -1556.0000000000
980 -1555.0000000000
989 -1554.0000000000
992 -1553.0000000000
996 -1552.0000000000
999 -1551.0000000000
1003 -1550.0000000000
1004 -1549.0000000000
1011 -1548.0000000000
1012 -1547.0000000000
1013 -1546.0000000000
1017 -1545.0000000000
1019 -1544.0000000000
1020 -1543.0000000000
1023 -1542.0000000000
1025 -1540.0000000000
1026 -1539.0000000000
1029 -1538.0000000000
1031 -1537.0000000000
1041 -1536.0000000000
1043 -1535.0000000000
1044 -1534.0000000000
1048 -1533.0000000000
1051 -1532.0000000000
1052 -1531.0000000000
1056 -1530.0000000000
1061 -1529.0000000000
1063 -1528.0000000000
1067 -1527.0000000000
1068 -1526.0000000000
1079 -1525.0000000000
1088 -1524.0000000000
1090 -1523.0000000000
1093 -1522.0000000000
1095 -1521.0000000000
1096 -1520.0000000000
1098 -1519.0000000000
1099 -1518.0000000000
1103 -1517.0000000000
1104 -1516.0000000000
1105 -1515.0000000000
1109 -1514.0000000000
1110 -1513.0000000000
1115 -1512.0000000000
1116 -1511.0000000000
1118 -1510.0000000000
1120 -1509.0000000000
1121 -1508.0000000000
1126 -1507.0000000000
1128 -1506.0000000000
1129 -1505.0000000000
1134 -1504.0000000000
1136 -1503.0000000000
1138 -1502.0000000000
1140 -1501.0000000000
1145 -1500.0000000000
1147 -1499.0000000000
1152 -1498.0000000000
1153 -1497.0000000000
1158 -1496.0000000000
1161 -1495.0000000000
1162 -1494.0000000000
1165 -1493.0000000000
1167 -1492.0000000000
1168 -1491.0000000000
1169 -1489.0000000000
1176 -1488.0000000000
1177 -1487.0000000000
1180 -1486.0000000000
1184 -1485.0000000000
1189 -1484.0000000000
1190 -1483.0000000000
1193 -1481.0000000000
1195 -1480.0000000000
1198 -1479.0000000000
1206 -1478.0000000000
1207 -1477.0000000000
1208 -1476.0000000000
1214 -1475.0000000000
1215 -1474.0000000000
1216 -1473.0000000000
1218 -1472.0000000000
1221 -1471.0000000000
1225 -1470.0000000000
1228 -1469.0000000000
1229 -1468.0000000000
1239 -1467.0000000000
1240 -1466.0000000000
1241 -1465.0000000000
1242 -1464.0000000000
1243 -1463.0000000000
1244 -1462.0000000000
1259 -1461.0000000000
1263 -1460.0000000000
1264 -1459.0000000000
1268 -1458.0000000000
1271 -1456.0000000000
1276 -1455.0000000000
1277 -1454.0000000000
1278 -1453.0000000000
1282 -1452.0000000000
1284 -1451.0000000000
1293 -1450.0000000000
1294 -1449.0000000000
1298 -1448.0000000000
1299 -1446.0000000000
1300 -1444.0000000000
1301 -1443.0000000000
1303 -1442.0000000000
1306 -1441.0000000000
1309 -1440.0000000000
1325 -1439.0000000000
1329 -1437.0000000000
1330 -1436.0000000000
1334 -1433.0000000000
1335 -1432.0000000000
1336 -1431.0000000000
1338 -1430.0000000000
1343 -1429.0000000000
1344 -1428.0000000000
1348 -1427.0000000000
1349 -1426.0000000000
1353 -1425.0000000000
1359 -1424.0000000000
1363 -1423.0000000000
1371 -1420.0000000000
1373 -1419.0000000000
1374 -1418.0000000000
1375 -1417.0000000000
1381 -1416.0000000000
1382 -1415.0000000000
1383 -1414.0000000000
1385 -1413.0000000000
1387 -1412.0000000000
1389 -1411.0000000000
1393 -1410.0000000000
1394 -1409.0000000000
1396 -1408.0000000000
1399 -1407.0000000000
1405 -1406.0000000000
1406 -1404.0000000000
1411 -1403.0000000000
1412 -1402.0000000000
1426 -1401.0000000000
1429 -1400.0000000000
1433 -1399.0000000000
1435 -1398.0000000000
1445 -1397.0000000000
1446 -1396.0000000000
1451 -1395.0000000000
1452 -1394.0000000000
1453 -1392.0000000000
1460 -1391.0000000000
1461 -1390.0000000000
1463 -1389.0000000000
1465 -1388.0000000000
1466 -1387.0000000000
1467 -1386.0000000000
1470 -1385.0000000000
1477 -1384.0000000000
1483 -1383.0000000000
1484 -1382.0000000000
1487 -1380.0000000000
1488 -1379.0000000000
1492 -1378.0000000000
1494 -1377.0000000000
1496 -1376.0000000000
1502 -1375.0000000000
1504 -1374.0000000000
1507 -1373.0000000000
1514 -1372.0000000000
1517 -1371.0000000000
1524 -1370.0000000000
1527 -1369.0000000000
1528 -1366.0000000000
1531 -1365.0000000000
1532 -1364.0000000000
1533 -1363.0000000000
1541 -1362.0000000000
1546 -1361.0000000000
1549 -1360.0000000000
1550 -1359.0000000000
1552 -1358.0000000000
1564 -1357.0000000000
1566 -1356.0000000000
1576 -1355.0000000000
1577 -1354.0000000000
1578 -1353.0000000000
1584 -1352.0000000000
1585 -1351.0000000000
1591 -1350.0000000000
1595 -1349.0000000000
1596 -1348.0000000000
1598 -1347.0000000000
1609 -1346.0000000000
1610 -1345.0000000000
1614 -1344.0000000000
1617 -1343.0000000000
1619 -1342.0000000000
1624 -1341.0000000000
1626 -1340.0000000000
1627 -1339.0000000000
1634 -1338.0000000000
1636 -1337.0000000000
1646 -1336.0000000000
1647 -1335.0000000000
1652 -1334.0000000000
1655 -1333.0000000000
1656 -1332.0000000000
1670 -1331.0000000000
1673 -1330.0000000000
1677 -1329.0000000000
1678 -1328.0000000000
1688 -1327.0000000000
1693 -1326.0000000000
1694 -1325.0000000000
1696 -1324.0000000000
1699 -1323.0000000000
1700 -1322.0000000000
1703 -1321.0000000000
1704 -1320.0000000000
1708 -1319.0000000000
1717 -1318.0000000000
1719 -1317.0000000000
1723 -1316.0000000000
1729 -1315.0000000000
1730 -1314.0000000000
1732 -1313.0000000000
1733 -1312.0000000000
1738 -1311.0000000000
1740 -1308.0000000000
1742 -1307.0000000000
1743 -1306.0000000000
1744 -1305.0000000000
1746 -1304.0000000000
1747 -1302.0000000000
1752 -1301.0000000000
1755 -1300.0000000000
1759 -1299.0000000000
1765 -1297.0000000000
1768 -1296.0000000000
1771 -1295.0000000000
1777 -1294.0000000000
1783 -1293.0000000000
1784 -1292.0000000000
1787 -1291.0000000000
1799 -1289.0000000000
1800 -1288.0000000000
1810 -1287.0000000000
1811 -1285.0000000000
1813 -1284.0000000000
1817 -1282.0000000000
1822 -1281.0000000000
1823 -1280.0000000000
1824 -1278.0000000000
1829 -1277.0000000000
1834 -1276.0000000000
1836 -1275.0000000000
1838 -1274.0000000000
1844 -1273.0000000000
1849 -1272.0000000000
1850 -1271.0000000000
1851 -1270.0000000000
1852 -1269.0000000000
1853 -1268.0000000000
1854 -1267.0000000000
1856 -1266.0000000000
1861 -1265.0000000000
1866 -1264.0000000000
1867 -1263.0000000000
1868 -1262.0000000000
1870 -1261.0000000000
1877 -1260.0000000000
1882 -1259.0000000000
1887 -1258.0000000000
1888 -1257.0000000000
1893 -1256.0000000000
1895 -1255.0000000000
1897 -1254.0000000000
1899 -1253.0000000000
1901 -1252.0000000000
1904 -1251.0000000000
1905 -1250.0000000000
1906 -1249.0000000000
1910 -1248.0000000000
1915 -1247.0000000000
1919 -1246.0000000000
1926 -1245.0000000000
1934 -1243.0000000000
1937 -1242.0000000000
1939 -1241.0000000000
1940 -1239.0000000000
1957 -1238.0000000000
1965 -1236.0000000000
1968 -1235.0000000000
1971 -1233.0000000000
1975 -1232.0000000000
1977 -1231.0000000000
1983 -1230.0000000000
1985 -1229.0000000000
1986 -1228.0000000000
1987 -1227.0000000000
1989 -1226.0000000000
1992 -1225.0000000000
1993 -1224.0000000000
2003 -1223.0000000000
2004 -1222.0000000000
2005 -1221.0000000000
2006 -1220.0000000000
2008 -1219.0000000000
2009 -1218.0000000000
2013 -1217.0000000000
2017 -1215.0000000000
2029 -1214.0000000000
2030 -1213.0000000000
2039 -1212.0000000000
2043 -1211.0000000000
2045 -1210.0000000000
2049 -1209.0000000000
2050 -1208.0000000000
2052 -1207.0000000000
2053 -1206.0000000000
2055 -1205.0000000000
2058 -1204.0000000000
2065 -1203.0000000000
2069 -1201.0000000000
2073 -1200.0000000000
2074 -1199.0000000000
2075 -1198.0000000000
2076 -1197.0000000000
2082 -1196.0000000000
2089 -1195.0000000000
2091 -1194.0000000000
2094 -1193.0000000000
2097 -1192.0000000000
2100 -1191.0000000000
2109 -1190.0000000000
2113 -1189.0000000000
2115 -1188.0000000000
2116 -1187.0000000000
2117 -1186.0000000000
2119 -1185.0000000000
2124 -1184.0000000000
2126 -1183.0000000000
2132 -1182.0000000000
2136 -1181.0000000000
2147 -1180.0000000000
2148 -1179.0000000000
2153 -1178.0000000000
2157 -1177.0000000000
2158 -1176.0000000000
2170 -1175.0000000000
2179 -1174.0000000000
2185 -1173.0000000000
2186 -1172.0000000000
2188 -1171.0000000000
2197 -1170.0000000000
2198 -1169.0000000000
2209 -1168.0000000000
2210 -1167.0000000000
2212 -1166.0000000000
2219 -1165.0000000000
2224 -1164.0000000000
2236 -1163.0000000000
2238 -1162.0000000000
2240 -1160.0000000000
2242 -1159.0000000000
2247 -1157.0000000000
2248 -1156.0000000000
2262 -1155.0000000000
2265 -1154.0000000000
2266 -1153.0000000000
2268 -1152.0000000000
2272 -1151.0000000000
2274 -1149.0000000000
2276 -1148.0000000000
2277 -1147.0000000000
2283 -1146.0000000000
2286 -1145.0000000000
2294 -1144.0000000000
2297 -1143.0000000000
2304 -1142.0000000000
2309 -1141.0000000000
2313 -1138.0000000000
2314 -1137.0000000000
2315 -1136.0000000000
2320 -1134.0000000000
2322 -1133.0000000000
2324 -1132.0000000000
2326 -1131.0000000000
2328 -1130.0000000000
2331 -1129.0000000000
2333 -1128.0000000000
2339 -1127.0000000000
2342 -1126.0000000000
2345 -1125.0000000000
2346 -1124.0000000000
2348 -1123.0000000000
2350 -1122.0000000000
2353 -1121.0000000000
2355 -1120.0000000000
2363 -1119.0000000000
2364 -1117.0000000000
2376 -1116.0000000000
2380 -1115.0000000000
2385 -1114.0000000000
2386 -1113.0000000000
2387 -1112.0000000000
2389 -1111.0000000000
2391 -1109.0000000000
2396 -1108.0000000000
2399 -1107.0000000000
2402 -1106.0000000000
2404 -1105.0000000000
2407 -1104.0000000000
2408 -1103.0000000000
2409 -1102.0000000000
2413 -1101.0000000000
2417 -1100.0000000000
2421 -1099.0000000000
2424 -1098.0000000000
2425 -1097.0000000000
2426 -1096.0000000000
2433 -1095.0000000000
2449 -1094.0000000000
2456 -1093.0000000000
2458 -1092.0000000000
2460 -1091.0000000000
2461 -1090.0000000000
2468 -1089.0000000000
2478 -1087.0000000000
2480 -1086.0000000000
2481 -1085.0000000000
2490 -1084.0000000000
2498 -1083.0000000000
2505 -1082.0000000000
2511 -1081.0000000000
2512 -1080.0000000000
2518 -1079.0000000000
2523 -1078.0000000000
2539 -1077.0000000000
2553 -1076.0000000000
2555 -1075.0000000000
2557 -1074.0000000000
2559 -1073.0000000000
2560 -1071.0000000000
2564 -1070.0000000000
2572 -1069.0000000000
2582 -1068.0000000000
2583 -1067.0000000000
2587 -1066.0000000000
2595 -1065.0000000000
2597 -1064.0000000000
2606 -1063.0000000000
2607 -1061.0000000000
2613 -1060.0000000000
2620 -1059.0000000000
2621 -1057.0000000000
2624 -1056.0000000000
2625 -1055.0000000000
2627 -1054.0000000000
2629 -1053.0000000000
2630 -1052.0000000000
2635 -1051.0000000000
2642 -1050.0000000000
2645 -1049.0000000000
2650 -1048.0000000000
2651 -1047.0000000000
2652 -1046.0000000000
2656 -1045.0000000000
2657 -1044.0000000000
2660 -1043.0000000000
2663 -1042.0000000000
2671 -1041.0000000000
2672 -1040.0000000000
2682 -1039.0000000000
2687 -1038.0000000000
2689 -1037.0000000000
2692 -1036.0000000000
2697 -1035.0000000000
2698 -1034.0000000000
2699 -1033.0000000000
2707 -1032.0000000000
2714 -1031.0000000000
2721 -1030.0000000000
2726 -1029.0000000000
2727 -1028.0000000000
2729 -1027.0000000000
2740 -1026.0000000000
2742 -1025.0000000000
2753 -1024.0000000000
2758 -1023.0000000000
2764 -1022.0000000000
2768 -1021.0000000000
2769 -1020.0000000000
2771 -1019.0000000000
2774 -1018.0000000000
2777 -1017.0000000000
2784 -1016.0000000000
2785 -1015.0000000000
2790 -1014.0000000000
2795 -1013.0000000000
2803 -1012.0000000000
2804 -1011.0000000000
2805 -1010.0000000000
2811 -1009.0000000000
2823 -1008.0000000000
2827 -1007.0000000000
2840 -1006.0000000000
2848 -1005.0000000000
2851 -1004.0000000000
2855 -1003.0000000000
2860 -1002.0000000000
2863 -1001.0000000000
2865 -1000.0000000000
2867 -999.0000000000
2871 -998.0000000000
2875 -997.0000000000
2878 -996.0000000000
2883 -995.0000000000
2885 -994.0000000000
2888 -993.0000000000
2892 -992.0000000000
2895 -991.0000000000
2900 -990.0000000000
2905 -989.0000000000
2915 -988.0000000000
2931 -987.0000000000
2936 -986.0000000000
2948 -985.0000000000
2971 -984.0000000000
2974 -983.0000000000
2978 -982.0000000000
2996 -981.0000000000
3001 -980.0000000000
3007 -979.0000000000
3012 -978.0000000000
3014 -977.0000000000
3021 -976.0000000000
3022 -975.0000000000
3023 -974.0000000000
3029 -973.0000000000
3030 -972.0000000000
3032 -971.0000000000
3050 -970.0000000000
3052 -969.0000000000
3053 -968.0000000000
3057 -966.0000000000
3060 -965.0000000000
3063 -964.0000000000
3071 -963.0000000000
3075 -962.0000000000
3086 -961.0000000000
3088 -959.0000000000
3092 -958.0000000000
3093 -957.0000000000
3104 -956.0000000000
3105 -955.0000000000
3107 -954.0000000000
3115 -953.0000000000
3116 -952.0000000000
3120 -951.0000000000
3146 -950.0000000000
3147 -949.0000000000
3156 -948.0000000000
3159 -947.0000000000
3170 -946.0000000000
3171 -945.0000000000
3176 -944.0000000000
3182 -943.0000000000
3187 -941.0000000000
3189 -940.0000000000
3191 -939.0000000000
3192 -938.0000000000
3197 -937.0000000000
3198 -936.0000000000
3199 -935.0000000000
3203 -934.0000000000
3206 -933.0000000000
3208 -932.0000000000
3209 -931.0000000000
3219 -929.0000000000
3221 -928.0000000000
3225 -927.0000000000
3242 -926.0000000000
3243 -925.0000000000
3253 -924.0000000000
3255 -923.0000000000
3257 -921.0000000000
3258 -920.0000000000
3260 -919.0000000000
3264 -918.0000000000
3265 -917.0000000000
3270 -916.0000000000
3277 -913.0000000000
3279 -912.0000000000
3283 -911.0000000000
3291 -910.0000000000
3293 -909.0000000000
3294 -907.0000000000
3301 -906.0000000000
3308 -905.0000000000
3316 -904.0000000000
3319 -903.0000000000
3320 -902.0000000000
3321 -901.0000000000
3324 -900.0000000000
3326 -899.0000000000
3328 -898.0000000000
3331 -897.0000000000
3338 -896.0000000000
3342 -895.0000000000
3349 -894.0000000000
3351 -893.0000000000
3363 -892.0000000000
3366 -891.0000000000
3372 -890.0000000000
3374 -889.0000000000
3391 -888.0000000000
3394 -887.0000000000
3397 -886.0000000000
3400 -885.0000000000
3417 -884.0000000000
3427 -883.0000000000
3428 -882.0000000000
3438 -881.0000000000
3455 -880.0000000000
3458 -879.0000000000
3467 -878.0000000000
3474 -877.0000000000
3481 -876.0000000000
3483 -875.0000000000
3501 -874.0000000000
3503 -872.0000000000
3505 -871.0000000000
3522 -870.0000000000
3531 -869.0000000000
3533 -868.0000000000
3543 -867.0000000000
3551 -866.0000000000
3555 -865.0000000000
3556 -864.0000000000
3559 -863.0000000000
3564 -862.0000000000
3575 -861.0000000000
3576 -860.0000000000
3601 -859.0000000000
3602 -858.0000000000
3604 -857.0000000000
3610 -856.0000000000
3617 -855.0000000000
3621 -854.0000000000
3632 -853.0000000000
3633 -852.0000000000
3636 -851.0000000000
3644 -850.0000000000
3647 -849.0000000000
3653 -848.0000000000
3661 -847.0000000000
3670 -846.0000000000
3677 -845.0000000000
3680 -844.0000000000
3681 -843.0000000000
3695 -842.0000000000
3700 -841.0000000000
3703 -840.0000000000
3718 -839.0000000000
3726 -838.0000000000
3727 -837.0000000000
3732 -836.0000000000
3736 -835.0000000000
3739 -834.0000000000
3746 -833.0000000000
3757 -832.0000000000
3758 -831.0000000000
3782 -830.0000000000
3787 -829.0000000000
3791 -828.0000000000
3798 -827.0000000000
3802 -826.0000000000
3804 -825.0000000000
3805 -824.0000000000
3807 -823.0000000000
3809 -822.0000000000
3817 -821.0000000000
3819 -819.0000000000
3829 -818.0000000000
3832 -817.0000000000
3838 -816.0000000000
3845 -815.0000000000
3861 -814.0000000000
3862 -813.0000000000
3864 -812.0000000000
3876 -811.0000000000
3878 -810.0000000000
3879 -809.0000000000
3894 -808.0000000000
3895 -806.0000000000
3897 -805.0000000000
3899 -804.0000000000
3908 -802.0000000000
3914 -801.0000000000
3916 -800.0000000000
3929 -799.0000000000
3933 -798.0000000000
3941 -797.0000000000
3944 -796.0000000000
3945 -795.0000000000
3947 -794.0000000000
3950 -793.0000000000
3954 -792.0000000000
3973 -791.0000000000
3976 -790.0000000000
3981 -789.0000000000
3982 -788.0000000000
3984 -787.0000000000
3991 -786.0000000000
4005 -785.0000000000
4008 -784.0000000000
4011 -783.0000000000
4025 -782.0000000000
4026 -781.0000000000
4033 -780.0000000000
4036 -779.0000000000
4039 -778.0000000000
4053 -777.0000000000
4059 -776.0000000000
4062 -775.0000000000
4063 -774.0000000000
4075 -773.0000000000
4076 -772.0000000000
4078 -771.0000000000
4079 -770.0000000000
4081 -769.0000000000
4084 -768.0000000000
4091 -767.0000000000
4104 -766.0000000000
4105 -765.0000000000
4112 -763.0000000000
4114 -762.0000000000
4135 -761.0000000000
4138 -760.0000000000
4142 -759.0000000000
4147 -758.0000000000
4155 -757.0000000000
4169 -756.0000000000
4184 -755.0000000000
4185 -754.0000000000
4190 -753.0000000000
4191 -752.0000000000
4198 -751.0000000000
4200 -749.0000000000
4202 -748.0000000000
4211 -747.0000000000
4216 -746.0000000000
4230 -744.0000000000
4231 -743.0000000000
4235 -742.0000000000
4248 -741.0000000000
4252 -740.0000000000
4268 -739.0000000000
4276 -738.0000000000
4294 -737.0000000000
4295 -736.0000000000
4296 -735.0000000000
4315 -734.0000000000
4316 -733.0000000000
4317 -732.0000000000
4332 -731.0000000000
4334 -730.0000000000
4335 -729.0000000000
4348 -728.0000000000
4362 -727.0000000000
4367 -726.0000000000
4370 -725.0000000000
4373 -724.0000000000
4376 -723.0000000000
4395 -722.0000000000
4414 -721.0000000000
4415 -720.0000000000
4420 -719.0000000000
4421 -718.0000000000
4433 -717.0000000000
4441 -716.0000000000
4443 -715.0000000000
4446 -714.0000000000
4454 -713.0000000000
4460 -712.0000000000
4461 -711.0000000000
4485 -710.0000000000
4499 -709.0000000000
4507 -708.0000000000
4521 -707.0000000000
4522 -706.0000000000
4535 -705.0000000000
4540 -704.0000000000
4559 -703.0000000000
4560 -702.0000000000
4573 -701.0000000000
4577 -700.0000000000
4585 -699.0000000000
4586 -698.0000000000
4600 -697.0000000000
4601 -696.0000000000
4603 -695.0000000000
4612 -694.0000000000
4629 -693.0000000000
4637 -692.0000000000
4641 -691.0000000000
4644 -690.0000000000
4646 -689.0000000000
4658 -688.0000000000
4684 -687.0000000000
4703 -686.0000000000
4704 -684.0000000000
4710 -683.0000000000
4714 -682.0000000000
4723 -681.0000000000
4726 -679.0000000000
4729 -677.0000000000
4730 -676.0000000000
4741 -675.0000000000
4750 -674.0000000000
4753 -673.0000000000
4754 -672.0000000000
4758 -671.0000000000
4770 -670.0000000000
4773 -669.0000000000
4776 -668.0000000000
4788 -667.0000000000
4789 -666.0000000000
4813 -665.0000000000
4823 -664.0000000000
4828 -663.0000000000
4833 -662.0000000000
4836 -661.0000000000
4840 -660.0000000000
4846 -659.0000000000
4857 -658.0000000000
4861 -657.0000000000
4862 -656.0000000000
4876 -655.0000000000
4886 -654.0000000000
4887 -653.0000000000
4897 -652.0000000000
4909 -651.0000000000
4923 -650.0000000000
4925 -649.0000000000
4940 -648.0000000000
4943 -647.0000000000
4948 -646.0000000000
4950 -645.0000000000
4953 -644.0000000000
4960 -643.0000000000
4961 -642.0000000000
4969 -641.0000000000
4972 -640.0000000000
4979 -639.0000000000
4980 -638.0000000000
4982 -637.0000000000
4999 -636.0000000000
5004 -635.0000000000
5014 -634.0000000000
5026 -633.0000000000
5033 -632.0000000000
5036 -631.0000000000
5049 -630.0000000000
5053 -629.0000000000
5055 -628.0000000000
5060 -627.0000000000
5063 -626.0000000000
5075 -624.0000000000
5114 -623.0000000000
5116 -622.0000000000
5120 -621.0000000000
5123 -620.0000000000
5137 -619.0000000000
5138 -618.0000000000
5139 -617.0000000000
5141 -616.0000000000
5142 -615.0000000000
5151 -614.0000000000
5153 -613.0000000000
5158 -612.0000000000
5182 -611.0000000000
5191 -610.0000000000
5207 -609.0000000000
5209 -608.0000000000
5211 -607.0000000000
5213 -606.0000000000
5216 -605.0000000000
5221 -604.0000000000
5226 -603.0000000000
5227 -602.0000000000
5233 -601.0000000000
5235 -600.0000000000
5241 -599.0000000000
5246 -598.0000000000
5273 -597.0000000000
5277 -596.0000000000
5296 -595.0000000000
5314 -594.0000000000
5316 -592.0000000000
5328 -591.0000000000
5334 -590.0000000000
5361 -589.0000000000
5363 -588.0000000000
5367 -587.0000000000
5374 -586.0000000000
5380 -585.0000000000
5381 -584.0000000000
5393 -583.0000000000
5402 -582.0000000000
5403 -581.0000000000
5406 -580.0000000000
5415 -579.0000000000
5419 -578.0000000000
5424 -577.0000000000
5434 -576.0000000000
5441 -575.0000000000
5454 -574.0000000000
5458 -573.0000000000
5459 -572.0000000000
5460 -571.0000000000
5462 -570.0000000000
5464 -569.0000000000
5468 -568.0000000000
5471 -567.0000000000
5479 -566.0000000000
5486 -565.0000000000
5499 -564.0000000000
5500 -563.0000000000
5505 -562.0000000000
5522 -561.0000000000
5524 -560.0000000000
5531 -559.0000000000
5546 -558.0000000000
5553 -557.0000000000
5557 -556.0000000000
5560 -555.0000000000
5563 -554.0000000000
5567 -553.0000000000
5581 -552.0000000000
5585 -551.0000000000
5588 -550.0000000000
5607 -549.0000000000
5610 -548.0000000000
5630 -547.0000000000
5642 -546.0000000000
5655 -545.0000000000
5669 -544.0000000000
5670 -543.0000000000
5681 -542.0000000000
5685 -541.0000000000
5722 -540.0000000000
5732 -539.0000000000
5736 -538.0000000000
5737 -537.0000000000
5740 -536.0000000000
5746 -535.0000000000
5748 -534.0000000000
5756 -533.0000000000
5769 -532.0000000000
5790 -531.0000000000
5798 -530.0000000000
5820 -529.0000000000
5844 -528.0000000000
5874 -527.0000000000
5886 -526.0000000000
5890 -525.0000000000
5924 -524.0000000000
5931 -523.0000000000
5934 -521.0000000000
5935 -520.0000000000
5955 -519.0000000000
5962 -518.0000000000
5970 -517.0000000000
5994 -515.0000000000
5996 -514.0000000000
6001 -513.0000000000
6007 -512.0000000000
6024 -511.0000000000
6025 -510.0000000000
6033 -509.0000000000
6042 -508.0000000000
6045 -507.0000000000
6047 -506.0000000000
6052 -505.0000000000
6054 -504.0000000000
6063 -503.0000000000
6074 -502.0000000000
6076 -501.0000000000
6083 -500.0000000000
6084 -499.0000000000
6108 -498.0000000000
6109 -497.0000000000
6117 -496.0000000000
6118 -495.0000000000
6119 -494.0000000000
6125 -493.0000000000
6131 -492.0000000000
6139 -491.0000000000
6143 -490.0000000000
6144 -488.0000000000
6163 -487.0000000000
6170 -486.0000000000
6172 -485.0000000000
6173 -484.0000000000
6186 -483.0000000000
6196 -482.0000000000
6202 -481.0000000000
6213 -480.0000000000
6227 -479.0000000000
6277 -478.0000000000
6281 -477.0000000000
6298 -476.0000000000
6311 -475.0000000000
6315 -474.0000000000
6317 -473.0000000000
6324 -472.0000000000
6334 -471.0000000000
6338 -470.0000000000
6374 -469.0000000000
6376 -468.0000000000
6380 -467.0000000000
6383 -466.0000000000
6389 -465.0000000000
6390 -464.0000000000
6396 -463.0000000000
6430 -462.0000000000
6434 -461.0000000000
6437 -460.0000000000
6468 -459.0000000000
6476 -458.0000000000
6478 -457.0000000000
6492 -456.0000000000
6498 -455.0000000000
6519 -454.0000000000
6540 -453.0000000000
6544 -452.0000000000
6552 -451.0000000000
6553 -450.0000000000
6556 -449.0000000000
6559 -448.0000000000
6565 -447.0000000000
6567 -446.0000000000
6569 -445.0000000000
6604 -444.0000000000
6606 -443.0000000000
6612 -442.0000000000
6618 -441.0000000000
6640 -440.0000000000
6645 -439.0000000000
6646 -438.0000000000
6653 -437.0000000000
6657 -436.0000000000
6664 -435.0000000000
6677 -434.0000000000
6683 -433.0000000000
6708 -432.0000000000
6725 -431.0000000000
6730 -430.0000000000
6744 -429.0000000000
6751 -428.0000000000
6754 -427.0000000000
6768 -426.0000000000
6774 -425.0000000000
6780 -424.0000000000
6783 -423.0000000000
6784 -422.0000000000
6794 -421.0000000000
6825 -420.0000000000
6833 -419.0000000000
6835 -418.0000000000
6859 -417.0000000000
6860 -416.0000000000
6862 -415.0000000000
6863 -414.0000000000
6865 -413.0000000000
6871 -412.0000000000
6875 -411.0000000000
6904 -410.0000000000
6912 -409.0000000000
6926 -408.0000000000
6942 -407.0000000000
6954 -406.0000000000
6977 -405.0000000000
6996 -404.0000000000
7016 -403.0000000000
7018 -402.0000000000
7021 -401.0000000000
7059 -400.0000000000
7092 -399.0000000000
7100 -398.0000000000
7108 -397.0000000000
7113 -396.0000000000
7135 -395.0000000000
7140 -394.0000000000
7145 -393.0000000000
7150 -392.0000000000
7163 -391.0000000000
7167 -390.0000000000
7193 -389.0000000000
7199 -388.0000000000
7230 -387.0000000000
7234 -386.0000000000
7248 -385.0000000000
7280 -384.0000000000
7301 -383.0000000000
7368 -382.0000000000
7369 -381.0000000000
7386 -380.0000000000
7393 -379.0000000000
7400 -378.0000000000
7433 -377.0000000000
7435 -376.0000000000
7452 -375.0000000000
7479 -374.0000000000
7486 -373.0000000000
7495 -372.0000000000
7522 -371.0000000000
7526 -370.0000000000
7529 -369.0000000000
7533 -368.0000000000
7538 -367.0000000000
7548 -366.0000000000
7559 -365.0000000000
7585 -364.0000000000
7601 -363.0000000000
7644 -362.0000000000
7656 -361.0000000000
7666 -360.0000000000
7669 -359.0000000000
7720 -358.0000000000
7727 -357.0000000000
7732 -356.0000000000
7747 -355.0000000000
7796 -354.0000000000
7807 -353.0000000000
7812 -352.0000000000
7814 -351.0000000000
7853 -350.0000000000
7865 -349.0000000000
7876 -348.0000000000
7894 -347.0000000000
7905 -346.0000000000
7918 -345.0000000000
7930 -344.0000000000
7958 -343.0000000000
7960 -342.0000000000
7970 -341.0000000000
8005 -340.0000000000
8029 -339.0000000000
8097 -338.0000000000
8100 -337.0000000000
8124 -336.0000000000
8125 -335.0000000000
8167 -334.0000000000
8173 -333.0000000000
8219 -332.0000000000
8263 -331.0000000000
8267 -330.0000000000
8276 -329.0000000000
8288 -328.0000000000
8292 -327.0000000000
8301 -326.0000000000
8305 -325.0000000000
8319 -324.0000000000
8345 -323.0000000000
8364 -322.0000000000
8366 -321.0000000000
8369 -320.0000000000
8382 -319.0000000000
8383 -318.0000000000
8387 -317.0000000000
8397 -316.0000000000
8399 -315.0000000000
8409 -314.0000000000
8411 -313.0000000000
8414 -312.0000000000
8448 -311.0000000000
8452 -310.0000000000
8474 -309.0000000000
8483 -308.0000000000
8493 -307.0000000000
8503 -306.0000000000
8514 -305.0000000000
8530 -304.0000000000
8573 -303.0000000000
8579 -302.0000000000
8602 -301.0000000000
8626 -300.0000000000
8630 -299.0000000000
8668 -298.0000000000
8673 -297.0000000000
8680 -296.0000000000
8682 -295.0000000000
8714 -294.0000000000
8720 -293.0000000000
8725 -292.0000000000
8788 -291.0000000000
8821 -290.0000000000
8828 -289.0000000000
8829 -288.0000000000
8830 -287.0000000000
8837 -286.0000000000
8846 -285.0000000000
8852 -284.0000000000
8853 -283.0000000000
8863 -282.0000000000
8872 -281.0000000000
8873 -280.0000000000
8888 -279.0000000000
8972 -278.0000000000
8983 -277.0000000000
8989 -276.0000000000
8994 -275.0000000000
9012 -274.0000000000
9024 -273.0000000000
9029 -272.0000000000
9037 -271.0000000000
9073 -270.0000000000
9077 -269.0000000000
9103 -268.0000000000
9121 -267.0000000000
9143 -266.0000000000
9152 -265.0000000000
9183 -264.0000000000
9242 -263.0000000000
9248 -262.0000000000
9250 -261.0000000000
9266 -260.0000000000
9321 -259.0000000000
9324 -258.0000000000
9330 -257.0000000000
9347 -256.0000000000
9350 -255.0000000000
9361 -254.0000000000
9362 -253.0000000000
9418 -252.0000000000
9442 -251.0000000000
9455 -250.0000000000
9482 -249.0000000000
9498 -248.0000000000
9502 -247.0000000000
9518 -246.0000000000
9525 -245.0000000000
9539 -244.0000000000
9585 -243.0000000000
9587 -242.0000000000
9725 -241.0000000000
9748 -240.0000000000
9784 -239.0000000000
9792 -238.0000000000
9810 -237.0000000000
9813 -236.0000000000
9819 -235.0000000000
9870 -234.0000000000
9886 -233.0000000000
9921 -232.0000000000
9933 -231.0000000000
9940 -230.0000000000
9989 -229.0000000000
10000 -230.0000000000
