# evaluation best
1 35.0
2 35.0
3 35.0
4 35.0
5 35.0
6 35.0
7 35.0
8 35.0
9 35.0
10 35.0
11 35.0
12 50.0
13 50.0
14 50.0
15 50.0
16 50.0
17 50.0
18 50.0
19 50.0
20 50.0
21 50.0
22 50.0
23 50.0
24 50.0
25 50.0
26 50.0
27 50.0
28 50.0
29 50.0
30 50.0
31 50.0
32 50.0
33 50.0
34 50.0
35 50.0
36 50.0
37 50.0
38 50.0
39 50.0
40 50.0
41 50.0
42 50.0
43 50.0
44 50.0
45 50.0
46 50.0
47 50.0
48 50.0
49 50.0
50 50.0
51 50.0
52 50.0
53 50.0
54 50.0
55 50.0
56 50.0
57 50.0
58 50.0
59 50.0
60 50.0
61 50.0
62 50.0
63 50.0
64 50.0
65 50.0
66 50.0
67 50.0
68 50.0
69 50.0
70 50.0
71 50.0
72 50.0
73 50.0
74 50.0
75 50.0
76 50.0
77 50.0
78 50.0
79 50.0
80 50.0
81 50.0
82 50.0
83 50.0
84 50.0
85 50.0
86 50.0
87 50.0
88 50.0
89 50.0
90 50.0
91 50.0
92 50.0
93 50.0
94 50.0
95 50.0
96 50.0
97 50.0
98 50.0
99 50.0
100 50.0
101 50.0
102 50.0
103 50.0
104 50.0
105 50.0
106 50.0
107 50.0
108 50.0
109 50.0
110 50.0
111 50.0
112 50.0
113 50.0
114 50.0
115 50.0
116 50.0
117 50.0
118 50.0
119 50.0
120 50.0
121 50.0
122 50.0
123 50.0
124 50.0
125 50.0
126 50.0
127 50.0
128 51.0
129 51.0
130 51.0
131 51.0
132 51.0
133 51.0
134 51.0
135 51.0
136 51.0
137 51.0
138 51.0
139 51.0
140 51.0
141 51.0
142 51.0
143 51.0
144 51.0
145 51.0
146 51.0
147 51.0
148 51.0
149 51.0
150 51.0
151 51.0
152 51.0
153 51.0
154 51.0
155 51.0
156 51.0
157 51.0
158 51.0
159 51.0
160 51.0
161 51.0
162 51.0
163 51.0
164 51.0
165 51.0
166 53.0
167 53.0
168 53.0
169 53.0
170 53.0
171 53.0
172 53.0
173 53.0
174 53.0
175 53.0
176 53.0
177 53.0
178 53.0
179 53.0
180 53.0
181 53.0
182 53.0
183 53.0
184 53.0
185 53.0
186 53.0
187 53.0
188 53.0
189 53.0
190 53.0
191 53.0
192 53.0
193 53.0
194 53.0
195 53.0
196 53.0
197 53.0
198 53.0
199 53.0
200 53.0
201 53.0
202 53.0
203 53.0
204 53.0
205 53.0
206 53.0
207 53.0
208 53.0
209 53.0
210 53.0
211 53.0
212 53.0
213 53.0
214 53.0
215 53.0
216 53.0
217 53.0
218 53.0
219 53.0
220 53.0
221 53.0
222 53.0
223 53.0
224 53.0
225 53.0
226 53.0
227 53.0
228 53.0
229 53.0
230 53.0
231 53.0
232 53.0
233 53.0
234 53.0
235 53.0
236 53.0
237 53.0
238 53.0
239 53.0
240 53.0
241 53.0
242 53.0
243 53.0
244 53.0
245 53.0
246 53.0
247 53.0
248 53.0
249 53.0
250 53.0
251 53.0
252 53.0
253 53.0
254 53.0
255 53.0
256 53.0
257 53.0
258 53.0
259 53.0
260 53.0
261 53.0
262 53.0
263 53.0
264 53.0
265 53.0
266 53.0
267 53.0
268 53.0
269 53.0
270 53.0
271 53.0
272 53.0
273 53.0
274 53.0
275 53.0
276 53.0
277 53.0
278 53.0
279 53.0
280 53.0
281 53.0
282 53.0
283 53.0
284 53.0
285 53.0
286 53.0
287 53.0
288 53.0
289 53.0
290 53.0
291 53.0
292 53.0
293 53.0
294 53.0
295 53.0
296 53.0
297 53.0
298 53.0
299 53.0
300 53.0
301 53.0
302 53.0
303 53.0
304 53.0
305 53.0
306 53.0
307 53.0
308 53.0
309 53.0
310 53.0
311 53.0
312 53.0
313 53.0
314 53.0
315 53.0
316 53.0
317 53.0
318 53.0
319 53.0
320 53.0
321 53.0
322 53.0
323 53.0
324 53.0
325 53.0
326 53.0
327 53.0
328 53.0
329 53.0
330 53.0
331 53.0
332 53.0
333 53.0
334 53.0
335 53.0
336 53.0
337 53.0
338 53.0
339 53.0
340 53.0
341 53.0
342 53.0
343 53.0
344 53.0
345 53.0
346 53.0
347 53.0
348 53.0
349 53.0
350 53.0
351 53.0
352 53.0
353 53.0
354 53.0
355 53.0
356 53.0
357 53.0
358 53.0
359 53.0
360 53.0
361 53.0
362 53.0
363 53.0
364 53.0
365 53.0
366 53.0
367 53.0
368 53.0
369 53.0
370 53.0
371 53.0
372 53.0
373 53.0
374 53.0
375 53.0
376 53.0
377 53.0
378 53.0
379 53.0
380 53.0
381 53.0
382 53.0
383 53.0
384 53.0
385 53.0
386 53.0
387 53.0
388 53.0
389 53.0
390 53.0
391 53.0
392 53.0
393 53.0
394 53.0
395 53.0
396 53.0
397 53.0
398 53.0
399 53.0
400 53.0
401 53.0
402 53.0
403 53.0
404 53.0
405 53.0
406 53.0
407 53.0
408 53.0
409 53.0
410 53.0
411 53.0
412 53.0
413 53.0
414 53.0
415 53.0
416 53.0
417 53.0
418 53.0
419 53.0
420 53.0
421 53.0
422 53.0
423 53.0
424 53.0
425 53.0
426 53.0
427 53.0
428 53.0
429 53.0
430 53.0
431 53.0
432 53.0
433 53.0
434 53.0
435 53.0
436 53.0
437 53.0
438 53.0
439 53.0
440 53.0
441 53.0
442 53.0
443 53.0
444 53.0
445 53.0
446 53.0
447 53.0
448 53.0
449 53.0
450 53.0
451 53.0
452 53.0
453 53.0
454 53.0
455 53.0
456 53.0
457 53.0
458 53.0
459 53.0
460 53.0
461 53.0
462 53.0
463 53.0
464 53.0
465 53.0
466 53.0
467 53.0
468 53.0
469 53.0
470 53.0
471 53.0
472 53.0
473 53.0
474 53.0
475 53.0
476 53.0
477 53.0
478 53.0
479 53.0
480 53.0
481 53.0
482 53.0
483 53.0
484 53.0
485 53.0
486 53.0
487 53.0
488 53.0
489 53.0
490 53.0
491 53.0
492 53.0
493 53.0
494 53.0
495 53.0
496 53.0
497 53.0
498 53.0
499 53.0
500 53.0
501 53.0
502 53.0
503 53.0
504 53.0
505 53.0
506 53.0
507 53.0
508 53.0
509 53.0
510 53.0
511 53.0
512 53.0
513 53.0
514 53.0
515 53.0
516 53.0
517 53.0
518 53.0
519 53.0
520 53.0
521 53.0
522 53.0
523 53.0
524 53.0
525 53.0
526 53.0
527 53.0
528 53.0
529 53.0
530 53.0
531 53.0
532 53.0
533 53.0
534 53.0
535 53.0
536 53.0
537 53.0
538 53.0
539 53.0
540 53.0
541 53.0
542 53.0
543 53.0
544 53.0
545 53.0
546 53.0
547 53.0
548 53.0
549 53.0
550 53.0
551 53.0
552 53.0
553 53.0
554 53.0
555 53.0
556 53.0
557 53.0
558 53.0
559 53.0
560 53.0
561 53.0
562 53.0
563 53.0
564 53.0
565 53.0
566 53.0
567 53.0
568 53.0
569 53.0
570 53.0
571 53.0
572 53.0
573 53.0
574 53.0
575 53.0
576 53.0
577 53.0
578 53.0
579 53.0
580 53.0
581 53.0
582 53.0
583 53.0
584 53.0
585 53.0
586 53.0
587 53.0
588 53.0
589 53.0
590 53.0
591 53.0
592 53.0
593 53.0
594 53.0
595 53.0
596 53.0
597 53.0
598 53.0
599 53.0
600 53.0
601 53.0
602 53.0
603 53.0
604 53.0
605 53.0
606 53.0
607 53.0
608 53.0
609 53.0
610 53.0
611 53.0
612 53.0
613 53.0
614 53.0
615 53.0
616 53.0
617 53.0
618 53.0
619 53.0
620 53.0
621 53.0
622 53.0
623 53.0
624 57.0
625 57.0
626 57.0
627 57.0
628 57.0
629 57.0
630 57.0
631 57.0
632 57.0
633 57.0
634 57.0
635 57.0
636 57.0
637 57.0
638 57.0
639 57.0
640 57.0
641 57.0
642 57.0
643 57.0
644 57.0
645 57.0
646 57.0
647 57.0
648 57.0
649 57.0
650 57.0
651 57.0
652 57.0
653 57.0
654 57.0
655 57.0
656 57.0
657 57.0
658 57.0
659 57.0
660 57.0
661 57.0
662 57.0
663 57.0
664 57.0
665 57.0
666 57.0
667 57.0
668 57.0
669 57.0
670 57.0
671 57.0
672 57.0
673 57.0
674 57.0
675 57.0
676 57.0
677 57.0
678 57.0
679 57.0
680 57.0
681 57.0
682 57.0
683 57.0
684 57.0
685 57.0
686 57.0
687 57.0
688 57.0
689 57.0
690 57.0
691 57.0
692 57.0
693 57.0
694 57.0
695 57.0
696 57.0
697 57.0
698 57.0
699 57.0
700 57.0
701 57.0
702 57.0
703 57.0
704 57.0
705 57.0
706 57.0
707 57.0
708 57.0
709 57.0
710 57.0
711 57.0
712 57.0
713 57.0
714 57.0
715 57.0
716 57.0
717 57.0
718 57.0
719 57.0
720 57.0
721 57.0
722 57.0
723 57.0
724 57.0
725 57.0
726 57.0
727 57.0
728 57.0
729 57.0
730 57.0
731 57.0
732 57.0
733 57.0
734 57.0
735 57.0
736 57.0
737 57.0
738 57.0
739 57.0
740 57.0
741 57.0
742 57.0
743 57.0
744 57.0
745 57.0
746 57.0
747 57.0
748 57.0
749 57.0
750 57.0
751 57.0
752 57.0
753 57.0
754 57.0
755 57.0
756 57.0
757 57.0
758 57.0
759 57.0
760 57.0
761 57.0
762 57.0
763 57.0
764 57.0
765 57.0
766 57.0
767 57.0
768 57.0
769 57.0
770 57.0
771 57.0
772 57.0
773 57.0
774 57.0
775 57.0
776 57.0
777 57.0
778 57.0
779 57.0
780 57.0
781 57.0
782 57.0
783 57.0
784 57.0
785 57.0
786 57.0
787 57.0
788 57.0
789 57.0
790 57.0
791 57.0
792 57.0
793 57.0
794 57.0
795 57.0
796 57.0
797 57.0
798 57.0
799 57.0
800 57.0
801 57.0
802 57.0
803 57.0
804 57.0
805 57.0
806 57.0
807 57.0
808 57.0
809 57.0
810 57.0
811 57.0
812 57.0
813 57.0
814 57.0
815 57.0
816 57.0
817 57.0
818 57.0
819 57.0
820 57.0
821 57.0
822 57.0
823 57.0
824 57.0
825 57.0
826 57.0
827 57.0
828 57.0
829 57.0
830 57.0
831 57.0
832 57.0
833 57.0
834 57.0
835 57.0
836 57.0
837 57.0
838 57.0
839 57.0
840 57.0
841 57.0
842 57.0
843 57.0
844 57.0
845 57.0
846 57.0
847 57.0
848 57.0
849 57.0
850 57.0
851 57.0
852 57.0
853 57.0
854 57.0
855 57.0
856 57.0
857 57.0
858 57.0
859 57.0
860 57.0
861 57.0
862 57.0
863 57.0
864 57.0
865 57.0
866 57.0
867 57.0
868 57.0
869 57.0
870 57.0
871 57.0
872 57.0
873 57.0
874 57.0
875 57.0
876 57.0
877 57.0
878 57.0
879 57.0
880 57.0
881 57.0
882 57.0
883 57.0
884 57.0
885 57.0
886 57.0
887 57.0
888 57.0
889 57.0
890 57.0
891 57.0
892 57.0
893 57.0
894 57.0
895 57.0
896 57.0
897 57.0
898 57.0
899 57.0
900 57.0
901 57.0
902 57.0
903 57.0
904 57.0
905 57.0
906 57.0
907 57.0
908 57.0
909 57.0
910 57.0
911 57.0
912 57.0
913 57.0
914 60.0
915 60.0
916 60.0
917 60.0
918 60.0
919 60.0
920 60.0
921 60.0
922 60.0
923 60.0
924 60.0
925 60.0
926 60.0
927 60.0
928 60.0
929 60.0
930 60.0
931 60.0
932 60.0
933 60.0
934 60.0
935 60.0
936 60.0
937 60.0
938 60.0
939 60.0
940 60.0
941 60.0
942 60.0
943 60.0
944 60.0
945 60.0
946 60.0
947 60.0
948 60.0
949 60.0
950 60.0
951 60.0
952 60.0
953 60.0
954 60.0
955 60.0
956 60.0
957 60.0
958 60.0
959 60.0
960 60.0
961 60.0
962 60.0
963 60.0
964 60.0
965 60.0
966 60.0
967 60.0
968 60.0
969 60.0
970 60.0
971 60.0
972 60.0
973 60.0
974 60.0
975 60.0
976 60.0
977 60.0
978 60.0
979 60.0
980 60.0
981 60.0
982 60.0
983 60.0
984 60.0
985 60.0
986 60.0
987 60.0
988 60.0
989 60.0
990 60.0
991 60.0
992 60.0
993 60.0
994 60.0
995 60.0
996 60.0
997 60.0
998 60.0
999 60.0
1000 60.0
1001 60.0
1002 60.0
1003 60.0
1004 60.0
1005 60.0
1006 60.0
1007 60.0
1008 60.0
1009 60.0
1010 60.0
1011 60.0
1012 60.0
1013 60.0
1014 60.0
1015 60.0
1016 60.0
1017 60.0
1018 60.0
1019 60.0
1020 60.0
1021 60.0
1022 60.0
1023 60.0
1024 60.0
1025 60.0
1026 60.0
1027 60.0
1028 60.0
1029 60.0
1030 60.0
1031 60.0
1032 60.0
1033 60.0
1034 60.0
1035 60.0
1036 60.0
1037 60.0
1038 60.0
1039 60.0
1040 60.0
1041 60.0
1042 60.0
1043 60.0
1044 60.0
1045 60.0
1046 60.0
1047 60.0
1048 60.0
1049 60.0
1050 60.0
1051 60.0
1052 60.0
1053 60.0
1054 60.0
1055 60.0
1056 60.0
1057 60.0
1058 60.0
1059 60.0
1060 60.0
1061 60.0
1062 60.0
1063 60.0
1064 60.0
1065 60.0
1066 60.0
1067 60.0
1068 60.0
1069 60.0
1070 60.0
1071 60.0
1072 60.0
1073 60.0
1074 60.0
1075 60.0
1076 60.0
1077 60.0
1078 60.0
1079 60.0
1080 60.0
1081 60.0
1082 60.0
1083 60.0
1084 60.0
1085 60.0
1086 60.0
1087 60.0
1088 60.0
1089 60.0
1090 60.0
1091 60.0
1092 60.0
1093 60.0
1094 60.0
1095 60.0
1096 60.0
1097 60.0
1098 60.0
1099 60.0
1100 60.0
1101 60.0
1102 60.0
1103 60.0
1104 60.0
1105 60.0
1106 60.0
1107 60.0
1108 60.0
1109 60.0
1110 60.0
1111 60.0
1112 60.0
1113 60.0
1114 60.0
1115 60.0
1116 60.0
1117 60.0
1118 60.0
1119 60.0
1120 60.0
1121 60.0
1122 60.0
1123 60.0
1124 60.0
1125 60.0
1126 60.0
1127 60.0
1128 60.0
1129 60.0
1130 60.0
1131 60.0
1132 60.0
1133 60.0
1134 60.0
1135 60.0
1136 60.0
1137 60.0
1138 60.0
1139 60.0
1140 60.0
1141 60.0
1142 60.0
1143 60.0
1144 60.0
1145 60.0
1146 60.0
1147 60.0
1148 60.0
1149 60.0
1150 60.0
1151 60.0
1152 60.0
1153 60.0
1154 60.0
1155 60.0
1156 60.0
1157 60.0
1158 60.0
1159 60.0
1160 60.0
1161 60.0
1162 60.0
1163 60.0
1164 60.0
1165 60.0
1166 60.0
1167 60.0
1168 60.0
1169 60.0
1170 60.0
1171 60.0
1172 60.0
1173 60.0
1174 60.0
1175 60.0
1176 60.0
1177 60.0
1178 60.0
1179 60.0
1180 60.0
1181 60.0
1182 60.0
1183 60.0
1184 60.0
1185 60.0
1186 60.0
1187 60.0
1188 60.0
1189 60.0
1190 60.0
1191 60.0
1192 60.0
1193 60.0
1194 60.0
1195 60.0
1196 60.0
1197 60.0
1198 60.0
1199 60.0
1200 60.0
1201 60.0
1202 60.0
1203 60.0
1204 60.0
1205 60.0
1206 60.0
1207 60.0
1208 60.0
1209 60.0
1210 60.0
1211 60.0
1212 60.0
1213 60.0
1214 60.0
1215 60.0
1216 60.0
1217 60.0
1218 60.0
1219 60.0
1220 60.0
1221 60.0
1222 60.0
1223 60.0
1224 60.0
1225 60.0
1226 60.0
1227 60.0
1228 60.0
1229 60.0
1230 60.0
1231 60.0
1232 60.0
1233 60.0
1234 60.0
1235 60.0
1236 60.0
1237 60.0
1238 60.0
1239 60.0
1240 60.0
1241 60.0
1242 60.0
1243 60.0
1244 60.0
1245 60.0
1246 60.0
1247 60.0
1248 60.0
1249 60.0
1250 60.0
1251 60.0
1252 60.0
1253 60.0
1254 60.0
1255 60.0
1256 60.0
1257 60.0
1258 60.0
1259 60.0
1260 60.0
1261 60.0
1262 60.0
1263 60.0
1264 60.0
1265 60.0
1266 60.0
1267 60.0
1268 60.0
1269 60.0
1270 60.0
1271 60.0
1272 60.0
1273 60.0
1274 60.0
1275 60.0
1276 60.0
1277 60.0
1278 60.0
1279 60.0
1280 60.0
1281 60.0
1282 60.0
1283 60.0
1284 60.0
1285 60.0
1286 60.0
1287 60.0
1288 60.0
1289 60.0
1290 60.0
1291 60.0
1292 60.0
1293 60.0
1294 60.0
1295 60.0
1296 60.0
1297 60.0
1298 60.0
1299 60.0
1300 60.0
1301 60.0
1302 60.0
1303 60.0
1304 60.0
1305 60.0
1306 60.0
1307 60.0
1308 60.0
1309 60.0
1310 60.0
1311 60.0
1312 60.0
1313 60.0
1314 60.0
1315 60.0
1316 60.0
1317 60.0
1318 60.0
1319 60.0
1320 60.0
1321 60.0
1322 60.0
1323 60.0
1324 60.0
1325 60.0
1326 60.0
1327 60.0
1328 60.0
1329 60.0
1330 60.0
1331 60.0
1332 60.0
1333 60.0
1334 60.0
1335 60.0
1336 60.0
1337 60.0
1338 60.0
1339 60.0
1340 60.0
1341 60.0
1342 60.0
1343 60.0
1344 60.0
1345 60.0
1346 60.0
1347 60.0
1348 60.0
1349 60.0
1350 60.0
1351 60.0
1352 60.0
1353 60.0
1354 60.0
1355 60.0
1356 60.0
1357 60.0
1358 60.0
1359 60.0
1360 60.0
1361 60.0
1362 60.0
1363 60.0
1364 60.0
1365 60.0
1366 60.0
1367 60.0
1368 60.0
1369 60.0
1370 60.0
1371 60.0
1372 60.0
1373 60.0
1374 60.0
1375 60.0
1376 60.0
1377 60.0
1378 60.0
1379 60.0
1380 60.0
1381 60.0
1382 60.0
1383 60.0
1384 60.0
1385 60.0
1386 60.0
1387 60.0
1388 60.0
1389 60.0
1390 60.0
1391 60.0
1392 60.0
1393 60.0
1394 60.0
1395 60.0
1396 60.0
1397 60.0
1398 60.0
1399 60.0
1400 60.0
1401 60.0
1402 60.0
1403 60.0
1404 60.0
1405 60.0
1406 60.0
1407 60.0
1408 60.0
1409 60.0
1410 60.0
1411 60.0
1412 60.0
1413 60.0
1414 60.0
1415 60.0
1416 60.0
1417 60.0
1418 60.0
1419 60.0
1420 60.0
1421 60.0
1422 60.0
1423 60.0
1424 60.0
1425 60.0
1426 60.0
1427 60.0
1428 60.0
1429 60.0
1430 60.0
1431 60.0
1432 60.0
1433 60.0
1434 60.0
1435 60.0
1436 60.0
1437 60.0
1438 60.0
1439 60.0
1440 60.0
1441 60.0
1442 60.0
1443 60.0
1444 60.0
1445 60.0
1446 60.0
1447 60.0
1448 60.0
1449 60.0
1450 60.0
1451 60.0
1452 60.0
1453 60.0
1454 60.0
1455 60.0
1456 60.0
1457 60.0
1458 60.0
1459 60.0
1460 60.0
1461 60.0
1462 60.0
1463 60.0
1464 60.0
1465 60.0
1466 60.0
1467 60.0
1468 60.0
1469 60.0
1470 60.0
1471 60.0
1472 60.0
1473 60.0
1474 60.0
1475 60.0
1476 60.0
1477 60.0
1478 60.0
1479 60.0
1480 60.0
1481 60.0
1482 60.0
1483 60.0
1484 60.0
1485 60.0
1486 60.0
1487 60.0
1488 60.0
1489 60.0
1490 60.0
1491 60.0
1492 60.0
1493 60.0
1494 60.0
1495 60.0
1496 60.0
1497 60.0
1498 60.0
1499 60.0
1500 60.0
1501 60.0
1502 60.0
1503 60.0
1504 60.0
1505 60.0
1506 60.0
1507 60.0
1508 60.0
1509 60.0
1510 60.0
1511 60.0
1512 60.0
1513 60.0
1514 60.0
1515 60.0
1516 60.0
1517 60.0
1518 60.0
1519 60.0
1520 60.0
1521 60.0
1522 60.0
1523 60.0
1524 60.0
1525 60.0
1526 60.0
1527 60.0
1528 60.0
1529 60.0
1530 60.0
1531 60.0
1532 60.0
1533 60.0
1534 60.0
1535 60.0
1536 60.0
1537 60.0
1538 60.0
1539 60.0
1540 60.0
1541 60.0
1542 60.0
1543 60.0
1544 60.0
1545 60.0
1546 60.0
1547 60.0
1548 60.0
1549 60.0
1550 60.0
1551 60.0
1552 60.0
1553 60.0
1554 60.0
1555 60.0
1556 60.0
1557 60.0
1558 60.0
1559 60.0
1560 60.0
1561 60.0
1562 60.0
1563 60.0
1564 60.0
1565 60.0
1566 60.0
1567 60.0
1568 60.0
1569 60.0
1570 60.0
1571 60.0
1572 60.0
1573 60.0
1574 60.0
1575 60.0
1576 60.0
1577 60.0
1578 60.0
1579 60.0
1580 60.0
1581 60.0
1582 60.0
1583 60.0
1584 60.0
1585 60.0
1586 60.0
1587 60.0
1588 60.0
1589 60.0
1590 60.0
1591 60.0
1592 60.0
1593 60.0
1594 60.0
1595 60.0
1596 60.0
1597 60.0
1598 60.0
1599 60.0
1600 60.0
1601 60.0
1602 60.0
1603 60.0
1604 60.0
1605 60.0
1606 60.0
1607 60.0
1608 60.0
1609 60.0
1610 60.0
1611 60.0
1612 60.0
1613 60.0
1614 60.0
1615 60.0
1616 60.0
1617 60.0
1618 60.0
1619 60.0
1620 60.0
1621 60.0
1622 60.0
1623 60.0
1624 60.0
1625 60.0
1626 60.0
1627 60.0
1628 60.0
1629 60.0
1630 60.0
1631 60.0
1632 60.0
1633 60.0
1634 60.0
1635 60.0
1636 60.0
1637 60.0
1638 60.0
1639 60.0
1640 60.0
1641 60.0
1642 60.0
1643 60.0
1644 60.0
1645 60.0
1646 60.0
1647 60.0
1648 60.0
1649 60.0
1650 60.0
1651 60.0
1652 60.0
1653 60.0
1654 60.0
1655 60.0
1656 60.0
1657 60.0
1658 60.0
1659 60.0
1660 60.0
1661 60.0
1662 60.0
1663 60.0
1664 60.0
1665 60.0
1666 60.0
1667 60.0
1668 60.0
1669 60.0
1670 60.0
1671 60.0
1672 60.0
1673 60.0
1674 60.0
1675 60.0
1676 60.0
1677 60.0
1678 60.0
1679 60.0
1680 60.0
1681 60.0
1682 60.0
1683 60.0
1684 60.0
1685 60.0
1686 60.0
1687 60.0
1688 60.0
1689 60.0
1690 60.0
1691 60.0
1692 60.0
1693 60.0
1694 60.0
1695 60.0
1696 60.0
1697 60.0
1698 60.0
1699 60.0
1700 60.0
1701 60.0
1702 60.0
1703 60.0
1704 60.0
1705 60.0
1706 60.0
1707 60.0
1708 60.0
1709 60.0
1710 60.0
1711 60.0
1712 60.0
1713 60.0
1714 60.0
1715 60.0
1716 60.0
1717 60.0
1718 60.0
1719 60.0
1720 60.0
1721 60.0
1722 60.0
1723 60.0
1724 60.0
1725 60.0
1726 60.0
1727 60.0
1728 60.0
1729 60.0
1730 60.0
1731 60.0
1732 60.0
1733 60.0
1734 60.0
1735 60.0
1736 60.0
1737 60.0
1738 60.0
1739 60.0
1740 60.0
1741 60.0
1742 60.0
1743 60.0
1744 60.0
1745 60.0
1746 60.0
1747 60.0
1748 60.0
1749 60.0
1750 60.0
1751 60.0
1752 60.0
1753 60.0
1754 60.0
1755 60.0
1756 60.0
1757 60.0
1758 60.0
1759 60.0
1760 60.0
1761 60.0
1762 60.0
1763 60.0
1764 60.0
1765 60.0
1766 60.0
1767 60.0
1768 60.0
1769 60.0
1770 60.0
1771 60.0
1772 60.0
1773 60.0
1774 60.0
1775 60.0
1776 60.0
1777 60.0
1778 60.0
1779 60.0
1780 60.0
1781 60.0
1782 60.0
1783 60.0
1784 60.0
1785 60.0
1786 60.0
1787 60.0
1788 60.0
1789 60.0
1790 60.0
1791 60.0
1792 60.0
1793 60.0
1794 63.0
1795 63.0
1796 63.0
1797 63.0
1798 63.0
1799 63.0
1800 63.0
1801 63.0
1802 63.0
1803 63.0
1804 63.0
1805 63.0
1806 63.0
1807 63.0
1808 63.0
1809 63.0
1810 63.0
1811 63.0
1812 63.0
1813 63.0
1814 63.0
1815 63.0
1816 63.0
1817 63.0
1818 63.0
1819 63.0
1820 63.0
1821 63.0
1822 63.0
1823 63.0
1824 63.0
1825 63.0
1826 63.0
1827 63.0
1828 63.0
1829 63.0
1830 63.0
1831 63.0
1832 63.0
1833 63.0
1834 63.0
1835 63.0
1836 63.0
1837 63.0
1838 63.0
1839 63.0
1840 63.0
1841 63.0
1842 63.0
1843 63.0
1844 63.0
1845 63.0
1846 63.0
1847 63.0
1848 63.0
1849 63.0
1850 63.0
1851 63.0
1852 63.0
1853 63.0
1854 63.0
1855 63.0
1856 63.0
1857 63.0
1858 63.0
1859 63.0
1860 63.0
1861 63.0
1862 63.0
1863 63.0
1864 63.0
1865 63.0
1866 63.0
1867 63.0
1868 63.0
1869 63.0
1870 63.0
1871 63.0
1872 63.0
1873 63.0
1874 63.0
1875 63.0
1876 63.0
1877 63.0
1878 63.0
1879 63.0
1880 63.0
1881 63.0
1882 63.0
1883 63.0
1884 63.0
1885 63.0
1886 63.0
1887 63.0
1888 63.0
1889 63.0
1890 63.0
1891 63.0
1892 63.0
1893 63.0
1894 63.0
1895 63.0
1896 63.0
1897 63.0
1898 63.0
1899 64.0
1900 64.0
1901 64.0
1902 64.0
1903 64.0
1904 64.0
1905 64.0
1906 64.0
1907 64.0
1908 64.0
1909 64.0
1910 64.0
1911 64.0
1912 64.0
1913 64.0
1914 64.0
1915 64.0
1916 64.0
1917 64.0
1918 64.0
1919 64.0
1920 64.0
1921 64.0
1922 64.0
1923 64.0
1924 64.0
1925 64.0
1926 64.0
1927 64.0
1928 64.0
1929 64.0
1930 64.0
1931 64.0
1932 64.0
1933 64.0
1934 64.0
1935 64.0
1936 64.0
1937 64.0
1938 64.0
1939 64.0
1940 64.0
1941 64.0
1942 64.0
1943 64.0
1944 64.0
1945 64.0
1946 64.0
1947 64.0
1948 64.0
1949 64.0
1950 64.0
1951 64.0
1952 64.0
1953 64.0
1954 64.0
1955 64.0
1956 64.0
1957 64.0
1958 64.0
1959 64.0
1960 64.0
1961 64.0
1962 64.0
1963 64.0
1964 64.0
1965 64.0
1966 64.0
1967 64.0
1968 64.0
1969 64.0
1970 64.0
1971 64.0
1972 64.0
1973 64.0
1974 64.0
1975 64.0
1976 64.0
1977 64.0
1978 64.0
1979 64.0
1980 64.0
1981 64.0
1982 64.0
1983 64.0
1984 64.0
1985 64.0
1986 64.0
1987 64.0
1988 64.0
1989 64.0
1990 64.0
1991 64.0
1992 64.0
1993 64.0
1994 64.0
1995 64.0
1996 64.0
1997 64.0
1998 64.0
1999 64.0
2000 64.0
2001 64.0
2002 64.0
2003 64.0
2004 64.0
2005 64.0
2006 64.0
2007 64.0
2008 64.0
2009 64.0
2010 64.0
2011 64.0
2012 64.0
2013 64.0
2014 64.0
2015 64.0
2016 64.0
2017 64.0
2018 64.0
2019 64.0
2020 64.0
2021 64.0
2022 64.0
2023 64.0
2024 64.0
2025 64.0
2026 64.0
2027 64.0
2028 64.0
2029 64.0
2030 64.0
2031 64.0
2032 64.0
2033 64.0
2034 64.0
2035 64.0
2036 64.0
2037 64.0
2038 64.0
2039 64.0
2040 64.0
2041 64.0
2042 64.0
2043 64.0
2044 64.0
2045 64.0
2046 64.0
2047 64.0
2048 64.0
2049 64.0
2050 64.0
2051 64.0
2052 64.0
2053 64.0
2054 64.0
2055 64.0
2056 64.0
2057 64.0
2058 64.0
2059 64.0
2060 64.0
2061 64.0
2062 64.0
2063 64.0
2064 64.0
2065 64.0
2066 64.0
2067 64.0
2068 64.0
2069 64.0
2070 64.0
2071 64.0
2072 64.0
2073 64.0
2074 64.0
2075 64.0
2076 64.0
2077 64.0
2078 64.0
2079 64.0
2080 64.0
2081 64.0
2082 64.0
2083 64.0
2084 64.0
2085 64.0
2086 64.0
2087 64.0
2088 64.0
2089 64.0
2090 64.0
2091 64.0
2092 64.0
2093 64.0
2094 64.0
2095 64.0
2096 64.0
2097 64.0
2098 64.0
2099 64.0
2100 64.0
2101 64.0
2102 64.0
2103 64.0
2104 64.0
2105 64.0
2106 64.0
2107 64.0
2108 64.0
2109 64.0
2110 64.0
2111 64.0
2112 64.0
2113 64.0
2114 64.0
2115 64.0
2116 64.0
2117 64.0
2118 64.0
2119 64.0
2120 64.0
2121 64.0
2122 64.0
2123 64.0
2124 64.0
2125 64.0
2126 64.0
2127 64.0
2128 64.0
2129 64.0
2130 64.0
2131 64.0
2132 64.0
2133 64.0
2134 64.0
2135 64.0
2136 64.0
2137 64.0
2138 64.0
2139 64.0
2140 64.0
2141 64.0
2142 64.0
2143 64.0
2144 64.0
2145 64.0
2146 64.0
2147 64.0
2148 64.0
2149 64.0
2150 64.0
2151 64.0
2152 64.0
2153 64.0
2154 64.0
2155 64.0
2156 64.0
2157 64.0
2158 64.0
2159 64.0
2160 64.0
2161 64.0
2162 64.0
2163 64.0
2164 64.0
2165 64.0
2166 64.0
2167 64.0
2168 64.0
2169 64.0
2170 64.0
2171 64.0
2172 64.0
2173 64.0
2174 64.0
2175 64.0
2176 64.0
2177 64.0
2178 64.0
2179 64.0
2180 64.0
2181 64.0
2182 64.0
2183 64.0
2184 64.0
2185 64.0
2186 64.0
2187 64.0
2188 64.0
2189 64.0
2190 64.0
2191 64.0
2192 64.0
2193 64.0
2194 64.0
2195 64.0
2196 64.0
2197 64.0
2198 64.0
2199 64.0
2200 64.0
2201 64.0
2202 64.0
2203 64.0
2204 64.0
2205 64.0
2206 64.0
2207 64.0
2208 64.0
2209 64.0
2210 64.0
2211 64.0
2212 64.0
2213 64.0
2214 64.0
2215 64.0
2216 64.0
2217 64.0
2218 64.0
2219 64.0
2220 64.0
2221 64.0
2222 64.0
2223 64.0
2224 64.0
2225 64.0
2226 64.0
2227 64.0
2228 64.0
2229 64.0
2230 64.0
2231 64.0
2232 64.0
2233 64.0
2234 64.0
2235 64.0
2236 64.0
2237 64.0
2238 64.0
2239 64.0
2240 64.0
2241 64.0
2242 64.0
2243 64.0
2244 64.0
2245 64.0
2246 64.0
2247 64.0
2248 64.0
2249 64.0
2250 64.0
2251 64.0
2252 64.0
2253 64.0
2254 64.0
2255 64.0
2256 64.0
2257 64.0
2258 64.0
2259 64.0
2260 64.0
2261 64.0
2262 64.0
2263 64.0
2264 64.0
2265 64.0
2266 64.0
2267 64.0
2268 64.0
2269 64.0
2270 64.0
2271 64.0
2272 64.0
2273 64.0
2274 64.0
2275 64.0
2276 64.0
2277 64.0
2278 64.0
2279 64.0
2280 64.0
2281 64.0
2282 64.0
2283 64.0
2284 64.0
2285 64.0
2286 64.0
2287 64.0
2288 64.0
2289 64.0
2290 64.0
2291 64.0
2292 64.0
2293 64.0
2294 64.0
2295 64.0
2296 64.0
2297 64.0
2298 64.0
2299 64.0
2300 64.0
2301 64.0
2302 64.0
2303 64.0
2304 64.0
2305 64.0
2306 64.0
2307 64.0
2308 64.0
2309 64.0
2310 64.0
2311 64.0
2312 64.0
2313 64.0
2314 64.0
2315 64.0
2316 64.0
2317 64.0
2318 64.0
2319 64.0
2320 64.0
2321 64.0
2322 64.0
2323 64.0
2324 64.0
2325 64.0
2326 64.0
2327 64.0
2328 64.0
2329 64.0
2330 64.0
2331 64.0
2332 64.0
2333 64.0
2334 64.0
2335 64.0
2336 64.0
2337 64.0
2338 64.0
2339 64.0
2340 64.0
2341 64.0
2342 64.0
2343 64.0
2344 64.0
2345 64.0
2346 64.0
2347 64.0
2348 64.0
2349 64.0
2350 64.0
2351 64.0
2352 64.0
2353 64.0
2354 64.0
2355 64.0
2356 64.0
2357 64.0
2358 64.0
2359 64.0
2360 64.0
2361 64.0
2362 64.0
2363 64.0
2364 64.0
2365 64.0
2366 64.0
2367 64.0
2368 64.0
2369 64.0
2370 64.0
2371 64.0
2372 64.0
2373 64.0
2374 64.0
2375 64.0
2376 64.0
2377 64.0
2378 64.0
2379 64.0
2380 64.0
2381 64.0
2382 64.0
2383 64.0
2384 64.0
2385 64.0
2386 64.0
2387 64.0
2388 64.0
2389 64.0
2390 64.0
2391 64.0
2392 64.0
2393 64.0
2394 64.0
2395 64.0
2396 64.0
2397 64.0
2398 64.0
2399 64.0
2400 64.0
2401 64.0
2402 64.0
2403 64.0
2404 64.0
2405 64.0
2406 64.0
2407 64.0
2408 64.0
2409 64.0
2410 64.0
2411 64.0
2412 64.0
2413 64.0
2414 64.0
2415 64.0
2416 64.0
2417 64.0
2418 64.0
2419 64.0
2420 64.0
2421 64.0
2422 64.0
2423 64.0
2424 64.0
2425 64.0
2426 64.0
2427 64.0
2428 64.0
2429 64.0
2430 64.0
2431 64.0
2432 64.0
2433 64.0
2434 64.0
2435 64.0
2436 64.0
2437 64.0
2438 64.0
2439 64.0
2440 64.0
2441 64.0
2442 64.0
2443 64.0
2444 64.0
2445 64.0
2446 64.0
2447 64.0
2448 64.0
2449 64.0
2450 64.0
2451 64.0
2452 64.0
2453 64.0
2454 64.0
2455 64.0
2456 64.0
2457 64.0
2458 64.0
2459 64.0
2460 64.0
2461 64.0
2462 64.0
2463 64.0
2464 64.0
2465 64.0
2466 64.0
2467 64.0
2468 64.0
2469 64.0
2470 64.0
2471 64.0
2472 64.0
2473 64.0
2474 64.0
2475 64.0
2476 64.0
2477 64.0
2478 64.0
2479 64.0
2480 64.0
2481 64.0
2482 64.0
2483 64.0
2484 64.0
2485 64.0
2486 64.0
2487 64.0
2488 64.0
2489 64.0
2490 64.0
2491 64.0
2492 64.0
2493 64.0
2494 64.0
2495 64.0
2496 64.0
2497 64.0
2498 64.0
2499 64.0
2500 64.0
2501 64.0
2502 64.0
2503 64.0
2504 64.0
2505 64.0
2506 64.0
2507 64.0
2508 64.0
2509 64.0
2510 64.0
2511 64.0
2512 64.0
2513 64.0
2514 64.0
2515 64.0
2516 64.0
2517 64.0
2518 64.0
2519 64.0
2520 64.0
2521 64.0
2522 64.0
2523 64.0
2524 64.0
2525 64.0
2526 64.0
2527 64.0
2528 64.0
2529 64.0
2530 64.0
2531 64.0
2532 64.0
2533 64.0
2534 64.0
2535 64.0
2536 64.0
2537 64.0
2538 64.0
2539 64.0
2540 64.0
2541 64.0
2542 64.0
2543 64.0
2544 64.0
2545 64.0
2546 64.0
2547 64.0
2548 64.0
2549 64.0
2550 64.0
2551 64.0
2552 64.0
2553 64.0
2554 64.0
2555 64.0
2556 64.0
2557 64.0
2558 64.0
2559 64.0
2560 64.0
2561 64.0
2562 64.0
2563 64.0
2564 64.0
2565 64.0
2566 64.0
2567 64.0
2568 64.0
2569 64.0
2570 64.0
2571 64.0
2572 64.0
2573 64.0
2574 64.0
2575 64.0
2576 64.0
2577 64.0
2578 64.0
2579 64.0
2580 64.0
2581 64.0
2582 64.0
2583 64.0
2584 64.0
2585 64.0
2586 64.0
2587 64.0
2588 64.0
2589 64.0
2590 64.0
2591 64.0
2592 64.0
2593 64.0
2594 64.0
2595 64.0
2596 64.0
2597 64.0
2598 64.0
2599 64.0
2600 64.0
2601 64.0
2602 64.0
2603 64.0
2604 64.0
2605 64.0
2606 64.0
2607 64.0
2608 64.0
2609 64.0
2610 64.0
2611 64.0
2612 64.0
2613 64.0
2614 64.0
2615 64.0
2616 64.0
2617 64.0
2618 64.0
2619 64.0
2620 64.0
2621 64.0
2622 64.0
2623 64.0
2624 64.0
2625 64.0
2626 64.0
2627 64.0
2628 64.0
2629 64.0
2630 64.0
2631 64.0
2632 64.0
2633 64.0
2634 64.0
2635 64.0
2636 64.0
2637 64.0
2638 64.0
2639 64.0
2640 64.0
2641 64.0
2642 64.0
2643 64.0
2644 64.0
2645 64.0
2646 64.0
2647 64.0
2648 64.0
2649 64.0
2650 64.0
2651 64.0
2652 64.0
2653 64.0
2654 64.0
2655 64.0
2656 64.0
2657 64.0
2658 64.0
2659 64.0
2660 64.0
2661 64.0
2662 64.0
2663 64.0
2664 64.0
2665 64.0
2666 64.0
2667 64.0
2668 64.0
2669 64.0
2670 64.0
2671 64.0
2672 64.0
2673 64.0
2674 64.0
2675 64.0
2676 64.0
2677 64.0
2678 64.0
2679 64.0
2680 64.0
2681 64.0
2682 64.0
2683 64.0
2684 64.0
2685 64.0
2686 64.0
2687 64.0
2688 64.0
2689 64.0
2690 64.0
2691 64.0
2692 64.0
2693 64.0
2694 64.0
2695 64.0
2696 64.0
2697 64.0
2698 64.0
2699 64.0
2700 64.0
2701 64.0
2702 64.0
2703 64.0
2704 64.0
2705 64.0
2706 64.0
2707 64.0
2708 64.0
2709 64.0
2710 64.0
2711 64.0
2712 64.0
2713 64.0
2714 64.0
2715 64.0
2716 64.0
2717 64.0
2718 64.0
2719 64.0
2720 64.0
2721 64.0
2722 64.0
2723 64.0
2724 64.0
2725 64.0
2726 64.0
2727 64.0
2728 64.0
2729 64.0
2730 64.0
2731 64.0
2732 64.0
2733 64.0
2734 64.0
2735 64.0
2736 64.0
2737 64.0
2738 64.0
2739 64.0
2740 64.0
2741 64.0
2742 64.0
2743 64.0
2744 64.0
2745 64.0
2746 64.0
2747 64.0
2748 64.0
2749 64.0
2750 64.0
2751 64.0
2752 64.0
2753 64.0
2754 64.0
2755 64.0
2756 64.0
2757 64.0
2758 64.0
2759 64.0
2760 64.0
2761 64.0
2762 64.0
2763 64.0
2764 64.0
2765 64.0
2766 64.0
2767 64.0
2768 64.0
2769 64.0
2770 64.0
2771 64.0
2772 64.0
2773 64.0
2774 64.0
2775 64.0
2776 64.0
2777 64.0
2778 64.0
2779 64.0
2780 64.0
2781 64.0
2782 64.0
2783 64.0
2784 64.0
2785 64.0
2786 64.0
2787 64.0
2788 64.0
2789 64.0
2790 64.0
2791 64.0
2792 64.0
2793 64.0
2794 64.0
2795 64.0
2796 64.0
2797 64.0
2798 64.0
2799 64.0
2800 64.0
2801 64.0
2802 64.0
2803 64.0
2804 64.0
2805 64.0
2806 64.0
2807 64.0
2808 64.0
2809 64.0
2810 64.0
2811 64.0
2812 64.0
2813 64.0
2814 64.0
2815 64.0
2816 64.0
2817 64.0
2818 64.0
2819 64.0
2820 64.0
2821 64.0
2822 64.0
2823 64.0
2824 64.0
2825 64.0
2826 64.0
2827 64.0
2828 64.0
2829 64.0
2830 64.0
2831 64.0
2832 64.0
2833 64.0
2834 64.0
2835 64.0
2836 64.0
2837 64.0
2838 64.0
2839 64.0
2840 64.0
2841 64.0
2842 64.0
2843 64.0
2844 64.0
2845 64.0
2846 64.0
2847 64.0
2848 64.0
2849 64.0
2850 64.0
2851 64.0
2852 64.0
2853 64.0
2854 64.0
2855 64.0
2856 64.0
2857 64.0
2858 64.0
2859 64.0
2860 64.0
2861 64.0
2862 64.0
2863 64.0
2864 64.0
2865 64.0
2866 64.0
2867 64.0
2868 64.0
2869 64.0
2870 64.0
2871 64.0
2872 64.0
2873 64.0
2874 64.0
2875 64.0
2876 64.0
2877 64.0
2878 64.0
2879 64.0
2880 64.0
2881 64.0
2882 64.0
2883 64.0
2884 64.0
2885 64.0
2886 64.0
2887 64.0
2888 64.0
2889 64.0
2890 64.0
2891 64.0
2892 64.0
2893 64.0
2894 64.0
2895 64.0
2896 64.0
2897 64.0
2898 64.0
2899 64.0
2900 64.0
2901 64.0
2902 64.0
2903 64.0
2904 64.0
2905 64.0
2906 64.0
2907 64.0
2908 64.0
2909 64.0
2910 64.0
2911 64.0
2912 64.0
2913 64.0
2914 64.0
2915 64.0
2916 64.0
2917 64.0
2918 64.0
2919 64.0
2920 64.0
2921 64.0
2922 64.0
2923 64.0
2924 64.0
2925 64.0
2926 64.0
2927 64.0
2928 64.0
2929 64.0
2930 64.0
2931 64.0
2932 64.0
2933 64.0
2934 64.0
2935 64.0
2936 64.0
2937 64.0
2938 64.0
2939 64.0
2940 64.0
2941 64.0
2942 64.0
2943 64.0
2944 64.0
2945 64.0
2946 64.0
2947 64.0
2948 64.0
2949 64.0
2950 64.0
2951 64.0
2952 64.0
2953 64.0
2954 64.0
2955 64.0
2956 64.0
2957 64.0
2958 64.0
2959 64.0
2960 64.0
2961 64.0
2962 64.0
2963 64.0
2964 64.0
2965 64.0
2966 64.0
2967 64.0
2968 64.0
2969 64.0
2970 64.0
2971 64.0
2972 64.0
2973 64.0
2974 64.0
2975 64.0
2976 64.0
2977 64.0
2978 64.0
2979 64.0
2980 64.0
2981 64.0
2982 64.0
2983 64.0
2984 64.0
2985 64.0
2986 64.0
2987 64.0
2988 64.0
2989 64.0
2990 64.0
2991 64.0
2992 64.0
2993 64.0
2994 64.0
2995 64.0
2996 64.0
2997 64.0
2998 64.0
2999 64.0
3000 64.0
3001 64.0
3002 64.0
3003 64.0
3004 64.0
3005 64.0
3006 64.0
3007 64.0
3008 64.0
3009 64.0
3010 64.0
3011 64.0
3012 64.0
3013 64.0
3014 64.0
3015 64.0
3016 64.0
3017 64.0
3018 64.0
3019 64.0
3020 64.0
3021 64.0
3022 64.0
3023 64.0
3024 64.0
3025 64.0
3026 64.0
3027 64.0
3028 64.0
3029 64.0
3030 64.0
3031 64.0
3032 64.0
3033 64.0
3034 64.0
3035 64.0
3036 64.0
3037 64.0
3038 64.0
3039 64.0
3040 64.0
3041 64.0
3042 64.0
3043 64.0
3044 64.0
3045 64.0
3046 64.0
3047 64.0
3048 64.0
3049 64.0
3050 64.0
3051 64.0
3052 64.0
3053 64.0
3054 64.0
3055 64.0
3056 64.0
3057 64.0
3058 64.0
3059 64.0
3060 64.0
3061 64.0
3062 64.0
3063 64.0
3064 64.0
3065 64.0
3066 64.0
3067 64.0
3068 64.0
3069 64.0
3070 64.0
3071 64.0
3072 64.0
3073 64.0
3074 64.0
3075 64.0
3076 64.0
3077 64.0
3078 64.0
3079 64.0
3080 64.0
3081 64.0
3082 64.0
3083 64.0
3084 64.0
3085 64.0
3086 64.0
3087 64.0
3088 64.0
3089 64.0
3090 64.0
3091 64.0
3092 64.0
3093 64.0
3094 64.0
3095 64.0
3096 64.0
3097 64.0
3098 64.0
3099 64.0
3100 64.0
3101 64.0
3102 64.0
3103 64.0
3104 64.0
3105 64.0
3106 64.0
3107 64.0
3108 64.0
3109 64.0
3110 64.0
3111 64.0
3112 64.0
3113 64.0
3114 64.0
3115 64.0
3116 64.0
3117 64.0
3118 64.0
3119 64.0
3120 64.0
3121 64.0
3122 64.0
3123 64.0
3124 64.0
3125 64.0
3126 64.0
3127 64.0
3128 64.0
3129 64.0
3130 64.0
3131 64.0
3132 64.0
3133 64.0
3134 64.0
3135 64.0
3136 64.0
3137 64.0
3138 64.0
3139 64.0
3140 64.0
3141 64.0
3142 64.0
3143 64.0
3144 64.0
3145 64.0
3146 64.0
3147 64.0
3148 64.0
3149 64.0
3150 64.0
3151 64.0
3152 64.0
3153 64.0
3154 64.0
3155 64.0
3156 64.0
3157 64.0
3158 64.0
3159 64.0
3160 64.0
3161 64.0
3162 64.0
3163 64.0
3164 64.0
3165 64.0
3166 64.0
3167 64.0
3168 64.0
3169 64.0
3170 64.0
3171 64.0
3172 64.0
3173 64.0
3174 64.0
3175 64.0
3176 64.0
3177 64.0
3178 64.0
3179 64.0
3180 64.0
3181 64.0
3182 64.0
3183 64.0
3184 64.0
3185 64.0
3186 64.0
3187 64.0
3188 64.0
3189 64.0
3190 64.0
3191 64.0
3192 64.0
3193 64.0
3194 64.0
3195 64.0
3196 64.0
3197 64.0
3198 64.0
3199 64.0
3200 64.0
3201 64.0
3202 64.0
3203 64.0
3204 64.0
3205 64.0
3206 64.0
3207 64.0
3208 64.0
3209 64.0
3210 64.0
3211 64.0
3212 64.0
3213 64.0
3214 64.0
3215 64.0
3216 64.0
3217 64.0
3218 64.0
3219 64.0
3220 64.0
3221 64.0
3222 64.0
3223 64.0
3224 64.0
3225 64.0
3226 64.0
3227 64.0
3228 64.0
3229 64.0
3230 64.0
3231 64.0
3232 64.0
3233 64.0
3234 64.0
3235 64.0
3236 64.0
3237 64.0
3238 64.0
3239 64.0
3240 64.0
3241 64.0
3242 64.0
3243 64.0
3244 64.0
3245 64.0
3246 64.0
3247 64.0
3248 64.0
3249 64.0
3250 64.0
3251 64.0
3252 64.0
3253 64.0
3254 64.0
3255 64.0
3256 64.0
3257 64.0
3258 64.0
3259 64.0
3260 64.0
3261 64.0
3262 64.0
3263 64.0
3264 64.0
3265 64.0
3266 64.0
3267 64.0
3268 64.0
3269 64.0
3270 64.0
3271 64.0
3272 64.0
3273 64.0
3274 64.0
3275 64.0
3276 64.0
3277 64.0
3278 64.0
3279 64.0
3280 64.0
3281 64.0
3282 64.0
3283 64.0
3284 64.0
3285 64.0
3286 64.0
3287 64.0
3288 64.0
3289 64.0
3290 64.0
3291 64.0
3292 64.0
3293 64.0
3294 64.0
3295 64.0
3296 64.0
3297 64.0
3298 64.0
3299 64.0
3300 64.0
3301 64.0
3302 64.0
3303 64.0
3304 64.0
3305 64.0
3306 64.0
3307 64.0
3308 64.0
3309 64.0
3310 64.0
3311 64.0
3312 64.0
3313 64.0
3314 64.0
3315 64.0
3316 64.0
3317 64.0
3318 64.0
3319 64.0
3320 64.0
3321 64.0
3322 64.0
3323 64.0
3324 64.0
3325 64.0
3326 64.0
3327 64.0
3328 64.0
3329 64.0
3330 64.0
3331 64.0
3332 64.0
3333 64.0
3334 64.0
3335 64.0
3336 64.0
3337 64.0
3338 64.0
3339 64.0
3340 64.0
3341 64.0
3342 64.0
3343 64.0
3344 64.0
3345 64.0
3346 64.0
3347 64.0
3348 64.0
3349 64.0
3350 64.0
3351 64.0
3352 64.0
3353 64.0
3354 64.0
3355 64.0
3356 64.0
3357 64.0
3358 64.0
3359 64.0
3360 64.0
3361 64.0
3362 64.0
3363 64.0
3364 64.0
3365 64.0
3366 64.0
3367 64.0
3368 64.0
3369 64.0
3370 64.0
3371 64.0
3372 64.0
3373 64.0
3374 64.0
3375 64.0
3376 64.0
3377 64.0
3378 64.0
3379 64.0
3380 64.0
3381 64.0
3382 64.0
3383 64.0
3384 64.0
3385 64.0
3386 64.0
3387 64.0
3388 64.0
3389 64.0
3390 64.0
3391 64.0
3392 64.0
3393 64.0
3394 64.0
3395 64.0
3396 64.0
3397 64.0
3398 64.0
3399 64.0
3400 64.0
3401 64.0
3402 64.0
3403 64.0
3404 64.0
3405 64.0
3406 64.0
3407 64.0
3408 64.0
3409 64.0
3410 64.0
3411 64.0
3412 64.0
3413 64.0
3414 64.0
3415 64.0
3416 64.0
3417 64.0
3418 64.0
3419 64.0
3420 64.0
3421 64.0
3422 64.0
3423 64.0
3424 64.0
3425 64.0
3426 64.0
3427 64.0
3428 64.0
3429 64.0
3430 64.0
3431 64.0
3432 64.0
3433 64.0
3434 64.0
3435 64.0
3436 64.0
3437 64.0
3438 64.0
3439 64.0
3440 64.0
3441 64.0
3442 64.0
3443 64.0
3444 64.0
3445 64.0
3446 64.0
3447 64.0
3448 64.0
3449 64.0
3450 64.0
3451 64.0
3452 64.0
3453 64.0
3454 64.0
3455 64.0
3456 64.0
3457 64.0
3458 64.0
3459 64.0
3460 64.0
3461 64.0
3462 64.0
3463 64.0
3464 64.0
3465 64.0
3466 64.0
3467 64.0
3468 64.0
3469 64.0
3470 64.0
3471 64.0
3472 64.0
3473 64.0
3474 64.0
3475 64.0
3476 64.0
3477 64.0
3478 64.0
3479 64.0
3480 64.0
3481 64.0
3482 64.0
3483 64.0
3484 64.0
3485 64.0
3486 64.0
3487 64.0
3488 64.0
3489 64.0
3490 64.0
3491 64.0
3492 64.0
3493 64.0
3494 64.0
3495 64.0
3496 64.0
3497 64.0
3498 64.0
3499 64.0
3500 64.0
3501 64.0
3502 64.0
3503 64.0
3504 64.0
3505 64.0
3506 64.0
3507 64.0
3508 64.0
3509 64.0
3510 64.0
3511 64.0
3512 64.0
3513 64.0
3514 64.0
3515 64.0
3516 64.0
3517 64.0
3518 64.0
3519 64.0
3520 64.0
3521 64.0
3522 64.0
3523 64.0
3524 64.0
3525 64.0
3526 64.0
3527 64.0
3528 64.0
3529 64.0
3530 64.0
3531 64.0
3532 64.0
3533 64.0
3534 64.0
3535 64.0
3536 64.0
3537 64.0
3538 64.0
3539 64.0
3540 64.0
3541 64.0
3542 64.0
3543 64.0
3544 64.0
3545 64.0
3546 64.0
3547 64.0
3548 64.0
3549 64.0
3550 64.0
3551 64.0
3552 64.0
3553 64.0
3554 64.0
3555 64.0
3556 64.0
3557 64.0
3558 64.0
3559 64.0
3560 64.0
3561 64.0
3562 64.0
3563 64.0
3564 64.0
3565 64.0
3566 64.0
3567 64.0
3568 64.0
3569 64.0
3570 64.0
3571 64.0
3572 64.0
3573 64.0
3574 64.0
3575 64.0
3576 64.0
3577 64.0
3578 64.0
3579 64.0
3580 64.0
3581 64.0
3582 64.0
3583 64.0
3584 64.0
3585 64.0
3586 64.0
3587 64.0
3588 64.0
3589 64.0
3590 64.0
3591 64.0
3592 64.0
3593 64.0
3594 64.0
3595 64.0
3596 64.0
3597 64.0
3598 64.0
3599 64.0
3600 64.0
3601 64.0
3602 64.0
3603 64.0
3604 64.0
3605 64.0
3606 64.0
3607 64.0
3608 64.0
3609 64.0
3610 64.0
3611 64.0
3612 64.0
3613 64.0
3614 64.0
3615 64.0
3616 64.0
3617 64.0
3618 64.0
3619 64.0
3620 64.0
3621 64.0
3622 64.0
3623 64.0
3624 64.0
3625 64.0
3626 64.0
3627 64.0
3628 64.0
3629 64.0
3630 64.0
3631 64.0
3632 64.0
3633 64.0
3634 64.0
3635 64.0
3636 64.0
3637 64.0
3638 64.0
3639 64.0
3640 64.0
3641 64.0
3642 64.0
3643 64.0
3644 64.0
3645 64.0
3646 64.0
3647 64.0
3648 64.0
3649 64.0
3650 64.0
3651 64.0
3652 64.0
3653 64.0
3654 64.0
3655 64.0
3656 64.0
3657 64.0
3658 64.0
3659 64.0
3660 64.0
3661 64.0
3662 64.0
3663 64.0
3664 64.0
3665 64.0
3666 64.0
3667 64.0
3668 64.0
3669 64.0
3670 64.0
3671 64.0
3672 64.0
3673 64.0
3674 64.0
3675 64.0
3676 64.0
3677 64.0
3678 64.0
3679 64.0
3680 64.0
3681 64.0
3682 64.0
3683 64.0
3684 64.0
3685 64.0
3686 64.0
3687 64.0
3688 64.0
3689 64.0
3690 64.0
3691 64.0
3692 64.0
3693 64.0
3694 64.0
3695 64.0
3696 64.0
3697 64.0
3698 64.0
3699 64.0
3700 64.0
3701 64.0
3702 64.0
3703 64.0
3704 64.0
3705 64.0
3706 64.0
3707 64.0
3708 64.0
3709 64.0
3710 64.0
3711 64.0
3712 64.0
3713 64.0
3714 64.0
3715 64.0
3716 64.0
3717 64.0
3718 64.0
3719 64.0
3720 64.0
3721 64.0
3722 64.0
3723 64.0
3724 64.0
3725 64.0
3726 64.0
3727 64.0
3728 64.0
3729 64.0
3730 64.0
3731 64.0
3732 64.0
3733 64.0
3734 64.0
3735 64.0
3736 64.0
3737 64.0
3738 64.0
3739 64.0
3740 64.0
3741 64.0
3742 64.0
3743 64.0
3744 64.0
3745 64.0
3746 64.0
3747 64.0
3748 64.0
3749 64.0
3750 64.0
3751 64.0
3752 64.0
3753 64.0
3754 64.0
3755 64.0
3756 64.0
3757 64.0
3758 64.0
3759 64.0
3760 64.0
3761 64.0
3762 64.0
3763 64.0
3764 64.0
3765 64.0
3766 64.0
3767 64.0
3768 64.0
3769 64.0
3770 64.0
3771 64.0
3772 64.0
3773 64.0
3774 64.0
3775 64.0
3776 64.0
3777 64.0
3778 64.0
3779 64.0
3780 64.0
3781 64.0
3782 64.0
3783 64.0
3784 64.0
3785 64.0
3786 64.0
3787 64.0
3788 64.0
3789 64.0
3790 64.0
3791 64.0
3792 64.0
3793 64.0
3794 64.0
3795 64.0
3796 64.0
3797 64.0
3798 64.0
3799 64.0
3800 64.0
3801 64.0
3802 64.0
3803 64.0
3804 64.0
3805 64.0
3806 64.0
3807 64.0
3808 64.0
3809 64.0
3810 64.0
3811 64.0
3812 64.0
3813 64.0
3814 64.0
3815 64.0
3816 64.0
3817 64.0
3818 64.0
3819 64.0
3820 64.0
3821 64.0
3822 64.0
3823 64.0
3824 64.0
3825 64.0
3826 64.0
3827 64.0
3828 64.0
3829 64.0
3830 64.0
3831 64.0
3832 64.0
3833 64.0
3834 64.0
3835 64.0
3836 64.0
3837 64.0
3838 64.0
3839 64.0
3840 64.0
3841 64.0
3842 64.0
3843 64.0
3844 64.0
3845 64.0
3846 64.0
3847 64.0
3848 64.0
3849 64.0
3850 64.0
3851 64.0
3852 64.0
3853 64.0
3854 64.0
3855 64.0
3856 64.0
3857 64.0
3858 64.0
3859 64.0
3860 64.0
3861 64.0
3862 64.0
3863 64.0
3864 64.0
3865 64.0
3866 64.0
3867 64.0
3868 64.0
3869 64.0
3870 64.0
3871 64.0
3872 64.0
3873 64.0
3874 64.0
3875 64.0
3876 64.0
3877 64.0
3878 64.0
3879 64.0
3880 64.0
3881 64.0
3882 64.0
3883 64.0
3884 64.0
3885 64.0
3886 64.0
3887 64.0
3888 64.0
3889 64.0
3890 64.0
3891 64.0
3892 64.0
3893 64.0
3894 64.0
3895 64.0
3896 64.0
3897 64.0
3898 64.0
3899 64.0
3900 64.0
3901 64.0
3902 64.0
3903 64.0
3904 64.0
3905 64.0
3906 64.0
3907 64.0
3908 64.0
3909 64.0
3910 64.0
3911 64.0
3912 64.0
3913 64.0
3914 64.0
3915 64.0
3916 64.0
3917 64.0
3918 64.0
3919 64.0
3920 64.0
3921 64.0
3922 64.0
3923 64.0
3924 64.0
3925 64.0
3926 64.0
3927 64.0
3928 64.0
3929 64.0
3930 64.0
3931 64.0
3932 64.0
3933 64.0
3934 64.0
3935 64.0
3936 64.0
3937 64.0
3938 64.0
3939 64.0
3940 64.0
3941 64.0
3942 64.0
3943 64.0
3944 64.0
3945 64.0
3946 64.0
3947 64.0
3948 64.0
3949 64.0
3950 64.0
3951 64.0
3952 64.0
3953 64.0
3954 64.0
3955 64.0
3956 64.0
3957 64.0
3958 64.0
3959 64.0
3960 64.0
3961 64.0
3962 64.0
3963 64.0
3964 64.0
3965 64.0
3966 64.0
3967 64.0
3968 64.0
3969 64.0
3970 64.0
3971 64.0
3972 64.0
3973 64.0
3974 64.0
3975 64.0
3976 64.0
3977 64.0
3978 64.0
3979 64.0
3980 64.0
3981 64.0
3982 64.0
3983 64.0
3984 64.0
3985 64.0
3986 64.0
3987 64.0
3988 64.0
3989 64.0
3990 64.0
3991 64.0
3992 64.0
3993 64.0
3994 64.0
3995 64.0
3996 64.0
3997 64.0
3998 64.0
3999 64.0
4000 64.0
4001 64.0
4002 64.0
4003 64.0
4004 64.0
4005 64.0
4006 67.0
4007 67.0
4008 67.0
4009 67.0
4010 67.0
4011 67.0
4012 67.0
4013 67.0
4014 67.0
4015 67.0
4016 67.0
4017 67.0
4018 67.0
4019 67.0
4020 67.0
4021 67.0
4022 67.0
4023 67.0
4024 67.0
4025 67.0
4026 67.0
4027 67.0
4028 67.0
4029 67.0
4030 67.0
4031 67.0
4032 67.0
4033 67.0
4034 67.0
4035 67.0
4036 67.0
4037 67.0
4038 67.0
4039 67.0
4040 67.0
4041 67.0
4042 67.0
4043 67.0
4044 67.0
4045 67.0
4046 67.0
4047 67.0
4048 67.0
4049 67.0
4050 67.0
4051 67.0
4052 67.0
4053 67.0
4054 67.0
4055 67.0
4056 67.0
4057 67.0
4058 67.0
4059 67.0
4060 67.0
4061 67.0
4062 67.0
4063 67.0
4064 67.0
4065 67.0
4066 67.0
4067 67.0
4068 67.0
4069 67.0
4070 67.0
4071 67.0
4072 67.0
4073 67.0
4074 67.0
4075 67.0
4076 67.0
4077 67.0
4078 67.0
4079 67.0
4080 67.0
4081 67.0
4082 67.0
4083 67.0
4084 67.0
4085 67.0
4086 67.0
4087 67.0
4088 67.0
4089 67.0
4090 67.0
4091 67.0
4092 67.0
4093 67.0
4094 67.0
4095 67.0
4096 67.0
4097 67.0
4098 67.0
4099 67.0
4100 67.0
4101 67.0
4102 67.0
4103 67.0
4104 67.0
4105 67.0
4106 67.0
4107 67.0
4108 67.0
4109 67.0
4110 67.0
4111 67.0
4112 67.0
4113 67.0
4114 67.0
4115 67.0
4116 67.0
4117 67.0
4118 67.0
4119 67.0
4120 67.0
4121 67.0
4122 67.0
4123 67.0
4124 67.0
4125 67.0
4126 67.0
4127 67.0
4128 67.0
4129 67.0
4130 67.0
4131 67.0
4132 67.0
4133 67.0
4134 67.0
4135 67.0
4136 67.0
4137 67.0
4138 67.0
4139 67.0
4140 67.0
4141 67.0
4142 67.0
4143 67.0
4144 67.0
4145 67.0
4146 67.0
4147 67.0
4148 67.0
4149 67.0
4150 67.0
4151 67.0
4152 67.0
4153 67.0
4154 67.0
4155 67.0
4156 67.0
4157 67.0
4158 67.0
4159 67.0
4160 67.0
4161 67.0
4162 67.0
4163 67.0
4164 67.0
4165 67.0
4166 67.0
4167 67.0
4168 67.0
4169 67.0
4170 67.0
4171 67.0
4172 67.0
4173 67.0
4174 67.0
4175 67.0
4176 67.0
4177 67.0
4178 67.0
4179 67.0
4180 67.0
4181 67.0
4182 67.0
4183 67.0
4184 67.0
4185 67.0
4186 67.0
4187 67.0
4188 67.0
4189 67.0
4190 67.0
4191 67.0
4192 67.0
4193 67.0
4194 67.0
4195 67.0
4196 67.0
4197 67.0
4198 67.0
4199 67.0
4200 67.0
4201 67.0
4202 67.0
4203 67.0
4204 67.0
4205 67.0
4206 67.0
4207 67.0
4208 67.0
4209 67.0
4210 67.0
4211 67.0
4212 67.0
4213 67.0
4214 67.0
4215 67.0
4216 67.0
4217 67.0
4218 67.0
4219 67.0
4220 67.0
4221 67.0
4222 67.0
4223 67.0
4224 67.0
4225 67.0
4226 67.0
4227 67.0
4228 67.0
4229 67.0
4230 67.0
4231 67.0
4232 67.0
4233 67.0
4234 67.0
4235 67.0
4236 67.0
4237 67.0
4238 67.0
4239 67.0
4240 67.0
4241 67.0
4242 67.0
4243 67.0
4244 67.0
4245 67.0
4246 67.0
4247 67.0
4248 67.0
4249 67.0
4250 67.0
4251 67.0
4252 67.0
4253 67.0
4254 67.0
4255 67.0
4256 67.0
4257 67.0
4258 67.0
4259 67.0
4260 67.0
4261 67.0
4262 67.0
4263 67.0
4264 67.0
4265 67.0
4266 67.0
4267 67.0
4268 67.0
4269 67.0
4270 67.0
4271 67.0
4272 67.0
4273 67.0
4274 67.0
4275 67.0
4276 67.0
4277 67.0
4278 67.0
4279 67.0
4280 67.0
4281 67.0
4282 67.0
4283 67.0
4284 67.0
4285 67.0
4286 67.0
4287 67.0
4288 67.0
4289 67.0
4290 67.0
4291 67.0
4292 67.0
4293 67.0
4294 67.0
4295 67.0
4296 67.0
4297 67.0
4298 67.0
4299 67.0
4300 67.0
4301 67.0
4302 67.0
4303 67.0
4304 67.0
4305 67.0
4306 67.0
4307 67.0
4308 67.0
4309 67.0
4310 67.0
4311 67.0
4312 67.0
4313 67.0
4314 67.0
4315 67.0
4316 67.0
4317 67.0
4318 67.0
4319 67.0
4320 67.0
4321 67.0
4322 67.0
4323 67.0
4324 67.0
4325 67.0
4326 67.0
4327 67.0
4328 67.0
4329 67.0
4330 67.0
4331 67.0
4332 67.0
4333 67.0
4334 67.0
4335 67.0
4336 67.0
4337 67.0
4338 67.0
4339 67.0
4340 67.0
4341 67.0
4342 67.0
4343 67.0
4344 67.0
4345 67.0
4346 67.0
4347 67.0
4348 67.0
4349 67.0
4350 67.0
4351 67.0
4352 67.0
4353 67.0
4354 67.0
4355 67.0
4356 67.0
4357 67.0
4358 67.0
4359 67.0
4360 67.0
4361 67.0
4362 67.0
4363 67.0
4364 67.0
4365 67.0
4366 67.0
4367 67.0
4368 67.0
4369 67.0
4370 67.0
4371 67.0
4372 67.0
4373 67.0
4374 67.0
4375 67.0
4376 67.0
4377 67.0
4378 67.0
4379 67.0
4380 67.0
4381 67.0
4382 67.0
4383 67.0
4384 67.0
4385 67.0
4386 67.0
4387 67.0
4388 67.0
4389 67.0
4390 67.0
4391 67.0
4392 67.0
4393 67.0
4394 67.0
4395 67.0
4396 67.0
4397 67.0
4398 67.0
4399 67.0
4400 67.0
4401 67.0
4402 67.0
4403 67.0
4404 67.0
4405 67.0
4406 67.0
4407 67.0
4408 67.0
4409 67.0
4410 67.0
4411 67.0
4412 67.0
4413 67.0
4414 67.0
4415 67.0
4416 67.0
4417 67.0
4418 67.0
4419 67.0
4420 67.0
4421 67.0
4422 67.0
4423 67.0
4424 67.0
4425 67.0
4426 67.0
4427 67.0
4428 67.0
4429 67.0
4430 67.0
4431 67.0
4432 67.0
4433 67.0
4434 67.0
4435 67.0
4436 67.0
4437 67.0
4438 67.0
4439 67.0
4440 67.0
4441 67.0
4442 67.0
4443 67.0
4444 67.0
4445 67.0
4446 67.0
4447 67.0
4448 67.0
4449 67.0
4450 67.0
4451 67.0
4452 67.0
4453 67.0
4454 67.0
4455 67.0
4456 67.0
4457 67.0
4458 67.0
4459 67.0
4460 67.0
4461 67.0
4462 67.0
4463 67.0
4464 67.0
4465 67.0
4466 67.0
4467 67.0
4468 67.0
4469 67.0
4470 67.0
4471 67.0
4472 67.0
4473 67.0
4474 67.0
4475 67.0
4476 67.0
4477 67.0
4478 67.0
4479 67.0
4480 67.0
4481 67.0
4482 67.0
4483 67.0
4484 67.0
4485 67.0
4486 67.0
4487 67.0
4488 67.0
4489 67.0
4490 67.0
4491 67.0
4492 67.0
4493 67.0
4494 67.0
4495 67.0
4496 67.0
4497 67.0
4498 67.0
4499 67.0
4500 67.0
4501 67.0
4502 67.0
4503 67.0
4504 67.0
4505 67.0
4506 67.0
4507 67.0
4508 67.0
4509 67.0
4510 67.0
4511 67.0
4512 67.0
4513 67.0
4514 67.0
4515 67.0
4516 67.0
4517 67.0
4518 67.0
4519 67.0
4520 67.0
4521 67.0
4522 67.0
4523 67.0
4524 67.0
4525 67.0
4526 67.0
4527 67.0
4528 67.0
4529 67.0
4530 67.0
4531 67.0
4532 67.0
4533 67.0
4534 67.0
4535 67.0
4536 67.0
4537 67.0
4538 67.0
4539 67.0
4540 67.0
4541 67.0
4542 67.0
4543 67.0
4544 67.0
4545 67.0
4546 67.0
4547 67.0
4548 67.0
4549 67.0
4550 67.0
4551 67.0
4552 67.0
4553 67.0
4554 67.0
4555 67.0
4556 67.0
4557 67.0
4558 67.0
4559 67.0
4560 67.0
4561 67.0
4562 67.0
4563 67.0
4564 67.0
4565 67.0
4566 67.0
4567 67.0
4568 67.0
4569 67.0
4570 67.0
4571 67.0
4572 67.0
4573 67.0
4574 67.0
4575 67.0
4576 67.0
4577 67.0
4578 67.0
4579 67.0
4580 67.0
4581 67.0
4582 67.0
4583 67.0
4584 67.0
4585 67.0
4586 67.0
4587 67.0
4588 67.0
4589 67.0
4590 67.0
4591 67.0
4592 67.0
4593 67.0
4594 67.0
4595 67.0
4596 67.0
4597 67.0
4598 67.0
4599 67.0
4600 67.0
4601 67.0
4602 67.0
4603 67.0
4604 67.0
4605 67.0
4606 67.0
4607 67.0
4608 67.0
4609 67.0
4610 67.0
4611 67.0
4612 67.0
4613 67.0
4614 67.0
4615 67.0
4616 67.0
4617 67.0
4618 67.0
4619 67.0
4620 67.0
4621 67.0
4622 67.0
4623 67.0
4624 67.0
4625 67.0
4626 67.0
4627 67.0
4628 67.0
4629 67.0
4630 67.0
4631 67.0
4632 67.0
4633 67.0
4634 67.0
4635 67.0
4636 67.0
4637 67.0
4638 67.0
4639 67.0
4640 67.0
4641 67.0
4642 67.0
4643 67.0
4644 67.0
4645 67.0
4646 67.0
4647 67.0
4648 67.0
4649 67.0
4650 67.0
4651 67.0
4652 67.0
4653 67.0
4654 67.0
4655 67.0
4656 67.0
4657 67.0
4658 67.0
4659 67.0
4660 67.0
4661 67.0
4662 67.0
4663 67.0
4664 67.0
4665 67.0
4666 67.0
4667 67.0
4668 67.0
4669 67.0
4670 67.0
4671 67.0
4672 67.0
4673 67.0
4674 67.0
4675 67.0
4676 67.0
4677 67.0
4678 67.0
4679 67.0
4680 67.0
4681 67.0
4682 67.0
4683 67.0
4684 67.0
4685 67.0
4686 67.0
4687 67.0
4688 67.0
4689 67.0
4690 67.0
4691 67.0
4692 67.0
4693 67.0
4694 67.0
4695 67.0
4696 67.0
4697 67.0
4698 67.0
4699 67.0
4700 67.0
4701 67.0
4702 67.0
4703 67.0
4704 67.0
4705 67.0
4706 67.0
4707 67.0
4708 67.0
4709 67.0
4710 67.0
4711 67.0
4712 67.0
4713 67.0
4714 67.0
4715 67.0
4716 67.0
4717 67.0
4718 67.0
4719 67.0
4720 67.0
4721 67.0
4722 67.0
4723 67.0
4724 67.0
4725 67.0
4726 67.0
4727 67.0
4728 67.0
4729 67.0
4730 67.0
4731 67.0
4732 67.0
4733 67.0
4734 67.0
4735 67.0
4736 67.0
4737 67.0
4738 67.0
4739 67.0
4740 67.0
4741 67.0
4742 67.0
4743 67.0
4744 67.0
4745 67.0
4746 67.0
4747 67.0
4748 67.0
4749 67.0
4750 67.0
4751 67.0
4752 67.0
4753 67.0
4754 67.0
4755 67.0
4756 67.0
4757 67.0
4758 67.0
4759 67.0
4760 67.0
4761 67.0
4762 67.0
4763 67.0
4764 67.0
4765 67.0
4766 67.0
4767 67.0
4768 67.0
4769 67.0
4770 67.0
4771 67.0
4772 67.0
4773 67.0
4774 67.0
4775 67.0
4776 67.0
4777 67.0
4778 67.0
4779 67.0
4780 67.0
4781 67.0
4782 67.0
4783 67.0
4784 67.0
4785 67.0
4786 67.0
4787 67.0
4788 67.0
4789 67.0
4790 67.0
4791 67.0
4792 67.0
4793 67.0
4794 67.0
4795 67.0
4796 67.0
4797 67.0
4798 67.0
4799 67.0
4800 67.0
4801 67.0
4802 67.0
4803 67.0
4804 67.0
4805 67.0
4806 67.0
4807 67.0
4808 67.0
4809 67.0
4810 67.0
4811 67.0
4812 67.0
4813 67.0
4814 67.0
4815 67.0
4816 67.0
4817 67.0
4818 67.0
4819 67.0
4820 67.0
4821 67.0
4822 67.0
4823 67.0
4824 67.0
4825 67.0
4826 67.0
4827 67.0
4828 67.0
4829 67.0
4830 67.0
4831 67.0
4832 67.0
4833 67.0
4834 67.0
4835 67.0
4836 67.0
4837 67.0
4838 67.0
4839 67.0
4840 67.0
4841 67.0
4842 67.0
4843 67.0
4844 67.0
4845 67.0
4846 67.0
4847 67.0
4848 67.0
4849 67.0
4850 67.0
4851 67.0
4852 67.0
4853 67.0
4854 67.0
4855 67.0
4856 67.0
4857 67.0
4858 67.0
4859 67.0
4860 67.0
4861 67.0
4862 67.0
4863 67.0
4864 67.0
4865 67.0
4866 67.0
4867 67.0
4868 67.0
4869 67.0
4870 67.0
4871 67.0
4872 67.0
4873 67.0
4874 67.0
4875 67.0
4876 67.0
4877 67.0
4878 67.0
4879 67.0
4880 67.0
4881 67.0
4882 67.0
4883 67.0
4884 67.0
4885 67.0
4886 67.0
4887 67.0
4888 67.0
4889 67.0
4890 67.0
4891 67.0
4892 67.0
4893 67.0
4894 67.0
4895 67.0
4896 67.0
4897 67.0
4898 67.0
4899 67.0
4900 67.0
4901 67.0
4902 67.0
4903 67.0
4904 67.0
4905 67.0
4906 67.0
4907 67.0
4908 67.0
4909 67.0
4910 67.0
4911 67.0
4912 67.0
4913 67.0
4914 67.0
4915 67.0
4916 67.0
4917 67.0
4918 67.0
4919 67.0
4920 67.0
4921 67.0
4922 67.0
4923 67.0
4924 67.0
4925 67.0
4926 67.0
4927 67.0
4928 67.0
4929 67.0
4930 67.0
4931 67.0
4932 67.0
4933 67.0
4934 67.0
4935 67.0
4936 67.0
4937 67.0
4938 67.0
4939 67.0
4940 67.0
4941 67.0
4942 67.0
4943 67.0
4944 67.0
4945 67.0
4946 67.0
4947 67.0
4948 67.0
4949 67.0
4950 67.0
4951 67.0
4952 67.0
4953 67.0
4954 67.0
4955 67.0
4956 67.0
4957 67.0
4958 67.0
4959 67.0
4960 67.0
4961 67.0
4962 67.0
4963 67.0
4964 67.0
4965 67.0
4966 67.0
4967 67.0
4968 67.0
4969 67.0
4970 67.0
4971 67.0
4972 67.0
4973 67.0
4974 67.0
4975 67.0
4976 67.0
4977 67.0
4978 67.0
4979 67.0
4980 67.0
4981 67.0
4982 67.0
4983 67.0
4984 67.0
4985 67.0
4986 67.0
4987 67.0
4988 67.0
4989 67.0
4990 67.0
4991 67.0
4992 67.0
4993 67.0
4994 67.0
4995 67.0
4996 67.0
4997 67.0
4998 67.0
4999 67.0
5000 67.0
5001 67.0
5002 67.0
5003 67.0
5004 67.0
5005 67.0
5006 67.0
5007 67.0
5008 67.0
5009 67.0
5010 67.0
5011 67.0
5012 67.0
5013 67.0
5014 67.0
5015 67.0
5016 67.0
5017 67.0
5018 67.0
5019 67.0
5020 67.0
5021 67.0
5022 67.0
5023 67.0
5024 67.0
5025 67.0
5026 67.0
5027 67.0
5028 67.0
5029 67.0
5030 67.0
5031 67.0
5032 67.0
5033 67.0
5034 67.0
5035 67.0
5036 67.0
5037 67.0
5038 67.0
5039 67.0
5040 67.0
5041 67.0
5042 67.0
5043 67.0
5044 67.0
5045 67.0
5046 67.0
5047 67.0
5048 67.0
5049 67.0
5050 67.0
5051 67.0
5052 67.0
5053 67.0
5054 67.0
5055 67.0
5056 67.0
5057 67.0
5058 67.0
5059 67.0
5060 67.0
5061 67.0
5062 67.0
5063 67.0
5064 67.0
5065 67.0
5066 67.0
5067 67.0
5068 67.0
5069 67.0
5070 67.0
5071 67.0
5072 67.0
5073 67.0
5074 67.0
5075 67.0
5076 67.0
5077 67.0
5078 67.0
5079 67.0
5080 67.0
5081 67.0
5082 67.0
5083 67.0
5084 67.0
5085 67.0
5086 67.0
5087 67.0
5088 67.0
5089 67.0
5090 67.0
5091 67.0
5092 67.0
5093 67.0
5094 67.0
5095 67.0
5096 67.0
5097 67.0
5098 67.0
5099 67.0
5100 67.0
5101 67.0
5102 67.0
5103 67.0
5104 67.0
5105 67.0
5106 67.0
5107 67.0
5108 67.0
5109 67.0
5110 67.0
5111 67.0
5112 67.0
5113 67.0
5114 67.0
5115 67.0
5116 67.0
5117 67.0
5118 67.0
5119 67.0
5120 67.0
5121 67.0
5122 67.0
5123 67.0
5124 67.0
5125 67.0
5126 67.0
5127 67.0
5128 67.0
5129 67.0
5130 67.0
5131 67.0
5132 67.0
5133 67.0
5134 67.0
5135 67.0
5136 67.0
5137 67.0
5138 67.0
5139 67.0
5140 67.0
5141 67.0
5142 67.0
5143 67.0
5144 67.0
5145 67.0
5146 67.0
5147 67.0
5148 67.0
5149 67.0
5150 67.0
5151 67.0
5152 67.0
5153 67.0
5154 67.0
5155 67.0
5156 67.0
5157 67.0
5158 67.0
5159 67.0
5160 67.0
5161 67.0
5162 67.0
5163 67.0
5164 67.0
5165 67.0
5166 67.0
5167 67.0
5168 67.0
5169 67.0
5170 67.0
5171 67.0
5172 67.0
5173 67.0
5174 67.0
5175 67.0
5176 67.0
5177 67.0
5178 67.0
5179 67.0
5180 67.0
5181 67.0
5182 67.0
5183 67.0
5184 67.0
5185 67.0
5186 67.0
5187 67.0
5188 67.0
5189 67.0
5190 67.0
5191 67.0
5192 67.0
5193 67.0
5194 67.0
5195 67.0
5196 67.0
5197 67.0
5198 67.0
5199 67.0
5200 67.0
5201 67.0
5202 67.0
5203 67.0
5204 67.0
5205 67.0
5206 67.0
5207 67.0
5208 67.0
5209 67.0
5210 67.0
5211 67.0
5212 67.0
5213 67.0
5214 67.0
5215 67.0
5216 67.0
5217 67.0
5218 67.0
5219 67.0
5220 67.0
5221 67.0
5222 67.0
5223 67.0
5224 67.0
5225 67.0
5226 67.0
5227 67.0
5228 67.0
5229 67.0
5230 67.0
5231 67.0
5232 67.0
5233 67.0
5234 67.0
5235 67.0
5236 67.0
5237 67.0
5238 67.0
5239 67.0
5240 67.0
5241 67.0
5242 67.0
5243 67.0
5244 67.0
5245 67.0
5246 67.0
5247 67.0
5248 67.0
5249 67.0
5250 67.0
5251 67.0
5252 67.0
5253 67.0
5254 67.0
5255 67.0
5256 67.0
5257 67.0
5258 67.0
5259 67.0
5260 67.0
5261 67.0
5262 67.0
5263 67.0
5264 67.0
5265 67.0
5266 67.0
5267 67.0
5268 67.0
5269 67.0
5270 67.0
5271 67.0
5272 67.0
5273 67.0
5274 67.0
5275 67.0
5276 67.0
5277 67.0
5278 67.0
5279 67.0
5280 67.0
5281 67.0
5282 67.0
5283 67.0
5284 67.0
5285 67.0
5286 67.0
5287 67.0
5288 67.0
5289 67.0
5290 67.0
5291 67.0
5292 67.0
5293 67.0
5294 67.0
5295 67.0
5296 67.0
5297 67.0
5298 67.0
5299 67.0
5300 67.0
5301 67.0
5302 67.0
5303 67.0
5304 67.0
5305 67.0
5306 67.0
5307 67.0
5308 67.0
5309 67.0
5310 67.0
5311 67.0
5312 67.0
5313 67.0
5314 67.0
5315 67.0
5316 67.0
5317 67.0
5318 67.0
5319 67.0
5320 67.0
5321 67.0
5322 67.0
5323 67.0
5324 67.0
5325 67.0
5326 67.0
5327 67.0
5328 67.0
5329 67.0
5330 67.0
5331 67.0
5332 67.0
5333 67.0
5334 67.0
5335 67.0
5336 67.0
5337 67.0
5338 67.0
5339 67.0
5340 67.0
5341 67.0
5342 67.0
5343 67.0
5344 67.0
5345 67.0
5346 67.0
5347 67.0
5348 67.0
5349 67.0
5350 67.0
5351 67.0
5352 67.0
5353 67.0
5354 67.0
5355 67.0
5356 67.0
5357 67.0
5358 67.0
5359 67.0
5360 67.0
5361 67.0
5362 67.0
5363 67.0
5364 67.0
5365 67.0
5366 67.0
5367 67.0
5368 67.0
5369 67.0
5370 67.0
5371 67.0
5372 67.0
5373 67.0
5374 67.0
5375 67.0
5376 67.0
5377 67.0
5378 67.0
5379 67.0
5380 67.0
5381 67.0
5382 67.0
5383 67.0
5384 67.0
5385 67.0
5386 67.0
5387 71.0
5388 71.0
5389 71.0
5390 71.0
5391 71.0
5392 71.0
5393 71.0
5394 71.0
5395 71.0
5396 71.0
5397 71.0
5398 71.0
5399 71.0
5400 71.0
5401 71.0
5402 71.0
5403 71.0
5404 71.0
5405 71.0
5406 71.0
5407 71.0
5408 71.0
5409 71.0
5410 71.0
5411 71.0
5412 71.0
5413 71.0
5414 71.0
5415 71.0
5416 71.0
5417 71.0
5418 71.0
5419 71.0
5420 71.0
5421 71.0
5422 71.0
5423 71.0
5424 71.0
5425 71.0
5426 71.0
5427 71.0
5428 71.0
5429 71.0
5430 71.0
5431 71.0
5432 71.0
5433 71.0
5434 71.0
5435 71.0
5436 71.0
5437 71.0
5438 71.0
5439 71.0
5440 71.0
5441 71.0
5442 71.0
5443 71.0
5444 71.0
5445 71.0
5446 71.0
5447 71.0
5448 71.0
5449 71.0
5450 71.0
5451 71.0
5452 71.0
5453 71.0
5454 71.0
5455 71.0
5456 71.0
5457 71.0
5458 71.0
5459 71.0
5460 71.0
5461 71.0
5462 71.0
5463 71.0
5464 71.0
5465 71.0
5466 71.0
5467 71.0
5468 71.0
5469 71.0
5470 71.0
5471 71.0
5472 71.0
5473 71.0
5474 71.0
5475 71.0
5476 71.0
5477 71.0
5478 71.0
5479 71.0
5480 71.0
5481 71.0
5482 71.0
5483 71.0
5484 71.0
5485 71.0
5486 71.0
5487 71.0
5488 71.0
5489 71.0
5490 71.0
5491 71.0
5492 71.0
5493 71.0
5494 71.0
5495 71.0
5496 71.0
5497 71.0
5498 71.0
5499 71.0
5500 71.0
5501 71.0
5502 71.0
5503 71.0
5504 71.0
5505 71.0
5506 71.0
5507 71.0
5508 71.0
5509 71.0
5510 71.0
5511 71.0
5512 71.0
5513 71.0
5514 71.0
5515 71.0
5516 71.0
5517 71.0
5518 71.0
5519 71.0
5520 71.0
5521 71.0
5522 71.0
5523 71.0
5524 71.0
5525 71.0
5526 71.0
5527 71.0
5528 71.0
5529 71.0
5530 71.0
5531 71.0
5532 71.0
5533 71.0
5534 71.0
5535 71.0
5536 71.0
5537 71.0
5538 71.0
5539 71.0
5540 71.0
5541 71.0
5542 71.0
5543 71.0
5544 71.0
5545 71.0
5546 71.0
5547 71.0
5548 71.0
5549 71.0
5550 71.0
5551 71.0
5552 71.0
5553 71.0
5554 71.0
5555 71.0
5556 71.0
5557 71.0
5558 71.0
5559 71.0
5560 71.0
5561 71.0
5562 71.0
5563 71.0
5564 71.0
5565 71.0
5566 71.0
5567 71.0
5568 71.0
5569 71.0
5570 71.0
5571 71.0
5572 71.0
5573 71.0
5574 71.0
5575 71.0
5576 71.0
5577 71.0
5578 71.0
5579 71.0
5580 71.0
5581 71.0
5582 71.0
5583 71.0
5584 71.0
5585 71.0
5586 71.0
5587 71.0
5588 71.0
5589 71.0
5590 71.0
5591 71.0
5592 71.0
5593 71.0
5594 71.0
5595 71.0
5596 71.0
5597 71.0
5598 71.0
5599 71.0
5600 71.0
5601 71.0
5602 71.0
5603 71.0
5604 71.0
5605 71.0
5606 71.0
5607 71.0
5608 71.0
5609 71.0
5610 71.0
5611 71.0
5612 71.0
5613 71.0
5614 71.0
5615 71.0
5616 71.0
5617 71.0
5618 71.0
5619 71.0
5620 71.0
5621 71.0
5622 71.0
5623 71.0
5624 71.0
5625 71.0
5626 71.0
5627 71.0
5628 71.0
5629 71.0
5630 71.0
5631 71.0
5632 71.0
5633 71.0
5634 71.0
5635 71.0
5636 71.0
5637 71.0
5638 71.0
5639 71.0
5640 71.0
5641 71.0
5642 71.0
5643 71.0
5644 71.0
5645 71.0
5646 71.0
5647 71.0
5648 71.0
5649 71.0
5650 71.0
5651 71.0
5652 71.0
5653 71.0
5654 71.0
5655 71.0
5656 71.0
5657 71.0
5658 71.0
5659 71.0
5660 71.0
5661 71.0
5662 71.0
5663 71.0
5664 71.0
5665 71.0
5666 71.0
5667 71.0
5668 71.0
5669 71.0
5670 71.0
5671 71.0
5672 71.0
5673 71.0
5674 71.0
5675 71.0
5676 71.0
5677 71.0
5678 71.0
5679 71.0
5680 71.0
5681 71.0
5682 71.0
5683 71.0
5684 71.0
5685 71.0
5686 71.0
5687 71.0
5688 71.0
5689 71.0
5690 71.0
5691 71.0
5692 71.0
5693 71.0
5694 71.0
5695 71.0
5696 71.0
5697 71.0
5698 71.0
5699 71.0
5700 71.0
5701 71.0
5702 71.0
5703 71.0
5704 71.0
5705 71.0
5706 71.0
5707 71.0
5708 71.0
5709 71.0
5710 71.0
5711 71.0
5712 71.0
5713 71.0
5714 71.0
5715 71.0
5716 71.0
5717 71.0
5718 71.0
5719 71.0
5720 71.0
5721 71.0
5722 71.0
5723 71.0
5724 71.0
5725 71.0
5726 71.0
5727 71.0
5728 71.0
5729 71.0
5730 71.0
5731 71.0
5732 71.0
5733 71.0
5734 71.0
5735 71.0
5736 71.0
5737 71.0
5738 71.0
5739 71.0
5740 71.0
5741 71.0
5742 71.0
5743 71.0
5744 71.0
5745 71.0
5746 71.0
5747 71.0
5748 71.0
5749 71.0
5750 71.0
5751 71.0
5752 71.0
5753 71.0
5754 71.0
5755 71.0
5756 71.0
5757 71.0
5758 71.0
5759 71.0
5760 71.0
5761 71.0
5762 71.0
5763 71.0
5764 71.0
5765 71.0
5766 71.0
5767 71.0
5768 71.0
5769 71.0
5770 71.0
5771 71.0
5772 71.0
5773 71.0
5774 71.0
5775 71.0
5776 71.0
5777 71.0
5778 71.0
5779 71.0
5780 71.0
5781 71.0
5782 71.0
5783 71.0
5784 71.0
5785 71.0
5786 71.0
5787 71.0
5788 71.0
5789 71.0
5790 71.0
5791 71.0
5792 71.0
5793 71.0
5794 71.0
5795 71.0
5796 71.0
5797 71.0
5798 71.0
5799 71.0
5800 71.0
5801 71.0
5802 71.0
5803 71.0
5804 71.0
5805 71.0
5806 71.0
5807 71.0
5808 71.0
5809 71.0
5810 71.0
5811 71.0
5812 71.0
5813 71.0
5814 71.0
5815 71.0
5816 71.0
5817 71.0
5818 71.0
5819 71.0
5820 71.0
5821 71.0
5822 71.0
5823 71.0
5824 71.0
5825 71.0
5826 71.0
5827 71.0
5828 71.0
5829 71.0
5830 71.0
5831 71.0
5832 71.0
5833 71.0
5834 71.0
5835 71.0
5836 71.0
5837 71.0
5838 71.0
5839 71.0
5840 71.0
5841 71.0
5842 71.0
5843 71.0
5844 71.0
5845 71.0
5846 71.0
5847 71.0
5848 71.0
5849 71.0
5850 71.0
5851 71.0
5852 71.0
5853 71.0
5854 71.0
5855 71.0
5856 71.0
5857 71.0
5858 71.0
5859 71.0
5860 71.0
5861 71.0
5862 71.0
5863 71.0
5864 71.0
5865 71.0
5866 71.0
5867 71.0
5868 71.0
5869 71.0
5870 71.0
5871 71.0
5872 71.0
5873 71.0
5874 71.0
5875 71.0
5876 71.0
5877 71.0
5878 71.0
5879 71.0
5880 71.0
5881 71.0
5882 71.0
5883 71.0
5884 71.0
5885 71.0
5886 71.0
5887 71.0
5888 71.0
5889 71.0
5890 71.0
5891 71.0
5892 71.0
5893 71.0
5894 71.0
5895 71.0
5896 71.0
5897 71.0
5898 71.0
5899 71.0
5900 71.0
5901 71.0
5902 71.0
5903 71.0
5904 71.0
5905 71.0
5906 71.0
5907 71.0
5908 71.0
5909 71.0
5910 71.0
5911 71.0
5912 71.0
5913 71.0
5914 71.0
5915 71.0
5916 71.0
5917 71.0
5918 71.0
5919 71.0
5920 71.0
5921 71.0
5922 71.0
5923 71.0
5924 71.0
5925 71.0
5926 71.0
5927 71.0
5928 71.0
5929 71.0
5930 71.0
5931 71.0
5932 71.0
5933 71.0
5934 71.0
5935 71.0
5936 71.0
5937 71.0
5938 71.0
5939 71.0
5940 71.0
5941 71.0
5942 71.0
5943 71.0
5944 71.0
5945 71.0
5946 71.0
5947 71.0
5948 71.0
5949 71.0
5950 71.0
5951 71.0
5952 71.0
5953 71.0
5954 71.0
5955 71.0
5956 71.0
5957 71.0
5958 71.0
5959 71.0
5960 71.0
5961 71.0
5962 71.0
5963 71.0
5964 71.0
5965 71.0
5966 71.0
5967 71.0
5968 71.0
5969 71.0
5970 71.0
5971 71.0
5972 71.0
5973 71.0
5974 71.0
5975 71.0
5976 71.0
5977 71.0
5978 71.0
5979 71.0
5980 71.0
5981 71.0
5982 71.0
5983 71.0
5984 71.0
5985 71.0
5986 71.0
5987 71.0
5988 71.0
5989 71.0
5990 71.0
5991 71.0
5992 71.0
5993 71.0
5994 71.0
5995 71.0
5996 71.0
5997 71.0
5998 71.0
5999 71.0
6000 71.0
6001 71.0
6002 71.0
6003 71.0
6004 71.0
6005 71.0
6006 71.0
6007 71.0
6008 71.0
6009 71.0
6010 71.0
6011 71.0
6012 71.0
6013 71.0
6014 71.0
6015 71.0
6016 71.0
6017 71.0
6018 71.0
6019 71.0
6020 71.0
6021 71.0
6022 71.0
6023 71.0
6024 71.0
6025 71.0
6026 71.0
6027 71.0
6028 71.0
6029 71.0
6030 71.0
6031 71.0
6032 71.0
6033 71.0
6034 71.0
6035 71.0
6036 71.0
6037 71.0
6038 71.0
6039 71.0
6040 71.0
6041 71.0
6042 71.0
6043 71.0
6044 71.0
6045 71.0
6046 71.0
6047 71.0
6048 71.0
6049 71.0
6050 71.0
6051 71.0
6052 71.0
6053 71.0
6054 71.0
6055 71.0
6056 71.0
6057 71.0
6058 71.0
6059 71.0
6060 71.0
6061 71.0
6062 71.0
6063 71.0
6064 71.0
6065 71.0
6066 71.0
6067 71.0
6068 71.0
6069 71.0
6070 71.0
6071 71.0
6072 71.0
6073 71.0
6074 71.0
6075 71.0
6076 71.0
6077 71.0
6078 71.0
6079 71.0
6080 71.0
6081 71.0
6082 71.0
6083 71.0
6084 71.0
6085 71.0
6086 71.0
6087 71.0
6088 71.0
6089 71.0
6090 71.0
6091 71.0
6092 71.0
6093 71.0
6094 71.0
6095 71.0
6096 71.0
6097 71.0
6098 71.0
6099 71.0
6100 71.0
6101 71.0
6102 71.0
6103 71.0
6104 71.0
6105 71.0
6106 71.0
6107 71.0
6108 71.0
6109 71.0
6110 71.0
6111 71.0
6112 71.0
6113 71.0
6114 71.0
6115 71.0
6116 71.0
6117 71.0
6118 71.0
6119 71.0
6120 71.0
6121 71.0
6122 71.0
6123 71.0
6124 71.0
6125 71.0
6126 71.0
6127 71.0
6128 71.0
6129 71.0
6130 71.0
6131 71.0
6132 71.0
6133 71.0
6134 71.0
6135 71.0
6136 71.0
6137 71.0
6138 71.0
6139 71.0
6140 71.0
6141 71.0
6142 71.0
6143 71.0
6144 71.0
6145 71.0
6146 71.0
6147 71.0
6148 71.0
6149 71.0
6150 71.0
6151 71.0
6152 71.0
6153 71.0
6154 71.0
6155 71.0
6156 71.0
6157 71.0
6158 71.0
6159 71.0
6160 71.0
6161 71.0
6162 71.0
6163 71.0
6164 71.0
6165 71.0
6166 71.0
6167 71.0
6168 71.0
6169 71.0
6170 71.0
6171 71.0
6172 71.0
6173 71.0
6174 71.0
6175 71.0
6176 71.0
6177 71.0
6178 71.0
6179 71.0
6180 71.0
6181 71.0
6182 71.0
6183 71.0
6184 71.0
6185 71.0
6186 71.0
6187 71.0
6188 71.0
6189 71.0
6190 71.0
6191 71.0
6192 71.0
6193 71.0
6194 71.0
6195 71.0
6196 71.0
6197 71.0
6198 71.0
6199 71.0
6200 71.0
6201 71.0
6202 71.0
6203 71.0
6204 71.0
6205 71.0
6206 71.0
6207 71.0
6208 71.0
6209 71.0
6210 71.0
6211 71.0
6212 71.0
6213 71.0
6214 71.0
6215 71.0
6216 71.0
6217 71.0
6218 71.0
6219 71.0
6220 71.0
6221 71.0
6222 71.0
6223 71.0
6224 71.0
6225 71.0
6226 71.0
6227 71.0
6228 71.0
6229 71.0
6230 71.0
6231 71.0
6232 71.0
6233 71.0
6234 71.0
6235 71.0
6236 71.0
6237 71.0
6238 71.0
6239 71.0
6240 71.0
6241 71.0
6242 71.0
6243 71.0
6244 71.0
6245 71.0
6246 71.0
6247 71.0
6248 71.0
6249 71.0
6250 71.0
6251 71.0
6252 71.0
6253 71.0
6254 71.0
6255 71.0
6256 71.0
6257 71.0
6258 71.0
6259 71.0
6260 71.0
6261 71.0
6262 71.0
6263 71.0
6264 71.0
6265 71.0
6266 71.0
6267 71.0
6268 71.0
6269 71.0
6270 71.0
6271 71.0
6272 71.0
6273 71.0
6274 71.0
6275 71.0
6276 71.0
6277 71.0
6278 71.0
6279 71.0
6280 71.0
6281 71.0
6282 71.0
6283 71.0
6284 71.0
6285 71.0
6286 71.0
6287 71.0
6288 71.0
6289 71.0
6290 71.0
6291 71.0
6292 71.0
6293 71.0
6294 71.0
6295 71.0
6296 71.0
6297 71.0
6298 71.0
6299 71.0
6300 71.0
6301 71.0
6302 71.0
6303 71.0
6304 71.0
6305 71.0
6306 71.0
6307 71.0
6308 71.0
6309 71.0
6310 71.0
6311 71.0
6312 71.0
6313 71.0
6314 71.0
6315 71.0
6316 71.0
6317 71.0
6318 71.0
6319 71.0
6320 71.0
6321 71.0
6322 71.0
6323 71.0
6324 71.0
6325 71.0
6326 71.0
6327 71.0
6328 71.0
6329 71.0
6330 71.0
6331 71.0
6332 71.0
6333 71.0
6334 71.0
6335 71.0
6336 71.0
6337 71.0
6338 71.0
6339 71.0
6340 71.0
6341 71.0
6342 71.0
6343 71.0
6344 71.0
6345 71.0
6346 71.0
6347 71.0
6348 71.0
6349 71.0
6350 71.0
6351 71.0
6352 71.0
6353 71.0
6354 71.0
6355 71.0
6356 71.0
6357 71.0
6358 71.0
6359 71.0
6360 71.0
6361 71.0
6362 71.0
6363 71.0
6364 71.0
6365 71.0
6366 71.0
6367 71.0
6368 71.0
6369 71.0
6370 71.0
6371 71.0
6372 71.0
6373 71.0
6374 71.0
6375 71.0
6376 71.0
6377 71.0
6378 71.0
6379 71.0
6380 71.0
6381 71.0
6382 71.0
6383 71.0
6384 71.0
6385 71.0
6386 71.0
6387 71.0
6388 71.0
6389 71.0
6390 71.0
6391 71.0
6392 71.0
6393 71.0
6394 71.0
6395 71.0
6396 71.0
6397 71.0
6398 71.0
6399 71.0
6400 71.0
6401 71.0
6402 71.0
6403 71.0
6404 71.0
6405 71.0
6406 71.0
6407 71.0
6408 71.0
6409 71.0
6410 71.0
6411 71.0
6412 71.0
6413 71.0
6414 71.0
6415 71.0
6416 71.0
6417 71.0
6418 71.0
6419 71.0
6420 71.0
6421 71.0
6422 71.0
6423 71.0
6424 71.0
6425 71.0
6426 71.0
6427 71.0
6428 71.0
6429 71.0
6430 71.0
6431 71.0
6432 71.0
6433 71.0
6434 71.0
6435 71.0
6436 71.0
6437 71.0
6438 71.0
6439 71.0
6440 71.0
6441 71.0
6442 71.0
6443 71.0
6444 71.0
6445 71.0
6446 71.0
6447 71.0
6448 71.0
6449 71.0
6450 71.0
6451 71.0
6452 71.0
6453 71.0
6454 71.0
6455 71.0
6456 71.0
6457 71.0
6458 71.0
6459 71.0
6460 71.0
6461 71.0
6462 71.0
6463 71.0
6464 71.0
6465 71.0
6466 71.0
6467 71.0
6468 71.0
6469 71.0
6470 71.0
6471 71.0
6472 71.0
6473 71.0
6474 71.0
6475 71.0
6476 71.0
6477 71.0
6478 71.0
6479 71.0
6480 71.0
6481 71.0
6482 71.0
6483 71.0
6484 71.0
6485 71.0
6486 71.0
6487 71.0
6488 71.0
6489 71.0
6490 71.0
6491 71.0
6492 71.0
6493 71.0
6494 71.0
6495 71.0
6496 71.0
6497 71.0
6498 71.0
6499 71.0
6500 71.0
6501 71.0
6502 71.0
6503 71.0
6504 71.0
6505 71.0
6506 71.0
6507 71.0
6508 71.0
6509 71.0
6510 71.0
6511 71.0
6512 71.0
6513 71.0
6514 71.0
6515 71.0
6516 71.0
6517 71.0
6518 71.0
6519 71.0
6520 71.0
6521 71.0
6522 71.0
6523 71.0
6524 71.0
6525 71.0
6526 71.0
6527 71.0
6528 71.0
6529 71.0
6530 71.0
6531 71.0
6532 71.0
6533 71.0
6534 71.0
6535 71.0
6536 71.0
6537 71.0
6538 71.0
6539 71.0
6540 71.0
6541 71.0
6542 71.0
6543 71.0
6544 71.0
6545 71.0
6546 71.0
6547 71.0
6548 71.0
6549 71.0
6550 71.0
6551 71.0
6552 71.0
6553 71.0
6554 71.0
6555 71.0
6556 71.0
6557 71.0
6558 71.0
6559 71.0
6560 71.0
6561 71.0
6562 71.0
6563 71.0
6564 71.0
6565 71.0
6566 71.0
6567 71.0
6568 71.0
6569 71.0
6570 71.0
6571 71.0
6572 71.0
6573 71.0
6574 71.0
6575 71.0
6576 71.0
6577 71.0
6578 71.0
6579 71.0
6580 71.0
6581 71.0
6582 71.0
6583 71.0
6584 71.0
6585 71.0
6586 71.0
6587 71.0
6588 71.0
6589 71.0
6590 71.0
6591 71.0
6592 71.0
6593 71.0
6594 71.0
6595 71.0
6596 71.0
6597 71.0
6598 71.0
6599 71.0
6600 71.0
6601 71.0
6602 71.0
6603 71.0
6604 71.0
6605 71.0
6606 71.0
6607 71.0
6608 71.0
6609 71.0
6610 71.0
6611 71.0
6612 71.0
6613 71.0
6614 71.0
6615 71.0
6616 71.0
6617 71.0
6618 71.0
6619 71.0
6620 71.0
6621 71.0
6622 71.0
6623 71.0
6624 71.0
6625 71.0
6626 71.0
6627 71.0
6628 71.0
6629 71.0
6630 71.0
6631 71.0
6632 71.0
6633 71.0
6634 71.0
6635 71.0
6636 71.0
6637 71.0
6638 71.0
6639 71.0
6640 71.0
6641 71.0
6642 71.0
6643 71.0
6644 71.0
6645 71.0
6646 71.0
6647 71.0
6648 71.0
6649 71.0
6650 71.0
6651 71.0
6652 71.0
6653 71.0
6654 71.0
6655 71.0
6656 71.0
6657 71.0
6658 71.0
6659 71.0
6660 71.0
6661 71.0
6662 71.0
6663 71.0
6664 71.0
6665 71.0
6666 71.0
6667 71.0
6668 71.0
6669 71.0
6670 71.0
6671 71.0
6672 71.0
6673 71.0
6674 71.0
6675 71.0
6676 71.0
6677 71.0
6678 71.0
6679 71.0
6680 71.0
6681 71.0
6682 71.0
6683 71.0
6684 71.0
6685 71.0
6686 71.0
6687 71.0
6688 71.0
6689 71.0
6690 71.0
6691 71.0
6692 71.0
6693 71.0
6694 71.0
6695 71.0
6696 71.0
6697 71.0
6698 71.0
6699 71.0
6700 71.0
6701 71.0
6702 71.0
6703 71.0
6704 71.0
6705 71.0
6706 71.0
6707 71.0
6708 71.0
6709 71.0
6710 71.0
6711 71.0
6712 71.0
6713 71.0
6714 71.0
6715 71.0
6716 71.0
6717 71.0
6718 71.0
6719 71.0
6720 71.0
6721 71.0
6722 71.0
6723 71.0
6724 71.0
6725 71.0
6726 71.0
6727 71.0
6728 71.0
6729 71.0
6730 71.0
6731 71.0
6732 71.0
6733 71.0
6734 71.0
6735 71.0
6736 71.0
6737 71.0
6738 71.0
6739 71.0
6740 71.0
6741 71.0
6742 71.0
6743 71.0
6744 71.0
6745 71.0
6746 71.0
6747 71.0
6748 71.0
6749 71.0
6750 71.0
6751 71.0
6752 71.0
6753 71.0
6754 71.0
6755 71.0
6756 71.0
6757 71.0
6758 71.0
6759 71.0
6760 71.0
6761 71.0
6762 71.0
6763 71.0
6764 71.0
6765 71.0
6766 71.0
6767 71.0
6768 71.0
6769 71.0
6770 71.0
6771 71.0
6772 71.0
6773 71.0
6774 71.0
6775 71.0
6776 71.0
6777 71.0
6778 71.0
6779 71.0
6780 71.0
6781 71.0
6782 71.0
6783 71.0
6784 71.0
6785 71.0
6786 71.0
6787 71.0
6788 71.0
6789 71.0
6790 71.0
6791 71.0
6792 71.0
6793 71.0
6794 71.0
6795 71.0
6796 71.0
6797 71.0
6798 71.0
6799 71.0
6800 71.0
6801 71.0
6802 71.0
6803 71.0
6804 71.0
6805 71.0
6806 71.0
6807 71.0
6808 71.0
6809 71.0
6810 71.0
6811 71.0
6812 71.0
6813 71.0
6814 71.0
6815 71.0
6816 71.0
6817 71.0
6818 71.0
6819 71.0
6820 71.0
6821 71.0
6822 71.0
6823 71.0
6824 71.0
6825 71.0
6826 71.0
6827 71.0
6828 71.0
6829 71.0
6830 71.0
6831 71.0
6832 71.0
6833 71.0
6834 71.0
6835 71.0
6836 71.0
6837 71.0
6838 71.0
6839 71.0
6840 71.0
6841 71.0
6842 71.0
6843 71.0
6844 71.0
6845 71.0
6846 71.0
6847 71.0
6848 71.0
6849 71.0
6850 71.0
6851 71.0
6852 71.0
6853 71.0
6854 71.0
6855 71.0
6856 71.0
6857 71.0
6858 71.0
6859 71.0
6860 71.0
6861 71.0
6862 71.0
6863 71.0
6864 71.0
6865 71.0
6866 71.0
6867 71.0
6868 71.0
6869 71.0
6870 71.0
6871 71.0
6872 71.0
6873 71.0
6874 71.0
6875 71.0
6876 71.0
6877 71.0
6878 71.0
6879 71.0
6880 71.0
6881 71.0
6882 71.0
6883 71.0
6884 71.0
6885 71.0
6886 71.0
6887 71.0
6888 71.0
6889 71.0
6890 71.0
6891 71.0
6892 71.0
6893 71.0
6894 71.0
6895 71.0
6896 71.0
6897 71.0
6898 71.0
6899 71.0
6900 71.0
6901 71.0
6902 71.0
6903 71.0
6904 71.0
6905 71.0
6906 71.0
6907 71.0
6908 71.0
6909 71.0
6910 71.0
6911 71.0
6912 71.0
6913 71.0
6914 71.0
6915 71.0
6916 71.0
6917 71.0
6918 71.0
6919 71.0
6920 71.0
6921 71.0
6922 71.0
6923 71.0
6924 71.0
6925 71.0
6926 71.0
6927 71.0
6928 71.0
6929 71.0
6930 71.0
6931 71.0
6932 71.0
6933 71.0
6934 71.0
6935 71.0
6936 71.0
6937 71.0
6938 71.0
6939 71.0
6940 71.0
6941 71.0
6942 71.0
6943 71.0
6944 71.0
6945 71.0
6946 71.0
6947 71.0
6948 71.0
6949 71.0
6950 71.0
6951 71.0
6952 71.0
6953 71.0
6954 71.0
6955 71.0
6956 71.0
6957 71.0
6958 71.0
6959 71.0
6960 71.0
6961 71.0
6962 71.0
6963 71.0
6964 71.0
6965 71.0
6966 71.0
6967 71.0
6968 71.0
6969 71.0
6970 71.0
6971 71.0
6972 71.0
6973 71.0
6974 71.0
6975 71.0
6976 71.0
6977 71.0
6978 71.0
6979 71.0
6980 71.0
6981 71.0
6982 71.0
6983 71.0
6984 71.0
6985 71.0
6986 71.0
6987 71.0
6988 71.0
6989 71.0
6990 71.0
6991 71.0
6992 71.0
6993 71.0
6994 71.0
6995 71.0
6996 71.0
6997 71.0
6998 71.0
6999 71.0
7000 71.0
7001 71.0
7002 71.0
7003 71.0
7004 71.0
7005 71.0
7006 71.0
7007 71.0
7008 71.0
7009 71.0
7010 71.0
7011 71.0
7012 71.0
7013 71.0
7014 71.0
7015 71.0
7016 71.0
7017 71.0
7018 71.0
7019 71.0
7020 71.0
7021 71.0
7022 71.0
7023 71.0
7024 71.0
7025 71.0
7026 71.0
7027 71.0
7028 71.0
7029 71.0
7030 71.0
7031 71.0
7032 71.0
7033 71.0
7034 71.0
7035 71.0
7036 71.0
7037 71.0
7038 71.0
7039 71.0
7040 71.0
7041 71.0
7042 71.0
7043 71.0
7044 71.0
7045 71.0
7046 71.0
7047 71.0
7048 71.0
7049 71.0
7050 71.0
7051 71.0
7052 71.0
7053 71.0
7054 71.0
7055 71.0
7056 71.0
7057 71.0
7058 71.0
7059 71.0
7060 71.0
7061 71.0
7062 71.0
7063 71.0
7064 71.0
7065 71.0
7066 71.0
7067 71.0
7068 71.0
7069 71.0
7070 71.0
7071 71.0
7072 71.0
7073 71.0
7074 71.0
7075 71.0
7076 71.0
7077 71.0
7078 71.0
7079 71.0
7080 71.0
7081 71.0
7082 71.0
7083 71.0
7084 71.0
7085 71.0
7086 71.0
7087 71.0
7088 71.0
7089 71.0
7090 71.0
7091 71.0
7092 71.0
7093 71.0
7094 71.0
7095 71.0
7096 71.0
7097 71.0
7098 71.0
7099 71.0
7100 71.0
7101 71.0
7102 71.0
7103 71.0
7104 71.0
7105 71.0
7106 71.0
7107 71.0
7108 71.0
7109 71.0
7110 71.0
7111 71.0
7112 71.0
7113 71.0
7114 71.0
7115 71.0
7116 71.0
7117 71.0
7118 71.0
7119 71.0
7120 71.0
7121 71.0
7122 71.0
7123 71.0
7124 71.0
7125 71.0
7126 71.0
7127 71.0
7128 71.0
7129 71.0
7130 71.0
7131 71.0
7132 71.0
7133 71.0
7134 71.0
7135 71.0
7136 71.0
7137 71.0
7138 71.0
7139 71.0
7140 71.0
7141 71.0
7142 71.0
7143 71.0
7144 71.0
7145 71.0
7146 71.0
7147 71.0
7148 71.0
7149 71.0
7150 71.0
7151 71.0
7152 71.0
7153 71.0
7154 71.0
7155 71.0
7156 71.0
7157 71.0
7158 71.0
7159 71.0
7160 71.0
7161 71.0
7162 71.0
7163 71.0
7164 71.0
7165 71.0
7166 71.0
7167 71.0
7168 71.0
7169 71.0
7170 71.0
7171 71.0
7172 71.0
7173 71.0
7174 71.0
7175 71.0
7176 71.0
7177 71.0
7178 71.0
7179 71.0
7180 71.0
7181 71.0
7182 71.0
7183 71.0
7184 71.0
7185 71.0
7186 71.0
7187 71.0
7188 71.0
7189 71.0
7190 71.0
7191 71.0
7192 71.0
7193 71.0
7194 71.0
7195 71.0
7196 71.0
7197 71.0
7198 71.0
7199 71.0
7200 71.0
7201 71.0
7202 71.0
7203 71.0
7204 71.0
7205 71.0
7206 71.0
7207 71.0
7208 71.0
7209 71.0
7210 71.0
7211 71.0
7212 71.0
7213 71.0
7214 71.0
7215 71.0
7216 71.0
7217 71.0
7218 71.0
7219 71.0
7220 71.0
7221 71.0
7222 71.0
7223 71.0
7224 71.0
7225 71.0
7226 71.0
7227 71.0
7228 71.0
7229 71.0
7230 71.0
7231 71.0
7232 71.0
7233 71.0
7234 71.0
7235 71.0
7236 71.0
7237 71.0
7238 71.0
7239 71.0
7240 71.0
7241 71.0
7242 71.0
7243 71.0
7244 71.0
7245 71.0
7246 71.0
7247 71.0
7248 71.0
7249 71.0
7250 71.0
7251 71.0
7252 71.0
7253 71.0
7254 71.0
7255 71.0
7256 71.0
7257 71.0
7258 71.0
7259 71.0
7260 71.0
7261 71.0
7262 71.0
7263 71.0
7264 71.0
7265 71.0
7266 71.0
7267 71.0
7268 71.0
7269 71.0
7270 71.0
7271 71.0
7272 71.0
7273 71.0
7274 71.0
7275 71.0
7276 71.0
7277 71.0
7278 71.0
7279 71.0
7280 71.0
7281 71.0
7282 71.0
7283 71.0
7284 71.0
7285 71.0
7286 71.0
7287 71.0
7288 71.0
7289 71.0
7290 71.0
7291 71.0
7292 71.0
7293 71.0
7294 71.0
7295 71.0
7296 71.0
7297 71.0
7298 71.0
7299 71.0
7300 71.0
7301 71.0
7302 71.0
7303 71.0
7304 71.0
7305 71.0
7306 71.0
7307 71.0
7308 71.0
7309 71.0
7310 71.0
7311 71.0
7312 71.0
7313 71.0
7314 71.0
7315 71.0
7316 71.0
7317 71.0
7318 71.0
7319 71.0
7320 71.0
7321 71.0
7322 71.0
7323 71.0
7324 71.0
7325 71.0
7326 71.0
7327 71.0
7328 71.0
7329 71.0
7330 71.0
7331 71.0
7332 71.0
7333 71.0
7334 71.0
7335 71.0
7336 71.0
7337 71.0
7338 71.0
7339 71.0
7340 71.0
7341 71.0
7342 71.0
7343 71.0
7344 71.0
7345 71.0
7346 71.0
7347 71.0
7348 71.0
7349 71.0
7350 71.0
7351 71.0
7352 71.0
7353 71.0
7354 71.0
7355 71.0
7356 71.0
7357 71.0
7358 71.0
7359 71.0
7360 71.0
7361 71.0
7362 71.0
7363 71.0
7364 71.0
7365 71.0
7366 71.0
7367 71.0
7368 71.0
7369 71.0
7370 71.0
7371 71.0
7372 71.0
7373 71.0
7374 71.0
7375 71.0
7376 71.0
7377 71.0
7378 71.0
7379 71.0
7380 71.0
7381 71.0
7382 71.0
7383 71.0
7384 71.0
7385 71.0
7386 71.0
7387 71.0
7388 71.0
7389 71.0
7390 71.0
7391 71.0
7392 71.0
7393 71.0
7394 71.0
7395 71.0
7396 71.0
7397 71.0
7398 71.0
7399 71.0
7400 71.0
7401 71.0
7402 71.0
7403 71.0
7404 71.0
7405 71.0
7406 71.0
7407 71.0
7408 71.0
7409 71.0
7410 71.0
7411 71.0
7412 71.0
7413 71.0
7414 71.0
7415 71.0
7416 71.0
7417 71.0
7418 71.0
7419 71.0
7420 71.0
7421 71.0
7422 71.0
7423 71.0
7424 71.0
7425 71.0
7426 71.0
7427 71.0
7428 71.0
7429 71.0
7430 71.0
7431 71.0
7432 71.0
7433 71.0
7434 71.0
7435 71.0
7436 71.0
7437 71.0
7438 71.0
7439 71.0
7440 71.0
7441 71.0
7442 71.0
7443 71.0
7444 71.0
7445 71.0
7446 71.0
7447 71.0
7448 71.0
7449 71.0
7450 71.0
7451 71.0
7452 71.0
7453 71.0
7454 71.0
7455 71.0
7456 71.0
7457 71.0
7458 71.0
7459 71.0
7460 71.0
7461 71.0
7462 71.0
7463 71.0
7464 71.0
7465 71.0
7466 71.0
7467 71.0
7468 71.0
7469 71.0
7470 71.0
7471 71.0
7472 71.0
7473 71.0
7474 71.0
7475 71.0
7476 71.0
7477 71.0
7478 71.0
7479 71.0
7480 71.0
7481 71.0
7482 71.0
7483 71.0
7484 71.0
7485 71.0
7486 71.0
7487 71.0
7488 71.0
7489 71.0
7490 71.0
7491 71.0
7492 71.0
7493 71.0
7494 71.0
7495 71.0
7496 71.0
7497 71.0
7498 71.0
7499 71.0
7500 71.0
7501 71.0
7502 71.0
7503 71.0
7504 71.0
7505 71.0
7506 71.0
7507 71.0
7508 71.0
7509 71.0
7510 71.0
7511 71.0
7512 71.0
7513 71.0
7514 71.0
7515 71.0
7516 71.0
7517 71.0
7518 71.0
7519 71.0
7520 71.0
7521 71.0
7522 71.0
7523 71.0
7524 71.0
7525 71.0
7526 71.0
7527 71.0
7528 71.0
7529 71.0
7530 71.0
7531 71.0
7532 71.0
7533 71.0
7534 71.0
7535 71.0
7536 71.0
7537 71.0
7538 71.0
7539 71.0
7540 71.0
7541 71.0
7542 71.0
7543 71.0
7544 71.0
7545 71.0
7546 71.0
7547 71.0
7548 71.0
7549 71.0
7550 71.0
7551 71.0
7552 71.0
7553 71.0
7554 71.0
7555 71.0
7556 71.0
7557 71.0
7558 71.0
7559 71.0
7560 71.0
7561 71.0
7562 71.0
7563 71.0
7564 71.0
7565 71.0
7566 71.0
7567 71.0
7568 71.0
7569 71.0
7570 71.0
7571 71.0
7572 71.0
7573 71.0
7574 71.0
7575 71.0
7576 71.0
7577 71.0
7578 71.0
7579 71.0
7580 71.0
7581 71.0
7582 71.0
7583 71.0
7584 71.0
7585 71.0
7586 71.0
7587 71.0
7588 71.0
7589 71.0
7590 71.0
7591 71.0
7592 71.0
7593 71.0
7594 71.0
7595 71.0
7596 71.0
7597 71.0
7598 71.0
7599 71.0
7600 71.0
7601 71.0
7602 71.0
7603 71.0
7604 71.0
7605 71.0
7606 71.0
7607 71.0
7608 71.0
7609 71.0
7610 71.0
7611 71.0
7612 71.0
7613 71.0
7614 71.0
7615 71.0
7616 71.0
7617 71.0
7618 71.0
7619 71.0
7620 71.0
7621 71.0
7622 71.0
7623 71.0
7624 71.0
7625 71.0
7626 71.0
7627 71.0
7628 71.0
7629 71.0
7630 71.0
7631 71.0
7632 71.0
7633 71.0
7634 71.0
7635 71.0
7636 71.0
7637 71.0
7638 71.0
7639 71.0
7640 71.0
7641 71.0
7642 71.0
7643 71.0
7644 71.0
7645 71.0
7646 71.0
7647 71.0
7648 71.0
7649 71.0
7650 71.0
7651 71.0
7652 71.0
7653 71.0
7654 71.0
7655 71.0
7656 71.0
7657 71.0
7658 71.0
7659 71.0
7660 71.0
7661 71.0
7662 71.0
7663 71.0
7664 71.0
7665 71.0
7666 71.0
7667 71.0
7668 71.0
7669 71.0
7670 71.0
7671 71.0
7672 71.0
7673 71.0
7674 71.0
7675 71.0
7676 71.0
7677 71.0
7678 71.0
7679 71.0
7680 71.0
7681 71.0
7682 71.0
7683 71.0
7684 71.0
7685 71.0
7686 71.0
7687 71.0
7688 71.0
7689 71.0
7690 71.0
7691 71.0
7692 71.0
7693 71.0
7694 71.0
7695 71.0
7696 71.0
7697 71.0
7698 71.0
7699 71.0
7700 71.0
7701 71.0
7702 71.0
7703 71.0
7704 71.0
7705 71.0
7706 71.0
7707 71.0
7708 71.0
7709 71.0
7710 71.0
7711 71.0
7712 71.0
7713 71.0
7714 71.0
7715 71.0
7716 71.0
7717 71.0
7718 71.0
7719 71.0
7720 71.0
7721 71.0
7722 71.0
7723 71.0
7724 71.0
7725 71.0
7726 71.0
7727 71.0
7728 71.0
7729 71.0
7730 71.0
7731 71.0
7732 71.0
7733 71.0
7734 71.0
7735 71.0
7736 71.0
7737 71.0
7738 71.0
7739 71.0
7740 71.0
7741 71.0
7742 71.0
7743 71.0
7744 71.0
7745 71.0
7746 71.0
7747 71.0
7748 71.0
7749 71.0
7750 71.0
7751 71.0
7752 71.0
7753 71.0
7754 71.0
7755 71.0
7756 71.0
7757 71.0
7758 71.0
7759 71.0
7760 71.0
7761 71.0
7762 71.0
7763 71.0
7764 71.0
7765 71.0
7766 71.0
7767 71.0
7768 71.0
7769 71.0
7770 71.0
7771 71.0
7772 71.0
7773 71.0
7774 71.0
7775 71.0
7776 71.0
7777 71.0
7778 71.0
7779 71.0
7780 71.0
7781 71.0
7782 71.0
7783 71.0
7784 71.0
7785 71.0
7786 71.0
7787 71.0
7788 71.0
7789 71.0
7790 71.0
7791 71.0
7792 71.0
7793 71.0
7794 71.0
7795 71.0
7796 71.0
7797 71.0
7798 71.0
7799 71.0
7800 71.0
7801 71.0
7802 71.0
7803 71.0
7804 71.0
7805 71.0
7806 71.0
7807 71.0
7808 71.0
7809 71.0
7810 71.0
7811 71.0
7812 71.0
7813 71.0
7814 71.0
7815 71.0
7816 71.0
7817 71.0
7818 71.0
7819 71.0
7820 71.0
7821 71.0
7822 71.0
7823 71.0
7824 71.0
7825 71.0
7826 71.0
7827 71.0
7828 71.0
7829 71.0
7830 71.0
7831 71.0
7832 71.0
7833 71.0
7834 71.0
7835 71.0
7836 71.0
7837 71.0
7838 71.0
7839 71.0
7840 71.0
7841 71.0
7842 71.0
7843 71.0
7844 71.0
7845 71.0
7846 71.0
7847 71.0
7848 71.0
7849 71.0
7850 71.0
7851 71.0
7852 71.0
7853 71.0
7854 71.0
7855 71.0
7856 71.0
7857 71.0
7858 71.0
7859 71.0
7860 71.0
7861 71.0
7862 71.0
7863 71.0
7864 71.0
7865 71.0
7866 71.0
7867 71.0
7868 71.0
7869 71.0
7870 71.0
7871 71.0
7872 71.0
7873 71.0
7874 71.0
7875 71.0
7876 71.0
7877 71.0
7878 71.0
7879 71.0
7880 71.0
7881 71.0
7882 71.0
7883 71.0
7884 71.0
7885 71.0
7886 71.0
7887 71.0
7888 71.0
7889 71.0
7890 71.0
7891 71.0
7892 71.0
7893 71.0
7894 71.0
7895 71.0
7896 71.0
7897 71.0
7898 71.0
7899 71.0
7900 71.0
7901 71.0
7902 71.0
7903 71.0
7904 71.0
7905 71.0
7906 71.0
7907 71.0
7908 71.0
7909 71.0
7910 71.0
7911 71.0
7912 71.0
7913 71.0
7914 71.0
7915 71.0
7916 71.0
7917 71.0
7918 71.0
7919 71.0
7920 71.0
7921 71.0
7922 71.0
7923 71.0
7924 71.0
7925 71.0
7926 71.0
7927 71.0
7928 71.0
7929 71.0
7930 71.0
7931 71.0
7932 71.0
7933 71.0
7934 71.0
7935 71.0
7936 71.0
7937 71.0
7938 71.0
7939 71.0
7940 71.0
7941 71.0
7942 71.0
7943 71.0
7944 71.0
7945 71.0
7946 71.0
7947 71.0
7948 71.0
7949 71.0
7950 71.0
7951 71.0
7952 71.0
7953 71.0
7954 71.0
7955 71.0
7956 71.0
7957 71.0
7958 71.0
7959 71.0
7960 71.0
7961 71.0
7962 71.0
7963 71.0
7964 71.0
7965 71.0
7966 71.0
7967 71.0
7968 71.0
7969 71.0
7970 71.0
7971 71.0
7972 71.0
7973 71.0
7974 71.0
7975 71.0
7976 71.0
7977 71.0
7978 71.0
7979 71.0
7980 71.0
7981 71.0
7982 71.0
7983 71.0
7984 71.0
7985 71.0
7986 71.0
7987 71.0
7988 71.0
7989 71.0
7990 71.0
7991 71.0
7992 71.0
7993 71.0
7994 71.0
7995 71.0
7996 71.0
7997 71.0
7998 71.0
7999 71.0
8000 71.0
8001 71.0
8002 71.0
8003 71.0
8004 71.0
8005 71.0
8006 71.0
8007 71.0
8008 71.0
8009 71.0
8010 71.0
8011 71.0
8012 71.0
8013 71.0
8014 71.0
8015 71.0
8016 71.0
8017 71.0
8018 71.0
8019 71.0
8020 71.0
8021 71.0
8022 71.0
8023 71.0
8024 71.0
8025 71.0
8026 71.0
8027 71.0
8028 71.0
8029 71.0
8030 71.0
8031 71.0
8032 71.0
8033 71.0
8034 71.0
8035 71.0
8036 71.0
8037 71.0
8038 71.0
8039 71.0
8040 71.0
8041 71.0
8042 71.0
8043 71.0
8044 71.0
8045 71.0
8046 71.0
8047 71.0
8048 71.0
8049 71.0
8050 71.0
8051 71.0
8052 71.0
8053 71.0
8054 71.0
8055 71.0
8056 71.0
8057 71.0
8058 71.0
8059 71.0
8060 71.0
8061 71.0
8062 71.0
8063 71.0
8064 71.0
8065 71.0
8066 71.0
8067 71.0
8068 71.0
8069 71.0
8070 71.0
8071 71.0
8072 71.0
8073 71.0
8074 71.0
8075 71.0
8076 71.0
8077 71.0
8078 71.0
8079 71.0
8080 71.0
8081 71.0
8082 71.0
8083 71.0
8084 71.0
8085 71.0
8086 71.0
8087 71.0
8088 71.0
8089 71.0
8090 71.0
8091 71.0
8092 71.0
8093 71.0
8094 71.0
8095 71.0
8096 71.0
8097 71.0
8098 71.0
8099 71.0
8100 71.0
8101 71.0
8102 71.0
8103 71.0
8104 71.0
8105 71.0
8106 71.0
8107 71.0
8108 71.0
8109 71.0
8110 71.0
8111 71.0
8112 71.0
8113 71.0
8114 71.0
8115 71.0
8116 71.0
8117 71.0
8118 71.0
8119 71.0
8120 71.0
8121 71.0
8122 71.0
8123 71.0
8124 71.0
8125 71.0
8126 71.0
8127 71.0
8128 71.0
8129 71.0
8130 71.0
8131 71.0
8132 71.0
8133 71.0
8134 71.0
8135 71.0
8136 71.0
8137 71.0
8138 71.0
8139 71.0
8140 71.0
8141 71.0
8142 71.0
8143 71.0
8144 71.0
8145 71.0
8146 71.0
8147 71.0
8148 71.0
8149 71.0
8150 71.0
8151 71.0
8152 71.0
8153 71.0
8154 71.0
8155 71.0
8156 71.0
8157 71.0
8158 71.0
8159 71.0
8160 71.0
8161 71.0
8162 71.0
8163 71.0
8164 71.0
8165 71.0
8166 71.0
8167 71.0
8168 71.0
8169 71.0
8170 71.0
8171 71.0
8172 71.0
8173 71.0
8174 71.0
8175 71.0
8176 71.0
8177 71.0
8178 71.0
8179 71.0
8180 71.0
8181 71.0
8182 71.0
8183 71.0
8184 71.0
8185 71.0
8186 71.0
8187 71.0
8188 71.0
8189 71.0
8190 71.0
8191 71.0
8192 71.0
8193 71.0
8194 71.0
8195 71.0
8196 71.0
8197 71.0
8198 71.0
8199 71.0
8200 71.0
8201 71.0
8202 71.0
8203 71.0
8204 71.0
8205 71.0
8206 71.0
8207 71.0
8208 71.0
8209 71.0
8210 71.0
8211 71.0
8212 71.0
8213 71.0
8214 71.0
8215 71.0
8216 71.0
8217 71.0
8218 71.0
8219 71.0
8220 71.0
8221 71.0
8222 71.0
8223 71.0
8224 71.0
8225 71.0
8226 71.0
8227 71.0
8228 71.0
8229 71.0
8230 71.0
8231 71.0
8232 71.0
8233 71.0
8234 71.0
8235 71.0
8236 71.0
8237 71.0
8238 71.0
8239 71.0
8240 71.0
8241 71.0
8242 71.0
8243 71.0
8244 71.0
8245 71.0
8246 71.0
8247 71.0
8248 71.0
8249 71.0
8250 71.0
8251 71.0
8252 71.0
8253 71.0
8254 71.0
8255 71.0
8256 71.0
8257 71.0
8258 71.0
8259 71.0
8260 71.0
8261 71.0
8262 71.0
8263 71.0
8264 71.0
8265 71.0
8266 71.0
8267 71.0
8268 71.0
8269 71.0
8270 71.0
8271 71.0
8272 71.0
8273 71.0
8274 71.0
8275 71.0
8276 71.0
8277 71.0
8278 71.0
8279 71.0
8280 71.0
8281 71.0
8282 71.0
8283 71.0
8284 71.0
8285 71.0
8286 71.0
8287 71.0
8288 71.0
8289 71.0
8290 71.0
8291 71.0
8292 71.0
8293 71.0
8294 71.0
8295 71.0
8296 71.0
8297 71.0
8298 71.0
8299 71.0
8300 71.0
8301 71.0
8302 71.0
8303 71.0
8304 71.0
8305 71.0
8306 71.0
8307 71.0
8308 71.0
8309 71.0
8310 71.0
8311 71.0
8312 71.0
8313 71.0
8314 71.0
8315 71.0
8316 71.0
8317 71.0
8318 71.0
8319 71.0
8320 71.0
8321 71.0
8322 71.0
8323 71.0
8324 71.0
8325 71.0
8326 71.0
8327 71.0
8328 71.0
8329 71.0
8330 71.0
8331 71.0
8332 71.0
8333 71.0
8334 71.0
8335 71.0
8336 71.0
8337 71.0
8338 71.0
8339 71.0
8340 71.0
8341 71.0
8342 71.0
8343 71.0
8344 71.0
8345 71.0
8346 71.0
8347 71.0
8348 71.0
8349 71.0
8350 71.0
8351 71.0
8352 71.0
8353 71.0
8354 71.0
8355 71.0
8356 71.0
8357 71.0
8358 71.0
8359 71.0
8360 71.0
8361 71.0
8362 71.0
8363 71.0
8364 71.0
8365 71.0
8366 71.0
8367 71.0
8368 71.0
8369 71.0
8370 71.0
8371 71.0
8372 71.0
8373 71.0
8374 71.0
8375 71.0
8376 71.0
8377 71.0
8378 71.0
8379 71.0
8380 71.0
8381 71.0
8382 71.0
8383 71.0
8384 71.0
8385 71.0
8386 71.0
8387 71.0
8388 71.0
8389 71.0
8390 71.0
8391 71.0
8392 71.0
8393 71.0
8394 71.0
8395 71.0
8396 71.0
8397 71.0
8398 71.0
8399 71.0
8400 71.0
8401 71.0
8402 71.0
8403 71.0
8404 71.0
8405 71.0
8406 71.0
8407 71.0
8408 71.0
8409 71.0
8410 71.0
8411 71.0
8412 71.0
8413 71.0
8414 71.0
8415 71.0
8416 71.0
8417 71.0
8418 71.0
8419 71.0
8420 71.0
8421 71.0
8422 71.0
8423 71.0
8424 71.0
8425 71.0
8426 71.0
8427 71.0
8428 71.0
8429 71.0
8430 71.0
8431 71.0
8432 71.0
8433 71.0
8434 71.0
8435 71.0
8436 71.0
8437 71.0
8438 71.0
8439 71.0
8440 71.0
8441 71.0
8442 71.0
8443 71.0
8444 71.0
8445 71.0
8446 71.0
8447 71.0
8448 71.0
8449 71.0
8450 71.0
8451 71.0
8452 71.0
8453 71.0
8454 71.0
8455 71.0
8456 71.0
8457 71.0
8458 71.0
8459 71.0
8460 71.0
8461 71.0
8462 71.0
8463 71.0
8464 71.0
8465 71.0
8466 71.0
8467 71.0
8468 71.0
8469 71.0
8470 71.0
8471 71.0
8472 71.0
8473 71.0
8474 71.0
8475 71.0
8476 71.0
8477 71.0
8478 71.0
8479 71.0
8480 71.0
8481 71.0
8482 71.0
8483 71.0
8484 71.0
8485 71.0
8486 71.0
8487 71.0
8488 71.0
8489 71.0
8490 71.0
8491 71.0
8492 71.0
8493 71.0
8494 71.0
8495 71.0
8496 71.0
8497 71.0
8498 71.0
8499 71.0
8500 71.0
8501 71.0
8502 71.0
8503 71.0
8504 71.0
8505 71.0
8506 71.0
8507 71.0
8508 71.0
8509 71.0
8510 71.0
8511 71.0
8512 71.0
8513 71.0
8514 71.0
8515 71.0
8516 71.0
8517 71.0
8518 71.0
8519 71.0
8520 71.0
8521 71.0
8522 71.0
8523 71.0
8524 71.0
8525 71.0
8526 71.0
8527 71.0
8528 71.0
8529 71.0
8530 71.0
8531 71.0
8532 71.0
8533 71.0
8534 71.0
8535 71.0
8536 71.0
8537 71.0
8538 71.0
8539 71.0
8540 71.0
8541 71.0
8542 71.0
8543 71.0
8544 71.0
8545 71.0
8546 71.0
8547 71.0
8548 71.0
8549 71.0
8550 71.0
8551 71.0
8552 71.0
8553 71.0
8554 71.0
8555 71.0
8556 71.0
8557 71.0
8558 71.0
8559 71.0
8560 71.0
8561 71.0
8562 71.0
8563 71.0
8564 71.0
8565 71.0
8566 71.0
8567 71.0
8568 71.0
8569 71.0
8570 71.0
8571 71.0
8572 71.0
8573 71.0
8574 71.0
8575 71.0
8576 71.0
8577 71.0
8578 71.0
8579 71.0
8580 71.0
8581 71.0
8582 71.0
8583 71.0
8584 71.0
8585 71.0
8586 71.0
8587 71.0
8588 71.0
8589 71.0
8590 71.0
8591 71.0
8592 71.0
8593 71.0
8594 71.0
8595 71.0
8596 71.0
8597 71.0
8598 71.0
8599 71.0
8600 71.0
8601 71.0
8602 71.0
8603 71.0
8604 71.0
8605 71.0
8606 71.0
8607 71.0
8608 71.0
8609 71.0
8610 71.0
8611 71.0
8612 71.0
8613 71.0
8614 71.0
8615 71.0
8616 71.0
8617 71.0
8618 71.0
8619 71.0
8620 71.0
8621 71.0
8622 71.0
8623 71.0
8624 71.0
8625 71.0
8626 71.0
8627 71.0
8628 71.0
8629 71.0
8630 71.0
8631 71.0
8632 71.0
8633 71.0
8634 71.0
8635 71.0
8636 71.0
8637 71.0
8638 71.0
8639 71.0
8640 71.0
8641 71.0
8642 71.0
8643 71.0
8644 71.0
8645 71.0
8646 71.0
8647 71.0
8648 71.0
8649 71.0
8650 71.0
8651 71.0
8652 71.0
8653 71.0
8654 71.0
8655 71.0
8656 71.0
8657 71.0
8658 71.0
8659 71.0
8660 71.0
8661 71.0
8662 71.0
8663 71.0
8664 71.0
8665 71.0
8666 71.0
8667 71.0
8668 71.0
8669 71.0
8670 71.0
8671 71.0
8672 71.0
8673 71.0
8674 71.0
8675 71.0
8676 71.0
8677 71.0
8678 71.0
8679 71.0
8680 71.0
8681 71.0
8682 71.0
8683 71.0
8684 71.0
8685 71.0
8686 71.0
8687 71.0
8688 71.0
8689 71.0
8690 71.0
8691 71.0
8692 71.0
8693 71.0
8694 71.0
8695 71.0
8696 71.0
8697 71.0
8698 71.0
8699 71.0
8700 71.0
8701 71.0
8702 71.0
8703 71.0
8704 71.0
8705 71.0
8706 71.0
8707 71.0
8708 71.0
8709 71.0
8710 71.0
8711 71.0
8712 71.0
8713 71.0
8714 71.0
8715 71.0
8716 71.0
8717 71.0
8718 71.0
8719 71.0
8720 71.0
8721 71.0
8722 71.0
8723 71.0
8724 71.0
8725 71.0
8726 71.0
8727 71.0
8728 71.0
8729 71.0
8730 71.0
8731 71.0
8732 71.0
8733 71.0
8734 71.0
8735 71.0
8736 71.0
8737 71.0
8738 71.0
8739 71.0
8740 71.0
8741 71.0
8742 71.0
8743 71.0
8744 71.0
8745 71.0
8746 71.0
8747 71.0
8748 71.0
8749 71.0
8750 71.0
8751 71.0
8752 71.0
8753 71.0
8754 71.0
8755 71.0
8756 71.0
8757 71.0
8758 71.0
8759 71.0
8760 71.0
8761 71.0
8762 71.0
8763 71.0
8764 71.0
8765 71.0
8766 71.0
8767 71.0
8768 71.0
8769 71.0
8770 71.0
8771 71.0
8772 71.0
8773 71.0
8774 71.0
8775 71.0
8776 71.0
8777 71.0
8778 71.0
8779 71.0
8780 71.0
8781 71.0
8782 71.0
8783 71.0
8784 71.0
8785 71.0
8786 71.0
8787 71.0
8788 71.0
8789 71.0
8790 71.0
8791 71.0
8792 71.0
8793 71.0
8794 71.0
8795 71.0
8796 71.0
8797 71.0
8798 71.0
8799 71.0
8800 71.0
8801 71.0
8802 71.0
8803 71.0
8804 71.0
8805 71.0
8806 71.0
8807 71.0
8808 71.0
8809 71.0
8810 71.0
8811 71.0
8812 71.0
8813 71.0
8814 71.0
8815 71.0
8816 71.0
8817 71.0
8818 71.0
8819 71.0
8820 71.0
8821 71.0
8822 71.0
8823 71.0
8824 71.0
8825 71.0
8826 71.0
8827 71.0
8828 71.0
8829 71.0
8830 71.0
8831 71.0
8832 71.0
8833 71.0
8834 71.0
8835 71.0
8836 71.0
8837 71.0
8838 71.0
8839 71.0
8840 71.0
8841 71.0
8842 71.0
8843 71.0
8844 71.0
8845 71.0
8846 71.0
8847 71.0
8848 71.0
8849 71.0
8850 71.0
8851 71.0
8852 71.0
8853 71.0
8854 71.0
8855 71.0
8856 71.0
8857 71.0
8858 71.0
8859 71.0
8860 71.0
8861 71.0
8862 71.0
8863 71.0
8864 71.0
8865 71.0
8866 71.0
8867 71.0
8868 71.0
8869 71.0
8870 71.0
8871 71.0
8872 71.0
8873 71.0
8874 71.0
8875 71.0
8876 71.0
8877 71.0
8878 71.0
8879 71.0
8880 71.0
8881 71.0
8882 71.0
8883 71.0
8884 71.0
8885 71.0
8886 71.0
8887 71.0
8888 71.0
8889 71.0
8890 71.0
8891 71.0
8892 71.0
8893 71.0
8894 71.0
8895 71.0
8896 71.0
8897 71.0
8898 71.0
8899 71.0
8900 71.0
8901 71.0
8902 71.0
8903 71.0
8904 71.0
8905 71.0
8906 71.0
8907 71.0
8908 71.0
8909 71.0
8910 71.0
8911 71.0
8912 71.0
8913 71.0
8914 71.0
8915 71.0
8916 71.0
8917 71.0
8918 71.0
8919 71.0
8920 71.0
8921 71.0
8922 71.0
8923 71.0
8924 71.0
8925 71.0
8926 71.0
8927 71.0
8928 71.0
8929 71.0
8930 71.0
8931 71.0
8932 71.0
8933 71.0
8934 71.0
8935 71.0
8936 71.0
8937 71.0
8938 71.0
8939 71.0
8940 71.0
8941 71.0
8942 71.0
8943 71.0
8944 71.0
8945 71.0
8946 71.0
8947 71.0
8948 71.0
8949 71.0
8950 71.0
8951 71.0
8952 71.0
8953 71.0
8954 71.0
8955 71.0
8956 71.0
8957 71.0
8958 71.0
8959 71.0
8960 71.0
8961 71.0
8962 71.0
8963 71.0
8964 71.0
8965 71.0
8966 71.0
8967 71.0
8968 71.0
8969 71.0
8970 71.0
8971 71.0
8972 71.0
8973 71.0
8974 71.0
8975 71.0
8976 71.0
8977 71.0
8978 71.0
8979 71.0
8980 71.0
8981 71.0
8982 71.0
8983 71.0
8984 71.0
8985 71.0
8986 71.0
8987 71.0
8988 71.0
8989 71.0
8990 71.0
8991 71.0
8992 71.0
8993 71.0
8994 71.0
8995 71.0
8996 71.0
8997 71.0
8998 71.0
8999 71.0
9000 71.0
9001 71.0
9002 71.0
9003 71.0
9004 71.0
9005 71.0
9006 71.0
9007 71.0
9008 71.0
9009 71.0
9010 71.0
9011 71.0
9012 71.0
9013 71.0
9014 71.0
9015 71.0
9016 71.0
9017 71.0
9018 71.0
9019 71.0
9020 71.0
9021 71.0
9022 71.0
9023 71.0
9024 71.0
9025 71.0
9026 71.0
9027 71.0
9028 71.0
9029 71.0
9030 71.0
9031 71.0
9032 71.0
9033 71.0
9034 71.0
9035 71.0
9036 71.0
9037 71.0
9038 71.0
9039 71.0
9040 71.0
9041 71.0
9042 71.0
9043 71.0
9044 71.0
9045 71.0
9046 71.0
9047 71.0
9048 71.0
9049 71.0
9050 71.0
9051 71.0
9052 71.0
9053 71.0
9054 71.0
9055 71.0
9056 71.0
9057 71.0
9058 71.0
9059 71.0
9060 71.0
9061 71.0
9062 71.0
9063 71.0
9064 71.0
9065 71.0
9066 71.0
9067 71.0
9068 71.0
9069 71.0
9070 71.0
9071 71.0
9072 71.0
9073 71.0
9074 71.0
9075 71.0
9076 71.0
9077 71.0
9078 71.0
9079 71.0
9080 71.0
9081 71.0
9082 71.0
9083 71.0
9084 71.0
9085 71.0
9086 71.0
9087 71.0
9088 71.0
9089 71.0
9090 71.0
9091 71.0
9092 71.0
9093 71.0
9094 71.0
9095 71.0
9096 71.0
9097 71.0
9098 71.0
9099 71.0
9100 71.0
9101 71.0
9102 71.0
9103 71.0
9104 71.0
9105 71.0
9106 71.0
9107 71.0
9108 71.0
9109 71.0
9110 71.0
9111 71.0
9112 71.0
9113 71.0
9114 71.0
9115 71.0
9116 71.0
9117 71.0
9118 71.0
9119 71.0
9120 71.0
9121 71.0
9122 71.0
9123 71.0
9124 71.0
9125 71.0
9126 71.0
9127 71.0
9128 71.0
9129 71.0
9130 71.0
9131 71.0
9132 71.0
9133 71.0
9134 71.0
9135 71.0
9136 71.0
9137 71.0
9138 71.0
9139 71.0
9140 71.0
9141 71.0
9142 71.0
9143 71.0
9144 71.0
9145 71.0
9146 71.0
9147 71.0
9148 71.0
9149 71.0
9150 71.0
9151 71.0
9152 71.0
9153 71.0
9154 71.0
9155 71.0
9156 71.0
9157 71.0
9158 71.0
9159 71.0
9160 71.0
9161 71.0
9162 71.0
9163 71.0
9164 71.0
9165 71.0
9166 71.0
9167 71.0
9168 71.0
9169 71.0
9170 71.0
9171 71.0
9172 71.0
9173 71.0
9174 71.0
9175 71.0
9176 71.0
9177 71.0
9178 71.0
9179 71.0
9180 71.0
9181 71.0
9182 71.0
9183 71.0
9184 71.0
9185 71.0
9186 71.0
9187 71.0
9188 71.0
9189 71.0
9190 71.0
9191 71.0
9192 71.0
9193 71.0
9194 71.0
9195 71.0
9196 71.0
9197 71.0
9198 71.0
9199 71.0
9200 71.0
9201 71.0
9202 71.0
9203 71.0
9204 71.0
9205 71.0
9206 71.0
9207 71.0
9208 71.0
9209 71.0
9210 71.0
9211 71.0
9212 71.0
9213 71.0
9214 71.0
9215 71.0
9216 71.0
9217 71.0
9218 71.0
9219 71.0
9220 71.0
9221 71.0
9222 71.0
9223 71.0
9224 71.0
9225 71.0
9226 71.0
9227 71.0
9228 71.0
9229 71.0
9230 71.0
9231 71.0
9232 71.0
9233 71.0
9234 71.0
9235 71.0
9236 71.0
9237 71.0
9238 71.0
9239 71.0
9240 71.0
9241 71.0
9242 71.0
9243 71.0
9244 71.0
9245 71.0
9246 71.0
9247 71.0
9248 71.0
9249 71.0
9250 71.0
9251 71.0
9252 71.0
9253 71.0
9254 71.0
9255 71.0
9256 71.0
9257 71.0
9258 71.0
9259 71.0
9260 71.0
9261 71.0
9262 71.0
9263 71.0
9264 71.0
9265 71.0
9266 71.0
9267 71.0
9268 71.0
9269 71.0
9270 71.0
9271 71.0
9272 71.0
9273 71.0
9274 71.0
9275 71.0
9276 71.0
9277 71.0
9278 71.0
9279 71.0
9280 71.0
9281 71.0
9282 71.0
9283 71.0
9284 71.0
9285 71.0
9286 71.0
9287 71.0
9288 71.0
9289 71.0
9290 71.0
9291 71.0
9292 71.0
9293 71.0
9294 71.0
9295 71.0
9296 71.0
9297 71.0
9298 71.0
9299 71.0
9300 71.0
9301 71.0
9302 71.0
9303 71.0
9304 71.0
9305 71.0
9306 71.0
9307 71.0
9308 71.0
9309 71.0
9310 71.0
9311 71.0
9312 71.0
9313 71.0
9314 71.0
9315 71.0
9316 71.0
9317 71.0
9318 71.0
9319 71.0
9320 71.0
9321 71.0
9322 71.0
9323 71.0
9324 71.0
9325 71.0
9326 71.0
9327 71.0
9328 71.0
9329 71.0
9330 71.0
9331 71.0
9332 71.0
9333 71.0
9334 71.0
9335 71.0
9336 71.0
9337 71.0
9338 71.0
9339 71.0
9340 71.0
9341 71.0
9342 71.0
9343 71.0
9344 71.0
9345 71.0
9346 71.0
9347 71.0
9348 71.0
9349 71.0
9350 71.0
9351 71.0
9352 71.0
9353 71.0
9354 71.0
9355 71.0
9356 71.0
9357 71.0
9358 71.0
9359 71.0
9360 71.0
9361 71.0
9362 71.0
9363 71.0
9364 71.0
9365 71.0
9366 71.0
9367 71.0
9368 71.0
9369 71.0
9370 71.0
9371 71.0
9372 71.0
9373 71.0
9374 71.0
9375 71.0
9376 71.0
9377 71.0
9378 71.0
9379 71.0
9380 71.0
9381 71.0
9382 71.0
9383 71.0
9384 71.0
9385 71.0
9386 71.0
9387 71.0
9388 71.0
9389 71.0
9390 71.0
9391 71.0
9392 71.0
9393 71.0
9394 71.0
9395 71.0
9396 71.0
9397 71.0
9398 71.0
9399 71.0
9400 71.0
9401 71.0
9402 71.0
9403 71.0
9404 71.0
9405 71.0
9406 71.0
9407 71.0
9408 71.0
9409 71.0
9410 71.0
9411 71.0
9412 71.0
9413 71.0
9414 71.0
9415 71.0
9416 71.0
9417 71.0
9418 71.0
9419 71.0
9420 71.0
9421 71.0
9422 71.0
9423 71.0
9424 71.0
9425 71.0
9426 71.0
9427 71.0
9428 71.0
9429 71.0
9430 71.0
9431 71.0
9432 71.0
9433 71.0
9434 71.0
9435 71.0
9436 71.0
9437 71.0
9438 71.0
9439 71.0
9440 71.0
9441 71.0
9442 71.0
9443 71.0
9444 71.0
9445 71.0
9446 71.0
9447 71.0
9448 71.0
9449 71.0
9450 71.0
9451 71.0
9452 71.0
9453 71.0
9454 71.0
9455 71.0
9456 71.0
9457 71.0
9458 71.0
9459 71.0
9460 71.0
9461 71.0
9462 71.0
9463 71.0
9464 71.0
9465 71.0
9466 71.0
9467 71.0
9468 71.0
9469 71.0
9470 71.0
9471 71.0
9472 71.0
9473 71.0
9474 71.0
9475 71.0
9476 71.0
9477 71.0
9478 71.0
9479 71.0
9480 71.0
9481 71.0
9482 71.0
9483 71.0
9484 71.0
9485 71.0
9486 71.0
9487 71.0
9488 71.0
9489 71.0
9490 71.0
9491 71.0
9492 71.0
9493 71.0
9494 71.0
9495 71.0
9496 71.0
9497 71.0
9498 71.0
9499 71.0
9500 71.0
9501 71.0
9502 71.0
9503 71.0
9504 71.0
9505 71.0
9506 71.0
9507 71.0
9508 71.0
9509 71.0
9510 71.0
9511 71.0
9512 71.0
9513 71.0
9514 71.0
9515 71.0
9516 71.0
9517 71.0
9518 71.0
9519 71.0
9520 71.0
9521 71.0
9522 71.0
9523 71.0
9524 71.0
9525 71.0
9526 71.0
9527 71.0
9528 71.0
9529 71.0
9530 71.0
9531 71.0
9532 71.0
9533 71.0
9534 71.0
9535 71.0
9536 71.0
9537 71.0
9538 71.0
9539 71.0
9540 71.0
9541 71.0
9542 71.0
9543 71.0
9544 71.0
9545 71.0
9546 71.0
9547 71.0
9548 71.0
9549 71.0
9550 71.0
9551 71.0
9552 71.0
9553 71.0
9554 71.0
9555 71.0
9556 71.0
9557 71.0
9558 71.0
9559 71.0
9560 71.0
9561 71.0
9562 71.0
9563 71.0
9564 71.0
9565 71.0
9566 71.0
9567 71.0
9568 71.0
9569 71.0
9570 71.0
9571 71.0
9572 71.0
9573 71.0
9574 71.0
9575 71.0
9576 71.0
9577 71.0
9578 71.0
9579 71.0
9580 71.0
9581 71.0
9582 71.0
9583 71.0
9584 71.0
9585 71.0
9586 71.0
9587 71.0
9588 71.0
9589 71.0
9590 71.0
9591 71.0
9592 71.0
9593 71.0
9594 71.0
9595 71.0
9596 71.0
9597 71.0
9598 71.0
9599 71.0
9600 71.0
9601 71.0
9602 71.0
9603 71.0
9604 71.0
9605 71.0
9606 71.0
9607 71.0
9608 71.0
9609 71.0
9610 71.0
9611 71.0
9612 71.0
9613 71.0
9614 71.0
9615 71.0
9616 71.0
9617 71.0
9618 71.0
9619 71.0
9620 71.0
9621 71.0
9622 71.0
9623 71.0
9624 71.0
9625 71.0
9626 71.0
9627 71.0
9628 71.0
9629 71.0
9630 71.0
9631 71.0
9632 71.0
9633 71.0
9634 71.0
9635 71.0
9636 71.0
9637 71.0
9638 71.0
9639 71.0
9640 71.0
9641 71.0
9642 71.0
9643 71.0
9644 71.0
9645 71.0
9646 71.0
9647 71.0
9648 71.0
9649 71.0
9650 71.0
9651 71.0
9652 71.0
9653 71.0
9654 71.0
9655 71.0
9656 71.0
9657 71.0
9658 71.0
9659 71.0
9660 71.0
9661 71.0
9662 71.0
9663 71.0
9664 71.0
9665 71.0
9666 71.0
9667 71.0
9668 71.0
9669 71.0
9670 71.0
9671 71.0
9672 71.0
9673 71.0
9674 71.0
9675 71.0
9676 71.0
9677 71.0
9678 71.0
9679 71.0
9680 71.0
9681 71.0
9682 71.0
9683 71.0
9684 71.0
9685 71.0
9686 71.0
9687 71.0
9688 71.0
9689 71.0
9690 71.0
9691 71.0
9692 71.0
9693 71.0
9694 71.0
9695 71.0
9696 71.0
9697 71.0
9698 71.0
9699 71.0
9700 71.0
9701 71.0
9702 71.0
9703 71.0
9704 71.0
9705 71.0
9706 71.0
9707 71.0
9708 71.0
9709 71.0
9710 71.0
9711 71.0
9712 71.0
9713 71.0
9714 71.0
9715 71.0
9716 71.0
9717 71.0
9718 71.0
9719 71.0
9720 71.0
9721 71.0
9722 71.0
9723 71.0
9724 71.0
9725 71.0
9726 71.0
9727 71.0
9728 71.0
9729 71.0
9730 71.0
9731 71.0
9732 71.0
9733 71.0
9734 71.0
9735 71.0
9736 71.0
9737 71.0
9738 71.0
9739 71.0
9740 71.0
9741 71.0
9742 71.0
9743 71.0
9744 71.0
9745 71.0
9746 71.0
9747 71.0
9748 71.0
9749 71.0
9750 71.0
9751 71.0
9752 71.0
9753 71.0
9754 71.0
9755 71.0
9756 71.0
9757 71.0
9758 71.0
9759 71.0
9760 71.0
9761 71.0
9762 71.0
9763 71.0
9764 71.0
9765 71.0
9766 71.0
9767 71.0
9768 71.0
9769 71.0
9770 71.0
9771 71.0
9772 71.0
9773 71.0
9774 71.0
9775 71.0
9776 71.0
9777 71.0
9778 71.0
9779 71.0
9780 71.0
9781 71.0
9782 71.0
9783 71.0
9784 71.0
9785 71.0
9786 71.0
9787 71.0
9788 71.0
9789 71.0
9790 71.0
9791 71.0
9792 71.0
9793 71.0
9794 71.0
9795 71.0
9796 71.0
9797 71.0
9798 71.0
9799 71.0
9800 71.0
9801 71.0
9802 71.0
9803 71.0
9804 71.0
9805 71.0
9806 71.0
9807 71.0
9808 71.0
9809 71.0
9810 71.0
9811 71.0
9812 71.0
9813 71.0
9814 71.0
9815 71.0
9816 71.0
9817 71.0
9818 71.0
9819 71.0
9820 71.0
9821 71.0
9822 71.0
9823 71.0
9824 71.0
9825 71.0
9826 71.0
9827 71.0
9828 71.0
9829 71.0
9830 71.0
9831 71.0
9832 71.0
9833 71.0
9834 71.0
9835 71.0
9836 71.0
9837 71.0
9838 71.0
9839 71.0
9840 71.0
9841 71.0
9842 71.0
9843 71.0
9844 71.0
9845 71.0
9846 71.0
9847 71.0
9848 71.0
9849 71.0
9850 71.0
9851 71.0
9852 71.0
9853 71.0
9854 71.0
9855 71.0
9856 71.0
9857 71.0
9858 71.0
9859 71.0
9860 71.0
9861 71.0
9862 71.0
9863 71.0
9864 71.0
9865 71.0
9866 71.0
9867 71.0
9868 71.0
9869 71.0
9870 71.0
9871 71.0
9872 71.0
9873 71.0
9874 71.0
9875 71.0
9876 71.0
9877 71.0
9878 71.0
9879 71.0
9880 71.0
9881 71.0
9882 71.0
9883 71.0
9884 71.0
9885 71.0
9886 71.0
9887 71.0
9888 71.0
9889 71.0
9890 71.0
9891 71.0
9892 71.0
9893 71.0
9894 71.0
9895 71.0
9896 71.0
9897 71.0
9898 71.0
9899 71.0
9900 71.0
9901 71.0
9902 71.0
9903 71.0
9904 71.0
9905 71.0
9906 71.0
9907 71.0
9908 71.0
9909 71.0
9910 71.0
9911 71.0
9912 71.0
9913 71.0
9914 71.0
9915 71.0
9916 71.0
9917 71.0
9918 71.0
9919 71.0
9920 71.0
9921 71.0
9922 71.0
9923 71.0
9924 71.0
9925 71.0
9926 71.0
9927 71.0
9928 71.0
9929 71.0
9930 71.0
9931 71.0
9932 71.0
9933 71.0
9934 71.0
9935 71.0
9936 71.0
9937 71.0
9938 71.0
9939 71.0
9940 71.0
9941 71.0
9942 71.0
9943 71.0
9944 71.0
9945 71.0
9946 71.0
9947 71.0
9948 71.0
9949 71.0
9950 71.0
9951 71.0
9952 71.0
9953 71.0
9954 71.0
9955 71.0
9956 71.0
9957 71.0
9958 71.0
9959 71.0
9960 71.0
9961 71.0
9962 71.0
9963 71.0
9964 71.0
9965 71.0
9966 71.0
9967 71.0
9968 71.0
9969 71.0
9970 71.0
9971 71.0
9972 71.0
9973 71.0
9974 71.0
9975 71.0
9976 71.0
9977 71.0
9978 71.0
9979 71.0
9980 71.0
9981 71.0
9982 71.0
9983 71.0
9984 71.0
9985 71.0
9986 71.0
9987 71.0
9988 71.0
9989 71.0
9990 71.0
9991 71.0
9992 71.0
9993 71.0
9994 71.0
9995 71.0
9996 71.0
9997 71.0
9998 71.0
9999 71.0
10000 71.0
10001 71.0
10002 71.0
10003 71.0
10004 71.0
10005 71.0
