# evaluation best
1 28.0
2 28.0
3 28.0
4 28.0
5 28.0
6 28.0
7 28.0
8 28.0
9 28.0
10 28.0
11 28.0
12 28.0
13 28.0
14 40.0
15 40.0
16 40.0
17 40.0
18 40.0
19 40.0
20 40.0
21 40.0
22 40.0
23 40.0
24 40.0
25 40.0
26 40.0
27 40.0
28 40.0
29 40.0
30 40.0
31 40.0
32 40.0
33 40.0
34 40.0
35 40.0
36 40.0
37 40.0
38 40.0
39 40.0
40 40.0
41 40.0
42 40.0
43 40.0
44 40.0
45 40.0
46 40.0
47 40.0
48 40.0
49 40.0
50 40.0
51 40.0
52 40.0
53 40.0
54 40.0
55 40.0
56 40.0
57 40.0
58 40.0
59 40.0
60 40.0
61 40.0
62 40.0
63 40.0
64 40.0
65 40.0
66 40.0
67 40.0
68 40.0
69 40.0
70 40.0
71 40.0
72 40.0
73 40.0
74 40.0
75 40.0
76 40.0
77 40.0
78 40.0
79 40.0
80 40.0
81 40.0
82 40.0
83 40.0
84 40.0
85 40.0
86 40.0
87 40.0
88 40.0
89 40.0
90 42.0
91 42.0
92 42.0
93 42.0
94 42.0
95 42.0
96 42.0
97 42.0
98 42.0
99 42.0
100 42.0
101 42.0
102 42.0
103 42.0
104 42.0
105 42.0
106 42.0
107 42.0
108 42.0
109 42.0
110 42.0
111 42.0
112 42.0
113 42.0
114 42.0
115 42.0
116 42.0
117 42.0
118 42.0
119 42.0
120 42.0
121 42.0
122 42.0
123 42.0
124 42.0
125 42.0
126 42.0
127 42.0
128 42.0
129 42.0
130 42.0
131 42.0
132 50.0
133 50.0
134 50.0
135 50.0
136 50.0
137 50.0
138 50.0
139 50.0
140 50.0
141 50.0
142 50.0
143 50.0
144 50.0
145 50.0
146 50.0
147 50.0
148 50.0
149 50.0
150 50.0
151 50.0
152 50.0
153 50.0
154 50.0
155 50.0
156 50.0
157 50.0
158 50.0
159 50.0
160 50.0
161 50.0
162 50.0
163 50.0
164 50.0
165 50.0
166 50.0
167 50.0
168 50.0
169 50.0
170 50.0
171 50.0
172 50.0
173 50.0
174 50.0
175 50.0
176 50.0
177 50.0
178 50.0
179 50.0
180 50.0
181 50.0
182 50.0
183 50.0
184 50.0
185 50.0
186 50.0
187 50.0
188 50.0
189 50.0
190 50.0
191 50.0
192 50.0
193 50.0
194 50.0
195 50.0
196 50.0
197 50.0
198 50.0
199 50.0
200 50.0
201 50.0
202 50.0
203 50.0
204 50.0
205 50.0
206 50.0
207 50.0
208 50.0
209 50.0
210 50.0
211 50.0
212 50.0
213 50.0
214 50.0
215 50.0
216 50.0
217 50.0
218 50.0
219 50.0
220 50.0
221 50.0
222 50.0
223 50.0
224 50.0
225 50.0
226 50.0
227 50.0
228 50.0
229 50.0
230 50.0
231 50.0
232 50.0
233 50.0
234 50.0
235 50.0
236 50.0
237 50.0
238 50.0
239 50.0
240 50.0
241 50.0
242 50.0
243 50.0
244 50.0
245 50.0
246 50.0
247 50.0
248 50.0
249 50.0
250 50.0
251 50.0
252 50.0
253 50.0
254 50.0
255 50.0
256 50.0
257 50.0
258 50.0
259 50.0
260 50.0
261 50.0
262 50.0
263 50.0
264 50.0
265 50.0
266 50.0
267 50.0
268 50.0
269 50.0
270 50.0
271 50.0
272 50.0
273 50.0
274 50.0
275 50.0
276 50.0
277 50.0
278 50.0
279 50.0
280 50.0
281 50.0
282 50.0
283 50.0
284 50.0
285 50.0
286 50.0
287 50.0
288 50.0
289 50.0
290 50.0
291 50.0
292 50.0
293 50.0
294 50.0
295 50.0
296 50.0
297 50.0
298 50.0
299 50.0
300 50.0
301 50.0
302 50.0
303 50.0
304 50.0
305 50.0
306 50.0
307 50.0
308 50.0
309 50.0
310 50.0
311 50.0
312 50.0
313 50.0
314 50.0
315 50.0
316 50.0
317 50.0
318 50.0
319 50.0
320 50.0
321 50.0
322 50.0
323 50.0
324 50.0
325 50.0
326 50.0
327 50.0
328 50.0
329 50.0
330 50.0
331 50.0
332 50.0
333 50.0
334 50.0
335 50.0
336 50.0
337 50.0
338 50.0
339 50.0
340 50.0
341 50.0
342 50.0
343 50.0
344 50.0
345 50.0
346 50.0
347 50.0
348 50.0
349 50.0
350 50.0
351 50.0
352 50.0
353 50.0
354 50.0
355 50.0
356 50.0
357 50.0
358 50.0
359 50.0
360 50.0
361 50.0
362 50.0
363 50.0
364 50.0
365 50.0
366 50.0
367 50.0
368 50.0
369 50.0
370 50.0
371 50.0
372 50.0
373 50.0
374 50.0
375 50.0
376 50.0
377 50.0
378 50.0
379 50.0
380 50.0
381 50.0
382 50.0
383 50.0
384 50.0
385 50.0
386 50.0
387 50.0
388 50.0
389 50.0
390 50.0
391 50.0
392 50.0
393 50.0
394 50.0
395 50.0
396 50.0
397 50.0
398 50.0
399 50.0
400 50.0
401 50.0
402 50.0
403 50.0
404 50.0
405 50.0
406 50.0
407 50.0
408 50.0
409 50.0
410 50.0
411 50.0
412 50.0
413 50.0
414 50.0
415 50.0
416 50.0
417 50.0
418 50.0
419 50.0
420 50.0
421 50.0
422 50.0
423 50.0
424 50.0
425 50.0
426 50.0
427 50.0
428 50.0
429 50.0
430 50.0
431 50.0
432 50.0
433 50.0
434 50.0
435 50.0
436 50.0
437 50.0
438 50.0
439 50.0
440 50.0
441 50.0
442 50.0
443 50.0
444 50.0
445 50.0
446 50.0
447 50.0
448 50.0
449 50.0
450 50.0
451 50.0
452 50.0
453 50.0
454 50.0
455 50.0
456 50.0
457 50.0
458 50.0
459 50.0
460 50.0
461 50.0
462 50.0
463 50.0
464 50.0
465 50.0
466 50.0
467 50.0
468 50.0
469 50.0
470 50.0
471 50.0
472 50.0
473 50.0
474 50.0
475 50.0
476 50.0
477 50.0
478 50.0
479 50.0
480 50.0
481 50.0
482 50.0
483 50.0
484 50.0
485 50.0
486 50.0
487 50.0
488 50.0
489 50.0
490 50.0
491 50.0
492 50.0
493 50.0
494 50.0
495 50.0
496 50.0
497 50.0
498 50.0
499 50.0
500 50.0
501 50.0
502 50.0
503 50.0
504 50.0
505 50.0
506 50.0
507 50.0
508 50.0
509 50.0
510 50.0
511 50.0
512 50.0
513 50.0
514 50.0
515 50.0
516 50.0
517 50.0
518 50.0
519 50.0
520 50.0
521 50.0
522 50.0
523 50.0
524 50.0
525 50.0
526 50.0
527 50.0
528 50.0
529 50.0
530 50.0
531 50.0
532 50.0
533 50.0
534 50.0
535 50.0
536 57.0
537 57.0
538 57.0
539 57.0
540 57.0
541 57.0
542 57.0
543 57.0
544 57.0
545 57.0
546 57.0
547 57.0
548 57.0
549 57.0
550 57.0
551 57.0
552 57.0
553 57.0
554 57.0
555 57.0
556 57.0
557 57.0
558 57.0
559 57.0
560 57.0
561 57.0
562 57.0
563 57.0
564 57.0
565 57.0
566 57.0
567 57.0
568 57.0
569 57.0
570 57.0
571 57.0
572 57.0
573 57.0
574 57.0
575 57.0
576 57.0
577 57.0
578 57.0
579 57.0
580 57.0
581 57.0
582 57.0
583 57.0
584 57.0
585 57.0
586 57.0
587 57.0
588 57.0
589 57.0
590 57.0
591 57.0
592 57.0
593 57.0
594 57.0
595 57.0
596 57.0
597 57.0
598 57.0
599 57.0
600 57.0
601 57.0
602 57.0
603 57.0
604 57.0
605 57.0
606 57.0
607 57.0
608 57.0
609 57.0
610 57.0
611 57.0
612 57.0
613 57.0
614 57.0
615 57.0
616 57.0
617 57.0
618 57.0
619 57.0
620 57.0
621 57.0
622 57.0
623 57.0
624 57.0
625 57.0
626 57.0
627 57.0
628 57.0
629 57.0
630 57.0
631 57.0
632 57.0
633 57.0
634 57.0
635 57.0
636 57.0
637 57.0
638 57.0
639 57.0
640 57.0
641 57.0
642 57.0
643 57.0
644 57.0
645 57.0
646 57.0
647 57.0
648 57.0
649 57.0
650 57.0
651 57.0
652 57.0
653 57.0
654 57.0
655 57.0
656 57.0
657 57.0
658 57.0
659 57.0
660 57.0
661 57.0
662 57.0
663 57.0
664 57.0
665 57.0
666 57.0
667 57.0
668 57.0
669 57.0
670 57.0
671 57.0
672 57.0
673 57.0
674 57.0
675 57.0
676 57.0
677 57.0
678 57.0
679 57.0
680 57.0
681 57.0
682 57.0
683 57.0
684 57.0
685 57.0
686 57.0
687 57.0
688 57.0
689 57.0
690 57.0
691 57.0
692 57.0
693 57.0
694 57.0
695 57.0
696 57.0
697 57.0
698 57.0
699 57.0
700 57.0
701 57.0
702 57.0
703 57.0
704 57.0
705 57.0
706 57.0
707 57.0
708 57.0
709 57.0
710 57.0
711 57.0
712 57.0
713 57.0
714 57.0
715 57.0
716 57.0
717 57.0
718 57.0
719 57.0
720 57.0
721 57.0
722 57.0
723 57.0
724 57.0
725 57.0
726 57.0
727 57.0
728 57.0
729 57.0
730 57.0
731 57.0
732 57.0
733 57.0
734 57.0
735 57.0
736 57.0
737 57.0
738 57.0
739 57.0
740 57.0
741 57.0
742 57.0
743 57.0
744 57.0
745 57.0
746 57.0
747 57.0
748 57.0
749 57.0
750 57.0
751 57.0
752 57.0
753 57.0
754 57.0
755 57.0
756 57.0
757 57.0
758 57.0
759 57.0
760 57.0
761 57.0
762 57.0
763 57.0
764 57.0
765 57.0
766 57.0
767 57.0
768 57.0
769 57.0
770 57.0
771 57.0
772 57.0
773 57.0
774 57.0
775 57.0
776 57.0
777 57.0
778 57.0
779 57.0
780 57.0
781 57.0
782 57.0
783 57.0
784 57.0
785 57.0
786 57.0
787 57.0
788 57.0
789 57.0
790 57.0
791 57.0
792 57.0
793 57.0
794 57.0
795 57.0
796 57.0
797 57.0
798 57.0
799 57.0
800 57.0
801 57.0
802 57.0
803 57.0
804 57.0
805 57.0
806 57.0
807 57.0
808 57.0
809 57.0
810 57.0
811 57.0
812 57.0
813 57.0
814 57.0
815 57.0
816 57.0
817 57.0
818 57.0
819 57.0
820 57.0
821 57.0
822 57.0
823 57.0
824 57.0
825 57.0
826 57.0
827 57.0
828 57.0
829 57.0
830 57.0
831 57.0
832 57.0
833 57.0
834 57.0
835 57.0
836 57.0
837 57.0
838 57.0
839 57.0
840 57.0
841 57.0
842 57.0
843 57.0
844 57.0
845 57.0
846 57.0
847 57.0
848 57.0
849 57.0
850 57.0
851 57.0
852 57.0
853 57.0
854 57.0
855 57.0
856 57.0
857 57.0
858 57.0
859 57.0
860 57.0
861 57.0
862 57.0
863 57.0
864 57.0
865 57.0
866 57.0
867 57.0
868 57.0
869 57.0
870 57.0
871 57.0
872 57.0
873 57.0
874 57.0
875 57.0
876 57.0
877 57.0
878 57.0
879 57.0
880 57.0
881 57.0
882 57.0
883 57.0
884 57.0
885 57.0
886 57.0
887 57.0
888 57.0
889 57.0
890 57.0
891 57.0
892 57.0
893 57.0
894 57.0
895 57.0
896 57.0
897 57.0
898 57.0
899 57.0
900 57.0
901 57.0
902 57.0
903 57.0
904 57.0
905 57.0
906 57.0
907 57.0
908 57.0
909 57.0
910 57.0
911 57.0
912 57.0
913 58.0
914 58.0
915 58.0
916 58.0
917 58.0
918 58.0
919 58.0
920 58.0
921 58.0
922 58.0
923 58.0
924 58.0
925 58.0
926 58.0
927 58.0
928 58.0
929 58.0
930 58.0
931 58.0
932 58.0
933 58.0
934 58.0
935 58.0
936 58.0
937 58.0
938 58.0
939 58.0
940 58.0
941 58.0
942 58.0
943 58.0
944 58.0
945 58.0
946 58.0
947 58.0
948 58.0
949 58.0
950 58.0
951 58.0
952 58.0
953 58.0
954 58.0
955 58.0
956 58.0
957 58.0
958 58.0
959 58.0
960 58.0
961 58.0
962 58.0
963 58.0
964 58.0
965 58.0
966 58.0
967 58.0
968 58.0
969 58.0
970 58.0
971 58.0
972 58.0
973 58.0
974 58.0
975 58.0
976 58.0
977 58.0
978 58.0
979 58.0
980 58.0
981 58.0
982 58.0
983 58.0
984 58.0
985 58.0
986 58.0
987 58.0
988 58.0
989 58.0
990 58.0
991 58.0
992 58.0
993 58.0
994 58.0
995 58.0
996 58.0
997 58.0
998 58.0
999 58.0
1000 58.0
1001 58.0
1002 58.0
1003 58.0
1004 58.0
1005 58.0
1006 58.0
1007 58.0
1008 58.0
1009 58.0
1010 58.0
1011 58.0
1012 58.0
1013 58.0
1014 58.0
1015 58.0
1016 58.0
1017 58.0
1018 58.0
1019 58.0
1020 58.0
1021 58.0
1022 58.0
1023 58.0
1024 58.0
1025 58.0
1026 58.0
1027 58.0
1028 58.0
1029 58.0
1030 58.0
1031 58.0
1032 58.0
1033 58.0
1034 58.0
1035 58.0
1036 58.0
1037 58.0
1038 58.0
1039 58.0
1040 58.0
1041 58.0
1042 58.0
1043 58.0
1044 58.0
1045 58.0
1046 58.0
1047 58.0
1048 58.0
1049 58.0
1050 58.0
1051 58.0
1052 58.0
1053 58.0
1054 58.0
1055 58.0
1056 58.0
1057 58.0
1058 58.0
1059 58.0
1060 58.0
1061 58.0
1062 58.0
1063 58.0
1064 58.0
1065 58.0
1066 58.0
1067 58.0
1068 58.0
1069 58.0
1070 58.0
1071 58.0
1072 58.0
1073 58.0
1074 58.0
1075 58.0
1076 58.0
1077 58.0
1078 58.0
1079 58.0
1080 58.0
1081 58.0
1082 58.0
1083 58.0
1084 58.0
1085 58.0
1086 58.0
1087 58.0
1088 58.0
1089 58.0
1090 58.0
1091 58.0
1092 58.0
1093 58.0
1094 58.0
1095 58.0
1096 58.0
1097 58.0
1098 58.0
1099 58.0
1100 58.0
1101 58.0
1102 58.0
1103 58.0
1104 58.0
1105 58.0
1106 58.0
1107 58.0
1108 58.0
1109 58.0
1110 58.0
1111 58.0
1112 58.0
1113 58.0
1114 58.0
1115 58.0
1116 58.0
1117 58.0
1118 58.0
1119 58.0
1120 58.0
1121 58.0
1122 58.0
1123 58.0
1124 58.0
1125 58.0
1126 58.0
1127 58.0
1128 58.0
1129 58.0
1130 58.0
1131 58.0
1132 58.0
1133 58.0
1134 58.0
1135 58.0
1136 58.0
1137 58.0
1138 58.0
1139 58.0
1140 58.0
1141 58.0
1142 58.0
1143 58.0
1144 58.0
1145 58.0
1146 58.0
1147 58.0
1148 58.0
1149 58.0
1150 58.0
1151 58.0
1152 58.0
1153 58.0
1154 58.0
1155 58.0
1156 58.0
1157 58.0
1158 58.0
1159 58.0
1160 58.0
1161 58.0
1162 58.0
1163 58.0
1164 58.0
1165 58.0
1166 58.0
1167 58.0
1168 58.0
1169 58.0
1170 58.0
1171 58.0
1172 58.0
1173 58.0
1174 58.0
1175 58.0
1176 58.0
1177 58.0
1178 58.0
1179 58.0
1180 58.0
1181 58.0
1182 58.0
1183 58.0
1184 58.0
1185 58.0
1186 58.0
1187 58.0
1188 58.0
1189 58.0
1190 58.0
1191 58.0
1192 58.0
1193 58.0
1194 58.0
1195 58.0
1196 58.0
1197 58.0
1198 58.0
1199 58.0
1200 58.0
1201 58.0
1202 58.0
1203 58.0
1204 58.0
1205 58.0
1206 58.0
1207 58.0
1208 58.0
1209 58.0
1210 58.0
1211 58.0
1212 58.0
1213 58.0
1214 58.0
1215 58.0
1216 58.0
1217 58.0
1218 58.0
1219 58.0
1220 58.0
1221 58.0
1222 58.0
1223 58.0
1224 58.0
1225 58.0
1226 58.0
1227 58.0
1228 58.0
1229 58.0
1230 58.0
1231 58.0
1232 58.0
1233 58.0
1234 58.0
1235 58.0
1236 58.0
1237 58.0
1238 58.0
1239 58.0
1240 58.0
1241 58.0
1242 58.0
1243 58.0
1244 58.0
1245 58.0
1246 58.0
1247 58.0
1248 58.0
1249 58.0
1250 58.0
1251 58.0
1252 58.0
1253 58.0
1254 58.0
1255 58.0
1256 58.0
1257 58.0
1258 58.0
1259 58.0
1260 58.0
1261 58.0
1262 58.0
1263 58.0
1264 58.0
1265 58.0
1266 58.0
1267 58.0
1268 58.0
1269 58.0
1270 58.0
1271 58.0
1272 58.0
1273 58.0
1274 58.0
1275 58.0
1276 58.0
1277 58.0
1278 58.0
1279 58.0
1280 58.0
1281 58.0
1282 58.0
1283 58.0
1284 58.0
1285 58.0
1286 58.0
1287 58.0
1288 58.0
1289 58.0
1290 58.0
1291 58.0
1292 58.0
1293 58.0
1294 58.0
1295 58.0
1296 58.0
1297 58.0
1298 58.0
1299 58.0
1300 58.0
1301 58.0
1302 58.0
1303 58.0
1304 58.0
1305 58.0
1306 58.0
1307 58.0
1308 58.0
1309 58.0
1310 58.0
1311 58.0
1312 58.0
1313 58.0
1314 58.0
1315 58.0
1316 58.0
1317 58.0
1318 58.0
1319 58.0
1320 58.0
1321 58.0
1322 58.0
1323 58.0
1324 58.0
1325 58.0
1326 58.0
1327 58.0
1328 58.0
1329 58.0
1330 58.0
1331 58.0
1332 58.0
1333 58.0
1334 58.0
1335 58.0
1336 58.0
1337 58.0
1338 58.0
1339 58.0
1340 58.0
1341 58.0
1342 58.0
1343 58.0
1344 58.0
1345 58.0
1346 58.0
1347 58.0
1348 58.0
1349 58.0
1350 58.0
1351 58.0
1352 58.0
1353 58.0
1354 58.0
1355 58.0
1356 58.0
1357 58.0
1358 58.0
1359 58.0
1360 58.0
1361 58.0
1362 58.0
1363 58.0
1364 58.0
1365 58.0
1366 58.0
1367 58.0
1368 58.0
1369 58.0
1370 58.0
1371 58.0
1372 58.0
1373 58.0
1374 58.0
1375 58.0
1376 58.0
1377 58.0
1378 58.0
1379 58.0
1380 58.0
1381 58.0
1382 58.0
1383 58.0
1384 58.0
1385 58.0
1386 58.0
1387 58.0
1388 58.0
1389 58.0
1390 58.0
1391 58.0
1392 58.0
1393 58.0
1394 58.0
1395 58.0
1396 58.0
1397 58.0
1398 58.0
1399 58.0
1400 58.0
1401 58.0
1402 58.0
1403 58.0
1404 58.0
1405 58.0
1406 58.0
1407 58.0
1408 58.0
1409 58.0
1410 58.0
1411 58.0
1412 58.0
1413 58.0
1414 58.0
1415 58.0
1416 58.0
1417 58.0
1418 58.0
1419 58.0
1420 58.0
1421 58.0
1422 58.0
1423 58.0
1424 58.0
1425 58.0
1426 58.0
1427 58.0
1428 58.0
1429 58.0
1430 58.0
1431 58.0
1432 58.0
1433 58.0
1434 58.0
1435 58.0
1436 58.0
1437 58.0
1438 58.0
1439 58.0
1440 58.0
1441 58.0
1442 58.0
1443 58.0
1444 58.0
1445 58.0
1446 58.0
1447 58.0
1448 58.0
1449 58.0
1450 58.0
1451 58.0
1452 58.0
1453 58.0
1454 58.0
1455 58.0
1456 58.0
1457 58.0
1458 58.0
1459 58.0
1460 58.0
1461 58.0
1462 58.0
1463 58.0
1464 58.0
1465 58.0
1466 58.0
1467 58.0
1468 58.0
1469 58.0
1470 58.0
1471 58.0
1472 58.0
1473 58.0
1474 58.0
1475 58.0
1476 58.0
1477 58.0
1478 58.0
1479 58.0
1480 58.0
1481 58.0
1482 58.0
1483 58.0
1484 58.0
1485 58.0
1486 58.0
1487 58.0
1488 58.0
1489 58.0
1490 58.0
1491 58.0
1492 58.0
1493 58.0
1494 58.0
1495 58.0
1496 58.0
1497 58.0
1498 58.0
1499 58.0
1500 58.0
1501 58.0
1502 58.0
1503 58.0
1504 58.0
1505 58.0
1506 58.0
1507 58.0
1508 58.0
1509 58.0
1510 58.0
1511 58.0
1512 58.0
1513 58.0
1514 58.0
1515 58.0
1516 58.0
1517 58.0
1518 58.0
1519 58.0
1520 58.0
1521 58.0
1522 58.0
1523 58.0
1524 58.0
1525 58.0
1526 58.0
1527 58.0
1528 58.0
1529 58.0
1530 58.0
1531 58.0
1532 58.0
1533 58.0
1534 58.0
1535 58.0
1536 58.0
1537 58.0
1538 58.0
1539 58.0
1540 58.0
1541 58.0
1542 58.0
1543 58.0
1544 58.0
1545 58.0
1546 58.0
1547 58.0
1548 58.0
1549 58.0
1550 58.0
1551 58.0
1552 58.0
1553 58.0
1554 58.0
1555 58.0
1556 58.0
1557 58.0
1558 58.0
1559 58.0
1560 58.0
1561 58.0
1562 58.0
1563 58.0
1564 58.0
1565 58.0
1566 58.0
1567 58.0
1568 58.0
1569 58.0
1570 58.0
1571 58.0
1572 58.0
1573 58.0
1574 58.0
1575 58.0
1576 58.0
1577 58.0
1578 58.0
1579 58.0
1580 58.0
1581 58.0
1582 58.0
1583 58.0
1584 58.0
1585 58.0
1586 58.0
1587 58.0
1588 58.0
1589 58.0
1590 58.0
1591 58.0
1592 58.0
1593 58.0
1594 58.0
1595 58.0
1596 58.0
1597 58.0
1598 58.0
1599 58.0
1600 58.0
1601 58.0
1602 58.0
1603 58.0
1604 58.0
1605 58.0
1606 58.0
1607 58.0
1608 58.0
1609 58.0
1610 58.0
1611 58.0
1612 58.0
1613 58.0
1614 58.0
1615 58.0
1616 58.0
1617 58.0
1618 58.0
1619 58.0
1620 58.0
1621 58.0
1622 58.0
1623 58.0
1624 58.0
1625 58.0
1626 58.0
1627 58.0
1628 58.0
1629 58.0
1630 58.0
1631 58.0
1632 58.0
1633 58.0
1634 58.0
1635 58.0
1636 58.0
1637 58.0
1638 58.0
1639 58.0
1640 58.0
1641 58.0
1642 58.0
1643 58.0
1644 58.0
1645 58.0
1646 58.0
1647 58.0
1648 58.0
1649 58.0
1650 58.0
1651 58.0
1652 58.0
1653 58.0
1654 58.0
1655 58.0
1656 58.0
1657 59.0
1658 59.0
1659 59.0
1660 59.0
1661 59.0
1662 59.0
1663 59.0
1664 59.0
1665 59.0
1666 59.0
1667 59.0
1668 59.0
1669 59.0
1670 59.0
1671 59.0
1672 59.0
1673 59.0
1674 59.0
1675 59.0
1676 59.0
1677 59.0
1678 59.0
1679 59.0
1680 59.0
1681 59.0
1682 59.0
1683 59.0
1684 59.0
1685 59.0
1686 59.0
1687 59.0
1688 59.0
1689 59.0
1690 59.0
1691 59.0
1692 59.0
1693 59.0
1694 59.0
1695 59.0
1696 59.0
1697 59.0
1698 59.0
1699 59.0
1700 59.0
1701 59.0
1702 59.0
1703 59.0
1704 59.0
1705 59.0
1706 59.0
1707 59.0
1708 59.0
1709 59.0
1710 59.0
1711 59.0
1712 59.0
1713 59.0
1714 59.0
1715 59.0
1716 59.0
1717 59.0
1718 59.0
1719 59.0
1720 59.0
1721 59.0
1722 59.0
1723 59.0
1724 59.0
1725 59.0
1726 59.0
1727 59.0
1728 59.0
1729 59.0
1730 59.0
1731 59.0
1732 59.0
1733 59.0
1734 59.0
1735 59.0
1736 59.0
1737 59.0
1738 59.0
1739 59.0
1740 59.0
1741 59.0
1742 59.0
1743 59.0
1744 59.0
1745 59.0
1746 59.0
1747 59.0
1748 59.0
1749 59.0
1750 59.0
1751 59.0
1752 59.0
1753 59.0
1754 59.0
1755 59.0
1756 59.0
1757 59.0
1758 59.0
1759 59.0
1760 59.0
1761 59.0
1762 59.0
1763 59.0
1764 59.0
1765 59.0
1766 59.0
1767 59.0
1768 59.0
1769 59.0
1770 59.0
1771 59.0
1772 59.0
1773 59.0
1774 59.0
1775 59.0
1776 59.0
1777 59.0
1778 59.0
1779 59.0
1780 59.0
1781 59.0
1782 59.0
1783 59.0
1784 59.0
1785 59.0
1786 59.0
1787 59.0
1788 59.0
1789 59.0
1790 59.0
1791 59.0
1792 59.0
1793 59.0
1794 59.0
1795 59.0
1796 59.0
1797 59.0
1798 59.0
1799 59.0
1800 59.0
1801 59.0
1802 59.0
1803 59.0
1804 59.0
1805 59.0
1806 59.0
1807 59.0
1808 59.0
1809 59.0
1810 59.0
1811 59.0
1812 59.0
1813 59.0
1814 59.0
1815 59.0
1816 59.0
1817 59.0
1818 59.0
1819 59.0
1820 59.0
1821 59.0
1822 59.0
1823 59.0
1824 59.0
1825 59.0
1826 59.0
1827 59.0
1828 59.0
1829 59.0
1830 59.0
1831 59.0
1832 59.0
1833 59.0
1834 59.0
1835 59.0
1836 59.0
1837 59.0
1838 59.0
1839 59.0
1840 59.0
1841 59.0
1842 59.0
1843 59.0
1844 59.0
1845 59.0
1846 59.0
1847 59.0
1848 59.0
1849 59.0
1850 59.0
1851 59.0
1852 59.0
1853 59.0
1854 59.0
1855 59.0
1856 59.0
1857 59.0
1858 59.0
1859 59.0
1860 59.0
1861 59.0
1862 59.0
1863 59.0
1864 59.0
1865 59.0
1866 59.0
1867 59.0
1868 59.0
1869 59.0
1870 59.0
1871 59.0
1872 59.0
1873 59.0
1874 59.0
1875 59.0
1876 59.0
1877 59.0
1878 59.0
1879 59.0
1880 59.0
1881 59.0
1882 59.0
1883 59.0
1884 59.0
1885 59.0
1886 59.0
1887 59.0
1888 59.0
1889 59.0
1890 59.0
1891 59.0
1892 59.0
1893 59.0
1894 59.0
1895 59.0
1896 59.0
1897 59.0
1898 59.0
1899 59.0
1900 59.0
1901 59.0
1902 59.0
1903 59.0
1904 59.0
1905 59.0
1906 59.0
1907 59.0
1908 59.0
1909 59.0
1910 59.0
1911 59.0
1912 59.0
1913 59.0
1914 59.0
1915 59.0
1916 59.0
1917 59.0
1918 59.0
1919 59.0
1920 59.0
1921 59.0
1922 59.0
1923 59.0
1924 59.0
1925 59.0
1926 59.0
1927 59.0
1928 59.0
1929 59.0
1930 59.0
1931 59.0
1932 59.0
1933 59.0
1934 59.0
1935 59.0
1936 59.0
1937 59.0
1938 59.0
1939 59.0
1940 59.0
1941 59.0
1942 59.0
1943 59.0
1944 59.0
1945 59.0
1946 59.0
1947 59.0
1948 59.0
1949 59.0
1950 59.0
1951 59.0
1952 59.0
1953 59.0
1954 59.0
1955 59.0
1956 59.0
1957 59.0
1958 59.0
1959 59.0
1960 59.0
1961 59.0
1962 59.0
1963 59.0
1964 59.0
1965 59.0
1966 59.0
1967 59.0
1968 59.0
1969 59.0
1970 59.0
1971 59.0
1972 59.0
1973 59.0
1974 59.0
1975 59.0
1976 59.0
1977 59.0
1978 59.0
1979 59.0
1980 59.0
1981 59.0
1982 59.0
1983 59.0
1984 59.0
1985 59.0
1986 59.0
1987 59.0
1988 59.0
1989 59.0
1990 59.0
1991 59.0
1992 59.0
1993 59.0
1994 59.0
1995 59.0
1996 59.0
1997 59.0
1998 60.0
1999 60.0
2000 60.0
2001 60.0
2002 60.0
2003 60.0
2004 60.0
2005 60.0
2006 60.0
2007 60.0
2008 60.0
2009 60.0
2010 60.0
2011 60.0
2012 60.0
2013 60.0
2014 60.0
2015 60.0
2016 60.0
2017 60.0
2018 60.0
2019 60.0
2020 60.0
2021 60.0
2022 60.0
2023 60.0
2024 60.0
2025 60.0
2026 60.0
2027 60.0
2028 60.0
2029 60.0
2030 60.0
2031 60.0
2032 60.0
2033 60.0
2034 60.0
2035 60.0
2036 60.0
2037 60.0
2038 60.0
2039 60.0
2040 60.0
2041 60.0
2042 60.0
2043 60.0
2044 60.0
2045 60.0
2046 60.0
2047 60.0
2048 60.0
2049 60.0
2050 60.0
2051 60.0
2052 60.0
2053 60.0
2054 60.0
2055 60.0
2056 60.0
2057 60.0
2058 60.0
2059 60.0
2060 60.0
2061 60.0
2062 60.0
2063 60.0
2064 60.0
2065 60.0
2066 60.0
2067 60.0
2068 60.0
2069 60.0
2070 60.0
2071 60.0
2072 60.0
2073 60.0
2074 60.0
2075 60.0
2076 60.0
2077 60.0
2078 60.0
2079 60.0
2080 60.0
2081 60.0
2082 60.0
2083 60.0
2084 60.0
2085 60.0
2086 60.0
2087 60.0
2088 60.0
2089 60.0
2090 60.0
2091 60.0
2092 60.0
2093 60.0
2094 60.0
2095 60.0
2096 60.0
2097 60.0
2098 60.0
2099 60.0
2100 60.0
2101 60.0
2102 60.0
2103 60.0
2104 60.0
2105 60.0
2106 60.0
2107 60.0
2108 60.0
2109 60.0
2110 60.0
2111 60.0
2112 60.0
2113 60.0
2114 60.0
2115 60.0
2116 60.0
2117 60.0
2118 60.0
2119 60.0
2120 60.0
2121 60.0
2122 60.0
2123 60.0
2124 60.0
2125 60.0
2126 60.0
2127 60.0
2128 60.0
2129 60.0
2130 60.0
2131 60.0
2132 60.0
2133 60.0
2134 60.0
2135 60.0
2136 60.0
2137 60.0
2138 60.0
2139 60.0
2140 60.0
2141 60.0
2142 60.0
2143 60.0
2144 60.0
2145 60.0
2146 60.0
2147 60.0
2148 60.0
2149 60.0
2150 60.0
2151 60.0
2152 60.0
2153 60.0
2154 60.0
2155 60.0
2156 60.0
2157 60.0
2158 60.0
2159 60.0
2160 60.0
2161 60.0
2162 60.0
2163 60.0
2164 60.0
2165 60.0
2166 60.0
2167 60.0
2168 60.0
2169 60.0
2170 60.0
2171 60.0
2172 60.0
2173 60.0
2174 60.0
2175 60.0
2176 60.0
2177 60.0
2178 60.0
2179 60.0
2180 60.0
2181 60.0
2182 60.0
2183 60.0
2184 60.0
2185 60.0
2186 60.0
2187 60.0
2188 60.0
2189 60.0
2190 60.0
2191 60.0
2192 60.0
2193 60.0
2194 60.0
2195 60.0
2196 60.0
2197 60.0
2198 60.0
2199 60.0
2200 60.0
2201 60.0
2202 60.0
2203 60.0
2204 60.0
2205 60.0
2206 60.0
2207 60.0
2208 60.0
2209 60.0
2210 60.0
2211 60.0
2212 60.0
2213 60.0
2214 60.0
2215 60.0
2216 60.0
2217 60.0
2218 60.0
2219 60.0
2220 60.0
2221 60.0
2222 60.0
2223 60.0
2224 60.0
2225 60.0
2226 60.0
2227 60.0
2228 60.0
2229 60.0
2230 60.0
2231 60.0
2232 60.0
2233 60.0
2234 60.0
2235 60.0
2236 60.0
2237 60.0
2238 60.0
2239 60.0
2240 60.0
2241 60.0
2242 60.0
2243 60.0
2244 60.0
2245 60.0
2246 60.0
2247 60.0
2248 60.0
2249 60.0
2250 60.0
2251 60.0
2252 60.0
2253 60.0
2254 60.0
2255 60.0
2256 60.0
2257 60.0
2258 60.0
2259 60.0
2260 60.0
2261 60.0
2262 60.0
2263 60.0
2264 60.0
2265 60.0
2266 60.0
2267 60.0
2268 60.0
2269 60.0
2270 60.0
2271 60.0
2272 60.0
2273 60.0
2274 60.0
2275 60.0
2276 60.0
2277 60.0
2278 60.0
2279 60.0
2280 60.0
2281 60.0
2282 60.0
2283 60.0
2284 60.0
2285 60.0
2286 60.0
2287 60.0
2288 60.0
2289 60.0
2290 60.0
2291 60.0
2292 60.0
2293 60.0
2294 60.0
2295 60.0
2296 60.0
2297 60.0
2298 60.0
2299 60.0
2300 60.0
2301 60.0
2302 60.0
2303 60.0
2304 60.0
2305 60.0
2306 60.0
2307 60.0
2308 60.0
2309 60.0
2310 60.0
2311 60.0
2312 60.0
2313 60.0
2314 60.0
2315 60.0
2316 60.0
2317 60.0
2318 60.0
2319 60.0
2320 60.0
2321 60.0
2322 60.0
2323 60.0
2324 60.0
2325 60.0
2326 60.0
2327 60.0
2328 60.0
2329 60.0
2330 60.0
2331 60.0
2332 60.0
2333 60.0
2334 60.0
2335 60.0
2336 60.0
2337 60.0
2338 60.0
2339 60.0
2340 60.0
2341 60.0
2342 60.0
2343 60.0
2344 60.0
2345 60.0
2346 60.0
2347 60.0
2348 60.0
2349 60.0
2350 60.0
2351 60.0
2352 60.0
2353 60.0
2354 60.0
2355 60.0
2356 60.0
2357 60.0
2358 60.0
2359 60.0
2360 60.0
2361 60.0
2362 60.0
2363 60.0
2364 60.0
2365 60.0
2366 60.0
2367 60.0
2368 60.0
2369 60.0
2370 60.0
2371 60.0
2372 60.0
2373 60.0
2374 60.0
2375 60.0
2376 60.0
2377 60.0
2378 60.0
2379 60.0
2380 60.0
2381 60.0
2382 60.0
2383 60.0
2384 60.0
2385 60.0
2386 60.0
2387 60.0
2388 60.0
2389 60.0
2390 60.0
2391 60.0
2392 60.0
2393 60.0
2394 60.0
2395 60.0
2396 60.0
2397 60.0
2398 60.0
2399 60.0
2400 60.0
2401 60.0
2402 60.0
2403 60.0
2404 60.0
2405 60.0
2406 60.0
2407 60.0
2408 60.0
2409 60.0
2410 60.0
2411 60.0
2412 60.0
2413 60.0
2414 60.0
2415 60.0
2416 60.0
2417 60.0
2418 60.0
2419 60.0
2420 60.0
2421 60.0
2422 60.0
2423 60.0
2424 60.0
2425 60.0
2426 60.0
2427 60.0
2428 60.0
2429 60.0
2430 60.0
2431 60.0
2432 60.0
2433 60.0
2434 60.0
2435 60.0
2436 60.0
2437 60.0
2438 60.0
2439 60.0
2440 60.0
2441 60.0
2442 60.0
2443 60.0
2444 60.0
2445 60.0
2446 60.0
2447 60.0
2448 60.0
2449 60.0
2450 60.0
2451 60.0
2452 60.0
2453 60.0
2454 60.0
2455 60.0
2456 60.0
2457 60.0
2458 60.0
2459 60.0
2460 60.0
2461 60.0
2462 60.0
2463 60.0
2464 60.0
2465 60.0
2466 60.0
2467 60.0
2468 60.0
2469 60.0
2470 60.0
2471 60.0
2472 60.0
2473 60.0
2474 60.0
2475 60.0
2476 60.0
2477 60.0
2478 60.0
2479 60.0
2480 60.0
2481 60.0
2482 60.0
2483 60.0
2484 60.0
2485 60.0
2486 60.0
2487 60.0
2488 60.0
2489 60.0
2490 60.0
2491 60.0
2492 60.0
2493 60.0
2494 60.0
2495 60.0
2496 60.0
2497 60.0
2498 60.0
2499 60.0
2500 60.0
2501 60.0
2502 60.0
2503 60.0
2504 60.0
2505 60.0
2506 60.0
2507 60.0
2508 60.0
2509 60.0
2510 60.0
2511 60.0
2512 60.0
2513 60.0
2514 60.0
2515 60.0
2516 60.0
2517 60.0
2518 60.0
2519 60.0
2520 60.0
2521 60.0
2522 60.0
2523 60.0
2524 60.0
2525 60.0
2526 60.0
2527 60.0
2528 60.0
2529 60.0
2530 60.0
2531 60.0
2532 60.0
2533 60.0
2534 60.0
2535 60.0
2536 60.0
2537 60.0
2538 60.0
2539 60.0
2540 60.0
2541 60.0
2542 60.0
2543 60.0
2544 60.0
2545 60.0
2546 60.0
2547 60.0
2548 60.0
2549 60.0
2550 60.0
2551 60.0
2552 60.0
2553 60.0
2554 60.0
2555 60.0
2556 60.0
2557 60.0
2558 60.0
2559 60.0
2560 60.0
2561 60.0
2562 60.0
2563 60.0
2564 60.0
2565 60.0
2566 60.0
2567 60.0
2568 60.0
2569 60.0
2570 60.0
2571 60.0
2572 60.0
2573 60.0
2574 60.0
2575 60.0
2576 60.0
2577 60.0
2578 60.0
2579 60.0
2580 60.0
2581 60.0
2582 60.0
2583 60.0
2584 60.0
2585 60.0
2586 60.0
2587 60.0
2588 60.0
2589 60.0
2590 62.0
2591 62.0
2592 62.0
2593 62.0
2594 62.0
2595 62.0
2596 62.0
2597 62.0
2598 62.0
2599 62.0
2600 62.0
2601 62.0
2602 62.0
2603 62.0
2604 62.0
2605 62.0
2606 62.0
2607 62.0
2608 62.0
2609 62.0
2610 62.0
2611 62.0
2612 62.0
2613 62.0
2614 62.0
2615 62.0
2616 62.0
2617 62.0
2618 62.0
2619 62.0
2620 62.0
2621 62.0
2622 62.0
2623 62.0
2624 62.0
2625 62.0
2626 62.0
2627 62.0
2628 62.0
2629 62.0
2630 62.0
2631 62.0
2632 62.0
2633 62.0
2634 62.0
2635 62.0
2636 62.0
2637 62.0
2638 62.0
2639 62.0
2640 62.0
2641 62.0
2642 62.0
2643 62.0
2644 62.0
2645 62.0
2646 62.0
2647 62.0
2648 62.0
2649 62.0
2650 62.0
2651 62.0
2652 62.0
2653 62.0
2654 62.0
2655 62.0
2656 62.0
2657 62.0
2658 62.0
2659 62.0
2660 62.0
2661 62.0
2662 62.0
2663 62.0
2664 62.0
2665 62.0
2666 62.0
2667 62.0
2668 62.0
2669 62.0
2670 62.0
2671 62.0
2672 62.0
2673 62.0
2674 62.0
2675 62.0
2676 62.0
2677 62.0
2678 62.0
2679 62.0
2680 62.0
2681 62.0
2682 62.0
2683 62.0
2684 62.0
2685 62.0
2686 62.0
2687 62.0
2688 62.0
2689 62.0
2690 62.0
2691 62.0
2692 62.0
2693 62.0
2694 62.0
2695 62.0
2696 62.0
2697 62.0
2698 62.0
2699 62.0
2700 62.0
2701 62.0
2702 62.0
2703 62.0
2704 62.0
2705 62.0
2706 62.0
2707 62.0
2708 62.0
2709 62.0
2710 62.0
2711 62.0
2712 62.0
2713 62.0
2714 62.0
2715 62.0
2716 62.0
2717 62.0
2718 62.0
2719 62.0
2720 62.0
2721 62.0
2722 62.0
2723 62.0
2724 62.0
2725 62.0
2726 62.0
2727 62.0
2728 62.0
2729 62.0
2730 62.0
2731 62.0
2732 62.0
2733 62.0
2734 62.0
2735 62.0
2736 62.0
2737 62.0
2738 62.0
2739 62.0
2740 62.0
2741 62.0
2742 62.0
2743 62.0
2744 62.0
2745 62.0
2746 62.0
2747 62.0
2748 62.0
2749 62.0
2750 62.0
2751 62.0
2752 62.0
2753 62.0
2754 62.0
2755 62.0
2756 62.0
2757 62.0
2758 62.0
2759 62.0
2760 62.0
2761 62.0
2762 62.0
2763 62.0
2764 62.0
2765 62.0
2766 62.0
2767 62.0
2768 62.0
2769 62.0
2770 62.0
2771 62.0
2772 62.0
2773 62.0
2774 62.0
2775 62.0
2776 62.0
2777 62.0
2778 62.0
2779 62.0
2780 62.0
2781 62.0
2782 62.0
2783 62.0
2784 62.0
2785 62.0
2786 62.0
2787 62.0
2788 62.0
2789 62.0
2790 62.0
2791 62.0
2792 62.0
2793 62.0
2794 62.0
2795 62.0
2796 62.0
2797 62.0
2798 62.0
2799 62.0
2800 62.0
2801 62.0
2802 62.0
2803 62.0
2804 62.0
2805 62.0
2806 62.0
2807 62.0
2808 62.0
2809 62.0
2810 62.0
2811 62.0
2812 62.0
2813 62.0
2814 62.0
2815 62.0
2816 62.0
2817 62.0
2818 62.0
2819 62.0
2820 62.0
2821 62.0
2822 62.0
2823 62.0
2824 62.0
2825 62.0
2826 62.0
2827 62.0
2828 62.0
2829 62.0
2830 62.0
2831 62.0
2832 62.0
2833 62.0
2834 62.0
2835 62.0
2836 62.0
2837 62.0
2838 62.0
2839 62.0
2840 62.0
2841 62.0
2842 62.0
2843 62.0
2844 62.0
2845 62.0
2846 62.0
2847 62.0
2848 62.0
2849 62.0
2850 62.0
2851 62.0
2852 62.0
2853 62.0
2854 62.0
2855 62.0
2856 62.0
2857 62.0
2858 62.0
2859 62.0
2860 62.0
2861 62.0
2862 62.0
2863 62.0
2864 62.0
2865 62.0
2866 62.0
2867 62.0
2868 62.0
2869 62.0
2870 62.0
2871 62.0
2872 62.0
2873 62.0
2874 62.0
2875 62.0
2876 62.0
2877 62.0
2878 62.0
2879 62.0
2880 62.0
2881 62.0
2882 62.0
2883 62.0
2884 62.0
2885 62.0
2886 62.0
2887 62.0
2888 62.0
2889 62.0
2890 62.0
2891 62.0
2892 62.0
2893 62.0
2894 62.0
2895 62.0
2896 62.0
2897 62.0
2898 62.0
2899 62.0
2900 62.0
2901 62.0
2902 62.0
2903 62.0
2904 62.0
2905 62.0
2906 62.0
2907 62.0
2908 62.0
2909 62.0
2910 62.0
2911 62.0
2912 62.0
2913 62.0
2914 62.0
2915 62.0
2916 62.0
2917 62.0
2918 62.0
2919 62.0
2920 62.0
2921 62.0
2922 62.0
2923 62.0
2924 62.0
2925 62.0
2926 62.0
2927 62.0
2928 62.0
2929 62.0
2930 62.0
2931 62.0
2932 62.0
2933 62.0
2934 62.0
2935 62.0
2936 62.0
2937 62.0
2938 62.0
2939 62.0
2940 62.0
2941 62.0
2942 62.0
2943 62.0
2944 62.0
2945 62.0
2946 62.0
2947 62.0
2948 62.0
2949 62.0
2950 62.0
2951 62.0
2952 62.0
2953 62.0
2954 62.0
2955 62.0
2956 62.0
2957 62.0
2958 62.0
2959 62.0
2960 62.0
2961 62.0
2962 62.0
2963 62.0
2964 62.0
2965 62.0
2966 62.0
2967 62.0
2968 62.0
2969 62.0
2970 62.0
2971 62.0
2972 62.0
2973 62.0
2974 62.0
2975 62.0
2976 62.0
2977 62.0
2978 62.0
2979 62.0
2980 62.0
2981 62.0
2982 62.0
2983 62.0
2984 62.0
2985 62.0
2986 62.0
2987 62.0
2988 62.0
2989 62.0
2990 62.0
2991 62.0
2992 62.0
2993 62.0
2994 62.0
2995 62.0
2996 62.0
2997 62.0
2998 62.0
2999 62.0
3000 62.0
3001 62.0
3002 62.0
3003 62.0
3004 62.0
3005 62.0
3006 62.0
3007 62.0
3008 62.0
3009 62.0
3010 62.0
3011 62.0
3012 62.0
3013 66.0
3014 66.0
3015 66.0
3016 66.0
3017 66.0
3018 66.0
3019 66.0
3020 66.0
3021 66.0
3022 66.0
3023 66.0
3024 66.0
3025 66.0
3026 66.0
3027 66.0
3028 66.0
3029 66.0
3030 66.0
3031 66.0
3032 66.0
3033 66.0
3034 66.0
3035 66.0
3036 66.0
3037 66.0
3038 66.0
3039 66.0
3040 66.0
3041 66.0
3042 66.0
3043 66.0
3044 66.0
3045 66.0
3046 66.0
3047 66.0
3048 66.0
3049 66.0
3050 66.0
3051 66.0
3052 66.0
3053 66.0
3054 66.0
3055 66.0
3056 66.0
3057 66.0
3058 66.0
3059 66.0
3060 66.0
3061 66.0
3062 66.0
3063 66.0
3064 66.0
3065 66.0
3066 66.0
3067 66.0
3068 66.0
3069 66.0
3070 66.0
3071 66.0
3072 66.0
3073 66.0
3074 66.0
3075 66.0
3076 66.0
3077 66.0
3078 66.0
3079 66.0
3080 66.0
3081 66.0
3082 66.0
3083 66.0
3084 66.0
3085 66.0
3086 66.0
3087 66.0
3088 66.0
3089 66.0
3090 66.0
3091 66.0
3092 66.0
3093 66.0
3094 66.0
3095 66.0
3096 66.0
3097 66.0
3098 66.0
3099 66.0
3100 66.0
3101 66.0
3102 66.0
3103 66.0
3104 66.0
3105 66.0
3106 66.0
3107 66.0
3108 66.0
3109 66.0
3110 66.0
3111 66.0
3112 66.0
3113 66.0
3114 66.0
3115 66.0
3116 66.0
3117 66.0
3118 66.0
3119 66.0
3120 66.0
3121 66.0
3122 66.0
3123 66.0
3124 66.0
3125 66.0
3126 66.0
3127 66.0
3128 66.0
3129 66.0
3130 66.0
3131 66.0
3132 66.0
3133 66.0
3134 66.0
3135 66.0
3136 66.0
3137 66.0
3138 66.0
3139 66.0
3140 66.0
3141 66.0
3142 66.0
3143 66.0
3144 66.0
3145 66.0
3146 66.0
3147 66.0
3148 66.0
3149 66.0
3150 66.0
3151 66.0
3152 66.0
3153 66.0
3154 66.0
3155 66.0
3156 66.0
3157 66.0
3158 66.0
3159 66.0
3160 66.0
3161 66.0
3162 66.0
3163 66.0
3164 66.0
3165 66.0
3166 66.0
3167 66.0
3168 66.0
3169 66.0
3170 66.0
3171 66.0
3172 66.0
3173 66.0
3174 66.0
3175 66.0
3176 66.0
3177 66.0
3178 66.0
3179 66.0
3180 66.0
3181 66.0
3182 66.0
3183 66.0
3184 66.0
3185 66.0
3186 66.0
3187 66.0
3188 66.0
3189 66.0
3190 66.0
3191 66.0
3192 66.0
3193 66.0
3194 66.0
3195 66.0
3196 66.0
3197 66.0
3198 66.0
3199 66.0
3200 66.0
3201 66.0
3202 66.0
3203 66.0
3204 66.0
3205 66.0
3206 66.0
3207 66.0
3208 66.0
3209 66.0
3210 66.0
3211 66.0
3212 66.0
3213 66.0
3214 66.0
3215 66.0
3216 66.0
3217 66.0
3218 66.0
3219 66.0
3220 66.0
3221 66.0
3222 66.0
3223 66.0
3224 66.0
3225 66.0
3226 66.0
3227 66.0
3228 66.0
3229 66.0
3230 66.0
3231 66.0
3232 66.0
3233 66.0
3234 66.0
3235 66.0
3236 66.0
3237 66.0
3238 66.0
3239 66.0
3240 66.0
3241 66.0
3242 66.0
3243 66.0
3244 66.0
3245 66.0
3246 66.0
3247 66.0
3248 66.0
3249 66.0
3250 66.0
3251 66.0
3252 66.0
3253 66.0
3254 66.0
3255 66.0
3256 66.0
3257 66.0
3258 66.0
3259 66.0
3260 66.0
3261 66.0
3262 66.0
3263 66.0
3264 66.0
3265 66.0
3266 66.0
3267 66.0
3268 66.0
3269 66.0
3270 66.0
3271 66.0
3272 66.0
3273 66.0
3274 66.0
3275 66.0
3276 66.0
3277 66.0
3278 66.0
3279 66.0
3280 66.0
3281 66.0
3282 66.0
3283 66.0
3284 66.0
3285 66.0
3286 66.0
3287 66.0
3288 66.0
3289 66.0
3290 66.0
3291 66.0
3292 66.0
3293 66.0
3294 66.0
3295 66.0
3296 66.0
3297 66.0
3298 66.0
3299 66.0
3300 66.0
3301 66.0
3302 66.0
3303 66.0
3304 66.0
3305 66.0
3306 66.0
3307 66.0
3308 66.0
3309 66.0
3310 66.0
3311 66.0
3312 66.0
3313 66.0
3314 66.0
3315 66.0
3316 66.0
3317 66.0
3318 66.0
3319 66.0
3320 66.0
3321 66.0
3322 66.0
3323 66.0
3324 66.0
3325 66.0
3326 66.0
3327 66.0
3328 66.0
3329 66.0
3330 66.0
3331 66.0
3332 66.0
3333 66.0
3334 66.0
3335 66.0
3336 66.0
3337 66.0
3338 66.0
3339 66.0
3340 66.0
3341 66.0
3342 66.0
3343 66.0
3344 66.0
3345 66.0
3346 66.0
3347 66.0
3348 66.0
3349 66.0
3350 66.0
3351 66.0
3352 66.0
3353 66.0
3354 66.0
3355 66.0
3356 66.0
3357 66.0
3358 66.0
3359 66.0
3360 66.0
3361 66.0
3362 66.0
3363 66.0
3364 66.0
3365 66.0
3366 66.0
3367 66.0
3368 66.0
3369 66.0
3370 66.0
3371 66.0
3372 66.0
3373 66.0
3374 66.0
3375 66.0
3376 66.0
3377 66.0
3378 66.0
3379 66.0
3380 66.0
3381 66.0
3382 66.0
3383 66.0
3384 66.0
3385 66.0
3386 66.0
3387 66.0
3388 66.0
3389 66.0
3390 66.0
3391 66.0
3392 66.0
3393 66.0
3394 66.0
3395 66.0
3396 66.0
3397 66.0
3398 66.0
3399 66.0
3400 66.0
3401 66.0
3402 66.0
3403 66.0
3404 66.0
3405 66.0
3406 66.0
3407 66.0
3408 66.0
3409 66.0
3410 66.0
3411 66.0
3412 66.0
3413 66.0
3414 66.0
3415 66.0
3416 66.0
3417 66.0
3418 66.0
3419 66.0
3420 66.0
3421 66.0
3422 66.0
3423 66.0
3424 66.0
3425 66.0
3426 66.0
3427 66.0
3428 66.0
3429 66.0
3430 66.0
3431 66.0
3432 66.0
3433 66.0
3434 66.0
3435 66.0
3436 66.0
3437 66.0
3438 66.0
3439 66.0
3440 66.0
3441 66.0
3442 66.0
3443 66.0
3444 66.0
3445 66.0
3446 66.0
3447 66.0
3448 66.0
3449 66.0
3450 66.0
3451 66.0
3452 66.0
3453 66.0
3454 66.0
3455 66.0
3456 66.0
3457 66.0
3458 66.0
3459 66.0
3460 66.0
3461 66.0
3462 66.0
3463 66.0
3464 66.0
3465 66.0
3466 66.0
3467 66.0
3468 66.0
3469 66.0
3470 66.0
3471 66.0
3472 66.0
3473 66.0
3474 66.0
3475 66.0
3476 66.0
3477 66.0
3478 66.0
3479 66.0
3480 66.0
3481 66.0
3482 66.0
3483 66.0
3484 66.0
3485 66.0
3486 66.0
3487 66.0
3488 66.0
3489 66.0
3490 66.0
3491 66.0
3492 66.0
3493 66.0
3494 66.0
3495 66.0
3496 66.0
3497 66.0
3498 66.0
3499 66.0
3500 66.0
3501 66.0
3502 66.0
3503 66.0
3504 66.0
3505 66.0
3506 66.0
3507 66.0
3508 66.0
3509 66.0
3510 66.0
3511 66.0
3512 66.0
3513 66.0
3514 66.0
3515 66.0
3516 66.0
3517 66.0
3518 66.0
3519 66.0
3520 66.0
3521 66.0
3522 66.0
3523 66.0
3524 66.0
3525 66.0
3526 66.0
3527 66.0
3528 66.0
3529 66.0
3530 66.0
3531 66.0
3532 66.0
3533 66.0
3534 66.0
3535 66.0
3536 66.0
3537 66.0
3538 66.0
3539 66.0
3540 66.0
3541 66.0
3542 66.0
3543 66.0
3544 66.0
3545 66.0
3546 66.0
3547 66.0
3548 66.0
3549 66.0
3550 66.0
3551 66.0
3552 66.0
3553 66.0
3554 66.0
3555 66.0
3556 66.0
3557 66.0
3558 66.0
3559 66.0
3560 66.0
3561 66.0
3562 66.0
3563 66.0
3564 66.0
3565 66.0
3566 66.0
3567 66.0
3568 66.0
3569 66.0
3570 66.0
3571 66.0
3572 66.0
3573 66.0
3574 66.0
3575 66.0
3576 66.0
3577 66.0
3578 66.0
3579 66.0
3580 66.0
3581 66.0
3582 66.0
3583 66.0
3584 66.0
3585 66.0
3586 66.0
3587 66.0
3588 66.0
3589 66.0
3590 66.0
3591 66.0
3592 66.0
3593 66.0
3594 66.0
3595 66.0
3596 66.0
3597 66.0
3598 66.0
3599 66.0
3600 66.0
3601 66.0
3602 66.0
3603 66.0
3604 66.0
3605 66.0
3606 66.0
3607 66.0
3608 66.0
3609 66.0
3610 66.0
3611 66.0
3612 66.0
3613 66.0
3614 66.0
3615 66.0
3616 66.0
3617 66.0
3618 66.0
3619 66.0
3620 66.0
3621 66.0
3622 66.0
3623 66.0
3624 66.0
3625 66.0
3626 66.0
3627 66.0
3628 66.0
3629 66.0
3630 66.0
3631 66.0
3632 66.0
3633 66.0
3634 66.0
3635 66.0
3636 66.0
3637 66.0
3638 66.0
3639 66.0
3640 66.0
3641 66.0
3642 66.0
3643 66.0
3644 66.0
3645 66.0
3646 66.0
3647 66.0
3648 66.0
3649 66.0
3650 66.0
3651 66.0
3652 66.0
3653 66.0
3654 66.0
3655 66.0
3656 66.0
3657 66.0
3658 66.0
3659 66.0
3660 66.0
3661 66.0
3662 66.0
3663 66.0
3664 66.0
3665 66.0
3666 66.0
3667 66.0
3668 66.0
3669 66.0
3670 66.0
3671 66.0
3672 66.0
3673 66.0
3674 66.0
3675 66.0
3676 66.0
3677 66.0
3678 66.0
3679 66.0
3680 66.0
3681 66.0
3682 66.0
3683 66.0
3684 66.0
3685 66.0
3686 66.0
3687 66.0
3688 66.0
3689 66.0
3690 66.0
3691 66.0
3692 66.0
3693 66.0
3694 66.0
3695 66.0
3696 66.0
3697 66.0
3698 66.0
3699 66.0
3700 66.0
3701 66.0
3702 66.0
3703 66.0
3704 66.0
3705 66.0
3706 66.0
3707 66.0
3708 66.0
3709 66.0
3710 66.0
3711 66.0
3712 66.0
3713 66.0
3714 66.0
3715 66.0
3716 66.0
3717 66.0
3718 66.0
3719 66.0
3720 66.0
3721 66.0
3722 66.0
3723 66.0
3724 66.0
3725 66.0
3726 66.0
3727 66.0
3728 66.0
3729 66.0
3730 66.0
3731 66.0
3732 66.0
3733 66.0
3734 66.0
3735 66.0
3736 66.0
3737 66.0
3738 66.0
3739 66.0
3740 66.0
3741 66.0
3742 66.0
3743 66.0
3744 66.0
3745 66.0
3746 66.0
3747 66.0
3748 66.0
3749 66.0
3750 66.0
3751 66.0
3752 66.0
3753 66.0
3754 66.0
3755 66.0
3756 66.0
3757 66.0
3758 66.0
3759 66.0
3760 66.0
3761 66.0
3762 66.0
3763 66.0
3764 66.0
3765 66.0
3766 66.0
3767 66.0
3768 66.0
3769 66.0
3770 66.0
3771 66.0
3772 66.0
3773 66.0
3774 66.0
3775 66.0
3776 66.0
3777 66.0
3778 66.0
3779 66.0
3780 66.0
3781 66.0
3782 66.0
3783 66.0
3784 66.0
3785 66.0
3786 66.0
3787 66.0
3788 66.0
3789 66.0
3790 66.0
3791 66.0
3792 66.0
3793 66.0
3794 66.0
3795 66.0
3796 66.0
3797 66.0
3798 66.0
3799 66.0
3800 66.0
3801 66.0
3802 66.0
3803 66.0
3804 66.0
3805 66.0
3806 66.0
3807 66.0
3808 66.0
3809 66.0
3810 66.0
3811 66.0
3812 66.0
3813 66.0
3814 66.0
3815 66.0
3816 66.0
3817 66.0
3818 66.0
3819 66.0
3820 66.0
3821 66.0
3822 66.0
3823 66.0
3824 66.0
3825 66.0
3826 66.0
3827 66.0
3828 66.0
3829 66.0
3830 66.0
3831 66.0
3832 66.0
3833 66.0
3834 66.0
3835 66.0
3836 66.0
3837 66.0
3838 66.0
3839 66.0
3840 66.0
3841 66.0
3842 66.0
3843 66.0
3844 66.0
3845 66.0
3846 66.0
3847 66.0
3848 66.0
3849 66.0
3850 66.0
3851 66.0
3852 66.0
3853 66.0
3854 66.0
3855 66.0
3856 66.0
3857 66.0
3858 66.0
3859 66.0
3860 66.0
3861 66.0
3862 66.0
3863 66.0
3864 66.0
3865 66.0
3866 66.0
3867 66.0
3868 66.0
3869 66.0
3870 66.0
3871 66.0
3872 66.0
3873 66.0
3874 66.0
3875 66.0
3876 66.0
3877 66.0
3878 66.0
3879 66.0
3880 66.0
3881 66.0
3882 66.0
3883 66.0
3884 66.0
3885 66.0
3886 66.0
3887 66.0
3888 66.0
3889 66.0
3890 66.0
3891 66.0
3892 66.0
3893 66.0
3894 66.0
3895 66.0
3896 66.0
3897 66.0
3898 66.0
3899 66.0
3900 66.0
3901 66.0
3902 66.0
3903 66.0
3904 66.0
3905 66.0
3906 66.0
3907 66.0
3908 66.0
3909 66.0
3910 66.0
3911 66.0
3912 66.0
3913 66.0
3914 66.0
3915 66.0
3916 66.0
3917 66.0
3918 66.0
3919 66.0
3920 66.0
3921 66.0
3922 66.0
3923 66.0
3924 66.0
3925 66.0
3926 66.0
3927 66.0
3928 66.0
3929 66.0
3930 66.0
3931 66.0
3932 66.0
3933 66.0
3934 66.0
3935 66.0
3936 66.0
3937 66.0
3938 66.0
3939 66.0
3940 66.0
3941 66.0
3942 66.0
3943 66.0
3944 66.0
3945 66.0
3946 66.0
3947 66.0
3948 66.0
3949 66.0
3950 66.0
3951 66.0
3952 66.0
3953 66.0
3954 66.0
3955 66.0
3956 66.0
3957 66.0
3958 66.0
3959 66.0
3960 66.0
3961 66.0
3962 66.0
3963 66.0
3964 66.0
3965 66.0
3966 66.0
3967 66.0
3968 66.0
3969 66.0
3970 66.0
3971 66.0
3972 66.0
3973 66.0
3974 66.0
3975 66.0
3976 66.0
3977 66.0
3978 66.0
3979 66.0
3980 66.0
3981 66.0
3982 66.0
3983 66.0
3984 66.0
3985 66.0
3986 66.0
3987 66.0
3988 66.0
3989 66.0
3990 66.0
3991 66.0
3992 66.0
3993 66.0
3994 66.0
3995 66.0
3996 66.0
3997 66.0
3998 66.0
3999 66.0
4000 66.0
4001 66.0
4002 66.0
4003 66.0
4004 66.0
4005 66.0
4006 66.0
4007 66.0
4008 66.0
4009 66.0
4010 66.0
4011 66.0
4012 66.0
4013 66.0
4014 66.0
4015 66.0
4016 66.0
4017 66.0
4018 66.0
4019 66.0
4020 66.0
4021 66.0
4022 66.0
4023 66.0
4024 66.0
4025 66.0
4026 66.0
4027 66.0
4028 66.0
4029 66.0
4030 66.0
4031 66.0
4032 66.0
4033 66.0
4034 66.0
4035 66.0
4036 66.0
4037 66.0
4038 66.0
4039 66.0
4040 66.0
4041 66.0
4042 66.0
4043 66.0
4044 66.0
4045 66.0
4046 66.0
4047 66.0
4048 66.0
4049 66.0
4050 66.0
4051 66.0
4052 66.0
4053 66.0
4054 66.0
4055 66.0
4056 66.0
4057 66.0
4058 66.0
4059 66.0
4060 66.0
4061 66.0
4062 66.0
4063 66.0
4064 66.0
4065 66.0
4066 66.0
4067 66.0
4068 66.0
4069 66.0
4070 66.0
4071 66.0
4072 66.0
4073 66.0
4074 66.0
4075 66.0
4076 66.0
4077 66.0
4078 66.0
4079 66.0
4080 66.0
4081 66.0
4082 66.0
4083 66.0
4084 66.0
4085 66.0
4086 66.0
4087 66.0
4088 66.0
4089 66.0
4090 66.0
4091 66.0
4092 66.0
4093 66.0
4094 66.0
4095 66.0
4096 66.0
4097 66.0
4098 66.0
4099 66.0
4100 66.0
4101 66.0
4102 66.0
4103 66.0
4104 66.0
4105 66.0
4106 66.0
4107 66.0
4108 66.0
4109 66.0
4110 66.0
4111 66.0
4112 66.0
4113 66.0
4114 66.0
4115 66.0
4116 66.0
4117 66.0
4118 66.0
4119 66.0
4120 66.0
4121 66.0
4122 66.0
4123 66.0
4124 66.0
4125 66.0
4126 66.0
4127 66.0
4128 66.0
4129 66.0
4130 66.0
4131 66.0
4132 66.0
4133 66.0
4134 66.0
4135 66.0
4136 66.0
4137 66.0
4138 66.0
4139 66.0
4140 66.0
4141 66.0
4142 66.0
4143 66.0
4144 66.0
4145 66.0
4146 66.0
4147 66.0
4148 66.0
4149 66.0
4150 66.0
4151 66.0
4152 66.0
4153 66.0
4154 66.0
4155 66.0
4156 66.0
4157 66.0
4158 66.0
4159 66.0
4160 66.0
4161 66.0
4162 66.0
4163 66.0
4164 66.0
4165 66.0
4166 66.0
4167 66.0
4168 66.0
4169 66.0
4170 66.0
4171 66.0
4172 66.0
4173 66.0
4174 66.0
4175 66.0
4176 66.0
4177 66.0
4178 66.0
4179 66.0
4180 66.0
4181 66.0
4182 66.0
4183 66.0
4184 66.0
4185 66.0
4186 66.0
4187 66.0
4188 66.0
4189 66.0
4190 66.0
4191 66.0
4192 66.0
4193 66.0
4194 66.0
4195 66.0
4196 66.0
4197 66.0
4198 66.0
4199 66.0
4200 66.0
4201 66.0
4202 66.0
4203 66.0
4204 66.0
4205 66.0
4206 66.0
4207 66.0
4208 66.0
4209 66.0
4210 66.0
4211 66.0
4212 66.0
4213 66.0
4214 66.0
4215 66.0
4216 66.0
4217 66.0
4218 66.0
4219 66.0
4220 66.0
4221 66.0
4222 66.0
4223 66.0
4224 66.0
4225 66.0
4226 66.0
4227 66.0
4228 66.0
4229 66.0
4230 66.0
4231 66.0
4232 66.0
4233 66.0
4234 66.0
4235 66.0
4236 66.0
4237 66.0
4238 66.0
4239 66.0
4240 66.0
4241 66.0
4242 66.0
4243 66.0
4244 66.0
4245 66.0
4246 66.0
4247 66.0
4248 66.0
4249 66.0
4250 66.0
4251 66.0
4252 66.0
4253 66.0
4254 66.0
4255 66.0
4256 66.0
4257 66.0
4258 66.0
4259 66.0
4260 66.0
4261 66.0
4262 66.0
4263 66.0
4264 66.0
4265 66.0
4266 66.0
4267 66.0
4268 66.0
4269 66.0
4270 66.0
4271 66.0
4272 66.0
4273 66.0
4274 66.0
4275 66.0
4276 66.0
4277 66.0
4278 66.0
4279 66.0
4280 66.0
4281 66.0
4282 66.0
4283 66.0
4284 66.0
4285 66.0
4286 66.0
4287 66.0
4288 66.0
4289 66.0
4290 66.0
4291 66.0
4292 66.0
4293 66.0
4294 66.0
4295 66.0
4296 66.0
4297 66.0
4298 66.0
4299 66.0
4300 66.0
4301 66.0
4302 66.0
4303 66.0
4304 66.0
4305 66.0
4306 66.0
4307 66.0
4308 66.0
4309 66.0
4310 66.0
4311 66.0
4312 66.0
4313 66.0
4314 66.0
4315 66.0
4316 66.0
4317 66.0
4318 66.0
4319 66.0
4320 66.0
4321 66.0
4322 66.0
4323 66.0
4324 66.0
4325 66.0
4326 66.0
4327 66.0
4328 66.0
4329 66.0
4330 66.0
4331 66.0
4332 66.0
4333 66.0
4334 66.0
4335 66.0
4336 66.0
4337 66.0
4338 66.0
4339 66.0
4340 66.0
4341 66.0
4342 66.0
4343 66.0
4344 66.0
4345 66.0
4346 66.0
4347 66.0
4348 66.0
4349 66.0
4350 66.0
4351 66.0
4352 66.0
4353 66.0
4354 66.0
4355 66.0
4356 66.0
4357 66.0
4358 66.0
4359 66.0
4360 66.0
4361 66.0
4362 66.0
4363 66.0
4364 66.0
4365 66.0
4366 66.0
4367 66.0
4368 66.0
4369 66.0
4370 66.0
4371 66.0
4372 66.0
4373 66.0
4374 66.0
4375 66.0
4376 66.0
4377 66.0
4378 66.0
4379 66.0
4380 66.0
4381 66.0
4382 66.0
4383 66.0
4384 66.0
4385 66.0
4386 66.0
4387 66.0
4388 66.0
4389 66.0
4390 66.0
4391 66.0
4392 66.0
4393 66.0
4394 66.0
4395 66.0
4396 66.0
4397 66.0
4398 66.0
4399 66.0
4400 66.0
4401 66.0
4402 66.0
4403 66.0
4404 66.0
4405 66.0
4406 66.0
4407 66.0
4408 66.0
4409 66.0
4410 66.0
4411 66.0
4412 66.0
4413 66.0
4414 66.0
4415 66.0
4416 66.0
4417 66.0
4418 66.0
4419 66.0
4420 66.0
4421 66.0
4422 66.0
4423 66.0
4424 66.0
4425 66.0
4426 66.0
4427 66.0
4428 66.0
4429 66.0
4430 66.0
4431 66.0
4432 66.0
4433 66.0
4434 66.0
4435 66.0
4436 66.0
4437 66.0
4438 66.0
4439 66.0
4440 66.0
4441 66.0
4442 66.0
4443 66.0
4444 66.0
4445 66.0
4446 66.0
4447 66.0
4448 66.0
4449 66.0
4450 66.0
4451 66.0
4452 66.0
4453 66.0
4454 66.0
4455 66.0
4456 66.0
4457 66.0
4458 66.0
4459 66.0
4460 66.0
4461 66.0
4462 66.0
4463 66.0
4464 66.0
4465 66.0
4466 66.0
4467 66.0
4468 66.0
4469 66.0
4470 66.0
4471 66.0
4472 66.0
4473 66.0
4474 66.0
4475 66.0
4476 66.0
4477 66.0
4478 66.0
4479 66.0
4480 66.0
4481 66.0
4482 66.0
4483 66.0
4484 66.0
4485 66.0
4486 66.0
4487 66.0
4488 66.0
4489 66.0
4490 66.0
4491 66.0
4492 66.0
4493 66.0
4494 66.0
4495 66.0
4496 66.0
4497 66.0
4498 66.0
4499 66.0
4500 66.0
4501 66.0
4502 66.0
4503 66.0
4504 66.0
4505 66.0
4506 66.0
4507 66.0
4508 66.0
4509 66.0
4510 66.0
4511 66.0
4512 66.0
4513 66.0
4514 66.0
4515 66.0
4516 66.0
4517 66.0
4518 66.0
4519 66.0
4520 66.0
4521 66.0
4522 66.0
4523 66.0
4524 66.0
4525 66.0
4526 66.0
4527 66.0
4528 66.0
4529 66.0
4530 66.0
4531 66.0
4532 66.0
4533 66.0
4534 66.0
4535 66.0
4536 66.0
4537 66.0
4538 66.0
4539 66.0
4540 66.0
4541 66.0
4542 66.0
4543 66.0
4544 66.0
4545 66.0
4546 66.0
4547 66.0
4548 66.0
4549 66.0
4550 66.0
4551 66.0
4552 66.0
4553 66.0
4554 66.0
4555 66.0
4556 66.0
4557 66.0
4558 66.0
4559 66.0
4560 66.0
4561 66.0
4562 66.0
4563 66.0
4564 66.0
4565 66.0
4566 66.0
4567 66.0
4568 66.0
4569 66.0
4570 66.0
4571 66.0
4572 66.0
4573 66.0
4574 66.0
4575 66.0
4576 66.0
4577 66.0
4578 66.0
4579 66.0
4580 66.0
4581 66.0
4582 66.0
4583 66.0
4584 66.0
4585 66.0
4586 66.0
4587 66.0
4588 66.0
4589 66.0
4590 66.0
4591 66.0
4592 66.0
4593 66.0
4594 66.0
4595 66.0
4596 66.0
4597 66.0
4598 66.0
4599 66.0
4600 66.0
4601 66.0
4602 66.0
4603 66.0
4604 66.0
4605 66.0
4606 66.0
4607 66.0
4608 66.0
4609 66.0
4610 66.0
4611 66.0
4612 66.0
4613 66.0
4614 66.0
4615 66.0
4616 66.0
4617 66.0
4618 66.0
4619 66.0
4620 66.0
4621 66.0
4622 66.0
4623 66.0
4624 66.0
4625 66.0
4626 66.0
4627 66.0
4628 66.0
4629 66.0
4630 66.0
4631 66.0
4632 66.0
4633 66.0
4634 66.0
4635 66.0
4636 66.0
4637 66.0
4638 66.0
4639 66.0
4640 66.0
4641 66.0
4642 66.0
4643 66.0
4644 66.0
4645 66.0
4646 66.0
4647 66.0
4648 66.0
4649 66.0
4650 66.0
4651 66.0
4652 66.0
4653 66.0
4654 66.0
4655 66.0
4656 66.0
4657 66.0
4658 66.0
4659 66.0
4660 66.0
4661 66.0
4662 66.0
4663 66.0
4664 66.0
4665 66.0
4666 66.0
4667 66.0
4668 66.0
4669 66.0
4670 66.0
4671 66.0
4672 66.0
4673 66.0
4674 66.0
4675 66.0
4676 66.0
4677 66.0
4678 66.0
4679 66.0
4680 66.0
4681 66.0
4682 66.0
4683 66.0
4684 66.0
4685 66.0
4686 66.0
4687 66.0
4688 66.0
4689 66.0
4690 66.0
4691 66.0
4692 66.0
4693 66.0
4694 66.0
4695 66.0
4696 66.0
4697 66.0
4698 66.0
4699 66.0
4700 66.0
4701 66.0
4702 66.0
4703 66.0
4704 66.0
4705 66.0
4706 66.0
4707 66.0
4708 66.0
4709 66.0
4710 66.0
4711 66.0
4712 66.0
4713 66.0
4714 66.0
4715 66.0
4716 66.0
4717 66.0
4718 66.0
4719 66.0
4720 66.0
4721 66.0
4722 66.0
4723 66.0
4724 66.0
4725 66.0
4726 66.0
4727 66.0
4728 66.0
4729 66.0
4730 66.0
4731 66.0
4732 66.0
4733 66.0
4734 66.0
4735 66.0
4736 66.0
4737 66.0
4738 66.0
4739 66.0
4740 66.0
4741 66.0
4742 66.0
4743 66.0
4744 66.0
4745 66.0
4746 66.0
4747 66.0
4748 66.0
4749 66.0
4750 66.0
4751 66.0
4752 66.0
4753 66.0
4754 66.0
4755 66.0
4756 66.0
4757 66.0
4758 66.0
4759 66.0
4760 66.0
4761 66.0
4762 66.0
4763 66.0
4764 66.0
4765 66.0
4766 66.0
4767 66.0
4768 66.0
4769 66.0
4770 66.0
4771 66.0
4772 66.0
4773 66.0
4774 66.0
4775 66.0
4776 66.0
4777 66.0
4778 66.0
4779 66.0
4780 66.0
4781 66.0
4782 66.0
4783 66.0
4784 66.0
4785 66.0
4786 66.0
4787 66.0
4788 66.0
4789 66.0
4790 66.0
4791 66.0
4792 66.0
4793 66.0
4794 66.0
4795 66.0
4796 66.0
4797 66.0
4798 66.0
4799 66.0
4800 66.0
4801 66.0
4802 66.0
4803 66.0
4804 66.0
4805 66.0
4806 66.0
4807 66.0
4808 66.0
4809 66.0
4810 66.0
4811 66.0
4812 66.0
4813 66.0
4814 66.0
4815 66.0
4816 66.0
4817 66.0
4818 66.0
4819 66.0
4820 66.0
4821 66.0
4822 66.0
4823 66.0
4824 66.0
4825 66.0
4826 66.0
4827 66.0
4828 66.0
4829 66.0
4830 66.0
4831 66.0
4832 66.0
4833 66.0
4834 66.0
4835 66.0
4836 66.0
4837 66.0
4838 66.0
4839 66.0
4840 66.0
4841 66.0
4842 66.0
4843 66.0
4844 66.0
4845 66.0
4846 66.0
4847 66.0
4848 66.0
4849 66.0
4850 66.0
4851 66.0
4852 66.0
4853 66.0
4854 66.0
4855 66.0
4856 66.0
4857 66.0
4858 66.0
4859 66.0
4860 66.0
4861 66.0
4862 66.0
4863 66.0
4864 66.0
4865 66.0
4866 66.0
4867 66.0
4868 66.0
4869 66.0
4870 66.0
4871 66.0
4872 66.0
4873 66.0
4874 66.0
4875 66.0
4876 66.0
4877 66.0
4878 66.0
4879 66.0
4880 66.0
4881 66.0
4882 66.0
4883 66.0
4884 66.0
4885 66.0
4886 66.0
4887 66.0
4888 66.0
4889 66.0
4890 66.0
4891 66.0
4892 66.0
4893 66.0
4894 66.0
4895 66.0
4896 66.0
4897 66.0
4898 66.0
4899 66.0
4900 66.0
4901 66.0
4902 66.0
4903 66.0
4904 66.0
4905 66.0
4906 66.0
4907 66.0
4908 66.0
4909 66.0
4910 66.0
4911 66.0
4912 66.0
4913 66.0
4914 66.0
4915 66.0
4916 66.0
4917 66.0
4918 66.0
4919 66.0
4920 66.0
4921 66.0
4922 66.0
4923 66.0
4924 66.0
4925 66.0
4926 66.0
4927 66.0
4928 66.0
4929 66.0
4930 66.0
4931 66.0
4932 66.0
4933 66.0
4934 66.0
4935 66.0
4936 66.0
4937 66.0
4938 66.0
4939 66.0
4940 66.0
4941 66.0
4942 66.0
4943 66.0
4944 66.0
4945 66.0
4946 66.0
4947 66.0
4948 66.0
4949 66.0
4950 66.0
4951 66.0
4952 66.0
4953 66.0
4954 66.0
4955 66.0
4956 66.0
4957 66.0
4958 66.0
4959 66.0
4960 66.0
4961 66.0
4962 66.0
4963 66.0
4964 66.0
4965 66.0
4966 66.0
4967 66.0
4968 66.0
4969 66.0
4970 66.0
4971 66.0
4972 66.0
4973 66.0
4974 66.0
4975 66.0
4976 66.0
4977 66.0
4978 66.0
4979 66.0
4980 66.0
4981 66.0
4982 66.0
4983 66.0
4984 66.0
4985 66.0
4986 66.0
4987 66.0
4988 66.0
4989 66.0
4990 66.0
4991 66.0
4992 66.0
4993 66.0
4994 66.0
4995 66.0
4996 66.0
4997 66.0
4998 66.0
4999 66.0
5000 66.0
5001 66.0
5002 66.0
5003 66.0
5004 66.0
5005 66.0
5006 66.0
5007 66.0
5008 66.0
5009 66.0
5010 66.0
5011 66.0
5012 66.0
5013 66.0
5014 66.0
5015 66.0
5016 66.0
5017 66.0
5018 66.0
5019 66.0
5020 66.0
5021 66.0
5022 66.0
5023 66.0
5024 66.0
5025 66.0
5026 66.0
5027 66.0
5028 66.0
5029 66.0
5030 66.0
5031 66.0
5032 66.0
5033 66.0
5034 66.0
5035 66.0
5036 66.0
5037 66.0
5038 66.0
5039 66.0
5040 66.0
5041 66.0
5042 66.0
5043 66.0
5044 66.0
5045 66.0
5046 66.0
5047 66.0
5048 66.0
5049 66.0
5050 66.0
5051 66.0
5052 66.0
5053 66.0
5054 66.0
5055 66.0
5056 66.0
5057 66.0
5058 66.0
5059 66.0
5060 66.0
5061 66.0
5062 66.0
5063 66.0
5064 66.0
5065 66.0
5066 66.0
5067 66.0
5068 66.0
5069 66.0
5070 66.0
5071 66.0
5072 66.0
5073 66.0
5074 66.0
5075 66.0
5076 66.0
5077 66.0
5078 66.0
5079 66.0
5080 66.0
5081 66.0
5082 66.0
5083 66.0
5084 66.0
5085 66.0
5086 66.0
5087 66.0
5088 66.0
5089 66.0
5090 66.0
5091 66.0
5092 66.0
5093 66.0
5094 66.0
5095 66.0
5096 66.0
5097 66.0
5098 66.0
5099 66.0
5100 66.0
5101 66.0
5102 66.0
5103 66.0
5104 66.0
5105 66.0
5106 66.0
5107 66.0
5108 66.0
5109 66.0
5110 66.0
5111 66.0
5112 66.0
5113 66.0
5114 66.0
5115 66.0
5116 66.0
5117 66.0
5118 66.0
5119 66.0
5120 66.0
5121 66.0
5122 66.0
5123 66.0
5124 66.0
5125 66.0
5126 66.0
5127 66.0
5128 66.0
5129 66.0
5130 66.0
5131 66.0
5132 66.0
5133 66.0
5134 66.0
5135 66.0
5136 66.0
5137 66.0
5138 66.0
5139 66.0
5140 66.0
5141 66.0
5142 66.0
5143 66.0
5144 66.0
5145 66.0
5146 66.0
5147 66.0
5148 66.0
5149 66.0
5150 66.0
5151 66.0
5152 66.0
5153 66.0
5154 66.0
5155 66.0
5156 66.0
5157 66.0
5158 66.0
5159 66.0
5160 66.0
5161 66.0
5162 66.0
5163 66.0
5164 66.0
5165 66.0
5166 66.0
5167 66.0
5168 66.0
5169 66.0
5170 66.0
5171 66.0
5172 66.0
5173 66.0
5174 66.0
5175 66.0
5176 66.0
5177 66.0
5178 66.0
5179 66.0
5180 66.0
5181 66.0
5182 66.0
5183 66.0
5184 66.0
5185 66.0
5186 66.0
5187 66.0
5188 66.0
5189 66.0
5190 66.0
5191 66.0
5192 66.0
5193 66.0
5194 66.0
5195 66.0
5196 66.0
5197 66.0
5198 66.0
5199 66.0
5200 66.0
5201 66.0
5202 66.0
5203 66.0
5204 66.0
5205 66.0
5206 66.0
5207 66.0
5208 66.0
5209 66.0
5210 66.0
5211 66.0
5212 66.0
5213 66.0
5214 66.0
5215 66.0
5216 66.0
5217 66.0
5218 66.0
5219 66.0
5220 66.0
5221 66.0
5222 66.0
5223 66.0
5224 66.0
5225 66.0
5226 66.0
5227 66.0
5228 66.0
5229 66.0
5230 66.0
5231 66.0
5232 66.0
5233 66.0
5234 66.0
5235 66.0
5236 66.0
5237 66.0
5238 66.0
5239 66.0
5240 66.0
5241 66.0
5242 66.0
5243 66.0
5244 66.0
5245 66.0
5246 66.0
5247 66.0
5248 66.0
5249 66.0
5250 66.0
5251 66.0
5252 66.0
5253 66.0
5254 66.0
5255 66.0
5256 66.0
5257 66.0
5258 66.0
5259 66.0
5260 66.0
5261 66.0
5262 66.0
5263 66.0
5264 66.0
5265 66.0
5266 66.0
5267 66.0
5268 66.0
5269 66.0
5270 66.0
5271 66.0
5272 66.0
5273 66.0
5274 66.0
5275 66.0
5276 66.0
5277 66.0
5278 66.0
5279 66.0
5280 66.0
5281 66.0
5282 66.0
5283 66.0
5284 66.0
5285 66.0
5286 66.0
5287 66.0
5288 66.0
5289 66.0
5290 66.0
5291 66.0
5292 66.0
5293 66.0
5294 66.0
5295 66.0
5296 66.0
5297 66.0
5298 66.0
5299 66.0
5300 66.0
5301 66.0
5302 66.0
5303 66.0
5304 66.0
5305 66.0
5306 66.0
5307 66.0
5308 66.0
5309 66.0
5310 66.0
5311 66.0
5312 66.0
5313 66.0
5314 66.0
5315 66.0
5316 66.0
5317 66.0
5318 66.0
5319 66.0
5320 66.0
5321 66.0
5322 66.0
5323 66.0
5324 66.0
5325 66.0
5326 66.0
5327 66.0
5328 66.0
5329 66.0
5330 66.0
5331 66.0
5332 66.0
5333 66.0
5334 66.0
5335 66.0
5336 66.0
5337 66.0
5338 66.0
5339 66.0
5340 66.0
5341 66.0
5342 66.0
5343 66.0
5344 66.0
5345 66.0
5346 66.0
5347 66.0
5348 66.0
5349 66.0
5350 66.0
5351 66.0
5352 66.0
5353 66.0
5354 66.0
5355 66.0
5356 66.0
5357 66.0
5358 66.0
5359 66.0
5360 66.0
5361 66.0
5362 66.0
5363 66.0
5364 66.0
5365 66.0
5366 66.0
5367 66.0
5368 66.0
5369 66.0
5370 66.0
5371 66.0
5372 66.0
5373 66.0
5374 66.0
5375 66.0
5376 66.0
5377 66.0
5378 66.0
5379 66.0
5380 66.0
5381 66.0
5382 66.0
5383 66.0
5384 66.0
5385 66.0
5386 66.0
5387 66.0
5388 66.0
5389 66.0
5390 66.0
5391 66.0
5392 66.0
5393 66.0
5394 66.0
5395 66.0
5396 66.0
5397 66.0
5398 66.0
5399 66.0
5400 66.0
5401 66.0
5402 66.0
5403 66.0
5404 66.0
5405 66.0
5406 66.0
5407 66.0
5408 66.0
5409 66.0
5410 66.0
5411 66.0
5412 66.0
5413 66.0
5414 66.0
5415 66.0
5416 66.0
5417 66.0
5418 66.0
5419 66.0
5420 66.0
5421 66.0
5422 66.0
5423 66.0
5424 66.0
5425 66.0
5426 66.0
5427 66.0
5428 66.0
5429 66.0
5430 66.0
5431 66.0
5432 66.0
5433 66.0
5434 66.0
5435 66.0
5436 66.0
5437 66.0
5438 66.0
5439 66.0
5440 66.0
5441 66.0
5442 66.0
5443 66.0
5444 66.0
5445 66.0
5446 66.0
5447 66.0
5448 66.0
5449 66.0
5450 66.0
5451 66.0
5452 66.0
5453 66.0
5454 66.0
5455 66.0
5456 66.0
5457 66.0
5458 66.0
5459 66.0
5460 66.0
5461 66.0
5462 66.0
5463 66.0
5464 66.0
5465 66.0
5466 66.0
5467 66.0
5468 66.0
5469 66.0
5470 66.0
5471 66.0
5472 66.0
5473 66.0
5474 66.0
5475 66.0
5476 66.0
5477 66.0
5478 66.0
5479 66.0
5480 66.0
5481 66.0
5482 66.0
5483 66.0
5484 66.0
5485 66.0
5486 66.0
5487 66.0
5488 66.0
5489 66.0
5490 66.0
5491 66.0
5492 66.0
5493 66.0
5494 66.0
5495 66.0
5496 66.0
5497 66.0
5498 66.0
5499 66.0
5500 66.0
5501 66.0
5502 66.0
5503 66.0
5504 66.0
5505 66.0
5506 66.0
5507 66.0
5508 66.0
5509 66.0
5510 66.0
5511 66.0
5512 66.0
5513 66.0
5514 66.0
5515 66.0
5516 66.0
5517 66.0
5518 66.0
5519 66.0
5520 66.0
5521 66.0
5522 66.0
5523 66.0
5524 66.0
5525 66.0
5526 66.0
5527 66.0
5528 66.0
5529 66.0
5530 66.0
5531 66.0
5532 66.0
5533 66.0
5534 66.0
5535 66.0
5536 66.0
5537 66.0
5538 66.0
5539 66.0
5540 66.0
5541 66.0
5542 66.0
5543 66.0
5544 66.0
5545 66.0
5546 66.0
5547 66.0
5548 66.0
5549 66.0
5550 66.0
5551 66.0
5552 66.0
5553 66.0
5554 66.0
5555 66.0
5556 66.0
5557 66.0
5558 66.0
5559 66.0
5560 66.0
5561 66.0
5562 66.0
5563 66.0
5564 66.0
5565 66.0
5566 66.0
5567 66.0
5568 66.0
5569 66.0
5570 66.0
5571 66.0
5572 66.0
5573 66.0
5574 66.0
5575 66.0
5576 66.0
5577 66.0
5578 66.0
5579 66.0
5580 66.0
5581 66.0
5582 66.0
5583 66.0
5584 66.0
5585 66.0
5586 66.0
5587 66.0
5588 66.0
5589 66.0
5590 66.0
5591 66.0
5592 66.0
5593 66.0
5594 66.0
5595 66.0
5596 66.0
5597 66.0
5598 66.0
5599 66.0
5600 66.0
5601 66.0
5602 66.0
5603 66.0
5604 66.0
5605 66.0
5606 66.0
5607 66.0
5608 66.0
5609 66.0
5610 66.0
5611 66.0
5612 66.0
5613 66.0
5614 66.0
5615 66.0
5616 66.0
5617 66.0
5618 66.0
5619 66.0
5620 66.0
5621 66.0
5622 66.0
5623 66.0
5624 66.0
5625 66.0
5626 66.0
5627 66.0
5628 66.0
5629 66.0
5630 66.0
5631 66.0
5632 66.0
5633 66.0
5634 66.0
5635 66.0
5636 66.0
5637 66.0
5638 66.0
5639 66.0
5640 66.0
5641 66.0
5642 66.0
5643 66.0
5644 66.0
5645 66.0
5646 66.0
5647 66.0
5648 66.0
5649 66.0
5650 66.0
5651 66.0
5652 66.0
5653 66.0
5654 66.0
5655 66.0
5656 66.0
5657 66.0
5658 66.0
5659 66.0
5660 66.0
5661 66.0
5662 66.0
5663 66.0
5664 66.0
5665 66.0
5666 66.0
5667 66.0
5668 66.0
5669 66.0
5670 66.0
5671 66.0
5672 66.0
5673 66.0
5674 66.0
5675 66.0
5676 66.0
5677 66.0
5678 66.0
5679 66.0
5680 66.0
5681 66.0
5682 66.0
5683 66.0
5684 66.0
5685 66.0
5686 66.0
5687 66.0
5688 66.0
5689 66.0
5690 66.0
5691 66.0
5692 66.0
5693 66.0
5694 66.0
5695 66.0
5696 66.0
5697 66.0
5698 66.0
5699 66.0
5700 66.0
5701 66.0
5702 66.0
5703 66.0
5704 66.0
5705 66.0
5706 66.0
5707 66.0
5708 66.0
5709 66.0
5710 66.0
5711 66.0
5712 66.0
5713 66.0
5714 66.0
5715 66.0
5716 66.0
5717 66.0
5718 66.0
5719 66.0
5720 66.0
5721 66.0
5722 66.0
5723 66.0
5724 66.0
5725 66.0
5726 66.0
5727 66.0
5728 66.0
5729 66.0
5730 66.0
5731 66.0
5732 66.0
5733 66.0
5734 66.0
5735 66.0
5736 66.0
5737 66.0
5738 66.0
5739 66.0
5740 66.0
5741 66.0
5742 66.0
5743 66.0
5744 66.0
5745 66.0
5746 66.0
5747 66.0
5748 66.0
5749 66.0
5750 66.0
5751 66.0
5752 66.0
5753 66.0
5754 66.0
5755 66.0
5756 66.0
5757 66.0
5758 66.0
5759 66.0
5760 66.0
5761 66.0
5762 66.0
5763 66.0
5764 66.0
5765 66.0
5766 66.0
5767 66.0
5768 66.0
5769 66.0
5770 66.0
5771 66.0
5772 66.0
5773 66.0
5774 66.0
5775 66.0
5776 66.0
5777 66.0
5778 66.0
5779 66.0
5780 66.0
5781 66.0
5782 66.0
5783 66.0
5784 66.0
5785 66.0
5786 66.0
5787 66.0
5788 66.0
5789 66.0
5790 66.0
5791 66.0
5792 66.0
5793 66.0
5794 66.0
5795 66.0
5796 66.0
5797 66.0
5798 66.0
5799 66.0
5800 66.0
5801 66.0
5802 66.0
5803 66.0
5804 66.0
5805 66.0
5806 66.0
5807 66.0
5808 66.0
5809 66.0
5810 66.0
5811 66.0
5812 66.0
5813 66.0
5814 66.0
5815 66.0
5816 66.0
5817 66.0
5818 66.0
5819 66.0
5820 66.0
5821 66.0
5822 66.0
5823 66.0
5824 66.0
5825 66.0
5826 66.0
5827 66.0
5828 66.0
5829 66.0
5830 66.0
5831 66.0
5832 66.0
5833 66.0
5834 66.0
5835 66.0
5836 66.0
5837 66.0
5838 66.0
5839 66.0
5840 66.0
5841 66.0
5842 66.0
5843 66.0
5844 66.0
5845 66.0
5846 66.0
5847 66.0
5848 66.0
5849 66.0
5850 66.0
5851 66.0
5852 66.0
5853 66.0
5854 66.0
5855 66.0
5856 66.0
5857 66.0
5858 66.0
5859 66.0
5860 66.0
5861 66.0
5862 66.0
5863 66.0
5864 66.0
5865 66.0
5866 66.0
5867 66.0
5868 66.0
5869 66.0
5870 66.0
5871 66.0
5872 66.0
5873 66.0
5874 66.0
5875 66.0
5876 66.0
5877 66.0
5878 66.0
5879 66.0
5880 66.0
5881 66.0
5882 66.0
5883 66.0
5884 66.0
5885 66.0
5886 66.0
5887 66.0
5888 66.0
5889 66.0
5890 66.0
5891 66.0
5892 66.0
5893 66.0
5894 66.0
5895 66.0
5896 66.0
5897 66.0
5898 66.0
5899 66.0
5900 66.0
5901 66.0
5902 66.0
5903 66.0
5904 66.0
5905 66.0
5906 66.0
5907 66.0
5908 66.0
5909 66.0
5910 66.0
5911 66.0
5912 66.0
5913 66.0
5914 66.0
5915 66.0
5916 66.0
5917 66.0
5918 66.0
5919 66.0
5920 66.0
5921 66.0
5922 66.0
5923 66.0
5924 66.0
5925 66.0
5926 66.0
5927 66.0
5928 66.0
5929 66.0
5930 66.0
5931 66.0
5932 66.0
5933 66.0
5934 66.0
5935 66.0
5936 66.0
5937 66.0
5938 66.0
5939 66.0
5940 66.0
5941 66.0
5942 66.0
5943 66.0
5944 66.0
5945 66.0
5946 66.0
5947 66.0
5948 66.0
5949 66.0
5950 66.0
5951 66.0
5952 66.0
5953 66.0
5954 66.0
5955 66.0
5956 66.0
5957 66.0
5958 66.0
5959 66.0
5960 66.0
5961 66.0
5962 66.0
5963 66.0
5964 66.0
5965 66.0
5966 66.0
5967 66.0
5968 66.0
5969 66.0
5970 66.0
5971 66.0
5972 66.0
5973 66.0
5974 66.0
5975 66.0
5976 66.0
5977 66.0
5978 66.0
5979 66.0
5980 66.0
5981 66.0
5982 66.0
5983 66.0
5984 66.0
5985 66.0
5986 66.0
5987 66.0
5988 66.0
5989 66.0
5990 66.0
5991 66.0
5992 66.0
5993 66.0
5994 66.0
5995 66.0
5996 66.0
5997 66.0
5998 66.0
5999 66.0
6000 66.0
6001 66.0
6002 66.0
6003 66.0
6004 66.0
6005 66.0
6006 66.0
6007 66.0
6008 66.0
6009 66.0
6010 66.0
6011 66.0
6012 66.0
6013 66.0
6014 66.0
6015 66.0
6016 66.0
6017 66.0
6018 66.0
6019 66.0
6020 66.0
6021 66.0
6022 66.0
6023 66.0
6024 66.0
6025 66.0
6026 66.0
6027 66.0
6028 66.0
6029 66.0
6030 66.0
6031 66.0
6032 66.0
6033 66.0
6034 66.0
6035 66.0
6036 66.0
6037 66.0
6038 66.0
6039 66.0
6040 66.0
6041 66.0
6042 66.0
6043 66.0
6044 66.0
6045 66.0
6046 66.0
6047 66.0
6048 66.0
6049 66.0
6050 66.0
6051 66.0
6052 66.0
6053 66.0
6054 66.0
6055 66.0
6056 66.0
6057 66.0
6058 66.0
6059 66.0
6060 66.0
6061 66.0
6062 66.0
6063 66.0
6064 66.0
6065 66.0
6066 66.0
6067 66.0
6068 66.0
6069 66.0
6070 66.0
6071 66.0
6072 66.0
6073 66.0
6074 66.0
6075 66.0
6076 66.0
6077 66.0
6078 66.0
6079 66.0
6080 66.0
6081 66.0
6082 66.0
6083 66.0
6084 66.0
6085 66.0
6086 66.0
6087 66.0
6088 66.0
6089 66.0
6090 66.0
6091 66.0
6092 66.0
6093 66.0
6094 66.0
6095 66.0
6096 66.0
6097 66.0
6098 66.0
6099 66.0
6100 66.0
6101 66.0
6102 66.0
6103 66.0
6104 66.0
6105 66.0
6106 66.0
6107 66.0
6108 66.0
6109 66.0
6110 66.0
6111 66.0
6112 66.0
6113 66.0
6114 66.0
6115 66.0
6116 66.0
6117 66.0
6118 66.0
6119 66.0
6120 66.0
6121 66.0
6122 66.0
6123 66.0
6124 66.0
6125 66.0
6126 66.0
6127 66.0
6128 66.0
6129 66.0
6130 66.0
6131 66.0
6132 66.0
6133 66.0
6134 66.0
6135 66.0
6136 66.0
6137 66.0
6138 66.0
6139 66.0
6140 66.0
6141 66.0
6142 66.0
6143 66.0
6144 66.0
6145 66.0
6146 66.0
6147 66.0
6148 66.0
6149 66.0
6150 66.0
6151 66.0
6152 66.0
6153 66.0
6154 66.0
6155 66.0
6156 66.0
6157 66.0
6158 66.0
6159 66.0
6160 66.0
6161 66.0
6162 66.0
6163 66.0
6164 66.0
6165 66.0
6166 66.0
6167 66.0
6168 66.0
6169 66.0
6170 66.0
6171 66.0
6172 66.0
6173 66.0
6174 66.0
6175 66.0
6176 66.0
6177 66.0
6178 66.0
6179 66.0
6180 66.0
6181 66.0
6182 66.0
6183 66.0
6184 66.0
6185 66.0
6186 66.0
6187 66.0
6188 66.0
6189 66.0
6190 66.0
6191 66.0
6192 66.0
6193 66.0
6194 66.0
6195 66.0
6196 66.0
6197 66.0
6198 66.0
6199 66.0
6200 66.0
6201 66.0
6202 66.0
6203 66.0
6204 66.0
6205 66.0
6206 66.0
6207 66.0
6208 66.0
6209 66.0
6210 66.0
6211 66.0
6212 66.0
6213 66.0
6214 66.0
6215 66.0
6216 66.0
6217 66.0
6218 66.0
6219 66.0
6220 66.0
6221 66.0
6222 66.0
6223 66.0
6224 66.0
6225 66.0
6226 66.0
6227 66.0
6228 66.0
6229 66.0
6230 66.0
6231 66.0
6232 66.0
6233 66.0
6234 66.0
6235 66.0
6236 66.0
6237 66.0
6238 66.0
6239 66.0
6240 66.0
6241 66.0
6242 66.0
6243 66.0
6244 66.0
6245 66.0
6246 66.0
6247 66.0
6248 66.0
6249 66.0
6250 66.0
6251 66.0
6252 66.0
6253 66.0
6254 66.0
6255 66.0
6256 66.0
6257 66.0
6258 66.0
6259 66.0
6260 66.0
6261 66.0
6262 66.0
6263 66.0
6264 66.0
6265 66.0
6266 66.0
6267 66.0
6268 66.0
6269 66.0
6270 66.0
6271 66.0
6272 66.0
6273 66.0
6274 66.0
6275 66.0
6276 66.0
6277 66.0
6278 66.0
6279 66.0
6280 66.0
6281 66.0
6282 66.0
6283 66.0
6284 66.0
6285 66.0
6286 66.0
6287 66.0
6288 66.0
6289 66.0
6290 66.0
6291 66.0
6292 66.0
6293 66.0
6294 66.0
6295 66.0
6296 66.0
6297 66.0
6298 66.0
6299 66.0
6300 66.0
6301 66.0
6302 66.0
6303 66.0
6304 66.0
6305 66.0
6306 66.0
6307 66.0
6308 66.0
6309 66.0
6310 66.0
6311 66.0
6312 66.0
6313 66.0
6314 66.0
6315 66.0
6316 66.0
6317 66.0
6318 66.0
6319 66.0
6320 66.0
6321 66.0
6322 66.0
6323 66.0
6324 66.0
6325 66.0
6326 66.0
6327 66.0
6328 66.0
6329 66.0
6330 66.0
6331 66.0
6332 66.0
6333 66.0
6334 66.0
6335 66.0
6336 66.0
6337 66.0
6338 66.0
6339 66.0
6340 66.0
6341 66.0
6342 66.0
6343 66.0
6344 66.0
6345 66.0
6346 66.0
6347 66.0
6348 66.0
6349 66.0
6350 66.0
6351 66.0
6352 66.0
6353 66.0
6354 66.0
6355 66.0
6356 66.0
6357 66.0
6358 66.0
6359 66.0
6360 66.0
6361 66.0
6362 66.0
6363 66.0
6364 66.0
6365 66.0
6366 66.0
6367 66.0
6368 66.0
6369 66.0
6370 66.0
6371 66.0
6372 66.0
6373 66.0
6374 66.0
6375 66.0
6376 66.0
6377 66.0
6378 66.0
6379 66.0
6380 66.0
6381 66.0
6382 66.0
6383 66.0
6384 66.0
6385 66.0
6386 66.0
6387 66.0
6388 66.0
6389 66.0
6390 66.0
6391 66.0
6392 66.0
6393 66.0
6394 66.0
6395 66.0
6396 66.0
6397 66.0
6398 66.0
6399 66.0
6400 66.0
6401 66.0
6402 66.0
6403 66.0
6404 66.0
6405 66.0
6406 66.0
6407 66.0
6408 66.0
6409 66.0
6410 66.0
6411 66.0
6412 66.0
6413 66.0
6414 66.0
6415 66.0
6416 66.0
6417 66.0
6418 66.0
6419 66.0
6420 66.0
6421 66.0
6422 66.0
6423 66.0
6424 66.0
6425 66.0
6426 66.0
6427 66.0
6428 66.0
6429 66.0
6430 66.0
6431 66.0
6432 66.0
6433 66.0
6434 66.0
6435 66.0
6436 66.0
6437 66.0
6438 66.0
6439 66.0
6440 66.0
6441 66.0
6442 66.0
6443 66.0
6444 66.0
6445 66.0
6446 66.0
6447 66.0
6448 66.0
6449 66.0
6450 66.0
6451 66.0
6452 66.0
6453 66.0
6454 66.0
6455 66.0
6456 66.0
6457 66.0
6458 66.0
6459 66.0
6460 66.0
6461 66.0
6462 66.0
6463 66.0
6464 66.0
6465 66.0
6466 66.0
6467 66.0
6468 66.0
6469 66.0
6470 66.0
6471 66.0
6472 66.0
6473 66.0
6474 66.0
6475 66.0
6476 66.0
6477 66.0
6478 66.0
6479 66.0
6480 66.0
6481 66.0
6482 66.0
6483 66.0
6484 66.0
6485 66.0
6486 66.0
6487 66.0
6488 66.0
6489 66.0
6490 66.0
6491 66.0
6492 66.0
6493 66.0
6494 66.0
6495 66.0
6496 66.0
6497 66.0
6498 66.0
6499 66.0
6500 66.0
6501 66.0
6502 66.0
6503 66.0
6504 66.0
6505 66.0
6506 66.0
6507 66.0
6508 66.0
6509 66.0
6510 66.0
6511 66.0
6512 66.0
6513 66.0
6514 66.0
6515 66.0
6516 66.0
6517 66.0
6518 66.0
6519 66.0
6520 66.0
6521 66.0
6522 66.0
6523 66.0
6524 66.0
6525 66.0
6526 66.0
6527 66.0
6528 66.0
6529 66.0
6530 66.0
6531 66.0
6532 66.0
6533 66.0
6534 66.0
6535 66.0
6536 66.0
6537 66.0
6538 66.0
6539 66.0
6540 66.0
6541 66.0
6542 66.0
6543 66.0
6544 66.0
6545 66.0
6546 66.0
6547 66.0
6548 66.0
6549 66.0
6550 66.0
6551 66.0
6552 66.0
6553 66.0
6554 66.0
6555 66.0
6556 66.0
6557 66.0
6558 66.0
6559 66.0
6560 66.0
6561 66.0
6562 66.0
6563 66.0
6564 66.0
6565 66.0
6566 66.0
6567 66.0
6568 66.0
6569 66.0
6570 66.0
6571 66.0
6572 66.0
6573 66.0
6574 66.0
6575 66.0
6576 66.0
6577 66.0
6578 66.0
6579 66.0
6580 66.0
6581 66.0
6582 66.0
6583 66.0
6584 66.0
6585 66.0
6586 66.0
6587 66.0
6588 66.0
6589 66.0
6590 66.0
6591 66.0
6592 66.0
6593 66.0
6594 66.0
6595 66.0
6596 66.0
6597 66.0
6598 66.0
6599 66.0
6600 66.0
6601 66.0
6602 66.0
6603 66.0
6604 66.0
6605 66.0
6606 66.0
6607 66.0
6608 66.0
6609 66.0
6610 66.0
6611 66.0
6612 66.0
6613 66.0
6614 66.0
6615 66.0
6616 66.0
6617 66.0
6618 66.0
6619 66.0
6620 66.0
6621 66.0
6622 66.0
6623 66.0
6624 66.0
6625 66.0
6626 66.0
6627 66.0
6628 66.0
6629 66.0
6630 66.0
6631 66.0
6632 66.0
6633 66.0
6634 66.0
6635 66.0
6636 66.0
6637 66.0
6638 66.0
6639 66.0
6640 66.0
6641 66.0
6642 66.0
6643 66.0
6644 66.0
6645 66.0
6646 66.0
6647 66.0
6648 66.0
6649 66.0
6650 66.0
6651 66.0
6652 66.0
6653 66.0
6654 66.0
6655 66.0
6656 66.0
6657 66.0
6658 66.0
6659 66.0
6660 66.0
6661 66.0
6662 66.0
6663 66.0
6664 66.0
6665 66.0
6666 66.0
6667 66.0
6668 66.0
6669 66.0
6670 66.0
6671 66.0
6672 66.0
6673 66.0
6674 66.0
6675 66.0
6676 66.0
6677 66.0
6678 66.0
6679 66.0
6680 66.0
6681 66.0
6682 66.0
6683 66.0
6684 66.0
6685 66.0
6686 66.0
6687 66.0
6688 66.0
6689 66.0
6690 66.0
6691 66.0
6692 66.0
6693 66.0
6694 66.0
6695 66.0
6696 66.0
6697 66.0
6698 66.0
6699 66.0
6700 66.0
6701 66.0
6702 66.0
6703 66.0
6704 66.0
6705 66.0
6706 66.0
6707 66.0
6708 66.0
6709 66.0
6710 66.0
6711 66.0
6712 66.0
6713 66.0
6714 66.0
6715 66.0
6716 66.0
6717 66.0
6718 66.0
6719 66.0
6720 66.0
6721 66.0
6722 66.0
6723 66.0
6724 66.0
6725 66.0
6726 66.0
6727 66.0
6728 66.0
6729 66.0
6730 66.0
6731 66.0
6732 66.0
6733 66.0
6734 66.0
6735 66.0
6736 66.0
6737 66.0
6738 66.0
6739 66.0
6740 66.0
6741 66.0
6742 66.0
6743 66.0
6744 66.0
6745 66.0
6746 66.0
6747 66.0
6748 66.0
6749 66.0
6750 66.0
6751 66.0
6752 66.0
6753 66.0
6754 66.0
6755 66.0
6756 66.0
6757 66.0
6758 66.0
6759 66.0
6760 66.0
6761 66.0
6762 66.0
6763 66.0
6764 66.0
6765 66.0
6766 66.0
6767 66.0
6768 66.0
6769 66.0
6770 66.0
6771 66.0
6772 66.0
6773 66.0
6774 66.0
6775 66.0
6776 66.0
6777 66.0
6778 66.0
6779 66.0
6780 66.0
6781 66.0
6782 66.0
6783 66.0
6784 66.0
6785 66.0
6786 66.0
6787 66.0
6788 66.0
6789 66.0
6790 66.0
6791 66.0
6792 66.0
6793 66.0
6794 66.0
6795 66.0
6796 66.0
6797 66.0
6798 66.0
6799 66.0
6800 66.0
6801 66.0
6802 66.0
6803 66.0
6804 66.0
6805 66.0
6806 66.0
6807 66.0
6808 66.0
6809 66.0
6810 66.0
6811 66.0
6812 66.0
6813 66.0
6814 66.0
6815 66.0
6816 66.0
6817 66.0
6818 66.0
6819 66.0
6820 66.0
6821 66.0
6822 66.0
6823 66.0
6824 66.0
6825 66.0
6826 66.0
6827 66.0
6828 66.0
6829 66.0
6830 66.0
6831 66.0
6832 66.0
6833 66.0
6834 66.0
6835 66.0
6836 66.0
6837 66.0
6838 66.0
6839 66.0
6840 66.0
6841 66.0
6842 66.0
6843 66.0
6844 66.0
6845 66.0
6846 66.0
6847 66.0
6848 66.0
6849 66.0
6850 66.0
6851 66.0
6852 66.0
6853 66.0
6854 66.0
6855 66.0
6856 66.0
6857 66.0
6858 66.0
6859 66.0
6860 66.0
6861 66.0
6862 66.0
6863 66.0
6864 66.0
6865 66.0
6866 66.0
6867 66.0
6868 66.0
6869 66.0
6870 66.0
6871 66.0
6872 66.0
6873 66.0
6874 66.0
6875 66.0
6876 66.0
6877 66.0
6878 66.0
6879 66.0
6880 66.0
6881 66.0
6882 66.0
6883 66.0
6884 66.0
6885 66.0
6886 66.0
6887 66.0
6888 66.0
6889 66.0
6890 66.0
6891 66.0
6892 66.0
6893 66.0
6894 66.0
6895 66.0
6896 66.0
6897 66.0
6898 66.0
6899 66.0
6900 66.0
6901 66.0
6902 66.0
6903 66.0
6904 66.0
6905 66.0
6906 66.0
6907 66.0
6908 66.0
6909 66.0
6910 66.0
6911 66.0
6912 66.0
6913 66.0
6914 66.0
6915 66.0
6916 66.0
6917 66.0
6918 66.0
6919 66.0
6920 66.0
6921 66.0
6922 66.0
6923 66.0
6924 66.0
6925 66.0
6926 66.0
6927 66.0
6928 66.0
6929 66.0
6930 66.0
6931 66.0
6932 66.0
6933 66.0
6934 66.0
6935 66.0
6936 66.0
6937 66.0
6938 66.0
6939 66.0
6940 66.0
6941 66.0
6942 66.0
6943 66.0
6944 66.0
6945 66.0
6946 66.0
6947 66.0
6948 66.0
6949 66.0
6950 66.0
6951 66.0
6952 66.0
6953 66.0
6954 66.0
6955 66.0
6956 66.0
6957 66.0
6958 66.0
6959 66.0
6960 66.0
6961 66.0
6962 66.0
6963 66.0
6964 66.0
6965 66.0
6966 66.0
6967 66.0
6968 66.0
6969 66.0
6970 66.0
6971 66.0
6972 66.0
6973 66.0
6974 66.0
6975 66.0
6976 66.0
6977 66.0
6978 66.0
6979 66.0
6980 66.0
6981 66.0
6982 66.0
6983 66.0
6984 66.0
6985 66.0
6986 66.0
6987 66.0
6988 66.0
6989 66.0
6990 66.0
6991 66.0
6992 66.0
6993 66.0
6994 66.0
6995 66.0
6996 66.0
6997 66.0
6998 66.0
6999 66.0
7000 66.0
7001 66.0
7002 66.0
7003 66.0
7004 66.0
7005 66.0
7006 66.0
7007 66.0
7008 66.0
7009 66.0
7010 66.0
7011 66.0
7012 66.0
7013 66.0
7014 66.0
7015 66.0
7016 66.0
7017 66.0
7018 66.0
7019 66.0
7020 66.0
7021 66.0
7022 66.0
7023 66.0
7024 66.0
7025 66.0
7026 66.0
7027 66.0
7028 66.0
7029 66.0
7030 66.0
7031 66.0
7032 66.0
7033 66.0
7034 66.0
7035 66.0
7036 66.0
7037 66.0
7038 66.0
7039 66.0
7040 66.0
7041 66.0
7042 66.0
7043 66.0
7044 66.0
7045 66.0
7046 66.0
7047 66.0
7048 66.0
7049 66.0
7050 66.0
7051 66.0
7052 66.0
7053 66.0
7054 66.0
7055 66.0
7056 66.0
7057 66.0
7058 66.0
7059 66.0
7060 66.0
7061 66.0
7062 66.0
7063 66.0
7064 66.0
7065 66.0
7066 66.0
7067 66.0
7068 66.0
7069 66.0
7070 66.0
7071 66.0
7072 66.0
7073 66.0
7074 66.0
7075 66.0
7076 66.0
7077 66.0
7078 66.0
7079 66.0
7080 66.0
7081 66.0
7082 66.0
7083 66.0
7084 66.0
7085 66.0
7086 66.0
7087 66.0
7088 66.0
7089 66.0
7090 66.0
7091 66.0
7092 66.0
7093 66.0
7094 66.0
7095 66.0
7096 66.0
7097 66.0
7098 66.0
7099 66.0
7100 66.0
7101 66.0
7102 66.0
7103 66.0
7104 66.0
7105 66.0
7106 66.0
7107 66.0
7108 66.0
7109 66.0
7110 66.0
7111 66.0
7112 66.0
7113 66.0
7114 66.0
7115 66.0
7116 66.0
7117 66.0
7118 66.0
7119 66.0
7120 66.0
7121 66.0
7122 66.0
7123 66.0
7124 66.0
7125 66.0
7126 66.0
7127 66.0
7128 66.0
7129 66.0
7130 66.0
7131 66.0
7132 66.0
7133 66.0
7134 66.0
7135 66.0
7136 66.0
7137 66.0
7138 66.0
7139 66.0
7140 66.0
7141 66.0
7142 66.0
7143 66.0
7144 66.0
7145 66.0
7146 66.0
7147 66.0
7148 66.0
7149 66.0
7150 66.0
7151 66.0
7152 66.0
7153 66.0
7154 66.0
7155 66.0
7156 66.0
7157 66.0
7158 66.0
7159 66.0
7160 66.0
7161 66.0
7162 66.0
7163 66.0
7164 66.0
7165 66.0
7166 66.0
7167 66.0
7168 66.0
7169 66.0
7170 66.0
7171 66.0
7172 66.0
7173 66.0
7174 66.0
7175 66.0
7176 66.0
7177 66.0
7178 66.0
7179 66.0
7180 66.0
7181 66.0
7182 66.0
7183 66.0
7184 66.0
7185 66.0
7186 66.0
7187 66.0
7188 66.0
7189 66.0
7190 66.0
7191 66.0
7192 66.0
7193 66.0
7194 66.0
7195 66.0
7196 66.0
7197 66.0
7198 66.0
7199 66.0
7200 66.0
7201 66.0
7202 66.0
7203 66.0
7204 66.0
7205 66.0
7206 66.0
7207 66.0
7208 66.0
7209 66.0
7210 66.0
7211 66.0
7212 66.0
7213 66.0
7214 66.0
7215 66.0
7216 66.0
7217 66.0
7218 66.0
7219 66.0
7220 66.0
7221 66.0
7222 66.0
7223 66.0
7224 66.0
7225 66.0
7226 66.0
7227 66.0
7228 66.0
7229 66.0
7230 66.0
7231 66.0
7232 66.0
7233 66.0
7234 66.0
7235 66.0
7236 66.0
7237 66.0
7238 66.0
7239 66.0
7240 66.0
7241 66.0
7242 66.0
7243 66.0
7244 66.0
7245 66.0
7246 66.0
7247 66.0
7248 66.0
7249 66.0
7250 66.0
7251 66.0
7252 66.0
7253 66.0
7254 66.0
7255 66.0
7256 66.0
7257 66.0
7258 66.0
7259 66.0
7260 66.0
7261 66.0
7262 66.0
7263 66.0
7264 66.0
7265 66.0
7266 66.0
7267 66.0
7268 66.0
7269 66.0
7270 66.0
7271 66.0
7272 66.0
7273 66.0
7274 66.0
7275 66.0
7276 66.0
7277 66.0
7278 66.0
7279 66.0
7280 66.0
7281 66.0
7282 66.0
7283 66.0
7284 66.0
7285 66.0
7286 66.0
7287 66.0
7288 66.0
7289 66.0
7290 66.0
7291 66.0
7292 66.0
7293 66.0
7294 66.0
7295 66.0
7296 66.0
7297 66.0
7298 66.0
7299 66.0
7300 66.0
7301 66.0
7302 66.0
7303 66.0
7304 66.0
7305 66.0
7306 66.0
7307 66.0
7308 66.0
7309 66.0
7310 66.0
7311 66.0
7312 66.0
7313 66.0
7314 66.0
7315 66.0
7316 66.0
7317 66.0
7318 66.0
7319 66.0
7320 66.0
7321 66.0
7322 66.0
7323 66.0
7324 66.0
7325 66.0
7326 66.0
7327 66.0
7328 66.0
7329 66.0
7330 66.0
7331 66.0
7332 66.0
7333 66.0
7334 66.0
7335 66.0
7336 66.0
7337 66.0
7338 66.0
7339 66.0
7340 66.0
7341 66.0
7342 66.0
7343 66.0
7344 66.0
7345 66.0
7346 66.0
7347 66.0
7348 66.0
7349 66.0
7350 66.0
7351 66.0
7352 66.0
7353 66.0
7354 66.0
7355 66.0
7356 66.0
7357 66.0
7358 66.0
7359 66.0
7360 66.0
7361 66.0
7362 66.0
7363 66.0
7364 66.0
7365 66.0
7366 66.0
7367 66.0
7368 66.0
7369 66.0
7370 66.0
7371 66.0
7372 66.0
7373 66.0
7374 66.0
7375 66.0
7376 66.0
7377 66.0
7378 66.0
7379 66.0
7380 66.0
7381 66.0
7382 66.0
7383 66.0
7384 66.0
7385 66.0
7386 66.0
7387 66.0
7388 66.0
7389 66.0
7390 66.0
7391 66.0
7392 66.0
7393 66.0
7394 66.0
7395 66.0
7396 66.0
7397 66.0
7398 66.0
7399 66.0
7400 66.0
7401 66.0
7402 66.0
7403 66.0
7404 66.0
7405 66.0
7406 66.0
7407 66.0
7408 66.0
7409 66.0
7410 66.0
7411 66.0
7412 66.0
7413 66.0
7414 66.0
7415 66.0
7416 66.0
7417 66.0
7418 66.0
7419 66.0
7420 66.0
7421 66.0
7422 66.0
7423 66.0
7424 66.0
7425 66.0
7426 66.0
7427 66.0
7428 66.0
7429 66.0
7430 66.0
7431 66.0
7432 66.0
7433 66.0
7434 66.0
7435 66.0
7436 66.0
7437 66.0
7438 66.0
7439 66.0
7440 66.0
7441 66.0
7442 66.0
7443 66.0
7444 66.0
7445 66.0
7446 66.0
7447 66.0
7448 66.0
7449 66.0
7450 66.0
7451 66.0
7452 66.0
7453 66.0
7454 66.0
7455 66.0
7456 66.0
7457 66.0
7458 66.0
7459 66.0
7460 66.0
7461 66.0
7462 66.0
7463 66.0
7464 66.0
7465 66.0
7466 66.0
7467 66.0
7468 66.0
7469 66.0
7470 66.0
7471 66.0
7472 66.0
7473 66.0
7474 66.0
7475 66.0
7476 66.0
7477 66.0
7478 66.0
7479 66.0
7480 66.0
7481 66.0
7482 66.0
7483 66.0
7484 66.0
7485 66.0
7486 66.0
7487 66.0
7488 66.0
7489 66.0
7490 66.0
7491 66.0
7492 66.0
7493 66.0
7494 66.0
7495 66.0
7496 66.0
7497 66.0
7498 66.0
7499 66.0
7500 66.0
7501 66.0
7502 66.0
7503 66.0
7504 66.0
7505 66.0
7506 66.0
7507 66.0
7508 66.0
7509 66.0
7510 66.0
7511 66.0
7512 66.0
7513 66.0
7514 66.0
7515 66.0
7516 66.0
7517 66.0
7518 66.0
7519 66.0
7520 66.0
7521 66.0
7522 66.0
7523 66.0
7524 66.0
7525 66.0
7526 66.0
7527 66.0
7528 66.0
7529 66.0
7530 66.0
7531 66.0
7532 66.0
7533 66.0
7534 66.0
7535 66.0
7536 66.0
7537 66.0
7538 66.0
7539 66.0
7540 66.0
7541 66.0
7542 66.0
7543 66.0
7544 66.0
7545 66.0
7546 66.0
7547 66.0
7548 66.0
7549 66.0
7550 66.0
7551 66.0
7552 66.0
7553 66.0
7554 66.0
7555 66.0
7556 66.0
7557 66.0
7558 66.0
7559 66.0
7560 66.0
7561 66.0
7562 66.0
7563 66.0
7564 66.0
7565 66.0
7566 66.0
7567 66.0
7568 66.0
7569 66.0
7570 66.0
7571 66.0
7572 66.0
7573 66.0
7574 66.0
7575 66.0
7576 66.0
7577 66.0
7578 66.0
7579 66.0
7580 66.0
7581 66.0
7582 66.0
7583 66.0
7584 66.0
7585 66.0
7586 66.0
7587 66.0
7588 66.0
7589 66.0
7590 66.0
7591 66.0
7592 66.0
7593 66.0
7594 66.0
7595 66.0
7596 66.0
7597 66.0
7598 66.0
7599 66.0
7600 66.0
7601 66.0
7602 66.0
7603 66.0
7604 66.0
7605 66.0
7606 66.0
7607 66.0
7608 66.0
7609 66.0
7610 66.0
7611 66.0
7612 66.0
7613 66.0
7614 66.0
7615 66.0
7616 66.0
7617 66.0
7618 66.0
7619 66.0
7620 66.0
7621 66.0
7622 66.0
7623 66.0
7624 66.0
7625 66.0
7626 66.0
7627 66.0
7628 66.0
7629 66.0
7630 66.0
7631 66.0
7632 66.0
7633 66.0
7634 66.0
7635 66.0
7636 66.0
7637 66.0
7638 66.0
7639 66.0
7640 66.0
7641 66.0
7642 66.0
7643 66.0
7644 66.0
7645 66.0
7646 66.0
7647 66.0
7648 66.0
7649 66.0
7650 66.0
7651 66.0
7652 66.0
7653 66.0
7654 66.0
7655 66.0
7656 66.0
7657 66.0
7658 66.0
7659 66.0
7660 66.0
7661 66.0
7662 66.0
7663 66.0
7664 66.0
7665 66.0
7666 66.0
7667 66.0
7668 66.0
7669 66.0
7670 66.0
7671 66.0
7672 66.0
7673 66.0
7674 66.0
7675 66.0
7676 66.0
7677 66.0
7678 66.0
7679 66.0
7680 66.0
7681 66.0
7682 66.0
7683 66.0
7684 66.0
7685 66.0
7686 66.0
7687 66.0
7688 66.0
7689 66.0
7690 66.0
7691 66.0
7692 66.0
7693 66.0
7694 66.0
7695 66.0
7696 66.0
7697 66.0
7698 66.0
7699 66.0
7700 66.0
7701 66.0
7702 66.0
7703 66.0
7704 66.0
7705 66.0
7706 66.0
7707 66.0
7708 66.0
7709 66.0
7710 66.0
7711 66.0
7712 66.0
7713 66.0
7714 66.0
7715 66.0
7716 66.0
7717 66.0
7718 66.0
7719 66.0
7720 66.0
7721 66.0
7722 66.0
7723 66.0
7724 66.0
7725 66.0
7726 66.0
7727 66.0
7728 66.0
7729 66.0
7730 66.0
7731 66.0
7732 66.0
7733 66.0
7734 66.0
7735 66.0
7736 66.0
7737 66.0
7738 66.0
7739 66.0
7740 66.0
7741 66.0
7742 66.0
7743 66.0
7744 66.0
7745 66.0
7746 66.0
7747 66.0
7748 66.0
7749 66.0
7750 66.0
7751 66.0
7752 66.0
7753 66.0
7754 66.0
7755 66.0
7756 66.0
7757 66.0
7758 66.0
7759 66.0
7760 66.0
7761 66.0
7762 66.0
7763 66.0
7764 66.0
7765 66.0
7766 66.0
7767 66.0
7768 66.0
7769 66.0
7770 66.0
7771 66.0
7772 66.0
7773 66.0
7774 66.0
7775 66.0
7776 66.0
7777 66.0
7778 66.0
7779 66.0
7780 66.0
7781 66.0
7782 66.0
7783 66.0
7784 66.0
7785 66.0
7786 66.0
7787 66.0
7788 66.0
7789 66.0
7790 66.0
7791 66.0
7792 66.0
7793 66.0
7794 66.0
7795 66.0
7796 66.0
7797 66.0
7798 66.0
7799 66.0
7800 66.0
7801 66.0
7802 66.0
7803 66.0
7804 66.0
7805 66.0
7806 66.0
7807 66.0
7808 66.0
7809 66.0
7810 66.0
7811 66.0
7812 66.0
7813 66.0
7814 66.0
7815 66.0
7816 66.0
7817 66.0
7818 66.0
7819 66.0
7820 66.0
7821 66.0
7822 66.0
7823 66.0
7824 66.0
7825 66.0
7826 66.0
7827 66.0
7828 66.0
7829 66.0
7830 66.0
7831 66.0
7832 66.0
7833 66.0
7834 66.0
7835 66.0
7836 66.0
7837 66.0
7838 66.0
7839 66.0
7840 66.0
7841 66.0
7842 66.0
7843 66.0
7844 66.0
7845 66.0
7846 66.0
7847 66.0
7848 66.0
7849 66.0
7850 66.0
7851 66.0
7852 66.0
7853 66.0
7854 66.0
7855 66.0
7856 66.0
7857 66.0
7858 66.0
7859 66.0
7860 66.0
7861 66.0
7862 66.0
7863 66.0
7864 66.0
7865 66.0
7866 66.0
7867 66.0
7868 66.0
7869 66.0
7870 66.0
7871 66.0
7872 66.0
7873 66.0
7874 66.0
7875 66.0
7876 66.0
7877 66.0
7878 66.0
7879 66.0
7880 66.0
7881 66.0
7882 66.0
7883 66.0
7884 66.0
7885 66.0
7886 66.0
7887 66.0
7888 66.0
7889 66.0
7890 66.0
7891 66.0
7892 66.0
7893 66.0
7894 66.0
7895 66.0
7896 66.0
7897 66.0
7898 66.0
7899 66.0
7900 66.0
7901 66.0
7902 66.0
7903 66.0
7904 66.0
7905 66.0
7906 66.0
7907 66.0
7908 66.0
7909 66.0
7910 66.0
7911 66.0
7912 66.0
7913 66.0
7914 66.0
7915 66.0
7916 66.0
7917 66.0
7918 66.0
7919 66.0
7920 66.0
7921 66.0
7922 66.0
7923 66.0
7924 66.0
7925 66.0
7926 66.0
7927 66.0
7928 66.0
7929 66.0
7930 66.0
7931 66.0
7932 66.0
7933 66.0
7934 66.0
7935 66.0
7936 66.0
7937 66.0
7938 66.0
7939 66.0
7940 66.0
7941 66.0
7942 66.0
7943 66.0
7944 66.0
7945 66.0
7946 66.0
7947 66.0
7948 66.0
7949 66.0
7950 66.0
7951 66.0
7952 66.0
7953 66.0
7954 66.0
7955 66.0
7956 66.0
7957 66.0
7958 66.0
7959 66.0
7960 66.0
7961 66.0
7962 66.0
7963 66.0
7964 66.0
7965 66.0
7966 66.0
7967 66.0
7968 66.0
7969 66.0
7970 66.0
7971 66.0
7972 66.0
7973 66.0
7974 66.0
7975 66.0
7976 66.0
7977 66.0
7978 66.0
7979 66.0
7980 66.0
7981 66.0
7982 66.0
7983 66.0
7984 66.0
7985 66.0
7986 66.0
7987 66.0
7988 66.0
7989 66.0
7990 66.0
7991 66.0
7992 66.0
7993 66.0
7994 66.0
7995 66.0
7996 66.0
7997 66.0
7998 66.0
7999 66.0
8000 66.0
8001 66.0
8002 66.0
8003 66.0
8004 66.0
8005 66.0
8006 66.0
8007 66.0
8008 66.0
8009 66.0
8010 66.0
8011 66.0
8012 66.0
8013 66.0
8014 66.0
8015 66.0
8016 66.0
8017 66.0
8018 66.0
8019 66.0
8020 66.0
8021 66.0
8022 66.0
8023 66.0
8024 66.0
8025 66.0
8026 66.0
8027 66.0
8028 66.0
8029 66.0
8030 66.0
8031 66.0
8032 66.0
8033 66.0
8034 66.0
8035 66.0
8036 66.0
8037 66.0
8038 66.0
8039 66.0
8040 66.0
8041 66.0
8042 66.0
8043 66.0
8044 66.0
8045 66.0
8046 66.0
8047 66.0
8048 66.0
8049 66.0
8050 66.0
8051 66.0
8052 66.0
8053 66.0
8054 66.0
8055 66.0
8056 66.0
8057 66.0
8058 66.0
8059 66.0
8060 66.0
8061 66.0
8062 66.0
8063 66.0
8064 66.0
8065 66.0
8066 66.0
8067 66.0
8068 66.0
8069 66.0
8070 66.0
8071 66.0
8072 66.0
8073 66.0
8074 66.0
8075 66.0
8076 66.0
8077 66.0
8078 66.0
8079 66.0
8080 66.0
8081 66.0
8082 66.0
8083 66.0
8084 66.0
8085 66.0
8086 66.0
8087 66.0
8088 66.0
8089 66.0
8090 66.0
8091 66.0
8092 66.0
8093 66.0
8094 66.0
8095 66.0
8096 66.0
8097 66.0
8098 66.0
8099 66.0
8100 66.0
8101 66.0
8102 66.0
8103 66.0
8104 66.0
8105 66.0
8106 66.0
8107 66.0
8108 66.0
8109 66.0
8110 66.0
8111 66.0
8112 66.0
8113 66.0
8114 66.0
8115 66.0
8116 66.0
8117 66.0
8118 66.0
8119 66.0
8120 66.0
8121 66.0
8122 66.0
8123 66.0
8124 66.0
8125 66.0
8126 66.0
8127 66.0
8128 66.0
8129 66.0
8130 66.0
8131 66.0
8132 66.0
8133 66.0
8134 66.0
8135 66.0
8136 66.0
8137 66.0
8138 66.0
8139 66.0
8140 66.0
8141 66.0
8142 66.0
8143 66.0
8144 66.0
8145 66.0
8146 66.0
8147 66.0
8148 66.0
8149 66.0
8150 66.0
8151 66.0
8152 66.0
8153 66.0
8154 66.0
8155 66.0
8156 66.0
8157 66.0
8158 66.0
8159 66.0
8160 66.0
8161 66.0
8162 66.0
8163 66.0
8164 66.0
8165 66.0
8166 66.0
8167 66.0
8168 66.0
8169 66.0
8170 66.0
8171 66.0
8172 66.0
8173 66.0
8174 66.0
8175 66.0
8176 66.0
8177 66.0
8178 66.0
8179 66.0
8180 66.0
8181 66.0
8182 66.0
8183 66.0
8184 66.0
8185 66.0
8186 66.0
8187 66.0
8188 66.0
8189 66.0
8190 66.0
8191 66.0
8192 66.0
8193 66.0
8194 66.0
8195 66.0
8196 66.0
8197 66.0
8198 66.0
8199 66.0
8200 66.0
8201 66.0
8202 66.0
8203 66.0
8204 66.0
8205 66.0
8206 66.0
8207 66.0
8208 66.0
8209 66.0
8210 66.0
8211 66.0
8212 66.0
8213 66.0
8214 66.0
8215 66.0
8216 66.0
8217 66.0
8218 66.0
8219 66.0
8220 66.0
8221 66.0
8222 66.0
8223 66.0
8224 66.0
8225 66.0
8226 66.0
8227 66.0
8228 66.0
8229 66.0
8230 66.0
8231 66.0
8232 66.0
8233 66.0
8234 66.0
8235 66.0
8236 66.0
8237 66.0
8238 66.0
8239 66.0
8240 66.0
8241 66.0
8242 66.0
8243 66.0
8244 66.0
8245 66.0
8246 66.0
8247 66.0
8248 66.0
8249 66.0
8250 66.0
8251 66.0
8252 66.0
8253 66.0
8254 66.0
8255 66.0
8256 66.0
8257 66.0
8258 66.0
8259 66.0
8260 66.0
8261 66.0
8262 66.0
8263 66.0
8264 66.0
8265 66.0
8266 66.0
8267 66.0
8268 66.0
8269 66.0
8270 66.0
8271 66.0
8272 66.0
8273 66.0
8274 66.0
8275 66.0
8276 66.0
8277 66.0
8278 66.0
8279 66.0
8280 66.0
8281 66.0
8282 66.0
8283 66.0
8284 66.0
8285 66.0
8286 66.0
8287 66.0
8288 66.0
8289 66.0
8290 66.0
8291 66.0
8292 66.0
8293 66.0
8294 66.0
8295 66.0
8296 66.0
8297 66.0
8298 66.0
8299 66.0
8300 66.0
8301 66.0
8302 66.0
8303 66.0
8304 66.0
8305 66.0
8306 66.0
8307 66.0
8308 66.0
8309 66.0
8310 66.0
8311 66.0
8312 66.0
8313 66.0
8314 66.0
8315 66.0
8316 66.0
8317 66.0
8318 66.0
8319 66.0
8320 66.0
8321 66.0
8322 66.0
8323 66.0
8324 66.0
8325 66.0
8326 66.0
8327 66.0
8328 66.0
8329 66.0
8330 66.0
8331 66.0
8332 66.0
8333 66.0
8334 66.0
8335 66.0
8336 66.0
8337 66.0
8338 66.0
8339 66.0
8340 66.0
8341 66.0
8342 66.0
8343 66.0
8344 66.0
8345 66.0
8346 66.0
8347 66.0
8348 66.0
8349 66.0
8350 66.0
8351 66.0
8352 66.0
8353 66.0
8354 66.0
8355 66.0
8356 66.0
8357 66.0
8358 66.0
8359 66.0
8360 66.0
8361 66.0
8362 66.0
8363 66.0
8364 66.0
8365 66.0
8366 66.0
8367 66.0
8368 66.0
8369 66.0
8370 66.0
8371 66.0
8372 66.0
8373 66.0
8374 66.0
8375 66.0
8376 66.0
8377 66.0
8378 66.0
8379 66.0
8380 66.0
8381 66.0
8382 66.0
8383 66.0
8384 66.0
8385 66.0
8386 66.0
8387 66.0
8388 66.0
8389 66.0
8390 66.0
8391 66.0
8392 66.0
8393 66.0
8394 66.0
8395 66.0
8396 66.0
8397 66.0
8398 66.0
8399 66.0
8400 66.0
8401 66.0
8402 66.0
8403 66.0
8404 66.0
8405 66.0
8406 66.0
8407 66.0
8408 66.0
8409 66.0
8410 66.0
8411 66.0
8412 66.0
8413 66.0
8414 66.0
8415 66.0
8416 66.0
8417 66.0
8418 66.0
8419 66.0
8420 66.0
8421 66.0
8422 66.0
8423 66.0
8424 66.0
8425 66.0
8426 66.0
8427 66.0
8428 66.0
8429 66.0
8430 66.0
8431 66.0
8432 66.0
8433 66.0
8434 66.0
8435 66.0
8436 66.0
8437 66.0
8438 66.0
8439 66.0
8440 66.0
8441 66.0
8442 66.0
8443 66.0
8444 66.0
8445 66.0
8446 66.0
8447 66.0
8448 66.0
8449 66.0
8450 66.0
8451 66.0
8452 66.0
8453 66.0
8454 66.0
8455 66.0
8456 66.0
8457 66.0
8458 66.0
8459 66.0
8460 66.0
8461 66.0
8462 66.0
8463 66.0
8464 66.0
8465 66.0
8466 66.0
8467 66.0
8468 66.0
8469 66.0
8470 66.0
8471 66.0
8472 66.0
8473 66.0
8474 66.0
8475 66.0
8476 66.0
8477 66.0
8478 66.0
8479 66.0
8480 66.0
8481 66.0
8482 66.0
8483 66.0
8484 66.0
8485 66.0
8486 66.0
8487 66.0
8488 66.0
8489 66.0
8490 66.0
8491 66.0
8492 66.0
8493 66.0
8494 66.0
8495 66.0
8496 66.0
8497 66.0
8498 66.0
8499 66.0
8500 66.0
8501 66.0
8502 66.0
8503 66.0
8504 66.0
8505 66.0
8506 66.0
8507 66.0
8508 66.0
8509 66.0
8510 66.0
8511 66.0
8512 66.0
8513 66.0
8514 66.0
8515 66.0
8516 66.0
8517 66.0
8518 66.0
8519 66.0
8520 66.0
8521 66.0
8522 66.0
8523 66.0
8524 66.0
8525 66.0
8526 66.0
8527 66.0
8528 66.0
8529 66.0
8530 66.0
8531 66.0
8532 66.0
8533 66.0
8534 66.0
8535 66.0
8536 66.0
8537 66.0
8538 66.0
8539 66.0
8540 66.0
8541 66.0
8542 66.0
8543 66.0
8544 66.0
8545 66.0
8546 66.0
8547 66.0
8548 66.0
8549 66.0
8550 66.0
8551 66.0
8552 66.0
8553 66.0
8554 66.0
8555 66.0
8556 66.0
8557 66.0
8558 66.0
8559 66.0
8560 66.0
8561 66.0
8562 66.0
8563 66.0
8564 66.0
8565 66.0
8566 66.0
8567 66.0
8568 66.0
8569 66.0
8570 66.0
8571 66.0
8572 66.0
8573 66.0
8574 66.0
8575 66.0
8576 66.0
8577 66.0
8578 66.0
8579 66.0
8580 66.0
8581 66.0
8582 66.0
8583 66.0
8584 66.0
8585 66.0
8586 66.0
8587 66.0
8588 66.0
8589 66.0
8590 66.0
8591 66.0
8592 66.0
8593 66.0
8594 66.0
8595 66.0
8596 66.0
8597 66.0
8598 66.0
8599 66.0
8600 66.0
8601 66.0
8602 66.0
8603 66.0
8604 66.0
8605 66.0
8606 66.0
8607 66.0
8608 66.0
8609 66.0
8610 66.0
8611 66.0
8612 66.0
8613 66.0
8614 66.0
8615 66.0
8616 66.0
8617 66.0
8618 66.0
8619 66.0
8620 66.0
8621 66.0
8622 66.0
8623 66.0
8624 66.0
8625 66.0
8626 66.0
8627 66.0
8628 66.0
8629 66.0
8630 66.0
8631 66.0
8632 66.0
8633 66.0
8634 66.0
8635 66.0
8636 66.0
8637 66.0
8638 66.0
8639 66.0
8640 66.0
8641 66.0
8642 66.0
8643 66.0
8644 66.0
8645 66.0
8646 66.0
8647 66.0
8648 66.0
8649 66.0
8650 66.0
8651 66.0
8652 66.0
8653 66.0
8654 66.0
8655 66.0
8656 66.0
8657 66.0
8658 66.0
8659 66.0
8660 66.0
8661 66.0
8662 66.0
8663 66.0
8664 66.0
8665 66.0
8666 66.0
8667 66.0
8668 66.0
8669 66.0
8670 66.0
8671 66.0
8672 66.0
8673 66.0
8674 66.0
8675 66.0
8676 66.0
8677 66.0
8678 66.0
8679 66.0
8680 66.0
8681 66.0
8682 66.0
8683 66.0
8684 66.0
8685 66.0
8686 66.0
8687 66.0
8688 66.0
8689 66.0
8690 66.0
8691 66.0
8692 66.0
8693 66.0
8694 66.0
8695 66.0
8696 66.0
8697 66.0
8698 66.0
8699 66.0
8700 66.0
8701 66.0
8702 66.0
8703 66.0
8704 66.0
8705 66.0
8706 66.0
8707 66.0
8708 66.0
8709 66.0
8710 66.0
8711 66.0
8712 66.0
8713 66.0
8714 66.0
8715 66.0
8716 66.0
8717 66.0
8718 66.0
8719 66.0
8720 66.0
8721 66.0
8722 66.0
8723 66.0
8724 66.0
8725 66.0
8726 66.0
8727 66.0
8728 66.0
8729 66.0
8730 66.0
8731 66.0
8732 66.0
8733 66.0
8734 66.0
8735 66.0
8736 66.0
8737 66.0
8738 66.0
8739 66.0
8740 66.0
8741 66.0
8742 66.0
8743 66.0
8744 66.0
8745 66.0
8746 66.0
8747 66.0
8748 66.0
8749 66.0
8750 66.0
8751 66.0
8752 66.0
8753 66.0
8754 66.0
8755 66.0
8756 66.0
8757 66.0
8758 66.0
8759 66.0
8760 66.0
8761 66.0
8762 66.0
8763 66.0
8764 66.0
8765 66.0
8766 66.0
8767 66.0
8768 66.0
8769 66.0
8770 66.0
8771 66.0
8772 66.0
8773 66.0
8774 66.0
8775 66.0
8776 66.0
8777 66.0
8778 66.0
8779 66.0
8780 66.0
8781 66.0
8782 66.0
8783 66.0
8784 66.0
8785 66.0
8786 66.0
8787 66.0
8788 66.0
8789 66.0
8790 66.0
8791 66.0
8792 66.0
8793 66.0
8794 66.0
8795 66.0
8796 66.0
8797 66.0
8798 66.0
8799 66.0
8800 66.0
8801 66.0
8802 66.0
8803 66.0
8804 66.0
8805 66.0
8806 66.0
8807 66.0
8808 66.0
8809 66.0
8810 66.0
8811 66.0
8812 66.0
8813 66.0
8814 66.0
8815 66.0
8816 66.0
8817 66.0
8818 66.0
8819 66.0
8820 66.0
8821 66.0
8822 66.0
8823 66.0
8824 66.0
8825 66.0
8826 66.0
8827 66.0
8828 66.0
8829 66.0
8830 66.0
8831 66.0
8832 66.0
8833 66.0
8834 66.0
8835 66.0
8836 66.0
8837 66.0
8838 66.0
8839 66.0
8840 66.0
8841 66.0
8842 66.0
8843 66.0
8844 66.0
8845 66.0
8846 66.0
8847 66.0
8848 66.0
8849 66.0
8850 66.0
8851 66.0
8852 66.0
8853 66.0
8854 66.0
8855 66.0
8856 66.0
8857 66.0
8858 66.0
8859 66.0
8860 66.0
8861 66.0
8862 66.0
8863 66.0
8864 66.0
8865 66.0
8866 66.0
8867 66.0
8868 66.0
8869 66.0
8870 66.0
8871 66.0
8872 66.0
8873 66.0
8874 66.0
8875 66.0
8876 66.0
8877 66.0
8878 66.0
8879 66.0
8880 66.0
8881 66.0
8882 66.0
8883 66.0
8884 66.0
8885 66.0
8886 66.0
8887 66.0
8888 66.0
8889 66.0
8890 66.0
8891 66.0
8892 66.0
8893 66.0
8894 66.0
8895 66.0
8896 66.0
8897 66.0
8898 66.0
8899 66.0
8900 66.0
8901 66.0
8902 66.0
8903 66.0
8904 66.0
8905 66.0
8906 66.0
8907 66.0
8908 66.0
8909 66.0
8910 66.0
8911 66.0
8912 66.0
8913 66.0
8914 66.0
8915 66.0
8916 66.0
8917 66.0
8918 66.0
8919 66.0
8920 66.0
8921 66.0
8922 66.0
8923 66.0
8924 66.0
8925 66.0
8926 66.0
8927 66.0
8928 66.0
8929 66.0
8930 66.0
8931 66.0
8932 66.0
8933 66.0
8934 66.0
8935 66.0
8936 66.0
8937 66.0
8938 66.0
8939 66.0
8940 66.0
8941 66.0
8942 66.0
8943 66.0
8944 66.0
8945 66.0
8946 66.0
8947 66.0
8948 66.0
8949 66.0
8950 66.0
8951 66.0
8952 66.0
8953 66.0
8954 66.0
8955 66.0
8956 66.0
8957 66.0
8958 66.0
8959 66.0
8960 66.0
8961 66.0
8962 66.0
8963 66.0
8964 66.0
8965 66.0
8966 66.0
8967 66.0
8968 66.0
8969 66.0
8970 66.0
8971 66.0
8972 66.0
8973 66.0
8974 66.0
8975 66.0
8976 66.0
8977 66.0
8978 66.0
8979 66.0
8980 66.0
8981 66.0
8982 66.0
8983 66.0
8984 66.0
8985 66.0
8986 66.0
8987 66.0
8988 66.0
8989 66.0
8990 66.0
8991 66.0
8992 66.0
8993 66.0
8994 66.0
8995 66.0
8996 66.0
8997 66.0
8998 66.0
8999 66.0
9000 66.0
9001 66.0
9002 66.0
9003 66.0
9004 66.0
9005 66.0
9006 66.0
9007 66.0
9008 66.0
9009 66.0
9010 66.0
9011 66.0
9012 66.0
9013 66.0
9014 66.0
9015 66.0
9016 66.0
9017 66.0
9018 66.0
9019 66.0
9020 66.0
9021 66.0
9022 66.0
9023 66.0
9024 66.0
9025 66.0
9026 66.0
9027 66.0
9028 66.0
9029 66.0
9030 66.0
9031 66.0
9032 66.0
9033 66.0
9034 66.0
9035 66.0
9036 66.0
9037 66.0
9038 66.0
9039 66.0
9040 66.0
9041 66.0
9042 66.0
9043 66.0
9044 66.0
9045 66.0
9046 66.0
9047 66.0
9048 66.0
9049 66.0
9050 66.0
9051 66.0
9052 66.0
9053 66.0
9054 66.0
9055 66.0
9056 66.0
9057 66.0
9058 66.0
9059 66.0
9060 66.0
9061 66.0
9062 66.0
9063 66.0
9064 66.0
9065 66.0
9066 66.0
9067 66.0
9068 66.0
9069 66.0
9070 66.0
9071 66.0
9072 66.0
9073 66.0
9074 66.0
9075 66.0
9076 66.0
9077 66.0
9078 66.0
9079 66.0
9080 66.0
9081 66.0
9082 66.0
9083 66.0
9084 66.0
9085 66.0
9086 66.0
9087 66.0
9088 66.0
9089 66.0
9090 66.0
9091 66.0
9092 66.0
9093 66.0
9094 66.0
9095 66.0
9096 66.0
9097 66.0
9098 66.0
9099 66.0
9100 66.0
9101 66.0
9102 66.0
9103 66.0
9104 66.0
9105 66.0
9106 66.0
9107 66.0
9108 66.0
9109 66.0
9110 66.0
9111 66.0
9112 66.0
9113 66.0
9114 66.0
9115 66.0
9116 66.0
9117 66.0
9118 66.0
9119 66.0
9120 66.0
9121 66.0
9122 66.0
9123 66.0
9124 66.0
9125 66.0
9126 66.0
9127 66.0
9128 66.0
9129 66.0
9130 66.0
9131 66.0
9132 66.0
9133 66.0
9134 66.0
9135 66.0
9136 66.0
9137 66.0
9138 66.0
9139 66.0
9140 66.0
9141 66.0
9142 66.0
9143 66.0
9144 66.0
9145 66.0
9146 66.0
9147 66.0
9148 66.0
9149 66.0
9150 66.0
9151 66.0
9152 66.0
9153 66.0
9154 66.0
9155 66.0
9156 66.0
9157 66.0
9158 66.0
9159 66.0
9160 66.0
9161 66.0
9162 66.0
9163 66.0
9164 66.0
9165 66.0
9166 66.0
9167 66.0
9168 66.0
9169 66.0
9170 66.0
9171 66.0
9172 66.0
9173 66.0
9174 66.0
9175 66.0
9176 66.0
9177 66.0
9178 66.0
9179 66.0
9180 66.0
9181 66.0
9182 66.0
9183 66.0
9184 66.0
9185 66.0
9186 66.0
9187 66.0
9188 66.0
9189 66.0
9190 66.0
9191 66.0
9192 66.0
9193 66.0
9194 66.0
9195 66.0
9196 66.0
9197 66.0
9198 66.0
9199 66.0
9200 66.0
9201 66.0
9202 66.0
9203 66.0
9204 66.0
9205 66.0
9206 66.0
9207 66.0
9208 66.0
9209 66.0
9210 66.0
9211 66.0
9212 66.0
9213 66.0
9214 66.0
9215 66.0
9216 66.0
9217 66.0
9218 66.0
9219 66.0
9220 66.0
9221 66.0
9222 66.0
9223 66.0
9224 66.0
9225 66.0
9226 66.0
9227 66.0
9228 66.0
9229 66.0
9230 66.0
9231 66.0
9232 66.0
9233 66.0
9234 66.0
9235 66.0
9236 66.0
9237 66.0
9238 66.0
9239 66.0
9240 66.0
9241 66.0
9242 66.0
9243 66.0
9244 66.0
9245 66.0
9246 66.0
9247 66.0
9248 66.0
9249 66.0
9250 66.0
9251 66.0
9252 66.0
9253 66.0
9254 66.0
9255 66.0
9256 66.0
9257 66.0
9258 66.0
9259 66.0
9260 66.0
9261 66.0
9262 66.0
9263 66.0
9264 66.0
9265 66.0
9266 66.0
9267 66.0
9268 66.0
9269 66.0
9270 66.0
9271 66.0
9272 66.0
9273 66.0
9274 66.0
9275 66.0
9276 66.0
9277 66.0
9278 66.0
9279 66.0
9280 66.0
9281 66.0
9282 66.0
9283 66.0
9284 66.0
9285 66.0
9286 66.0
9287 66.0
9288 66.0
9289 66.0
9290 66.0
9291 66.0
9292 66.0
9293 66.0
9294 66.0
9295 66.0
9296 66.0
9297 66.0
9298 66.0
9299 66.0
9300 66.0
9301 66.0
9302 66.0
9303 66.0
9304 66.0
9305 66.0
9306 66.0
9307 66.0
9308 66.0
9309 66.0
9310 66.0
9311 66.0
9312 66.0
9313 66.0
9314 66.0
9315 66.0
9316 66.0
9317 66.0
9318 66.0
9319 66.0
9320 66.0
9321 66.0
9322 66.0
9323 66.0
9324 66.0
9325 66.0
9326 66.0
9327 66.0
9328 66.0
9329 66.0
9330 66.0
9331 66.0
9332 66.0
9333 66.0
9334 66.0
9335 66.0
9336 66.0
9337 66.0
9338 66.0
9339 66.0
9340 66.0
9341 66.0
9342 66.0
9343 66.0
9344 66.0
9345 66.0
9346 66.0
9347 66.0
9348 66.0
9349 66.0
9350 66.0
9351 66.0
9352 66.0
9353 66.0
9354 66.0
9355 66.0
9356 66.0
9357 66.0
9358 66.0
9359 66.0
9360 66.0
9361 66.0
9362 66.0
9363 66.0
9364 66.0
9365 66.0
9366 66.0
9367 66.0
9368 66.0
9369 66.0
9370 66.0
9371 66.0
9372 66.0
9373 66.0
9374 66.0
9375 66.0
9376 66.0
9377 66.0
9378 66.0
9379 66.0
9380 66.0
9381 66.0
9382 66.0
9383 66.0
9384 66.0
9385 66.0
9386 66.0
9387 66.0
9388 66.0
9389 66.0
9390 66.0
9391 66.0
9392 66.0
9393 66.0
9394 66.0
9395 66.0
9396 66.0
9397 66.0
9398 66.0
9399 66.0
9400 66.0
9401 66.0
9402 66.0
9403 66.0
9404 66.0
9405 66.0
9406 66.0
9407 66.0
9408 66.0
9409 66.0
9410 66.0
9411 66.0
9412 66.0
9413 66.0
9414 66.0
9415 66.0
9416 66.0
9417 66.0
9418 66.0
9419 66.0
9420 66.0
9421 66.0
9422 66.0
9423 66.0
9424 66.0
9425 66.0
9426 66.0
9427 66.0
9428 66.0
9429 66.0
9430 66.0
9431 66.0
9432 66.0
9433 66.0
9434 66.0
9435 66.0
9436 66.0
9437 66.0
9438 66.0
9439 66.0
9440 66.0
9441 66.0
9442 66.0
9443 66.0
9444 66.0
9445 66.0
9446 66.0
9447 66.0
9448 66.0
9449 66.0
9450 66.0
9451 66.0
9452 66.0
9453 66.0
9454 66.0
9455 66.0
9456 66.0
9457 66.0
9458 66.0
9459 66.0
9460 66.0
9461 66.0
9462 66.0
9463 66.0
9464 66.0
9465 66.0
9466 66.0
9467 66.0
9468 66.0
9469 66.0
9470 66.0
9471 66.0
9472 66.0
9473 66.0
9474 66.0
9475 66.0
9476 66.0
9477 66.0
9478 66.0
9479 66.0
9480 66.0
9481 66.0
9482 66.0
9483 66.0
9484 66.0
9485 66.0
9486 66.0
9487 66.0
9488 66.0
9489 66.0
9490 66.0
9491 66.0
9492 66.0
9493 66.0
9494 66.0
9495 66.0
9496 66.0
9497 66.0
9498 66.0
9499 66.0
9500 66.0
9501 66.0
9502 66.0
9503 66.0
9504 66.0
9505 66.0
9506 66.0
9507 66.0
9508 66.0
9509 66.0
9510 66.0
9511 66.0
9512 66.0
9513 66.0
9514 66.0
9515 66.0
9516 66.0
9517 66.0
9518 66.0
9519 66.0
9520 66.0
9521 66.0
9522 66.0
9523 66.0
9524 66.0
9525 66.0
9526 66.0
9527 66.0
9528 66.0
9529 66.0
9530 66.0
9531 66.0
9532 66.0
9533 66.0
9534 66.0
9535 66.0
9536 66.0
9537 66.0
9538 66.0
9539 66.0
9540 66.0
9541 66.0
9542 66.0
9543 66.0
9544 66.0
9545 66.0
9546 66.0
9547 66.0
9548 66.0
9549 66.0
9550 66.0
9551 66.0
9552 66.0
9553 66.0
9554 66.0
9555 66.0
9556 66.0
9557 66.0
9558 66.0
9559 66.0
9560 66.0
9561 66.0
9562 66.0
9563 66.0
9564 66.0
9565 66.0
9566 66.0
9567 66.0
9568 66.0
9569 66.0
9570 66.0
9571 66.0
9572 66.0
9573 66.0
9574 66.0
9575 66.0
9576 66.0
9577 66.0
9578 66.0
9579 66.0
9580 66.0
9581 66.0
9582 66.0
9583 66.0
9584 66.0
9585 66.0
9586 66.0
9587 66.0
9588 66.0
9589 66.0
9590 66.0
9591 66.0
9592 66.0
9593 66.0
9594 66.0
9595 66.0
9596 66.0
9597 66.0
9598 66.0
9599 66.0
9600 66.0
9601 66.0
9602 66.0
9603 66.0
9604 66.0
9605 66.0
9606 66.0
9607 66.0
9608 66.0
9609 66.0
9610 66.0
9611 66.0
9612 66.0
9613 66.0
9614 66.0
9615 66.0
9616 66.0
9617 66.0
9618 66.0
9619 66.0
9620 66.0
9621 66.0
9622 66.0
9623 66.0
9624 66.0
9625 66.0
9626 66.0
9627 66.0
9628 66.0
9629 66.0
9630 66.0
9631 66.0
9632 66.0
9633 66.0
9634 66.0
9635 66.0
9636 66.0
9637 66.0
9638 66.0
9639 66.0
9640 66.0
9641 66.0
9642 66.0
9643 66.0
9644 66.0
9645 66.0
9646 66.0
9647 66.0
9648 66.0
9649 66.0
9650 66.0
9651 66.0
9652 66.0
9653 66.0
9654 66.0
9655 66.0
9656 66.0
9657 66.0
9658 66.0
9659 66.0
9660 66.0
9661 66.0
9662 66.0
9663 66.0
9664 66.0
9665 66.0
9666 66.0
9667 66.0
9668 66.0
9669 66.0
9670 66.0
9671 66.0
9672 66.0
9673 66.0
9674 66.0
9675 66.0
9676 66.0
9677 66.0
9678 66.0
9679 66.0
9680 66.0
9681 66.0
9682 66.0
9683 66.0
9684 66.0
9685 66.0
9686 66.0
9687 66.0
9688 66.0
9689 66.0
9690 66.0
9691 66.0
9692 66.0
9693 66.0
9694 66.0
9695 66.0
9696 66.0
9697 66.0
9698 66.0
9699 66.0
9700 66.0
9701 66.0
9702 66.0
9703 66.0
9704 66.0
9705 66.0
9706 66.0
9707 66.0
9708 66.0
9709 66.0
9710 66.0
9711 66.0
9712 66.0
9713 66.0
9714 66.0
9715 66.0
9716 66.0
9717 66.0
9718 66.0
9719 66.0
9720 66.0
9721 66.0
9722 66.0
9723 66.0
9724 66.0
9725 66.0
9726 66.0
9727 66.0
9728 66.0
9729 66.0
9730 66.0
9731 66.0
9732 66.0
9733 66.0
9734 66.0
9735 66.0
9736 66.0
9737 66.0
9738 66.0
9739 66.0
9740 66.0
9741 66.0
9742 66.0
9743 66.0
9744 66.0
9745 66.0
9746 66.0
9747 66.0
9748 66.0
9749 66.0
9750 66.0
9751 66.0
9752 66.0
9753 66.0
9754 66.0
9755 66.0
9756 66.0
9757 66.0
9758 66.0
9759 66.0
9760 66.0
9761 66.0
9762 66.0
9763 66.0
9764 66.0
9765 66.0
9766 66.0
9767 66.0
9768 66.0
9769 66.0
9770 66.0
9771 66.0
9772 66.0
9773 66.0
9774 66.0
9775 66.0
9776 66.0
9777 66.0
9778 66.0
9779 66.0
9780 66.0
9781 66.0
9782 66.0
9783 66.0
9784 66.0
9785 66.0
9786 66.0
9787 66.0
9788 66.0
9789 66.0
9790 66.0
9791 66.0
9792 66.0
9793 66.0
9794 66.0
9795 66.0
9796 66.0
9797 66.0
9798 66.0
9799 66.0
9800 66.0
9801 66.0
9802 66.0
9803 66.0
9804 66.0
9805 66.0
9806 66.0
9807 66.0
9808 66.0
9809 66.0
9810 66.0
9811 66.0
9812 66.0
9813 66.0
9814 66.0
9815 66.0
9816 66.0
9817 66.0
9818 66.0
9819 66.0
9820 66.0
9821 66.0
9822 66.0
9823 66.0
9824 66.0
9825 66.0
9826 66.0
9827 66.0
9828 66.0
9829 66.0
9830 66.0
9831 66.0
9832 66.0
9833 66.0
9834 66.0
9835 66.0
9836 66.0
9837 66.0
9838 66.0
9839 66.0
9840 66.0
9841 66.0
9842 66.0
9843 66.0
9844 66.0
9845 66.0
9846 66.0
9847 66.0
9848 66.0
9849 66.0
9850 66.0
9851 66.0
9852 66.0
9853 66.0
9854 66.0
9855 66.0
9856 66.0
9857 66.0
9858 66.0
9859 66.0
9860 66.0
9861 66.0
9862 66.0
9863 66.0
9864 66.0
9865 66.0
9866 66.0
9867 66.0
9868 66.0
9869 66.0
9870 66.0
9871 66.0
9872 66.0
9873 66.0
9874 66.0
9875 66.0
9876 66.0
9877 66.0
9878 66.0
9879 66.0
9880 66.0
9881 66.0
9882 66.0
9883 66.0
9884 66.0
9885 66.0
9886 66.0
9887 66.0
9888 66.0
9889 66.0
9890 66.0
9891 66.0
9892 66.0
9893 66.0
9894 66.0
9895 66.0
9896 66.0
9897 66.0
9898 66.0
9899 66.0
9900 66.0
9901 66.0
9902 66.0
9903 66.0
9904 66.0
9905 66.0
9906 66.0
9907 66.0
9908 66.0
9909 66.0
9910 66.0
9911 66.0
9912 66.0
9913 66.0
9914 66.0
9915 66.0
9916 66.0
9917 66.0
9918 66.0
9919 66.0
9920 66.0
9921 66.0
9922 66.0
9923 66.0
9924 66.0
9925 66.0
9926 66.0
9927 66.0
9928 66.0
9929 66.0
9930 66.0
9931 66.0
9932 66.0
9933 66.0
9934 66.0
9935 66.0
9936 66.0
9937 66.0
9938 66.0
9939 66.0
9940 66.0
9941 66.0
9942 66.0
9943 66.0
9944 66.0
9945 66.0
9946 66.0
9947 66.0
9948 66.0
9949 66.0
9950 66.0
9951 66.0
9952 66.0
9953 66.0
9954 66.0
9955 66.0
9956 66.0
9957 66.0
9958 66.0
9959 66.0
9960 66.0
9961 66.0
9962 66.0
9963 66.0
9964 66.0
9965 66.0
9966 66.0
9967 66.0
9968 66.0
9969 66.0
9970 66.0
9971 66.0
9972 66.0
9973 66.0
9974 66.0
9975 66.0
9976 66.0
9977 66.0
9978 66.0
9979 66.0
9980 66.0
9981 66.0
9982 66.0
9983 66.0
9984 66.0
9985 66.0
9986 66.0
9987 66.0
9988 66.0
9989 66.0
9990 66.0
9991 66.0
9992 66.0
9993 66.0
9994 66.0
9995 66.0
9996 66.0
9997 66.0
9998 66.0
9999 66.0
10000 66.0
10001 66.0
10002 66.0
10003 66.0
10004 66.0
10005 66.0
10006 66.0
10007 66.0
10008 66.0
10009 66.0
10010 66.0
10011 66.0
10012 66.0
