# evaluation best
1 0.0
2 5.0
3 9.0
4 20.0
5 20.0
6 20.0
7 20.0
8 20.0
9 20.0
10 20.0
11 20.0
12 35.0
13 37.0
14 37.0
15 37.0
16 46.0
17 47.0
18 47.0
19 47.0
20 47.0
21 50.0
22 54.0
23 54.0
24 54.0
25 54.0
26 54.0
27 54.0
28 54.0
29 54.0
30 54.0
31 54.0
32 54.0
33 54.0
34 54.0
35 54.0
36 54.0
37 54.0
38 54.0
39 54.0
40 54.0
41 54.0
42 54.0
43 54.0
44 54.0
45 54.0
46 54.0
47 54.0
48 54.0
49 54.0
50 54.0
51 54.0
52 54.0
53 54.0
54 54.0
55 54.0
56 54.0
57 54.0
58 54.0
59 54.0
60 54.0
61 54.0
62 54.0
63 54.0
64 54.0
65 54.0
66 54.0
67 54.0
68 54.0
69 54.0
70 54.0
71 54.0
72 54.0
73 54.0
74 54.0
75 54.0
76 54.0
77 54.0
78 54.0
79 54.0
80 54.0
81 54.0
82 54.0
83 54.0
84 54.0
85 54.0
86 54.0
87 54.0
88 54.0
89 54.0
90 54.0
91 54.0
92 54.0
93 54.0
94 54.0
95 54.0
96 54.0
97 54.0
98 54.0
99 54.0
100 54.0
101 54.0
102 54.0
103 54.0
104 54.0
105 54.0
106 54.0
107 54.0
108 54.0
109 54.0
110 54.0
111 54.0
112 54.0
113 54.0
114 54.0
115 54.0
116 54.0
117 54.0
118 54.0
119 54.0
120 54.0
121 54.0
122 54.0
123 54.0
124 54.0
125 54.0
126 54.0
127 54.0
128 54.0
129 54.0
130 54.0
131 54.0
132 54.0
133 54.0
134 54.0
135 54.0
136 54.0
137 54.0
138 54.0
139 54.0
140 54.0
141 54.0
142 54.0
143 54.0
144 54.0
145 54.0
146 54.0
147 54.0
148 54.0
149 54.0
150 54.0
151 54.0
152 54.0
153 54.0
154 54.0
155 54.0
156 54.0
157 54.0
158 54.0
159 54.0
160 54.0
161 54.0
162 54.0
163 54.0
164 54.0
165 54.0
166 54.0
167 54.0
168 54.0
169 54.0
170 54.0
171 54.0
172 54.0
173 54.0
174 54.0
175 54.0
176 54.0
177 54.0
178 54.0
179 54.0
180 54.0
181 54.0
182 54.0
183 54.0
184 54.0
185 54.0
186 54.0
187 54.0
188 54.0
189 54.0
190 54.0
191 54.0
192 54.0
193 54.0
194 54.0
195 54.0
196 54.0
197 54.0
198 54.0
199 54.0
200 54.0
201 54.0
202 54.0
203 54.0
204 54.0
205 54.0
206 54.0
207 54.0
208 54.0
209 54.0
210 54.0
211 54.0
212 54.0
213 54.0
214 54.0
215 54.0
216 54.0
217 54.0
218 54.0
219 54.0
220 54.0
221 54.0
222 54.0
223 54.0
224 54.0
225 54.0
226 54.0
227 54.0
228 54.0
229 54.0
230 54.0
231 54.0
232 54.0
233 54.0
234 54.0
235 54.0
236 54.0
237 54.0
238 54.0
239 54.0
240 54.0
241 54.0
242 54.0
243 54.0
244 54.0
245 54.0
246 54.0
247 54.0
248 54.0
249 54.0
250 54.0
251 54.0
252 54.0
253 54.0
254 54.0
255 54.0
256 54.0
257 54.0
258 54.0
259 54.0
260 54.0
261 54.0
262 54.0
263 54.0
264 54.0
265 54.0
266 54.0
267 54.0
268 54.0
269 54.0
270 54.0
271 54.0
272 54.0
273 54.0
274 54.0
275 54.0
276 54.0
277 54.0
278 54.0
279 54.0
280 54.0
281 54.0
282 54.0
283 54.0
284 54.0
285 54.0
286 54.0
287 54.0
288 54.0
289 54.0
290 54.0
291 54.0
292 54.0
293 54.0
294 54.0
295 54.0
296 54.0
297 54.0
298 54.0
299 54.0
300 54.0
301 54.0
302 54.0
303 54.0
304 54.0
305 54.0
306 54.0
307 54.0
308 54.0
309 54.0
310 54.0
311 54.0
312 54.0
313 54.0
314 54.0
315 54.0
316 54.0
317 54.0
318 56.0
319 56.0
320 56.0
321 56.0
322 56.0
323 56.0
324 56.0
325 56.0
326 56.0
327 56.0
328 56.0
329 56.0
330 56.0
331 56.0
332 56.0
333 56.0
334 56.0
335 56.0
336 56.0
337 56.0
338 56.0
339 56.0
340 56.0
341 56.0
342 56.0
343 56.0
344 56.0
345 56.0
346 56.0
347 56.0
348 56.0
349 56.0
350 56.0
351 56.0
352 56.0
353 56.0
354 56.0
355 56.0
356 56.0
357 56.0
358 56.0
359 56.0
360 56.0
361 56.0
362 56.0
363 56.0
364 56.0
365 56.0
366 56.0
367 56.0
368 56.0
369 56.0
370 56.0
371 56.0
372 56.0
373 56.0
374 56.0
375 56.0
376 56.0
377 56.0
378 56.0
379 56.0
380 56.0
381 56.0
382 56.0
383 56.0
384 56.0
385 56.0
386 56.0
387 56.0
388 56.0
389 56.0
390 56.0
391 56.0
392 56.0
393 56.0
394 56.0
395 56.0
396 56.0
397 56.0
398 56.0
399 56.0
400 56.0
401 56.0
402 56.0
403 56.0
404 56.0
405 56.0
406 56.0
407 56.0
408 56.0
409 56.0
410 56.0
411 56.0
412 56.0
413 56.0
414 56.0
415 56.0
416 56.0
417 56.0
418 56.0
419 56.0
420 56.0
421 56.0
422 56.0
423 56.0
424 56.0
425 56.0
426 56.0
427 56.0
428 56.0
429 56.0
430 56.0
431 56.0
432 56.0
433 56.0
434 56.0
435 56.0
436 56.0
437 56.0
438 56.0
439 56.0
440 56.0
441 56.0
442 56.0
443 56.0
444 56.0
445 56.0
446 56.0
447 56.0
448 56.0
449 56.0
450 56.0
451 56.0
452 56.0
453 56.0
454 56.0
455 56.0
456 56.0
457 56.0
458 56.0
459 56.0
460 56.0
461 56.0
462 56.0
463 56.0
464 56.0
465 56.0
466 56.0
467 56.0
468 56.0
469 56.0
470 56.0
471 56.0
472 56.0
473 56.0
474 56.0
475 56.0
476 56.0
477 56.0
478 56.0
479 57.0
480 57.0
481 57.0
482 57.0
483 57.0
484 57.0
485 57.0
486 57.0
487 57.0
488 57.0
489 57.0
490 57.0
491 57.0
492 57.0
493 57.0
494 57.0
495 57.0
496 57.0
497 57.0
498 57.0
499 57.0
500 57.0
501 57.0
502 57.0
503 57.0
504 57.0
505 57.0
506 57.0
507 57.0
508 57.0
509 57.0
510 57.0
511 57.0
512 57.0
513 57.0
514 57.0
515 57.0
516 57.0
517 57.0
518 57.0
519 57.0
520 57.0
521 57.0
522 57.0
523 57.0
524 57.0
525 57.0
526 57.0
527 57.0
528 57.0
529 57.0
530 57.0
531 57.0
532 57.0
533 57.0
534 57.0
535 57.0
536 57.0
537 57.0
538 57.0
539 57.0
540 57.0
541 57.0
542 57.0
543 57.0
544 57.0
545 57.0
546 57.0
547 57.0
548 57.0
549 57.0
550 57.0
551 57.0
552 57.0
553 57.0
554 57.0
555 57.0
556 57.0
557 57.0
558 57.0
559 57.0
560 57.0
561 57.0
562 57.0
563 57.0
564 57.0
565 57.0
566 57.0
567 57.0
568 57.0
569 57.0
570 57.0
571 57.0
572 57.0
573 57.0
574 57.0
575 57.0
576 57.0
577 57.0
578 57.0
579 57.0
580 57.0
581 57.0
582 57.0
583 57.0
584 57.0
585 57.0
586 57.0
587 57.0
588 57.0
589 57.0
590 57.0
591 57.0
592 57.0
593 57.0
594 57.0
595 57.0
596 57.0
597 57.0
598 57.0
599 57.0
600 57.0
601 57.0
602 57.0
603 57.0
604 57.0
605 57.0
606 57.0
607 57.0
608 57.0
609 57.0
610 57.0
611 57.0
612 57.0
613 57.0
614 57.0
615 57.0
616 57.0
617 57.0
618 57.0
619 57.0
620 57.0
621 57.0
622 57.0
623 57.0
624 57.0
625 57.0
626 57.0
627 57.0
628 57.0
629 57.0
630 57.0
631 57.0
632 57.0
633 57.0
634 57.0
635 57.0
636 57.0
637 57.0
638 57.0
639 57.0
640 57.0
641 57.0
642 57.0
643 57.0
644 57.0
645 57.0
646 57.0
647 57.0
648 57.0
649 57.0
650 57.0
651 57.0
652 57.0
653 57.0
654 57.0
655 57.0
656 57.0
657 57.0
658 57.0
659 57.0
660 57.0
661 57.0
662 57.0
663 57.0
664 57.0
665 57.0
666 57.0
667 57.0
668 57.0
669 57.0
670 57.0
671 57.0
672 57.0
673 57.0
674 57.0
675 57.0
676 57.0
677 57.0
678 57.0
679 57.0
680 57.0
681 57.0
682 57.0
683 57.0
684 57.0
685 57.0
686 57.0
687 57.0
688 57.0
689 57.0
690 57.0
691 57.0
692 57.0
693 57.0
694 57.0
695 57.0
696 57.0
697 57.0
698 57.0
699 57.0
700 57.0
701 57.0
702 57.0
703 57.0
704 57.0
705 57.0
706 57.0
707 57.0
708 57.0
709 57.0
710 57.0
711 57.0
712 57.0
713 57.0
714 57.0
715 57.0
716 57.0
717 57.0
718 57.0
719 57.0
720 57.0
721 57.0
722 57.0
723 57.0
724 57.0
725 57.0
726 57.0
727 57.0
728 57.0
729 57.0
730 57.0
731 57.0
732 57.0
733 57.0
734 57.0
735 57.0
736 57.0
737 57.0
738 57.0
739 57.0
740 57.0
741 57.0
742 57.0
743 57.0
744 57.0
745 57.0
746 57.0
747 57.0
748 57.0
749 57.0
750 57.0
751 57.0
752 57.0
753 57.0
754 57.0
755 57.0
756 57.0
757 57.0
758 57.0
759 57.0
760 57.0
761 57.0
762 57.0
763 57.0
764 57.0
765 57.0
766 57.0
767 57.0
768 57.0
769 57.0
770 57.0
771 57.0
772 57.0
773 57.0
774 57.0
775 57.0
776 57.0
777 57.0
778 57.0
779 57.0
780 57.0
781 57.0
782 57.0
783 57.0
784 57.0
785 57.0
786 57.0
787 57.0
788 57.0
789 57.0
790 57.0
791 57.0
792 57.0
793 57.0
794 57.0
795 57.0
796 57.0
797 57.0
798 57.0
799 57.0
800 57.0
801 57.0
802 57.0
803 62.0
804 66.0
805 71.0
806 71.0
807 72.0
808 72.0
809 72.0
810 72.0
811 72.0
812 72.0
813 72.0
814 72.0
815 72.0
816 72.0
817 72.0
818 72.0
819 72.0
820 72.0
821 72.0
822 72.0
823 72.0
824 72.0
825 72.0
826 72.0
827 72.0
828 72.0
829 72.0
830 72.0
831 72.0
832 72.0
833 72.0
834 72.0
835 72.0
836 72.0
837 72.0
838 72.0
839 72.0
840 72.0
841 72.0
842 72.0
843 72.0
844 72.0
845 72.0
846 72.0
847 72.0
848 72.0
849 72.0
850 72.0
851 72.0
852 72.0
853 72.0
854 72.0
855 72.0
856 72.0
857 72.0
858 72.0
859 72.0
860 72.0
861 72.0
862 72.0
863 72.0
864 72.0
865 72.0
866 72.0
867 72.0
868 72.0
869 72.0
870 72.0
871 72.0
872 72.0
873 72.0
874 72.0
875 72.0
876 72.0
877 72.0
878 72.0
879 72.0
880 72.0
881 72.0
882 72.0
883 72.0
884 72.0
885 72.0
886 72.0
887 72.0
888 72.0
889 72.0
890 72.0
891 72.0
892 72.0
893 72.0
894 72.0
895 72.0
896 72.0
897 72.0
898 72.0
899 72.0
900 72.0
901 72.0
902 72.0
903 72.0
904 72.0
905 72.0
906 72.0
907 72.0
908 72.0
909 72.0
910 72.0
911 72.0
912 72.0
913 72.0
914 72.0
915 72.0
916 72.0
917 72.0
918 72.0
919 72.0
920 72.0
921 72.0
922 72.0
923 72.0
924 72.0
925 72.0
926 72.0
927 72.0
928 72.0
929 72.0
930 72.0
931 72.0
932 72.0
933 72.0
934 72.0
935 72.0
936 72.0
937 72.0
938 72.0
939 72.0
940 72.0
941 72.0
942 72.0
943 72.0
944 72.0
945 72.0
946 72.0
947 72.0
948 72.0
949 72.0
950 72.0
951 72.0
952 72.0
953 72.0
954 72.0
955 72.0
956 72.0
957 72.0
958 72.0
959 72.0
960 72.0
961 72.0
962 72.0
963 72.0
964 72.0
965 72.0
966 72.0
967 72.0
968 72.0
969 72.0
970 72.0
971 72.0
972 72.0
973 72.0
974 72.0
975 72.0
976 72.0
977 72.0
978 72.0
979 72.0
980 72.0
981 72.0
982 72.0
983 72.0
984 72.0
985 72.0
986 72.0
987 72.0
988 72.0
989 72.0
990 72.0
991 72.0
992 72.0
993 72.0
994 72.0
995 72.0
996 72.0
997 72.0
998 72.0
999 72.0
1000 72.0
1001 72.0
1002 72.0
1003 72.0
1004 72.0
1005 72.0
1006 72.0
1007 72.0
1008 72.0
1009 72.0
1010 72.0
1011 72.0
1012 72.0
1013 72.0
1014 72.0
1015 72.0
1016 72.0
1017 72.0
1018 72.0
1019 72.0
1020 72.0
1021 72.0
1022 72.0
1023 72.0
1024 72.0
1025 72.0
1026 72.0
1027 72.0
1028 72.0
1029 72.0
1030 72.0
1031 72.0
1032 72.0
1033 72.0
1034 72.0
1035 72.0
1036 72.0
1037 72.0
1038 72.0
1039 72.0
1040 72.0
1041 72.0
1042 72.0
1043 72.0
1044 72.0
1045 72.0
1046 72.0
1047 72.0
1048 72.0
1049 72.0
1050 72.0
1051 72.0
1052 72.0
1053 72.0
1054 72.0
1055 72.0
1056 72.0
1057 72.0
1058 72.0
1059 72.0
1060 72.0
1061 72.0
1062 72.0
1063 72.0
1064 72.0
1065 72.0
1066 72.0
1067 72.0
1068 72.0
1069 72.0
1070 72.0
1071 72.0
1072 72.0
1073 72.0
1074 72.0
1075 72.0
1076 72.0
1077 72.0
1078 72.0
1079 72.0
1080 72.0
1081 72.0
1082 72.0
1083 72.0
1084 72.0
1085 72.0
1086 72.0
1087 72.0
1088 72.0
1089 72.0
1090 72.0
1091 72.0
1092 72.0
1093 72.0
1094 72.0
1095 72.0
1096 72.0
1097 72.0
1098 72.0
1099 72.0
1100 72.0
1101 72.0
1102 72.0
1103 72.0
1104 72.0
1105 72.0
1106 72.0
1107 72.0
1108 72.0
1109 72.0
1110 72.0
1111 72.0
1112 72.0
1113 72.0
1114 72.0
1115 72.0
1116 72.0
1117 72.0
1118 72.0
1119 72.0
1120 72.0
1121 72.0
1122 72.0
1123 72.0
1124 72.0
1125 72.0
1126 72.0
1127 72.0
1128 72.0
1129 72.0
1130 72.0
1131 72.0
1132 72.0
1133 72.0
1134 72.0
1135 72.0
1136 72.0
1137 72.0
1138 72.0
1139 72.0
1140 72.0
1141 72.0
1142 72.0
1143 72.0
1144 72.0
1145 72.0
1146 72.0
1147 72.0
1148 72.0
1149 72.0
1150 72.0
1151 72.0
1152 72.0
1153 72.0
1154 72.0
1155 72.0
1156 72.0
1157 72.0
1158 72.0
1159 72.0
1160 72.0
1161 72.0
1162 72.0
1163 72.0
1164 72.0
1165 72.0
1166 72.0
1167 72.0
1168 72.0
1169 72.0
1170 72.0
1171 72.0
1172 72.0
1173 72.0
1174 72.0
1175 72.0
1176 72.0
1177 72.0
1178 72.0
1179 72.0
1180 72.0
1181 72.0
1182 72.0
1183 72.0
1184 72.0
1185 72.0
1186 72.0
1187 72.0
1188 72.0
1189 72.0
1190 72.0
1191 72.0
1192 72.0
1193 72.0
1194 72.0
1195 72.0
1196 72.0
1197 72.0
1198 72.0
1199 72.0
1200 72.0
1201 72.0
1202 72.0
1203 72.0
1204 72.0
1205 72.0
1206 72.0
1207 72.0
1208 72.0
1209 72.0
1210 72.0
1211 72.0
1212 72.0
1213 72.0
1214 72.0
1215 72.0
1216 72.0
1217 72.0
1218 72.0
1219 72.0
1220 72.0
1221 72.0
1222 72.0
1223 72.0
1224 72.0
1225 72.0
1226 72.0
1227 72.0
1228 72.0
1229 72.0
1230 72.0
1231 72.0
1232 72.0
1233 72.0
1234 72.0
1235 72.0
1236 72.0
1237 72.0
1238 72.0
1239 72.0
1240 72.0
1241 72.0
1242 72.0
1243 72.0
1244 72.0
1245 72.0
1246 72.0
1247 72.0
1248 72.0
1249 72.0
1250 72.0
1251 72.0
1252 72.0
1253 72.0
1254 72.0
1255 72.0
1256 72.0
1257 72.0
1258 72.0
1259 72.0
1260 72.0
1261 72.0
1262 72.0
1263 72.0
1264 72.0
1265 72.0
1266 72.0
1267 72.0
1268 72.0
1269 72.0
1270 72.0
1271 72.0
1272 72.0
1273 72.0
1274 72.0
1275 72.0
1276 72.0
1277 72.0
1278 72.0
1279 72.0
1280 72.0
1281 72.0
1282 72.0
1283 72.0
1284 72.0
1285 72.0
1286 72.0
1287 72.0
1288 72.0
1289 72.0
1290 72.0
1291 72.0
1292 72.0
1293 72.0
1294 72.0
1295 72.0
1296 72.0
1297 72.0
1298 72.0
1299 72.0
1300 72.0
1301 72.0
1302 72.0
1303 72.0
1304 72.0
1305 72.0
1306 72.0
1307 72.0
1308 72.0
1309 72.0
1310 72.0
1311 72.0
1312 72.0
1313 72.0
1314 72.0
1315 72.0
1316 72.0
1317 72.0
1318 72.0
1319 72.0
1320 72.0
1321 72.0
1322 72.0
1323 72.0
1324 72.0
1325 72.0
1326 72.0
1327 72.0
1328 72.0
1329 72.0
1330 72.0
1331 72.0
1332 72.0
1333 72.0
1334 72.0
1335 72.0
1336 72.0
1337 72.0
1338 72.0
1339 72.0
1340 72.0
1341 72.0
1342 72.0
1343 72.0
1344 72.0
1345 72.0
1346 72.0
1347 72.0
1348 72.0
1349 72.0
1350 72.0
1351 72.0
1352 72.0
1353 72.0
1354 72.0
1355 72.0
1356 72.0
1357 72.0
1358 72.0
1359 72.0
1360 72.0
1361 72.0
1362 72.0
1363 72.0
1364 72.0
1365 72.0
1366 72.0
1367 72.0
1368 72.0
1369 72.0
1370 72.0
1371 72.0
1372 72.0
1373 72.0
1374 72.0
1375 72.0
1376 72.0
1377 72.0
1378 72.0
1379 72.0
1380 72.0
1381 72.0
1382 72.0
1383 72.0
1384 72.0
1385 72.0
1386 72.0
1387 72.0
1388 72.0
1389 72.0
1390 72.0
1391 72.0
1392 72.0
1393 72.0
1394 72.0
1395 72.0
1396 72.0
1397 72.0
1398 72.0
1399 72.0
1400 72.0
1401 72.0
1402 72.0
1403 72.0
1404 72.0
1405 72.0
1406 72.0
1407 72.0
1408 72.0
1409 72.0
1410 72.0
1411 72.0
1412 72.0
1413 72.0
1414 72.0
1415 72.0
1416 72.0
1417 72.0
1418 72.0
1419 72.0
1420 72.0
1421 72.0
1422 72.0
1423 72.0
1424 72.0
1425 72.0
1426 72.0
1427 72.0
1428 72.0
1429 72.0
1430 72.0
1431 72.0
1432 72.0
1433 72.0
1434 72.0
1435 72.0
1436 72.0
1437 72.0
1438 72.0
1439 72.0
1440 72.0
1441 72.0
1442 72.0
1443 72.0
1444 72.0
1445 72.0
1446 72.0
1447 72.0
1448 72.0
1449 72.0
1450 72.0
1451 72.0
1452 72.0
1453 72.0
1454 72.0
1455 72.0
1456 72.0
1457 72.0
1458 72.0
1459 72.0
1460 72.0
1461 72.0
1462 72.0
1463 72.0
1464 72.0
1465 72.0
1466 72.0
1467 72.0
1468 72.0
1469 72.0
1470 72.0
1471 72.0
1472 72.0
1473 72.0
1474 72.0
1475 72.0
1476 72.0
1477 72.0
1478 72.0
1479 72.0
1480 72.0
1481 72.0
1482 72.0
1483 72.0
1484 72.0
1485 72.0
1486 72.0
1487 72.0
1488 72.0
1489 72.0
1490 72.0
1491 72.0
1492 72.0
1493 72.0
1494 72.0
1495 72.0
1496 72.0
1497 72.0
1498 72.0
1499 72.0
1500 72.0
1501 72.0
1502 72.0
1503 72.0
1504 72.0
1505 72.0
1506 72.0
1507 72.0
1508 72.0
1509 72.0
1510 72.0
1511 72.0
1512 72.0
1513 72.0
1514 72.0
1515 72.0
1516 72.0
1517 72.0
1518 72.0
1519 72.0
1520 72.0
1521 72.0
1522 72.0
1523 72.0
1524 72.0
1525 72.0
1526 72.0
1527 72.0
1528 72.0
1529 72.0
1530 72.0
1531 72.0
1532 72.0
1533 72.0
1534 72.0
1535 72.0
1536 72.0
1537 72.0
1538 72.0
1539 72.0
1540 72.0
1541 72.0
1542 72.0
1543 72.0
1544 72.0
1545 72.0
1546 72.0
1547 72.0
1548 72.0
1549 72.0
1550 72.0
1551 72.0
1552 72.0
1553 72.0
1554 72.0
1555 72.0
1556 72.0
1557 72.0
1558 72.0
1559 72.0
1560 72.0
1561 72.0
1562 72.0
1563 72.0
1564 72.0
1565 72.0
1566 72.0
1567 72.0
1568 72.0
1569 72.0
1570 72.0
1571 72.0
1572 72.0
1573 72.0
1574 72.0
1575 72.0
1576 72.0
1577 72.0
1578 72.0
1579 72.0
1580 72.0
1581 72.0
1582 72.0
1583 72.0
1584 72.0
1585 72.0
1586 72.0
1587 72.0
1588 72.0
1589 72.0
1590 72.0
1591 72.0
1592 72.0
1593 72.0
1594 72.0
1595 72.0
1596 72.0
1597 72.0
1598 72.0
1599 72.0
1600 72.0
1601 72.0
1602 72.0
1603 72.0
1604 72.0
1605 72.0
1606 72.0
1607 72.0
1608 72.0
1609 72.0
1610 72.0
1611 72.0
1612 72.0
1613 72.0
1614 72.0
1615 72.0
1616 72.0
1617 72.0
1618 72.0
1619 72.0
1620 72.0
1621 72.0
1622 72.0
1623 72.0
1624 72.0
1625 72.0
1626 72.0
1627 72.0
1628 72.0
1629 72.0
1630 72.0
1631 72.0
1632 72.0
1633 72.0
1634 72.0
1635 72.0
1636 72.0
1637 72.0
1638 72.0
1639 72.0
1640 72.0
1641 72.0
1642 72.0
1643 72.0
1644 72.0
1645 72.0
1646 72.0
1647 72.0
1648 72.0
1649 72.0
1650 72.0
1651 72.0
1652 72.0
1653 72.0
1654 72.0
1655 72.0
1656 72.0
1657 72.0
1658 72.0
1659 72.0
1660 72.0
1661 72.0
1662 72.0
1663 72.0
1664 72.0
1665 72.0
1666 72.0
1667 72.0
1668 72.0
1669 72.0
1670 72.0
1671 72.0
1672 72.0
1673 72.0
1674 72.0
1675 72.0
1676 72.0
1677 72.0
1678 72.0
1679 72.0
1680 72.0
1681 72.0
1682 72.0
1683 72.0
1684 72.0
1685 72.0
1686 72.0
1687 72.0
1688 72.0
1689 72.0
1690 72.0
1691 72.0
1692 72.0
1693 72.0
1694 72.0
1695 72.0
1696 72.0
1697 72.0
1698 72.0
1699 72.0
1700 72.0
1701 72.0
1702 72.0
1703 72.0
1704 72.0
1705 72.0
1706 72.0
1707 72.0
1708 72.0
1709 72.0
1710 72.0
1711 72.0
1712 72.0
1713 72.0
1714 72.0
1715 72.0
1716 72.0
1717 72.0
1718 72.0
1719 72.0
1720 72.0
1721 72.0
1722 72.0
1723 72.0
1724 72.0
1725 72.0
1726 72.0
1727 72.0
1728 72.0
1729 72.0
1730 72.0
1731 72.0
1732 72.0
1733 72.0
1734 72.0
1735 72.0
1736 72.0
1737 72.0
1738 72.0
1739 72.0
1740 72.0
1741 72.0
1742 72.0
1743 72.0
1744 72.0
1745 72.0
1746 72.0
1747 72.0
1748 72.0
1749 72.0
1750 72.0
1751 72.0
1752 72.0
1753 72.0
1754 72.0
1755 72.0
1756 72.0
1757 72.0
1758 72.0
1759 72.0
1760 72.0
1761 72.0
1762 72.0
1763 72.0
1764 72.0
1765 72.0
1766 72.0
1767 72.0
1768 72.0
1769 72.0
1770 72.0
1771 72.0
1772 72.0
1773 72.0
1774 72.0
1775 72.0
1776 72.0
1777 72.0
1778 72.0
1779 72.0
1780 72.0
1781 72.0
1782 72.0
1783 72.0
1784 72.0
1785 72.0
1786 72.0
1787 72.0
1788 72.0
1789 72.0
1790 72.0
1791 72.0
1792 72.0
1793 72.0
1794 72.0
1795 72.0
1796 72.0
1797 72.0
1798 72.0
1799 72.0
1800 72.0
1801 72.0
1802 72.0
1803 72.0
1804 72.0
1805 72.0
1806 72.0
1807 72.0
1808 72.0
1809 72.0
1810 72.0
1811 72.0
1812 72.0
1813 72.0
1814 72.0
1815 72.0
1816 72.0
1817 72.0
1818 72.0
1819 72.0
1820 72.0
1821 72.0
1822 72.0
1823 72.0
1824 72.0
1825 72.0
1826 72.0
1827 72.0
1828 72.0
1829 72.0
1830 72.0
1831 72.0
1832 72.0
1833 72.0
1834 72.0
1835 72.0
1836 72.0
1837 72.0
1838 72.0
1839 72.0
1840 72.0
1841 72.0
1842 72.0
1843 72.0
1844 72.0
1845 72.0
1846 72.0
1847 72.0
1848 72.0
1849 72.0
1850 72.0
1851 72.0
1852 72.0
1853 72.0
1854 72.0
1855 72.0
1856 72.0
1857 72.0
1858 72.0
1859 72.0
1860 72.0
1861 72.0
1862 72.0
1863 72.0
1864 72.0
1865 72.0
1866 72.0
1867 72.0
1868 72.0
1869 72.0
1870 72.0
1871 72.0
1872 72.0
1873 72.0
1874 72.0
1875 72.0
1876 72.0
1877 72.0
1878 72.0
1879 72.0
1880 72.0
1881 72.0
1882 72.0
1883 72.0
1884 72.0
1885 72.0
1886 72.0
1887 72.0
1888 72.0
1889 72.0
1890 72.0
1891 72.0
1892 72.0
1893 72.0
1894 72.0
1895 72.0
1896 72.0
1897 72.0
1898 72.0
1899 72.0
1900 72.0
1901 72.0
1902 72.0
1903 72.0
1904 72.0
1905 72.0
1906 72.0
1907 72.0
1908 72.0
1909 72.0
1910 72.0
1911 72.0
1912 72.0
1913 72.0
1914 72.0
1915 72.0
1916 72.0
1917 72.0
1918 72.0
1919 72.0
1920 72.0
1921 72.0
1922 72.0
1923 72.0
1924 72.0
1925 72.0
1926 72.0
1927 72.0
1928 72.0
1929 72.0
1930 72.0
1931 72.0
1932 72.0
1933 72.0
1934 72.0
1935 72.0
1936 72.0
1937 72.0
1938 72.0
1939 72.0
1940 72.0
1941 72.0
1942 72.0
1943 72.0
1944 72.0
1945 72.0
1946 72.0
1947 72.0
1948 72.0
1949 72.0
1950 72.0
1951 72.0
1952 72.0
1953 72.0
1954 72.0
1955 72.0
1956 72.0
1957 72.0
1958 72.0
1959 72.0
1960 72.0
1961 72.0
1962 72.0
1963 72.0
1964 72.0
1965 72.0
1966 72.0
1967 72.0
1968 72.0
1969 72.0
1970 72.0
1971 72.0
1972 72.0
1973 72.0
1974 72.0
1975 72.0
1976 72.0
1977 72.0
1978 72.0
1979 72.0
1980 72.0
1981 72.0
1982 72.0
1983 72.0
1984 72.0
1985 72.0
1986 72.0
1987 72.0
1988 72.0
1989 72.0
1990 72.0
1991 72.0
1992 72.0
1993 72.0
1994 72.0
1995 72.0
1996 72.0
1997 72.0
1998 72.0
1999 72.0
2000 72.0
2001 72.0
2002 72.0
2003 72.0
2004 72.0
2005 72.0
2006 72.0
2007 72.0
2008 74.0
2009 74.0
2010 74.0
2011 74.0
2012 74.0
2013 74.0
2014 74.0
2015 75.0
2016 75.0
2017 75.0
2018 75.0
2019 75.0
2020 75.0
2021 75.0
2022 75.0
2023 75.0
2024 75.0
2025 75.0
2026 75.0
2027 75.0
2028 75.0
2029 75.0
2030 75.0
2031 75.0
2032 75.0
2033 75.0
2034 75.0
2035 75.0
2036 75.0
2037 75.0
2038 75.0
2039 75.0
2040 75.0
2041 75.0
2042 75.0
2043 75.0
2044 75.0
2045 75.0
2046 75.0
2047 75.0
2048 75.0
2049 75.0
2050 75.0
2051 75.0
2052 75.0
2053 75.0
2054 75.0
2055 75.0
2056 75.0
2057 75.0
2058 75.0
2059 75.0
2060 75.0
2061 75.0
2062 75.0
2063 75.0
2064 75.0
2065 75.0
2066 75.0
2067 75.0
2068 75.0
2069 75.0
2070 75.0
2071 75.0
2072 75.0
2073 75.0
2074 75.0
2075 75.0
2076 75.0
2077 75.0
2078 75.0
2079 75.0
2080 75.0
2081 75.0
2082 75.0
2083 75.0
2084 75.0
2085 75.0
2086 75.0
2087 75.0
2088 75.0
2089 75.0
2090 75.0
2091 75.0
2092 75.0
2093 75.0
2094 75.0
2095 75.0
2096 75.0
2097 75.0
2098 75.0
2099 75.0
2100 75.0
2101 75.0
2102 75.0
2103 75.0
2104 75.0
2105 75.0
2106 75.0
2107 75.0
2108 75.0
2109 75.0
2110 75.0
2111 75.0
2112 75.0
2113 75.0
2114 75.0
2115 75.0
2116 75.0
2117 75.0
2118 75.0
2119 75.0
2120 75.0
2121 75.0
2122 75.0
2123 75.0
2124 75.0
2125 75.0
2126 75.0
2127 75.0
2128 75.0
2129 75.0
2130 75.0
2131 75.0
2132 75.0
2133 75.0
2134 75.0
2135 75.0
2136 75.0
2137 75.0
2138 75.0
2139 75.0
2140 75.0
2141 75.0
2142 75.0
2143 75.0
2144 75.0
2145 75.0
2146 75.0
2147 75.0
2148 75.0
2149 75.0
2150 75.0
2151 75.0
2152 75.0
2153 75.0
2154 75.0
2155 75.0
2156 75.0
2157 75.0
2158 75.0
2159 75.0
2160 75.0
2161 75.0
2162 75.0
2163 75.0
2164 75.0
2165 75.0
2166 75.0
2167 75.0
2168 75.0
2169 75.0
2170 75.0
2171 75.0
2172 75.0
2173 75.0
2174 75.0
2175 75.0
2176 75.0
2177 75.0
2178 75.0
2179 75.0
2180 75.0
2181 75.0
2182 75.0
2183 75.0
2184 75.0
2185 75.0
2186 75.0
2187 75.0
2188 75.0
2189 75.0
2190 75.0
2191 75.0
2192 75.0
2193 75.0
2194 75.0
2195 75.0
2196 75.0
2197 75.0
2198 75.0
2199 75.0
2200 75.0
2201 75.0
2202 75.0
2203 75.0
2204 75.0
2205 75.0
2206 75.0
2207 75.0
2208 75.0
2209 75.0
2210 75.0
2211 75.0
2212 75.0
2213 75.0
2214 75.0
2215 75.0
2216 75.0
2217 75.0
2218 75.0
2219 75.0
2220 75.0
2221 75.0
2222 75.0
2223 75.0
2224 75.0
2225 75.0
2226 75.0
2227 75.0
2228 75.0
2229 75.0
2230 75.0
2231 75.0
2232 75.0
2233 75.0
2234 75.0
2235 75.0
2236 75.0
2237 75.0
2238 75.0
2239 75.0
2240 75.0
2241 75.0
2242 75.0
2243 75.0
2244 75.0
2245 75.0
2246 75.0
2247 75.0
2248 75.0
2249 75.0
2250 75.0
2251 75.0
2252 75.0
2253 75.0
2254 75.0
2255 75.0
2256 75.0
2257 75.0
2258 75.0
2259 75.0
2260 75.0
2261 75.0
2262 75.0
2263 75.0
2264 75.0
2265 75.0
2266 75.0
2267 75.0
2268 75.0
2269 75.0
2270 75.0
2271 75.0
2272 75.0
2273 75.0
2274 75.0
2275 75.0
2276 75.0
2277 75.0
2278 75.0
2279 75.0
2280 75.0
2281 75.0
2282 75.0
2283 75.0
2284 75.0
2285 75.0
2286 75.0
2287 75.0
2288 75.0
2289 75.0
2290 75.0
2291 75.0
2292 75.0
2293 75.0
2294 75.0
2295 75.0
2296 75.0
2297 75.0
2298 75.0
2299 75.0
2300 75.0
2301 75.0
2302 75.0
2303 75.0
2304 75.0
2305 75.0
2306 75.0
2307 75.0
2308 75.0
2309 75.0
2310 75.0
2311 75.0
2312 75.0
2313 75.0
2314 75.0
2315 75.0
2316 75.0
2317 75.0
2318 75.0
2319 75.0
2320 75.0
2321 75.0
2322 75.0
2323 75.0
2324 75.0
2325 75.0
2326 75.0
2327 75.0
2328 75.0
2329 75.0
2330 75.0
2331 75.0
2332 75.0
2333 75.0
2334 75.0
2335 75.0
2336 75.0
2337 75.0
2338 75.0
2339 75.0
2340 75.0
2341 75.0
2342 75.0
2343 75.0
2344 75.0
2345 75.0
2346 75.0
2347 75.0
2348 75.0
2349 75.0
2350 75.0
2351 75.0
2352 75.0
2353 75.0
2354 75.0
2355 75.0
2356 75.0
2357 75.0
2358 75.0
2359 75.0
2360 75.0
2361 75.0
2362 75.0
2363 75.0
2364 75.0
2365 75.0
2366 75.0
2367 75.0
2368 75.0
2369 75.0
2370 75.0
2371 75.0
2372 75.0
2373 75.0
2374 75.0
2375 75.0
2376 75.0
2377 75.0
2378 75.0
2379 75.0
2380 75.0
2381 75.0
2382 75.0
2383 75.0
2384 75.0
2385 75.0
2386 75.0
2387 75.0
2388 75.0
2389 75.0
2390 75.0
2391 75.0
2392 75.0
2393 75.0
2394 75.0
2395 75.0
2396 75.0
2397 75.0
2398 75.0
2399 75.0
2400 75.0
2401 75.0
2402 75.0
2403 75.0
2404 75.0
2405 75.0
2406 75.0
2407 75.0
2408 75.0
2409 75.0
2410 75.0
2411 75.0
2412 75.0
2413 75.0
2414 75.0
2415 75.0
2416 75.0
2417 75.0
2418 75.0
2419 75.0
2420 75.0
2421 75.0
2422 75.0
2423 75.0
2424 75.0
2425 75.0
2426 75.0
2427 75.0
2428 75.0
2429 75.0
2430 75.0
2431 75.0
2432 75.0
2433 75.0
2434 75.0
2435 75.0
2436 75.0
2437 75.0
2438 75.0
2439 75.0
2440 75.0
2441 75.0
2442 75.0
2443 75.0
2444 75.0
2445 75.0
2446 75.0
2447 75.0
2448 75.0
2449 75.0
2450 75.0
2451 75.0
2452 75.0
2453 75.0
2454 75.0
2455 75.0
2456 75.0
2457 75.0
2458 75.0
2459 75.0
2460 75.0
2461 75.0
2462 75.0
2463 75.0
2464 75.0
2465 75.0
2466 75.0
2467 75.0
2468 75.0
2469 75.0
2470 75.0
2471 75.0
2472 75.0
2473 75.0
2474 75.0
2475 75.0
2476 75.0
2477 75.0
2478 75.0
2479 75.0
2480 75.0
2481 75.0
2482 75.0
2483 75.0
2484 75.0
2485 75.0
2486 75.0
2487 75.0
2488 75.0
2489 75.0
2490 75.0
2491 75.0
2492 75.0
2493 75.0
2494 75.0
2495 75.0
2496 75.0
2497 75.0
2498 75.0
2499 75.0
2500 75.0
2501 75.0
2502 75.0
2503 75.0
2504 75.0
2505 75.0
2506 75.0
2507 75.0
2508 75.0
2509 75.0
2510 75.0
2511 75.0
2512 75.0
2513 75.0
2514 75.0
2515 75.0
2516 75.0
2517 75.0
2518 75.0
2519 75.0
2520 75.0
2521 75.0
2522 75.0
2523 75.0
2524 75.0
2525 75.0
2526 75.0
2527 75.0
2528 75.0
2529 75.0
2530 75.0
2531 75.0
2532 75.0
2533 75.0
2534 75.0
2535 75.0
2536 75.0
2537 75.0
2538 75.0
2539 75.0
2540 75.0
2541 75.0
2542 75.0
2543 75.0
2544 75.0
2545 75.0
2546 75.0
2547 75.0
2548 75.0
2549 75.0
2550 75.0
2551 75.0
2552 75.0
2553 75.0
2554 75.0
2555 75.0
2556 75.0
2557 75.0
2558 75.0
2559 75.0
2560 75.0
2561 75.0
2562 75.0
2563 75.0
2564 75.0
2565 75.0
2566 75.0
2567 75.0
2568 75.0
2569 75.0
2570 75.0
2571 75.0
2572 75.0
2573 75.0
2574 75.0
2575 75.0
2576 75.0
2577 75.0
2578 75.0
2579 75.0
2580 75.0
2581 75.0
2582 75.0
2583 75.0
2584 75.0
2585 75.0
2586 75.0
2587 75.0
2588 75.0
2589 75.0
2590 75.0
2591 75.0
2592 75.0
2593 75.0
2594 75.0
2595 75.0
2596 75.0
2597 75.0
2598 75.0
2599 75.0
2600 75.0
2601 75.0
2602 75.0
2603 75.0
2604 75.0
2605 75.0
2606 75.0
2607 75.0
2608 75.0
2609 75.0
2610 75.0
2611 75.0
2612 75.0
2613 75.0
2614 75.0
2615 75.0
2616 75.0
2617 75.0
2618 75.0
2619 75.0
2620 75.0
2621 75.0
2622 75.0
2623 75.0
2624 75.0
2625 75.0
2626 75.0
2627 75.0
2628 75.0
2629 75.0
2630 75.0
2631 75.0
2632 75.0
2633 75.0
2634 75.0
2635 75.0
2636 75.0
2637 75.0
2638 75.0
2639 75.0
2640 75.0
2641 75.0
2642 75.0
2643 75.0
2644 75.0
2645 75.0
2646 75.0
2647 75.0
2648 75.0
2649 75.0
2650 75.0
2651 75.0
2652 75.0
2653 75.0
2654 75.0
2655 75.0
2656 75.0
2657 75.0
2658 75.0
2659 75.0
2660 75.0
2661 75.0
2662 75.0
2663 75.0
2664 75.0
2665 75.0
2666 75.0
2667 75.0
2668 75.0
2669 75.0
2670 75.0
2671 75.0
2672 75.0
2673 75.0
2674 75.0
2675 75.0
2676 75.0
2677 75.0
2678 75.0
2679 75.0
2680 75.0
2681 75.0
2682 75.0
2683 75.0
2684 75.0
2685 75.0
2686 75.0
2687 75.0
2688 75.0
2689 75.0
2690 75.0
2691 75.0
2692 75.0
2693 75.0
2694 75.0
2695 75.0
2696 75.0
2697 75.0
2698 75.0
2699 75.0
2700 75.0
2701 75.0
2702 75.0
2703 75.0
2704 75.0
2705 75.0
2706 75.0
2707 75.0
2708 75.0
2709 75.0
2710 75.0
2711 75.0
2712 75.0
2713 75.0
2714 75.0
2715 75.0
2716 75.0
2717 75.0
2718 75.0
2719 75.0
2720 75.0
2721 75.0
2722 75.0
2723 75.0
2724 75.0
2725 75.0
2726 75.0
2727 75.0
2728 75.0
2729 75.0
2730 75.0
2731 75.0
2732 75.0
2733 75.0
2734 75.0
2735 75.0
2736 75.0
2737 75.0
2738 75.0
2739 75.0
2740 75.0
2741 75.0
2742 75.0
2743 75.0
2744 75.0
2745 75.0
2746 75.0
2747 75.0
2748 75.0
2749 75.0
2750 75.0
2751 75.0
2752 75.0
2753 75.0
2754 75.0
2755 75.0
2756 75.0
2757 75.0
2758 75.0
2759 75.0
2760 75.0
2761 75.0
2762 75.0
2763 75.0
2764 75.0
2765 75.0
2766 75.0
2767 75.0
2768 75.0
2769 75.0
2770 75.0
2771 75.0
2772 75.0
2773 75.0
2774 75.0
2775 75.0
2776 75.0
2777 75.0
2778 75.0
2779 75.0
2780 75.0
2781 75.0
2782 75.0
2783 75.0
2784 75.0
2785 75.0
2786 75.0
2787 75.0
2788 75.0
2789 75.0
2790 75.0
2791 75.0
2792 75.0
2793 75.0
2794 75.0
2795 75.0
2796 75.0
2797 75.0
2798 75.0
2799 75.0
2800 75.0
2801 75.0
2802 75.0
2803 75.0
2804 75.0
2805 75.0
2806 75.0
2807 75.0
2808 75.0
2809 75.0
2810 75.0
2811 75.0
2812 75.0
2813 75.0
2814 75.0
2815 75.0
2816 75.0
2817 75.0
2818 75.0
2819 75.0
2820 75.0
2821 75.0
2822 75.0
2823 75.0
2824 75.0
2825 75.0
2826 75.0
2827 75.0
2828 75.0
2829 75.0
2830 75.0
2831 75.0
2832 75.0
2833 75.0
2834 75.0
2835 75.0
2836 75.0
2837 75.0
2838 75.0
2839 75.0
2840 75.0
2841 75.0
2842 75.0
2843 75.0
2844 75.0
2845 75.0
2846 75.0
2847 75.0
2848 75.0
2849 75.0
2850 75.0
2851 75.0
2852 75.0
2853 75.0
2854 75.0
2855 75.0
2856 75.0
2857 75.0
2858 75.0
2859 75.0
2860 75.0
2861 75.0
2862 75.0
2863 75.0
2864 75.0
2865 75.0
2866 75.0
2867 75.0
2868 75.0
2869 75.0
2870 75.0
2871 75.0
2872 75.0
2873 75.0
2874 75.0
2875 75.0
2876 75.0
2877 75.0
2878 75.0
2879 75.0
2880 75.0
2881 75.0
2882 75.0
2883 75.0
2884 75.0
2885 75.0
2886 75.0
2887 75.0
2888 75.0
2889 75.0
2890 75.0
2891 75.0
2892 75.0
2893 75.0
2894 75.0
2895 75.0
2896 75.0
2897 75.0
2898 75.0
2899 75.0
2900 75.0
2901 75.0
2902 75.0
2903 75.0
2904 75.0
2905 75.0
2906 75.0
2907 75.0
2908 75.0
2909 75.0
2910 75.0
2911 75.0
2912 75.0
2913 75.0
2914 75.0
2915 75.0
2916 75.0
2917 75.0
2918 75.0
2919 75.0
2920 75.0
2921 75.0
2922 75.0
2923 75.0
2924 75.0
2925 75.0
2926 75.0
2927 75.0
2928 75.0
2929 75.0
2930 75.0
2931 75.0
2932 75.0
2933 75.0
2934 75.0
2935 75.0
2936 75.0
2937 75.0
2938 75.0
2939 75.0
2940 75.0
2941 75.0
2942 75.0
2943 75.0
2944 75.0
2945 75.0
2946 75.0
2947 75.0
2948 75.0
2949 75.0
2950 75.0
2951 75.0
2952 75.0
2953 75.0
2954 75.0
2955 75.0
2956 75.0
2957 75.0
2958 75.0
2959 75.0
2960 75.0
2961 75.0
2962 75.0
2963 75.0
2964 75.0
2965 75.0
2966 75.0
2967 75.0
2968 75.0
2969 75.0
2970 75.0
2971 75.0
2972 75.0
2973 75.0
2974 75.0
2975 75.0
2976 75.0
2977 75.0
2978 75.0
2979 75.0
2980 75.0
2981 75.0
2982 75.0
2983 75.0
2984 75.0
2985 75.0
2986 75.0
2987 75.0
2988 75.0
2989 75.0
2990 75.0
2991 75.0
2992 75.0
2993 75.0
2994 75.0
2995 75.0
2996 75.0
2997 75.0
2998 75.0
2999 75.0
3000 75.0
3001 75.0
3002 75.0
3003 75.0
3004 75.0
3005 75.0
3006 75.0
3007 75.0
3008 75.0
3009 75.0
3010 75.0
3011 75.0
3012 75.0
3013 75.0
3014 75.0
3015 75.0
3016 75.0
3017 75.0
3018 75.0
3019 75.0
3020 75.0
3021 75.0
3022 75.0
3023 75.0
3024 75.0
3025 75.0
3026 75.0
3027 75.0
3028 75.0
3029 75.0
3030 75.0
3031 75.0
3032 75.0
3033 75.0
3034 75.0
3035 75.0
3036 75.0
3037 75.0
3038 75.0
3039 75.0
3040 75.0
3041 75.0
3042 75.0
3043 75.0
3044 75.0
3045 75.0
3046 75.0
3047 75.0
3048 75.0
3049 75.0
3050 75.0
3051 75.0
3052 75.0
3053 75.0
3054 75.0
3055 75.0
3056 75.0
3057 75.0
3058 75.0
3059 75.0
3060 75.0
3061 75.0
3062 75.0
3063 75.0
3064 75.0
3065 75.0
3066 75.0
3067 75.0
3068 75.0
3069 75.0
3070 75.0
3071 75.0
3072 75.0
3073 75.0
3074 75.0
3075 75.0
3076 75.0
3077 75.0
3078 75.0
3079 75.0
3080 75.0
3081 75.0
3082 75.0
3083 75.0
3084 75.0
3085 75.0
3086 75.0
3087 75.0
3088 75.0
3089 75.0
3090 75.0
3091 75.0
3092 75.0
3093 75.0
3094 75.0
3095 75.0
3096 75.0
3097 75.0
3098 75.0
3099 75.0
3100 75.0
3101 75.0
3102 75.0
3103 75.0
3104 75.0
3105 75.0
3106 75.0
3107 75.0
3108 75.0
3109 75.0
3110 75.0
3111 75.0
3112 75.0
3113 75.0
3114 75.0
3115 75.0
3116 75.0
3117 75.0
3118 75.0
3119 75.0
3120 75.0
3121 75.0
3122 75.0
3123 75.0
3124 75.0
3125 75.0
3126 75.0
3127 75.0
3128 75.0
3129 75.0
3130 75.0
3131 75.0
3132 75.0
3133 75.0
3134 75.0
3135 75.0
3136 75.0
3137 75.0
3138 75.0
3139 75.0
3140 75.0
3141 75.0
3142 75.0
3143 75.0
3144 75.0
3145 75.0
3146 75.0
3147 75.0
3148 75.0
3149 75.0
3150 75.0
3151 75.0
3152 75.0
3153 75.0
3154 75.0
3155 75.0
3156 75.0
3157 75.0
3158 75.0
3159 75.0
3160 75.0
3161 75.0
3162 75.0
3163 75.0
3164 75.0
3165 75.0
3166 75.0
3167 75.0
3168 75.0
3169 75.0
3170 75.0
3171 75.0
3172 75.0
3173 75.0
3174 75.0
3175 75.0
3176 75.0
3177 75.0
3178 75.0
3179 75.0
3180 75.0
3181 75.0
3182 75.0
3183 75.0
3184 75.0
3185 75.0
3186 75.0
3187 75.0
3188 75.0
3189 75.0
3190 75.0
3191 75.0
3192 75.0
3193 75.0
3194 75.0
3195 75.0
3196 75.0
3197 75.0
3198 75.0
3199 75.0
3200 75.0
3201 75.0
3202 75.0
3203 75.0
3204 75.0
3205 75.0
3206 75.0
3207 75.0
3208 75.0
3209 75.0
3210 75.0
3211 75.0
3212 75.0
3213 75.0
3214 75.0
3215 75.0
3216 75.0
3217 75.0
3218 75.0
3219 75.0
3220 75.0
3221 75.0
3222 75.0
3223 75.0
3224 75.0
3225 75.0
3226 75.0
3227 75.0
3228 75.0
3229 75.0
3230 75.0
3231 75.0
3232 75.0
3233 75.0
3234 75.0
3235 75.0
3236 75.0
3237 75.0
3238 75.0
3239 75.0
3240 75.0
3241 75.0
3242 75.0
3243 75.0
3244 75.0
3245 75.0
3246 75.0
3247 75.0
3248 75.0
3249 75.0
3250 75.0
3251 75.0
3252 75.0
3253 75.0
3254 75.0
3255 75.0
3256 75.0
3257 75.0
3258 75.0
3259 75.0
3260 75.0
3261 75.0
3262 75.0
3263 75.0
3264 75.0
3265 75.0
3266 75.0
3267 75.0
3268 75.0
3269 75.0
3270 75.0
3271 75.0
3272 75.0
3273 75.0
3274 75.0
3275 75.0
3276 75.0
3277 75.0
3278 75.0
3279 75.0
3280 75.0
3281 75.0
3282 75.0
3283 75.0
3284 75.0
3285 75.0
3286 75.0
3287 75.0
3288 75.0
3289 75.0
3290 75.0
3291 75.0
3292 75.0
3293 75.0
3294 75.0
3295 75.0
3296 75.0
3297 75.0
3298 75.0
3299 75.0
3300 75.0
3301 75.0
3302 75.0
3303 75.0
3304 75.0
3305 75.0
3306 75.0
3307 75.0
3308 75.0
3309 75.0
3310 75.0
3311 75.0
3312 75.0
3313 75.0
3314 75.0
3315 75.0
3316 75.0
3317 75.0
3318 75.0
3319 75.0
3320 75.0
3321 75.0
3322 75.0
3323 75.0
3324 75.0
3325 75.0
3326 75.0
3327 75.0
3328 75.0
3329 75.0
3330 75.0
3331 75.0
3332 75.0
3333 75.0
3334 75.0
3335 75.0
3336 75.0
3337 75.0
3338 75.0
3339 75.0
3340 75.0
3341 75.0
3342 75.0
3343 75.0
3344 75.0
3345 75.0
3346 75.0
3347 75.0
3348 75.0
3349 75.0
3350 75.0
3351 75.0
3352 75.0
3353 75.0
3354 75.0
3355 75.0
3356 75.0
3357 75.0
3358 75.0
3359 75.0
3360 75.0
3361 75.0
3362 75.0
3363 75.0
3364 75.0
3365 75.0
3366 75.0
3367 75.0
3368 75.0
3369 75.0
3370 75.0
3371 75.0
3372 75.0
3373 75.0
3374 75.0
3375 75.0
3376 75.0
3377 75.0
3378 75.0
3379 75.0
3380 75.0
3381 75.0
3382 75.0
3383 75.0
3384 75.0
3385 75.0
3386 75.0
3387 75.0
3388 75.0
3389 75.0
3390 75.0
3391 75.0
3392 75.0
3393 75.0
3394 75.0
3395 75.0
3396 75.0
3397 75.0
3398 75.0
3399 75.0
3400 75.0
3401 75.0
3402 75.0
3403 75.0
3404 75.0
3405 75.0
3406 75.0
3407 75.0
3408 75.0
3409 75.0
3410 75.0
3411 75.0
3412 75.0
3413 75.0
3414 75.0
3415 75.0
3416 75.0
3417 75.0
3418 75.0
3419 75.0
3420 75.0
3421 75.0
3422 75.0
3423 75.0
3424 75.0
3425 75.0
3426 75.0
3427 75.0
3428 75.0
3429 75.0
3430 75.0
3431 75.0
3432 75.0
3433 75.0
3434 75.0
3435 75.0
3436 75.0
3437 75.0
3438 75.0
3439 75.0
3440 75.0
3441 75.0
3442 75.0
3443 75.0
3444 75.0
3445 75.0
3446 75.0
3447 75.0
3448 75.0
3449 75.0
3450 75.0
3451 75.0
3452 75.0
3453 75.0
3454 75.0
3455 75.0
3456 75.0
3457 75.0
3458 75.0
3459 75.0
3460 75.0
3461 75.0
3462 75.0
3463 75.0
3464 75.0
3465 75.0
3466 75.0
3467 75.0
3468 75.0
3469 75.0
3470 75.0
3471 75.0
3472 75.0
3473 75.0
3474 75.0
3475 75.0
3476 75.0
3477 75.0
3478 75.0
3479 75.0
3480 75.0
3481 75.0
3482 75.0
3483 75.0
3484 75.0
3485 75.0
3486 75.0
3487 75.0
3488 75.0
3489 75.0
3490 75.0
3491 75.0
3492 75.0
3493 75.0
3494 75.0
3495 75.0
3496 75.0
3497 75.0
3498 75.0
3499 75.0
3500 75.0
3501 75.0
3502 75.0
3503 75.0
3504 75.0
3505 75.0
3506 75.0
3507 75.0
3508 75.0
3509 75.0
3510 75.0
3511 75.0
3512 75.0
3513 75.0
3514 75.0
3515 75.0
3516 75.0
3517 75.0
3518 75.0
3519 75.0
3520 75.0
3521 75.0
3522 75.0
3523 75.0
3524 75.0
3525 75.0
3526 75.0
3527 75.0
3528 75.0
3529 75.0
3530 75.0
3531 75.0
3532 75.0
3533 75.0
3534 75.0
3535 75.0
3536 75.0
3537 75.0
3538 75.0
3539 75.0
3540 75.0
3541 75.0
3542 75.0
3543 75.0
3544 75.0
3545 75.0
3546 75.0
3547 75.0
3548 75.0
3549 75.0
3550 75.0
3551 75.0
3552 75.0
3553 75.0
3554 75.0
3555 75.0
3556 75.0
3557 75.0
3558 75.0
3559 75.0
3560 75.0
3561 75.0
3562 75.0
3563 75.0
3564 75.0
3565 75.0
3566 75.0
3567 75.0
3568 75.0
3569 75.0
3570 75.0
3571 75.0
3572 75.0
3573 75.0
3574 75.0
3575 75.0
3576 75.0
3577 75.0
3578 75.0
3579 75.0
3580 75.0
3581 75.0
3582 75.0
3583 75.0
3584 75.0
3585 75.0
3586 75.0
3587 75.0
3588 75.0
3589 75.0
3590 75.0
3591 75.0
3592 75.0
3593 75.0
3594 75.0
3595 75.0
3596 75.0
3597 75.0
3598 75.0
3599 75.0
3600 75.0
3601 75.0
3602 75.0
3603 75.0
3604 75.0
3605 75.0
3606 75.0
3607 75.0
3608 75.0
3609 75.0
3610 75.0
3611 75.0
3612 75.0
3613 75.0
3614 75.0
3615 75.0
3616 75.0
3617 75.0
3618 75.0
3619 75.0
3620 75.0
3621 75.0
3622 75.0
3623 75.0
3624 75.0
3625 75.0
3626 75.0
3627 75.0
3628 75.0
3629 75.0
3630 75.0
3631 75.0
3632 75.0
3633 75.0
3634 75.0
3635 75.0
3636 75.0
3637 75.0
3638 75.0
3639 75.0
3640 75.0
3641 75.0
3642 75.0
3643 75.0
3644 75.0
3645 75.0
3646 75.0
3647 75.0
3648 75.0
3649 75.0
3650 75.0
3651 75.0
3652 75.0
3653 75.0
3654 75.0
3655 75.0
3656 75.0
3657 75.0
3658 75.0
3659 75.0
3660 75.0
3661 75.0
3662 75.0
3663 75.0
3664 75.0
3665 75.0
3666 75.0
3667 75.0
3668 75.0
3669 77.0
3670 77.0
3671 77.0
3672 77.0
3673 77.0
3674 77.0
3675 77.0
3676 77.0
3677 77.0
3678 77.0
3679 77.0
3680 77.0
3681 77.0
3682 77.0
3683 77.0
3684 77.0
3685 77.0
3686 77.0
3687 77.0
3688 77.0
3689 77.0
3690 77.0
3691 77.0
3692 77.0
3693 77.0
3694 77.0
3695 77.0
3696 77.0
3697 77.0
3698 77.0
3699 77.0
3700 77.0
3701 77.0
3702 77.0
3703 77.0
3704 77.0
3705 77.0
3706 77.0
3707 77.0
3708 77.0
3709 77.0
3710 77.0
3711 77.0
3712 77.0
3713 77.0
3714 77.0
3715 77.0
3716 77.0
3717 77.0
3718 77.0
3719 77.0
3720 77.0
3721 77.0
3722 77.0
3723 77.0
3724 77.0
3725 77.0
3726 77.0
3727 77.0
3728 77.0
3729 77.0
3730 77.0
3731 77.0
3732 77.0
3733 77.0
3734 77.0
3735 77.0
3736 77.0
3737 77.0
3738 77.0
3739 77.0
3740 77.0
3741 77.0
3742 77.0
3743 77.0
3744 77.0
3745 77.0
3746 77.0
3747 77.0
3748 77.0
3749 77.0
3750 77.0
3751 77.0
3752 77.0
3753 77.0
3754 77.0
3755 77.0
3756 77.0
3757 77.0
3758 77.0
3759 77.0
3760 77.0
3761 77.0
3762 77.0
3763 77.0
3764 77.0
3765 77.0
3766 77.0
3767 77.0
3768 77.0
3769 77.0
3770 77.0
3771 77.0
3772 77.0
3773 77.0
3774 77.0
3775 77.0
3776 77.0
3777 77.0
3778 77.0
3779 77.0
3780 77.0
3781 77.0
3782 77.0
3783 77.0
3784 77.0
3785 77.0
3786 77.0
3787 77.0
3788 77.0
3789 77.0
3790 77.0
3791 77.0
3792 77.0
3793 77.0
3794 77.0
3795 77.0
3796 77.0
3797 77.0
3798 77.0
3799 77.0
3800 77.0
3801 77.0
3802 77.0
3803 77.0
3804 77.0
3805 77.0
3806 77.0
3807 77.0
3808 77.0
3809 77.0
3810 77.0
3811 77.0
3812 77.0
3813 77.0
3814 77.0
3815 77.0
3816 77.0
3817 77.0
3818 77.0
3819 77.0
3820 77.0
3821 77.0
3822 77.0
3823 77.0
3824 77.0
3825 77.0
3826 77.0
3827 77.0
3828 77.0
3829 77.0
3830 77.0
3831 77.0
3832 77.0
3833 77.0
3834 77.0
3835 77.0
3836 77.0
3837 77.0
3838 77.0
3839 77.0
3840 77.0
3841 77.0
3842 77.0
3843 77.0
3844 77.0
3845 77.0
3846 77.0
3847 77.0
3848 77.0
3849 77.0
3850 77.0
3851 77.0
3852 77.0
3853 77.0
3854 77.0
3855 77.0
3856 77.0
3857 77.0
3858 77.0
3859 77.0
3860 77.0
3861 77.0
3862 77.0
3863 77.0
3864 77.0
3865 77.0
3866 77.0
3867 77.0
3868 77.0
3869 77.0
3870 77.0
3871 77.0
3872 77.0
3873 77.0
3874 77.0
3875 77.0
3876 77.0
3877 77.0
3878 77.0
3879 77.0
3880 77.0
3881 77.0
3882 77.0
3883 77.0
3884 77.0
3885 77.0
3886 77.0
3887 77.0
3888 77.0
3889 77.0
3890 77.0
3891 77.0
3892 77.0
3893 77.0
3894 77.0
3895 77.0
3896 77.0
3897 77.0
3898 77.0
3899 77.0
3900 77.0
3901 77.0
3902 77.0
3903 77.0
3904 77.0
3905 77.0
3906 77.0
3907 77.0
3908 77.0
3909 77.0
3910 77.0
3911 77.0
3912 77.0
3913 77.0
3914 77.0
3915 77.0
3916 77.0
3917 77.0
3918 77.0
3919 77.0
3920 77.0
3921 77.0
3922 77.0
3923 77.0
3924 77.0
3925 77.0
3926 77.0
3927 77.0
3928 77.0
3929 77.0
3930 77.0
3931 77.0
3932 77.0
3933 77.0
3934 77.0
3935 77.0
3936 77.0
3937 77.0
3938 77.0
3939 77.0
3940 77.0
3941 77.0
3942 77.0
3943 77.0
3944 77.0
3945 77.0
3946 77.0
3947 77.0
3948 77.0
3949 77.0
3950 77.0
3951 77.0
3952 77.0
3953 77.0
3954 77.0
3955 77.0
3956 77.0
3957 77.0
3958 77.0
3959 77.0
3960 77.0
3961 77.0
3962 77.0
3963 77.0
3964 77.0
3965 77.0
3966 77.0
3967 77.0
3968 77.0
3969 77.0
3970 77.0
3971 77.0
3972 77.0
3973 77.0
3974 77.0
3975 77.0
3976 77.0
3977 77.0
3978 77.0
3979 77.0
3980 77.0
3981 77.0
3982 77.0
3983 77.0
3984 77.0
3985 77.0
3986 77.0
3987 77.0
3988 77.0
3989 77.0
3990 77.0
3991 77.0
3992 77.0
3993 77.0
3994 77.0
3995 77.0
3996 77.0
3997 77.0
3998 77.0
3999 77.0
4000 77.0
4001 77.0
4002 77.0
4003 77.0
4004 77.0
4005 77.0
4006 77.0
4007 77.0
4008 77.0
4009 77.0
4010 77.0
4011 77.0
4012 77.0
4013 77.0
4014 77.0
4015 77.0
4016 77.0
4017 77.0
4018 77.0
4019 77.0
4020 77.0
4021 77.0
4022 77.0
4023 77.0
4024 77.0
4025 77.0
4026 77.0
4027 77.0
4028 77.0
4029 77.0
4030 77.0
4031 77.0
4032 77.0
4033 77.0
4034 77.0
4035 77.0
4036 77.0
4037 77.0
4038 77.0
4039 77.0
4040 77.0
4041 77.0
4042 77.0
4043 77.0
4044 77.0
4045 77.0
4046 77.0
4047 77.0
4048 77.0
4049 77.0
4050 77.0
4051 77.0
4052 77.0
4053 77.0
4054 77.0
4055 77.0
4056 77.0
4057 77.0
4058 77.0
4059 77.0
4060 77.0
4061 77.0
4062 77.0
4063 77.0
4064 77.0
4065 77.0
4066 77.0
4067 77.0
4068 77.0
4069 77.0
4070 77.0
4071 77.0
4072 77.0
4073 77.0
4074 77.0
4075 77.0
4076 77.0
4077 77.0
4078 77.0
4079 77.0
4080 77.0
4081 77.0
4082 77.0
4083 77.0
4084 77.0
4085 77.0
4086 77.0
4087 77.0
4088 77.0
4089 77.0
4090 77.0
4091 77.0
4092 77.0
4093 77.0
4094 77.0
4095 77.0
4096 77.0
4097 77.0
4098 77.0
4099 77.0
4100 77.0
4101 77.0
4102 77.0
4103 77.0
4104 77.0
4105 77.0
4106 77.0
4107 77.0
4108 77.0
4109 77.0
4110 77.0
4111 77.0
4112 77.0
4113 77.0
4114 77.0
4115 77.0
4116 77.0
4117 77.0
4118 77.0
4119 77.0
4120 77.0
4121 77.0
4122 77.0
4123 77.0
4124 77.0
4125 77.0
4126 77.0
4127 77.0
4128 77.0
4129 77.0
4130 77.0
4131 77.0
4132 77.0
4133 77.0
4134 77.0
4135 77.0
4136 77.0
4137 77.0
4138 77.0
4139 77.0
4140 77.0
4141 77.0
4142 77.0
4143 77.0
4144 77.0
4145 77.0
4146 77.0
4147 77.0
4148 77.0
4149 77.0
4150 77.0
4151 77.0
4152 77.0
4153 77.0
4154 77.0
4155 77.0
4156 77.0
4157 77.0
4158 77.0
4159 77.0
4160 77.0
4161 77.0
4162 77.0
4163 77.0
4164 77.0
4165 77.0
4166 77.0
4167 77.0
4168 77.0
4169 77.0
4170 77.0
4171 77.0
4172 77.0
4173 77.0
4174 77.0
4175 77.0
4176 77.0
4177 77.0
4178 77.0
4179 77.0
4180 77.0
4181 77.0
4182 77.0
4183 77.0
4184 77.0
4185 77.0
4186 77.0
4187 77.0
4188 77.0
4189 77.0
4190 77.0
4191 77.0
4192 77.0
4193 77.0
4194 77.0
4195 77.0
4196 77.0
4197 77.0
4198 77.0
4199 77.0
4200 77.0
4201 77.0
4202 77.0
4203 77.0
4204 77.0
4205 77.0
4206 77.0
4207 77.0
4208 77.0
4209 77.0
4210 77.0
4211 77.0
4212 77.0
4213 77.0
4214 77.0
4215 77.0
4216 77.0
4217 77.0
4218 77.0
4219 77.0
4220 77.0
4221 77.0
4222 77.0
4223 77.0
4224 77.0
4225 77.0
4226 77.0
4227 77.0
4228 77.0
4229 77.0
4230 77.0
4231 77.0
4232 77.0
4233 77.0
4234 77.0
4235 77.0
4236 77.0
4237 77.0
4238 77.0
4239 77.0
4240 77.0
4241 77.0
4242 77.0
4243 77.0
4244 77.0
4245 77.0
4246 77.0
4247 77.0
4248 77.0
4249 77.0
4250 77.0
4251 77.0
4252 77.0
4253 77.0
4254 77.0
4255 77.0
4256 77.0
4257 77.0
4258 77.0
4259 77.0
4260 77.0
4261 77.0
4262 77.0
4263 77.0
4264 77.0
4265 77.0
4266 77.0
4267 77.0
4268 77.0
4269 77.0
4270 77.0
4271 77.0
4272 77.0
4273 77.0
4274 77.0
4275 77.0
4276 77.0
4277 77.0
4278 77.0
4279 77.0
4280 77.0
4281 77.0
4282 77.0
4283 77.0
4284 77.0
4285 77.0
4286 77.0
4287 77.0
4288 77.0
4289 77.0
4290 77.0
4291 77.0
4292 77.0
4293 77.0
4294 77.0
4295 77.0
4296 77.0
4297 77.0
4298 77.0
4299 77.0
4300 77.0
4301 77.0
4302 77.0
4303 77.0
4304 77.0
4305 77.0
4306 77.0
4307 77.0
4308 77.0
4309 77.0
4310 77.0
4311 77.0
4312 77.0
4313 77.0
4314 77.0
4315 77.0
4316 77.0
4317 77.0
4318 77.0
4319 77.0
4320 77.0
4321 77.0
4322 77.0
4323 77.0
4324 77.0
4325 77.0
4326 77.0
4327 77.0
4328 77.0
4329 77.0
4330 77.0
4331 77.0
4332 77.0
4333 77.0
4334 77.0
4335 77.0
4336 77.0
4337 77.0
4338 77.0
4339 77.0
4340 77.0
4341 77.0
4342 77.0
4343 77.0
4344 77.0
4345 77.0
4346 77.0
4347 77.0
4348 77.0
4349 77.0
4350 77.0
4351 77.0
4352 77.0
4353 77.0
4354 77.0
4355 77.0
4356 77.0
4357 77.0
4358 77.0
4359 77.0
4360 77.0
4361 77.0
4362 77.0
4363 77.0
4364 77.0
4365 77.0
4366 77.0
4367 77.0
4368 77.0
4369 77.0
4370 77.0
4371 77.0
4372 77.0
4373 77.0
4374 77.0
4375 77.0
4376 77.0
4377 77.0
4378 77.0
4379 77.0
4380 77.0
4381 77.0
4382 77.0
4383 77.0
4384 77.0
4385 77.0
4386 77.0
4387 77.0
4388 77.0
4389 77.0
4390 77.0
4391 77.0
4392 77.0
4393 77.0
4394 77.0
4395 77.0
4396 77.0
4397 77.0
4398 77.0
4399 77.0
4400 77.0
4401 77.0
4402 77.0
4403 77.0
4404 77.0
4405 77.0
4406 77.0
4407 77.0
4408 77.0
4409 77.0
4410 77.0
4411 77.0
4412 77.0
4413 77.0
4414 77.0
4415 77.0
4416 77.0
4417 77.0
4418 77.0
4419 77.0
4420 77.0
4421 77.0
4422 77.0
4423 77.0
4424 77.0
4425 77.0
4426 77.0
4427 77.0
4428 77.0
4429 77.0
4430 77.0
4431 77.0
4432 77.0
4433 77.0
4434 77.0
4435 77.0
4436 77.0
4437 77.0
4438 77.0
4439 77.0
4440 77.0
4441 77.0
4442 77.0
4443 77.0
4444 77.0
4445 77.0
4446 77.0
4447 77.0
4448 77.0
4449 77.0
4450 77.0
4451 77.0
4452 77.0
4453 77.0
4454 77.0
4455 77.0
4456 77.0
4457 77.0
4458 77.0
4459 77.0
4460 77.0
4461 77.0
4462 77.0
4463 77.0
4464 77.0
4465 77.0
4466 77.0
4467 77.0
4468 77.0
4469 77.0
4470 77.0
4471 77.0
4472 77.0
4473 77.0
4474 77.0
4475 77.0
4476 77.0
4477 77.0
4478 77.0
4479 77.0
4480 77.0
4481 77.0
4482 77.0
4483 77.0
4484 77.0
4485 77.0
4486 77.0
4487 77.0
4488 77.0
4489 77.0
4490 77.0
4491 77.0
4492 77.0
4493 77.0
4494 77.0
4495 77.0
4496 77.0
4497 77.0
4498 77.0
4499 77.0
4500 77.0
4501 77.0
4502 77.0
4503 77.0
4504 77.0
4505 77.0
4506 77.0
4507 77.0
4508 77.0
4509 77.0
4510 77.0
4511 77.0
4512 77.0
4513 77.0
4514 77.0
4515 77.0
4516 77.0
4517 77.0
4518 77.0
4519 77.0
4520 77.0
4521 77.0
4522 77.0
4523 77.0
4524 77.0
4525 77.0
4526 77.0
4527 77.0
4528 77.0
4529 77.0
4530 77.0
4531 77.0
4532 77.0
4533 77.0
4534 77.0
4535 77.0
4536 77.0
4537 77.0
4538 77.0
4539 77.0
4540 77.0
4541 77.0
4542 77.0
4543 77.0
4544 77.0
4545 77.0
4546 77.0
4547 77.0
4548 77.0
4549 77.0
4550 77.0
4551 77.0
4552 77.0
4553 77.0
4554 77.0
4555 77.0
4556 77.0
4557 77.0
4558 77.0
4559 77.0
4560 77.0
4561 77.0
4562 77.0
4563 77.0
4564 77.0
4565 77.0
4566 77.0
4567 77.0
4568 77.0
4569 77.0
4570 77.0
4571 77.0
4572 77.0
4573 77.0
4574 77.0
4575 77.0
4576 77.0
4577 77.0
4578 77.0
4579 77.0
4580 77.0
4581 77.0
4582 77.0
4583 77.0
4584 77.0
4585 77.0
4586 77.0
4587 77.0
4588 77.0
4589 77.0
4590 77.0
4591 77.0
4592 77.0
4593 77.0
4594 77.0
4595 77.0
4596 77.0
4597 77.0
4598 77.0
4599 77.0
4600 77.0
4601 77.0
4602 77.0
4603 77.0
4604 77.0
4605 77.0
4606 77.0
4607 77.0
4608 77.0
4609 77.0
4610 77.0
4611 77.0
4612 77.0
4613 77.0
4614 77.0
4615 77.0
4616 77.0
4617 77.0
4618 77.0
4619 77.0
4620 77.0
4621 77.0
4622 77.0
4623 77.0
4624 77.0
4625 77.0
4626 77.0
4627 77.0
4628 77.0
4629 77.0
4630 77.0
4631 77.0
4632 77.0
4633 77.0
4634 77.0
4635 77.0
4636 77.0
4637 77.0
4638 77.0
4639 77.0
4640 77.0
4641 77.0
4642 77.0
4643 77.0
4644 77.0
4645 77.0
4646 77.0
4647 77.0
4648 77.0
4649 77.0
4650 77.0
4651 77.0
4652 77.0
4653 77.0
4654 77.0
4655 77.0
4656 77.0
4657 77.0
4658 77.0
4659 77.0
4660 77.0
4661 77.0
4662 77.0
4663 77.0
4664 77.0
4665 77.0
4666 77.0
4667 77.0
4668 77.0
4669 77.0
4670 77.0
4671 77.0
4672 77.0
4673 77.0
4674 77.0
4675 77.0
4676 77.0
4677 77.0
4678 77.0
4679 77.0
4680 77.0
4681 77.0
4682 77.0
4683 77.0
4684 77.0
4685 77.0
4686 77.0
4687 77.0
4688 77.0
4689 77.0
4690 77.0
4691 77.0
4692 77.0
4693 77.0
4694 77.0
4695 77.0
4696 77.0
4697 77.0
4698 77.0
4699 77.0
4700 77.0
4701 77.0
4702 77.0
4703 77.0
4704 77.0
4705 77.0
4706 77.0
4707 77.0
4708 77.0
4709 77.0
4710 77.0
4711 77.0
4712 77.0
4713 77.0
4714 77.0
4715 77.0
4716 77.0
4717 77.0
4718 77.0
4719 77.0
4720 77.0
4721 77.0
4722 77.0
4723 77.0
4724 77.0
4725 77.0
4726 77.0
4727 77.0
4728 77.0
4729 77.0
4730 77.0
4731 77.0
4732 77.0
4733 77.0
4734 77.0
4735 77.0
4736 77.0
4737 77.0
4738 77.0
4739 77.0
4740 77.0
4741 77.0
4742 77.0
4743 77.0
4744 77.0
4745 77.0
4746 77.0
4747 77.0
4748 77.0
4749 77.0
4750 77.0
4751 77.0
4752 77.0
4753 77.0
4754 77.0
4755 77.0
4756 77.0
4757 77.0
4758 77.0
4759 77.0
4760 77.0
4761 77.0
4762 77.0
4763 77.0
4764 77.0
4765 77.0
4766 77.0
4767 77.0
4768 77.0
4769 77.0
4770 77.0
4771 77.0
4772 77.0
4773 77.0
4774 77.0
4775 77.0
4776 77.0
4777 77.0
4778 77.0
4779 77.0
4780 77.0
4781 77.0
4782 77.0
4783 77.0
4784 77.0
4785 77.0
4786 77.0
4787 77.0
4788 77.0
4789 77.0
4790 77.0
4791 77.0
4792 77.0
4793 77.0
4794 77.0
4795 77.0
4796 77.0
4797 77.0
4798 77.0
4799 77.0
4800 77.0
4801 77.0
4802 77.0
4803 77.0
4804 77.0
4805 77.0
4806 77.0
4807 77.0
4808 77.0
4809 77.0
4810 77.0
4811 77.0
4812 77.0
4813 77.0
4814 77.0
4815 77.0
4816 77.0
4817 77.0
4818 77.0
4819 77.0
4820 77.0
4821 77.0
4822 77.0
4823 77.0
4824 77.0
4825 77.0
4826 77.0
4827 77.0
4828 77.0
4829 77.0
4830 77.0
4831 77.0
4832 77.0
4833 77.0
4834 77.0
4835 77.0
4836 77.0
4837 77.0
4838 77.0
4839 77.0
4840 77.0
4841 77.0
4842 77.0
4843 77.0
4844 77.0
4845 77.0
4846 77.0
4847 77.0
4848 77.0
4849 77.0
4850 77.0
4851 77.0
4852 77.0
4853 77.0
4854 77.0
4855 77.0
4856 77.0
4857 77.0
4858 77.0
4859 77.0
4860 77.0
4861 77.0
4862 77.0
4863 77.0
4864 77.0
4865 77.0
4866 77.0
4867 77.0
4868 77.0
4869 77.0
4870 77.0
4871 77.0
4872 77.0
4873 77.0
4874 77.0
4875 77.0
4876 77.0
4877 77.0
4878 77.0
4879 77.0
4880 77.0
4881 77.0
4882 77.0
4883 77.0
4884 77.0
4885 77.0
4886 77.0
4887 77.0
4888 77.0
4889 77.0
4890 77.0
4891 77.0
4892 77.0
4893 77.0
4894 77.0
4895 77.0
4896 77.0
4897 77.0
4898 77.0
4899 77.0
4900 77.0
4901 77.0
4902 77.0
4903 77.0
4904 77.0
4905 77.0
4906 77.0
4907 77.0
4908 77.0
4909 77.0
4910 77.0
4911 77.0
4912 77.0
4913 77.0
4914 77.0
4915 77.0
4916 77.0
4917 77.0
4918 77.0
4919 77.0
4920 77.0
4921 77.0
4922 77.0
4923 77.0
4924 77.0
4925 77.0
4926 77.0
4927 77.0
4928 77.0
4929 77.0
4930 77.0
4931 77.0
4932 77.0
4933 77.0
4934 77.0
4935 77.0
4936 77.0
4937 77.0
4938 77.0
4939 77.0
4940 77.0
4941 77.0
4942 77.0
4943 77.0
4944 77.0
4945 77.0
4946 77.0
4947 77.0
4948 77.0
4949 77.0
4950 77.0
4951 77.0
4952 77.0
4953 77.0
4954 77.0
4955 77.0
4956 77.0
4957 77.0
4958 77.0
4959 77.0
4960 77.0
4961 77.0
4962 77.0
4963 77.0
4964 77.0
4965 77.0
4966 77.0
4967 77.0
4968 77.0
4969 77.0
4970 77.0
4971 77.0
4972 77.0
4973 77.0
4974 77.0
4975 77.0
4976 77.0
4977 77.0
4978 77.0
4979 77.0
4980 77.0
4981 77.0
4982 77.0
4983 77.0
4984 77.0
4985 77.0
4986 77.0
4987 77.0
4988 77.0
4989 77.0
4990 77.0
4991 77.0
4992 77.0
4993 77.0
4994 77.0
4995 77.0
4996 77.0
4997 77.0
4998 77.0
4999 77.0
5000 77.0
5001 77.0
5002 77.0
5003 77.0
5004 77.0
5005 77.0
5006 77.0
5007 77.0
5008 77.0
5009 77.0
5010 77.0
5011 77.0
5012 77.0
5013 77.0
5014 77.0
5015 77.0
5016 77.0
5017 77.0
5018 77.0
5019 77.0
5020 77.0
5021 77.0
5022 77.0
5023 77.0
5024 77.0
5025 77.0
5026 77.0
5027 77.0
5028 77.0
5029 77.0
5030 77.0
5031 77.0
5032 77.0
5033 77.0
5034 77.0
5035 77.0
5036 77.0
5037 77.0
5038 77.0
5039 77.0
5040 77.0
5041 77.0
5042 77.0
5043 77.0
5044 77.0
5045 77.0
5046 77.0
5047 77.0
5048 77.0
5049 77.0
5050 77.0
5051 77.0
5052 77.0
5053 77.0
5054 77.0
5055 77.0
5056 77.0
5057 77.0
5058 77.0
5059 77.0
5060 77.0
5061 77.0
5062 77.0
5063 77.0
5064 77.0
5065 77.0
5066 77.0
5067 77.0
5068 77.0
5069 77.0
5070 77.0
5071 77.0
5072 77.0
5073 77.0
5074 77.0
5075 77.0
5076 77.0
5077 77.0
5078 77.0
5079 77.0
5080 77.0
5081 77.0
5082 77.0
5083 77.0
5084 77.0
5085 77.0
5086 77.0
5087 77.0
5088 77.0
5089 77.0
5090 77.0
5091 77.0
5092 77.0
5093 77.0
5094 77.0
5095 77.0
5096 77.0
5097 77.0
5098 77.0
5099 77.0
5100 77.0
5101 77.0
5102 77.0
5103 77.0
5104 77.0
5105 77.0
5106 77.0
5107 77.0
5108 77.0
5109 77.0
5110 77.0
5111 77.0
5112 77.0
5113 77.0
5114 77.0
5115 77.0
5116 77.0
5117 77.0
5118 77.0
5119 77.0
5120 77.0
5121 77.0
5122 77.0
5123 77.0
5124 77.0
5125 77.0
5126 77.0
5127 77.0
5128 77.0
5129 77.0
5130 77.0
5131 77.0
5132 77.0
5133 77.0
5134 77.0
5135 77.0
5136 77.0
5137 77.0
5138 77.0
5139 77.0
5140 77.0
5141 77.0
5142 77.0
5143 77.0
5144 77.0
5145 77.0
5146 77.0
5147 77.0
5148 77.0
5149 77.0
5150 77.0
5151 77.0
5152 77.0
5153 77.0
5154 77.0
5155 77.0
5156 77.0
5157 77.0
5158 77.0
5159 77.0
5160 77.0
5161 77.0
5162 77.0
5163 77.0
5164 77.0
5165 77.0
5166 77.0
5167 77.0
5168 77.0
5169 77.0
5170 77.0
5171 77.0
5172 77.0
5173 77.0
5174 77.0
5175 77.0
5176 77.0
5177 77.0
5178 77.0
5179 77.0
5180 77.0
5181 77.0
5182 77.0
5183 77.0
5184 77.0
5185 77.0
5186 77.0
5187 77.0
5188 77.0
5189 77.0
5190 77.0
5191 77.0
5192 77.0
5193 77.0
5194 77.0
5195 77.0
5196 77.0
5197 77.0
5198 77.0
5199 77.0
5200 77.0
5201 77.0
5202 77.0
5203 77.0
5204 77.0
5205 77.0
5206 77.0
5207 77.0
5208 77.0
5209 77.0
5210 77.0
5211 77.0
5212 77.0
5213 77.0
5214 77.0
5215 77.0
5216 77.0
5217 77.0
5218 77.0
5219 77.0
5220 77.0
5221 77.0
5222 77.0
5223 77.0
5224 77.0
5225 77.0
5226 77.0
5227 77.0
5228 77.0
5229 77.0
5230 77.0
5231 77.0
5232 77.0
5233 77.0
5234 77.0
5235 77.0
5236 77.0
5237 77.0
5238 77.0
5239 77.0
5240 77.0
5241 77.0
5242 77.0
5243 77.0
5244 77.0
5245 77.0
5246 77.0
5247 77.0
5248 77.0
5249 77.0
5250 77.0
5251 77.0
5252 77.0
5253 77.0
5254 77.0
5255 77.0
5256 77.0
5257 77.0
5258 77.0
5259 77.0
5260 77.0
5261 77.0
5262 77.0
5263 77.0
5264 77.0
5265 77.0
5266 77.0
5267 77.0
5268 77.0
5269 77.0
5270 77.0
5271 77.0
5272 77.0
5273 77.0
5274 77.0
5275 77.0
5276 77.0
5277 77.0
5278 77.0
5279 77.0
5280 77.0
5281 77.0
5282 77.0
5283 77.0
5284 77.0
5285 77.0
5286 77.0
5287 77.0
5288 77.0
5289 77.0
5290 77.0
5291 77.0
5292 77.0
5293 77.0
5294 77.0
5295 77.0
5296 77.0
5297 77.0
5298 77.0
5299 77.0
5300 77.0
5301 77.0
5302 77.0
5303 77.0
5304 77.0
5305 77.0
5306 77.0
5307 77.0
5308 77.0
5309 77.0
5310 77.0
5311 77.0
5312 77.0
5313 77.0
5314 77.0
5315 77.0
5316 77.0
5317 77.0
5318 77.0
5319 77.0
5320 77.0
5321 77.0
5322 77.0
5323 77.0
5324 77.0
5325 77.0
5326 77.0
5327 77.0
5328 77.0
5329 77.0
5330 77.0
5331 77.0
5332 77.0
5333 77.0
5334 77.0
5335 77.0
5336 77.0
5337 77.0
5338 77.0
5339 77.0
5340 77.0
5341 77.0
5342 77.0
5343 77.0
5344 77.0
5345 77.0
5346 77.0
5347 77.0
5348 77.0
5349 77.0
5350 77.0
5351 77.0
5352 77.0
5353 77.0
5354 77.0
5355 77.0
5356 77.0
5357 77.0
5358 77.0
5359 77.0
5360 77.0
5361 77.0
5362 77.0
5363 77.0
5364 77.0
5365 77.0
5366 77.0
5367 77.0
5368 77.0
5369 77.0
5370 77.0
5371 77.0
5372 77.0
5373 77.0
5374 77.0
5375 77.0
5376 77.0
5377 77.0
5378 77.0
5379 77.0
5380 77.0
5381 77.0
5382 77.0
5383 77.0
5384 77.0
5385 77.0
5386 77.0
5387 77.0
5388 77.0
5389 77.0
5390 77.0
5391 77.0
5392 77.0
5393 77.0
5394 77.0
5395 77.0
5396 77.0
5397 77.0
5398 77.0
5399 77.0
5400 77.0
5401 77.0
5402 77.0
5403 77.0
5404 77.0
5405 77.0
5406 77.0
5407 77.0
5408 77.0
5409 77.0
5410 77.0
5411 77.0
5412 77.0
5413 77.0
5414 77.0
5415 77.0
5416 77.0
5417 77.0
5418 77.0
5419 77.0
5420 77.0
5421 77.0
5422 77.0
5423 77.0
5424 77.0
5425 77.0
5426 77.0
5427 77.0
5428 77.0
5429 77.0
5430 77.0
5431 77.0
5432 77.0
5433 77.0
5434 77.0
5435 77.0
5436 77.0
5437 77.0
5438 77.0
5439 77.0
5440 77.0
5441 77.0
5442 77.0
5443 77.0
5444 77.0
5445 77.0
5446 77.0
5447 77.0
5448 77.0
5449 77.0
5450 77.0
5451 77.0
5452 77.0
5453 77.0
5454 77.0
5455 77.0
5456 77.0
5457 77.0
5458 77.0
5459 77.0
5460 77.0
5461 77.0
5462 77.0
5463 77.0
5464 77.0
5465 77.0
5466 77.0
5467 77.0
5468 77.0
5469 77.0
5470 77.0
5471 77.0
5472 77.0
5473 77.0
5474 77.0
5475 77.0
5476 77.0
5477 77.0
5478 77.0
5479 77.0
5480 77.0
5481 77.0
5482 77.0
5483 77.0
5484 77.0
5485 77.0
5486 77.0
5487 77.0
5488 77.0
5489 77.0
5490 77.0
5491 77.0
5492 77.0
5493 77.0
5494 77.0
5495 77.0
5496 77.0
5497 77.0
5498 77.0
5499 77.0
5500 77.0
5501 77.0
5502 77.0
5503 77.0
5504 77.0
5505 77.0
5506 77.0
5507 77.0
5508 77.0
5509 77.0
5510 77.0
5511 77.0
5512 77.0
5513 77.0
5514 77.0
5515 77.0
5516 77.0
5517 77.0
5518 77.0
5519 77.0
5520 77.0
5521 77.0
5522 77.0
5523 77.0
5524 77.0
5525 77.0
5526 77.0
5527 77.0
5528 77.0
5529 77.0
5530 77.0
5531 77.0
5532 77.0
5533 77.0
5534 77.0
5535 77.0
5536 77.0
5537 77.0
5538 77.0
5539 77.0
5540 77.0
5541 77.0
5542 77.0
5543 77.0
5544 77.0
5545 77.0
5546 77.0
5547 77.0
5548 77.0
5549 77.0
5550 77.0
5551 77.0
5552 77.0
5553 77.0
5554 77.0
5555 77.0
5556 77.0
5557 77.0
5558 77.0
5559 77.0
5560 77.0
5561 77.0
5562 77.0
5563 77.0
5564 77.0
5565 77.0
5566 77.0
5567 77.0
5568 77.0
5569 77.0
5570 77.0
5571 77.0
5572 77.0
5573 77.0
5574 77.0
5575 77.0
5576 77.0
5577 77.0
5578 77.0
5579 77.0
5580 77.0
5581 77.0
5582 77.0
5583 77.0
5584 77.0
5585 77.0
5586 77.0
5587 77.0
5588 77.0
5589 77.0
5590 77.0
5591 77.0
5592 77.0
5593 77.0
5594 77.0
5595 77.0
5596 77.0
5597 77.0
5598 77.0
5599 77.0
5600 77.0
5601 77.0
5602 77.0
5603 77.0
5604 77.0
5605 77.0
5606 77.0
5607 77.0
5608 77.0
5609 77.0
5610 77.0
5611 77.0
5612 77.0
5613 77.0
5614 77.0
5615 77.0
5616 77.0
5617 77.0
5618 77.0
5619 77.0
5620 77.0
5621 77.0
5622 77.0
5623 77.0
5624 77.0
5625 77.0
5626 77.0
5627 77.0
5628 77.0
5629 77.0
5630 77.0
5631 77.0
5632 77.0
5633 77.0
5634 77.0
5635 77.0
5636 77.0
5637 77.0
5638 77.0
5639 77.0
5640 77.0
5641 77.0
5642 77.0
5643 77.0
5644 77.0
5645 77.0
5646 77.0
5647 77.0
5648 77.0
5649 77.0
5650 77.0
5651 77.0
5652 77.0
5653 77.0
5654 77.0
5655 77.0
5656 77.0
5657 77.0
5658 77.0
5659 77.0
5660 77.0
5661 77.0
5662 77.0
5663 77.0
5664 77.0
5665 77.0
5666 77.0
5667 77.0
5668 77.0
5669 77.0
5670 77.0
5671 77.0
5672 77.0
5673 77.0
5674 77.0
5675 77.0
5676 77.0
5677 77.0
5678 77.0
5679 77.0
5680 77.0
5681 77.0
5682 77.0
5683 77.0
5684 77.0
5685 77.0
5686 77.0
5687 77.0
5688 77.0
5689 77.0
5690 77.0
5691 77.0
5692 77.0
5693 77.0
5694 77.0
5695 77.0
5696 77.0
5697 77.0
5698 77.0
5699 77.0
5700 77.0
5701 77.0
5702 77.0
5703 77.0
5704 77.0
5705 77.0
5706 77.0
5707 77.0
5708 77.0
5709 77.0
5710 77.0
5711 77.0
5712 77.0
5713 77.0
5714 77.0
5715 77.0
5716 77.0
5717 77.0
5718 77.0
5719 77.0
5720 77.0
5721 77.0
5722 77.0
5723 77.0
5724 77.0
5725 77.0
5726 77.0
5727 77.0
5728 77.0
5729 77.0
5730 77.0
5731 77.0
5732 77.0
5733 77.0
5734 77.0
5735 77.0
5736 77.0
5737 77.0
5738 77.0
5739 77.0
5740 77.0
5741 77.0
5742 77.0
5743 77.0
5744 77.0
5745 77.0
5746 77.0
5747 77.0
5748 77.0
5749 77.0
5750 77.0
5751 77.0
5752 77.0
5753 77.0
5754 77.0
5755 77.0
5756 77.0
5757 77.0
5758 77.0
5759 77.0
5760 77.0
5761 77.0
5762 77.0
5763 77.0
5764 77.0
5765 77.0
5766 77.0
5767 77.0
5768 77.0
5769 77.0
5770 77.0
5771 77.0
5772 77.0
5773 77.0
5774 77.0
5775 77.0
5776 77.0
5777 77.0
5778 77.0
5779 77.0
5780 77.0
5781 77.0
5782 77.0
5783 77.0
5784 77.0
5785 77.0
5786 77.0
5787 77.0
5788 77.0
5789 77.0
5790 77.0
5791 77.0
5792 77.0
5793 77.0
5794 77.0
5795 77.0
5796 77.0
5797 77.0
5798 77.0
5799 77.0
5800 77.0
5801 77.0
5802 77.0
5803 77.0
5804 77.0
5805 77.0
5806 77.0
5807 77.0
5808 77.0
5809 77.0
5810 77.0
5811 77.0
5812 77.0
5813 77.0
5814 77.0
5815 77.0
5816 77.0
5817 77.0
5818 77.0
5819 77.0
5820 77.0
5821 77.0
5822 77.0
5823 77.0
5824 77.0
5825 77.0
5826 77.0
5827 77.0
5828 77.0
5829 77.0
5830 77.0
5831 77.0
5832 77.0
5833 77.0
5834 77.0
5835 77.0
5836 77.0
5837 77.0
5838 77.0
5839 77.0
5840 77.0
5841 77.0
5842 77.0
5843 77.0
5844 77.0
5845 77.0
5846 77.0
5847 77.0
5848 77.0
5849 77.0
5850 77.0
5851 77.0
5852 77.0
5853 77.0
5854 77.0
5855 77.0
5856 77.0
5857 77.0
5858 77.0
5859 77.0
5860 77.0
5861 77.0
5862 77.0
5863 77.0
5864 77.0
5865 77.0
5866 77.0
5867 77.0
5868 77.0
5869 77.0
5870 77.0
5871 77.0
5872 77.0
5873 77.0
5874 77.0
5875 77.0
5876 77.0
5877 77.0
5878 77.0
5879 77.0
5880 77.0
5881 77.0
5882 77.0
5883 77.0
5884 77.0
5885 77.0
5886 77.0
5887 77.0
5888 77.0
5889 77.0
5890 77.0
5891 77.0
5892 77.0
5893 77.0
5894 77.0
5895 77.0
5896 77.0
5897 77.0
5898 77.0
5899 77.0
5900 77.0
5901 77.0
5902 77.0
5903 77.0
5904 77.0
5905 77.0
5906 77.0
5907 77.0
5908 77.0
5909 77.0
5910 77.0
5911 77.0
5912 77.0
5913 77.0
5914 77.0
5915 77.0
5916 77.0
5917 77.0
5918 77.0
5919 77.0
5920 77.0
5921 77.0
5922 77.0
5923 77.0
5924 77.0
5925 77.0
5926 77.0
5927 77.0
5928 77.0
5929 77.0
5930 77.0
5931 77.0
5932 77.0
5933 77.0
5934 77.0
5935 77.0
5936 77.0
5937 77.0
5938 77.0
5939 77.0
5940 77.0
5941 77.0
5942 77.0
5943 77.0
5944 77.0
5945 77.0
5946 77.0
5947 77.0
5948 77.0
5949 77.0
5950 77.0
5951 77.0
5952 77.0
5953 77.0
5954 77.0
5955 77.0
5956 77.0
5957 77.0
5958 77.0
5959 77.0
5960 77.0
5961 77.0
5962 77.0
5963 77.0
5964 77.0
5965 77.0
5966 77.0
5967 77.0
5968 77.0
5969 77.0
5970 77.0
5971 77.0
5972 77.0
5973 77.0
5974 77.0
5975 77.0
5976 77.0
5977 77.0
5978 77.0
5979 77.0
5980 77.0
5981 77.0
5982 77.0
5983 77.0
5984 77.0
5985 77.0
5986 77.0
5987 77.0
5988 77.0
5989 77.0
5990 77.0
5991 77.0
5992 77.0
5993 77.0
5994 77.0
5995 77.0
5996 77.0
5997 77.0
5998 77.0
5999 77.0
6000 77.0
6001 77.0
6002 77.0
6003 77.0
6004 77.0
6005 77.0
6006 77.0
6007 77.0
6008 77.0
6009 77.0
6010 77.0
6011 77.0
6012 77.0
6013 77.0
6014 77.0
6015 77.0
6016 77.0
6017 77.0
6018 77.0
6019 77.0
6020 77.0
6021 77.0
6022 77.0
6023 77.0
6024 77.0
6025 77.0
6026 77.0
6027 77.0
6028 77.0
6029 77.0
6030 77.0
6031 77.0
6032 77.0
6033 77.0
6034 77.0
6035 77.0
6036 77.0
6037 77.0
6038 77.0
6039 77.0
6040 77.0
6041 77.0
6042 77.0
6043 77.0
6044 77.0
6045 77.0
6046 77.0
6047 77.0
6048 77.0
6049 77.0
6050 77.0
6051 77.0
6052 77.0
6053 77.0
6054 77.0
6055 77.0
6056 77.0
6057 77.0
6058 77.0
6059 77.0
6060 77.0
6061 77.0
6062 77.0
6063 77.0
6064 77.0
6065 77.0
6066 77.0
6067 77.0
6068 77.0
6069 77.0
6070 77.0
6071 77.0
6072 77.0
6073 77.0
6074 77.0
6075 77.0
6076 77.0
6077 77.0
6078 77.0
6079 77.0
6080 77.0
6081 77.0
6082 77.0
6083 77.0
6084 77.0
6085 77.0
6086 77.0
6087 77.0
6088 77.0
6089 77.0
6090 77.0
6091 77.0
6092 77.0
6093 77.0
6094 77.0
6095 77.0
6096 77.0
6097 77.0
6098 77.0
6099 77.0
6100 77.0
6101 77.0
6102 77.0
6103 77.0
6104 77.0
6105 77.0
6106 77.0
6107 77.0
6108 77.0
6109 77.0
6110 77.0
6111 77.0
6112 77.0
6113 77.0
6114 77.0
6115 77.0
6116 77.0
6117 77.0
6118 77.0
6119 77.0
6120 77.0
6121 77.0
6122 77.0
6123 77.0
6124 77.0
6125 77.0
6126 77.0
6127 77.0
6128 77.0
6129 77.0
6130 77.0
6131 77.0
6132 77.0
6133 77.0
6134 77.0
6135 77.0
6136 77.0
6137 77.0
6138 77.0
6139 77.0
6140 77.0
6141 77.0
6142 77.0
6143 77.0
6144 77.0
6145 77.0
6146 77.0
6147 77.0
6148 77.0
6149 77.0
6150 77.0
6151 77.0
6152 77.0
6153 77.0
6154 77.0
6155 77.0
6156 77.0
6157 77.0
6158 77.0
6159 77.0
6160 77.0
6161 77.0
6162 77.0
6163 77.0
6164 77.0
6165 77.0
6166 77.0
6167 77.0
6168 77.0
6169 77.0
6170 77.0
6171 77.0
6172 77.0
6173 77.0
6174 77.0
6175 77.0
6176 77.0
6177 77.0
6178 77.0
6179 77.0
6180 77.0
6181 77.0
6182 77.0
6183 77.0
6184 77.0
6185 77.0
6186 77.0
6187 77.0
6188 77.0
6189 77.0
6190 77.0
6191 77.0
6192 77.0
6193 77.0
6194 77.0
6195 77.0
6196 77.0
6197 77.0
6198 77.0
6199 77.0
6200 77.0
6201 77.0
6202 77.0
6203 77.0
6204 77.0
6205 77.0
6206 77.0
6207 77.0
6208 77.0
6209 77.0
6210 77.0
6211 77.0
6212 77.0
6213 77.0
6214 77.0
6215 77.0
6216 77.0
6217 77.0
6218 77.0
6219 77.0
6220 77.0
6221 77.0
6222 77.0
6223 77.0
6224 77.0
6225 77.0
6226 77.0
6227 77.0
6228 77.0
6229 77.0
6230 77.0
6231 77.0
6232 77.0
6233 77.0
6234 77.0
6235 77.0
6236 77.0
6237 77.0
6238 77.0
6239 77.0
6240 77.0
6241 77.0
6242 77.0
6243 77.0
6244 77.0
6245 77.0
6246 77.0
6247 77.0
6248 77.0
6249 77.0
6250 77.0
6251 77.0
6252 77.0
6253 77.0
6254 77.0
6255 77.0
6256 77.0
6257 77.0
6258 77.0
6259 77.0
6260 77.0
6261 77.0
6262 77.0
6263 77.0
6264 77.0
6265 77.0
6266 77.0
6267 77.0
6268 77.0
6269 77.0
6270 77.0
6271 77.0
6272 77.0
6273 77.0
6274 77.0
6275 77.0
6276 77.0
6277 77.0
6278 77.0
6279 77.0
6280 77.0
6281 77.0
6282 77.0
6283 77.0
6284 77.0
6285 77.0
6286 77.0
6287 77.0
6288 77.0
6289 77.0
6290 77.0
6291 77.0
6292 77.0
6293 77.0
6294 77.0
6295 77.0
6296 77.0
6297 77.0
6298 77.0
6299 77.0
6300 77.0
6301 77.0
6302 77.0
6303 77.0
6304 77.0
6305 77.0
6306 77.0
6307 77.0
6308 77.0
6309 77.0
6310 77.0
6311 77.0
6312 77.0
6313 77.0
6314 77.0
6315 77.0
6316 77.0
6317 77.0
6318 77.0
6319 77.0
6320 77.0
6321 77.0
6322 77.0
6323 77.0
6324 77.0
6325 77.0
6326 77.0
6327 77.0
6328 77.0
6329 77.0
6330 77.0
6331 77.0
6332 77.0
6333 77.0
6334 77.0
6335 77.0
6336 77.0
6337 77.0
6338 77.0
6339 77.0
6340 77.0
6341 77.0
6342 77.0
6343 77.0
6344 77.0
6345 77.0
6346 77.0
6347 77.0
6348 77.0
6349 77.0
6350 77.0
6351 77.0
6352 77.0
6353 77.0
6354 77.0
6355 77.0
6356 77.0
6357 77.0
6358 77.0
6359 77.0
6360 77.0
6361 77.0
6362 77.0
6363 77.0
6364 77.0
6365 77.0
6366 77.0
6367 77.0
6368 77.0
6369 77.0
6370 77.0
6371 77.0
6372 77.0
6373 77.0
6374 77.0
6375 77.0
6376 77.0
6377 77.0
6378 77.0
6379 77.0
6380 77.0
6381 77.0
6382 77.0
6383 77.0
6384 77.0
6385 77.0
6386 77.0
6387 77.0
6388 77.0
6389 77.0
6390 77.0
6391 77.0
6392 77.0
6393 77.0
6394 77.0
6395 77.0
6396 77.0
6397 77.0
6398 77.0
6399 77.0
6400 77.0
6401 77.0
6402 77.0
6403 77.0
6404 77.0
6405 77.0
6406 77.0
6407 77.0
6408 77.0
6409 77.0
6410 77.0
6411 77.0
6412 77.0
6413 77.0
6414 77.0
6415 77.0
6416 77.0
6417 77.0
6418 77.0
6419 77.0
6420 77.0
6421 77.0
6422 77.0
6423 77.0
6424 77.0
6425 77.0
6426 77.0
6427 77.0
6428 77.0
6429 77.0
6430 77.0
6431 77.0
6432 77.0
6433 77.0
6434 77.0
6435 77.0
6436 77.0
6437 77.0
6438 77.0
6439 77.0
6440 77.0
6441 77.0
6442 77.0
6443 77.0
6444 77.0
6445 77.0
6446 77.0
6447 77.0
6448 77.0
6449 77.0
6450 77.0
6451 77.0
6452 77.0
6453 77.0
6454 77.0
6455 77.0
6456 77.0
6457 77.0
6458 77.0
6459 77.0
6460 77.0
6461 77.0
6462 77.0
6463 77.0
6464 77.0
6465 77.0
6466 77.0
6467 77.0
6468 77.0
6469 77.0
6470 77.0
6471 77.0
6472 77.0
6473 77.0
6474 77.0
6475 77.0
6476 77.0
6477 77.0
6478 77.0
6479 77.0
6480 77.0
6481 77.0
6482 77.0
6483 77.0
6484 77.0
6485 77.0
6486 77.0
6487 77.0
6488 77.0
6489 77.0
6490 77.0
6491 77.0
6492 77.0
6493 77.0
6494 77.0
6495 77.0
6496 77.0
6497 77.0
6498 77.0
6499 77.0
6500 77.0
6501 77.0
6502 77.0
6503 77.0
6504 77.0
6505 77.0
6506 77.0
6507 77.0
6508 77.0
6509 77.0
6510 77.0
6511 77.0
6512 77.0
6513 77.0
6514 77.0
6515 77.0
6516 77.0
6517 77.0
6518 77.0
6519 77.0
6520 77.0
6521 77.0
6522 77.0
6523 77.0
6524 77.0
6525 77.0
6526 77.0
6527 77.0
6528 77.0
6529 77.0
6530 77.0
6531 77.0
6532 77.0
6533 77.0
6534 77.0
6535 77.0
6536 77.0
6537 77.0
6538 77.0
6539 77.0
6540 77.0
6541 77.0
6542 77.0
6543 77.0
6544 77.0
6545 77.0
6546 77.0
6547 77.0
6548 77.0
6549 77.0
6550 77.0
6551 77.0
6552 77.0
6553 77.0
6554 77.0
6555 77.0
6556 77.0
6557 77.0
6558 77.0
6559 77.0
6560 77.0
6561 77.0
6562 77.0
6563 77.0
6564 77.0
6565 77.0
6566 77.0
6567 77.0
6568 77.0
6569 77.0
6570 77.0
6571 77.0
6572 77.0
6573 77.0
6574 77.0
6575 77.0
6576 77.0
6577 77.0
6578 77.0
6579 77.0
6580 77.0
6581 77.0
6582 77.0
6583 77.0
6584 77.0
6585 77.0
6586 77.0
6587 77.0
6588 77.0
6589 77.0
6590 77.0
6591 77.0
6592 77.0
6593 77.0
6594 77.0
6595 77.0
6596 77.0
6597 77.0
6598 77.0
6599 77.0
6600 77.0
6601 77.0
6602 77.0
6603 77.0
6604 77.0
6605 77.0
6606 77.0
6607 77.0
6608 77.0
6609 77.0
6610 77.0
6611 77.0
6612 77.0
6613 77.0
6614 77.0
6615 77.0
6616 77.0
6617 77.0
6618 77.0
6619 77.0
6620 77.0
6621 77.0
6622 77.0
6623 77.0
6624 77.0
6625 77.0
6626 77.0
6627 77.0
6628 77.0
6629 77.0
6630 77.0
6631 77.0
6632 77.0
6633 77.0
6634 77.0
6635 77.0
6636 77.0
6637 77.0
6638 77.0
6639 77.0
6640 77.0
6641 77.0
6642 77.0
6643 77.0
6644 77.0
6645 77.0
6646 77.0
6647 77.0
6648 77.0
6649 77.0
6650 77.0
6651 77.0
6652 77.0
6653 77.0
6654 77.0
6655 77.0
6656 77.0
6657 77.0
6658 77.0
6659 77.0
6660 77.0
6661 77.0
6662 77.0
6663 77.0
6664 77.0
6665 77.0
6666 77.0
6667 77.0
6668 77.0
6669 77.0
6670 77.0
6671 77.0
6672 77.0
6673 77.0
6674 77.0
6675 77.0
6676 77.0
6677 77.0
6678 77.0
6679 77.0
6680 77.0
6681 77.0
6682 77.0
6683 77.0
6684 77.0
6685 77.0
6686 77.0
6687 77.0
6688 77.0
6689 77.0
6690 77.0
6691 77.0
6692 77.0
6693 77.0
6694 77.0
6695 77.0
6696 77.0
6697 77.0
6698 77.0
6699 77.0
6700 77.0
6701 77.0
6702 77.0
6703 77.0
6704 77.0
6705 77.0
6706 77.0
6707 77.0
6708 77.0
6709 77.0
6710 77.0
6711 77.0
6712 77.0
6713 77.0
6714 77.0
6715 77.0
6716 77.0
6717 77.0
6718 77.0
6719 77.0
6720 77.0
6721 77.0
6722 77.0
6723 77.0
6724 77.0
6725 77.0
6726 77.0
6727 77.0
6728 77.0
6729 77.0
6730 77.0
6731 77.0
6732 77.0
6733 77.0
6734 77.0
6735 77.0
6736 77.0
6737 77.0
6738 77.0
6739 77.0
6740 77.0
6741 77.0
6742 77.0
6743 77.0
6744 77.0
6745 77.0
6746 77.0
6747 77.0
6748 77.0
6749 77.0
6750 77.0
6751 77.0
6752 77.0
6753 77.0
6754 77.0
6755 77.0
6756 77.0
6757 77.0
6758 77.0
6759 77.0
6760 77.0
6761 77.0
6762 77.0
6763 77.0
6764 77.0
6765 77.0
6766 77.0
6767 77.0
6768 77.0
6769 77.0
6770 77.0
6771 77.0
6772 77.0
6773 77.0
6774 77.0
6775 77.0
6776 77.0
6777 77.0
6778 77.0
6779 77.0
6780 77.0
6781 77.0
6782 77.0
6783 77.0
6784 77.0
6785 77.0
6786 77.0
6787 77.0
6788 77.0
6789 77.0
6790 77.0
6791 77.0
6792 77.0
6793 77.0
6794 77.0
6795 77.0
6796 77.0
6797 77.0
6798 77.0
6799 77.0
6800 77.0
6801 77.0
6802 77.0
6803 77.0
6804 77.0
6805 77.0
6806 77.0
6807 77.0
6808 77.0
6809 77.0
6810 77.0
6811 77.0
6812 77.0
6813 77.0
6814 77.0
6815 77.0
6816 77.0
6817 77.0
6818 77.0
6819 77.0
6820 77.0
6821 77.0
6822 77.0
6823 77.0
6824 77.0
6825 77.0
6826 77.0
6827 77.0
6828 77.0
6829 77.0
6830 77.0
6831 77.0
6832 77.0
6833 77.0
6834 77.0
6835 77.0
6836 77.0
6837 77.0
6838 77.0
6839 77.0
6840 77.0
6841 77.0
6842 77.0
6843 77.0
6844 77.0
6845 77.0
6846 77.0
6847 77.0
6848 77.0
6849 77.0
6850 77.0
6851 77.0
6852 77.0
6853 77.0
6854 77.0
6855 77.0
6856 77.0
6857 77.0
6858 77.0
6859 77.0
6860 77.0
6861 77.0
6862 77.0
6863 77.0
6864 77.0
6865 77.0
6866 77.0
6867 77.0
6868 77.0
6869 77.0
6870 77.0
6871 77.0
6872 77.0
6873 77.0
6874 77.0
6875 77.0
6876 77.0
6877 77.0
6878 77.0
6879 77.0
6880 77.0
6881 77.0
6882 77.0
6883 77.0
6884 77.0
6885 77.0
6886 77.0
6887 77.0
6888 77.0
6889 77.0
6890 77.0
6891 77.0
6892 77.0
6893 77.0
6894 77.0
6895 77.0
6896 77.0
6897 77.0
6898 77.0
6899 77.0
6900 77.0
6901 77.0
6902 77.0
6903 77.0
6904 77.0
6905 77.0
6906 77.0
6907 77.0
6908 77.0
6909 77.0
6910 77.0
6911 77.0
6912 77.0
6913 77.0
6914 77.0
6915 77.0
6916 77.0
6917 77.0
6918 77.0
6919 77.0
6920 77.0
6921 77.0
6922 77.0
6923 77.0
6924 77.0
6925 77.0
6926 77.0
6927 77.0
6928 77.0
6929 77.0
6930 77.0
6931 77.0
6932 77.0
6933 77.0
6934 77.0
6935 77.0
6936 77.0
6937 77.0
6938 77.0
6939 77.0
6940 77.0
6941 77.0
6942 77.0
6943 77.0
6944 77.0
6945 77.0
6946 77.0
6947 77.0
6948 77.0
6949 77.0
6950 77.0
6951 77.0
6952 77.0
6953 77.0
6954 77.0
6955 77.0
6956 77.0
6957 77.0
6958 77.0
6959 77.0
6960 77.0
6961 77.0
6962 77.0
6963 77.0
6964 77.0
6965 77.0
6966 77.0
6967 77.0
6968 77.0
6969 77.0
6970 77.0
6971 77.0
6972 77.0
6973 77.0
6974 77.0
6975 77.0
6976 77.0
6977 77.0
6978 77.0
6979 77.0
6980 77.0
6981 77.0
6982 77.0
6983 77.0
6984 77.0
6985 77.0
6986 77.0
6987 77.0
6988 77.0
6989 77.0
6990 77.0
6991 77.0
6992 77.0
6993 77.0
6994 77.0
6995 77.0
6996 77.0
6997 77.0
6998 77.0
6999 77.0
7000 77.0
7001 77.0
7002 77.0
7003 77.0
7004 77.0
7005 77.0
7006 77.0
7007 77.0
7008 77.0
7009 77.0
7010 77.0
7011 77.0
7012 77.0
7013 77.0
7014 77.0
7015 77.0
7016 77.0
7017 77.0
7018 77.0
7019 77.0
7020 77.0
7021 77.0
7022 77.0
7023 77.0
7024 77.0
7025 77.0
7026 77.0
7027 77.0
7028 77.0
7029 77.0
7030 77.0
7031 77.0
7032 77.0
7033 77.0
7034 77.0
7035 77.0
7036 77.0
7037 77.0
7038 77.0
7039 77.0
7040 77.0
7041 77.0
7042 77.0
7043 77.0
7044 77.0
7045 77.0
7046 77.0
7047 77.0
7048 77.0
7049 77.0
7050 77.0
7051 77.0
7052 77.0
7053 77.0
7054 77.0
7055 77.0
7056 77.0
7057 77.0
7058 77.0
7059 77.0
7060 77.0
7061 77.0
7062 77.0
7063 77.0
7064 77.0
7065 77.0
7066 77.0
7067 77.0
7068 77.0
7069 77.0
7070 77.0
7071 77.0
7072 77.0
7073 77.0
7074 77.0
7075 77.0
7076 77.0
7077 77.0
7078 77.0
7079 77.0
7080 77.0
7081 77.0
7082 77.0
7083 77.0
7084 77.0
7085 77.0
7086 77.0
7087 77.0
7088 77.0
7089 77.0
7090 77.0
7091 77.0
7092 77.0
7093 77.0
7094 77.0
7095 77.0
7096 77.0
7097 77.0
7098 77.0
7099 77.0
7100 77.0
7101 77.0
7102 77.0
7103 77.0
7104 77.0
7105 77.0
7106 77.0
7107 77.0
7108 77.0
7109 77.0
7110 77.0
7111 77.0
7112 77.0
7113 77.0
7114 77.0
7115 77.0
7116 77.0
7117 77.0
7118 77.0
7119 77.0
7120 77.0
7121 77.0
7122 77.0
7123 77.0
7124 77.0
7125 77.0
7126 77.0
7127 77.0
7128 77.0
7129 77.0
7130 77.0
7131 77.0
7132 77.0
7133 77.0
7134 77.0
7135 77.0
7136 77.0
7137 77.0
7138 77.0
7139 77.0
7140 77.0
7141 77.0
7142 77.0
7143 77.0
7144 77.0
7145 77.0
7146 77.0
7147 77.0
7148 77.0
7149 77.0
7150 77.0
7151 77.0
7152 77.0
7153 77.0
7154 77.0
7155 77.0
7156 77.0
7157 77.0
7158 77.0
7159 77.0
7160 77.0
7161 77.0
7162 77.0
7163 77.0
7164 77.0
7165 77.0
7166 77.0
7167 77.0
7168 77.0
7169 77.0
7170 77.0
7171 77.0
7172 77.0
7173 77.0
7174 77.0
7175 77.0
7176 77.0
7177 77.0
7178 77.0
7179 77.0
7180 77.0
7181 77.0
7182 77.0
7183 77.0
7184 77.0
7185 77.0
7186 77.0
7187 77.0
7188 77.0
7189 77.0
7190 77.0
7191 77.0
7192 77.0
7193 77.0
7194 77.0
7195 77.0
7196 77.0
7197 77.0
7198 77.0
7199 77.0
7200 77.0
7201 77.0
7202 77.0
7203 77.0
7204 77.0
7205 77.0
7206 77.0
7207 77.0
7208 77.0
7209 77.0
7210 77.0
7211 77.0
7212 77.0
7213 77.0
7214 77.0
7215 77.0
7216 77.0
7217 77.0
7218 77.0
7219 77.0
7220 77.0
7221 77.0
7222 77.0
7223 77.0
7224 77.0
7225 77.0
7226 77.0
7227 77.0
7228 77.0
7229 77.0
7230 77.0
7231 77.0
7232 77.0
7233 77.0
7234 77.0
7235 77.0
7236 77.0
7237 77.0
7238 77.0
7239 77.0
7240 77.0
7241 77.0
7242 77.0
7243 77.0
7244 77.0
7245 77.0
7246 77.0
7247 77.0
7248 77.0
7249 77.0
7250 77.0
7251 77.0
7252 77.0
7253 77.0
7254 77.0
7255 77.0
7256 77.0
7257 77.0
7258 77.0
7259 77.0
7260 77.0
7261 77.0
7262 77.0
7263 77.0
7264 77.0
7265 77.0
7266 77.0
7267 77.0
7268 77.0
7269 77.0
7270 77.0
7271 77.0
7272 77.0
7273 77.0
7274 77.0
7275 77.0
7276 77.0
7277 77.0
7278 77.0
7279 77.0
7280 77.0
7281 77.0
7282 77.0
7283 77.0
7284 77.0
7285 77.0
7286 77.0
7287 77.0
7288 77.0
7289 77.0
7290 77.0
7291 77.0
7292 77.0
7293 77.0
7294 77.0
7295 77.0
7296 77.0
7297 77.0
7298 77.0
7299 77.0
7300 77.0
7301 77.0
7302 77.0
7303 77.0
7304 77.0
7305 77.0
7306 77.0
7307 77.0
7308 77.0
7309 77.0
7310 77.0
7311 77.0
7312 77.0
7313 77.0
7314 77.0
7315 77.0
7316 77.0
7317 77.0
7318 77.0
7319 77.0
7320 77.0
7321 77.0
7322 77.0
7323 77.0
7324 77.0
7325 77.0
7326 77.0
7327 77.0
7328 77.0
7329 77.0
7330 77.0
7331 77.0
7332 77.0
7333 77.0
7334 77.0
7335 77.0
7336 77.0
7337 77.0
7338 77.0
7339 77.0
7340 77.0
7341 77.0
7342 77.0
7343 77.0
7344 77.0
7345 77.0
7346 77.0
7347 77.0
7348 77.0
7349 77.0
7350 77.0
7351 77.0
7352 77.0
7353 77.0
7354 77.0
7355 77.0
7356 77.0
7357 77.0
7358 77.0
7359 77.0
7360 77.0
7361 77.0
7362 77.0
7363 77.0
7364 77.0
7365 77.0
7366 77.0
7367 77.0
7368 77.0
7369 77.0
7370 77.0
7371 77.0
7372 77.0
7373 77.0
7374 77.0
7375 77.0
7376 77.0
7377 77.0
7378 77.0
7379 77.0
7380 77.0
7381 77.0
7382 77.0
7383 77.0
7384 77.0
7385 77.0
7386 77.0
7387 77.0
7388 77.0
7389 77.0
7390 77.0
7391 77.0
7392 77.0
7393 77.0
7394 77.0
7395 77.0
7396 77.0
7397 77.0
7398 77.0
7399 77.0
7400 77.0
7401 77.0
7402 77.0
7403 77.0
7404 77.0
7405 77.0
7406 77.0
7407 77.0
7408 77.0
7409 77.0
7410 77.0
7411 77.0
7412 77.0
7413 77.0
7414 77.0
7415 77.0
7416 77.0
7417 77.0
7418 77.0
7419 77.0
7420 77.0
7421 77.0
7422 77.0
7423 77.0
7424 77.0
7425 77.0
7426 77.0
7427 77.0
7428 77.0
7429 77.0
7430 77.0
7431 77.0
7432 77.0
7433 77.0
7434 77.0
7435 77.0
7436 77.0
7437 77.0
7438 77.0
7439 77.0
7440 77.0
7441 77.0
7442 77.0
7443 77.0
7444 77.0
7445 77.0
7446 77.0
7447 77.0
7448 77.0
7449 77.0
7450 77.0
7451 77.0
7452 77.0
7453 77.0
7454 77.0
7455 77.0
7456 77.0
7457 77.0
7458 77.0
7459 77.0
7460 77.0
7461 77.0
7462 77.0
7463 77.0
7464 77.0
7465 77.0
7466 77.0
7467 77.0
7468 77.0
7469 77.0
7470 77.0
7471 77.0
7472 77.0
7473 77.0
7474 77.0
7475 77.0
7476 77.0
7477 77.0
7478 77.0
7479 77.0
7480 77.0
7481 77.0
7482 77.0
7483 77.0
7484 77.0
7485 77.0
7486 77.0
7487 77.0
7488 77.0
7489 77.0
7490 77.0
7491 77.0
7492 77.0
7493 77.0
7494 77.0
7495 77.0
7496 77.0
7497 77.0
7498 77.0
7499 77.0
7500 77.0
7501 77.0
7502 77.0
7503 77.0
7504 77.0
7505 77.0
7506 77.0
7507 77.0
7508 77.0
7509 77.0
7510 77.0
7511 77.0
7512 77.0
7513 77.0
7514 77.0
7515 77.0
7516 77.0
7517 77.0
7518 77.0
7519 77.0
7520 77.0
7521 77.0
7522 77.0
7523 77.0
7524 77.0
7525 77.0
7526 77.0
7527 77.0
7528 77.0
7529 77.0
7530 77.0
7531 77.0
7532 77.0
7533 77.0
7534 77.0
7535 77.0
7536 77.0
7537 77.0
7538 77.0
7539 77.0
7540 77.0
7541 77.0
7542 77.0
7543 77.0
7544 77.0
7545 77.0
7546 77.0
7547 77.0
7548 77.0
7549 77.0
7550 77.0
7551 77.0
7552 77.0
7553 77.0
7554 77.0
7555 77.0
7556 77.0
7557 77.0
7558 77.0
7559 77.0
7560 77.0
7561 77.0
7562 77.0
7563 77.0
7564 77.0
7565 77.0
7566 77.0
7567 77.0
7568 77.0
7569 77.0
7570 77.0
7571 77.0
7572 77.0
7573 77.0
7574 77.0
7575 77.0
7576 77.0
7577 77.0
7578 77.0
7579 77.0
7580 77.0
7581 77.0
7582 77.0
7583 77.0
7584 77.0
7585 77.0
7586 77.0
7587 77.0
7588 77.0
7589 77.0
7590 77.0
7591 77.0
7592 77.0
7593 77.0
7594 77.0
7595 77.0
7596 77.0
7597 77.0
7598 77.0
7599 77.0
7600 77.0
7601 77.0
7602 77.0
7603 77.0
7604 77.0
7605 77.0
7606 77.0
7607 77.0
7608 77.0
7609 77.0
7610 77.0
7611 77.0
7612 77.0
7613 77.0
7614 77.0
7615 77.0
7616 77.0
7617 77.0
7618 77.0
7619 77.0
7620 77.0
7621 77.0
7622 77.0
7623 77.0
7624 77.0
7625 77.0
7626 77.0
7627 77.0
7628 77.0
7629 77.0
7630 77.0
7631 77.0
7632 77.0
7633 77.0
7634 77.0
7635 77.0
7636 77.0
7637 77.0
7638 77.0
7639 77.0
7640 77.0
7641 77.0
7642 77.0
7643 77.0
7644 77.0
7645 77.0
7646 77.0
7647 77.0
7648 77.0
7649 77.0
7650 77.0
7651 77.0
7652 77.0
7653 77.0
7654 77.0
7655 77.0
7656 77.0
7657 77.0
7658 77.0
7659 77.0
7660 77.0
7661 77.0
7662 77.0
7663 77.0
7664 77.0
7665 77.0
7666 77.0
7667 77.0
7668 77.0
7669 77.0
7670 77.0
7671 77.0
7672 77.0
7673 77.0
7674 77.0
7675 77.0
7676 77.0
7677 77.0
7678 77.0
7679 77.0
7680 77.0
7681 77.0
7682 77.0
7683 77.0
7684 77.0
7685 77.0
7686 77.0
7687 77.0
7688 77.0
7689 77.0
7690 77.0
7691 77.0
7692 77.0
7693 77.0
7694 77.0
7695 77.0
7696 77.0
7697 77.0
7698 77.0
7699 77.0
7700 77.0
7701 77.0
7702 77.0
7703 77.0
7704 77.0
7705 77.0
7706 77.0
7707 77.0
7708 77.0
7709 77.0
7710 77.0
7711 77.0
7712 77.0
7713 77.0
7714 77.0
7715 77.0
7716 77.0
7717 77.0
7718 77.0
7719 77.0
7720 77.0
7721 77.0
7722 77.0
7723 77.0
7724 77.0
7725 77.0
7726 77.0
7727 77.0
7728 77.0
7729 77.0
7730 77.0
7731 77.0
7732 77.0
7733 77.0
7734 77.0
7735 77.0
7736 77.0
7737 77.0
7738 77.0
7739 77.0
7740 77.0
7741 77.0
7742 77.0
7743 77.0
7744 77.0
7745 77.0
7746 77.0
7747 77.0
7748 77.0
7749 77.0
7750 77.0
7751 77.0
7752 77.0
7753 77.0
7754 77.0
7755 77.0
7756 77.0
7757 77.0
7758 77.0
7759 77.0
7760 77.0
7761 77.0
7762 77.0
7763 77.0
7764 77.0
7765 77.0
7766 77.0
7767 77.0
7768 77.0
7769 77.0
7770 77.0
7771 77.0
7772 77.0
7773 77.0
7774 77.0
7775 77.0
7776 77.0
7777 77.0
7778 77.0
7779 77.0
7780 77.0
7781 77.0
7782 77.0
7783 77.0
7784 77.0
7785 77.0
7786 77.0
7787 77.0
7788 77.0
7789 77.0
7790 77.0
7791 77.0
7792 77.0
7793 77.0
7794 77.0
7795 77.0
7796 77.0
7797 77.0
7798 77.0
7799 77.0
7800 77.0
7801 77.0
7802 77.0
7803 77.0
7804 77.0
7805 77.0
7806 77.0
7807 77.0
7808 77.0
7809 77.0
7810 77.0
7811 77.0
7812 77.0
7813 77.0
7814 77.0
7815 77.0
7816 77.0
7817 77.0
7818 77.0
7819 77.0
7820 77.0
7821 77.0
7822 77.0
7823 77.0
7824 77.0
7825 77.0
7826 77.0
7827 77.0
7828 77.0
7829 77.0
7830 77.0
7831 77.0
7832 77.0
7833 77.0
7834 77.0
7835 77.0
7836 77.0
7837 77.0
7838 77.0
7839 77.0
7840 77.0
7841 77.0
7842 77.0
7843 77.0
7844 77.0
7845 77.0
7846 77.0
7847 77.0
7848 77.0
7849 77.0
7850 77.0
7851 77.0
7852 77.0
7853 77.0
7854 77.0
7855 77.0
7856 77.0
7857 77.0
7858 77.0
7859 77.0
7860 77.0
7861 77.0
7862 77.0
7863 77.0
7864 77.0
7865 77.0
7866 77.0
7867 77.0
7868 77.0
7869 77.0
7870 77.0
7871 77.0
7872 77.0
7873 77.0
7874 77.0
7875 77.0
7876 77.0
7877 77.0
7878 77.0
7879 77.0
7880 77.0
7881 77.0
7882 77.0
7883 77.0
7884 77.0
7885 77.0
7886 77.0
7887 77.0
7888 77.0
7889 77.0
7890 77.0
7891 77.0
7892 77.0
7893 77.0
7894 77.0
7895 77.0
7896 77.0
7897 77.0
7898 77.0
7899 77.0
7900 77.0
7901 77.0
7902 77.0
7903 77.0
7904 77.0
7905 77.0
7906 77.0
7907 77.0
7908 77.0
7909 77.0
7910 77.0
7911 77.0
7912 77.0
7913 77.0
7914 77.0
7915 77.0
7916 77.0
7917 77.0
7918 77.0
7919 77.0
7920 77.0
7921 77.0
7922 77.0
7923 77.0
7924 77.0
7925 77.0
7926 77.0
7927 77.0
7928 77.0
7929 77.0
7930 77.0
7931 77.0
7932 77.0
7933 77.0
7934 77.0
7935 77.0
7936 77.0
7937 77.0
7938 77.0
7939 77.0
7940 77.0
7941 77.0
7942 77.0
7943 77.0
7944 77.0
7945 77.0
7946 77.0
7947 77.0
7948 77.0
7949 77.0
7950 77.0
7951 77.0
7952 77.0
7953 77.0
7954 77.0
7955 77.0
7956 77.0
7957 77.0
7958 77.0
7959 77.0
7960 77.0
7961 77.0
7962 77.0
7963 77.0
7964 77.0
7965 77.0
7966 77.0
7967 77.0
7968 77.0
7969 77.0
7970 77.0
7971 77.0
7972 77.0
7973 77.0
7974 77.0
7975 77.0
7976 77.0
7977 77.0
7978 77.0
7979 77.0
7980 77.0
7981 77.0
7982 77.0
7983 77.0
7984 77.0
7985 77.0
7986 77.0
7987 77.0
7988 77.0
7989 77.0
7990 77.0
7991 77.0
7992 77.0
7993 77.0
7994 77.0
7995 77.0
7996 77.0
7997 77.0
7998 77.0
7999 77.0
8000 77.0
8001 77.0
8002 77.0
8003 77.0
8004 77.0
8005 77.0
8006 77.0
8007 77.0
8008 77.0
8009 77.0
8010 77.0
8011 77.0
8012 77.0
8013 77.0
8014 77.0
8015 77.0
8016 77.0
8017 77.0
8018 77.0
8019 77.0
8020 77.0
8021 77.0
8022 77.0
8023 77.0
8024 77.0
8025 77.0
8026 77.0
8027 77.0
8028 77.0
8029 77.0
8030 77.0
8031 77.0
8032 77.0
8033 77.0
8034 77.0
8035 77.0
8036 77.0
8037 77.0
8038 77.0
8039 77.0
8040 77.0
8041 77.0
8042 77.0
8043 77.0
8044 77.0
8045 77.0
8046 77.0
8047 77.0
8048 77.0
8049 77.0
8050 77.0
8051 77.0
8052 77.0
8053 77.0
8054 77.0
8055 77.0
8056 77.0
8057 77.0
8058 77.0
8059 77.0
8060 77.0
8061 77.0
8062 77.0
8063 77.0
8064 77.0
8065 77.0
8066 77.0
8067 77.0
8068 77.0
8069 77.0
8070 77.0
8071 77.0
8072 77.0
8073 77.0
8074 77.0
8075 77.0
8076 77.0
8077 77.0
8078 77.0
8079 77.0
8080 77.0
8081 77.0
8082 77.0
8083 77.0
8084 77.0
8085 77.0
8086 77.0
8087 77.0
8088 77.0
8089 77.0
8090 77.0
8091 77.0
8092 77.0
8093 77.0
8094 77.0
8095 77.0
8096 77.0
8097 77.0
8098 77.0
8099 77.0
8100 77.0
8101 77.0
8102 77.0
8103 77.0
8104 77.0
8105 77.0
8106 77.0
8107 77.0
8108 77.0
8109 77.0
8110 77.0
8111 77.0
8112 77.0
8113 77.0
8114 77.0
8115 77.0
8116 77.0
8117 77.0
8118 77.0
8119 77.0
8120 77.0
8121 77.0
8122 77.0
8123 77.0
8124 77.0
8125 77.0
8126 77.0
8127 77.0
8128 77.0
8129 77.0
8130 77.0
8131 77.0
8132 77.0
8133 77.0
8134 77.0
8135 77.0
8136 77.0
8137 77.0
8138 77.0
8139 77.0
8140 77.0
8141 77.0
8142 77.0
8143 77.0
8144 77.0
8145 77.0
8146 77.0
8147 77.0
8148 77.0
8149 77.0
8150 77.0
8151 77.0
8152 77.0
8153 77.0
8154 77.0
8155 77.0
8156 77.0
8157 77.0
8158 77.0
8159 77.0
8160 77.0
8161 77.0
8162 77.0
8163 77.0
8164 77.0
8165 77.0
8166 77.0
8167 77.0
8168 77.0
8169 77.0
8170 77.0
8171 77.0
8172 77.0
8173 77.0
8174 77.0
8175 77.0
8176 77.0
8177 77.0
8178 77.0
8179 77.0
8180 77.0
8181 77.0
8182 77.0
8183 77.0
8184 77.0
8185 77.0
8186 77.0
8187 77.0
8188 77.0
8189 77.0
8190 77.0
8191 77.0
8192 77.0
8193 77.0
8194 77.0
8195 77.0
8196 77.0
8197 77.0
8198 77.0
8199 77.0
8200 77.0
8201 77.0
8202 77.0
8203 77.0
8204 77.0
8205 77.0
8206 77.0
8207 77.0
8208 77.0
8209 77.0
8210 77.0
8211 77.0
8212 77.0
8213 77.0
8214 77.0
8215 77.0
8216 77.0
8217 77.0
8218 77.0
8219 77.0
8220 77.0
8221 77.0
8222 77.0
8223 77.0
8224 77.0
8225 77.0
8226 77.0
8227 77.0
8228 77.0
8229 77.0
8230 77.0
8231 77.0
8232 77.0
8233 77.0
8234 77.0
8235 77.0
8236 77.0
8237 77.0
8238 77.0
8239 77.0
8240 77.0
8241 77.0
8242 77.0
8243 77.0
8244 77.0
8245 77.0
8246 77.0
8247 77.0
8248 77.0
8249 77.0
8250 77.0
8251 77.0
8252 77.0
8253 77.0
8254 77.0
8255 77.0
8256 77.0
8257 77.0
8258 77.0
8259 77.0
8260 77.0
8261 77.0
8262 77.0
8263 77.0
8264 77.0
8265 77.0
8266 77.0
8267 77.0
8268 77.0
8269 77.0
8270 77.0
8271 77.0
8272 77.0
8273 77.0
8274 77.0
8275 77.0
8276 77.0
8277 77.0
8278 77.0
8279 77.0
8280 77.0
8281 77.0
8282 77.0
8283 77.0
8284 77.0
8285 77.0
8286 77.0
8287 77.0
8288 77.0
8289 77.0
8290 77.0
8291 77.0
8292 77.0
8293 77.0
8294 77.0
8295 77.0
8296 77.0
8297 77.0
8298 77.0
8299 77.0
8300 77.0
8301 77.0
8302 77.0
8303 77.0
8304 77.0
8305 77.0
8306 77.0
8307 77.0
8308 77.0
8309 77.0
8310 77.0
8311 77.0
8312 77.0
8313 77.0
8314 77.0
8315 77.0
8316 77.0
8317 77.0
8318 77.0
8319 77.0
8320 77.0
8321 77.0
8322 77.0
8323 77.0
8324 77.0
8325 77.0
8326 77.0
8327 77.0
8328 77.0
8329 77.0
8330 77.0
8331 77.0
8332 77.0
8333 77.0
8334 77.0
8335 77.0
8336 77.0
8337 77.0
8338 77.0
8339 77.0
8340 77.0
8341 77.0
8342 77.0
8343 77.0
8344 77.0
8345 77.0
8346 77.0
8347 77.0
8348 77.0
8349 77.0
8350 77.0
8351 77.0
8352 77.0
8353 77.0
8354 77.0
8355 77.0
8356 77.0
8357 77.0
8358 77.0
8359 77.0
8360 77.0
8361 77.0
8362 77.0
8363 77.0
8364 77.0
8365 77.0
8366 77.0
8367 77.0
8368 77.0
8369 77.0
8370 77.0
8371 77.0
8372 77.0
8373 77.0
8374 77.0
8375 77.0
8376 77.0
8377 77.0
8378 77.0
8379 77.0
8380 77.0
8381 77.0
8382 77.0
8383 77.0
8384 77.0
8385 77.0
8386 77.0
8387 77.0
8388 77.0
8389 77.0
8390 77.0
8391 77.0
8392 77.0
8393 77.0
8394 77.0
8395 77.0
8396 77.0
8397 77.0
8398 77.0
8399 77.0
8400 77.0
8401 77.0
8402 77.0
8403 77.0
8404 77.0
8405 77.0
8406 77.0
8407 77.0
8408 77.0
8409 77.0
8410 77.0
8411 77.0
8412 77.0
8413 77.0
8414 77.0
8415 77.0
8416 77.0
8417 77.0
8418 77.0
8419 77.0
8420 77.0
8421 77.0
8422 77.0
8423 77.0
8424 77.0
8425 77.0
8426 77.0
8427 77.0
8428 77.0
8429 77.0
8430 77.0
8431 77.0
8432 77.0
8433 77.0
8434 77.0
8435 77.0
8436 77.0
8437 77.0
8438 77.0
8439 77.0
8440 77.0
8441 77.0
8442 77.0
8443 77.0
8444 77.0
8445 77.0
8446 77.0
8447 77.0
8448 77.0
8449 77.0
8450 77.0
8451 77.0
8452 77.0
8453 77.0
8454 77.0
8455 77.0
8456 77.0
8457 77.0
8458 77.0
8459 77.0
8460 77.0
8461 77.0
8462 77.0
8463 77.0
8464 77.0
8465 77.0
8466 77.0
8467 77.0
8468 77.0
8469 77.0
8470 77.0
8471 77.0
8472 77.0
8473 77.0
8474 77.0
8475 77.0
8476 77.0
8477 77.0
8478 77.0
8479 77.0
8480 77.0
8481 77.0
8482 77.0
8483 77.0
8484 77.0
8485 77.0
8486 77.0
8487 77.0
8488 77.0
8489 77.0
8490 77.0
8491 77.0
8492 77.0
8493 77.0
8494 77.0
8495 77.0
8496 77.0
8497 77.0
8498 77.0
8499 77.0
8500 77.0
8501 77.0
8502 77.0
8503 77.0
8504 77.0
8505 77.0
8506 77.0
8507 77.0
8508 77.0
8509 77.0
8510 77.0
8511 77.0
8512 77.0
8513 77.0
8514 77.0
8515 77.0
8516 77.0
8517 77.0
8518 77.0
8519 77.0
8520 77.0
8521 77.0
8522 77.0
8523 77.0
8524 77.0
8525 77.0
8526 77.0
8527 77.0
8528 77.0
8529 77.0
8530 77.0
8531 77.0
8532 77.0
8533 77.0
8534 77.0
8535 77.0
8536 77.0
8537 77.0
8538 77.0
8539 77.0
8540 77.0
8541 77.0
8542 77.0
8543 77.0
8544 77.0
8545 77.0
8546 77.0
8547 77.0
8548 77.0
8549 77.0
8550 77.0
8551 77.0
8552 77.0
8553 77.0
8554 77.0
8555 77.0
8556 77.0
8557 77.0
8558 77.0
8559 77.0
8560 77.0
8561 77.0
8562 77.0
8563 77.0
8564 77.0
8565 77.0
8566 77.0
8567 77.0
8568 77.0
8569 77.0
8570 77.0
8571 77.0
8572 77.0
8573 77.0
8574 77.0
8575 77.0
8576 77.0
8577 77.0
8578 77.0
8579 77.0
8580 77.0
8581 77.0
8582 77.0
8583 77.0
8584 77.0
8585 77.0
8586 77.0
8587 77.0
8588 77.0
8589 77.0
8590 77.0
8591 77.0
8592 77.0
8593 77.0
8594 77.0
8595 77.0
8596 77.0
8597 77.0
8598 77.0
8599 77.0
8600 77.0
8601 77.0
8602 77.0
8603 77.0
8604 77.0
8605 77.0
8606 77.0
8607 77.0
8608 77.0
8609 77.0
8610 77.0
8611 77.0
8612 77.0
8613 77.0
8614 77.0
8615 77.0
8616 77.0
8617 77.0
8618 77.0
8619 77.0
8620 77.0
8621 77.0
8622 77.0
8623 77.0
8624 77.0
8625 77.0
8626 77.0
8627 77.0
8628 77.0
8629 77.0
8630 77.0
8631 77.0
8632 77.0
8633 77.0
8634 77.0
8635 77.0
8636 77.0
8637 77.0
8638 77.0
8639 77.0
8640 77.0
8641 77.0
8642 77.0
8643 77.0
8644 77.0
8645 77.0
8646 77.0
8647 77.0
8648 77.0
8649 77.0
8650 77.0
8651 77.0
8652 77.0
8653 77.0
8654 77.0
8655 77.0
8656 77.0
8657 77.0
8658 77.0
8659 77.0
8660 77.0
8661 77.0
8662 77.0
8663 77.0
8664 77.0
8665 77.0
8666 77.0
8667 77.0
8668 77.0
8669 77.0
8670 77.0
8671 77.0
8672 77.0
8673 77.0
8674 77.0
8675 77.0
8676 77.0
8677 77.0
8678 77.0
8679 77.0
8680 77.0
8681 77.0
8682 77.0
8683 77.0
8684 77.0
8685 77.0
8686 77.0
8687 77.0
8688 77.0
8689 77.0
8690 77.0
8691 77.0
8692 77.0
8693 77.0
8694 77.0
8695 77.0
8696 77.0
8697 77.0
8698 77.0
8699 77.0
8700 77.0
8701 77.0
8702 77.0
8703 77.0
8704 77.0
8705 77.0
8706 77.0
8707 77.0
8708 77.0
8709 77.0
8710 77.0
8711 77.0
8712 77.0
8713 77.0
8714 77.0
8715 77.0
8716 77.0
8717 77.0
8718 77.0
8719 77.0
8720 77.0
8721 77.0
8722 77.0
8723 77.0
8724 77.0
8725 77.0
8726 77.0
8727 77.0
8728 77.0
8729 77.0
8730 77.0
8731 77.0
8732 77.0
8733 77.0
8734 77.0
8735 77.0
8736 77.0
8737 77.0
8738 77.0
8739 77.0
8740 77.0
8741 77.0
8742 77.0
8743 77.0
8744 77.0
8745 77.0
8746 77.0
8747 77.0
8748 77.0
8749 77.0
8750 77.0
8751 77.0
8752 77.0
8753 77.0
8754 77.0
8755 77.0
8756 77.0
8757 77.0
8758 77.0
8759 77.0
8760 77.0
8761 77.0
8762 77.0
8763 77.0
8764 77.0
8765 77.0
8766 77.0
8767 77.0
8768 77.0
8769 77.0
8770 77.0
8771 77.0
8772 77.0
8773 77.0
8774 77.0
8775 77.0
8776 77.0
8777 77.0
8778 77.0
8779 77.0
8780 77.0
8781 77.0
8782 77.0
8783 77.0
8784 77.0
8785 77.0
8786 77.0
8787 77.0
8788 77.0
8789 77.0
8790 77.0
8791 77.0
8792 77.0
8793 77.0
8794 77.0
8795 77.0
8796 77.0
8797 77.0
8798 77.0
8799 77.0
8800 77.0
8801 77.0
8802 77.0
8803 77.0
8804 77.0
8805 77.0
8806 77.0
8807 77.0
8808 77.0
8809 77.0
8810 77.0
8811 77.0
8812 77.0
8813 77.0
8814 77.0
8815 77.0
8816 77.0
8817 77.0
8818 77.0
8819 77.0
8820 77.0
8821 77.0
8822 77.0
8823 77.0
8824 77.0
8825 77.0
8826 77.0
8827 77.0
8828 77.0
8829 77.0
8830 77.0
8831 77.0
8832 77.0
8833 77.0
8834 77.0
8835 77.0
8836 77.0
8837 77.0
8838 77.0
8839 77.0
8840 77.0
8841 77.0
8842 77.0
8843 77.0
8844 77.0
8845 77.0
8846 77.0
8847 77.0
8848 77.0
8849 77.0
8850 77.0
8851 77.0
8852 77.0
8853 77.0
8854 77.0
8855 77.0
8856 77.0
8857 77.0
8858 77.0
8859 77.0
8860 77.0
8861 77.0
8862 77.0
8863 77.0
8864 77.0
8865 77.0
8866 77.0
8867 77.0
8868 77.0
8869 77.0
8870 77.0
8871 77.0
8872 77.0
8873 77.0
8874 77.0
8875 77.0
8876 77.0
8877 77.0
8878 77.0
8879 77.0
8880 77.0
8881 77.0
8882 77.0
8883 77.0
8884 77.0
8885 77.0
8886 77.0
8887 77.0
8888 77.0
8889 77.0
8890 77.0
8891 77.0
8892 77.0
8893 77.0
8894 77.0
8895 77.0
8896 77.0
8897 77.0
8898 77.0
8899 77.0
8900 77.0
8901 77.0
8902 77.0
8903 77.0
8904 77.0
8905 77.0
8906 77.0
8907 77.0
8908 77.0
8909 77.0
8910 77.0
8911 77.0
8912 77.0
8913 77.0
8914 77.0
8915 77.0
8916 77.0
8917 77.0
8918 77.0
8919 77.0
8920 77.0
8921 77.0
8922 77.0
8923 77.0
8924 77.0
8925 77.0
8926 77.0
8927 77.0
8928 77.0
8929 77.0
8930 77.0
8931 77.0
8932 77.0
8933 77.0
8934 77.0
8935 77.0
8936 77.0
8937 77.0
8938 77.0
8939 77.0
8940 77.0
8941 77.0
8942 77.0
8943 77.0
8944 77.0
8945 77.0
8946 77.0
8947 77.0
8948 77.0
8949 77.0
8950 77.0
8951 77.0
8952 77.0
8953 77.0
8954 77.0
8955 77.0
8956 77.0
8957 77.0
8958 77.0
8959 77.0
8960 77.0
8961 77.0
8962 77.0
8963 77.0
8964 77.0
8965 77.0
8966 77.0
8967 77.0
8968 77.0
8969 77.0
8970 77.0
8971 77.0
8972 77.0
8973 77.0
8974 77.0
8975 77.0
8976 77.0
8977 77.0
8978 77.0
8979 77.0
8980 77.0
8981 77.0
8982 77.0
8983 77.0
8984 77.0
8985 77.0
8986 77.0
8987 77.0
8988 77.0
8989 77.0
8990 77.0
8991 77.0
8992 77.0
8993 77.0
8994 77.0
8995 77.0
8996 77.0
8997 77.0
8998 77.0
8999 77.0
9000 77.0
9001 77.0
9002 77.0
9003 77.0
9004 77.0
9005 77.0
9006 77.0
9007 77.0
9008 77.0
9009 77.0
9010 77.0
9011 77.0
9012 77.0
9013 77.0
9014 77.0
9015 77.0
9016 77.0
9017 77.0
9018 77.0
9019 77.0
9020 77.0
9021 77.0
9022 77.0
9023 77.0
9024 77.0
9025 77.0
9026 77.0
9027 77.0
9028 77.0
9029 77.0
9030 77.0
9031 77.0
9032 77.0
9033 77.0
9034 77.0
9035 77.0
9036 77.0
9037 77.0
9038 77.0
9039 77.0
9040 77.0
9041 77.0
9042 77.0
9043 77.0
9044 77.0
9045 77.0
9046 77.0
9047 77.0
9048 77.0
9049 77.0
9050 77.0
9051 77.0
9052 77.0
9053 77.0
9054 77.0
9055 77.0
9056 77.0
9057 77.0
9058 77.0
9059 77.0
9060 77.0
9061 77.0
9062 77.0
9063 77.0
9064 77.0
9065 77.0
9066 77.0
9067 77.0
9068 77.0
9069 77.0
9070 77.0
9071 77.0
9072 77.0
9073 77.0
9074 77.0
9075 77.0
9076 77.0
9077 77.0
9078 77.0
9079 77.0
9080 77.0
9081 77.0
9082 77.0
9083 77.0
9084 77.0
9085 77.0
9086 77.0
9087 77.0
9088 77.0
9089 77.0
9090 77.0
9091 77.0
9092 77.0
9093 77.0
9094 77.0
9095 77.0
9096 77.0
9097 77.0
9098 77.0
9099 77.0
9100 77.0
9101 77.0
9102 77.0
9103 77.0
9104 77.0
9105 77.0
9106 77.0
9107 77.0
9108 77.0
9109 77.0
9110 77.0
9111 77.0
9112 77.0
9113 77.0
9114 77.0
9115 77.0
9116 77.0
9117 77.0
9118 77.0
9119 77.0
9120 77.0
9121 77.0
9122 77.0
9123 77.0
9124 77.0
9125 77.0
9126 77.0
9127 77.0
9128 77.0
9129 77.0
9130 77.0
9131 77.0
9132 77.0
9133 77.0
9134 77.0
9135 77.0
9136 77.0
9137 77.0
9138 77.0
9139 77.0
9140 77.0
9141 77.0
9142 77.0
9143 77.0
9144 77.0
9145 77.0
9146 77.0
9147 77.0
9148 77.0
9149 77.0
9150 77.0
9151 77.0
9152 77.0
9153 77.0
9154 77.0
9155 77.0
9156 77.0
9157 77.0
9158 77.0
9159 77.0
9160 77.0
9161 77.0
9162 77.0
9163 77.0
9164 77.0
9165 77.0
9166 77.0
9167 77.0
9168 77.0
9169 77.0
9170 77.0
9171 77.0
9172 77.0
9173 77.0
9174 77.0
9175 77.0
9176 77.0
9177 77.0
9178 77.0
9179 77.0
9180 77.0
9181 77.0
9182 77.0
9183 77.0
9184 77.0
9185 77.0
9186 77.0
9187 77.0
9188 77.0
9189 77.0
9190 77.0
9191 77.0
9192 77.0
9193 77.0
9194 77.0
9195 77.0
9196 77.0
9197 77.0
9198 77.0
9199 77.0
9200 77.0
9201 77.0
9202 77.0
9203 77.0
9204 77.0
9205 77.0
9206 77.0
9207 77.0
9208 77.0
9209 77.0
9210 77.0
9211 77.0
9212 77.0
9213 77.0
9214 77.0
9215 77.0
9216 77.0
9217 77.0
9218 77.0
9219 77.0
9220 77.0
9221 77.0
9222 77.0
9223 77.0
9224 77.0
9225 77.0
9226 77.0
9227 77.0
9228 77.0
9229 77.0
9230 77.0
9231 77.0
9232 77.0
9233 77.0
9234 77.0
9235 77.0
9236 77.0
9237 77.0
9238 77.0
9239 77.0
9240 77.0
9241 77.0
9242 77.0
9243 77.0
9244 77.0
9245 77.0
9246 77.0
9247 77.0
9248 77.0
9249 77.0
9250 77.0
9251 77.0
9252 77.0
9253 77.0
9254 77.0
9255 77.0
9256 77.0
9257 77.0
9258 77.0
9259 77.0
9260 77.0
9261 77.0
9262 77.0
9263 77.0
9264 77.0
9265 77.0
9266 77.0
9267 77.0
9268 77.0
9269 77.0
9270 77.0
9271 77.0
9272 77.0
9273 77.0
9274 77.0
9275 77.0
9276 77.0
9277 77.0
9278 77.0
9279 77.0
9280 77.0
9281 77.0
9282 77.0
9283 77.0
9284 77.0
9285 77.0
9286 77.0
9287 77.0
9288 77.0
9289 77.0
9290 77.0
9291 77.0
9292 77.0
9293 77.0
9294 77.0
9295 77.0
9296 77.0
9297 77.0
9298 77.0
9299 77.0
9300 77.0
9301 77.0
9302 77.0
9303 77.0
9304 77.0
9305 77.0
9306 77.0
9307 77.0
9308 77.0
9309 77.0
9310 77.0
9311 77.0
9312 77.0
9313 77.0
9314 77.0
9315 77.0
9316 77.0
9317 77.0
9318 77.0
9319 77.0
9320 77.0
9321 77.0
9322 77.0
9323 77.0
9324 77.0
9325 77.0
9326 77.0
9327 77.0
9328 77.0
9329 77.0
9330 77.0
9331 77.0
9332 77.0
9333 77.0
9334 77.0
9335 77.0
9336 77.0
9337 77.0
9338 77.0
9339 77.0
9340 77.0
9341 77.0
9342 77.0
9343 77.0
9344 77.0
9345 77.0
9346 77.0
9347 77.0
9348 77.0
9349 77.0
9350 77.0
9351 77.0
9352 77.0
9353 77.0
9354 77.0
9355 77.0
9356 77.0
9357 77.0
9358 77.0
9359 77.0
9360 77.0
9361 77.0
9362 77.0
9363 77.0
9364 77.0
9365 77.0
9366 77.0
9367 77.0
9368 77.0
9369 77.0
9370 77.0
9371 77.0
9372 77.0
9373 77.0
9374 77.0
9375 77.0
9376 77.0
9377 77.0
9378 77.0
9379 77.0
9380 77.0
9381 77.0
9382 77.0
9383 77.0
9384 77.0
9385 77.0
9386 77.0
9387 77.0
9388 77.0
9389 77.0
9390 77.0
9391 77.0
9392 77.0
9393 77.0
9394 77.0
9395 77.0
9396 77.0
9397 77.0
9398 77.0
9399 77.0
9400 77.0
9401 77.0
9402 77.0
9403 77.0
9404 77.0
9405 77.0
9406 77.0
9407 77.0
9408 77.0
9409 77.0
9410 77.0
9411 77.0
9412 77.0
9413 77.0
9414 77.0
9415 77.0
9416 77.0
9417 77.0
9418 77.0
9419 77.0
9420 77.0
9421 77.0
9422 77.0
9423 77.0
9424 77.0
9425 77.0
9426 77.0
9427 77.0
9428 77.0
9429 77.0
9430 77.0
9431 77.0
9432 77.0
9433 77.0
9434 77.0
9435 77.0
9436 77.0
9437 77.0
9438 77.0
9439 77.0
9440 77.0
9441 77.0
9442 77.0
9443 77.0
9444 77.0
9445 77.0
9446 77.0
9447 77.0
9448 77.0
9449 77.0
9450 77.0
9451 77.0
9452 77.0
9453 77.0
9454 77.0
9455 77.0
9456 77.0
9457 77.0
9458 77.0
9459 77.0
9460 77.0
9461 77.0
9462 77.0
9463 77.0
9464 77.0
9465 77.0
9466 77.0
9467 77.0
9468 77.0
9469 77.0
9470 77.0
9471 77.0
9472 77.0
9473 77.0
9474 77.0
9475 77.0
9476 77.0
9477 77.0
9478 77.0
9479 77.0
9480 77.0
9481 77.0
9482 77.0
9483 77.0
9484 77.0
9485 77.0
9486 77.0
9487 77.0
9488 77.0
9489 77.0
9490 77.0
9491 77.0
9492 77.0
9493 77.0
9494 77.0
9495 77.0
9496 77.0
9497 77.0
9498 77.0
9499 77.0
9500 77.0
9501 77.0
9502 77.0
9503 77.0
9504 77.0
9505 77.0
9506 77.0
9507 77.0
9508 77.0
9509 77.0
9510 77.0
9511 77.0
9512 77.0
9513 77.0
9514 77.0
9515 77.0
9516 77.0
9517 77.0
9518 77.0
9519 77.0
9520 77.0
9521 77.0
9522 77.0
9523 77.0
9524 77.0
9525 77.0
9526 77.0
9527 77.0
9528 77.0
9529 77.0
9530 77.0
9531 77.0
9532 77.0
9533 77.0
9534 77.0
9535 77.0
9536 77.0
9537 77.0
9538 77.0
9539 77.0
9540 77.0
9541 77.0
9542 77.0
9543 77.0
9544 77.0
9545 77.0
9546 77.0
9547 77.0
9548 77.0
9549 77.0
9550 77.0
9551 77.0
9552 77.0
9553 77.0
9554 77.0
9555 77.0
9556 77.0
9557 77.0
9558 77.0
9559 77.0
9560 77.0
9561 77.0
9562 77.0
9563 77.0
9564 77.0
9565 77.0
9566 77.0
9567 77.0
9568 77.0
9569 77.0
9570 77.0
9571 77.0
9572 77.0
9573 77.0
9574 77.0
9575 77.0
9576 77.0
9577 77.0
9578 77.0
9579 77.0
9580 77.0
9581 77.0
9582 77.0
9583 77.0
9584 77.0
9585 77.0
9586 77.0
9587 77.0
9588 77.0
9589 77.0
9590 77.0
9591 77.0
9592 77.0
9593 77.0
9594 77.0
9595 77.0
9596 77.0
9597 77.0
9598 77.0
9599 77.0
9600 77.0
9601 77.0
9602 77.0
9603 77.0
9604 77.0
9605 77.0
9606 77.0
9607 77.0
9608 77.0
9609 77.0
9610 77.0
9611 77.0
9612 77.0
9613 77.0
9614 77.0
9615 77.0
9616 77.0
9617 77.0
9618 77.0
9619 77.0
9620 77.0
9621 77.0
9622 77.0
9623 77.0
9624 77.0
9625 77.0
9626 77.0
9627 77.0
9628 77.0
9629 77.0
9630 77.0
9631 77.0
9632 77.0
9633 77.0
9634 77.0
9635 77.0
9636 77.0
9637 77.0
9638 77.0
9639 77.0
9640 77.0
9641 77.0
9642 77.0
9643 77.0
9644 77.0
9645 77.0
9646 77.0
9647 77.0
9648 77.0
9649 77.0
9650 77.0
9651 77.0
9652 77.0
9653 77.0
9654 77.0
9655 77.0
9656 77.0
9657 77.0
9658 77.0
9659 77.0
9660 77.0
9661 77.0
9662 77.0
9663 77.0
9664 77.0
9665 77.0
9666 77.0
9667 77.0
9668 77.0
9669 77.0
9670 77.0
9671 77.0
9672 77.0
9673 77.0
9674 77.0
9675 77.0
9676 77.0
9677 77.0
9678 77.0
9679 77.0
9680 77.0
9681 77.0
9682 77.0
9683 77.0
9684 77.0
9685 77.0
9686 77.0
9687 77.0
9688 77.0
9689 77.0
9690 77.0
9691 77.0
9692 77.0
9693 77.0
9694 77.0
9695 77.0
9696 77.0
9697 77.0
9698 77.0
9699 77.0
9700 77.0
9701 77.0
9702 77.0
9703 77.0
9704 77.0
9705 77.0
9706 77.0
9707 77.0
9708 77.0
9709 77.0
9710 77.0
9711 77.0
9712 77.0
9713 77.0
9714 77.0
9715 77.0
9716 77.0
9717 77.0
9718 77.0
9719 77.0
9720 77.0
9721 77.0
9722 77.0
9723 77.0
9724 77.0
9725 77.0
9726 77.0
9727 77.0
9728 77.0
9729 77.0
9730 77.0
9731 77.0
9732 77.0
9733 77.0
9734 77.0
9735 77.0
9736 77.0
9737 77.0
9738 77.0
9739 77.0
9740 77.0
9741 77.0
9742 77.0
9743 77.0
9744 77.0
9745 77.0
9746 77.0
9747 77.0
9748 77.0
9749 77.0
9750 77.0
9751 77.0
9752 77.0
9753 77.0
9754 77.0
9755 77.0
9756 77.0
9757 77.0
9758 77.0
9759 77.0
9760 77.0
9761 77.0
9762 77.0
9763 77.0
9764 77.0
9765 77.0
9766 77.0
9767 77.0
9768 77.0
9769 77.0
9770 77.0
9771 77.0
9772 77.0
9773 77.0
9774 77.0
9775 77.0
9776 77.0
9777 77.0
9778 77.0
9779 77.0
9780 77.0
9781 77.0
9782 77.0
9783 77.0
9784 77.0
9785 77.0
9786 77.0
9787 77.0
9788 77.0
9789 77.0
9790 77.0
9791 77.0
9792 77.0
9793 77.0
9794 77.0
9795 77.0
9796 77.0
9797 77.0
9798 77.0
9799 77.0
9800 77.0
9801 77.0
9802 77.0
9803 77.0
9804 77.0
9805 77.0
9806 77.0
9807 77.0
9808 77.0
9809 77.0
9810 77.0
9811 77.0
9812 77.0
9813 77.0
9814 77.0
9815 77.0
9816 77.0
9817 77.0
9818 77.0
9819 77.0
9820 77.0
9821 77.0
9822 77.0
9823 77.0
9824 77.0
9825 77.0
9826 77.0
9827 77.0
9828 77.0
9829 77.0
9830 77.0
9831 77.0
9832 77.0
9833 77.0
9834 77.0
9835 77.0
9836 77.0
9837 77.0
9838 77.0
9839 77.0
9840 77.0
9841 77.0
9842 77.0
9843 77.0
9844 77.0
9845 77.0
9846 77.0
9847 77.0
9848 77.0
9849 77.0
9850 77.0
9851 77.0
9852 77.0
9853 77.0
9854 77.0
9855 77.0
9856 77.0
9857 77.0
9858 77.0
9859 77.0
9860 77.0
9861 77.0
9862 77.0
9863 77.0
9864 77.0
9865 77.0
9866 77.0
9867 77.0
9868 77.0
9869 77.0
9870 77.0
9871 77.0
9872 77.0
9873 77.0
9874 77.0
9875 77.0
9876 77.0
9877 77.0
9878 77.0
9879 77.0
9880 77.0
9881 77.0
9882 77.0
9883 77.0
9884 77.0
9885 77.0
9886 77.0
9887 77.0
9888 77.0
9889 77.0
9890 77.0
9891 77.0
9892 77.0
9893 77.0
9894 77.0
9895 77.0
9896 77.0
9897 77.0
9898 77.0
9899 77.0
9900 77.0
9901 77.0
9902 77.0
9903 77.0
9904 77.0
9905 77.0
9906 77.0
9907 77.0
9908 77.0
9909 77.0
9910 77.0
9911 77.0
9912 77.0
9913 77.0
9914 77.0
9915 77.0
9916 77.0
9917 77.0
9918 77.0
9919 77.0
9920 77.0
9921 77.0
9922 77.0
9923 77.0
9924 77.0
9925 77.0
9926 77.0
9927 77.0
9928 77.0
9929 77.0
9930 77.0
9931 77.0
9932 77.0
9933 77.0
9934 77.0
9935 77.0
9936 77.0
9937 77.0
9938 77.0
9939 77.0
9940 77.0
9941 77.0
9942 77.0
9943 77.0
9944 77.0
9945 77.0
9946 77.0
9947 77.0
9948 77.0
9949 77.0
9950 77.0
9951 77.0
9952 77.0
9953 77.0
9954 77.0
9955 77.0
9956 77.0
9957 77.0
9958 77.0
9959 77.0
9960 77.0
9961 77.0
9962 77.0
9963 77.0
9964 77.0
9965 77.0
9966 77.0
9967 77.0
9968 77.0
9969 77.0
9970 77.0
9971 77.0
9972 77.0
9973 77.0
9974 77.0
9975 77.0
9976 77.0
9977 77.0
9978 77.0
9979 77.0
9980 77.0
9981 77.0
9982 77.0
9983 77.0
9984 77.0
9985 77.0
9986 77.0
9987 77.0
9988 77.0
9989 77.0
9990 77.0
9991 77.0
9992 77.0
9993 77.0
9994 77.0
9995 77.0
9996 77.0
9997 77.0
9998 77.0
9999 77.0
10000 77.0
