evaluations raw_y
1 -2050.0000000000
5 -2048.0000000000
6 -2047.0000000000
7 -2046.0000000000
10 -2045.0000000000
12 -2044.0000000000
13 -2043.0000000000
14 -2042.0000000000
20 -2041.0000000000
22 -2040.0000000000
23 -2039.0000000000
26 -2036.0000000000
28 -2035.0000000000
30 -2034.0000000000
34 -2033.0000000000
35 -2032.0000000000
36 -2031.0000000000
37 -2030.0000000000
42 -2029.0000000000
44 -2028.0000000000
46 -2027.0000000000
47 -2026.0000000000
48 -2025.0000000000
49 -2024.0000000000
52 -2023.0000000000
55 -2022.0000000000
58 -2021.0000000000
59 -2020.0000000000
60 -2017.0000000000
61 -2015.0000000000
63 -2014.0000000000
66 -2013.0000000000
68 -2012.0000000000
71 -2011.0000000000
72 -2010.0000000000
73 -2009.0000000000
74 -2008.0000000000
77 -2007.0000000000
78 -2005.0000000000
80 -2004.0000000000
86 -2003.0000000000
92 -2002.0000000000
93 -2001.0000000000
98 -2000.0000000000
101 -1999.0000000000
106 -1998.0000000000
111 -1997.0000000000
112 -1996.0000000000
117 -1995.0000000000
119 -1993.0000000000
128 -1992.0000000000
130 -1991.0000000000
131 -1989.0000000000
133 -1988.0000000000
134 -1987.0000000000
136 -1986.0000000000
137 -1985.0000000000
138 -1984.0000000000
141 -1983.0000000000
142 -1982.0000000000
143 -1981.0000000000
144 -1980.0000000000
151 -1979.0000000000
157 -1977.0000000000
158 -1976.0000000000
161 -1975.0000000000
165 -1974.0000000000
167 -1973.0000000000
170 -1972.0000000000
171 -1971.0000000000
172 -1970.0000000000
174 -1969.0000000000
175 -1968.0000000000
176 -1967.0000000000
177 -1966.0000000000
178 -1965.0000000000
189 -1964.0000000000
190 -1963.0000000000
193 -1962.0000000000
195 -1961.0000000000
198 -1960.0000000000
199 -1959.0000000000
200 -1958.0000000000
204 -1957.0000000000
206 -1956.0000000000
209 -1955.0000000000
210 -1954.0000000000
212 -1952.0000000000
213 -1951.0000000000
215 -1949.0000000000
216 -1948.0000000000
217 -1947.0000000000
218 -1946.0000000000
224 -1945.0000000000
228 -1944.0000000000
233 -1943.0000000000
235 -1941.0000000000
237 -1940.0000000000
238 -1939.0000000000
239 -1938.0000000000
240 -1937.0000000000
241 -1936.0000000000
243 -1935.0000000000
245 -1934.0000000000
250 -1933.0000000000
252 -1931.0000000000
256 -1930.0000000000
259 -1929.0000000000
260 -1928.0000000000
261 -1927.0000000000
263 -1926.0000000000
265 -1924.0000000000
268 -1923.0000000000
269 -1922.0000000000
273 -1921.0000000000
274 -1920.0000000000
278 -1919.0000000000
279 -1918.0000000000
281 -1917.0000000000
288 -1916.0000000000
289 -1915.0000000000
292 -1914.0000000000
293 -1913.0000000000
295 -1912.0000000000
296 -1911.0000000000
298 -1910.0000000000
300 -1909.0000000000
302 -1908.0000000000
304 -1906.0000000000
305 -1904.0000000000
307 -1903.0000000000
309 -1902.0000000000
311 -1900.0000000000
316 -1899.0000000000
317 -1896.0000000000
319 -1895.0000000000
321 -1894.0000000000
324 -1893.0000000000
325 -1891.0000000000
327 -1890.0000000000
328 -1889.0000000000
330 -1888.0000000000
331 -1886.0000000000
332 -1885.0000000000
334 -1884.0000000000
336 -1883.0000000000
337 -1881.0000000000
339 -1880.0000000000
340 -1879.0000000000
341 -1878.0000000000
342 -1877.0000000000
344 -1875.0000000000
346 -1874.0000000000
347 -1873.0000000000
353 -1872.0000000000
354 -1870.0000000000
361 -1869.0000000000
363 -1868.0000000000
364 -1867.0000000000
366 -1866.0000000000
371 -1865.0000000000
374 -1864.0000000000
375 -1863.0000000000
377 -1862.0000000000
381 -1861.0000000000
387 -1860.0000000000
389 -1859.0000000000
390 -1858.0000000000
391 -1857.0000000000
395 -1856.0000000000
396 -1855.0000000000
400 -1854.0000000000
402 -1853.0000000000
405 -1852.0000000000
410 -1850.0000000000
412 -1849.0000000000
413 -1848.0000000000
414 -1846.0000000000
415 -1845.0000000000
418 -1844.0000000000
422 -1843.0000000000
423 -1842.0000000000
425 -1841.0000000000
427 -1840.0000000000
430 -1838.0000000000
431 -1837.0000000000
434 -1836.0000000000
435 -1834.0000000000
440 -1833.0000000000
445 -1832.0000000000
446 -1831.0000000000
448 -1830.0000000000
449 -1829.0000000000
451 -1828.0000000000
452 -1827.0000000000
454 -1825.0000000000
455 -1824.0000000000
457 -1822.0000000000
462 -1821.0000000000
463 -1820.0000000000
466 -1818.0000000000
467 -1816.0000000000
468 -1815.0000000000
471 -1814.0000000000
472 -1812.0000000000
473 -1811.0000000000
475 -1810.0000000000
480 -1808.0000000000
484 -1807.0000000000
487 -1805.0000000000
488 -1804.0000000000
492 -1803.0000000000
493 -1802.0000000000
494 -1801.0000000000
496 -1800.0000000000
501 -1799.0000000000
503 -1798.0000000000
505 -1797.0000000000
506 -1796.0000000000
509 -1795.0000000000
511 -1794.0000000000
513 -1793.0000000000
517 -1791.0000000000
519 -1790.0000000000
525 -1789.0000000000
530 -1788.0000000000
531 -1787.0000000000
532 -1786.0000000000
537 -1785.0000000000
538 -1784.0000000000
540 -1783.0000000000
542 -1782.0000000000
543 -1781.0000000000
547 -1780.0000000000
548 -1779.0000000000
551 -1778.0000000000
553 -1777.0000000000
559 -1776.0000000000
560 -1775.0000000000
561 -1774.0000000000
563 -1772.0000000000
565 -1771.0000000000
566 -1770.0000000000
568 -1769.0000000000
570 -1768.0000000000
572 -1767.0000000000
574 -1766.0000000000
575 -1765.0000000000
585 -1764.0000000000
587 -1763.0000000000
591 -1762.0000000000
600 -1761.0000000000
601 -1760.0000000000
602 -1759.0000000000
604 -1758.0000000000
605 -1757.0000000000
608 -1756.0000000000
610 -1755.0000000000
611 -1754.0000000000
612 -1753.0000000000
614 -1752.0000000000
616 -1751.0000000000
617 -1748.0000000000
618 -1747.0000000000
619 -1746.0000000000
620 -1745.0000000000
621 -1744.0000000000
623 -1742.0000000000
624 -1741.0000000000
625 -1740.0000000000
629 -1739.0000000000
630 -1738.0000000000
632 -1737.0000000000
634 -1736.0000000000
635 -1735.0000000000
636 -1733.0000000000
637 -1732.0000000000
638 -1730.0000000000
640 -1729.0000000000
642 -1728.0000000000
646 -1727.0000000000
651 -1725.0000000000
654 -1723.0000000000
656 -1722.0000000000
659 -1721.0000000000
664 -1720.0000000000
665 -1719.0000000000
666 -1718.0000000000
667 -1716.0000000000
670 -1715.0000000000
671 -1714.0000000000
672 -1713.0000000000
674 -1712.0000000000
675 -1711.0000000000
676 -1710.0000000000
677 -1709.0000000000
678 -1708.0000000000
679 -1707.0000000000
680 -1706.0000000000
681 -1705.0000000000
683 -1704.0000000000
685 -1702.0000000000
687 -1701.0000000000
692 -1700.0000000000
693 -1699.0000000000
694 -1698.0000000000
695 -1697.0000000000
698 -1695.0000000000
700 -1694.0000000000
702 -1693.0000000000
703 -1692.0000000000
707 -1691.0000000000
711 -1690.0000000000
713 -1689.0000000000
717 -1688.0000000000
718 -1687.0000000000
719 -1685.0000000000
720 -1684.0000000000
721 -1683.0000000000
724 -1682.0000000000
725 -1681.0000000000
728 -1680.0000000000
734 -1679.0000000000
740 -1678.0000000000
741 -1676.0000000000
743 -1675.0000000000
745 -1674.0000000000
746 -1673.0000000000
749 -1672.0000000000
757 -1671.0000000000
766 -1669.0000000000
768 -1668.0000000000
770 -1667.0000000000
777 -1666.0000000000
780 -1665.0000000000
784 -1664.0000000000
785 -1663.0000000000
787 -1662.0000000000
796 -1661.0000000000
797 -1660.0000000000
803 -1659.0000000000
804 -1658.0000000000
811 -1657.0000000000
812 -1655.0000000000
818 -1654.0000000000
820 -1653.0000000000
823 -1652.0000000000
824 -1650.0000000000
825 -1649.0000000000
830 -1648.0000000000
831 -1646.0000000000
832 -1645.0000000000
833 -1644.0000000000
841 -1642.0000000000
842 -1641.0000000000
844 -1640.0000000000
848 -1638.0000000000
850 -1637.0000000000
851 -1636.0000000000
857 -1635.0000000000
858 -1634.0000000000
860 -1633.0000000000
865 -1632.0000000000
866 -1631.0000000000
868 -1630.0000000000
869 -1629.0000000000
870 -1628.0000000000
871 -1627.0000000000
874 -1626.0000000000
876 -1624.0000000000
880 -1622.0000000000
885 -1621.0000000000
889 -1620.0000000000
891 -1619.0000000000
892 -1618.0000000000
893 -1617.0000000000
897 -1616.0000000000
902 -1615.0000000000
904 -1614.0000000000
905 -1613.0000000000
906 -1612.0000000000
915 -1611.0000000000
917 -1610.0000000000
920 -1609.0000000000
922 -1608.0000000000
925 -1607.0000000000
928 -1606.0000000000
929 -1605.0000000000
930 -1604.0000000000
931 -1603.0000000000
932 -1602.0000000000
943 -1601.0000000000
946 -1600.0000000000
951 -1599.0000000000
953 -1597.0000000000
955 -1596.0000000000
963 -1595.0000000000
966 -1594.0000000000
969 -1592.0000000000
970 -1591.0000000000
971 -1590.0000000000
973 -1589.0000000000
975 -1588.0000000000
978 -1585.0000000000
980 -1584.0000000000
981 -1582.0000000000
983 -1581.0000000000
984 -1580.0000000000
986 -1579.0000000000
987 -1578.0000000000
988 -1577.0000000000
989 -1576.0000000000
993 -1575.0000000000
995 -1574.0000000000
996 -1573.0000000000
997 -1572.0000000000
1007 -1571.0000000000
1009 -1570.0000000000
1013 -1569.0000000000
1017 -1568.0000000000
1019 -1567.0000000000
1020 -1566.0000000000
1025 -1565.0000000000
1028 -1564.0000000000
1030 -1563.0000000000
1034 -1561.0000000000
1039 -1560.0000000000
1040 -1559.0000000000
1041 -1558.0000000000
1042 -1557.0000000000
1045 -1556.0000000000
1046 -1555.0000000000
1048 -1554.0000000000
1052 -1553.0000000000
1054 -1552.0000000000
1058 -1550.0000000000
1061 -1548.0000000000
1063 -1547.0000000000
1065 -1546.0000000000
1067 -1545.0000000000
1071 -1544.0000000000
1074 -1543.0000000000
1075 -1542.0000000000
1079 -1541.0000000000
1080 -1539.0000000000
1081 -1538.0000000000
1082 -1537.0000000000
1084 -1535.0000000000
1085 -1534.0000000000
1089 -1533.0000000000
1099 -1532.0000000000
1100 -1531.0000000000
1101 -1530.0000000000
1102 -1529.0000000000
1107 -1527.0000000000
1112 -1525.0000000000
1115 -1524.0000000000
1118 -1523.0000000000
1119 -1522.0000000000
1120 -1521.0000000000
1123 -1520.0000000000
1124 -1519.0000000000
1125 -1518.0000000000
1126 -1517.0000000000
1127 -1516.0000000000
1129 -1515.0000000000
1137 -1514.0000000000
1139 -1513.0000000000
1142 -1512.0000000000
1144 -1511.0000000000
1145 -1510.0000000000
1150 -1509.0000000000
1151 -1508.0000000000
1153 -1507.0000000000
1154 -1506.0000000000
1155 -1505.0000000000
1161 -1504.0000000000
1165 -1503.0000000000
1166 -1502.0000000000
1169 -1501.0000000000
1172 -1500.0000000000
1173 -1499.0000000000
1179 -1498.0000000000
1188 -1497.0000000000
1190 -1496.0000000000
1191 -1495.0000000000
1192 -1494.0000000000
1193 -1493.0000000000
1195 -1492.0000000000
1197 -1491.0000000000
1200 -1490.0000000000
1204 -1489.0000000000
1206 -1488.0000000000
1207 -1487.0000000000
1210 -1486.0000000000
1211 -1485.0000000000
1221 -1484.0000000000
1223 -1483.0000000000
1225 -1482.0000000000
1238 -1481.0000000000
1252 -1480.0000000000
1262 -1479.0000000000
1264 -1478.0000000000
1265 -1477.0000000000
1266 -1476.0000000000
1277 -1475.0000000000
1278 -1474.0000000000
1280 -1473.0000000000
1285 -1472.0000000000
1287 -1470.0000000000
1288 -1469.0000000000
1291 -1468.0000000000
1292 -1467.0000000000
1297 -1466.0000000000
1298 -1465.0000000000
1300 -1464.0000000000
1303 -1463.0000000000
1305 -1462.0000000000
1312 -1461.0000000000
1313 -1460.0000000000
1314 -1459.0000000000
1320 -1458.0000000000
1321 -1457.0000000000
1323 -1456.0000000000
1324 -1455.0000000000
1326 -1454.0000000000
1334 -1453.0000000000
1336 -1452.0000000000
1337 -1451.0000000000
1340 -1450.0000000000
1342 -1449.0000000000
1349 -1448.0000000000
1351 -1447.0000000000
1360 -1446.0000000000
1364 -1445.0000000000
1369 -1444.0000000000
1373 -1443.0000000000
1382 -1442.0000000000
1386 -1441.0000000000
1388 -1440.0000000000
1392 -1439.0000000000
1400 -1438.0000000000
1405 -1437.0000000000
1406 -1435.0000000000
1408 -1434.0000000000
1413 -1433.0000000000
1415 -1432.0000000000
1416 -1431.0000000000
1420 -1430.0000000000
1422 -1429.0000000000
1425 -1428.0000000000
1426 -1427.0000000000
1431 -1426.0000000000
1432 -1425.0000000000
1438 -1423.0000000000
1442 -1422.0000000000
1444 -1421.0000000000
1450 -1420.0000000000
1452 -1419.0000000000
1455 -1418.0000000000
1459 -1417.0000000000
1462 -1416.0000000000
1465 -1415.0000000000
1468 -1414.0000000000
1470 -1413.0000000000
1471 -1410.0000000000
1478 -1409.0000000000
1479 -1408.0000000000
1481 -1407.0000000000
1483 -1406.0000000000
1485 -1405.0000000000
1495 -1404.0000000000
1507 -1403.0000000000
1508 -1402.0000000000
1511 -1401.0000000000
1516 -1400.0000000000
1518 -1399.0000000000
1520 -1398.0000000000
1522 -1397.0000000000
1528 -1396.0000000000
1531 -1395.0000000000
1534 -1394.0000000000
1542 -1393.0000000000
1543 -1392.0000000000
1547 -1391.0000000000
1548 -1390.0000000000
1552 -1389.0000000000
1555 -1388.0000000000
1556 -1387.0000000000
1558 -1386.0000000000
1564 -1385.0000000000
1565 -1384.0000000000
1566 -1383.0000000000
1571 -1382.0000000000
1572 -1381.0000000000
1574 -1380.0000000000
1577 -1379.0000000000
1578 -1378.0000000000
1582 -1377.0000000000
1585 -1376.0000000000
1594 -1375.0000000000
1595 -1374.0000000000
1598 -1373.0000000000
1599 -1372.0000000000
1601 -1370.0000000000
1602 -1369.0000000000
1603 -1368.0000000000
1606 -1367.0000000000
1607 -1366.0000000000
1608 -1365.0000000000
1622 -1364.0000000000
1623 -1363.0000000000
1628 -1362.0000000000
1633 -1361.0000000000
1640 -1359.0000000000
1641 -1358.0000000000
1643 -1357.0000000000
1644 -1356.0000000000
1645 -1355.0000000000
1651 -1354.0000000000
1653 -1353.0000000000
1654 -1352.0000000000
1655 -1351.0000000000
1661 -1350.0000000000
1662 -1349.0000000000
1666 -1348.0000000000
1669 -1347.0000000000
1677 -1344.0000000000
1682 -1342.0000000000
1684 -1341.0000000000
1685 -1340.0000000000
1688 -1339.0000000000
1689 -1337.0000000000
1691 -1336.0000000000
1693 -1335.0000000000
1703 -1334.0000000000
1704 -1333.0000000000
1705 -1332.0000000000
1711 -1331.0000000000
1712 -1330.0000000000
1716 -1328.0000000000
1717 -1327.0000000000
1721 -1326.0000000000
1730 -1325.0000000000
1732 -1324.0000000000
1734 -1323.0000000000
1737 -1322.0000000000
1738 -1321.0000000000
1741 -1320.0000000000
1753 -1319.0000000000
1754 -1318.0000000000
1756 -1317.0000000000
1762 -1316.0000000000
1763 -1315.0000000000
1765 -1314.0000000000
1767 -1313.0000000000
1782 -1312.0000000000
1787 -1311.0000000000
1792 -1309.0000000000
1793 -1308.0000000000
1795 -1307.0000000000
1796 -1306.0000000000
1799 -1305.0000000000
1800 -1304.0000000000
1801 -1303.0000000000
1803 -1302.0000000000
1807 -1301.0000000000
1808 -1300.0000000000
1815 -1299.0000000000
1820 -1298.0000000000
1825 -1297.0000000000
1827 -1296.0000000000
1830 -1295.0000000000
1831 -1294.0000000000
1836 -1293.0000000000
1837 -1292.0000000000
1839 -1291.0000000000
1850 -1290.0000000000
1851 -1289.0000000000
1857 -1288.0000000000
1861 -1287.0000000000
1862 -1286.0000000000
1866 -1285.0000000000
1868 -1283.0000000000
1869 -1282.0000000000
1873 -1281.0000000000
1875 -1279.0000000000
1881 -1278.0000000000
1883 -1277.0000000000
1887 -1276.0000000000
1888 -1275.0000000000
1899 -1274.0000000000
1904 -1273.0000000000
1905 -1272.0000000000
1906 -1271.0000000000
1908 -1270.0000000000
1911 -1269.0000000000
1912 -1268.0000000000
1915 -1267.0000000000
1916 -1266.0000000000
1917 -1265.0000000000
1919 -1264.0000000000
1921 -1263.0000000000
1926 -1262.0000000000
1930 -1261.0000000000
1931 -1260.0000000000
1936 -1259.0000000000
1943 -1258.0000000000
1948 -1257.0000000000
1950 -1256.0000000000
1951 -1255.0000000000
1953 -1254.0000000000
1954 -1253.0000000000
1956 -1249.0000000000
1960 -1248.0000000000
1961 -1247.0000000000
1974 -1246.0000000000
1975 -1245.0000000000
1979 -1243.0000000000
1981 -1241.0000000000
1985 -1240.0000000000
1992 -1239.0000000000
1993 -1238.0000000000
1997 -1237.0000000000
2001 -1236.0000000000
2011 -1235.0000000000
2012 -1234.0000000000
2015 -1233.0000000000
2018 -1232.0000000000
2019 -1231.0000000000
2021 -1230.0000000000
2025 -1229.0000000000
2026 -1228.0000000000
2027 -1226.0000000000
2030 -1225.0000000000
2035 -1224.0000000000
2038 -1223.0000000000
2039 -1222.0000000000
2046 -1221.0000000000
2056 -1220.0000000000
2066 -1219.0000000000
2067 -1218.0000000000
2072 -1217.0000000000
2073 -1216.0000000000
2077 -1215.0000000000
2078 -1214.0000000000
2080 -1213.0000000000
2083 -1212.0000000000
2093 -1211.0000000000
2094 -1210.0000000000
2098 -1209.0000000000
2115 -1208.0000000000
2118 -1207.0000000000
2120 -1206.0000000000
2121 -1205.0000000000
2122 -1204.0000000000
2125 -1203.0000000000
2141 -1202.0000000000
2147 -1201.0000000000
2149 -1200.0000000000
2151 -1199.0000000000
2158 -1198.0000000000
2161 -1196.0000000000
2163 -1195.0000000000
2166 -1194.0000000000
2171 -1193.0000000000
2172 -1192.0000000000
2175 -1191.0000000000
2179 -1190.0000000000
2181 -1189.0000000000
2187 -1188.0000000000
2192 -1187.0000000000
2203 -1186.0000000000
2205 -1185.0000000000
2206 -1184.0000000000
2212 -1183.0000000000
2213 -1182.0000000000
2218 -1181.0000000000
2227 -1180.0000000000
2228 -1179.0000000000
2231 -1178.0000000000
2236 -1177.0000000000
2237 -1176.0000000000
2238 -1175.0000000000
2240 -1174.0000000000
2241 -1173.0000000000
2242 -1172.0000000000
2245 -1171.0000000000
2246 -1170.0000000000
2247 -1169.0000000000
2255 -1168.0000000000
2257 -1167.0000000000
2260 -1166.0000000000
2264 -1165.0000000000
2266 -1164.0000000000
2268 -1163.0000000000
2269 -1162.0000000000
2278 -1161.0000000000
2279 -1159.0000000000
2280 -1158.0000000000
2281 -1157.0000000000
2287 -1156.0000000000
2290 -1155.0000000000
2293 -1154.0000000000
2294 -1153.0000000000
2296 -1152.0000000000
2297 -1151.0000000000
2300 -1149.0000000000
2310 -1148.0000000000
2312 -1147.0000000000
2320 -1146.0000000000
2322 -1145.0000000000
2327 -1144.0000000000
2329 -1143.0000000000
2331 -1142.0000000000
2345 -1141.0000000000
2346 -1140.0000000000
2349 -1139.0000000000
2354 -1138.0000000000
2357 -1137.0000000000
2358 -1136.0000000000
2375 -1135.0000000000
2380 -1134.0000000000
2383 -1133.0000000000
2387 -1132.0000000000
2390 -1131.0000000000
2391 -1130.0000000000
2392 -1129.0000000000
2401 -1127.0000000000
2405 -1126.0000000000
2407 -1125.0000000000
2409 -1124.0000000000
2416 -1123.0000000000
2417 -1122.0000000000
2418 -1121.0000000000
2426 -1119.0000000000
2428 -1118.0000000000
2430 -1117.0000000000
2431 -1116.0000000000
2434 -1115.0000000000
2435 -1114.0000000000
2437 -1112.0000000000
2438 -1111.0000000000
2452 -1110.0000000000
2460 -1109.0000000000
2463 -1108.0000000000
2471 -1107.0000000000
2476 -1105.0000000000
2484 -1104.0000000000
2485 -1103.0000000000
2486 -1102.0000000000
2489 -1101.0000000000
2491 -1100.0000000000
2492 -1099.0000000000
2493 -1098.0000000000
2494 -1097.0000000000
2495 -1096.0000000000
2503 -1095.0000000000
2506 -1094.0000000000
2507 -1093.0000000000
2508 -1092.0000000000
2509 -1091.0000000000
2511 -1090.0000000000
2516 -1089.0000000000
2521 -1088.0000000000
2524 -1087.0000000000
2525 -1086.0000000000
2528 -1085.0000000000
2529 -1084.0000000000
2536 -1083.0000000000
2539 -1082.0000000000
2540 -1081.0000000000
2542 -1080.0000000000
2556 -1079.0000000000
2561 -1078.0000000000
2569 -1077.0000000000
2574 -1076.0000000000
2583 -1075.0000000000
2587 -1074.0000000000
2605 -1073.0000000000
2607 -1072.0000000000
2608 -1071.0000000000
2612 -1070.0000000000
2615 -1068.0000000000
2618 -1067.0000000000
2620 -1066.0000000000
2623 -1065.0000000000
2630 -1064.0000000000
2634 -1063.0000000000
2639 -1062.0000000000
2641 -1061.0000000000
2642 -1060.0000000000
2643 -1059.0000000000
2649 -1058.0000000000
2658 -1057.0000000000
2666 -1056.0000000000
2668 -1055.0000000000
2671 -1054.0000000000
2674 -1053.0000000000
2679 -1052.0000000000
2688 -1051.0000000000
2689 -1050.0000000000
2695 -1049.0000000000
2697 -1048.0000000000
2702 -1046.0000000000
2705 -1045.0000000000
2711 -1044.0000000000
2722 -1042.0000000000
2727 -1041.0000000000
2742 -1040.0000000000
2744 -1039.0000000000
2766 -1037.0000000000
2772 -1036.0000000000
2773 -1035.0000000000
2777 -1034.0000000000
2787 -1032.0000000000
2792 -1029.0000000000
2793 -1028.0000000000
2796 -1027.0000000000
2807 -1026.0000000000
2814 -1025.0000000000
2819 -1023.0000000000
2823 -1022.0000000000
2824 -1021.0000000000
2839 -1020.0000000000
2840 -1019.0000000000
2846 -1018.0000000000
2858 -1017.0000000000
2863 -1016.0000000000
2868 -1015.0000000000
2873 -1014.0000000000
2881 -1013.0000000000
2889 -1012.0000000000
2891 -1011.0000000000
2892 -1010.0000000000
2895 -1009.0000000000
2898 -1008.0000000000
2901 -1007.0000000000
2903 -1006.0000000000
2905 -1005.0000000000
2912 -1004.0000000000
2913 -1002.0000000000
2915 -1001.0000000000
2916 -1000.0000000000
2917 -999.0000000000
2919 -998.0000000000
2920 -997.0000000000
2921 -996.0000000000
2923 -995.0000000000
2932 -994.0000000000
2943 -993.0000000000
2945 -991.0000000000
2946 -990.0000000000
2948 -989.0000000000
2952 -988.0000000000
2960 -987.0000000000
2964 -986.0000000000
2969 -985.0000000000
2971 -984.0000000000
2988 -983.0000000000
2997 -982.0000000000
2999 -981.0000000000
3005 -979.0000000000
3014 -978.0000000000
3016 -977.0000000000
3023 -976.0000000000
3024 -975.0000000000
3035 -974.0000000000
3044 -973.0000000000
3049 -972.0000000000
3066 -970.0000000000
3067 -969.0000000000
3069 -968.0000000000
3071 -966.0000000000
3085 -965.0000000000
3090 -964.0000000000
3095 -963.0000000000
3104 -962.0000000000
3110 -961.0000000000
3111 -960.0000000000
3112 -959.0000000000
3113 -958.0000000000
3114 -957.0000000000
3117 -956.0000000000
3120 -955.0000000000
3124 -954.0000000000
3126 -952.0000000000
3128 -951.0000000000
3134 -949.0000000000
3135 -948.0000000000
3136 -947.0000000000
3142 -946.0000000000
3151 -945.0000000000
3152 -944.0000000000
3154 -943.0000000000
3159 -942.0000000000
3162 -941.0000000000
3167 -940.0000000000
3170 -939.0000000000
3173 -938.0000000000
3178 -937.0000000000
3181 -936.0000000000
3184 -935.0000000000
3186 -934.0000000000
3187 -933.0000000000
3188 -932.0000000000
3189 -931.0000000000
3193 -930.0000000000
3196 -929.0000000000
3199 -928.0000000000
3206 -927.0000000000
3211 -926.0000000000
3212 -925.0000000000
3218 -924.0000000000
3225 -922.0000000000
3229 -921.0000000000
3231 -920.0000000000
3239 -919.0000000000
3251 -918.0000000000
3252 -917.0000000000
3254 -916.0000000000
3258 -915.0000000000
3264 -914.0000000000
3265 -913.0000000000
3269 -912.0000000000
3274 -911.0000000000
3279 -910.0000000000
3282 -909.0000000000
3286 -908.0000000000
3289 -907.0000000000
3292 -906.0000000000
3294 -905.0000000000
3302 -903.0000000000
3311 -902.0000000000
3312 -901.0000000000
3319 -900.0000000000
3323 -899.0000000000
3332 -898.0000000000
3347 -897.0000000000
3350 -896.0000000000
3357 -894.0000000000
3359 -893.0000000000
3361 -892.0000000000
3365 -891.0000000000
3372 -890.0000000000
3386 -889.0000000000
3403 -888.0000000000
3404 -887.0000000000
3408 -886.0000000000
3409 -885.0000000000
3416 -884.0000000000
3417 -883.0000000000
3420 -882.0000000000
3423 -881.0000000000
3426 -880.0000000000
3432 -879.0000000000
3436 -878.0000000000
3438 -877.0000000000
3439 -876.0000000000
3440 -875.0000000000
3442 -874.0000000000
3446 -873.0000000000
3448 -872.0000000000
3449 -871.0000000000
3463 -870.0000000000
3468 -869.0000000000
3469 -868.0000000000
3470 -867.0000000000
3474 -866.0000000000
3477 -865.0000000000
3501 -864.0000000000
3504 -863.0000000000
3506 -861.0000000000
3508 -860.0000000000
3513 -859.0000000000
3520 -858.0000000000
3524 -857.0000000000
3533 -856.0000000000
3545 -855.0000000000
3552 -853.0000000000
3554 -852.0000000000
3559 -851.0000000000
3567 -850.0000000000
3571 -849.0000000000
3580 -848.0000000000
3581 -847.0000000000
3582 -844.0000000000
3592 -843.0000000000
3603 -842.0000000000
3609 -841.0000000000
3612 -840.0000000000
3614 -839.0000000000
3618 -838.0000000000
3629 -837.0000000000
3634 -836.0000000000
3637 -835.0000000000
3639 -834.0000000000
3640 -833.0000000000
3642 -832.0000000000
3644 -831.0000000000
3646 -830.0000000000
3658 -829.0000000000
3659 -828.0000000000
3666 -827.0000000000
3671 -826.0000000000
3680 -825.0000000000
3684 -824.0000000000
3688 -823.0000000000
3689 -822.0000000000
3690 -821.0000000000
3693 -820.0000000000
3696 -818.0000000000
3711 -817.0000000000
3721 -816.0000000000
3724 -815.0000000000
3726 -813.0000000000
3754 -812.0000000000
3755 -811.0000000000
3771 -810.0000000000
3791 -809.0000000000
3792 -808.0000000000
3794 -807.0000000000
3804 -806.0000000000
3815 -805.0000000000
3818 -804.0000000000
3827 -803.0000000000
3833 -802.0000000000
3834 -801.0000000000
3842 -800.0000000000
3850 -799.0000000000
3851 -798.0000000000
3853 -797.0000000000
3868 -796.0000000000
3870 -795.0000000000
3876 -794.0000000000
3880 -793.0000000000
3884 -792.0000000000
3890 -791.0000000000
3891 -790.0000000000
3896 -789.0000000000
3901 -788.0000000000
3911 -787.0000000000
3912 -786.0000000000
3913 -785.0000000000
3916 -784.0000000000
3917 -783.0000000000
3921 -782.0000000000
3927 -781.0000000000
3928 -780.0000000000
3934 -779.0000000000
3942 -778.0000000000
3949 -777.0000000000
3951 -776.0000000000
3954 -774.0000000000
3965 -773.0000000000
3966 -772.0000000000
3978 -771.0000000000
4001 -770.0000000000
4002 -769.0000000000
4003 -768.0000000000
4011 -767.0000000000
4014 -766.0000000000
4025 -765.0000000000
4030 -764.0000000000
4033 -763.0000000000
4052 -762.0000000000
4053 -761.0000000000
4058 -760.0000000000
4060 -759.0000000000
4063 -758.0000000000
4069 -757.0000000000
4080 -756.0000000000
4081 -755.0000000000
4087 -754.0000000000
4098 -753.0000000000
4105 -752.0000000000
4117 -751.0000000000
4127 -750.0000000000
4146 -749.0000000000
4151 -748.0000000000
4163 -747.0000000000
4164 -746.0000000000
4166 -745.0000000000
4170 -744.0000000000
4174 -743.0000000000
4178 -742.0000000000
4182 -740.0000000000
4186 -739.0000000000
4190 -738.0000000000
4192 -737.0000000000
4204 -736.0000000000
4208 -735.0000000000
4223 -734.0000000000
4231 -733.0000000000
4239 -732.0000000000
4247 -731.0000000000
4263 -730.0000000000
4266 -729.0000000000
4272 -728.0000000000
4273 -727.0000000000
4305 -726.0000000000
4324 -723.0000000000
4326 -722.0000000000
4332 -721.0000000000
4341 -720.0000000000
4349 -719.0000000000
4352 -718.0000000000
4361 -717.0000000000
4363 -716.0000000000
4365 -715.0000000000
4373 -714.0000000000
4375 -713.0000000000
4382 -712.0000000000
4399 -711.0000000000
4401 -710.0000000000
4415 -709.0000000000
4421 -708.0000000000
4428 -707.0000000000
4432 -706.0000000000
4434 -705.0000000000
4438 -704.0000000000
4442 -703.0000000000
4445 -702.0000000000
4449 -701.0000000000
4454 -700.0000000000
4467 -699.0000000000
4482 -698.0000000000
4492 -697.0000000000
4493 -696.0000000000
4500 -695.0000000000
4506 -694.0000000000
4528 -693.0000000000
4554 -691.0000000000
4555 -690.0000000000
4560 -689.0000000000
4568 -688.0000000000
4580 -687.0000000000
4584 -686.0000000000
4593 -685.0000000000
4594 -684.0000000000
4602 -683.0000000000
4603 -682.0000000000
4604 -681.0000000000
4610 -680.0000000000
4613 -679.0000000000
4619 -677.0000000000
4620 -676.0000000000
4625 -674.0000000000
4633 -673.0000000000
4647 -672.0000000000
4648 -671.0000000000
4651 -670.0000000000
4668 -669.0000000000
4676 -668.0000000000
4681 -667.0000000000
4683 -666.0000000000
4685 -665.0000000000
4686 -664.0000000000
4693 -663.0000000000
4694 -662.0000000000
4697 -661.0000000000
4708 -660.0000000000
4710 -659.0000000000
4726 -658.0000000000
4740 -657.0000000000
4752 -656.0000000000
4754 -655.0000000000
4766 -654.0000000000
4769 -653.0000000000
4781 -652.0000000000
4784 -651.0000000000
4792 -650.0000000000
4797 -649.0000000000
4798 -648.0000000000
4801 -647.0000000000
4802 -646.0000000000
4807 -645.0000000000
4848 -644.0000000000
4851 -643.0000000000
4856 -642.0000000000
4871 -641.0000000000
4876 -640.0000000000
4878 -639.0000000000
4881 -638.0000000000
4894 -637.0000000000
4909 -636.0000000000
4920 -635.0000000000
4932 -634.0000000000
4960 -633.0000000000
4963 -632.0000000000
4968 -631.0000000000
4972 -630.0000000000
4984 -628.0000000000
4993 -627.0000000000
5001 -626.0000000000
5005 -625.0000000000
5007 -624.0000000000
5019 -623.0000000000
5023 -622.0000000000
5027 -621.0000000000
5029 -620.0000000000
5031 -619.0000000000
5032 -618.0000000000
5034 -617.0000000000
5046 -616.0000000000
5058 -615.0000000000
5075 -614.0000000000
5076 -613.0000000000
5101 -612.0000000000
5104 -611.0000000000
5110 -609.0000000000
5128 -608.0000000000
5129 -607.0000000000
5139 -606.0000000000
5140 -605.0000000000
5145 -604.0000000000
5150 -603.0000000000
5152 -602.0000000000
5156 -601.0000000000
5163 -600.0000000000
5196 -599.0000000000
5206 -598.0000000000
5220 -597.0000000000
5222 -596.0000000000
5225 -595.0000000000
5226 -593.0000000000
5236 -592.0000000000
5255 -591.0000000000
5256 -590.0000000000
5258 -589.0000000000
5264 -588.0000000000
5296 -587.0000000000
5297 -586.0000000000
5317 -585.0000000000
5331 -584.0000000000
5353 -583.0000000000
5361 -582.0000000000
5367 -581.0000000000
5371 -580.0000000000
5374 -579.0000000000
5398 -578.0000000000
5408 -577.0000000000
5433 -576.0000000000
5437 -575.0000000000
5440 -573.0000000000
5451 -572.0000000000
5452 -571.0000000000
5466 -570.0000000000
5485 -569.0000000000
5498 -568.0000000000
5500 -567.0000000000
5505 -566.0000000000
5513 -565.0000000000
5517 -564.0000000000
5529 -563.0000000000
5534 -562.0000000000
5536 -561.0000000000
5540 -560.0000000000
5541 -559.0000000000
5550 -558.0000000000
5551 -557.0000000000
5575 -556.0000000000
5577 -555.0000000000
5586 -554.0000000000
5589 -553.0000000000
5598 -552.0000000000
5606 -551.0000000000
5612 -550.0000000000
5626 -549.0000000000
5638 -548.0000000000
5644 -547.0000000000
5660 -546.0000000000
5683 -545.0000000000
5686 -544.0000000000
5688 -543.0000000000
5692 -542.0000000000
5701 -541.0000000000
5706 -540.0000000000
5723 -539.0000000000
5735 -538.0000000000
5744 -537.0000000000
5748 -536.0000000000
5761 -535.0000000000
5781 -534.0000000000
5787 -533.0000000000
5799 -532.0000000000
5827 -531.0000000000
5830 -530.0000000000
5835 -529.0000000000
5836 -527.0000000000
5838 -526.0000000000
5840 -525.0000000000
5845 -524.0000000000
5847 -523.0000000000
5854 -522.0000000000
5855 -521.0000000000
5865 -520.0000000000
5867 -519.0000000000
5899 -518.0000000000
5904 -517.0000000000
5913 -516.0000000000
5922 -515.0000000000
5926 -514.0000000000
5930 -513.0000000000
5935 -512.0000000000
5954 -511.0000000000
5982 -510.0000000000
5986 -509.0000000000
5996 -508.0000000000
6030 -507.0000000000
6042 -506.0000000000
6049 -505.0000000000
6050 -503.0000000000
6084 -502.0000000000
6088 -501.0000000000
6096 -500.0000000000
6101 -499.0000000000
6107 -498.0000000000
6120 -497.0000000000
6123 -496.0000000000
6141 -495.0000000000
6142 -494.0000000000
6143 -493.0000000000
6155 -492.0000000000
6157 -491.0000000000
6164 -490.0000000000
6167 -489.0000000000
6227 -488.0000000000
6260 -487.0000000000
6264 -486.0000000000
6271 -485.0000000000
6287 -484.0000000000
6290 -483.0000000000
6306 -481.0000000000
6307 -480.0000000000
6318 -479.0000000000
6343 -478.0000000000
6347 -477.0000000000
6371 -476.0000000000
6397 -475.0000000000
6398 -474.0000000000
6402 -473.0000000000
6414 -472.0000000000
6427 -471.0000000000
6440 -470.0000000000
6446 -469.0000000000
6451 -468.0000000000
6463 -467.0000000000
6475 -466.0000000000
6477 -465.0000000000
6515 -464.0000000000
6523 -463.0000000000
6526 -462.0000000000
6538 -461.0000000000
6541 -460.0000000000
6542 -459.0000000000
6545 -458.0000000000
6570 -457.0000000000
6577 -456.0000000000
6582 -455.0000000000
6583 -454.0000000000
6588 -453.0000000000
6598 -452.0000000000
6600 -451.0000000000
6621 -450.0000000000
6622 -449.0000000000
6643 -448.0000000000
6646 -447.0000000000
6661 -446.0000000000
6670 -445.0000000000
6679 -444.0000000000
6728 -443.0000000000
6765 -442.0000000000
6777 -441.0000000000
6795 -440.0000000000
6815 -439.0000000000
6816 -438.0000000000
6842 -437.0000000000
6843 -436.0000000000
6850 -435.0000000000
6853 -434.0000000000
6868 -433.0000000000
6872 -432.0000000000
6884 -431.0000000000
6889 -430.0000000000
6890 -429.0000000000
6907 -428.0000000000
6924 -427.0000000000
6934 -426.0000000000
6965 -425.0000000000
6997 -424.0000000000
7015 -423.0000000000
7033 -422.0000000000
7048 -421.0000000000
7051 -420.0000000000
7063 -419.0000000000
7064 -418.0000000000
7070 -417.0000000000
7076 -416.0000000000
7082 -415.0000000000
7089 -414.0000000000
7125 -413.0000000000
7126 -412.0000000000
7153 -410.0000000000
7158 -409.0000000000
7167 -408.0000000000
7189 -407.0000000000
7192 -406.0000000000
7193 -405.0000000000
7194 -404.0000000000
7200 -403.0000000000
7203 -402.0000000000
7208 -401.0000000000
7219 -400.0000000000
7231 -399.0000000000
7237 -398.0000000000
7248 -397.0000000000
7252 -396.0000000000
7258 -395.0000000000
7274 -394.0000000000
7297 -393.0000000000
7319 -392.0000000000
7336 -391.0000000000
7361 -390.0000000000
7367 -389.0000000000
7384 -388.0000000000
7392 -387.0000000000
7419 -386.0000000000
7437 -385.0000000000
7438 -384.0000000000
7450 -383.0000000000
7459 -382.0000000000
7472 -381.0000000000
7499 -380.0000000000
7526 -379.0000000000
7570 -378.0000000000
7581 -377.0000000000
7589 -376.0000000000
7603 -375.0000000000
7619 -374.0000000000
7627 -373.0000000000
7628 -372.0000000000
7631 -371.0000000000
7644 -370.0000000000
7671 -369.0000000000
7703 -368.0000000000
7709 -367.0000000000
7711 -366.0000000000
7722 -365.0000000000
7727 -364.0000000000
7755 -363.0000000000
7760 -362.0000000000
7765 -361.0000000000
7766 -360.0000000000
7800 -359.0000000000
7812 -358.0000000000
7813 -357.0000000000
7831 -356.0000000000
7836 -355.0000000000
7882 -354.0000000000
7885 -353.0000000000
7887 -352.0000000000
7897 -351.0000000000
7909 -350.0000000000
7935 -349.0000000000
7975 -348.0000000000
8000 -347.0000000000
8018 -346.0000000000
8035 -345.0000000000
8044 -344.0000000000
8068 -343.0000000000
8076 -342.0000000000
8079 -341.0000000000
8083 -340.0000000000
8090 -339.0000000000
8121 -338.0000000000
8124 -337.0000000000
8147 -335.0000000000
8149 -334.0000000000
8159 -333.0000000000
8192 -332.0000000000
8252 -331.0000000000
8275 -330.0000000000
8290 -329.0000000000
8295 -327.0000000000
8298 -326.0000000000
8301 -325.0000000000
8310 -324.0000000000
8321 -323.0000000000
8375 -322.0000000000
8397 -321.0000000000
8409 -320.0000000000
8435 -319.0000000000
8439 -318.0000000000
8444 -317.0000000000
8483 -316.0000000000
8484 -315.0000000000
8487 -314.0000000000
8488 -313.0000000000
8531 -312.0000000000
8533 -311.0000000000
8561 -310.0000000000
8571 -309.0000000000
8572 -308.0000000000
8594 -307.0000000000
8598 -306.0000000000
8601 -305.0000000000
8617 -303.0000000000
8622 -302.0000000000
8637 -301.0000000000
8646 -300.0000000000
8666 -299.0000000000
8667 -298.0000000000
8678 -297.0000000000
8682 -296.0000000000
8699 -295.0000000000
8717 -294.0000000000
8718 -293.0000000000
8726 -292.0000000000
8729 -291.0000000000
8735 -290.0000000000
8746 -289.0000000000
8751 -288.0000000000
8814 -287.0000000000
8885 -286.0000000000
8890 -285.0000000000
8932 -283.0000000000
8953 -282.0000000000
8973 -281.0000000000
8976 -280.0000000000
8986 -279.0000000000
9007 -278.0000000000
9028 -277.0000000000
9041 -276.0000000000
9054 -275.0000000000
9063 -274.0000000000
9080 -273.0000000000
9102 -272.0000000000
9155 -271.0000000000
9181 -270.0000000000
9195 -269.0000000000
9218 -268.0000000000
9244 -267.0000000000
9245 -266.0000000000
9266 -265.0000000000
9295 -264.0000000000
9299 -263.0000000000
9300 -262.0000000000
9305 -261.0000000000
9337 -260.0000000000
9346 -259.0000000000
9378 -258.0000000000
9407 -257.0000000000
9415 -256.0000000000
9417 -255.0000000000
9424 -254.0000000000
9447 -253.0000000000
9455 -252.0000000000
9462 -251.0000000000
9465 -250.0000000000
9472 -249.0000000000
9485 -248.0000000000
9496 -247.0000000000
9511 -246.0000000000
9518 -245.0000000000
9520 -244.0000000000
9529 -243.0000000000
9548 -242.0000000000
9585 -241.0000000000
9607 -240.0000000000
9621 -239.0000000000
9627 -238.0000000000
9628 -237.0000000000
9636 -236.0000000000
9643 -235.0000000000
9687 -234.0000000000
9706 -233.0000000000
9715 -232.0000000000
9750 -231.0000000000
9756 -230.0000000000
9757 -229.0000000000
9791 -228.0000000000
9863 -227.0000000000
9865 -226.0000000000
9889 -225.0000000000
9904 -224.0000000000
9961 -223.0000000000
10000 -223.0000000000
