# evaluation best
1 0.0
2 10.0
3 13.0
4 26.0
5 26.0
6 26.0
7 26.0
8 26.0
9 26.0
10 26.0
11 26.0
12 26.0
13 26.0
14 30.0
15 30.0
16 30.0
17 30.0
18 30.0
19 30.0
20 30.0
21 30.0
22 30.0
23 30.0
24 30.0
25 30.0
26 30.0
27 30.0
28 36.0
29 36.0
30 36.0
31 36.0
32 36.0
33 36.0
34 36.0
35 36.0
36 36.0
37 36.0
38 36.0
39 36.0
40 36.0
41 36.0
42 36.0
43 36.0
44 36.0
45 36.0
46 36.0
47 36.0
48 36.0
49 36.0
50 49.0
51 54.0
52 54.0
53 54.0
54 54.0
55 61.0
56 61.0
57 61.0
58 61.0
59 61.0
60 61.0
61 61.0
62 61.0
63 61.0
64 61.0
65 61.0
66 61.0
67 61.0
68 61.0
69 61.0
70 61.0
71 61.0
72 61.0
73 61.0
74 61.0
75 61.0
76 61.0
77 61.0
78 61.0
79 61.0
80 61.0
81 61.0
82 61.0
83 61.0
84 61.0
85 61.0
86 61.0
87 61.0
88 61.0
89 61.0
90 61.0
91 61.0
92 61.0
93 61.0
94 61.0
95 61.0
96 61.0
97 61.0
98 61.0
99 61.0
100 61.0
101 61.0
102 61.0
103 61.0
104 61.0
105 61.0
106 61.0
107 61.0
108 61.0
109 61.0
110 61.0
111 61.0
112 61.0
113 61.0
114 61.0
115 61.0
116 61.0
117 61.0
118 61.0
119 61.0
120 61.0
121 61.0
122 61.0
123 61.0
124 61.0
125 61.0
126 61.0
127 61.0
128 61.0
129 61.0
130 61.0
131 61.0
132 61.0
133 61.0
134 61.0
135 61.0
136 61.0
137 61.0
138 61.0
139 61.0
140 61.0
141 61.0
142 61.0
143 61.0
144 61.0
145 61.0
146 61.0
147 61.0
148 61.0
149 61.0
150 61.0
151 61.0
152 61.0
153 61.0
154 61.0
155 61.0
156 61.0
157 61.0
158 61.0
159 61.0
160 61.0
161 61.0
162 61.0
163 61.0
164 61.0
165 61.0
166 61.0
167 61.0
168 61.0
169 61.0
170 61.0
171 61.0
172 61.0
173 61.0
174 61.0
175 61.0
176 61.0
177 61.0
178 61.0
179 61.0
180 61.0
181 61.0
182 61.0
183 61.0
184 61.0
185 61.0
186 61.0
187 61.0
188 61.0
189 61.0
190 61.0
191 61.0
192 61.0
193 61.0
194 61.0
195 61.0
196 61.0
197 61.0
198 61.0
199 61.0
200 61.0
201 61.0
202 61.0
203 61.0
204 61.0
205 61.0
206 61.0
207 61.0
208 61.0
209 61.0
210 61.0
211 61.0
212 61.0
213 61.0
214 61.0
215 61.0
216 61.0
217 61.0
218 61.0
219 61.0
220 61.0
221 61.0
222 61.0
223 61.0
224 61.0
225 61.0
226 61.0
227 61.0
228 61.0
229 61.0
230 61.0
231 61.0
232 61.0
233 61.0
234 61.0
235 61.0
236 61.0
237 61.0
238 61.0
239 61.0
240 61.0
241 61.0
242 61.0
243 61.0
244 61.0
245 61.0
246 61.0
247 61.0
248 61.0
249 61.0
250 61.0
251 63.0
252 63.0
253 63.0
254 63.0
255 63.0
256 63.0
257 63.0
258 63.0
259 63.0
260 63.0
261 63.0
262 63.0
263 63.0
264 63.0
265 63.0
266 63.0
267 63.0
268 63.0
269 63.0
270 63.0
271 63.0
272 63.0
273 63.0
274 63.0
275 63.0
276 63.0
277 63.0
278 63.0
279 63.0
280 63.0
281 63.0
282 63.0
283 63.0
284 63.0
285 63.0
286 63.0
287 63.0
288 63.0
289 63.0
290 63.0
291 63.0
292 63.0
293 63.0
294 63.0
295 63.0
296 63.0
297 63.0
298 63.0
299 63.0
300 63.0
301 63.0
302 63.0
303 63.0
304 63.0
305 63.0
306 63.0
307 63.0
308 63.0
309 63.0
310 63.0
311 63.0
312 63.0
313 63.0
314 63.0
315 63.0
316 63.0
317 63.0
318 63.0
319 63.0
320 63.0
321 63.0
322 63.0
323 63.0
324 63.0
325 63.0
326 63.0
327 63.0
328 63.0
329 63.0
330 63.0
331 63.0
332 63.0
333 63.0
334 63.0
335 63.0
336 63.0
337 63.0
338 63.0
339 63.0
340 63.0
341 63.0
342 63.0
343 63.0
344 63.0
345 63.0
346 63.0
347 63.0
348 63.0
349 63.0
350 63.0
351 63.0
352 63.0
353 63.0
354 63.0
355 63.0
356 63.0
357 63.0
358 63.0
359 63.0
360 63.0
361 63.0
362 63.0
363 63.0
364 63.0
365 63.0
366 63.0
367 63.0
368 63.0
369 63.0
370 63.0
371 63.0
372 63.0
373 63.0
374 63.0
375 63.0
376 63.0
377 63.0
378 63.0
379 63.0
380 63.0
381 63.0
382 63.0
383 63.0
384 63.0
385 63.0
386 63.0
387 63.0
388 63.0
389 63.0
390 63.0
391 63.0
392 63.0
393 63.0
394 63.0
395 63.0
396 63.0
397 63.0
398 63.0
399 63.0
400 63.0
401 63.0
402 63.0
403 63.0
404 63.0
405 63.0
406 63.0
407 63.0
408 63.0
409 63.0
410 63.0
411 63.0
412 63.0
413 63.0
414 63.0
415 63.0
416 63.0
417 63.0
418 63.0
419 63.0
420 63.0
421 63.0
422 63.0
423 63.0
424 63.0
425 63.0
426 63.0
427 63.0
428 63.0
429 63.0
430 63.0
431 63.0
432 63.0
433 63.0
434 63.0
435 63.0
436 63.0
437 63.0
438 63.0
439 63.0
440 63.0
441 63.0
442 63.0
443 63.0
444 63.0
445 63.0
446 63.0
447 63.0
448 63.0
449 63.0
450 63.0
451 63.0
452 63.0
453 63.0
454 63.0
455 63.0
456 63.0
457 63.0
458 63.0
459 63.0
460 63.0
461 63.0
462 63.0
463 63.0
464 63.0
465 63.0
466 63.0
467 63.0
468 63.0
469 63.0
470 63.0
471 63.0
472 63.0
473 63.0
474 63.0
475 63.0
476 63.0
477 63.0
478 63.0
479 63.0
480 63.0
481 63.0
482 63.0
483 63.0
484 63.0
485 63.0
486 63.0
487 63.0
488 63.0
489 63.0
490 63.0
491 63.0
492 63.0
493 63.0
494 63.0
495 63.0
496 63.0
497 63.0
498 63.0
499 63.0
500 63.0
501 63.0
502 63.0
503 63.0
504 63.0
505 63.0
506 63.0
507 63.0
508 63.0
509 63.0
510 63.0
511 63.0
512 63.0
513 63.0
514 63.0
515 63.0
516 63.0
517 63.0
518 63.0
519 63.0
520 63.0
521 63.0
522 63.0
523 63.0
524 63.0
525 63.0
526 63.0
527 63.0
528 63.0
529 63.0
530 63.0
531 63.0
532 63.0
533 63.0
534 63.0
535 63.0
536 63.0
537 63.0
538 63.0
539 63.0
540 63.0
541 63.0
542 63.0
543 63.0
544 63.0
545 63.0
546 63.0
547 63.0
548 63.0
549 63.0
550 63.0
551 63.0
552 63.0
553 63.0
554 63.0
555 63.0
556 63.0
557 63.0
558 63.0
559 63.0
560 63.0
561 63.0
562 63.0
563 63.0
564 63.0
565 63.0
566 63.0
567 63.0
568 63.0
569 63.0
570 63.0
571 63.0
572 63.0
573 63.0
574 63.0
575 63.0
576 63.0
577 63.0
578 63.0
579 63.0
580 63.0
581 63.0
582 63.0
583 63.0
584 63.0
585 63.0
586 63.0
587 63.0
588 63.0
589 63.0
590 63.0
591 63.0
592 63.0
593 63.0
594 63.0
595 63.0
596 63.0
597 63.0
598 63.0
599 63.0
600 63.0
601 63.0
602 63.0
603 63.0
604 63.0
605 63.0
606 63.0
607 63.0
608 63.0
609 63.0
610 63.0
611 63.0
612 63.0
613 63.0
614 63.0
615 63.0
616 63.0
617 63.0
618 63.0
619 63.0
620 63.0
621 63.0
622 63.0
623 63.0
624 63.0
625 63.0
626 63.0
627 63.0
628 63.0
629 63.0
630 63.0
631 63.0
632 63.0
633 63.0
634 63.0
635 63.0
636 63.0
637 63.0
638 63.0
639 63.0
640 63.0
641 63.0
642 63.0
643 63.0
644 63.0
645 63.0
646 63.0
647 63.0
648 63.0
649 63.0
650 63.0
651 63.0
652 63.0
653 63.0
654 63.0
655 63.0
656 63.0
657 63.0
658 63.0
659 63.0
660 63.0
661 63.0
662 63.0
663 63.0
664 63.0
665 63.0
666 63.0
667 63.0
668 63.0
669 63.0
670 63.0
671 63.0
672 63.0
673 63.0
674 63.0
675 63.0
676 63.0
677 63.0
678 63.0
679 63.0
680 63.0
681 63.0
682 63.0
683 63.0
684 63.0
685 63.0
686 63.0
687 63.0
688 63.0
689 63.0
690 63.0
691 63.0
692 63.0
693 63.0
694 63.0
695 63.0
696 63.0
697 63.0
698 63.0
699 63.0
700 63.0
701 63.0
702 63.0
703 63.0
704 63.0
705 64.0
706 64.0
707 64.0
708 64.0
709 64.0
710 64.0
711 64.0
712 64.0
713 64.0
714 64.0
715 64.0
716 64.0
717 64.0
718 64.0
719 64.0
720 64.0
721 64.0
722 64.0
723 64.0
724 64.0
725 64.0
726 64.0
727 64.0
728 64.0
729 64.0
730 64.0
731 64.0
732 64.0
733 64.0
734 64.0
735 64.0
736 64.0
737 64.0
738 64.0
739 64.0
740 64.0
741 64.0
742 64.0
743 64.0
744 64.0
745 64.0
746 64.0
747 64.0
748 64.0
749 64.0
750 64.0
751 64.0
752 64.0
753 64.0
754 64.0
755 64.0
756 64.0
757 64.0
758 64.0
759 64.0
760 64.0
761 64.0
762 64.0
763 64.0
764 64.0
765 64.0
766 66.0
767 66.0
768 66.0
769 66.0
770 66.0
771 66.0
772 66.0
773 66.0
774 66.0
775 66.0
776 66.0
777 66.0
778 66.0
779 66.0
780 66.0
781 66.0
782 66.0
783 66.0
784 66.0
785 66.0
786 66.0
787 66.0
788 66.0
789 66.0
790 66.0
791 66.0
792 66.0
793 66.0
794 66.0
795 66.0
796 66.0
797 66.0
798 66.0
799 66.0
800 66.0
801 66.0
802 66.0
803 66.0
804 66.0
805 66.0
806 66.0
807 66.0
808 66.0
809 66.0
810 66.0
811 66.0
812 66.0
813 66.0
814 66.0
815 66.0
816 66.0
817 66.0
818 66.0
819 66.0
820 66.0
821 66.0
822 66.0
823 66.0
824 66.0
825 66.0
826 66.0
827 66.0
828 66.0
829 66.0
830 66.0
831 66.0
832 66.0
833 66.0
834 66.0
835 66.0
836 66.0
837 66.0
838 66.0
839 66.0
840 66.0
841 66.0
842 66.0
843 66.0
844 66.0
845 66.0
846 66.0
847 66.0
848 66.0
849 66.0
850 66.0
851 66.0
852 66.0
853 66.0
854 66.0
855 66.0
856 66.0
857 66.0
858 66.0
859 66.0
860 66.0
861 66.0
862 66.0
863 66.0
864 66.0
865 66.0
866 66.0
867 66.0
868 66.0
869 66.0
870 66.0
871 66.0
872 66.0
873 70.0
874 70.0
875 70.0
876 70.0
877 70.0
878 70.0
879 70.0
880 70.0
881 70.0
882 70.0
883 70.0
884 70.0
885 70.0
886 70.0
887 70.0
888 70.0
889 70.0
890 70.0
891 70.0
892 70.0
893 70.0
894 70.0
895 70.0
896 70.0
897 70.0
898 70.0
899 70.0
900 70.0
901 70.0
902 70.0
903 70.0
904 70.0
905 70.0
906 70.0
907 70.0
908 70.0
909 70.0
910 70.0
911 70.0
912 70.0
913 70.0
914 70.0
915 70.0
916 70.0
917 70.0
918 70.0
919 70.0
920 70.0
921 70.0
922 70.0
923 70.0
924 70.0
925 70.0
926 70.0
927 70.0
928 70.0
929 70.0
930 70.0
931 70.0
932 70.0
933 70.0
934 70.0
935 70.0
936 70.0
937 70.0
938 70.0
939 70.0
940 70.0
941 70.0
942 70.0
943 70.0
944 70.0
945 70.0
946 70.0
947 70.0
948 70.0
949 70.0
950 70.0
951 70.0
952 70.0
953 70.0
954 70.0
955 70.0
956 70.0
957 70.0
958 70.0
959 70.0
960 70.0
961 70.0
962 70.0
963 70.0
964 70.0
965 70.0
966 70.0
967 70.0
968 70.0
969 70.0
970 70.0
971 70.0
972 70.0
973 70.0
974 70.0
975 70.0
976 70.0
977 70.0
978 70.0
979 70.0
980 70.0
981 70.0
982 70.0
983 70.0
984 70.0
985 70.0
986 70.0
987 70.0
988 70.0
989 70.0
990 70.0
991 70.0
992 70.0
993 70.0
994 70.0
995 70.0
996 70.0
997 70.0
998 70.0
999 70.0
1000 70.0
1001 70.0
1002 70.0
1003 70.0
1004 70.0
1005 70.0
1006 70.0
1007 70.0
1008 70.0
1009 70.0
1010 70.0
1011 70.0
1012 70.0
1013 70.0
1014 70.0
1015 70.0
1016 70.0
1017 70.0
1018 70.0
1019 70.0
1020 70.0
1021 70.0
1022 70.0
1023 70.0
1024 70.0
1025 70.0
1026 70.0
1027 70.0
1028 70.0
1029 70.0
1030 70.0
1031 70.0
1032 70.0
1033 70.0
1034 70.0
1035 70.0
1036 70.0
1037 70.0
1038 70.0
1039 70.0
1040 70.0
1041 70.0
1042 70.0
1043 70.0
1044 70.0
1045 70.0
1046 70.0
1047 70.0
1048 70.0
1049 70.0
1050 70.0
1051 70.0
1052 70.0
1053 70.0
1054 70.0
1055 70.0
1056 70.0
1057 70.0
1058 70.0
1059 70.0
1060 70.0
1061 70.0
1062 70.0
1063 70.0
1064 70.0
1065 70.0
1066 70.0
1067 70.0
1068 70.0
1069 70.0
1070 70.0
1071 70.0
1072 70.0
1073 70.0
1074 70.0
1075 70.0
1076 70.0
1077 70.0
1078 70.0
1079 70.0
1080 70.0
1081 70.0
1082 70.0
1083 70.0
1084 70.0
1085 70.0
1086 70.0
1087 70.0
1088 70.0
1089 70.0
1090 70.0
1091 70.0
1092 70.0
1093 70.0
1094 70.0
1095 70.0
1096 70.0
1097 70.0
1098 70.0
1099 70.0
1100 70.0
1101 70.0
1102 70.0
1103 70.0
1104 70.0
1105 70.0
1106 70.0
1107 70.0
1108 70.0
1109 70.0
1110 70.0
1111 70.0
1112 70.0
1113 70.0
1114 70.0
1115 70.0
1116 70.0
1117 70.0
1118 70.0
1119 70.0
1120 70.0
1121 70.0
1122 70.0
1123 70.0
1124 70.0
1125 70.0
1126 70.0
1127 70.0
1128 70.0
1129 70.0
1130 70.0
1131 70.0
1132 70.0
1133 70.0
1134 70.0
1135 70.0
1136 70.0
1137 70.0
1138 70.0
1139 70.0
1140 70.0
1141 70.0
1142 70.0
1143 70.0
1144 70.0
1145 70.0
1146 70.0
1147 70.0
1148 70.0
1149 70.0
1150 70.0
1151 70.0
1152 70.0
1153 70.0
1154 70.0
1155 70.0
1156 70.0
1157 70.0
1158 70.0
1159 70.0
1160 70.0
1161 70.0
1162 70.0
1163 70.0
1164 70.0
1165 70.0
1166 70.0
1167 70.0
1168 70.0
1169 70.0
1170 70.0
1171 70.0
1172 70.0
1173 70.0
1174 70.0
1175 70.0
1176 70.0
1177 70.0
1178 70.0
1179 70.0
1180 70.0
1181 70.0
1182 70.0
1183 70.0
1184 70.0
1185 70.0
1186 70.0
1187 70.0
1188 70.0
1189 70.0
1190 70.0
1191 70.0
1192 70.0
1193 70.0
1194 70.0
1195 70.0
1196 70.0
1197 70.0
1198 70.0
1199 70.0
1200 70.0
1201 70.0
1202 70.0
1203 70.0
1204 70.0
1205 70.0
1206 70.0
1207 70.0
1208 70.0
1209 70.0
1210 70.0
1211 70.0
1212 70.0
1213 70.0
1214 70.0
1215 70.0
1216 70.0
1217 70.0
1218 70.0
1219 70.0
1220 70.0
1221 70.0
1222 70.0
1223 70.0
1224 70.0
1225 70.0
1226 70.0
1227 70.0
1228 70.0
1229 70.0
1230 70.0
1231 70.0
1232 70.0
1233 70.0
1234 70.0
1235 70.0
1236 70.0
1237 70.0
1238 70.0
1239 70.0
1240 70.0
1241 70.0
1242 70.0
1243 70.0
1244 70.0
1245 70.0
1246 70.0
1247 70.0
1248 70.0
1249 70.0
1250 70.0
1251 70.0
1252 70.0
1253 70.0
1254 70.0
1255 70.0
1256 70.0
1257 70.0
1258 70.0
1259 70.0
1260 70.0
1261 70.0
1262 70.0
1263 70.0
1264 70.0
1265 70.0
1266 70.0
1267 70.0
1268 70.0
1269 70.0
1270 70.0
1271 70.0
1272 70.0
1273 70.0
1274 70.0
1275 70.0
1276 70.0
1277 70.0
1278 70.0
1279 70.0
1280 70.0
1281 70.0
1282 70.0
1283 70.0
1284 70.0
1285 70.0
1286 70.0
1287 70.0
1288 70.0
1289 70.0
1290 70.0
1291 70.0
1292 70.0
1293 70.0
1294 70.0
1295 70.0
1296 70.0
1297 70.0
1298 70.0
1299 70.0
1300 70.0
1301 70.0
1302 70.0
1303 70.0
1304 70.0
1305 70.0
1306 70.0
1307 70.0
1308 70.0
1309 70.0
1310 70.0
1311 70.0
1312 70.0
1313 70.0
1314 70.0
1315 70.0
1316 70.0
1317 70.0
1318 70.0
1319 70.0
1320 70.0
1321 70.0
1322 70.0
1323 70.0
1324 70.0
1325 70.0
1326 70.0
1327 70.0
1328 70.0
1329 70.0
1330 70.0
1331 70.0
1332 70.0
1333 70.0
1334 70.0
1335 70.0
1336 70.0
1337 70.0
1338 70.0
1339 70.0
1340 70.0
1341 70.0
1342 70.0
1343 70.0
1344 70.0
1345 70.0
1346 70.0
1347 70.0
1348 70.0
1349 70.0
1350 70.0
1351 70.0
1352 70.0
1353 70.0
1354 70.0
1355 70.0
1356 70.0
1357 70.0
1358 70.0
1359 70.0
1360 70.0
1361 70.0
1362 70.0
1363 70.0
1364 70.0
1365 70.0
1366 70.0
1367 70.0
1368 70.0
1369 70.0
1370 70.0
1371 70.0
1372 70.0
1373 70.0
1374 70.0
1375 70.0
1376 70.0
1377 70.0
1378 70.0
1379 70.0
1380 70.0
1381 70.0
1382 70.0
1383 70.0
1384 70.0
1385 70.0
1386 70.0
1387 70.0
1388 70.0
1389 70.0
1390 70.0
1391 70.0
1392 70.0
1393 70.0
1394 70.0
1395 70.0
1396 70.0
1397 70.0
1398 70.0
1399 70.0
1400 70.0
1401 70.0
1402 70.0
1403 70.0
1404 70.0
1405 70.0
1406 70.0
1407 70.0
1408 70.0
1409 70.0
1410 70.0
1411 70.0
1412 70.0
1413 70.0
1414 70.0
1415 70.0
1416 70.0
1417 70.0
1418 70.0
1419 70.0
1420 70.0
1421 70.0
1422 70.0
1423 70.0
1424 70.0
1425 70.0
1426 70.0
1427 70.0
1428 70.0
1429 70.0
1430 70.0
1431 70.0
1432 70.0
1433 70.0
1434 70.0
1435 70.0
1436 70.0
1437 70.0
1438 70.0
1439 70.0
1440 70.0
1441 70.0
1442 70.0
1443 70.0
1444 70.0
1445 70.0
1446 70.0
1447 70.0
1448 70.0
1449 70.0
1450 70.0
1451 70.0
1452 70.0
1453 70.0
1454 70.0
1455 70.0
1456 70.0
1457 70.0
1458 70.0
1459 70.0
1460 70.0
1461 70.0
1462 70.0
1463 70.0
1464 70.0
1465 70.0
1466 70.0
1467 70.0
1468 70.0
1469 70.0
1470 70.0
1471 70.0
1472 70.0
1473 70.0
1474 70.0
1475 70.0
1476 70.0
1477 70.0
1478 70.0
1479 70.0
1480 70.0
1481 70.0
1482 70.0
1483 70.0
1484 70.0
1485 70.0
1486 70.0
1487 70.0
1488 70.0
1489 70.0
1490 70.0
1491 70.0
1492 70.0
1493 70.0
1494 70.0
1495 70.0
1496 70.0
1497 70.0
1498 70.0
1499 70.0
1500 70.0
1501 70.0
1502 70.0
1503 70.0
1504 70.0
1505 70.0
1506 70.0
1507 70.0
1508 70.0
1509 70.0
1510 70.0
1511 70.0
1512 70.0
1513 70.0
1514 70.0
1515 70.0
1516 70.0
1517 70.0
1518 70.0
1519 70.0
1520 70.0
1521 70.0
1522 70.0
1523 70.0
1524 70.0
1525 70.0
1526 70.0
1527 70.0
1528 70.0
1529 70.0
1530 70.0
1531 70.0
1532 70.0
1533 70.0
1534 70.0
1535 70.0
1536 70.0
1537 70.0
1538 70.0
1539 70.0
1540 70.0
1541 70.0
1542 70.0
1543 70.0
1544 70.0
1545 70.0
1546 70.0
1547 70.0
1548 70.0
1549 70.0
1550 70.0
1551 70.0
1552 70.0
1553 70.0
1554 70.0
1555 70.0
1556 70.0
1557 70.0
1558 70.0
1559 70.0
1560 70.0
1561 70.0
1562 70.0
1563 70.0
1564 70.0
1565 70.0
1566 70.0
1567 70.0
1568 70.0
1569 70.0
1570 70.0
1571 70.0
1572 70.0
1573 70.0
1574 70.0
1575 70.0
1576 70.0
1577 70.0
1578 70.0
1579 70.0
1580 70.0
1581 70.0
1582 70.0
1583 70.0
1584 70.0
1585 70.0
1586 70.0
1587 70.0
1588 70.0
1589 70.0
1590 70.0
1591 70.0
1592 70.0
1593 70.0
1594 70.0
1595 70.0
1596 70.0
1597 70.0
1598 70.0
1599 70.0
1600 70.0
1601 70.0
1602 70.0
1603 70.0
1604 70.0
1605 70.0
1606 70.0
1607 70.0
1608 70.0
1609 70.0
1610 70.0
1611 70.0
1612 70.0
1613 70.0
1614 70.0
1615 70.0
1616 70.0
1617 70.0
1618 70.0
1619 70.0
1620 70.0
1621 70.0
1622 70.0
1623 70.0
1624 70.0
1625 70.0
1626 70.0
1627 70.0
1628 70.0
1629 70.0
1630 70.0
1631 70.0
1632 70.0
1633 70.0
1634 70.0
1635 70.0
1636 70.0
1637 70.0
1638 70.0
1639 70.0
1640 70.0
1641 70.0
1642 70.0
1643 70.0
1644 70.0
1645 70.0
1646 70.0
1647 70.0
1648 70.0
1649 70.0
1650 70.0
1651 70.0
1652 70.0
1653 70.0
1654 70.0
1655 70.0
1656 70.0
1657 70.0
1658 70.0
1659 70.0
1660 70.0
1661 70.0
1662 70.0
1663 70.0
1664 70.0
1665 70.0
1666 70.0
1667 70.0
1668 70.0
1669 70.0
1670 70.0
1671 70.0
1672 70.0
1673 70.0
1674 70.0
1675 70.0
1676 70.0
1677 70.0
1678 70.0
1679 70.0
1680 70.0
1681 70.0
1682 70.0
1683 70.0
1684 70.0
1685 70.0
1686 70.0
1687 70.0
1688 70.0
1689 70.0
1690 70.0
1691 70.0
1692 70.0
1693 70.0
1694 70.0
1695 70.0
1696 70.0
1697 70.0
1698 70.0
1699 70.0
1700 70.0
1701 70.0
1702 70.0
1703 70.0
1704 70.0
1705 70.0
1706 70.0
1707 70.0
1708 70.0
1709 70.0
1710 70.0
1711 70.0
1712 70.0
1713 70.0
1714 70.0
1715 70.0
1716 70.0
1717 70.0
1718 70.0
1719 70.0
1720 70.0
1721 70.0
1722 70.0
1723 70.0
1724 70.0
1725 70.0
1726 70.0
1727 70.0
1728 70.0
1729 70.0
1730 70.0
1731 70.0
1732 70.0
1733 70.0
1734 70.0
1735 70.0
1736 70.0
1737 70.0
1738 70.0
1739 70.0
1740 70.0
1741 70.0
1742 70.0
1743 70.0
1744 70.0
1745 70.0
1746 70.0
1747 70.0
1748 70.0
1749 70.0
1750 70.0
1751 70.0
1752 70.0
1753 70.0
1754 70.0
1755 70.0
1756 70.0
1757 70.0
1758 70.0
1759 70.0
1760 70.0
1761 70.0
1762 70.0
1763 70.0
1764 70.0
1765 70.0
1766 70.0
1767 70.0
1768 70.0
1769 70.0
1770 70.0
1771 70.0
1772 70.0
1773 70.0
1774 70.0
1775 70.0
1776 70.0
1777 70.0
1778 70.0
1779 70.0
1780 70.0
1781 70.0
1782 70.0
1783 70.0
1784 70.0
1785 70.0
1786 70.0
1787 70.0
1788 70.0
1789 70.0
1790 70.0
1791 70.0
1792 70.0
1793 70.0
1794 70.0
1795 70.0
1796 70.0
1797 70.0
1798 70.0
1799 70.0
1800 70.0
1801 70.0
1802 70.0
1803 70.0
1804 70.0
1805 70.0
1806 70.0
1807 70.0
1808 70.0
1809 70.0
1810 70.0
1811 70.0
1812 70.0
1813 70.0
1814 70.0
1815 70.0
1816 70.0
1817 70.0
1818 70.0
1819 70.0
1820 70.0
1821 70.0
1822 70.0
1823 70.0
1824 70.0
1825 70.0
1826 70.0
1827 70.0
1828 70.0
1829 70.0
1830 70.0
1831 70.0
1832 70.0
1833 70.0
1834 70.0
1835 70.0
1836 70.0
1837 70.0
1838 70.0
1839 70.0
1840 70.0
1841 70.0
1842 70.0
1843 70.0
1844 70.0
1845 70.0
1846 70.0
1847 70.0
1848 70.0
1849 70.0
1850 70.0
1851 70.0
1852 70.0
1853 70.0
1854 70.0
1855 70.0
1856 70.0
1857 70.0
1858 70.0
1859 70.0
1860 70.0
1861 70.0
1862 70.0
1863 70.0
1864 70.0
1865 70.0
1866 70.0
1867 70.0
1868 70.0
1869 70.0
1870 70.0
1871 70.0
1872 70.0
1873 70.0
1874 70.0
1875 70.0
1876 70.0
1877 70.0
1878 70.0
1879 70.0
1880 70.0
1881 70.0
1882 70.0
1883 70.0
1884 70.0
1885 70.0
1886 70.0
1887 70.0
1888 70.0
1889 70.0
1890 70.0
1891 70.0
1892 70.0
1893 70.0
1894 70.0
1895 70.0
1896 70.0
1897 70.0
1898 70.0
1899 70.0
1900 70.0
1901 70.0
1902 70.0
1903 70.0
1904 70.0
1905 70.0
1906 70.0
1907 70.0
1908 70.0
1909 70.0
1910 70.0
1911 70.0
1912 70.0
1913 70.0
1914 70.0
1915 70.0
1916 70.0
1917 70.0
1918 70.0
1919 70.0
1920 70.0
1921 70.0
1922 70.0
1923 70.0
1924 70.0
1925 70.0
1926 70.0
1927 70.0
1928 70.0
1929 70.0
1930 70.0
1931 70.0
1932 70.0
1933 70.0
1934 70.0
1935 70.0
1936 70.0
1937 70.0
1938 70.0
1939 70.0
1940 70.0
1941 70.0
1942 70.0
1943 70.0
1944 70.0
1945 70.0
1946 70.0
1947 70.0
1948 70.0
1949 70.0
1950 70.0
1951 70.0
1952 70.0
1953 70.0
1954 70.0
1955 70.0
1956 70.0
1957 70.0
1958 70.0
1959 70.0
1960 70.0
1961 70.0
1962 70.0
1963 70.0
1964 70.0
1965 70.0
1966 70.0
1967 70.0
1968 70.0
1969 70.0
1970 70.0
1971 70.0
1972 70.0
1973 70.0
1974 70.0
1975 70.0
1976 70.0
1977 70.0
1978 70.0
1979 70.0
1980 70.0
1981 70.0
1982 70.0
1983 70.0
1984 70.0
1985 70.0
1986 70.0
1987 70.0
1988 70.0
1989 70.0
1990 70.0
1991 70.0
1992 70.0
1993 70.0
1994 70.0
1995 70.0
1996 70.0
1997 70.0
1998 70.0
1999 70.0
2000 70.0
2001 70.0
2002 70.0
2003 70.0
2004 70.0
2005 70.0
2006 70.0
2007 70.0
2008 70.0
2009 70.0
2010 70.0
2011 70.0
2012 70.0
2013 70.0
2014 70.0
2015 70.0
2016 70.0
2017 70.0
2018 70.0
2019 70.0
2020 70.0
2021 70.0
2022 70.0
2023 70.0
2024 70.0
2025 70.0
2026 70.0
2027 70.0
2028 70.0
2029 70.0
2030 70.0
2031 70.0
2032 70.0
2033 70.0
2034 70.0
2035 70.0
2036 70.0
2037 70.0
2038 70.0
2039 70.0
2040 70.0
2041 70.0
2042 70.0
2043 70.0
2044 70.0
2045 70.0
2046 70.0
2047 70.0
2048 70.0
2049 70.0
2050 70.0
2051 70.0
2052 70.0
2053 70.0
2054 70.0
2055 70.0
2056 70.0
2057 70.0
2058 70.0
2059 70.0
2060 70.0
2061 70.0
2062 70.0
2063 70.0
2064 70.0
2065 70.0
2066 70.0
2067 70.0
2068 70.0
2069 70.0
2070 70.0
2071 70.0
2072 70.0
2073 70.0
2074 70.0
2075 70.0
2076 70.0
2077 70.0
2078 70.0
2079 70.0
2080 70.0
2081 70.0
2082 70.0
2083 70.0
2084 70.0
2085 70.0
2086 70.0
2087 70.0
2088 70.0
2089 70.0
2090 70.0
2091 70.0
2092 70.0
2093 70.0
2094 70.0
2095 70.0
2096 70.0
2097 70.0
2098 70.0
2099 70.0
2100 70.0
2101 70.0
2102 70.0
2103 70.0
2104 70.0
2105 70.0
2106 70.0
2107 70.0
2108 70.0
2109 70.0
2110 70.0
2111 70.0
2112 70.0
2113 70.0
2114 70.0
2115 70.0
2116 70.0
2117 70.0
2118 70.0
2119 70.0
2120 70.0
2121 70.0
2122 70.0
2123 70.0
2124 70.0
2125 70.0
2126 70.0
2127 70.0
2128 70.0
2129 70.0
2130 70.0
2131 70.0
2132 70.0
2133 70.0
2134 70.0
2135 70.0
2136 70.0
2137 70.0
2138 70.0
2139 70.0
2140 70.0
2141 70.0
2142 70.0
2143 70.0
2144 70.0
2145 70.0
2146 70.0
2147 70.0
2148 70.0
2149 70.0
2150 70.0
2151 70.0
2152 70.0
2153 70.0
2154 70.0
2155 70.0
2156 70.0
2157 70.0
2158 70.0
2159 70.0
2160 70.0
2161 70.0
2162 70.0
2163 70.0
2164 70.0
2165 70.0
2166 70.0
2167 70.0
2168 70.0
2169 70.0
2170 70.0
2171 70.0
2172 70.0
2173 70.0
2174 70.0
2175 70.0
2176 70.0
2177 70.0
2178 70.0
2179 70.0
2180 70.0
2181 70.0
2182 70.0
2183 70.0
2184 70.0
2185 70.0
2186 70.0
2187 70.0
2188 70.0
2189 70.0
2190 70.0
2191 70.0
2192 70.0
2193 70.0
2194 70.0
2195 70.0
2196 70.0
2197 70.0
2198 70.0
2199 70.0
2200 70.0
2201 70.0
2202 70.0
2203 70.0
2204 70.0
2205 70.0
2206 70.0
2207 70.0
2208 70.0
2209 70.0
2210 70.0
2211 70.0
2212 70.0
2213 70.0
2214 70.0
2215 70.0
2216 70.0
2217 70.0
2218 70.0
2219 70.0
2220 70.0
2221 70.0
2222 70.0
2223 70.0
2224 70.0
2225 70.0
2226 70.0
2227 70.0
2228 70.0
2229 70.0
2230 70.0
2231 70.0
2232 70.0
2233 70.0
2234 70.0
2235 70.0
2236 70.0
2237 70.0
2238 70.0
2239 70.0
2240 70.0
2241 70.0
2242 70.0
2243 70.0
2244 70.0
2245 70.0
2246 70.0
2247 70.0
2248 70.0
2249 70.0
2250 70.0
2251 70.0
2252 70.0
2253 70.0
2254 70.0
2255 70.0
2256 70.0
2257 70.0
2258 70.0
2259 70.0
2260 70.0
2261 70.0
2262 70.0
2263 70.0
2264 70.0
2265 70.0
2266 70.0
2267 70.0
2268 70.0
2269 70.0
2270 70.0
2271 70.0
2272 70.0
2273 70.0
2274 70.0
2275 70.0
2276 70.0
2277 70.0
2278 70.0
2279 70.0
2280 70.0
2281 70.0
2282 70.0
2283 70.0
2284 70.0
2285 70.0
2286 70.0
2287 70.0
2288 70.0
2289 70.0
2290 70.0
2291 70.0
2292 70.0
2293 70.0
2294 70.0
2295 70.0
2296 70.0
2297 70.0
2298 70.0
2299 70.0
2300 70.0
2301 70.0
2302 70.0
2303 70.0
2304 70.0
2305 70.0
2306 70.0
2307 70.0
2308 70.0
2309 70.0
2310 70.0
2311 70.0
2312 70.0
2313 70.0
2314 70.0
2315 70.0
2316 70.0
2317 70.0
2318 70.0
2319 70.0
2320 70.0
2321 70.0
2322 70.0
2323 70.0
2324 70.0
2325 70.0
2326 70.0
2327 70.0
2328 70.0
2329 70.0
2330 70.0
2331 70.0
2332 70.0
2333 70.0
2334 70.0
2335 70.0
2336 70.0
2337 70.0
2338 70.0
2339 70.0
2340 70.0
2341 70.0
2342 70.0
2343 70.0
2344 70.0
2345 70.0
2346 70.0
2347 70.0
2348 70.0
2349 70.0
2350 70.0
2351 70.0
2352 70.0
2353 70.0
2354 70.0
2355 70.0
2356 70.0
2357 70.0
2358 70.0
2359 70.0
2360 70.0
2361 70.0
2362 70.0
2363 70.0
2364 70.0
2365 70.0
2366 70.0
2367 70.0
2368 70.0
2369 70.0
2370 70.0
2371 70.0
2372 70.0
2373 70.0
2374 70.0
2375 70.0
2376 70.0
2377 70.0
2378 70.0
2379 70.0
2380 70.0
2381 70.0
2382 70.0
2383 70.0
2384 70.0
2385 70.0
2386 70.0
2387 70.0
2388 70.0
2389 70.0
2390 70.0
2391 70.0
2392 70.0
2393 70.0
2394 70.0
2395 70.0
2396 70.0
2397 70.0
2398 70.0
2399 70.0
2400 70.0
2401 70.0
2402 70.0
2403 70.0
2404 70.0
2405 70.0
2406 70.0
2407 70.0
2408 70.0
2409 70.0
2410 70.0
2411 70.0
2412 70.0
2413 70.0
2414 70.0
2415 70.0
2416 70.0
2417 70.0
2418 70.0
2419 70.0
2420 70.0
2421 70.0
2422 70.0
2423 70.0
2424 70.0
2425 70.0
2426 70.0
2427 70.0
2428 70.0
2429 70.0
2430 70.0
2431 70.0
2432 70.0
2433 70.0
2434 70.0
2435 70.0
2436 70.0
2437 70.0
2438 70.0
2439 70.0
2440 70.0
2441 70.0
2442 70.0
2443 70.0
2444 70.0
2445 70.0
2446 70.0
2447 70.0
2448 70.0
2449 70.0
2450 70.0
2451 70.0
2452 70.0
2453 70.0
2454 70.0
2455 70.0
2456 70.0
2457 70.0
2458 70.0
2459 70.0
2460 70.0
2461 70.0
2462 70.0
2463 70.0
2464 70.0
2465 70.0
2466 70.0
2467 70.0
2468 70.0
2469 70.0
2470 70.0
2471 70.0
2472 70.0
2473 70.0
2474 70.0
2475 70.0
2476 70.0
2477 70.0
2478 70.0
2479 70.0
2480 70.0
2481 70.0
2482 70.0
2483 70.0
2484 70.0
2485 70.0
2486 70.0
2487 70.0
2488 70.0
2489 70.0
2490 70.0
2491 70.0
2492 70.0
2493 70.0
2494 70.0
2495 70.0
2496 70.0
2497 70.0
2498 70.0
2499 70.0
2500 70.0
2501 70.0
2502 70.0
2503 70.0
2504 70.0
2505 70.0
2506 70.0
2507 70.0
2508 70.0
2509 70.0
2510 70.0
2511 70.0
2512 70.0
2513 70.0
2514 70.0
2515 70.0
2516 70.0
2517 70.0
2518 70.0
2519 70.0
2520 70.0
2521 70.0
2522 70.0
2523 70.0
2524 70.0
2525 70.0
2526 70.0
2527 70.0
2528 70.0
2529 70.0
2530 70.0
2531 70.0
2532 70.0
2533 70.0
2534 70.0
2535 70.0
2536 70.0
2537 70.0
2538 70.0
2539 70.0
2540 70.0
2541 70.0
2542 70.0
2543 70.0
2544 70.0
2545 70.0
2546 70.0
2547 70.0
2548 70.0
2549 70.0
2550 70.0
2551 70.0
2552 70.0
2553 70.0
2554 70.0
2555 70.0
2556 70.0
2557 70.0
2558 70.0
2559 70.0
2560 70.0
2561 70.0
2562 70.0
2563 70.0
2564 70.0
2565 70.0
2566 70.0
2567 70.0
2568 70.0
2569 70.0
2570 70.0
2571 70.0
2572 70.0
2573 70.0
2574 70.0
2575 70.0
2576 70.0
2577 70.0
2578 70.0
2579 70.0
2580 70.0
2581 70.0
2582 70.0
2583 70.0
2584 70.0
2585 70.0
2586 70.0
2587 70.0
2588 70.0
2589 70.0
2590 70.0
2591 70.0
2592 70.0
2593 70.0
2594 70.0
2595 70.0
2596 70.0
2597 70.0
2598 70.0
2599 70.0
2600 70.0
2601 70.0
2602 70.0
2603 70.0
2604 70.0
2605 70.0
2606 70.0
2607 70.0
2608 70.0
2609 70.0
2610 70.0
2611 70.0
2612 70.0
2613 70.0
2614 70.0
2615 70.0
2616 70.0
2617 70.0
2618 70.0
2619 70.0
2620 70.0
2621 70.0
2622 70.0
2623 70.0
2624 70.0
2625 70.0
2626 70.0
2627 70.0
2628 70.0
2629 70.0
2630 70.0
2631 70.0
2632 70.0
2633 70.0
2634 70.0
2635 70.0
2636 70.0
2637 70.0
2638 70.0
2639 70.0
2640 70.0
2641 70.0
2642 70.0
2643 70.0
2644 70.0
2645 70.0
2646 70.0
2647 70.0
2648 70.0
2649 70.0
2650 70.0
2651 70.0
2652 70.0
2653 70.0
2654 70.0
2655 70.0
2656 70.0
2657 70.0
2658 70.0
2659 70.0
2660 70.0
2661 70.0
2662 70.0
2663 70.0
2664 70.0
2665 70.0
2666 70.0
2667 70.0
2668 70.0
2669 70.0
2670 70.0
2671 70.0
2672 70.0
2673 70.0
2674 70.0
2675 70.0
2676 70.0
2677 70.0
2678 70.0
2679 70.0
2680 70.0
2681 70.0
2682 70.0
2683 70.0
2684 70.0
2685 70.0
2686 70.0
2687 70.0
2688 70.0
2689 70.0
2690 70.0
2691 70.0
2692 70.0
2693 70.0
2694 70.0
2695 70.0
2696 70.0
2697 70.0
2698 70.0
2699 70.0
2700 70.0
2701 70.0
2702 70.0
2703 70.0
2704 70.0
2705 70.0
2706 70.0
2707 70.0
2708 70.0
2709 70.0
2710 70.0
2711 70.0
2712 70.0
2713 70.0
2714 70.0
2715 70.0
2716 70.0
2717 70.0
2718 70.0
2719 70.0
2720 70.0
2721 70.0
2722 70.0
2723 70.0
2724 70.0
2725 70.0
2726 70.0
2727 70.0
2728 70.0
2729 70.0
2730 70.0
2731 70.0
2732 70.0
2733 70.0
2734 70.0
2735 70.0
2736 70.0
2737 70.0
2738 70.0
2739 70.0
2740 70.0
2741 70.0
2742 70.0
2743 70.0
2744 70.0
2745 70.0
2746 70.0
2747 70.0
2748 70.0
2749 70.0
2750 70.0
2751 70.0
2752 70.0
2753 70.0
2754 70.0
2755 70.0
2756 70.0
2757 70.0
2758 70.0
2759 70.0
2760 70.0
2761 70.0
2762 70.0
2763 70.0
2764 70.0
2765 70.0
2766 70.0
2767 70.0
2768 70.0
2769 70.0
2770 70.0
2771 70.0
2772 70.0
2773 70.0
2774 70.0
2775 70.0
2776 70.0
2777 70.0
2778 70.0
2779 70.0
2780 70.0
2781 70.0
2782 70.0
2783 70.0
2784 70.0
2785 70.0
2786 70.0
2787 70.0
2788 70.0
2789 70.0
2790 70.0
2791 70.0
2792 70.0
2793 70.0
2794 70.0
2795 70.0
2796 70.0
2797 70.0
2798 70.0
2799 70.0
2800 70.0
2801 70.0
2802 70.0
2803 70.0
2804 70.0
2805 70.0
2806 70.0
2807 70.0
2808 70.0
2809 70.0
2810 70.0
2811 70.0
2812 70.0
2813 70.0
2814 70.0
2815 70.0
2816 70.0
2817 70.0
2818 70.0
2819 70.0
2820 70.0
2821 70.0
2822 70.0
2823 70.0
2824 70.0
2825 70.0
2826 70.0
2827 70.0
2828 70.0
2829 70.0
2830 70.0
2831 70.0
2832 70.0
2833 70.0
2834 70.0
2835 70.0
2836 70.0
2837 70.0
2838 70.0
2839 70.0
2840 70.0
2841 70.0
2842 70.0
2843 70.0
2844 70.0
2845 70.0
2846 70.0
2847 70.0
2848 70.0
2849 70.0
2850 70.0
2851 70.0
2852 70.0
2853 70.0
2854 70.0
2855 70.0
2856 70.0
2857 70.0
2858 70.0
2859 70.0
2860 70.0
2861 70.0
2862 70.0
2863 70.0
2864 70.0
2865 70.0
2866 70.0
2867 70.0
2868 70.0
2869 70.0
2870 70.0
2871 70.0
2872 70.0
2873 70.0
2874 70.0
2875 70.0
2876 70.0
2877 70.0
2878 70.0
2879 70.0
2880 70.0
2881 70.0
2882 70.0
2883 70.0
2884 70.0
2885 70.0
2886 70.0
2887 70.0
2888 70.0
2889 70.0
2890 70.0
2891 70.0
2892 70.0
2893 70.0
2894 70.0
2895 70.0
2896 70.0
2897 70.0
2898 70.0
2899 70.0
2900 70.0
2901 70.0
2902 70.0
2903 70.0
2904 70.0
2905 70.0
2906 70.0
2907 70.0
2908 70.0
2909 70.0
2910 70.0
2911 70.0
2912 70.0
2913 70.0
2914 70.0
2915 70.0
2916 70.0
2917 70.0
2918 70.0
2919 70.0
2920 70.0
2921 70.0
2922 70.0
2923 70.0
2924 70.0
2925 70.0
2926 70.0
2927 70.0
2928 70.0
2929 70.0
2930 70.0
2931 70.0
2932 70.0
2933 70.0
2934 70.0
2935 70.0
2936 70.0
2937 70.0
2938 70.0
2939 70.0
2940 70.0
2941 70.0
2942 70.0
2943 70.0
2944 70.0
2945 70.0
2946 70.0
2947 70.0
2948 70.0
2949 70.0
2950 70.0
2951 70.0
2952 70.0
2953 70.0
2954 70.0
2955 70.0
2956 70.0
2957 70.0
2958 70.0
2959 70.0
2960 70.0
2961 70.0
2962 70.0
2963 70.0
2964 70.0
2965 70.0
2966 70.0
2967 70.0
2968 70.0
2969 70.0
2970 70.0
2971 70.0
2972 70.0
2973 70.0
2974 70.0
2975 70.0
2976 70.0
2977 70.0
2978 70.0
2979 70.0
2980 70.0
2981 70.0
2982 70.0
2983 70.0
2984 70.0
2985 70.0
2986 70.0
2987 70.0
2988 70.0
2989 70.0
2990 70.0
2991 70.0
2992 70.0
2993 70.0
2994 70.0
2995 70.0
2996 70.0
2997 70.0
2998 70.0
2999 70.0
3000 70.0
3001 70.0
3002 70.0
3003 70.0
3004 70.0
3005 70.0
3006 70.0
3007 70.0
3008 70.0
3009 70.0
3010 70.0
3011 70.0
3012 70.0
3013 70.0
3014 70.0
3015 70.0
3016 70.0
3017 70.0
3018 70.0
3019 70.0
3020 70.0
3021 70.0
3022 70.0
3023 70.0
3024 70.0
3025 70.0
3026 70.0
3027 70.0
3028 70.0
3029 70.0
3030 70.0
3031 70.0
3032 70.0
3033 70.0
3034 70.0
3035 70.0
3036 70.0
3037 70.0
3038 70.0
3039 70.0
3040 70.0
3041 70.0
3042 70.0
3043 70.0
3044 70.0
3045 70.0
3046 70.0
3047 70.0
3048 70.0
3049 70.0
3050 70.0
3051 70.0
3052 70.0
3053 70.0
3054 70.0
3055 70.0
3056 70.0
3057 70.0
3058 70.0
3059 70.0
3060 70.0
3061 70.0
3062 70.0
3063 70.0
3064 70.0
3065 70.0
3066 70.0
3067 70.0
3068 70.0
3069 70.0
3070 70.0
3071 70.0
3072 70.0
3073 70.0
3074 70.0
3075 70.0
3076 70.0
3077 70.0
3078 70.0
3079 70.0
3080 70.0
3081 70.0
3082 70.0
3083 70.0
3084 70.0
3085 70.0
3086 70.0
3087 70.0
3088 70.0
3089 70.0
3090 70.0
3091 70.0
3092 70.0
3093 70.0
3094 70.0
3095 70.0
3096 70.0
3097 70.0
3098 70.0
3099 70.0
3100 70.0
3101 70.0
3102 70.0
3103 70.0
3104 70.0
3105 70.0
3106 70.0
3107 70.0
3108 70.0
3109 70.0
3110 70.0
3111 70.0
3112 70.0
3113 70.0
3114 70.0
3115 70.0
3116 70.0
3117 70.0
3118 70.0
3119 70.0
3120 70.0
3121 70.0
3122 70.0
3123 70.0
3124 70.0
3125 70.0
3126 70.0
3127 70.0
3128 70.0
3129 70.0
3130 70.0
3131 70.0
3132 70.0
3133 70.0
3134 70.0
3135 70.0
3136 70.0
3137 70.0
3138 70.0
3139 70.0
3140 70.0
3141 70.0
3142 70.0
3143 70.0
3144 70.0
3145 70.0
3146 70.0
3147 70.0
3148 70.0
3149 70.0
3150 70.0
3151 70.0
3152 70.0
3153 70.0
3154 70.0
3155 70.0
3156 70.0
3157 70.0
3158 70.0
3159 70.0
3160 70.0
3161 70.0
3162 70.0
3163 70.0
3164 70.0
3165 70.0
3166 70.0
3167 70.0
3168 70.0
3169 70.0
3170 70.0
3171 70.0
3172 70.0
3173 70.0
3174 70.0
3175 70.0
3176 70.0
3177 70.0
3178 70.0
3179 70.0
3180 70.0
3181 70.0
3182 70.0
3183 70.0
3184 70.0
3185 70.0
3186 70.0
3187 70.0
3188 70.0
3189 70.0
3190 70.0
3191 70.0
3192 70.0
3193 70.0
3194 70.0
3195 70.0
3196 70.0
3197 70.0
3198 70.0
3199 70.0
3200 70.0
3201 70.0
3202 70.0
3203 70.0
3204 70.0
3205 70.0
3206 70.0
3207 70.0
3208 70.0
3209 70.0
3210 70.0
3211 70.0
3212 70.0
3213 70.0
3214 70.0
3215 70.0
3216 70.0
3217 70.0
3218 70.0
3219 70.0
3220 70.0
3221 70.0
3222 70.0
3223 70.0
3224 70.0
3225 70.0
3226 70.0
3227 70.0
3228 70.0
3229 70.0
3230 70.0
3231 70.0
3232 70.0
3233 70.0
3234 70.0
3235 70.0
3236 70.0
3237 70.0
3238 70.0
3239 70.0
3240 70.0
3241 70.0
3242 70.0
3243 70.0
3244 70.0
3245 70.0
3246 70.0
3247 70.0
3248 70.0
3249 70.0
3250 70.0
3251 70.0
3252 70.0
3253 70.0
3254 70.0
3255 70.0
3256 70.0
3257 70.0
3258 70.0
3259 70.0
3260 70.0
3261 70.0
3262 70.0
3263 70.0
3264 70.0
3265 70.0
3266 70.0
3267 70.0
3268 70.0
3269 70.0
3270 70.0
3271 70.0
3272 70.0
3273 70.0
3274 70.0
3275 70.0
3276 70.0
3277 70.0
3278 70.0
3279 70.0
3280 70.0
3281 70.0
3282 70.0
3283 70.0
3284 70.0
3285 70.0
3286 70.0
3287 70.0
3288 70.0
3289 70.0
3290 70.0
3291 70.0
3292 70.0
3293 70.0
3294 70.0
3295 70.0
3296 70.0
3297 70.0
3298 70.0
3299 70.0
3300 70.0
3301 70.0
3302 70.0
3303 70.0
3304 70.0
3305 70.0
3306 70.0
3307 70.0
3308 70.0
3309 70.0
3310 70.0
3311 70.0
3312 70.0
3313 70.0
3314 70.0
3315 70.0
3316 70.0
3317 70.0
3318 70.0
3319 70.0
3320 70.0
3321 70.0
3322 70.0
3323 70.0
3324 70.0
3325 70.0
3326 70.0
3327 70.0
3328 70.0
3329 70.0
3330 70.0
3331 70.0
3332 70.0
3333 70.0
3334 70.0
3335 70.0
3336 70.0
3337 70.0
3338 70.0
3339 70.0
3340 70.0
3341 70.0
3342 70.0
3343 70.0
3344 70.0
3345 70.0
3346 70.0
3347 70.0
3348 70.0
3349 70.0
3350 70.0
3351 70.0
3352 70.0
3353 70.0
3354 70.0
3355 70.0
3356 70.0
3357 70.0
3358 70.0
3359 70.0
3360 70.0
3361 70.0
3362 70.0
3363 70.0
3364 70.0
3365 70.0
3366 70.0
3367 70.0
3368 70.0
3369 70.0
3370 70.0
3371 70.0
3372 70.0
3373 70.0
3374 70.0
3375 70.0
3376 70.0
3377 70.0
3378 70.0
3379 70.0
3380 70.0
3381 70.0
3382 70.0
3383 70.0
3384 70.0
3385 70.0
3386 70.0
3387 70.0
3388 70.0
3389 70.0
3390 70.0
3391 70.0
3392 70.0
3393 70.0
3394 70.0
3395 70.0
3396 70.0
3397 70.0
3398 70.0
3399 70.0
3400 70.0
3401 70.0
3402 70.0
3403 70.0
3404 70.0
3405 70.0
3406 70.0
3407 70.0
3408 70.0
3409 70.0
3410 70.0
3411 70.0
3412 70.0
3413 70.0
3414 70.0
3415 70.0
3416 70.0
3417 70.0
3418 70.0
3419 70.0
3420 70.0
3421 70.0
3422 70.0
3423 70.0
3424 70.0
3425 70.0
3426 70.0
3427 70.0
3428 70.0
3429 70.0
3430 70.0
3431 70.0
3432 70.0
3433 70.0
3434 70.0
3435 70.0
3436 70.0
3437 70.0
3438 70.0
3439 70.0
3440 70.0
3441 70.0
3442 70.0
3443 70.0
3444 70.0
3445 70.0
3446 70.0
3447 70.0
3448 70.0
3449 70.0
3450 70.0
3451 70.0
3452 70.0
3453 70.0
3454 70.0
3455 70.0
3456 70.0
3457 70.0
3458 70.0
3459 70.0
3460 70.0
3461 70.0
3462 70.0
3463 70.0
3464 70.0
3465 70.0
3466 70.0
3467 70.0
3468 70.0
3469 70.0
3470 70.0
3471 70.0
3472 70.0
3473 70.0
3474 70.0
3475 70.0
3476 70.0
3477 70.0
3478 70.0
3479 70.0
3480 70.0
3481 70.0
3482 70.0
3483 70.0
3484 70.0
3485 70.0
3486 70.0
3487 70.0
3488 70.0
3489 70.0
3490 70.0
3491 70.0
3492 70.0
3493 70.0
3494 70.0
3495 70.0
3496 70.0
3497 70.0
3498 70.0
3499 70.0
3500 70.0
3501 70.0
3502 70.0
3503 70.0
3504 70.0
3505 70.0
3506 70.0
3507 70.0
3508 70.0
3509 70.0
3510 70.0
3511 70.0
3512 70.0
3513 70.0
3514 70.0
3515 70.0
3516 70.0
3517 70.0
3518 70.0
3519 70.0
3520 70.0
3521 70.0
3522 70.0
3523 70.0
3524 70.0
3525 70.0
3526 70.0
3527 70.0
3528 70.0
3529 70.0
3530 70.0
3531 70.0
3532 70.0
3533 70.0
3534 70.0
3535 70.0
3536 70.0
3537 70.0
3538 70.0
3539 70.0
3540 70.0
3541 70.0
3542 70.0
3543 70.0
3544 70.0
3545 70.0
3546 70.0
3547 70.0
3548 70.0
3549 70.0
3550 70.0
3551 70.0
3552 70.0
3553 70.0
3554 70.0
3555 70.0
3556 70.0
3557 70.0
3558 70.0
3559 70.0
3560 70.0
3561 70.0
3562 70.0
3563 70.0
3564 70.0
3565 70.0
3566 70.0
3567 70.0
3568 70.0
3569 70.0
3570 70.0
3571 70.0
3572 70.0
3573 70.0
3574 70.0
3575 70.0
3576 70.0
3577 70.0
3578 70.0
3579 70.0
3580 70.0
3581 70.0
3582 70.0
3583 70.0
3584 70.0
3585 70.0
3586 70.0
3587 70.0
3588 70.0
3589 70.0
3590 70.0
3591 70.0
3592 70.0
3593 70.0
3594 70.0
3595 70.0
3596 70.0
3597 70.0
3598 70.0
3599 70.0
3600 70.0
3601 70.0
3602 70.0
3603 70.0
3604 70.0
3605 70.0
3606 70.0
3607 70.0
3608 70.0
3609 70.0
3610 70.0
3611 70.0
3612 70.0
3613 70.0
3614 70.0
3615 70.0
3616 70.0
3617 70.0
3618 70.0
3619 70.0
3620 70.0
3621 70.0
3622 70.0
3623 70.0
3624 70.0
3625 70.0
3626 70.0
3627 70.0
3628 70.0
3629 70.0
3630 70.0
3631 70.0
3632 70.0
3633 70.0
3634 70.0
3635 70.0
3636 70.0
3637 70.0
3638 70.0
3639 70.0
3640 70.0
3641 70.0
3642 70.0
3643 70.0
3644 70.0
3645 70.0
3646 70.0
3647 70.0
3648 70.0
3649 70.0
3650 70.0
3651 70.0
3652 70.0
3653 70.0
3654 70.0
3655 70.0
3656 70.0
3657 70.0
3658 70.0
3659 70.0
3660 70.0
3661 70.0
3662 70.0
3663 70.0
3664 70.0
3665 70.0
3666 70.0
3667 70.0
3668 70.0
3669 70.0
3670 70.0
3671 70.0
3672 70.0
3673 70.0
3674 70.0
3675 70.0
3676 70.0
3677 70.0
3678 70.0
3679 70.0
3680 70.0
3681 70.0
3682 70.0
3683 70.0
3684 70.0
3685 70.0
3686 70.0
3687 70.0
3688 70.0
3689 70.0
3690 70.0
3691 70.0
3692 70.0
3693 70.0
3694 70.0
3695 70.0
3696 70.0
3697 70.0
3698 70.0
3699 70.0
3700 70.0
3701 70.0
3702 70.0
3703 70.0
3704 70.0
3705 70.0
3706 70.0
3707 70.0
3708 70.0
3709 70.0
3710 70.0
3711 70.0
3712 70.0
3713 70.0
3714 70.0
3715 70.0
3716 70.0
3717 70.0
3718 70.0
3719 70.0
3720 70.0
3721 70.0
3722 70.0
3723 70.0
3724 70.0
3725 70.0
3726 70.0
3727 70.0
3728 70.0
3729 70.0
3730 70.0
3731 70.0
3732 70.0
3733 70.0
3734 70.0
3735 70.0
3736 70.0
3737 70.0
3738 70.0
3739 70.0
3740 70.0
3741 70.0
3742 70.0
3743 70.0
3744 70.0
3745 70.0
3746 70.0
3747 70.0
3748 70.0
3749 70.0
3750 70.0
3751 70.0
3752 70.0
3753 70.0
3754 70.0
3755 70.0
3756 70.0
3757 70.0
3758 70.0
3759 70.0
3760 70.0
3761 70.0
3762 70.0
3763 70.0
3764 70.0
3765 70.0
3766 70.0
3767 70.0
3768 70.0
3769 70.0
3770 70.0
3771 70.0
3772 70.0
3773 70.0
3774 70.0
3775 70.0
3776 70.0
3777 70.0
3778 70.0
3779 70.0
3780 70.0
3781 70.0
3782 70.0
3783 70.0
3784 70.0
3785 70.0
3786 70.0
3787 70.0
3788 70.0
3789 70.0
3790 70.0
3791 70.0
3792 70.0
3793 70.0
3794 70.0
3795 70.0
3796 70.0
3797 70.0
3798 70.0
3799 70.0
3800 70.0
3801 70.0
3802 70.0
3803 70.0
3804 70.0
3805 70.0
3806 70.0
3807 70.0
3808 70.0
3809 70.0
3810 70.0
3811 70.0
3812 70.0
3813 70.0
3814 70.0
3815 70.0
3816 70.0
3817 70.0
3818 70.0
3819 70.0
3820 70.0
3821 70.0
3822 70.0
3823 70.0
3824 70.0
3825 70.0
3826 70.0
3827 70.0
3828 70.0
3829 70.0
3830 70.0
3831 70.0
3832 70.0
3833 70.0
3834 70.0
3835 70.0
3836 70.0
3837 70.0
3838 70.0
3839 70.0
3840 70.0
3841 70.0
3842 70.0
3843 70.0
3844 70.0
3845 70.0
3846 70.0
3847 70.0
3848 70.0
3849 70.0
3850 70.0
3851 70.0
3852 70.0
3853 70.0
3854 70.0
3855 70.0
3856 70.0
3857 70.0
3858 70.0
3859 70.0
3860 70.0
3861 70.0
3862 70.0
3863 70.0
3864 70.0
3865 70.0
3866 70.0
3867 70.0
3868 70.0
3869 70.0
3870 70.0
3871 70.0
3872 70.0
3873 70.0
3874 70.0
3875 70.0
3876 70.0
3877 70.0
3878 70.0
3879 70.0
3880 70.0
3881 70.0
3882 70.0
3883 70.0
3884 70.0
3885 70.0
3886 70.0
3887 70.0
3888 70.0
3889 70.0
3890 70.0
3891 70.0
3892 70.0
3893 70.0
3894 70.0
3895 70.0
3896 70.0
3897 70.0
3898 70.0
3899 70.0
3900 70.0
3901 70.0
3902 70.0
3903 70.0
3904 70.0
3905 70.0
3906 70.0
3907 70.0
3908 70.0
3909 70.0
3910 70.0
3911 70.0
3912 70.0
3913 70.0
3914 70.0
3915 70.0
3916 70.0
3917 70.0
3918 70.0
3919 70.0
3920 70.0
3921 70.0
3922 70.0
3923 70.0
3924 70.0
3925 70.0
3926 70.0
3927 70.0
3928 70.0
3929 70.0
3930 70.0
3931 70.0
3932 70.0
3933 70.0
3934 70.0
3935 70.0
3936 70.0
3937 70.0
3938 70.0
3939 70.0
3940 70.0
3941 70.0
3942 70.0
3943 70.0
3944 70.0
3945 70.0
3946 70.0
3947 70.0
3948 70.0
3949 70.0
3950 70.0
3951 70.0
3952 70.0
3953 70.0
3954 70.0
3955 70.0
3956 70.0
3957 70.0
3958 70.0
3959 70.0
3960 70.0
3961 70.0
3962 70.0
3963 70.0
3964 70.0
3965 70.0
3966 70.0
3967 70.0
3968 70.0
3969 70.0
3970 70.0
3971 70.0
3972 70.0
3973 70.0
3974 70.0
3975 70.0
3976 70.0
3977 70.0
3978 70.0
3979 70.0
3980 70.0
3981 70.0
3982 70.0
3983 70.0
3984 70.0
3985 70.0
3986 70.0
3987 70.0
3988 70.0
3989 70.0
3990 70.0
3991 70.0
3992 70.0
3993 70.0
3994 70.0
3995 70.0
3996 70.0
3997 70.0
3998 70.0
3999 70.0
4000 70.0
4001 70.0
4002 70.0
4003 70.0
4004 70.0
4005 70.0
4006 70.0
4007 70.0
4008 70.0
4009 70.0
4010 70.0
4011 70.0
4012 70.0
4013 70.0
4014 70.0
4015 70.0
4016 70.0
4017 70.0
4018 70.0
4019 70.0
4020 70.0
4021 70.0
4022 70.0
4023 70.0
4024 70.0
4025 70.0
4026 70.0
4027 70.0
4028 70.0
4029 70.0
4030 70.0
4031 70.0
4032 70.0
4033 70.0
4034 70.0
4035 70.0
4036 70.0
4037 70.0
4038 70.0
4039 70.0
4040 70.0
4041 70.0
4042 70.0
4043 70.0
4044 70.0
4045 70.0
4046 70.0
4047 70.0
4048 70.0
4049 70.0
4050 70.0
4051 70.0
4052 70.0
4053 70.0
4054 70.0
4055 70.0
4056 70.0
4057 70.0
4058 70.0
4059 70.0
4060 70.0
4061 70.0
4062 70.0
4063 70.0
4064 70.0
4065 70.0
4066 70.0
4067 70.0
4068 70.0
4069 70.0
4070 70.0
4071 70.0
4072 70.0
4073 70.0
4074 70.0
4075 70.0
4076 70.0
4077 70.0
4078 70.0
4079 70.0
4080 70.0
4081 70.0
4082 70.0
4083 70.0
4084 70.0
4085 70.0
4086 70.0
4087 70.0
4088 70.0
4089 70.0
4090 70.0
4091 70.0
4092 70.0
4093 70.0
4094 70.0
4095 70.0
4096 70.0
4097 70.0
4098 70.0
4099 70.0
4100 70.0
4101 70.0
4102 70.0
4103 70.0
4104 70.0
4105 70.0
4106 70.0
4107 70.0
4108 70.0
4109 70.0
4110 70.0
4111 70.0
4112 70.0
4113 70.0
4114 70.0
4115 70.0
4116 70.0
4117 70.0
4118 70.0
4119 70.0
4120 70.0
4121 70.0
4122 70.0
4123 70.0
4124 70.0
4125 70.0
4126 70.0
4127 70.0
4128 70.0
4129 70.0
4130 70.0
4131 70.0
4132 70.0
4133 70.0
4134 70.0
4135 70.0
4136 70.0
4137 70.0
4138 70.0
4139 70.0
4140 70.0
4141 70.0
4142 70.0
4143 70.0
4144 70.0
4145 70.0
4146 70.0
4147 70.0
4148 70.0
4149 70.0
4150 70.0
4151 70.0
4152 70.0
4153 70.0
4154 70.0
4155 70.0
4156 70.0
4157 70.0
4158 70.0
4159 70.0
4160 70.0
4161 70.0
4162 70.0
4163 70.0
4164 70.0
4165 70.0
4166 70.0
4167 70.0
4168 70.0
4169 70.0
4170 70.0
4171 70.0
4172 70.0
4173 70.0
4174 70.0
4175 70.0
4176 70.0
4177 70.0
4178 70.0
4179 70.0
4180 70.0
4181 70.0
4182 70.0
4183 70.0
4184 70.0
4185 70.0
4186 70.0
4187 70.0
4188 70.0
4189 70.0
4190 70.0
4191 70.0
4192 70.0
4193 70.0
4194 70.0
4195 70.0
4196 70.0
4197 70.0
4198 70.0
4199 70.0
4200 70.0
4201 70.0
4202 70.0
4203 70.0
4204 70.0
4205 70.0
4206 70.0
4207 70.0
4208 70.0
4209 70.0
4210 70.0
4211 70.0
4212 70.0
4213 70.0
4214 70.0
4215 70.0
4216 70.0
4217 70.0
4218 70.0
4219 70.0
4220 70.0
4221 70.0
4222 70.0
4223 70.0
4224 70.0
4225 70.0
4226 70.0
4227 70.0
4228 70.0
4229 70.0
4230 70.0
4231 70.0
4232 70.0
4233 70.0
4234 70.0
4235 70.0
4236 70.0
4237 70.0
4238 70.0
4239 70.0
4240 70.0
4241 70.0
4242 70.0
4243 70.0
4244 70.0
4245 70.0
4246 70.0
4247 70.0
4248 70.0
4249 70.0
4250 70.0
4251 70.0
4252 70.0
4253 70.0
4254 70.0
4255 70.0
4256 70.0
4257 70.0
4258 70.0
4259 70.0
4260 70.0
4261 70.0
4262 70.0
4263 70.0
4264 70.0
4265 70.0
4266 70.0
4267 70.0
4268 70.0
4269 70.0
4270 70.0
4271 70.0
4272 70.0
4273 70.0
4274 70.0
4275 70.0
4276 70.0
4277 70.0
4278 70.0
4279 70.0
4280 70.0
4281 70.0
4282 70.0
4283 70.0
4284 70.0
4285 70.0
4286 70.0
4287 70.0
4288 70.0
4289 70.0
4290 70.0
4291 70.0
4292 70.0
4293 70.0
4294 70.0
4295 70.0
4296 70.0
4297 70.0
4298 70.0
4299 70.0
4300 70.0
4301 70.0
4302 70.0
4303 70.0
4304 70.0
4305 70.0
4306 70.0
4307 70.0
4308 70.0
4309 70.0
4310 70.0
4311 70.0
4312 70.0
4313 70.0
4314 70.0
4315 70.0
4316 70.0
4317 70.0
4318 70.0
4319 70.0
4320 70.0
4321 70.0
4322 70.0
4323 70.0
4324 70.0
4325 70.0
4326 70.0
4327 70.0
4328 70.0
4329 70.0
4330 70.0
4331 70.0
4332 70.0
4333 70.0
4334 70.0
4335 70.0
4336 70.0
4337 70.0
4338 70.0
4339 70.0
4340 70.0
4341 70.0
4342 70.0
4343 70.0
4344 70.0
4345 70.0
4346 70.0
4347 70.0
4348 70.0
4349 70.0
4350 70.0
4351 70.0
4352 70.0
4353 70.0
4354 70.0
4355 70.0
4356 70.0
4357 70.0
4358 70.0
4359 70.0
4360 70.0
4361 70.0
4362 70.0
4363 70.0
4364 70.0
4365 70.0
4366 70.0
4367 70.0
4368 70.0
4369 70.0
4370 70.0
4371 70.0
4372 70.0
4373 70.0
4374 70.0
4375 70.0
4376 70.0
4377 70.0
4378 70.0
4379 70.0
4380 70.0
4381 70.0
4382 70.0
4383 70.0
4384 70.0
4385 70.0
4386 70.0
4387 70.0
4388 70.0
4389 70.0
4390 70.0
4391 70.0
4392 70.0
4393 70.0
4394 70.0
4395 70.0
4396 70.0
4397 70.0
4398 70.0
4399 70.0
4400 70.0
4401 70.0
4402 70.0
4403 70.0
4404 70.0
4405 70.0
4406 70.0
4407 70.0
4408 70.0
4409 70.0
4410 70.0
4411 70.0
4412 70.0
4413 70.0
4414 70.0
4415 70.0
4416 70.0
4417 70.0
4418 70.0
4419 70.0
4420 70.0
4421 70.0
4422 70.0
4423 70.0
4424 70.0
4425 70.0
4426 70.0
4427 70.0
4428 70.0
4429 70.0
4430 70.0
4431 70.0
4432 70.0
4433 70.0
4434 70.0
4435 70.0
4436 70.0
4437 70.0
4438 70.0
4439 70.0
4440 70.0
4441 70.0
4442 70.0
4443 70.0
4444 70.0
4445 70.0
4446 70.0
4447 70.0
4448 70.0
4449 70.0
4450 70.0
4451 70.0
4452 70.0
4453 70.0
4454 70.0
4455 70.0
4456 70.0
4457 70.0
4458 70.0
4459 70.0
4460 70.0
4461 70.0
4462 70.0
4463 70.0
4464 70.0
4465 70.0
4466 70.0
4467 70.0
4468 70.0
4469 70.0
4470 70.0
4471 70.0
4472 70.0
4473 70.0
4474 70.0
4475 70.0
4476 70.0
4477 70.0
4478 70.0
4479 70.0
4480 70.0
4481 70.0
4482 70.0
4483 70.0
4484 70.0
4485 70.0
4486 70.0
4487 70.0
4488 70.0
4489 70.0
4490 70.0
4491 70.0
4492 70.0
4493 70.0
4494 70.0
4495 70.0
4496 70.0
4497 70.0
4498 70.0
4499 70.0
4500 70.0
4501 70.0
4502 70.0
4503 70.0
4504 70.0
4505 70.0
4506 70.0
4507 70.0
4508 70.0
4509 70.0
4510 70.0
4511 70.0
4512 70.0
4513 70.0
4514 70.0
4515 70.0
4516 70.0
4517 70.0
4518 70.0
4519 70.0
4520 70.0
4521 70.0
4522 70.0
4523 70.0
4524 70.0
4525 70.0
4526 70.0
4527 70.0
4528 70.0
4529 70.0
4530 70.0
4531 70.0
4532 70.0
4533 70.0
4534 70.0
4535 70.0
4536 70.0
4537 70.0
4538 70.0
4539 70.0
4540 70.0
4541 70.0
4542 70.0
4543 70.0
4544 70.0
4545 70.0
4546 70.0
4547 70.0
4548 70.0
4549 70.0
4550 70.0
4551 70.0
4552 70.0
4553 70.0
4554 70.0
4555 70.0
4556 70.0
4557 70.0
4558 70.0
4559 70.0
4560 70.0
4561 70.0
4562 70.0
4563 70.0
4564 70.0
4565 70.0
4566 70.0
4567 70.0
4568 70.0
4569 70.0
4570 70.0
4571 70.0
4572 70.0
4573 70.0
4574 70.0
4575 70.0
4576 70.0
4577 70.0
4578 70.0
4579 70.0
4580 70.0
4581 70.0
4582 70.0
4583 70.0
4584 70.0
4585 70.0
4586 70.0
4587 70.0
4588 70.0
4589 70.0
4590 70.0
4591 70.0
4592 70.0
4593 70.0
4594 70.0
4595 70.0
4596 70.0
4597 70.0
4598 70.0
4599 70.0
4600 70.0
4601 70.0
4602 70.0
4603 70.0
4604 70.0
4605 70.0
4606 70.0
4607 70.0
4608 70.0
4609 70.0
4610 70.0
4611 70.0
4612 70.0
4613 70.0
4614 70.0
4615 70.0
4616 70.0
4617 70.0
4618 70.0
4619 70.0
4620 70.0
4621 70.0
4622 70.0
4623 70.0
4624 70.0
4625 70.0
4626 70.0
4627 70.0
4628 70.0
4629 70.0
4630 70.0
4631 70.0
4632 70.0
4633 70.0
4634 70.0
4635 70.0
4636 70.0
4637 70.0
4638 70.0
4639 70.0
4640 70.0
4641 70.0
4642 70.0
4643 70.0
4644 70.0
4645 70.0
4646 70.0
4647 70.0
4648 70.0
4649 70.0
4650 70.0
4651 70.0
4652 70.0
4653 70.0
4654 70.0
4655 70.0
4656 70.0
4657 70.0
4658 70.0
4659 70.0
4660 70.0
4661 70.0
4662 70.0
4663 70.0
4664 70.0
4665 70.0
4666 70.0
4667 70.0
4668 70.0
4669 70.0
4670 70.0
4671 70.0
4672 70.0
4673 70.0
4674 70.0
4675 70.0
4676 70.0
4677 70.0
4678 70.0
4679 70.0
4680 70.0
4681 70.0
4682 70.0
4683 70.0
4684 70.0
4685 70.0
4686 70.0
4687 70.0
4688 70.0
4689 70.0
4690 70.0
4691 70.0
4692 70.0
4693 70.0
4694 70.0
4695 70.0
4696 70.0
4697 70.0
4698 70.0
4699 70.0
4700 70.0
4701 70.0
4702 70.0
4703 70.0
4704 70.0
4705 70.0
4706 70.0
4707 70.0
4708 70.0
4709 70.0
4710 70.0
4711 70.0
4712 70.0
4713 70.0
4714 70.0
4715 70.0
4716 70.0
4717 70.0
4718 70.0
4719 70.0
4720 70.0
4721 70.0
4722 70.0
4723 70.0
4724 70.0
4725 70.0
4726 70.0
4727 70.0
4728 70.0
4729 70.0
4730 70.0
4731 70.0
4732 70.0
4733 70.0
4734 70.0
4735 70.0
4736 70.0
4737 70.0
4738 70.0
4739 70.0
4740 70.0
4741 70.0
4742 70.0
4743 70.0
4744 70.0
4745 70.0
4746 70.0
4747 70.0
4748 70.0
4749 70.0
4750 70.0
4751 70.0
4752 70.0
4753 70.0
4754 70.0
4755 70.0
4756 70.0
4757 70.0
4758 70.0
4759 70.0
4760 70.0
4761 70.0
4762 70.0
4763 70.0
4764 70.0
4765 70.0
4766 70.0
4767 70.0
4768 70.0
4769 70.0
4770 70.0
4771 70.0
4772 70.0
4773 70.0
4774 70.0
4775 70.0
4776 70.0
4777 70.0
4778 70.0
4779 70.0
4780 70.0
4781 70.0
4782 70.0
4783 70.0
4784 70.0
4785 70.0
4786 70.0
4787 70.0
4788 70.0
4789 70.0
4790 70.0
4791 70.0
4792 70.0
4793 70.0
4794 70.0
4795 70.0
4796 70.0
4797 70.0
4798 70.0
4799 70.0
4800 70.0
4801 70.0
4802 70.0
4803 70.0
4804 70.0
4805 70.0
4806 70.0
4807 70.0
4808 70.0
4809 70.0
4810 70.0
4811 70.0
4812 70.0
4813 70.0
4814 70.0
4815 70.0
4816 70.0
4817 70.0
4818 70.0
4819 70.0
4820 70.0
4821 70.0
4822 70.0
4823 70.0
4824 70.0
4825 70.0
4826 70.0
4827 70.0
4828 70.0
4829 70.0
4830 70.0
4831 70.0
4832 70.0
4833 70.0
4834 70.0
4835 70.0
4836 70.0
4837 70.0
4838 70.0
4839 70.0
4840 70.0
4841 70.0
4842 70.0
4843 70.0
4844 70.0
4845 70.0
4846 70.0
4847 70.0
4848 70.0
4849 70.0
4850 70.0
4851 70.0
4852 70.0
4853 70.0
4854 70.0
4855 70.0
4856 70.0
4857 70.0
4858 70.0
4859 70.0
4860 70.0
4861 70.0
4862 70.0
4863 70.0
4864 70.0
4865 70.0
4866 70.0
4867 70.0
4868 70.0
4869 70.0
4870 70.0
4871 70.0
4872 70.0
4873 70.0
4874 70.0
4875 70.0
4876 70.0
4877 70.0
4878 70.0
4879 70.0
4880 70.0
4881 70.0
4882 70.0
4883 70.0
4884 70.0
4885 70.0
4886 70.0
4887 70.0
4888 70.0
4889 70.0
4890 70.0
4891 70.0
4892 70.0
4893 70.0
4894 70.0
4895 70.0
4896 70.0
4897 70.0
4898 70.0
4899 70.0
4900 70.0
4901 70.0
4902 70.0
4903 70.0
4904 70.0
4905 70.0
4906 70.0
4907 70.0
4908 70.0
4909 70.0
4910 70.0
4911 70.0
4912 70.0
4913 70.0
4914 70.0
4915 70.0
4916 70.0
4917 70.0
4918 70.0
4919 70.0
4920 70.0
4921 70.0
4922 70.0
4923 70.0
4924 70.0
4925 70.0
4926 70.0
4927 70.0
4928 70.0
4929 70.0
4930 70.0
4931 70.0
4932 70.0
4933 70.0
4934 70.0
4935 70.0
4936 70.0
4937 70.0
4938 70.0
4939 70.0
4940 70.0
4941 70.0
4942 70.0
4943 70.0
4944 70.0
4945 70.0
4946 70.0
4947 70.0
4948 70.0
4949 70.0
4950 70.0
4951 70.0
4952 70.0
4953 70.0
4954 70.0
4955 70.0
4956 70.0
4957 70.0
4958 70.0
4959 70.0
4960 70.0
4961 70.0
4962 70.0
4963 70.0
4964 70.0
4965 70.0
4966 70.0
4967 70.0
4968 70.0
4969 70.0
4970 70.0
4971 70.0
4972 70.0
4973 70.0
4974 70.0
4975 70.0
4976 70.0
4977 70.0
4978 70.0
4979 70.0
4980 70.0
4981 70.0
4982 70.0
4983 70.0
4984 70.0
4985 70.0
4986 70.0
4987 70.0
4988 70.0
4989 70.0
4990 70.0
4991 70.0
4992 70.0
4993 70.0
4994 70.0
4995 70.0
4996 70.0
4997 70.0
4998 70.0
4999 70.0
5000 70.0
5001 70.0
5002 70.0
5003 70.0
5004 70.0
5005 70.0
5006 70.0
5007 70.0
5008 70.0
5009 70.0
5010 70.0
5011 70.0
5012 70.0
5013 70.0
5014 70.0
5015 70.0
5016 70.0
5017 70.0
5018 70.0
5019 70.0
5020 70.0
5021 70.0
5022 70.0
5023 70.0
5024 70.0
5025 70.0
5026 70.0
5027 70.0
5028 70.0
5029 70.0
5030 70.0
5031 70.0
5032 70.0
5033 70.0
5034 70.0
5035 70.0
5036 70.0
5037 70.0
5038 70.0
5039 70.0
5040 70.0
5041 70.0
5042 70.0
5043 70.0
5044 70.0
5045 70.0
5046 70.0
5047 70.0
5048 70.0
5049 70.0
5050 70.0
5051 70.0
5052 70.0
5053 70.0
5054 70.0
5055 70.0
5056 70.0
5057 70.0
5058 70.0
5059 70.0
5060 70.0
5061 70.0
5062 70.0
5063 70.0
5064 70.0
5065 70.0
5066 70.0
5067 70.0
5068 70.0
5069 70.0
5070 70.0
5071 70.0
5072 70.0
5073 70.0
5074 70.0
5075 70.0
5076 70.0
5077 70.0
5078 70.0
5079 70.0
5080 70.0
5081 70.0
5082 70.0
5083 70.0
5084 70.0
5085 70.0
5086 70.0
5087 70.0
5088 70.0
5089 70.0
5090 70.0
5091 70.0
5092 70.0
5093 70.0
5094 70.0
5095 70.0
5096 70.0
5097 70.0
5098 70.0
5099 70.0
5100 70.0
5101 70.0
5102 70.0
5103 70.0
5104 70.0
5105 70.0
5106 70.0
5107 70.0
5108 70.0
5109 70.0
5110 70.0
5111 70.0
5112 70.0
5113 70.0
5114 70.0
5115 70.0
5116 70.0
5117 70.0
5118 70.0
5119 70.0
5120 70.0
5121 70.0
5122 70.0
5123 70.0
5124 70.0
5125 70.0
5126 70.0
5127 70.0
5128 70.0
5129 70.0
5130 70.0
5131 70.0
5132 70.0
5133 70.0
5134 70.0
5135 70.0
5136 70.0
5137 70.0
5138 70.0
5139 70.0
5140 70.0
5141 70.0
5142 70.0
5143 70.0
5144 70.0
5145 70.0
5146 70.0
5147 70.0
5148 70.0
5149 70.0
5150 70.0
5151 70.0
5152 70.0
5153 70.0
5154 70.0
5155 70.0
5156 70.0
5157 70.0
5158 70.0
5159 70.0
5160 70.0
5161 70.0
5162 70.0
5163 70.0
5164 70.0
5165 70.0
5166 70.0
5167 70.0
5168 70.0
5169 70.0
5170 70.0
5171 70.0
5172 70.0
5173 70.0
5174 70.0
5175 70.0
5176 70.0
5177 70.0
5178 70.0
5179 70.0
5180 70.0
5181 70.0
5182 70.0
5183 70.0
5184 70.0
5185 70.0
5186 70.0
5187 70.0
5188 70.0
5189 70.0
5190 70.0
5191 70.0
5192 70.0
5193 70.0
5194 70.0
5195 70.0
5196 70.0
5197 70.0
5198 70.0
5199 70.0
5200 70.0
5201 70.0
5202 70.0
5203 70.0
5204 70.0
5205 70.0
5206 70.0
5207 70.0
5208 70.0
5209 70.0
5210 70.0
5211 70.0
5212 70.0
5213 70.0
5214 70.0
5215 70.0
5216 70.0
5217 70.0
5218 70.0
5219 70.0
5220 70.0
5221 70.0
5222 70.0
5223 70.0
5224 70.0
5225 70.0
5226 70.0
5227 70.0
5228 70.0
5229 70.0
5230 70.0
5231 70.0
5232 70.0
5233 70.0
5234 70.0
5235 70.0
5236 70.0
5237 70.0
5238 70.0
5239 70.0
5240 70.0
5241 70.0
5242 70.0
5243 70.0
5244 70.0
5245 70.0
5246 70.0
5247 70.0
5248 70.0
5249 70.0
5250 70.0
5251 70.0
5252 70.0
5253 70.0
5254 70.0
5255 70.0
5256 70.0
5257 70.0
5258 70.0
5259 70.0
5260 70.0
5261 70.0
5262 70.0
5263 70.0
5264 70.0
5265 70.0
5266 70.0
5267 70.0
5268 70.0
5269 70.0
5270 70.0
5271 70.0
5272 70.0
5273 70.0
5274 70.0
5275 70.0
5276 70.0
5277 70.0
5278 70.0
5279 70.0
5280 70.0
5281 70.0
5282 70.0
5283 70.0
5284 70.0
5285 70.0
5286 70.0
5287 70.0
5288 70.0
5289 70.0
5290 70.0
5291 70.0
5292 70.0
5293 70.0
5294 70.0
5295 70.0
5296 70.0
5297 70.0
5298 70.0
5299 70.0
5300 70.0
5301 70.0
5302 70.0
5303 70.0
5304 70.0
5305 70.0
5306 70.0
5307 70.0
5308 70.0
5309 70.0
5310 70.0
5311 70.0
5312 70.0
5313 70.0
5314 70.0
5315 70.0
5316 70.0
5317 70.0
5318 70.0
5319 70.0
5320 70.0
5321 70.0
5322 70.0
5323 70.0
5324 70.0
5325 70.0
5326 70.0
5327 70.0
5328 70.0
5329 70.0
5330 70.0
5331 70.0
5332 70.0
5333 70.0
5334 70.0
5335 70.0
5336 70.0
5337 70.0
5338 70.0
5339 70.0
5340 70.0
5341 70.0
5342 70.0
5343 70.0
5344 70.0
5345 70.0
5346 70.0
5347 70.0
5348 70.0
5349 70.0
5350 70.0
5351 70.0
5352 70.0
5353 70.0
5354 70.0
5355 70.0
5356 70.0
5357 70.0
5358 70.0
5359 70.0
5360 70.0
5361 70.0
5362 70.0
5363 70.0
5364 70.0
5365 70.0
5366 70.0
5367 70.0
5368 70.0
5369 70.0
5370 70.0
5371 70.0
5372 70.0
5373 70.0
5374 70.0
5375 70.0
5376 70.0
5377 70.0
5378 70.0
5379 70.0
5380 70.0
5381 70.0
5382 70.0
5383 70.0
5384 70.0
5385 70.0
5386 70.0
5387 70.0
5388 70.0
5389 70.0
5390 70.0
5391 70.0
5392 70.0
5393 70.0
5394 70.0
5395 70.0
5396 70.0
5397 70.0
5398 70.0
5399 70.0
5400 70.0
5401 70.0
5402 70.0
5403 70.0
5404 70.0
5405 70.0
5406 70.0
5407 70.0
5408 70.0
5409 70.0
5410 70.0
5411 70.0
5412 70.0
5413 70.0
5414 70.0
5415 70.0
5416 70.0
5417 70.0
5418 70.0
5419 70.0
5420 70.0
5421 70.0
5422 70.0
5423 70.0
5424 70.0
5425 70.0
5426 70.0
5427 70.0
5428 70.0
5429 70.0
5430 70.0
5431 70.0
5432 70.0
5433 70.0
5434 70.0
5435 70.0
5436 70.0
5437 70.0
5438 70.0
5439 70.0
5440 70.0
5441 70.0
5442 70.0
5443 70.0
5444 70.0
5445 70.0
5446 70.0
5447 70.0
5448 70.0
5449 70.0
5450 70.0
5451 70.0
5452 70.0
5453 70.0
5454 70.0
5455 70.0
5456 70.0
5457 70.0
5458 70.0
5459 70.0
5460 70.0
5461 70.0
5462 70.0
5463 70.0
5464 70.0
5465 70.0
5466 70.0
5467 70.0
5468 70.0
5469 70.0
5470 70.0
5471 70.0
5472 70.0
5473 70.0
5474 70.0
5475 70.0
5476 70.0
5477 70.0
5478 70.0
5479 70.0
5480 70.0
5481 70.0
5482 70.0
5483 70.0
5484 70.0
5485 70.0
5486 70.0
5487 70.0
5488 70.0
5489 70.0
5490 70.0
5491 70.0
5492 70.0
5493 70.0
5494 70.0
5495 70.0
5496 70.0
5497 70.0
5498 70.0
5499 70.0
5500 70.0
5501 70.0
5502 70.0
5503 70.0
5504 70.0
5505 70.0
5506 70.0
5507 70.0
5508 70.0
5509 70.0
5510 70.0
5511 70.0
5512 70.0
5513 70.0
5514 70.0
5515 70.0
5516 70.0
5517 70.0
5518 70.0
5519 70.0
5520 70.0
5521 70.0
5522 70.0
5523 70.0
5524 70.0
5525 70.0
5526 70.0
5527 70.0
5528 70.0
5529 70.0
5530 70.0
5531 70.0
5532 70.0
5533 70.0
5534 70.0
5535 70.0
5536 70.0
5537 70.0
5538 70.0
5539 70.0
5540 70.0
5541 70.0
5542 70.0
5543 70.0
5544 70.0
5545 70.0
5546 70.0
5547 70.0
5548 70.0
5549 70.0
5550 70.0
5551 70.0
5552 70.0
5553 70.0
5554 70.0
5555 70.0
5556 70.0
5557 70.0
5558 70.0
5559 70.0
5560 70.0
5561 70.0
5562 70.0
5563 70.0
5564 70.0
5565 70.0
5566 70.0
5567 70.0
5568 70.0
5569 70.0
5570 70.0
5571 70.0
5572 70.0
5573 70.0
5574 70.0
5575 70.0
5576 70.0
5577 70.0
5578 70.0
5579 70.0
5580 70.0
5581 70.0
5582 70.0
5583 70.0
5584 70.0
5585 70.0
5586 70.0
5587 70.0
5588 70.0
5589 70.0
5590 70.0
5591 70.0
5592 70.0
5593 70.0
5594 70.0
5595 70.0
5596 70.0
5597 70.0
5598 70.0
5599 70.0
5600 70.0
5601 70.0
5602 70.0
5603 70.0
5604 70.0
5605 70.0
5606 70.0
5607 70.0
5608 70.0
5609 70.0
5610 70.0
5611 70.0
5612 70.0
5613 70.0
5614 70.0
5615 70.0
5616 70.0
5617 70.0
5618 70.0
5619 70.0
5620 70.0
5621 70.0
5622 70.0
5623 70.0
5624 70.0
5625 70.0
5626 70.0
5627 70.0
5628 70.0
5629 70.0
5630 70.0
5631 70.0
5632 70.0
5633 70.0
5634 70.0
5635 70.0
5636 70.0
5637 70.0
5638 70.0
5639 70.0
5640 70.0
5641 70.0
5642 70.0
5643 70.0
5644 70.0
5645 70.0
5646 70.0
5647 70.0
5648 70.0
5649 70.0
5650 70.0
5651 70.0
5652 70.0
5653 70.0
5654 70.0
5655 70.0
5656 70.0
5657 70.0
5658 70.0
5659 70.0
5660 70.0
5661 70.0
5662 70.0
5663 70.0
5664 70.0
5665 70.0
5666 70.0
5667 70.0
5668 70.0
5669 70.0
5670 70.0
5671 70.0
5672 70.0
5673 70.0
5674 70.0
5675 70.0
5676 70.0
5677 70.0
5678 70.0
5679 70.0
5680 70.0
5681 70.0
5682 70.0
5683 70.0
5684 70.0
5685 70.0
5686 70.0
5687 70.0
5688 70.0
5689 70.0
5690 70.0
5691 70.0
5692 70.0
5693 70.0
5694 70.0
5695 70.0
5696 70.0
5697 70.0
5698 70.0
5699 70.0
5700 70.0
5701 70.0
5702 70.0
5703 70.0
5704 70.0
5705 70.0
5706 70.0
5707 70.0
5708 70.0
5709 70.0
5710 70.0
5711 70.0
5712 70.0
5713 70.0
5714 70.0
5715 70.0
5716 70.0
5717 70.0
5718 70.0
5719 70.0
5720 70.0
5721 70.0
5722 70.0
5723 70.0
5724 70.0
5725 70.0
5726 70.0
5727 70.0
5728 70.0
5729 70.0
5730 70.0
5731 70.0
5732 70.0
5733 70.0
5734 70.0
5735 70.0
5736 70.0
5737 70.0
5738 70.0
5739 70.0
5740 70.0
5741 70.0
5742 70.0
5743 70.0
5744 70.0
5745 70.0
5746 70.0
5747 70.0
5748 70.0
5749 70.0
5750 70.0
5751 70.0
5752 70.0
5753 70.0
5754 70.0
5755 70.0
5756 70.0
5757 70.0
5758 70.0
5759 70.0
5760 70.0
5761 70.0
5762 70.0
5763 70.0
5764 70.0
5765 70.0
5766 70.0
5767 70.0
5768 70.0
5769 70.0
5770 70.0
5771 70.0
5772 70.0
5773 70.0
5774 70.0
5775 70.0
5776 70.0
5777 70.0
5778 70.0
5779 70.0
5780 70.0
5781 70.0
5782 70.0
5783 70.0
5784 70.0
5785 70.0
5786 70.0
5787 70.0
5788 70.0
5789 70.0
5790 70.0
5791 70.0
5792 70.0
5793 70.0
5794 70.0
5795 70.0
5796 70.0
5797 70.0
5798 70.0
5799 70.0
5800 70.0
5801 70.0
5802 70.0
5803 70.0
5804 70.0
5805 70.0
5806 70.0
5807 70.0
5808 70.0
5809 70.0
5810 70.0
5811 70.0
5812 70.0
5813 70.0
5814 70.0
5815 70.0
5816 70.0
5817 70.0
5818 70.0
5819 70.0
5820 70.0
5821 70.0
5822 70.0
5823 70.0
5824 70.0
5825 70.0
5826 70.0
5827 70.0
5828 70.0
5829 70.0
5830 70.0
5831 70.0
5832 70.0
5833 70.0
5834 70.0
5835 70.0
5836 70.0
5837 70.0
5838 70.0
5839 70.0
5840 70.0
5841 70.0
5842 70.0
5843 70.0
5844 70.0
5845 70.0
5846 70.0
5847 70.0
5848 70.0
5849 70.0
5850 70.0
5851 70.0
5852 70.0
5853 70.0
5854 70.0
5855 70.0
5856 70.0
5857 70.0
5858 70.0
5859 70.0
5860 70.0
5861 70.0
5862 70.0
5863 70.0
5864 70.0
5865 70.0
5866 70.0
5867 70.0
5868 70.0
5869 70.0
5870 70.0
5871 70.0
5872 70.0
5873 70.0
5874 70.0
5875 70.0
5876 70.0
5877 70.0
5878 70.0
5879 70.0
5880 70.0
5881 70.0
5882 70.0
5883 70.0
5884 70.0
5885 70.0
5886 70.0
5887 70.0
5888 70.0
5889 70.0
5890 70.0
5891 70.0
5892 70.0
5893 70.0
5894 70.0
5895 70.0
5896 70.0
5897 70.0
5898 70.0
5899 70.0
5900 70.0
5901 70.0
5902 70.0
5903 70.0
5904 70.0
5905 70.0
5906 70.0
5907 70.0
5908 70.0
5909 70.0
5910 70.0
5911 70.0
5912 70.0
5913 70.0
5914 70.0
5915 70.0
5916 70.0
5917 70.0
5918 70.0
5919 70.0
5920 70.0
5921 70.0
5922 70.0
5923 70.0
5924 70.0
5925 70.0
5926 70.0
5927 70.0
5928 70.0
5929 70.0
5930 70.0
5931 70.0
5932 70.0
5933 70.0
5934 70.0
5935 70.0
5936 70.0
5937 70.0
5938 70.0
5939 70.0
5940 70.0
5941 70.0
5942 70.0
5943 70.0
5944 70.0
5945 70.0
5946 70.0
5947 70.0
5948 70.0
5949 70.0
5950 70.0
5951 70.0
5952 70.0
5953 70.0
5954 70.0
5955 70.0
5956 70.0
5957 70.0
5958 70.0
5959 70.0
5960 70.0
5961 70.0
5962 70.0
5963 70.0
5964 70.0
5965 70.0
5966 70.0
5967 70.0
5968 70.0
5969 70.0
5970 70.0
5971 70.0
5972 70.0
5973 70.0
5974 70.0
5975 70.0
5976 70.0
5977 70.0
5978 70.0
5979 70.0
5980 70.0
5981 70.0
5982 70.0
5983 70.0
5984 70.0
5985 70.0
5986 70.0
5987 70.0
5988 70.0
5989 70.0
5990 70.0
5991 70.0
5992 70.0
5993 70.0
5994 70.0
5995 70.0
5996 70.0
5997 70.0
5998 70.0
5999 70.0
6000 70.0
6001 70.0
6002 70.0
6003 70.0
6004 70.0
6005 70.0
6006 70.0
6007 70.0
6008 70.0
6009 70.0
6010 70.0
6011 70.0
6012 70.0
6013 70.0
6014 70.0
6015 70.0
6016 70.0
6017 70.0
6018 70.0
6019 70.0
6020 70.0
6021 70.0
6022 70.0
6023 70.0
6024 70.0
6025 70.0
6026 70.0
6027 70.0
6028 70.0
6029 70.0
6030 70.0
6031 70.0
6032 70.0
6033 70.0
6034 70.0
6035 70.0
6036 70.0
6037 70.0
6038 70.0
6039 70.0
6040 70.0
6041 70.0
6042 70.0
6043 70.0
6044 70.0
6045 70.0
6046 70.0
6047 70.0
6048 70.0
6049 70.0
6050 70.0
6051 70.0
6052 70.0
6053 70.0
6054 70.0
6055 70.0
6056 70.0
6057 70.0
6058 70.0
6059 70.0
6060 70.0
6061 70.0
6062 70.0
6063 70.0
6064 70.0
6065 70.0
6066 70.0
6067 70.0
6068 70.0
6069 70.0
6070 70.0
6071 70.0
6072 70.0
6073 70.0
6074 70.0
6075 70.0
6076 70.0
6077 70.0
6078 70.0
6079 70.0
6080 70.0
6081 70.0
6082 70.0
6083 70.0
6084 70.0
6085 70.0
6086 70.0
6087 70.0
6088 70.0
6089 70.0
6090 70.0
6091 70.0
6092 70.0
6093 70.0
6094 70.0
6095 70.0
6096 70.0
6097 70.0
6098 70.0
6099 70.0
6100 70.0
6101 70.0
6102 70.0
6103 70.0
6104 70.0
6105 70.0
6106 70.0
6107 70.0
6108 70.0
6109 70.0
6110 70.0
6111 70.0
6112 70.0
6113 70.0
6114 70.0
6115 70.0
6116 70.0
6117 70.0
6118 70.0
6119 70.0
6120 70.0
6121 70.0
6122 70.0
6123 70.0
6124 70.0
6125 70.0
6126 70.0
6127 70.0
6128 70.0
6129 70.0
6130 70.0
6131 70.0
6132 70.0
6133 70.0
6134 70.0
6135 70.0
6136 70.0
6137 70.0
6138 70.0
6139 70.0
6140 70.0
6141 70.0
6142 70.0
6143 70.0
6144 70.0
6145 70.0
6146 70.0
6147 70.0
6148 70.0
6149 70.0
6150 70.0
6151 70.0
6152 70.0
6153 70.0
6154 70.0
6155 70.0
6156 70.0
6157 70.0
6158 70.0
6159 70.0
6160 70.0
6161 70.0
6162 70.0
6163 70.0
6164 70.0
6165 70.0
6166 70.0
6167 70.0
6168 70.0
6169 70.0
6170 70.0
6171 70.0
6172 70.0
6173 70.0
6174 70.0
6175 70.0
6176 70.0
6177 70.0
6178 70.0
6179 70.0
6180 70.0
6181 70.0
6182 70.0
6183 70.0
6184 70.0
6185 70.0
6186 70.0
6187 70.0
6188 70.0
6189 70.0
6190 70.0
6191 70.0
6192 70.0
6193 70.0
6194 70.0
6195 70.0
6196 70.0
6197 70.0
6198 70.0
6199 70.0
6200 70.0
6201 70.0
6202 70.0
6203 70.0
6204 70.0
6205 70.0
6206 70.0
6207 70.0
6208 70.0
6209 70.0
6210 70.0
6211 70.0
6212 70.0
6213 70.0
6214 70.0
6215 70.0
6216 70.0
6217 70.0
6218 70.0
6219 70.0
6220 70.0
6221 70.0
6222 70.0
6223 70.0
6224 70.0
6225 70.0
6226 70.0
6227 70.0
6228 70.0
6229 70.0
6230 70.0
6231 70.0
6232 70.0
6233 70.0
6234 70.0
6235 70.0
6236 70.0
6237 70.0
6238 70.0
6239 70.0
6240 70.0
6241 70.0
6242 70.0
6243 70.0
6244 70.0
6245 70.0
6246 70.0
6247 70.0
6248 70.0
6249 70.0
6250 70.0
6251 70.0
6252 70.0
6253 70.0
6254 70.0
6255 70.0
6256 70.0
6257 70.0
6258 70.0
6259 70.0
6260 70.0
6261 70.0
6262 70.0
6263 70.0
6264 70.0
6265 70.0
6266 70.0
6267 70.0
6268 70.0
6269 70.0
6270 70.0
6271 70.0
6272 70.0
6273 70.0
6274 70.0
6275 70.0
6276 70.0
6277 70.0
6278 70.0
6279 70.0
6280 70.0
6281 70.0
6282 70.0
6283 70.0
6284 70.0
6285 70.0
6286 70.0
6287 70.0
6288 70.0
6289 70.0
6290 70.0
6291 70.0
6292 70.0
6293 70.0
6294 70.0
6295 70.0
6296 70.0
6297 70.0
6298 70.0
6299 70.0
6300 70.0
6301 70.0
6302 70.0
6303 70.0
6304 70.0
6305 70.0
6306 70.0
6307 70.0
6308 70.0
6309 70.0
6310 70.0
6311 70.0
6312 70.0
6313 70.0
6314 70.0
6315 70.0
6316 70.0
6317 70.0
6318 70.0
6319 70.0
6320 70.0
6321 70.0
6322 70.0
6323 70.0
6324 70.0
6325 70.0
6326 70.0
6327 70.0
6328 70.0
6329 70.0
6330 70.0
6331 70.0
6332 70.0
6333 70.0
6334 70.0
6335 70.0
6336 70.0
6337 70.0
6338 70.0
6339 70.0
6340 70.0
6341 70.0
6342 70.0
6343 70.0
6344 70.0
6345 70.0
6346 70.0
6347 70.0
6348 70.0
6349 70.0
6350 70.0
6351 70.0
6352 70.0
6353 70.0
6354 70.0
6355 70.0
6356 70.0
6357 70.0
6358 70.0
6359 70.0
6360 70.0
6361 70.0
6362 70.0
6363 70.0
6364 70.0
6365 70.0
6366 70.0
6367 70.0
6368 70.0
6369 70.0
6370 70.0
6371 70.0
6372 70.0
6373 70.0
6374 70.0
6375 70.0
6376 70.0
6377 70.0
6378 70.0
6379 70.0
6380 70.0
6381 70.0
6382 70.0
6383 70.0
6384 70.0
6385 70.0
6386 70.0
6387 70.0
6388 70.0
6389 70.0
6390 70.0
6391 70.0
6392 70.0
6393 70.0
6394 70.0
6395 70.0
6396 70.0
6397 70.0
6398 70.0
6399 70.0
6400 70.0
6401 70.0
6402 70.0
6403 70.0
6404 70.0
6405 70.0
6406 70.0
6407 70.0
6408 70.0
6409 70.0
6410 70.0
6411 70.0
6412 70.0
6413 70.0
6414 70.0
6415 70.0
6416 70.0
6417 70.0
6418 70.0
6419 70.0
6420 70.0
6421 70.0
6422 70.0
6423 70.0
6424 70.0
6425 70.0
6426 70.0
6427 70.0
6428 70.0
6429 70.0
6430 70.0
6431 70.0
6432 70.0
6433 70.0
6434 70.0
6435 70.0
6436 70.0
6437 70.0
6438 70.0
6439 70.0
6440 70.0
6441 70.0
6442 70.0
6443 70.0
6444 70.0
6445 70.0
6446 70.0
6447 70.0
6448 70.0
6449 70.0
6450 70.0
6451 70.0
6452 70.0
6453 70.0
6454 70.0
6455 70.0
6456 70.0
6457 70.0
6458 70.0
6459 70.0
6460 70.0
6461 70.0
6462 70.0
6463 70.0
6464 70.0
6465 70.0
6466 70.0
6467 70.0
6468 70.0
6469 70.0
6470 70.0
6471 70.0
6472 70.0
6473 70.0
6474 70.0
6475 70.0
6476 70.0
6477 70.0
6478 70.0
6479 70.0
6480 70.0
6481 70.0
6482 70.0
6483 70.0
6484 70.0
6485 70.0
6486 70.0
6487 70.0
6488 70.0
6489 70.0
6490 70.0
6491 70.0
6492 70.0
6493 70.0
6494 70.0
6495 70.0
6496 70.0
6497 70.0
6498 70.0
6499 70.0
6500 70.0
6501 70.0
6502 70.0
6503 70.0
6504 70.0
6505 70.0
6506 70.0
6507 70.0
6508 70.0
6509 70.0
6510 70.0
6511 70.0
6512 70.0
6513 70.0
6514 70.0
6515 70.0
6516 70.0
6517 70.0
6518 70.0
6519 70.0
6520 70.0
6521 70.0
6522 70.0
6523 70.0
6524 70.0
6525 70.0
6526 70.0
6527 70.0
6528 70.0
6529 70.0
6530 70.0
6531 70.0
6532 70.0
6533 70.0
6534 70.0
6535 70.0
6536 70.0
6537 70.0
6538 70.0
6539 70.0
6540 70.0
6541 70.0
6542 70.0
6543 70.0
6544 70.0
6545 70.0
6546 70.0
6547 70.0
6548 70.0
6549 70.0
6550 70.0
6551 70.0
6552 70.0
6553 70.0
6554 70.0
6555 70.0
6556 70.0
6557 70.0
6558 70.0
6559 70.0
6560 70.0
6561 70.0
6562 70.0
6563 70.0
6564 70.0
6565 70.0
6566 70.0
6567 70.0
6568 70.0
6569 70.0
6570 70.0
6571 70.0
6572 70.0
6573 70.0
6574 70.0
6575 70.0
6576 70.0
6577 70.0
6578 70.0
6579 70.0
6580 70.0
6581 70.0
6582 70.0
6583 70.0
6584 70.0
6585 70.0
6586 70.0
6587 70.0
6588 70.0
6589 70.0
6590 70.0
6591 70.0
6592 70.0
6593 70.0
6594 70.0
6595 70.0
6596 70.0
6597 70.0
6598 70.0
6599 70.0
6600 70.0
6601 70.0
6602 70.0
6603 70.0
6604 70.0
6605 70.0
6606 70.0
6607 70.0
6608 70.0
6609 70.0
6610 70.0
6611 70.0
6612 70.0
6613 70.0
6614 70.0
6615 70.0
6616 70.0
6617 70.0
6618 70.0
6619 70.0
6620 70.0
6621 70.0
6622 70.0
6623 70.0
6624 70.0
6625 70.0
6626 70.0
6627 70.0
6628 70.0
6629 70.0
6630 70.0
6631 70.0
6632 70.0
6633 70.0
6634 70.0
6635 70.0
6636 70.0
6637 70.0
6638 70.0
6639 70.0
6640 70.0
6641 70.0
6642 70.0
6643 70.0
6644 70.0
6645 70.0
6646 70.0
6647 70.0
6648 70.0
6649 70.0
6650 70.0
6651 70.0
6652 70.0
6653 70.0
6654 70.0
6655 70.0
6656 70.0
6657 70.0
6658 70.0
6659 70.0
6660 70.0
6661 70.0
6662 70.0
6663 70.0
6664 70.0
6665 70.0
6666 70.0
6667 70.0
6668 70.0
6669 70.0
6670 70.0
6671 70.0
6672 70.0
6673 70.0
6674 70.0
6675 70.0
6676 70.0
6677 70.0
6678 70.0
6679 70.0
6680 70.0
6681 70.0
6682 70.0
6683 70.0
6684 70.0
6685 70.0
6686 70.0
6687 70.0
6688 70.0
6689 70.0
6690 70.0
6691 70.0
6692 70.0
6693 70.0
6694 70.0
6695 70.0
6696 70.0
6697 70.0
6698 70.0
6699 70.0
6700 70.0
6701 70.0
6702 70.0
6703 70.0
6704 70.0
6705 70.0
6706 70.0
6707 70.0
6708 70.0
6709 70.0
6710 70.0
6711 70.0
6712 70.0
6713 70.0
6714 70.0
6715 70.0
6716 70.0
6717 70.0
6718 70.0
6719 70.0
6720 70.0
6721 70.0
6722 70.0
6723 70.0
6724 70.0
6725 70.0
6726 70.0
6727 70.0
6728 70.0
6729 70.0
6730 70.0
6731 70.0
6732 70.0
6733 70.0
6734 70.0
6735 70.0
6736 70.0
6737 70.0
6738 70.0
6739 70.0
6740 70.0
6741 70.0
6742 70.0
6743 70.0
6744 70.0
6745 70.0
6746 70.0
6747 70.0
6748 70.0
6749 70.0
6750 70.0
6751 70.0
6752 70.0
6753 70.0
6754 70.0
6755 70.0
6756 70.0
6757 70.0
6758 70.0
6759 70.0
6760 70.0
6761 70.0
6762 70.0
6763 70.0
6764 70.0
6765 70.0
6766 70.0
6767 70.0
6768 70.0
6769 70.0
6770 70.0
6771 70.0
6772 70.0
6773 70.0
6774 70.0
6775 70.0
6776 70.0
6777 70.0
6778 70.0
6779 70.0
6780 70.0
6781 70.0
6782 70.0
6783 70.0
6784 70.0
6785 70.0
6786 70.0
6787 70.0
6788 70.0
6789 70.0
6790 70.0
6791 70.0
6792 70.0
6793 70.0
6794 70.0
6795 70.0
6796 70.0
6797 70.0
6798 70.0
6799 70.0
6800 70.0
6801 70.0
6802 70.0
6803 70.0
6804 70.0
6805 70.0
6806 70.0
6807 70.0
6808 70.0
6809 70.0
6810 70.0
6811 70.0
6812 70.0
6813 70.0
6814 70.0
6815 70.0
6816 70.0
6817 70.0
6818 70.0
6819 70.0
6820 70.0
6821 70.0
6822 70.0
6823 70.0
6824 70.0
6825 70.0
6826 70.0
6827 70.0
6828 70.0
6829 70.0
6830 70.0
6831 70.0
6832 70.0
6833 70.0
6834 70.0
6835 70.0
6836 70.0
6837 70.0
6838 70.0
6839 70.0
6840 70.0
6841 70.0
6842 70.0
6843 70.0
6844 70.0
6845 70.0
6846 70.0
6847 70.0
6848 70.0
6849 70.0
6850 70.0
6851 70.0
6852 70.0
6853 70.0
6854 70.0
6855 70.0
6856 70.0
6857 70.0
6858 70.0
6859 70.0
6860 70.0
6861 70.0
6862 70.0
6863 70.0
6864 70.0
6865 70.0
6866 70.0
6867 70.0
6868 70.0
6869 70.0
6870 70.0
6871 70.0
6872 70.0
6873 70.0
6874 70.0
6875 70.0
6876 70.0
6877 70.0
6878 70.0
6879 70.0
6880 70.0
6881 70.0
6882 70.0
6883 70.0
6884 70.0
6885 70.0
6886 70.0
6887 70.0
6888 70.0
6889 70.0
6890 70.0
6891 70.0
6892 70.0
6893 70.0
6894 70.0
6895 70.0
6896 70.0
6897 70.0
6898 70.0
6899 70.0
6900 70.0
6901 70.0
6902 70.0
6903 70.0
6904 70.0
6905 70.0
6906 70.0
6907 70.0
6908 70.0
6909 70.0
6910 70.0
6911 70.0
6912 70.0
6913 70.0
6914 70.0
6915 70.0
6916 70.0
6917 70.0
6918 70.0
6919 70.0
6920 70.0
6921 70.0
6922 70.0
6923 70.0
6924 70.0
6925 70.0
6926 70.0
6927 70.0
6928 70.0
6929 70.0
6930 70.0
6931 70.0
6932 70.0
6933 70.0
6934 70.0
6935 70.0
6936 70.0
6937 70.0
6938 70.0
6939 70.0
6940 70.0
6941 70.0
6942 70.0
6943 70.0
6944 70.0
6945 70.0
6946 70.0
6947 70.0
6948 70.0
6949 70.0
6950 70.0
6951 70.0
6952 70.0
6953 70.0
6954 70.0
6955 70.0
6956 70.0
6957 70.0
6958 70.0
6959 70.0
6960 70.0
6961 70.0
6962 70.0
6963 70.0
6964 70.0
6965 70.0
6966 70.0
6967 70.0
6968 70.0
6969 70.0
6970 70.0
6971 70.0
6972 70.0
6973 70.0
6974 70.0
6975 70.0
6976 70.0
6977 70.0
6978 70.0
6979 70.0
6980 70.0
6981 70.0
6982 70.0
6983 70.0
6984 70.0
6985 70.0
6986 70.0
6987 70.0
6988 70.0
6989 70.0
6990 70.0
6991 70.0
6992 70.0
6993 70.0
6994 70.0
6995 70.0
6996 70.0
6997 70.0
6998 70.0
6999 70.0
7000 70.0
7001 70.0
7002 70.0
7003 70.0
7004 70.0
7005 70.0
7006 70.0
7007 70.0
7008 70.0
7009 70.0
7010 70.0
7011 70.0
7012 70.0
7013 70.0
7014 70.0
7015 70.0
7016 70.0
7017 70.0
7018 70.0
7019 70.0
7020 70.0
7021 70.0
7022 70.0
7023 70.0
7024 70.0
7025 70.0
7026 70.0
7027 70.0
7028 70.0
7029 70.0
7030 70.0
7031 70.0
7032 70.0
7033 70.0
7034 70.0
7035 70.0
7036 70.0
7037 70.0
7038 70.0
7039 70.0
7040 70.0
7041 70.0
7042 70.0
7043 70.0
7044 70.0
7045 70.0
7046 70.0
7047 70.0
7048 70.0
7049 70.0
7050 70.0
7051 70.0
7052 70.0
7053 70.0
7054 70.0
7055 70.0
7056 70.0
7057 70.0
7058 70.0
7059 70.0
7060 70.0
7061 70.0
7062 70.0
7063 70.0
7064 70.0
7065 70.0
7066 70.0
7067 70.0
7068 70.0
7069 70.0
7070 70.0
7071 70.0
7072 70.0
7073 70.0
7074 70.0
7075 70.0
7076 70.0
7077 70.0
7078 70.0
7079 70.0
7080 70.0
7081 70.0
7082 70.0
7083 70.0
7084 70.0
7085 70.0
7086 70.0
7087 70.0
7088 70.0
7089 70.0
7090 70.0
7091 70.0
7092 70.0
7093 70.0
7094 70.0
7095 70.0
7096 70.0
7097 70.0
7098 70.0
7099 70.0
7100 70.0
7101 70.0
7102 70.0
7103 70.0
7104 70.0
7105 70.0
7106 70.0
7107 70.0
7108 70.0
7109 70.0
7110 70.0
7111 70.0
7112 70.0
7113 70.0
7114 70.0
7115 70.0
7116 70.0
7117 70.0
7118 70.0
7119 70.0
7120 70.0
7121 70.0
7122 70.0
7123 70.0
7124 70.0
7125 70.0
7126 70.0
7127 70.0
7128 70.0
7129 70.0
7130 70.0
7131 70.0
7132 70.0
7133 70.0
7134 70.0
7135 70.0
7136 70.0
7137 70.0
7138 70.0
7139 70.0
7140 70.0
7141 70.0
7142 70.0
7143 70.0
7144 70.0
7145 70.0
7146 70.0
7147 70.0
7148 70.0
7149 70.0
7150 70.0
7151 70.0
7152 70.0
7153 70.0
7154 70.0
7155 70.0
7156 70.0
7157 70.0
7158 70.0
7159 70.0
7160 70.0
7161 70.0
7162 70.0
7163 70.0
7164 70.0
7165 70.0
7166 70.0
7167 70.0
7168 70.0
7169 70.0
7170 70.0
7171 70.0
7172 70.0
7173 70.0
7174 70.0
7175 70.0
7176 70.0
7177 70.0
7178 70.0
7179 70.0
7180 70.0
7181 70.0
7182 70.0
7183 70.0
7184 70.0
7185 70.0
7186 70.0
7187 70.0
7188 70.0
7189 70.0
7190 70.0
7191 70.0
7192 70.0
7193 70.0
7194 70.0
7195 70.0
7196 70.0
7197 70.0
7198 70.0
7199 70.0
7200 70.0
7201 70.0
7202 70.0
7203 70.0
7204 70.0
7205 70.0
7206 70.0
7207 70.0
7208 70.0
7209 70.0
7210 70.0
7211 70.0
7212 70.0
7213 70.0
7214 70.0
7215 70.0
7216 70.0
7217 70.0
7218 70.0
7219 70.0
7220 70.0
7221 70.0
7222 70.0
7223 70.0
7224 70.0
7225 70.0
7226 70.0
7227 70.0
7228 70.0
7229 70.0
7230 70.0
7231 70.0
7232 70.0
7233 70.0
7234 70.0
7235 70.0
7236 70.0
7237 70.0
7238 70.0
7239 70.0
7240 70.0
7241 70.0
7242 70.0
7243 70.0
7244 70.0
7245 70.0
7246 70.0
7247 70.0
7248 70.0
7249 70.0
7250 70.0
7251 70.0
7252 70.0
7253 70.0
7254 70.0
7255 70.0
7256 70.0
7257 70.0
7258 70.0
7259 70.0
7260 70.0
7261 70.0
7262 70.0
7263 70.0
7264 70.0
7265 70.0
7266 70.0
7267 70.0
7268 70.0
7269 70.0
7270 70.0
7271 70.0
7272 70.0
7273 70.0
7274 70.0
7275 70.0
7276 70.0
7277 70.0
7278 70.0
7279 70.0
7280 70.0
7281 70.0
7282 70.0
7283 70.0
7284 70.0
7285 70.0
7286 70.0
7287 70.0
7288 70.0
7289 70.0
7290 70.0
7291 70.0
7292 70.0
7293 70.0
7294 70.0
7295 70.0
7296 70.0
7297 70.0
7298 70.0
7299 70.0
7300 70.0
7301 70.0
7302 70.0
7303 70.0
7304 70.0
7305 70.0
7306 70.0
7307 70.0
7308 70.0
7309 70.0
7310 70.0
7311 70.0
7312 70.0
7313 70.0
7314 70.0
7315 70.0
7316 70.0
7317 70.0
7318 70.0
7319 70.0
7320 70.0
7321 70.0
7322 70.0
7323 70.0
7324 70.0
7325 70.0
7326 70.0
7327 70.0
7328 70.0
7329 70.0
7330 70.0
7331 70.0
7332 70.0
7333 70.0
7334 70.0
7335 70.0
7336 70.0
7337 70.0
7338 70.0
7339 70.0
7340 70.0
7341 70.0
7342 70.0
7343 70.0
7344 70.0
7345 70.0
7346 70.0
7347 70.0
7348 70.0
7349 70.0
7350 70.0
7351 70.0
7352 70.0
7353 70.0
7354 70.0
7355 70.0
7356 70.0
7357 70.0
7358 70.0
7359 70.0
7360 70.0
7361 70.0
7362 70.0
7363 70.0
7364 70.0
7365 70.0
7366 70.0
7367 70.0
7368 70.0
7369 70.0
7370 70.0
7371 70.0
7372 70.0
7373 70.0
7374 70.0
7375 70.0
7376 70.0
7377 70.0
7378 70.0
7379 70.0
7380 70.0
7381 70.0
7382 70.0
7383 70.0
7384 70.0
7385 70.0
7386 70.0
7387 70.0
7388 70.0
7389 70.0
7390 70.0
7391 70.0
7392 70.0
7393 70.0
7394 70.0
7395 70.0
7396 70.0
7397 70.0
7398 70.0
7399 70.0
7400 70.0
7401 70.0
7402 70.0
7403 70.0
7404 70.0
7405 70.0
7406 70.0
7407 70.0
7408 70.0
7409 70.0
7410 70.0
7411 70.0
7412 70.0
7413 70.0
7414 70.0
7415 70.0
7416 70.0
7417 70.0
7418 70.0
7419 70.0
7420 70.0
7421 70.0
7422 70.0
7423 70.0
7424 70.0
7425 70.0
7426 70.0
7427 70.0
7428 70.0
7429 70.0
7430 70.0
7431 70.0
7432 70.0
7433 70.0
7434 70.0
7435 70.0
7436 70.0
7437 70.0
7438 70.0
7439 70.0
7440 70.0
7441 70.0
7442 70.0
7443 70.0
7444 70.0
7445 70.0
7446 70.0
7447 70.0
7448 70.0
7449 70.0
7450 70.0
7451 70.0
7452 70.0
7453 70.0
7454 70.0
7455 70.0
7456 70.0
7457 70.0
7458 70.0
7459 70.0
7460 70.0
7461 70.0
7462 70.0
7463 70.0
7464 70.0
7465 70.0
7466 70.0
7467 70.0
7468 70.0
7469 70.0
7470 70.0
7471 70.0
7472 70.0
7473 70.0
7474 70.0
7475 70.0
7476 70.0
7477 70.0
7478 70.0
7479 70.0
7480 70.0
7481 70.0
7482 70.0
7483 70.0
7484 70.0
7485 70.0
7486 70.0
7487 70.0
7488 70.0
7489 70.0
7490 70.0
7491 70.0
7492 70.0
7493 70.0
7494 70.0
7495 70.0
7496 70.0
7497 70.0
7498 70.0
7499 70.0
7500 70.0
7501 70.0
7502 70.0
7503 70.0
7504 70.0
7505 70.0
7506 70.0
7507 70.0
7508 70.0
7509 70.0
7510 70.0
7511 70.0
7512 70.0
7513 70.0
7514 70.0
7515 70.0
7516 70.0
7517 70.0
7518 70.0
7519 70.0
7520 70.0
7521 70.0
7522 70.0
7523 70.0
7524 70.0
7525 70.0
7526 70.0
7527 70.0
7528 70.0
7529 70.0
7530 70.0
7531 70.0
7532 70.0
7533 70.0
7534 70.0
7535 70.0
7536 70.0
7537 70.0
7538 70.0
7539 70.0
7540 70.0
7541 70.0
7542 70.0
7543 70.0
7544 70.0
7545 70.0
7546 70.0
7547 70.0
7548 70.0
7549 70.0
7550 70.0
7551 70.0
7552 70.0
7553 70.0
7554 70.0
7555 70.0
7556 70.0
7557 70.0
7558 70.0
7559 70.0
7560 70.0
7561 70.0
7562 70.0
7563 70.0
7564 70.0
7565 70.0
7566 70.0
7567 70.0
7568 70.0
7569 70.0
7570 70.0
7571 70.0
7572 70.0
7573 70.0
7574 70.0
7575 70.0
7576 70.0
7577 70.0
7578 70.0
7579 70.0
7580 70.0
7581 70.0
7582 70.0
7583 70.0
7584 70.0
7585 70.0
7586 70.0
7587 70.0
7588 70.0
7589 70.0
7590 70.0
7591 70.0
7592 70.0
7593 70.0
7594 70.0
7595 70.0
7596 70.0
7597 70.0
7598 70.0
7599 70.0
7600 70.0
7601 70.0
7602 70.0
7603 70.0
7604 70.0
7605 70.0
7606 70.0
7607 70.0
7608 70.0
7609 70.0
7610 70.0
7611 70.0
7612 70.0
7613 70.0
7614 70.0
7615 70.0
7616 70.0
7617 70.0
7618 70.0
7619 70.0
7620 70.0
7621 70.0
7622 70.0
7623 70.0
7624 70.0
7625 70.0
7626 70.0
7627 70.0
7628 70.0
7629 70.0
7630 70.0
7631 70.0
7632 70.0
7633 70.0
7634 70.0
7635 70.0
7636 70.0
7637 70.0
7638 70.0
7639 70.0
7640 70.0
7641 70.0
7642 70.0
7643 70.0
7644 70.0
7645 70.0
7646 70.0
7647 70.0
7648 70.0
7649 70.0
7650 70.0
7651 70.0
7652 70.0
7653 70.0
7654 70.0
7655 70.0
7656 70.0
7657 70.0
7658 70.0
7659 70.0
7660 70.0
7661 70.0
7662 70.0
7663 70.0
7664 70.0
7665 70.0
7666 70.0
7667 70.0
7668 70.0
7669 70.0
7670 70.0
7671 70.0
7672 70.0
7673 70.0
7674 70.0
7675 70.0
7676 70.0
7677 70.0
7678 70.0
7679 70.0
7680 70.0
7681 70.0
7682 70.0
7683 70.0
7684 70.0
7685 70.0
7686 70.0
7687 70.0
7688 70.0
7689 70.0
7690 70.0
7691 70.0
7692 70.0
7693 70.0
7694 70.0
7695 70.0
7696 70.0
7697 70.0
7698 70.0
7699 70.0
7700 70.0
7701 70.0
7702 70.0
7703 70.0
7704 70.0
7705 70.0
7706 70.0
7707 70.0
7708 70.0
7709 70.0
7710 70.0
7711 70.0
7712 70.0
7713 70.0
7714 70.0
7715 70.0
7716 70.0
7717 70.0
7718 70.0
7719 70.0
7720 70.0
7721 70.0
7722 70.0
7723 70.0
7724 70.0
7725 70.0
7726 70.0
7727 70.0
7728 70.0
7729 70.0
7730 70.0
7731 70.0
7732 70.0
7733 70.0
7734 70.0
7735 70.0
7736 70.0
7737 70.0
7738 70.0
7739 70.0
7740 70.0
7741 70.0
7742 70.0
7743 70.0
7744 70.0
7745 70.0
7746 70.0
7747 70.0
7748 70.0
7749 70.0
7750 70.0
7751 70.0
7752 70.0
7753 70.0
7754 70.0
7755 70.0
7756 70.0
7757 70.0
7758 70.0
7759 70.0
7760 71.0
7761 71.0
7762 71.0
7763 71.0
7764 71.0
7765 71.0
7766 71.0
7767 71.0
7768 71.0
7769 71.0
7770 71.0
7771 71.0
7772 71.0
7773 71.0
7774 71.0
7775 71.0
7776 71.0
7777 71.0
7778 71.0
7779 71.0
7780 71.0
7781 71.0
7782 71.0
7783 71.0
7784 71.0
7785 71.0
7786 71.0
7787 71.0
7788 71.0
7789 71.0
7790 71.0
7791 71.0
7792 71.0
7793 71.0
7794 71.0
7795 71.0
7796 71.0
7797 71.0
7798 71.0
7799 71.0
7800 71.0
7801 71.0
7802 71.0
7803 71.0
7804 71.0
7805 71.0
7806 71.0
7807 71.0
7808 71.0
7809 71.0
7810 71.0
7811 71.0
7812 71.0
7813 71.0
7814 71.0
7815 71.0
7816 71.0
7817 71.0
7818 71.0
7819 71.0
7820 71.0
7821 71.0
7822 71.0
7823 71.0
7824 71.0
7825 71.0
7826 71.0
7827 71.0
7828 71.0
7829 71.0
7830 71.0
7831 71.0
7832 71.0
7833 71.0
7834 71.0
7835 71.0
7836 71.0
7837 71.0
7838 71.0
7839 71.0
7840 71.0
7841 71.0
7842 71.0
7843 71.0
7844 71.0
7845 71.0
7846 71.0
7847 71.0
7848 71.0
7849 71.0
7850 71.0
7851 71.0
7852 71.0
7853 71.0
7854 71.0
7855 71.0
7856 71.0
7857 71.0
7858 71.0
7859 71.0
7860 71.0
7861 71.0
7862 71.0
7863 71.0
7864 71.0
7865 71.0
7866 71.0
7867 71.0
7868 71.0
7869 71.0
7870 71.0
7871 71.0
7872 71.0
7873 71.0
7874 71.0
7875 71.0
7876 71.0
7877 71.0
7878 71.0
7879 71.0
7880 71.0
7881 71.0
7882 71.0
7883 71.0
7884 71.0
7885 71.0
7886 71.0
7887 71.0
7888 71.0
7889 71.0
7890 71.0
7891 71.0
7892 71.0
7893 71.0
7894 71.0
7895 71.0
7896 71.0
7897 71.0
7898 71.0
7899 71.0
7900 71.0
7901 71.0
7902 71.0
7903 71.0
7904 71.0
7905 71.0
7906 71.0
7907 71.0
7908 71.0
7909 71.0
7910 71.0
7911 71.0
7912 71.0
7913 71.0
7914 71.0
7915 71.0
7916 71.0
7917 71.0
7918 71.0
7919 71.0
7920 71.0
7921 71.0
7922 71.0
7923 71.0
7924 71.0
7925 71.0
7926 71.0
7927 71.0
7928 71.0
7929 71.0
7930 71.0
7931 71.0
7932 71.0
7933 71.0
7934 71.0
7935 71.0
7936 71.0
7937 71.0
7938 71.0
7939 71.0
7940 71.0
7941 71.0
7942 71.0
7943 71.0
7944 71.0
7945 71.0
7946 71.0
7947 71.0
7948 71.0
7949 71.0
7950 71.0
7951 71.0
7952 71.0
7953 71.0
7954 71.0
7955 71.0
7956 71.0
7957 71.0
7958 71.0
7959 71.0
7960 71.0
7961 71.0
7962 71.0
7963 71.0
7964 71.0
7965 71.0
7966 71.0
7967 71.0
7968 71.0
7969 71.0
7970 71.0
7971 71.0
7972 71.0
7973 71.0
7974 71.0
7975 71.0
7976 71.0
7977 71.0
7978 71.0
7979 71.0
7980 71.0
7981 71.0
7982 71.0
7983 71.0
7984 71.0
7985 71.0
7986 71.0
7987 71.0
7988 71.0
7989 71.0
7990 71.0
7991 71.0
7992 71.0
7993 71.0
7994 71.0
7995 71.0
7996 71.0
7997 71.0
7998 71.0
7999 71.0
8000 71.0
8001 71.0
8002 71.0
8003 71.0
8004 71.0
8005 71.0
8006 71.0
8007 71.0
8008 71.0
8009 71.0
8010 71.0
8011 71.0
8012 71.0
8013 71.0
8014 71.0
8015 71.0
8016 71.0
8017 71.0
8018 71.0
8019 71.0
8020 71.0
8021 71.0
8022 71.0
8023 71.0
8024 71.0
8025 71.0
8026 71.0
8027 71.0
8028 71.0
8029 71.0
8030 71.0
8031 71.0
8032 71.0
8033 71.0
8034 71.0
8035 71.0
8036 71.0
8037 71.0
8038 71.0
8039 71.0
8040 71.0
8041 71.0
8042 71.0
8043 71.0
8044 71.0
8045 71.0
8046 71.0
8047 71.0
8048 71.0
8049 71.0
8050 71.0
8051 71.0
8052 71.0
8053 71.0
8054 71.0
8055 71.0
8056 71.0
8057 71.0
8058 71.0
8059 71.0
8060 71.0
8061 71.0
8062 71.0
8063 71.0
8064 71.0
8065 71.0
8066 71.0
8067 71.0
8068 71.0
8069 71.0
8070 71.0
8071 71.0
8072 71.0
8073 71.0
8074 71.0
8075 71.0
8076 71.0
8077 71.0
8078 71.0
8079 71.0
8080 71.0
8081 71.0
8082 71.0
8083 71.0
8084 71.0
8085 71.0
8086 71.0
8087 71.0
8088 71.0
8089 71.0
8090 71.0
8091 71.0
8092 71.0
8093 71.0
8094 71.0
8095 71.0
8096 71.0
8097 71.0
8098 71.0
8099 71.0
8100 71.0
8101 71.0
8102 71.0
8103 71.0
8104 71.0
8105 71.0
8106 71.0
8107 71.0
8108 71.0
8109 71.0
8110 71.0
8111 71.0
8112 71.0
8113 71.0
8114 71.0
8115 71.0
8116 71.0
8117 71.0
8118 71.0
8119 71.0
8120 71.0
8121 71.0
8122 71.0
8123 71.0
8124 71.0
8125 71.0
8126 71.0
8127 71.0
8128 71.0
8129 71.0
8130 71.0
8131 71.0
8132 71.0
8133 71.0
8134 71.0
8135 71.0
8136 71.0
8137 71.0
8138 71.0
8139 71.0
8140 71.0
8141 71.0
8142 71.0
8143 71.0
8144 71.0
8145 71.0
8146 71.0
8147 71.0
8148 71.0
8149 71.0
8150 71.0
8151 71.0
8152 71.0
8153 71.0
8154 71.0
8155 71.0
8156 71.0
8157 71.0
8158 71.0
8159 71.0
8160 71.0
8161 71.0
8162 71.0
8163 71.0
8164 71.0
8165 71.0
8166 71.0
8167 71.0
8168 71.0
8169 71.0
8170 71.0
8171 71.0
8172 71.0
8173 71.0
8174 71.0
8175 71.0
8176 71.0
8177 71.0
8178 71.0
8179 71.0
8180 71.0
8181 71.0
8182 71.0
8183 71.0
8184 71.0
8185 71.0
8186 71.0
8187 71.0
8188 71.0
8189 71.0
8190 71.0
8191 71.0
8192 71.0
8193 71.0
8194 71.0
8195 71.0
8196 71.0
8197 71.0
8198 71.0
8199 71.0
8200 71.0
8201 71.0
8202 71.0
8203 71.0
8204 71.0
8205 71.0
8206 71.0
8207 71.0
8208 71.0
8209 71.0
8210 71.0
8211 71.0
8212 71.0
8213 71.0
8214 71.0
8215 71.0
8216 71.0
8217 71.0
8218 71.0
8219 71.0
8220 71.0
8221 71.0
8222 71.0
8223 71.0
8224 71.0
8225 71.0
8226 71.0
8227 71.0
8228 71.0
8229 71.0
8230 71.0
8231 71.0
8232 71.0
8233 71.0
8234 71.0
8235 71.0
8236 71.0
8237 71.0
8238 71.0
8239 71.0
8240 71.0
8241 71.0
8242 71.0
8243 71.0
8244 71.0
8245 71.0
8246 71.0
8247 71.0
8248 71.0
8249 71.0
8250 71.0
8251 71.0
8252 71.0
8253 71.0
8254 71.0
8255 71.0
8256 71.0
8257 71.0
8258 71.0
8259 71.0
8260 71.0
8261 71.0
8262 71.0
8263 71.0
8264 71.0
8265 71.0
8266 71.0
8267 71.0
8268 71.0
8269 71.0
8270 71.0
8271 71.0
8272 71.0
8273 71.0
8274 71.0
8275 71.0
8276 71.0
8277 71.0
8278 71.0
8279 71.0
8280 71.0
8281 71.0
8282 71.0
8283 71.0
8284 71.0
8285 71.0
8286 71.0
8287 71.0
8288 71.0
8289 71.0
8290 71.0
8291 71.0
8292 71.0
8293 71.0
8294 71.0
8295 71.0
8296 71.0
8297 71.0
8298 71.0
8299 71.0
8300 71.0
8301 71.0
8302 71.0
8303 71.0
8304 71.0
8305 71.0
8306 71.0
8307 71.0
8308 71.0
8309 71.0
8310 71.0
8311 71.0
8312 71.0
8313 71.0
8314 71.0
8315 71.0
8316 71.0
8317 71.0
8318 71.0
8319 71.0
8320 71.0
8321 71.0
8322 71.0
8323 71.0
8324 71.0
8325 71.0
8326 71.0
8327 71.0
8328 71.0
8329 71.0
8330 71.0
8331 71.0
8332 71.0
8333 71.0
8334 71.0
8335 71.0
8336 71.0
8337 71.0
8338 71.0
8339 71.0
8340 71.0
8341 71.0
8342 71.0
8343 71.0
8344 71.0
8345 71.0
8346 71.0
8347 71.0
8348 71.0
8349 71.0
8350 71.0
8351 71.0
8352 71.0
8353 71.0
8354 71.0
8355 71.0
8356 71.0
8357 71.0
8358 71.0
8359 71.0
8360 71.0
8361 71.0
8362 71.0
8363 71.0
8364 71.0
8365 71.0
8366 71.0
8367 71.0
8368 71.0
8369 71.0
8370 71.0
8371 71.0
8372 71.0
8373 71.0
8374 71.0
8375 71.0
8376 71.0
8377 71.0
8378 71.0
8379 71.0
8380 71.0
8381 71.0
8382 71.0
8383 71.0
8384 71.0
8385 71.0
8386 71.0
8387 71.0
8388 71.0
8389 71.0
8390 71.0
8391 71.0
8392 71.0
8393 71.0
8394 71.0
8395 71.0
8396 71.0
8397 71.0
8398 71.0
8399 71.0
8400 71.0
8401 71.0
8402 71.0
8403 71.0
8404 71.0
8405 71.0
8406 71.0
8407 71.0
8408 71.0
8409 71.0
8410 71.0
8411 71.0
8412 71.0
8413 71.0
8414 71.0
8415 71.0
8416 71.0
8417 71.0
8418 71.0
8419 71.0
8420 71.0
8421 71.0
8422 71.0
8423 71.0
8424 71.0
8425 71.0
8426 71.0
8427 71.0
8428 71.0
8429 71.0
8430 71.0
8431 71.0
8432 71.0
8433 71.0
8434 71.0
8435 71.0
8436 71.0
8437 71.0
8438 71.0
8439 71.0
8440 71.0
8441 71.0
8442 71.0
8443 71.0
8444 71.0
8445 71.0
8446 71.0
8447 71.0
8448 71.0
8449 71.0
8450 71.0
8451 71.0
8452 71.0
8453 71.0
8454 71.0
8455 71.0
8456 71.0
8457 71.0
8458 71.0
8459 71.0
8460 71.0
8461 71.0
8462 71.0
8463 71.0
8464 71.0
8465 71.0
8466 71.0
8467 71.0
8468 71.0
8469 71.0
8470 71.0
8471 71.0
8472 71.0
8473 71.0
8474 71.0
8475 71.0
8476 71.0
8477 71.0
8478 71.0
8479 71.0
8480 71.0
8481 71.0
8482 71.0
8483 71.0
8484 71.0
8485 71.0
8486 71.0
8487 71.0
8488 71.0
8489 71.0
8490 71.0
8491 71.0
8492 71.0
8493 71.0
8494 71.0
8495 71.0
8496 71.0
8497 71.0
8498 71.0
8499 71.0
8500 71.0
8501 71.0
8502 71.0
8503 71.0
8504 71.0
8505 71.0
8506 71.0
8507 71.0
8508 71.0
8509 71.0
8510 71.0
8511 71.0
8512 71.0
8513 71.0
8514 71.0
8515 71.0
8516 71.0
8517 71.0
8518 71.0
8519 71.0
8520 71.0
8521 71.0
8522 71.0
8523 71.0
8524 71.0
8525 71.0
8526 71.0
8527 71.0
8528 71.0
8529 71.0
8530 71.0
8531 71.0
8532 71.0
8533 71.0
8534 71.0
8535 71.0
8536 71.0
8537 71.0
8538 71.0
8539 71.0
8540 71.0
8541 71.0
8542 71.0
8543 71.0
8544 71.0
8545 71.0
8546 71.0
8547 71.0
8548 71.0
8549 71.0
8550 71.0
8551 71.0
8552 71.0
8553 71.0
8554 71.0
8555 71.0
8556 71.0
8557 71.0
8558 71.0
8559 71.0
8560 71.0
8561 71.0
8562 71.0
8563 71.0
8564 71.0
8565 71.0
8566 71.0
8567 71.0
8568 71.0
8569 71.0
8570 71.0
8571 71.0
8572 71.0
8573 71.0
8574 71.0
8575 71.0
8576 71.0
8577 71.0
8578 71.0
8579 71.0
8580 71.0
8581 71.0
8582 71.0
8583 71.0
8584 71.0
8585 71.0
8586 71.0
8587 71.0
8588 71.0
8589 71.0
8590 71.0
8591 71.0
8592 71.0
8593 71.0
8594 71.0
8595 71.0
8596 71.0
8597 71.0
8598 71.0
8599 71.0
8600 71.0
8601 71.0
8602 71.0
8603 71.0
8604 71.0
8605 71.0
8606 71.0
8607 71.0
8608 71.0
8609 71.0
8610 71.0
8611 71.0
8612 71.0
8613 71.0
8614 71.0
8615 71.0
8616 71.0
8617 71.0
8618 71.0
8619 71.0
8620 71.0
8621 71.0
8622 71.0
8623 71.0
8624 71.0
8625 71.0
8626 71.0
8627 71.0
8628 71.0
8629 71.0
8630 71.0
8631 71.0
8632 71.0
8633 71.0
8634 71.0
8635 71.0
8636 71.0
8637 71.0
8638 71.0
8639 71.0
8640 71.0
8641 71.0
8642 71.0
8643 71.0
8644 71.0
8645 71.0
8646 71.0
8647 71.0
8648 71.0
8649 71.0
8650 71.0
8651 71.0
8652 71.0
8653 71.0
8654 71.0
8655 71.0
8656 71.0
8657 71.0
8658 71.0
8659 71.0
8660 71.0
8661 71.0
8662 71.0
8663 71.0
8664 71.0
8665 71.0
8666 71.0
8667 71.0
8668 71.0
8669 71.0
8670 71.0
8671 71.0
8672 71.0
8673 71.0
8674 71.0
8675 71.0
8676 71.0
8677 71.0
8678 71.0
8679 71.0
8680 71.0
8681 71.0
8682 71.0
8683 71.0
8684 71.0
8685 71.0
8686 71.0
8687 71.0
8688 71.0
8689 71.0
8690 71.0
8691 71.0
8692 71.0
8693 71.0
8694 71.0
8695 71.0
8696 71.0
8697 71.0
8698 71.0
8699 71.0
8700 71.0
8701 71.0
8702 71.0
8703 71.0
8704 71.0
8705 71.0
8706 71.0
8707 71.0
8708 71.0
8709 71.0
8710 71.0
8711 71.0
8712 71.0
8713 71.0
8714 71.0
8715 71.0
8716 71.0
8717 71.0
8718 71.0
8719 71.0
8720 71.0
8721 71.0
8722 71.0
8723 71.0
8724 71.0
8725 71.0
8726 71.0
8727 71.0
8728 71.0
8729 71.0
8730 71.0
8731 71.0
8732 71.0
8733 71.0
8734 71.0
8735 71.0
8736 71.0
8737 71.0
8738 71.0
8739 71.0
8740 71.0
8741 71.0
8742 71.0
8743 71.0
8744 71.0
8745 71.0
8746 71.0
8747 71.0
8748 71.0
8749 71.0
8750 71.0
8751 71.0
8752 71.0
8753 71.0
8754 71.0
8755 71.0
8756 71.0
8757 71.0
8758 71.0
8759 71.0
8760 71.0
8761 71.0
8762 71.0
8763 71.0
8764 71.0
8765 71.0
8766 71.0
8767 71.0
8768 71.0
8769 71.0
8770 71.0
8771 71.0
8772 71.0
8773 71.0
8774 71.0
8775 71.0
8776 71.0
8777 71.0
8778 71.0
8779 71.0
8780 71.0
8781 71.0
8782 71.0
8783 71.0
8784 71.0
8785 71.0
8786 71.0
8787 71.0
8788 71.0
8789 71.0
8790 71.0
8791 71.0
8792 71.0
8793 71.0
8794 71.0
8795 71.0
8796 71.0
8797 71.0
8798 71.0
8799 71.0
8800 71.0
8801 71.0
8802 71.0
8803 71.0
8804 71.0
8805 71.0
8806 71.0
8807 71.0
8808 71.0
8809 71.0
8810 71.0
8811 71.0
8812 71.0
8813 71.0
8814 71.0
8815 71.0
8816 71.0
8817 71.0
8818 71.0
8819 71.0
8820 71.0
8821 71.0
8822 71.0
8823 71.0
8824 71.0
8825 71.0
8826 71.0
8827 71.0
8828 71.0
8829 71.0
8830 71.0
8831 71.0
8832 71.0
8833 71.0
8834 71.0
8835 71.0
8836 71.0
8837 71.0
8838 71.0
8839 71.0
8840 71.0
8841 71.0
8842 71.0
8843 71.0
8844 71.0
8845 71.0
8846 71.0
8847 71.0
8848 71.0
8849 71.0
8850 71.0
8851 71.0
8852 71.0
8853 71.0
8854 71.0
8855 71.0
8856 71.0
8857 71.0
8858 71.0
8859 71.0
8860 71.0
8861 71.0
8862 71.0
8863 71.0
8864 71.0
8865 71.0
8866 71.0
8867 71.0
8868 71.0
8869 71.0
8870 71.0
8871 71.0
8872 71.0
8873 71.0
8874 71.0
8875 71.0
8876 71.0
8877 71.0
8878 71.0
8879 71.0
8880 71.0
8881 71.0
8882 71.0
8883 71.0
8884 71.0
8885 71.0
8886 71.0
8887 71.0
8888 71.0
8889 71.0
8890 71.0
8891 71.0
8892 71.0
8893 71.0
8894 71.0
8895 71.0
8896 71.0
8897 71.0
8898 71.0
8899 71.0
8900 71.0
8901 71.0
8902 71.0
8903 71.0
8904 71.0
8905 71.0
8906 71.0
8907 71.0
8908 71.0
8909 71.0
8910 71.0
8911 71.0
8912 71.0
8913 71.0
8914 71.0
8915 71.0
8916 71.0
8917 71.0
8918 71.0
8919 71.0
8920 71.0
8921 71.0
8922 71.0
8923 71.0
8924 71.0
8925 71.0
8926 71.0
8927 71.0
8928 71.0
8929 71.0
8930 71.0
8931 71.0
8932 71.0
8933 71.0
8934 71.0
8935 71.0
8936 71.0
8937 71.0
8938 71.0
8939 71.0
8940 71.0
8941 71.0
8942 71.0
8943 71.0
8944 71.0
8945 71.0
8946 71.0
8947 71.0
8948 71.0
8949 71.0
8950 71.0
8951 71.0
8952 71.0
8953 71.0
8954 71.0
8955 71.0
8956 71.0
8957 71.0
8958 71.0
8959 71.0
8960 71.0
8961 71.0
8962 71.0
8963 71.0
8964 71.0
8965 71.0
8966 71.0
8967 71.0
8968 71.0
8969 71.0
8970 71.0
8971 71.0
8972 71.0
8973 71.0
8974 71.0
8975 71.0
8976 71.0
8977 71.0
8978 71.0
8979 71.0
8980 71.0
8981 71.0
8982 71.0
8983 71.0
8984 71.0
8985 71.0
8986 71.0
8987 71.0
8988 71.0
8989 71.0
8990 71.0
8991 71.0
8992 71.0
8993 71.0
8994 71.0
8995 71.0
8996 71.0
8997 71.0
8998 71.0
8999 71.0
9000 71.0
9001 71.0
9002 71.0
9003 71.0
9004 71.0
9005 71.0
9006 71.0
9007 71.0
9008 71.0
9009 71.0
9010 71.0
9011 71.0
9012 71.0
9013 71.0
9014 71.0
9015 71.0
9016 71.0
9017 71.0
9018 71.0
9019 71.0
9020 71.0
9021 71.0
9022 71.0
9023 71.0
9024 71.0
9025 71.0
9026 71.0
9027 71.0
9028 71.0
9029 71.0
9030 71.0
9031 71.0
9032 71.0
9033 71.0
9034 71.0
9035 71.0
9036 71.0
9037 71.0
9038 71.0
9039 71.0
9040 71.0
9041 71.0
9042 71.0
9043 71.0
9044 71.0
9045 71.0
9046 71.0
9047 71.0
9048 71.0
9049 71.0
9050 71.0
9051 71.0
9052 71.0
9053 71.0
9054 71.0
9055 71.0
9056 71.0
9057 71.0
9058 71.0
9059 71.0
9060 71.0
9061 71.0
9062 71.0
9063 71.0
9064 71.0
9065 71.0
9066 71.0
9067 71.0
9068 71.0
9069 71.0
9070 71.0
9071 71.0
9072 71.0
9073 71.0
9074 71.0
9075 71.0
9076 71.0
9077 71.0
9078 71.0
9079 71.0
9080 71.0
9081 71.0
9082 71.0
9083 71.0
9084 71.0
9085 71.0
9086 71.0
9087 71.0
9088 71.0
9089 71.0
9090 71.0
9091 71.0
9092 71.0
9093 71.0
9094 71.0
9095 71.0
9096 71.0
9097 71.0
9098 71.0
9099 71.0
9100 71.0
9101 71.0
9102 71.0
9103 71.0
9104 71.0
9105 71.0
9106 71.0
9107 71.0
9108 71.0
9109 71.0
9110 71.0
9111 71.0
9112 71.0
9113 71.0
9114 71.0
9115 71.0
9116 71.0
9117 71.0
9118 71.0
9119 71.0
9120 71.0
9121 71.0
9122 71.0
9123 71.0
9124 71.0
9125 71.0
9126 71.0
9127 71.0
9128 71.0
9129 71.0
9130 71.0
9131 71.0
9132 71.0
9133 71.0
9134 71.0
9135 71.0
9136 71.0
9137 71.0
9138 71.0
9139 71.0
9140 71.0
9141 71.0
9142 71.0
9143 71.0
9144 71.0
9145 71.0
9146 71.0
9147 71.0
9148 71.0
9149 71.0
9150 71.0
9151 71.0
9152 71.0
9153 71.0
9154 71.0
9155 71.0
9156 71.0
9157 71.0
9158 71.0
9159 71.0
9160 71.0
9161 71.0
9162 71.0
9163 71.0
9164 71.0
9165 71.0
9166 71.0
9167 71.0
9168 71.0
9169 71.0
9170 71.0
9171 71.0
9172 71.0
9173 71.0
9174 71.0
9175 71.0
9176 71.0
9177 71.0
9178 71.0
9179 71.0
9180 71.0
9181 71.0
9182 71.0
9183 71.0
9184 71.0
9185 71.0
9186 71.0
9187 71.0
9188 71.0
9189 71.0
9190 71.0
9191 71.0
9192 71.0
9193 71.0
9194 71.0
9195 71.0
9196 71.0
9197 71.0
9198 71.0
9199 71.0
9200 71.0
9201 71.0
9202 71.0
9203 71.0
9204 71.0
9205 71.0
9206 71.0
9207 71.0
9208 71.0
9209 71.0
9210 71.0
9211 71.0
9212 71.0
9213 71.0
9214 71.0
9215 71.0
9216 71.0
9217 71.0
9218 71.0
9219 71.0
9220 71.0
9221 71.0
9222 71.0
9223 71.0
9224 71.0
9225 71.0
9226 71.0
9227 71.0
9228 71.0
9229 71.0
9230 71.0
9231 71.0
9232 71.0
9233 71.0
9234 71.0
9235 71.0
9236 71.0
9237 71.0
9238 71.0
9239 71.0
9240 71.0
9241 71.0
9242 71.0
9243 71.0
9244 71.0
9245 71.0
9246 71.0
9247 71.0
9248 71.0
9249 71.0
9250 71.0
9251 71.0
9252 71.0
9253 71.0
9254 71.0
9255 71.0
9256 71.0
9257 71.0
9258 71.0
9259 71.0
9260 71.0
9261 71.0
9262 71.0
9263 71.0
9264 71.0
9265 71.0
9266 71.0
9267 71.0
9268 71.0
9269 71.0
9270 71.0
9271 71.0
9272 71.0
9273 71.0
9274 71.0
9275 71.0
9276 71.0
9277 71.0
9278 71.0
9279 71.0
9280 71.0
9281 71.0
9282 71.0
9283 71.0
9284 71.0
9285 71.0
9286 71.0
9287 71.0
9288 71.0
9289 71.0
9290 71.0
9291 71.0
9292 71.0
9293 71.0
9294 71.0
9295 71.0
9296 71.0
9297 71.0
9298 71.0
9299 71.0
9300 71.0
9301 71.0
9302 71.0
9303 71.0
9304 71.0
9305 71.0
9306 71.0
9307 71.0
9308 71.0
9309 71.0
9310 71.0
9311 71.0
9312 71.0
9313 71.0
9314 71.0
9315 71.0
9316 71.0
9317 71.0
9318 71.0
9319 71.0
9320 71.0
9321 71.0
9322 71.0
9323 71.0
9324 71.0
9325 71.0
9326 71.0
9327 71.0
9328 71.0
9329 71.0
9330 71.0
9331 71.0
9332 71.0
9333 71.0
9334 71.0
9335 71.0
9336 71.0
9337 71.0
9338 71.0
9339 71.0
9340 71.0
9341 71.0
9342 71.0
9343 71.0
9344 71.0
9345 71.0
9346 71.0
9347 71.0
9348 71.0
9349 71.0
9350 71.0
9351 71.0
9352 71.0
9353 71.0
9354 71.0
9355 71.0
9356 71.0
9357 71.0
9358 71.0
9359 71.0
9360 71.0
9361 71.0
9362 71.0
9363 71.0
9364 71.0
9365 71.0
9366 71.0
9367 71.0
9368 71.0
9369 71.0
9370 71.0
9371 71.0
9372 71.0
9373 71.0
9374 71.0
9375 71.0
9376 71.0
9377 71.0
9378 71.0
9379 71.0
9380 71.0
9381 71.0
9382 71.0
9383 71.0
9384 71.0
9385 71.0
9386 71.0
9387 71.0
9388 71.0
9389 71.0
9390 71.0
9391 71.0
9392 71.0
9393 71.0
9394 71.0
9395 71.0
9396 71.0
9397 71.0
9398 71.0
9399 71.0
9400 71.0
9401 71.0
9402 71.0
9403 71.0
9404 71.0
9405 71.0
9406 71.0
9407 71.0
9408 71.0
9409 71.0
9410 71.0
9411 71.0
9412 71.0
9413 71.0
9414 71.0
9415 71.0
9416 71.0
9417 71.0
9418 71.0
9419 71.0
9420 71.0
9421 71.0
9422 71.0
9423 71.0
9424 71.0
9425 71.0
9426 71.0
9427 71.0
9428 71.0
9429 71.0
9430 71.0
9431 71.0
9432 71.0
9433 71.0
9434 71.0
9435 71.0
9436 71.0
9437 71.0
9438 71.0
9439 71.0
9440 71.0
9441 71.0
9442 71.0
9443 71.0
9444 71.0
9445 71.0
9446 71.0
9447 71.0
9448 71.0
9449 71.0
9450 71.0
9451 71.0
9452 71.0
9453 71.0
9454 71.0
9455 71.0
9456 71.0
9457 71.0
9458 71.0
9459 71.0
9460 71.0
9461 71.0
9462 71.0
9463 71.0
9464 71.0
9465 71.0
9466 71.0
9467 71.0
9468 71.0
9469 71.0
9470 71.0
9471 71.0
9472 71.0
9473 71.0
9474 71.0
9475 71.0
9476 71.0
9477 71.0
9478 71.0
9479 71.0
9480 71.0
9481 71.0
9482 71.0
9483 71.0
9484 71.0
9485 71.0
9486 71.0
9487 71.0
9488 71.0
9489 71.0
9490 71.0
9491 71.0
9492 71.0
9493 71.0
9494 71.0
9495 71.0
9496 71.0
9497 71.0
9498 71.0
9499 71.0
9500 71.0
9501 71.0
9502 71.0
9503 71.0
9504 71.0
9505 71.0
9506 71.0
9507 71.0
9508 71.0
9509 71.0
9510 71.0
9511 71.0
9512 71.0
9513 71.0
9514 71.0
9515 71.0
9516 71.0
9517 71.0
9518 71.0
9519 71.0
9520 71.0
9521 71.0
9522 71.0
9523 71.0
9524 71.0
9525 71.0
9526 71.0
9527 71.0
9528 71.0
9529 71.0
9530 71.0
9531 71.0
9532 71.0
9533 71.0
9534 71.0
9535 71.0
9536 71.0
9537 71.0
9538 71.0
9539 71.0
9540 71.0
9541 71.0
9542 71.0
9543 71.0
9544 71.0
9545 71.0
9546 71.0
9547 71.0
9548 71.0
9549 71.0
9550 71.0
9551 71.0
9552 71.0
9553 71.0
9554 71.0
9555 71.0
9556 71.0
9557 71.0
9558 71.0
9559 71.0
9560 71.0
9561 71.0
9562 71.0
9563 71.0
9564 71.0
9565 71.0
9566 71.0
9567 71.0
9568 71.0
9569 71.0
9570 71.0
9571 71.0
9572 71.0
9573 71.0
9574 71.0
9575 71.0
9576 71.0
9577 71.0
9578 71.0
9579 71.0
9580 71.0
9581 71.0
9582 71.0
9583 71.0
9584 71.0
9585 71.0
9586 71.0
9587 71.0
9588 71.0
9589 71.0
9590 71.0
9591 71.0
9592 71.0
9593 71.0
9594 71.0
9595 71.0
9596 71.0
9597 71.0
9598 71.0
9599 71.0
9600 71.0
9601 71.0
9602 71.0
9603 71.0
9604 71.0
9605 71.0
9606 71.0
9607 71.0
9608 71.0
9609 71.0
9610 71.0
9611 71.0
9612 71.0
9613 71.0
9614 71.0
9615 71.0
9616 71.0
9617 71.0
9618 71.0
9619 71.0
9620 71.0
9621 71.0
9622 71.0
9623 71.0
9624 71.0
9625 71.0
9626 71.0
9627 71.0
9628 71.0
9629 71.0
9630 71.0
9631 71.0
9632 71.0
9633 71.0
9634 71.0
9635 71.0
9636 71.0
9637 71.0
9638 71.0
9639 71.0
9640 71.0
9641 71.0
9642 71.0
9643 71.0
9644 71.0
9645 71.0
9646 71.0
9647 71.0
9648 71.0
9649 71.0
9650 71.0
9651 71.0
9652 71.0
9653 71.0
9654 71.0
9655 71.0
9656 71.0
9657 71.0
9658 71.0
9659 71.0
9660 71.0
9661 71.0
9662 71.0
9663 71.0
9664 71.0
9665 71.0
9666 71.0
9667 71.0
9668 71.0
9669 71.0
9670 71.0
9671 71.0
9672 71.0
9673 71.0
9674 71.0
9675 71.0
9676 71.0
9677 71.0
9678 71.0
9679 71.0
9680 71.0
9681 71.0
9682 71.0
9683 71.0
9684 71.0
9685 71.0
9686 71.0
9687 71.0
9688 71.0
9689 71.0
9690 71.0
9691 71.0
9692 71.0
9693 71.0
9694 71.0
9695 71.0
9696 71.0
9697 71.0
9698 71.0
9699 71.0
9700 71.0
9701 71.0
9702 71.0
9703 71.0
9704 71.0
9705 71.0
9706 71.0
9707 71.0
9708 71.0
9709 71.0
9710 71.0
9711 71.0
9712 71.0
9713 71.0
9714 71.0
9715 71.0
9716 71.0
9717 71.0
9718 71.0
9719 71.0
9720 71.0
9721 71.0
9722 71.0
9723 71.0
9724 71.0
9725 71.0
9726 71.0
9727 71.0
9728 71.0
9729 71.0
9730 71.0
9731 71.0
9732 71.0
9733 71.0
9734 71.0
9735 71.0
9736 71.0
9737 71.0
9738 71.0
9739 71.0
9740 71.0
9741 71.0
9742 71.0
9743 71.0
9744 71.0
9745 71.0
9746 71.0
9747 71.0
9748 71.0
9749 71.0
9750 71.0
9751 71.0
9752 71.0
9753 71.0
9754 71.0
9755 71.0
9756 71.0
9757 71.0
9758 71.0
9759 71.0
9760 71.0
9761 71.0
9762 71.0
9763 71.0
9764 71.0
9765 71.0
9766 71.0
9767 71.0
9768 71.0
9769 71.0
9770 71.0
9771 71.0
9772 71.0
9773 71.0
9774 71.0
9775 71.0
9776 71.0
9777 71.0
9778 71.0
9779 71.0
9780 71.0
9781 71.0
9782 71.0
9783 71.0
9784 71.0
9785 71.0
9786 71.0
9787 71.0
9788 71.0
9789 71.0
9790 71.0
9791 71.0
9792 71.0
9793 71.0
9794 71.0
9795 71.0
9796 71.0
9797 71.0
9798 71.0
9799 71.0
9800 71.0
9801 71.0
9802 71.0
9803 71.0
9804 71.0
9805 71.0
9806 71.0
9807 71.0
9808 71.0
9809 71.0
9810 71.0
9811 71.0
9812 71.0
9813 71.0
9814 71.0
9815 71.0
9816 71.0
9817 71.0
9818 71.0
9819 71.0
9820 71.0
9821 71.0
9822 71.0
9823 71.0
9824 71.0
9825 71.0
9826 71.0
9827 71.0
9828 71.0
9829 71.0
9830 71.0
9831 71.0
9832 71.0
9833 71.0
9834 71.0
9835 71.0
9836 71.0
9837 71.0
9838 71.0
9839 71.0
9840 71.0
9841 71.0
9842 71.0
9843 71.0
9844 71.0
9845 71.0
9846 71.0
9847 71.0
9848 71.0
9849 71.0
9850 71.0
9851 71.0
9852 71.0
9853 71.0
9854 71.0
9855 71.0
9856 71.0
9857 71.0
9858 71.0
9859 71.0
9860 71.0
9861 71.0
9862 71.0
9863 71.0
9864 71.0
9865 71.0
9866 71.0
9867 71.0
9868 71.0
9869 71.0
9870 71.0
9871 71.0
9872 71.0
9873 71.0
9874 71.0
9875 71.0
9876 71.0
9877 71.0
9878 71.0
9879 71.0
9880 71.0
9881 71.0
9882 71.0
9883 71.0
9884 71.0
9885 71.0
9886 71.0
9887 71.0
9888 71.0
9889 71.0
9890 71.0
9891 71.0
9892 71.0
9893 71.0
9894 71.0
9895 71.0
9896 71.0
9897 71.0
9898 71.0
9899 71.0
9900 71.0
9901 71.0
9902 71.0
9903 71.0
9904 71.0
9905 71.0
9906 71.0
9907 71.0
9908 71.0
9909 71.0
9910 71.0
9911 71.0
9912 71.0
9913 71.0
9914 71.0
9915 71.0
9916 71.0
9917 71.0
9918 71.0
9919 71.0
9920 71.0
9921 71.0
9922 71.0
9923 71.0
9924 71.0
9925 71.0
9926 71.0
9927 71.0
9928 71.0
9929 71.0
9930 71.0
9931 71.0
9932 71.0
9933 71.0
9934 71.0
9935 71.0
9936 71.0
9937 71.0
9938 71.0
9939 71.0
9940 71.0
9941 71.0
9942 71.0
9943 71.0
9944 71.0
9945 71.0
9946 71.0
9947 71.0
9948 71.0
9949 71.0
9950 71.0
9951 71.0
9952 71.0
9953 71.0
9954 71.0
9955 71.0
9956 71.0
9957 71.0
9958 71.0
9959 71.0
9960 71.0
9961 71.0
9962 71.0
9963 71.0
9964 71.0
9965 71.0
9966 71.0
9967 71.0
9968 71.0
9969 71.0
9970 71.0
9971 71.0
9972 71.0
9973 71.0
9974 71.0
9975 71.0
9976 71.0
9977 71.0
9978 71.0
9979 71.0
9980 71.0
9981 71.0
9982 71.0
9983 71.0
9984 71.0
9985 71.0
9986 71.0
9987 71.0
9988 71.0
9989 71.0
9990 71.0
9991 71.0
9992 71.0
9993 71.0
9994 71.0
9995 71.0
9996 71.0
9997 71.0
9998 71.0
9999 71.0
10000 71.0
