# evaluation best
1 0.0
2 10.0
3 10.0
4 10.0
5 12.0
6 31.0
7 31.0
8 31.0
9 31.0
10 31.0
11 31.0
12 31.0
13 31.0
14 31.0
15 31.0
16 35.0
17 46.0
18 53.0
19 53.0
20 53.0
21 53.0
22 53.0
23 53.0
24 53.0
25 53.0
26 53.0
27 53.0
28 53.0
29 53.0
30 53.0
31 53.0
32 53.0
33 53.0
34 53.0
35 53.0
36 53.0
37 53.0
38 53.0
39 53.0
40 53.0
41 53.0
42 53.0
43 53.0
44 53.0
45 58.0
46 58.0
47 58.0
48 58.0
49 58.0
50 58.0
51 58.0
52 58.0
53 58.0
54 58.0
55 58.0
56 58.0
57 58.0
58 58.0
59 58.0
60 58.0
61 58.0
62 58.0
63 58.0
64 58.0
65 58.0
66 58.0
67 58.0
68 58.0
69 58.0
70 58.0
71 58.0
72 58.0
73 58.0
74 58.0
75 58.0
76 58.0
77 58.0
78 58.0
79 58.0
80 58.0
81 58.0
82 58.0
83 58.0
84 58.0
85 58.0
86 58.0
87 58.0
88 58.0
89 58.0
90 58.0
91 58.0
92 58.0
93 58.0
94 58.0
95 58.0
96 58.0
97 58.0
98 58.0
99 58.0
100 58.0
101 58.0
102 58.0
103 58.0
104 58.0
105 58.0
106 58.0
107 58.0
108 58.0
109 58.0
110 58.0
111 58.0
112 58.0
113 58.0
114 58.0
115 58.0
116 58.0
117 58.0
118 58.0
119 58.0
120 58.0
121 58.0
122 58.0
123 58.0
124 58.0
125 58.0
126 58.0
127 58.0
128 58.0
129 58.0
130 58.0
131 58.0
132 58.0
133 58.0
134 58.0
135 58.0
136 58.0
137 58.0
138 58.0
139 58.0
140 58.0
141 58.0
142 58.0
143 58.0
144 58.0
145 58.0
146 58.0
147 58.0
148 58.0
149 58.0
150 58.0
151 58.0
152 58.0
153 58.0
154 58.0
155 58.0
156 58.0
157 58.0
158 58.0
159 58.0
160 58.0
161 58.0
162 58.0
163 58.0
164 58.0
165 58.0
166 58.0
167 58.0
168 62.0
169 62.0
170 62.0
171 62.0
172 62.0
173 62.0
174 62.0
175 62.0
176 62.0
177 62.0
178 62.0
179 62.0
180 62.0
181 62.0
182 62.0
183 62.0
184 62.0
185 62.0
186 62.0
187 62.0
188 62.0
189 62.0
190 62.0
191 62.0
192 62.0
193 62.0
194 62.0
195 62.0
196 62.0
197 62.0
198 62.0
199 62.0
200 62.0
201 62.0
202 62.0
203 62.0
204 62.0
205 62.0
206 62.0
207 62.0
208 62.0
209 62.0
210 62.0
211 62.0
212 62.0
213 62.0
214 62.0
215 62.0
216 62.0
217 62.0
218 62.0
219 62.0
220 62.0
221 62.0
222 62.0
223 62.0
224 62.0
225 62.0
226 62.0
227 62.0
228 62.0
229 62.0
230 62.0
231 62.0
232 62.0
233 62.0
234 62.0
235 62.0
236 62.0
237 62.0
238 62.0
239 62.0
240 62.0
241 62.0
242 62.0
243 62.0
244 62.0
245 62.0
246 62.0
247 62.0
248 62.0
249 62.0
250 62.0
251 62.0
252 62.0
253 62.0
254 62.0
255 62.0
256 62.0
257 62.0
258 62.0
259 62.0
260 62.0
261 62.0
262 62.0
263 62.0
264 62.0
265 62.0
266 62.0
267 62.0
268 62.0
269 62.0
270 62.0
271 62.0
272 62.0
273 62.0
274 62.0
275 62.0
276 62.0
277 62.0
278 62.0
279 62.0
280 62.0
281 62.0
282 62.0
283 62.0
284 62.0
285 62.0
286 62.0
287 62.0
288 62.0
289 62.0
290 62.0
291 62.0
292 62.0
293 62.0
294 62.0
295 62.0
296 62.0
297 62.0
298 62.0
299 62.0
300 62.0
301 62.0
302 62.0
303 62.0
304 62.0
305 62.0
306 62.0
307 62.0
308 62.0
309 62.0
310 62.0
311 62.0
312 62.0
313 62.0
314 62.0
315 62.0
316 62.0
317 62.0
318 62.0
319 62.0
320 62.0
321 62.0
322 62.0
323 62.0
324 62.0
325 62.0
326 62.0
327 62.0
328 62.0
329 62.0
330 62.0
331 62.0
332 62.0
333 62.0
334 62.0
335 62.0
336 62.0
337 62.0
338 62.0
339 62.0
340 62.0
341 62.0
342 62.0
343 62.0
344 62.0
345 62.0
346 62.0
347 62.0
348 62.0
349 62.0
350 62.0
351 62.0
352 62.0
353 62.0
354 62.0
355 62.0
356 62.0
357 62.0
358 62.0
359 62.0
360 62.0
361 62.0
362 62.0
363 62.0
364 62.0
365 62.0
366 62.0
367 62.0
368 62.0
369 62.0
370 62.0
371 62.0
372 62.0
373 62.0
374 62.0
375 62.0
376 62.0
377 62.0
378 62.0
379 62.0
380 62.0
381 62.0
382 62.0
383 62.0
384 62.0
385 62.0
386 62.0
387 62.0
388 62.0
389 62.0
390 62.0
391 62.0
392 62.0
393 62.0
394 62.0
395 62.0
396 62.0
397 62.0
398 62.0
399 62.0
400 62.0
401 62.0
402 62.0
403 62.0
404 62.0
405 62.0
406 62.0
407 62.0
408 62.0
409 62.0
410 62.0
411 62.0
412 62.0
413 62.0
414 62.0
415 62.0
416 62.0
417 62.0
418 62.0
419 62.0
420 62.0
421 62.0
422 62.0
423 62.0
424 62.0
425 62.0
426 62.0
427 62.0
428 62.0
429 62.0
430 62.0
431 62.0
432 62.0
433 62.0
434 62.0
435 62.0
436 62.0
437 62.0
438 62.0
439 62.0
440 62.0
441 62.0
442 62.0
443 62.0
444 62.0
445 62.0
446 62.0
447 62.0
448 62.0
449 62.0
450 62.0
451 62.0
452 62.0
453 62.0
454 62.0
455 62.0
456 62.0
457 62.0
458 62.0
459 62.0
460 62.0
461 62.0
462 62.0
463 62.0
464 62.0
465 62.0
466 62.0
467 62.0
468 62.0
469 62.0
470 62.0
471 62.0
472 62.0
473 62.0
474 62.0
475 62.0
476 62.0
477 62.0
478 62.0
479 62.0
480 62.0
481 62.0
482 62.0
483 62.0
484 62.0
485 62.0
486 62.0
487 62.0
488 62.0
489 62.0
490 62.0
491 62.0
492 62.0
493 62.0
494 62.0
495 62.0
496 62.0
497 62.0
498 62.0
499 62.0
500 62.0
501 62.0
502 62.0
503 62.0
504 62.0
505 62.0
506 62.0
507 62.0
508 62.0
509 62.0
510 62.0
511 62.0
512 62.0
513 62.0
514 62.0
515 62.0
516 62.0
517 62.0
518 62.0
519 62.0
520 62.0
521 62.0
522 62.0
523 62.0
524 62.0
525 62.0
526 62.0
527 62.0
528 62.0
529 62.0
530 62.0
531 62.0
532 62.0
533 62.0
534 62.0
535 62.0
536 62.0
537 62.0
538 62.0
539 62.0
540 62.0
541 62.0
542 62.0
543 62.0
544 62.0
545 62.0
546 62.0
547 62.0
548 62.0
549 62.0
550 62.0
551 62.0
552 62.0
553 62.0
554 62.0
555 62.0
556 62.0
557 62.0
558 62.0
559 62.0
560 62.0
561 62.0
562 62.0
563 62.0
564 62.0
565 62.0
566 62.0
567 62.0
568 62.0
569 62.0
570 62.0
571 62.0
572 62.0
573 62.0
574 62.0
575 62.0
576 62.0
577 62.0
578 62.0
579 62.0
580 62.0
581 62.0
582 62.0
583 62.0
584 62.0
585 62.0
586 62.0
587 62.0
588 62.0
589 62.0
590 62.0
591 62.0
592 62.0
593 62.0
594 62.0
595 62.0
596 62.0
597 62.0
598 62.0
599 62.0
600 62.0
601 62.0
602 62.0
603 62.0
604 62.0
605 62.0
606 62.0
607 62.0
608 62.0
609 62.0
610 62.0
611 62.0
612 62.0
613 62.0
614 62.0
615 62.0
616 62.0
617 62.0
618 62.0
619 62.0
620 62.0
621 62.0
622 62.0
623 62.0
624 62.0
625 62.0
626 62.0
627 62.0
628 62.0
629 62.0
630 62.0
631 62.0
632 62.0
633 62.0
634 62.0
635 62.0
636 62.0
637 62.0
638 62.0
639 62.0
640 62.0
641 62.0
642 62.0
643 62.0
644 62.0
645 62.0
646 62.0
647 62.0
648 62.0
649 62.0
650 62.0
651 62.0
652 62.0
653 62.0
654 62.0
655 62.0
656 62.0
657 62.0
658 62.0
659 62.0
660 62.0
661 62.0
662 62.0
663 62.0
664 62.0
665 62.0
666 62.0
667 62.0
668 62.0
669 62.0
670 62.0
671 62.0
672 62.0
673 62.0
674 67.0
675 67.0
676 67.0
677 67.0
678 67.0
679 67.0
680 67.0
681 67.0
682 67.0
683 67.0
684 67.0
685 67.0
686 67.0
687 67.0
688 67.0
689 67.0
690 67.0
691 67.0
692 67.0
693 67.0
694 67.0
695 67.0
696 67.0
697 67.0
698 67.0
699 67.0
700 67.0
701 67.0
702 67.0
703 67.0
704 67.0
705 67.0
706 67.0
707 67.0
708 67.0
709 67.0
710 67.0
711 67.0
712 67.0
713 67.0
714 67.0
715 67.0
716 67.0
717 67.0
718 67.0
719 67.0
720 67.0
721 67.0
722 67.0
723 67.0
724 67.0
725 67.0
726 67.0
727 67.0
728 67.0
729 67.0
730 67.0
731 67.0
732 67.0
733 67.0
734 67.0
735 67.0
736 67.0
737 67.0
738 67.0
739 67.0
740 67.0
741 67.0
742 67.0
743 67.0
744 67.0
745 67.0
746 67.0
747 67.0
748 67.0
749 67.0
750 67.0
751 67.0
752 67.0
753 67.0
754 67.0
755 67.0
756 67.0
757 67.0
758 67.0
759 67.0
760 67.0
761 67.0
762 67.0
763 67.0
764 67.0
765 67.0
766 67.0
767 67.0
768 67.0
769 67.0
770 67.0
771 67.0
772 67.0
773 67.0
774 67.0
775 67.0
776 67.0
777 67.0
778 67.0
779 67.0
780 67.0
781 67.0
782 67.0
783 67.0
784 67.0
785 67.0
786 67.0
787 67.0
788 67.0
789 67.0
790 67.0
791 67.0
792 67.0
793 67.0
794 67.0
795 67.0
796 67.0
797 67.0
798 67.0
799 67.0
800 67.0
801 67.0
802 67.0
803 67.0
804 67.0
805 67.0
806 67.0
807 67.0
808 67.0
809 67.0
810 67.0
811 67.0
812 67.0
813 67.0
814 67.0
815 67.0
816 67.0
817 67.0
818 67.0
819 67.0
820 67.0
821 67.0
822 67.0
823 67.0
824 67.0
825 67.0
826 67.0
827 67.0
828 67.0
829 67.0
830 67.0
831 67.0
832 67.0
833 67.0
834 67.0
835 67.0
836 67.0
837 67.0
838 67.0
839 67.0
840 67.0
841 67.0
842 67.0
843 67.0
844 67.0
845 67.0
846 67.0
847 67.0
848 67.0
849 67.0
850 67.0
851 67.0
852 67.0
853 67.0
854 67.0
855 67.0
856 67.0
857 67.0
858 67.0
859 67.0
860 67.0
861 67.0
862 67.0
863 67.0
864 67.0
865 67.0
866 67.0
867 67.0
868 67.0
869 67.0
870 67.0
871 67.0
872 67.0
873 67.0
874 67.0
875 67.0
876 67.0
877 67.0
878 67.0
879 67.0
880 67.0
881 67.0
882 67.0
883 67.0
884 67.0
885 67.0
886 67.0
887 67.0
888 67.0
889 67.0
890 67.0
891 67.0
892 67.0
893 67.0
894 67.0
895 67.0
896 67.0
897 67.0
898 67.0
899 67.0
900 67.0
901 67.0
902 67.0
903 67.0
904 67.0
905 67.0
906 67.0
907 67.0
908 67.0
909 67.0
910 67.0
911 67.0
912 67.0
913 67.0
914 67.0
915 67.0
916 67.0
917 67.0
918 67.0
919 67.0
920 67.0
921 67.0
922 67.0
923 67.0
924 67.0
925 67.0
926 67.0
927 67.0
928 67.0
929 67.0
930 67.0
931 67.0
932 67.0
933 67.0
934 67.0
935 67.0
936 67.0
937 67.0
938 67.0
939 67.0
940 67.0
941 67.0
942 67.0
943 67.0
944 67.0
945 67.0
946 67.0
947 67.0
948 67.0
949 67.0
950 67.0
951 67.0
952 67.0
953 67.0
954 67.0
955 67.0
956 67.0
957 67.0
958 67.0
959 67.0
960 67.0
961 67.0
962 67.0
963 67.0
964 67.0
965 67.0
966 67.0
967 67.0
968 67.0
969 67.0
970 67.0
971 67.0
972 67.0
973 67.0
974 67.0
975 67.0
976 67.0
977 67.0
978 67.0
979 67.0
980 67.0
981 67.0
982 67.0
983 67.0
984 67.0
985 67.0
986 67.0
987 67.0
988 67.0
989 67.0
990 67.0
991 67.0
992 67.0
993 67.0
994 67.0
995 67.0
996 67.0
997 67.0
998 67.0
999 67.0
1000 67.0
1001 67.0
1002 67.0
1003 67.0
1004 67.0
1005 67.0
1006 67.0
1007 67.0
1008 67.0
1009 67.0
1010 67.0
1011 67.0
1012 67.0
1013 67.0
1014 67.0
1015 67.0
1016 67.0
1017 67.0
1018 67.0
1019 67.0
1020 67.0
1021 67.0
1022 67.0
1023 67.0
1024 67.0
1025 67.0
1026 67.0
1027 67.0
1028 67.0
1029 67.0
1030 67.0
1031 67.0
1032 67.0
1033 67.0
1034 67.0
1035 67.0
1036 67.0
1037 67.0
1038 67.0
1039 67.0
1040 67.0
1041 67.0
1042 67.0
1043 67.0
1044 67.0
1045 67.0
1046 67.0
1047 67.0
1048 67.0
1049 67.0
1050 67.0
1051 67.0
1052 67.0
1053 67.0
1054 67.0
1055 67.0
1056 67.0
1057 67.0
1058 67.0
1059 67.0
1060 67.0
1061 67.0
1062 67.0
1063 67.0
1064 67.0
1065 67.0
1066 67.0
1067 67.0
1068 67.0
1069 67.0
1070 67.0
1071 67.0
1072 67.0
1073 67.0
1074 67.0
1075 67.0
1076 67.0
1077 67.0
1078 67.0
1079 67.0
1080 67.0
1081 67.0
1082 67.0
1083 67.0
1084 67.0
1085 67.0
1086 67.0
1087 67.0
1088 67.0
1089 67.0
1090 67.0
1091 67.0
1092 67.0
1093 67.0
1094 67.0
1095 67.0
1096 67.0
1097 67.0
1098 67.0
1099 67.0
1100 67.0
1101 67.0
1102 67.0
1103 67.0
1104 67.0
1105 67.0
1106 67.0
1107 67.0
1108 67.0
1109 67.0
1110 67.0
1111 67.0
1112 67.0
1113 67.0
1114 67.0
1115 67.0
1116 67.0
1117 67.0
1118 67.0
1119 67.0
1120 67.0
1121 67.0
1122 67.0
1123 67.0
1124 67.0
1125 67.0
1126 67.0
1127 67.0
1128 67.0
1129 67.0
1130 67.0
1131 67.0
1132 67.0
1133 67.0
1134 67.0
1135 67.0
1136 67.0
1137 67.0
1138 67.0
1139 67.0
1140 67.0
1141 67.0
1142 67.0
1143 67.0
1144 67.0
1145 67.0
1146 67.0
1147 67.0
1148 67.0
1149 67.0
1150 67.0
1151 67.0
1152 67.0
1153 67.0
1154 67.0
1155 67.0
1156 67.0
1157 67.0
1158 67.0
1159 67.0
1160 67.0
1161 67.0
1162 67.0
1163 67.0
1164 67.0
1165 67.0
1166 67.0
1167 67.0
1168 67.0
1169 67.0
1170 67.0
1171 67.0
1172 67.0
1173 67.0
1174 67.0
1175 67.0
1176 67.0
1177 67.0
1178 67.0
1179 67.0
1180 67.0
1181 67.0
1182 67.0
1183 67.0
1184 67.0
1185 67.0
1186 67.0
1187 67.0
1188 67.0
1189 67.0
1190 67.0
1191 67.0
1192 67.0
1193 67.0
1194 67.0
1195 67.0
1196 67.0
1197 67.0
1198 67.0
1199 67.0
1200 67.0
1201 67.0
1202 67.0
1203 67.0
1204 67.0
1205 67.0
1206 67.0
1207 67.0
1208 67.0
1209 67.0
1210 67.0
1211 67.0
1212 67.0
1213 67.0
1214 67.0
1215 67.0
1216 67.0
1217 67.0
1218 67.0
1219 67.0
1220 67.0
1221 67.0
1222 67.0
1223 67.0
1224 67.0
1225 67.0
1226 67.0
1227 67.0
1228 67.0
1229 67.0
1230 67.0
1231 67.0
1232 67.0
1233 67.0
1234 67.0
1235 67.0
1236 67.0
1237 67.0
1238 67.0
1239 67.0
1240 67.0
1241 67.0
1242 67.0
1243 67.0
1244 67.0
1245 67.0
1246 67.0
1247 67.0
1248 67.0
1249 67.0
1250 67.0
1251 67.0
1252 67.0
1253 67.0
1254 67.0
1255 67.0
1256 67.0
1257 67.0
1258 67.0
1259 67.0
1260 67.0
1261 67.0
1262 67.0
1263 67.0
1264 67.0
1265 67.0
1266 67.0
1267 67.0
1268 67.0
1269 67.0
1270 67.0
1271 67.0
1272 67.0
1273 67.0
1274 67.0
1275 67.0
1276 67.0
1277 67.0
1278 67.0
1279 67.0
1280 67.0
1281 67.0
1282 67.0
1283 67.0
1284 67.0
1285 67.0
1286 67.0
1287 67.0
1288 67.0
1289 67.0
1290 67.0
1291 67.0
1292 67.0
1293 67.0
1294 67.0
1295 67.0
1296 67.0
1297 67.0
1298 67.0
1299 67.0
1300 67.0
1301 67.0
1302 67.0
1303 67.0
1304 67.0
1305 67.0
1306 67.0
1307 67.0
1308 67.0
1309 67.0
1310 67.0
1311 67.0
1312 67.0
1313 67.0
1314 67.0
1315 67.0
1316 67.0
1317 67.0
1318 67.0
1319 67.0
1320 67.0
1321 67.0
1322 67.0
1323 67.0
1324 67.0
1325 67.0
1326 67.0
1327 67.0
1328 67.0
1329 67.0
1330 67.0
1331 67.0
1332 67.0
1333 67.0
1334 67.0
1335 67.0
1336 67.0
1337 67.0
1338 67.0
1339 67.0
1340 67.0
1341 67.0
1342 67.0
1343 67.0
1344 67.0
1345 67.0
1346 67.0
1347 67.0
1348 67.0
1349 67.0
1350 67.0
1351 67.0
1352 67.0
1353 67.0
1354 67.0
1355 67.0
1356 67.0
1357 67.0
1358 67.0
1359 67.0
1360 67.0
1361 67.0
1362 67.0
1363 67.0
1364 67.0
1365 67.0
1366 67.0
1367 67.0
1368 67.0
1369 67.0
1370 67.0
1371 67.0
1372 67.0
1373 67.0
1374 67.0
1375 67.0
1376 67.0
1377 67.0
1378 67.0
1379 67.0
1380 67.0
1381 67.0
1382 67.0
1383 67.0
1384 67.0
1385 67.0
1386 67.0
1387 67.0
1388 67.0
1389 67.0
1390 67.0
1391 67.0
1392 67.0
1393 67.0
1394 67.0
1395 67.0
1396 67.0
1397 67.0
1398 67.0
1399 67.0
1400 67.0
1401 67.0
1402 67.0
1403 67.0
1404 67.0
1405 67.0
1406 67.0
1407 67.0
1408 67.0
1409 67.0
1410 67.0
1411 67.0
1412 67.0
1413 67.0
1414 67.0
1415 67.0
1416 67.0
1417 67.0
1418 67.0
1419 67.0
1420 67.0
1421 67.0
1422 67.0
1423 67.0
1424 67.0
1425 67.0
1426 67.0
1427 67.0
1428 67.0
1429 67.0
1430 67.0
1431 67.0
1432 67.0
1433 67.0
1434 67.0
1435 67.0
1436 67.0
1437 67.0
1438 67.0
1439 67.0
1440 67.0
1441 67.0
1442 67.0
1443 67.0
1444 67.0
1445 67.0
1446 67.0
1447 67.0
1448 67.0
1449 67.0
1450 67.0
1451 67.0
1452 67.0
1453 67.0
1454 67.0
1455 67.0
1456 67.0
1457 67.0
1458 67.0
1459 67.0
1460 67.0
1461 67.0
1462 67.0
1463 67.0
1464 67.0
1465 67.0
1466 67.0
1467 67.0
1468 67.0
1469 67.0
1470 67.0
1471 67.0
1472 67.0
1473 67.0
1474 67.0
1475 67.0
1476 67.0
1477 67.0
1478 67.0
1479 67.0
1480 67.0
1481 67.0
1482 67.0
1483 67.0
1484 67.0
1485 67.0
1486 67.0
1487 67.0
1488 67.0
1489 67.0
1490 67.0
1491 67.0
1492 67.0
1493 67.0
1494 67.0
1495 67.0
1496 67.0
1497 67.0
1498 67.0
1499 67.0
1500 67.0
1501 67.0
1502 67.0
1503 67.0
1504 67.0
1505 67.0
1506 67.0
1507 67.0
1508 67.0
1509 67.0
1510 67.0
1511 67.0
1512 67.0
1513 67.0
1514 67.0
1515 67.0
1516 67.0
1517 67.0
1518 67.0
1519 67.0
1520 67.0
1521 67.0
1522 67.0
1523 67.0
1524 67.0
1525 67.0
1526 67.0
1527 67.0
1528 67.0
1529 67.0
1530 67.0
1531 67.0
1532 67.0
1533 67.0
1534 67.0
1535 67.0
1536 67.0
1537 67.0
1538 67.0
1539 67.0
1540 67.0
1541 67.0
1542 67.0
1543 67.0
1544 67.0
1545 67.0
1546 67.0
1547 67.0
1548 67.0
1549 67.0
1550 67.0
1551 67.0
1552 67.0
1553 67.0
1554 67.0
1555 67.0
1556 67.0
1557 67.0
1558 67.0
1559 67.0
1560 67.0
1561 67.0
1562 67.0
1563 67.0
1564 67.0
1565 67.0
1566 67.0
1567 67.0
1568 67.0
1569 67.0
1570 67.0
1571 67.0
1572 67.0
1573 67.0
1574 67.0
1575 67.0
1576 67.0
1577 67.0
1578 67.0
1579 67.0
1580 67.0
1581 67.0
1582 67.0
1583 67.0
1584 67.0
1585 67.0
1586 67.0
1587 67.0
1588 67.0
1589 67.0
1590 67.0
1591 67.0
1592 67.0
1593 67.0
1594 67.0
1595 67.0
1596 67.0
1597 67.0
1598 67.0
1599 67.0
1600 67.0
1601 67.0
1602 67.0
1603 67.0
1604 67.0
1605 67.0
1606 67.0
1607 67.0
1608 67.0
1609 67.0
1610 67.0
1611 67.0
1612 67.0
1613 67.0
1614 67.0
1615 67.0
1616 67.0
1617 67.0
1618 67.0
1619 67.0
1620 67.0
1621 67.0
1622 67.0
1623 67.0
1624 67.0
1625 67.0
1626 67.0
1627 67.0
1628 67.0
1629 67.0
1630 67.0
1631 67.0
1632 67.0
1633 67.0
1634 67.0
1635 67.0
1636 67.0
1637 67.0
1638 67.0
1639 67.0
1640 67.0
1641 67.0
1642 67.0
1643 67.0
1644 67.0
1645 67.0
1646 67.0
1647 67.0
1648 67.0
1649 67.0
1650 67.0
1651 67.0
1652 67.0
1653 67.0
1654 67.0
1655 67.0
1656 67.0
1657 67.0
1658 67.0
1659 67.0
1660 67.0
1661 67.0
1662 67.0
1663 67.0
1664 67.0
1665 67.0
1666 67.0
1667 67.0
1668 67.0
1669 67.0
1670 67.0
1671 67.0
1672 67.0
1673 67.0
1674 67.0
1675 67.0
1676 67.0
1677 67.0
1678 67.0
1679 67.0
1680 67.0
1681 67.0
1682 67.0
1683 67.0
1684 67.0
1685 67.0
1686 67.0
1687 67.0
1688 67.0
1689 67.0
1690 67.0
1691 67.0
1692 67.0
1693 67.0
1694 67.0
1695 67.0
1696 67.0
1697 67.0
1698 67.0
1699 67.0
1700 67.0
1701 67.0
1702 67.0
1703 67.0
1704 67.0
1705 67.0
1706 67.0
1707 67.0
1708 67.0
1709 67.0
1710 67.0
1711 67.0
1712 67.0
1713 67.0
1714 67.0
1715 67.0
1716 67.0
1717 67.0
1718 67.0
1719 67.0
1720 67.0
1721 67.0
1722 67.0
1723 67.0
1724 67.0
1725 67.0
1726 67.0
1727 67.0
1728 67.0
1729 67.0
1730 67.0
1731 67.0
1732 67.0
1733 67.0
1734 67.0
1735 67.0
1736 67.0
1737 67.0
1738 67.0
1739 67.0
1740 67.0
1741 67.0
1742 67.0
1743 67.0
1744 67.0
1745 67.0
1746 67.0
1747 67.0
1748 67.0
1749 67.0
1750 67.0
1751 67.0
1752 67.0
1753 67.0
1754 67.0
1755 67.0
1756 67.0
1757 67.0
1758 67.0
1759 67.0
1760 67.0
1761 67.0
1762 67.0
1763 67.0
1764 67.0
1765 67.0
1766 67.0
1767 67.0
1768 67.0
1769 67.0
1770 67.0
1771 67.0
1772 67.0
1773 67.0
1774 67.0
1775 67.0
1776 67.0
1777 67.0
1778 67.0
1779 67.0
1780 67.0
1781 67.0
1782 67.0
1783 67.0
1784 67.0
1785 67.0
1786 67.0
1787 67.0
1788 67.0
1789 67.0
1790 67.0
1791 67.0
1792 67.0
1793 67.0
1794 67.0
1795 67.0
1796 67.0
1797 67.0
1798 67.0
1799 67.0
1800 67.0
1801 67.0
1802 67.0
1803 67.0
1804 67.0
1805 67.0
1806 67.0
1807 67.0
1808 67.0
1809 67.0
1810 67.0
1811 67.0
1812 67.0
1813 67.0
1814 67.0
1815 67.0
1816 67.0
1817 67.0
1818 67.0
1819 67.0
1820 67.0
1821 67.0
1822 67.0
1823 67.0
1824 67.0
1825 67.0
1826 67.0
1827 67.0
1828 67.0
1829 67.0
1830 67.0
1831 67.0
1832 67.0
1833 67.0
1834 67.0
1835 67.0
1836 67.0
1837 67.0
1838 67.0
1839 67.0
1840 67.0
1841 67.0
1842 67.0
1843 67.0
1844 67.0
1845 67.0
1846 67.0
1847 67.0
1848 67.0
1849 67.0
1850 67.0
1851 67.0
1852 67.0
1853 67.0
1854 67.0
1855 67.0
1856 67.0
1857 67.0
1858 67.0
1859 67.0
1860 67.0
1861 67.0
1862 67.0
1863 67.0
1864 67.0
1865 67.0
1866 67.0
1867 67.0
1868 67.0
1869 67.0
1870 67.0
1871 67.0
1872 67.0
1873 67.0
1874 67.0
1875 67.0
1876 67.0
1877 67.0
1878 67.0
1879 67.0
1880 67.0
1881 67.0
1882 67.0
1883 67.0
1884 67.0
1885 67.0
1886 67.0
1887 67.0
1888 67.0
1889 67.0
1890 67.0
1891 67.0
1892 67.0
1893 67.0
1894 67.0
1895 67.0
1896 67.0
1897 67.0
1898 67.0
1899 67.0
1900 67.0
1901 67.0
1902 67.0
1903 67.0
1904 67.0
1905 67.0
1906 67.0
1907 67.0
1908 67.0
1909 67.0
1910 67.0
1911 67.0
1912 67.0
1913 67.0
1914 67.0
1915 67.0
1916 67.0
1917 67.0
1918 67.0
1919 67.0
1920 67.0
1921 67.0
1922 67.0
1923 67.0
1924 67.0
1925 67.0
1926 67.0
1927 67.0
1928 67.0
1929 67.0
1930 67.0
1931 67.0
1932 67.0
1933 67.0
1934 67.0
1935 67.0
1936 67.0
1937 67.0
1938 67.0
1939 67.0
1940 67.0
1941 67.0
1942 67.0
1943 67.0
1944 67.0
1945 67.0
1946 67.0
1947 67.0
1948 67.0
1949 67.0
1950 67.0
1951 67.0
1952 67.0
1953 67.0
1954 67.0
1955 67.0
1956 67.0
1957 67.0
1958 67.0
1959 67.0
1960 67.0
1961 67.0
1962 67.0
1963 67.0
1964 67.0
1965 67.0
1966 67.0
1967 67.0
1968 67.0
1969 67.0
1970 67.0
1971 67.0
1972 67.0
1973 67.0
1974 67.0
1975 67.0
1976 67.0
1977 67.0
1978 67.0
1979 67.0
1980 67.0
1981 67.0
1982 67.0
1983 67.0
1984 67.0
1985 67.0
1986 67.0
1987 67.0
1988 67.0
1989 67.0
1990 67.0
1991 67.0
1992 67.0
1993 67.0
1994 67.0
1995 67.0
1996 67.0
1997 67.0
1998 67.0
1999 67.0
2000 67.0
2001 67.0
2002 67.0
2003 67.0
2004 67.0
2005 67.0
2006 67.0
2007 67.0
2008 67.0
2009 67.0
2010 67.0
2011 67.0
2012 67.0
2013 67.0
2014 67.0
2015 67.0
2016 67.0
2017 67.0
2018 67.0
2019 67.0
2020 67.0
2021 67.0
2022 67.0
2023 67.0
2024 67.0
2025 67.0
2026 67.0
2027 67.0
2028 67.0
2029 67.0
2030 67.0
2031 67.0
2032 67.0
2033 67.0
2034 67.0
2035 67.0
2036 67.0
2037 67.0
2038 67.0
2039 67.0
2040 67.0
2041 67.0
2042 67.0
2043 67.0
2044 67.0
2045 67.0
2046 67.0
2047 67.0
2048 67.0
2049 67.0
2050 67.0
2051 67.0
2052 67.0
2053 67.0
2054 67.0
2055 67.0
2056 67.0
2057 67.0
2058 67.0
2059 67.0
2060 67.0
2061 67.0
2062 67.0
2063 67.0
2064 67.0
2065 67.0
2066 67.0
2067 67.0
2068 67.0
2069 67.0
2070 67.0
2071 67.0
2072 67.0
2073 67.0
2074 67.0
2075 67.0
2076 67.0
2077 67.0
2078 67.0
2079 67.0
2080 67.0
2081 67.0
2082 67.0
2083 67.0
2084 67.0
2085 67.0
2086 67.0
2087 67.0
2088 67.0
2089 67.0
2090 67.0
2091 67.0
2092 67.0
2093 67.0
2094 67.0
2095 67.0
2096 67.0
2097 67.0
2098 67.0
2099 67.0
2100 67.0
2101 67.0
2102 67.0
2103 67.0
2104 67.0
2105 67.0
2106 67.0
2107 67.0
2108 67.0
2109 67.0
2110 67.0
2111 67.0
2112 67.0
2113 67.0
2114 67.0
2115 67.0
2116 67.0
2117 67.0
2118 67.0
2119 67.0
2120 67.0
2121 67.0
2122 67.0
2123 67.0
2124 67.0
2125 67.0
2126 67.0
2127 67.0
2128 67.0
2129 67.0
2130 67.0
2131 67.0
2132 67.0
2133 67.0
2134 67.0
2135 67.0
2136 67.0
2137 67.0
2138 67.0
2139 67.0
2140 67.0
2141 67.0
2142 67.0
2143 67.0
2144 67.0
2145 67.0
2146 67.0
2147 67.0
2148 67.0
2149 67.0
2150 67.0
2151 67.0
2152 67.0
2153 67.0
2154 67.0
2155 67.0
2156 67.0
2157 67.0
2158 67.0
2159 67.0
2160 67.0
2161 67.0
2162 67.0
2163 67.0
2164 67.0
2165 67.0
2166 67.0
2167 67.0
2168 67.0
2169 67.0
2170 67.0
2171 67.0
2172 67.0
2173 67.0
2174 67.0
2175 67.0
2176 67.0
2177 67.0
2178 67.0
2179 67.0
2180 67.0
2181 67.0
2182 67.0
2183 67.0
2184 67.0
2185 67.0
2186 67.0
2187 67.0
2188 67.0
2189 67.0
2190 67.0
2191 67.0
2192 67.0
2193 67.0
2194 67.0
2195 67.0
2196 67.0
2197 67.0
2198 67.0
2199 67.0
2200 67.0
2201 67.0
2202 67.0
2203 67.0
2204 67.0
2205 67.0
2206 67.0
2207 67.0
2208 67.0
2209 67.0
2210 67.0
2211 67.0
2212 67.0
2213 67.0
2214 67.0
2215 67.0
2216 67.0
2217 67.0
2218 67.0
2219 67.0
2220 67.0
2221 67.0
2222 67.0
2223 67.0
2224 67.0
2225 67.0
2226 67.0
2227 67.0
2228 67.0
2229 67.0
2230 67.0
2231 67.0
2232 67.0
2233 67.0
2234 67.0
2235 67.0
2236 67.0
2237 67.0
2238 67.0
2239 67.0
2240 67.0
2241 67.0
2242 67.0
2243 67.0
2244 67.0
2245 67.0
2246 67.0
2247 67.0
2248 67.0
2249 67.0
2250 67.0
2251 67.0
2252 67.0
2253 67.0
2254 67.0
2255 67.0
2256 67.0
2257 67.0
2258 67.0
2259 67.0
2260 67.0
2261 67.0
2262 67.0
2263 67.0
2264 67.0
2265 67.0
2266 67.0
2267 67.0
2268 67.0
2269 67.0
2270 67.0
2271 67.0
2272 67.0
2273 67.0
2274 67.0
2275 67.0
2276 67.0
2277 67.0
2278 67.0
2279 67.0
2280 67.0
2281 67.0
2282 67.0
2283 67.0
2284 67.0
2285 67.0
2286 67.0
2287 67.0
2288 67.0
2289 67.0
2290 67.0
2291 67.0
2292 67.0
2293 67.0
2294 67.0
2295 67.0
2296 67.0
2297 67.0
2298 67.0
2299 67.0
2300 67.0
2301 67.0
2302 67.0
2303 67.0
2304 67.0
2305 67.0
2306 67.0
2307 67.0
2308 67.0
2309 67.0
2310 67.0
2311 67.0
2312 67.0
2313 67.0
2314 67.0
2315 67.0
2316 67.0
2317 67.0
2318 67.0
2319 67.0
2320 67.0
2321 67.0
2322 67.0
2323 67.0
2324 67.0
2325 67.0
2326 67.0
2327 67.0
2328 67.0
2329 67.0
2330 67.0
2331 67.0
2332 67.0
2333 67.0
2334 67.0
2335 67.0
2336 67.0
2337 67.0
2338 67.0
2339 67.0
2340 67.0
2341 67.0
2342 67.0
2343 67.0
2344 67.0
2345 67.0
2346 67.0
2347 67.0
2348 67.0
2349 67.0
2350 67.0
2351 67.0
2352 67.0
2353 67.0
2354 67.0
2355 67.0
2356 67.0
2357 67.0
2358 67.0
2359 67.0
2360 67.0
2361 67.0
2362 67.0
2363 67.0
2364 67.0
2365 67.0
2366 67.0
2367 67.0
2368 67.0
2369 67.0
2370 67.0
2371 67.0
2372 67.0
2373 67.0
2374 67.0
2375 67.0
2376 67.0
2377 67.0
2378 67.0
2379 67.0
2380 67.0
2381 67.0
2382 67.0
2383 67.0
2384 67.0
2385 67.0
2386 67.0
2387 67.0
2388 67.0
2389 67.0
2390 67.0
2391 67.0
2392 67.0
2393 67.0
2394 67.0
2395 67.0
2396 67.0
2397 67.0
2398 67.0
2399 67.0
2400 67.0
2401 67.0
2402 67.0
2403 67.0
2404 67.0
2405 67.0
2406 67.0
2407 67.0
2408 67.0
2409 67.0
2410 67.0
2411 67.0
2412 67.0
2413 67.0
2414 67.0
2415 67.0
2416 67.0
2417 67.0
2418 67.0
2419 67.0
2420 67.0
2421 67.0
2422 67.0
2423 67.0
2424 67.0
2425 67.0
2426 67.0
2427 67.0
2428 67.0
2429 67.0
2430 67.0
2431 67.0
2432 67.0
2433 67.0
2434 67.0
2435 67.0
2436 67.0
2437 67.0
2438 67.0
2439 67.0
2440 67.0
2441 67.0
2442 67.0
2443 67.0
2444 67.0
2445 67.0
2446 67.0
2447 67.0
2448 67.0
2449 67.0
2450 67.0
2451 67.0
2452 67.0
2453 67.0
2454 67.0
2455 67.0
2456 67.0
2457 67.0
2458 67.0
2459 67.0
2460 67.0
2461 67.0
2462 67.0
2463 67.0
2464 67.0
2465 67.0
2466 67.0
2467 67.0
2468 67.0
2469 67.0
2470 67.0
2471 67.0
2472 67.0
2473 67.0
2474 67.0
2475 67.0
2476 67.0
2477 67.0
2478 67.0
2479 67.0
2480 67.0
2481 67.0
2482 67.0
2483 67.0
2484 67.0
2485 67.0
2486 67.0
2487 67.0
2488 67.0
2489 67.0
2490 67.0
2491 67.0
2492 67.0
2493 67.0
2494 67.0
2495 67.0
2496 67.0
2497 67.0
2498 67.0
2499 67.0
2500 67.0
2501 67.0
2502 67.0
2503 67.0
2504 67.0
2505 67.0
2506 67.0
2507 67.0
2508 67.0
2509 67.0
2510 67.0
2511 67.0
2512 67.0
2513 67.0
2514 67.0
2515 67.0
2516 67.0
2517 67.0
2518 67.0
2519 67.0
2520 67.0
2521 67.0
2522 67.0
2523 67.0
2524 67.0
2525 67.0
2526 67.0
2527 67.0
2528 67.0
2529 67.0
2530 67.0
2531 67.0
2532 67.0
2533 67.0
2534 67.0
2535 67.0
2536 67.0
2537 67.0
2538 67.0
2539 67.0
2540 67.0
2541 67.0
2542 67.0
2543 67.0
2544 67.0
2545 67.0
2546 67.0
2547 67.0
2548 67.0
2549 67.0
2550 67.0
2551 67.0
2552 67.0
2553 67.0
2554 67.0
2555 67.0
2556 67.0
2557 67.0
2558 67.0
2559 67.0
2560 67.0
2561 67.0
2562 67.0
2563 67.0
2564 67.0
2565 67.0
2566 67.0
2567 67.0
2568 67.0
2569 67.0
2570 67.0
2571 67.0
2572 67.0
2573 67.0
2574 67.0
2575 67.0
2576 67.0
2577 67.0
2578 67.0
2579 67.0
2580 67.0
2581 67.0
2582 67.0
2583 67.0
2584 67.0
2585 67.0
2586 67.0
2587 67.0
2588 67.0
2589 67.0
2590 67.0
2591 67.0
2592 67.0
2593 67.0
2594 67.0
2595 67.0
2596 67.0
2597 67.0
2598 67.0
2599 67.0
2600 67.0
2601 67.0
2602 67.0
2603 67.0
2604 67.0
2605 67.0
2606 67.0
2607 67.0
2608 67.0
2609 67.0
2610 67.0
2611 67.0
2612 67.0
2613 67.0
2614 67.0
2615 67.0
2616 67.0
2617 67.0
2618 67.0
2619 67.0
2620 67.0
2621 67.0
2622 67.0
2623 67.0
2624 67.0
2625 67.0
2626 67.0
2627 67.0
2628 67.0
2629 67.0
2630 67.0
2631 67.0
2632 67.0
2633 67.0
2634 67.0
2635 67.0
2636 67.0
2637 67.0
2638 67.0
2639 67.0
2640 67.0
2641 67.0
2642 67.0
2643 67.0
2644 67.0
2645 67.0
2646 67.0
2647 67.0
2648 67.0
2649 67.0
2650 67.0
2651 67.0
2652 67.0
2653 67.0
2654 67.0
2655 67.0
2656 67.0
2657 67.0
2658 67.0
2659 67.0
2660 67.0
2661 67.0
2662 67.0
2663 67.0
2664 67.0
2665 67.0
2666 67.0
2667 67.0
2668 67.0
2669 67.0
2670 67.0
2671 67.0
2672 67.0
2673 67.0
2674 67.0
2675 67.0
2676 67.0
2677 67.0
2678 67.0
2679 67.0
2680 67.0
2681 67.0
2682 67.0
2683 67.0
2684 67.0
2685 67.0
2686 67.0
2687 67.0
2688 67.0
2689 67.0
2690 67.0
2691 67.0
2692 67.0
2693 67.0
2694 67.0
2695 67.0
2696 67.0
2697 67.0
2698 67.0
2699 67.0
2700 67.0
2701 67.0
2702 67.0
2703 67.0
2704 67.0
2705 67.0
2706 67.0
2707 67.0
2708 67.0
2709 67.0
2710 67.0
2711 67.0
2712 67.0
2713 67.0
2714 67.0
2715 67.0
2716 67.0
2717 67.0
2718 67.0
2719 67.0
2720 67.0
2721 67.0
2722 67.0
2723 67.0
2724 67.0
2725 67.0
2726 67.0
2727 67.0
2728 67.0
2729 67.0
2730 67.0
2731 67.0
2732 67.0
2733 67.0
2734 67.0
2735 67.0
2736 67.0
2737 67.0
2738 67.0
2739 67.0
2740 67.0
2741 67.0
2742 67.0
2743 67.0
2744 67.0
2745 67.0
2746 67.0
2747 67.0
2748 67.0
2749 67.0
2750 67.0
2751 67.0
2752 67.0
2753 67.0
2754 67.0
2755 67.0
2756 67.0
2757 67.0
2758 67.0
2759 67.0
2760 67.0
2761 67.0
2762 67.0
2763 67.0
2764 67.0
2765 67.0
2766 67.0
2767 67.0
2768 67.0
2769 67.0
2770 67.0
2771 67.0
2772 67.0
2773 67.0
2774 67.0
2775 67.0
2776 67.0
2777 67.0
2778 67.0
2779 67.0
2780 67.0
2781 67.0
2782 67.0
2783 67.0
2784 67.0
2785 67.0
2786 67.0
2787 67.0
2788 67.0
2789 67.0
2790 67.0
2791 67.0
2792 67.0
2793 67.0
2794 67.0
2795 67.0
2796 67.0
2797 67.0
2798 67.0
2799 67.0
2800 67.0
2801 67.0
2802 67.0
2803 67.0
2804 67.0
2805 67.0
2806 67.0
2807 67.0
2808 67.0
2809 67.0
2810 67.0
2811 67.0
2812 67.0
2813 67.0
2814 67.0
2815 67.0
2816 67.0
2817 67.0
2818 67.0
2819 67.0
2820 67.0
2821 67.0
2822 67.0
2823 67.0
2824 67.0
2825 67.0
2826 67.0
2827 67.0
2828 67.0
2829 67.0
2830 67.0
2831 67.0
2832 67.0
2833 67.0
2834 67.0
2835 67.0
2836 67.0
2837 67.0
2838 67.0
2839 67.0
2840 67.0
2841 67.0
2842 67.0
2843 67.0
2844 67.0
2845 67.0
2846 67.0
2847 67.0
2848 67.0
2849 67.0
2850 67.0
2851 67.0
2852 67.0
2853 67.0
2854 67.0
2855 67.0
2856 67.0
2857 67.0
2858 67.0
2859 67.0
2860 67.0
2861 67.0
2862 67.0
2863 67.0
2864 67.0
2865 67.0
2866 67.0
2867 67.0
2868 67.0
2869 67.0
2870 67.0
2871 67.0
2872 67.0
2873 67.0
2874 67.0
2875 67.0
2876 67.0
2877 67.0
2878 67.0
2879 67.0
2880 67.0
2881 67.0
2882 67.0
2883 67.0
2884 67.0
2885 67.0
2886 67.0
2887 67.0
2888 67.0
2889 67.0
2890 67.0
2891 67.0
2892 67.0
2893 67.0
2894 67.0
2895 67.0
2896 67.0
2897 67.0
2898 67.0
2899 67.0
2900 67.0
2901 67.0
2902 67.0
2903 67.0
2904 67.0
2905 67.0
2906 67.0
2907 67.0
2908 67.0
2909 67.0
2910 67.0
2911 67.0
2912 67.0
2913 67.0
2914 67.0
2915 67.0
2916 67.0
2917 67.0
2918 67.0
2919 67.0
2920 67.0
2921 67.0
2922 67.0
2923 67.0
2924 67.0
2925 67.0
2926 67.0
2927 67.0
2928 67.0
2929 67.0
2930 67.0
2931 67.0
2932 67.0
2933 67.0
2934 67.0
2935 67.0
2936 67.0
2937 67.0
2938 67.0
2939 67.0
2940 67.0
2941 67.0
2942 67.0
2943 67.0
2944 67.0
2945 67.0
2946 67.0
2947 67.0
2948 67.0
2949 67.0
2950 67.0
2951 67.0
2952 67.0
2953 67.0
2954 67.0
2955 67.0
2956 67.0
2957 67.0
2958 67.0
2959 67.0
2960 67.0
2961 67.0
2962 67.0
2963 67.0
2964 67.0
2965 67.0
2966 67.0
2967 67.0
2968 67.0
2969 67.0
2970 67.0
2971 67.0
2972 67.0
2973 67.0
2974 67.0
2975 67.0
2976 67.0
2977 67.0
2978 67.0
2979 67.0
2980 67.0
2981 67.0
2982 67.0
2983 67.0
2984 67.0
2985 67.0
2986 67.0
2987 67.0
2988 67.0
2989 67.0
2990 67.0
2991 67.0
2992 67.0
2993 67.0
2994 67.0
2995 67.0
2996 67.0
2997 67.0
2998 67.0
2999 67.0
3000 67.0
3001 67.0
3002 67.0
3003 67.0
3004 67.0
3005 67.0
3006 67.0
3007 67.0
3008 67.0
3009 67.0
3010 67.0
3011 67.0
3012 67.0
3013 67.0
3014 67.0
3015 67.0
3016 67.0
3017 67.0
3018 67.0
3019 67.0
3020 67.0
3021 67.0
3022 67.0
3023 67.0
3024 67.0
3025 67.0
3026 67.0
3027 67.0
3028 67.0
3029 67.0
3030 67.0
3031 67.0
3032 67.0
3033 67.0
3034 67.0
3035 67.0
3036 67.0
3037 67.0
3038 67.0
3039 67.0
3040 67.0
3041 67.0
3042 67.0
3043 67.0
3044 67.0
3045 67.0
3046 67.0
3047 67.0
3048 67.0
3049 67.0
3050 67.0
3051 67.0
3052 67.0
3053 67.0
3054 67.0
3055 67.0
3056 67.0
3057 67.0
3058 67.0
3059 67.0
3060 67.0
3061 67.0
3062 67.0
3063 67.0
3064 67.0
3065 67.0
3066 67.0
3067 67.0
3068 67.0
3069 67.0
3070 67.0
3071 67.0
3072 67.0
3073 67.0
3074 67.0
3075 67.0
3076 67.0
3077 67.0
3078 67.0
3079 67.0
3080 67.0
3081 67.0
3082 67.0
3083 67.0
3084 67.0
3085 67.0
3086 67.0
3087 67.0
3088 67.0
3089 67.0
3090 67.0
3091 67.0
3092 67.0
3093 67.0
3094 67.0
3095 67.0
3096 67.0
3097 67.0
3098 67.0
3099 67.0
3100 67.0
3101 67.0
3102 67.0
3103 67.0
3104 67.0
3105 67.0
3106 67.0
3107 67.0
3108 67.0
3109 67.0
3110 67.0
3111 67.0
3112 67.0
3113 67.0
3114 67.0
3115 67.0
3116 67.0
3117 67.0
3118 67.0
3119 67.0
3120 67.0
3121 67.0
3122 67.0
3123 67.0
3124 67.0
3125 67.0
3126 67.0
3127 67.0
3128 67.0
3129 67.0
3130 67.0
3131 67.0
3132 67.0
3133 67.0
3134 67.0
3135 67.0
3136 67.0
3137 67.0
3138 67.0
3139 67.0
3140 67.0
3141 67.0
3142 67.0
3143 67.0
3144 67.0
3145 67.0
3146 67.0
3147 67.0
3148 67.0
3149 67.0
3150 67.0
3151 67.0
3152 67.0
3153 67.0
3154 67.0
3155 67.0
3156 67.0
3157 67.0
3158 67.0
3159 67.0
3160 67.0
3161 67.0
3162 67.0
3163 67.0
3164 67.0
3165 67.0
3166 67.0
3167 67.0
3168 67.0
3169 67.0
3170 67.0
3171 67.0
3172 67.0
3173 67.0
3174 67.0
3175 67.0
3176 67.0
3177 67.0
3178 67.0
3179 67.0
3180 67.0
3181 67.0
3182 67.0
3183 67.0
3184 67.0
3185 67.0
3186 67.0
3187 67.0
3188 67.0
3189 67.0
3190 67.0
3191 67.0
3192 67.0
3193 67.0
3194 67.0
3195 67.0
3196 67.0
3197 67.0
3198 67.0
3199 67.0
3200 67.0
3201 67.0
3202 67.0
3203 67.0
3204 67.0
3205 67.0
3206 67.0
3207 67.0
3208 67.0
3209 67.0
3210 67.0
3211 67.0
3212 67.0
3213 67.0
3214 67.0
3215 67.0
3216 67.0
3217 67.0
3218 67.0
3219 67.0
3220 67.0
3221 67.0
3222 67.0
3223 67.0
3224 67.0
3225 67.0
3226 67.0
3227 67.0
3228 67.0
3229 67.0
3230 67.0
3231 67.0
3232 67.0
3233 67.0
3234 67.0
3235 67.0
3236 67.0
3237 67.0
3238 67.0
3239 67.0
3240 67.0
3241 67.0
3242 67.0
3243 67.0
3244 67.0
3245 67.0
3246 67.0
3247 67.0
3248 67.0
3249 67.0
3250 67.0
3251 67.0
3252 67.0
3253 67.0
3254 67.0
3255 67.0
3256 67.0
3257 67.0
3258 67.0
3259 67.0
3260 67.0
3261 67.0
3262 67.0
3263 67.0
3264 67.0
3265 67.0
3266 67.0
3267 67.0
3268 67.0
3269 67.0
3270 67.0
3271 67.0
3272 67.0
3273 67.0
3274 67.0
3275 67.0
3276 67.0
3277 67.0
3278 67.0
3279 67.0
3280 67.0
3281 67.0
3282 67.0
3283 67.0
3284 67.0
3285 67.0
3286 67.0
3287 67.0
3288 67.0
3289 67.0
3290 67.0
3291 67.0
3292 67.0
3293 67.0
3294 67.0
3295 67.0
3296 67.0
3297 67.0
3298 67.0
3299 67.0
3300 67.0
3301 67.0
3302 67.0
3303 67.0
3304 67.0
3305 67.0
3306 67.0
3307 67.0
3308 67.0
3309 67.0
3310 67.0
3311 67.0
3312 67.0
3313 67.0
3314 67.0
3315 67.0
3316 67.0
3317 67.0
3318 67.0
3319 67.0
3320 67.0
3321 67.0
3322 67.0
3323 67.0
3324 67.0
3325 67.0
3326 67.0
3327 67.0
3328 67.0
3329 67.0
3330 67.0
3331 67.0
3332 67.0
3333 67.0
3334 67.0
3335 67.0
3336 67.0
3337 67.0
3338 67.0
3339 67.0
3340 67.0
3341 67.0
3342 67.0
3343 67.0
3344 67.0
3345 67.0
3346 67.0
3347 67.0
3348 67.0
3349 67.0
3350 67.0
3351 67.0
3352 67.0
3353 67.0
3354 67.0
3355 67.0
3356 67.0
3357 67.0
3358 67.0
3359 67.0
3360 67.0
3361 67.0
3362 67.0
3363 67.0
3364 67.0
3365 67.0
3366 67.0
3367 67.0
3368 67.0
3369 67.0
3370 67.0
3371 67.0
3372 67.0
3373 67.0
3374 67.0
3375 67.0
3376 67.0
3377 67.0
3378 67.0
3379 67.0
3380 67.0
3381 67.0
3382 67.0
3383 67.0
3384 67.0
3385 67.0
3386 67.0
3387 67.0
3388 67.0
3389 67.0
3390 67.0
3391 67.0
3392 67.0
3393 67.0
3394 67.0
3395 67.0
3396 67.0
3397 67.0
3398 67.0
3399 67.0
3400 67.0
3401 67.0
3402 67.0
3403 67.0
3404 67.0
3405 67.0
3406 67.0
3407 67.0
3408 67.0
3409 67.0
3410 67.0
3411 67.0
3412 67.0
3413 67.0
3414 67.0
3415 67.0
3416 67.0
3417 67.0
3418 67.0
3419 67.0
3420 67.0
3421 67.0
3422 67.0
3423 67.0
3424 67.0
3425 67.0
3426 67.0
3427 67.0
3428 67.0
3429 67.0
3430 67.0
3431 67.0
3432 67.0
3433 67.0
3434 67.0
3435 67.0
3436 67.0
3437 67.0
3438 67.0
3439 67.0
3440 67.0
3441 67.0
3442 67.0
3443 67.0
3444 67.0
3445 67.0
3446 67.0
3447 67.0
3448 67.0
3449 67.0
3450 67.0
3451 67.0
3452 67.0
3453 67.0
3454 67.0
3455 67.0
3456 67.0
3457 67.0
3458 67.0
3459 67.0
3460 67.0
3461 67.0
3462 67.0
3463 67.0
3464 67.0
3465 67.0
3466 67.0
3467 67.0
3468 67.0
3469 67.0
3470 67.0
3471 67.0
3472 67.0
3473 67.0
3474 67.0
3475 67.0
3476 67.0
3477 67.0
3478 67.0
3479 67.0
3480 67.0
3481 67.0
3482 67.0
3483 67.0
3484 67.0
3485 67.0
3486 67.0
3487 67.0
3488 67.0
3489 67.0
3490 67.0
3491 67.0
3492 67.0
3493 67.0
3494 67.0
3495 67.0
3496 67.0
3497 67.0
3498 67.0
3499 67.0
3500 67.0
3501 67.0
3502 67.0
3503 67.0
3504 67.0
3505 67.0
3506 67.0
3507 67.0
3508 67.0
3509 67.0
3510 67.0
3511 67.0
3512 67.0
3513 67.0
3514 67.0
3515 67.0
3516 67.0
3517 67.0
3518 67.0
3519 67.0
3520 67.0
3521 67.0
3522 67.0
3523 67.0
3524 67.0
3525 67.0
3526 67.0
3527 67.0
3528 67.0
3529 67.0
3530 67.0
3531 67.0
3532 67.0
3533 67.0
3534 67.0
3535 67.0
3536 67.0
3537 67.0
3538 67.0
3539 67.0
3540 67.0
3541 67.0
3542 67.0
3543 67.0
3544 67.0
3545 67.0
3546 67.0
3547 67.0
3548 67.0
3549 67.0
3550 67.0
3551 67.0
3552 67.0
3553 67.0
3554 67.0
3555 67.0
3556 67.0
3557 67.0
3558 67.0
3559 67.0
3560 67.0
3561 67.0
3562 67.0
3563 67.0
3564 67.0
3565 67.0
3566 67.0
3567 67.0
3568 67.0
3569 67.0
3570 67.0
3571 67.0
3572 67.0
3573 67.0
3574 67.0
3575 67.0
3576 67.0
3577 67.0
3578 67.0
3579 67.0
3580 67.0
3581 67.0
3582 67.0
3583 67.0
3584 67.0
3585 67.0
3586 67.0
3587 67.0
3588 67.0
3589 67.0
3590 67.0
3591 67.0
3592 67.0
3593 67.0
3594 67.0
3595 67.0
3596 67.0
3597 67.0
3598 67.0
3599 67.0
3600 67.0
3601 67.0
3602 67.0
3603 67.0
3604 67.0
3605 67.0
3606 67.0
3607 67.0
3608 67.0
3609 67.0
3610 67.0
3611 67.0
3612 67.0
3613 67.0
3614 67.0
3615 67.0
3616 67.0
3617 67.0
3618 67.0
3619 67.0
3620 67.0
3621 67.0
3622 67.0
3623 67.0
3624 67.0
3625 67.0
3626 67.0
3627 67.0
3628 67.0
3629 67.0
3630 67.0
3631 67.0
3632 67.0
3633 67.0
3634 67.0
3635 67.0
3636 67.0
3637 67.0
3638 67.0
3639 67.0
3640 67.0
3641 67.0
3642 67.0
3643 67.0
3644 67.0
3645 67.0
3646 67.0
3647 67.0
3648 67.0
3649 67.0
3650 67.0
3651 67.0
3652 67.0
3653 67.0
3654 67.0
3655 67.0
3656 67.0
3657 67.0
3658 67.0
3659 67.0
3660 67.0
3661 67.0
3662 67.0
3663 67.0
3664 67.0
3665 67.0
3666 67.0
3667 67.0
3668 67.0
3669 67.0
3670 67.0
3671 67.0
3672 67.0
3673 67.0
3674 67.0
3675 67.0
3676 67.0
3677 67.0
3678 67.0
3679 67.0
3680 67.0
3681 67.0
3682 67.0
3683 67.0
3684 67.0
3685 67.0
3686 67.0
3687 67.0
3688 67.0
3689 67.0
3690 67.0
3691 67.0
3692 67.0
3693 67.0
3694 67.0
3695 67.0
3696 67.0
3697 67.0
3698 67.0
3699 67.0
3700 67.0
3701 67.0
3702 67.0
3703 67.0
3704 67.0
3705 67.0
3706 67.0
3707 67.0
3708 67.0
3709 67.0
3710 67.0
3711 67.0
3712 67.0
3713 67.0
3714 67.0
3715 67.0
3716 67.0
3717 67.0
3718 67.0
3719 67.0
3720 67.0
3721 67.0
3722 67.0
3723 67.0
3724 67.0
3725 67.0
3726 67.0
3727 67.0
3728 67.0
3729 67.0
3730 67.0
3731 67.0
3732 67.0
3733 67.0
3734 67.0
3735 67.0
3736 67.0
3737 67.0
3738 67.0
3739 67.0
3740 67.0
3741 67.0
3742 67.0
3743 67.0
3744 67.0
3745 67.0
3746 67.0
3747 67.0
3748 67.0
3749 67.0
3750 67.0
3751 67.0
3752 67.0
3753 67.0
3754 67.0
3755 67.0
3756 67.0
3757 67.0
3758 67.0
3759 67.0
3760 67.0
3761 67.0
3762 67.0
3763 67.0
3764 67.0
3765 67.0
3766 67.0
3767 67.0
3768 67.0
3769 67.0
3770 67.0
3771 67.0
3772 67.0
3773 67.0
3774 67.0
3775 67.0
3776 67.0
3777 67.0
3778 67.0
3779 67.0
3780 67.0
3781 67.0
3782 67.0
3783 67.0
3784 67.0
3785 67.0
3786 67.0
3787 67.0
3788 67.0
3789 67.0
3790 67.0
3791 67.0
3792 67.0
3793 67.0
3794 67.0
3795 67.0
3796 67.0
3797 67.0
3798 67.0
3799 67.0
3800 67.0
3801 67.0
3802 67.0
3803 67.0
3804 67.0
3805 67.0
3806 67.0
3807 67.0
3808 67.0
3809 67.0
3810 67.0
3811 67.0
3812 67.0
3813 67.0
3814 67.0
3815 67.0
3816 67.0
3817 67.0
3818 67.0
3819 67.0
3820 67.0
3821 67.0
3822 67.0
3823 67.0
3824 67.0
3825 67.0
3826 67.0
3827 67.0
3828 67.0
3829 67.0
3830 67.0
3831 67.0
3832 67.0
3833 67.0
3834 67.0
3835 67.0
3836 67.0
3837 67.0
3838 67.0
3839 67.0
3840 67.0
3841 67.0
3842 67.0
3843 67.0
3844 67.0
3845 67.0
3846 67.0
3847 67.0
3848 67.0
3849 67.0
3850 67.0
3851 67.0
3852 67.0
3853 67.0
3854 67.0
3855 67.0
3856 67.0
3857 67.0
3858 67.0
3859 67.0
3860 67.0
3861 67.0
3862 67.0
3863 67.0
3864 67.0
3865 67.0
3866 67.0
3867 67.0
3868 67.0
3869 67.0
3870 67.0
3871 67.0
3872 67.0
3873 67.0
3874 67.0
3875 67.0
3876 67.0
3877 67.0
3878 67.0
3879 67.0
3880 67.0
3881 67.0
3882 67.0
3883 67.0
3884 67.0
3885 67.0
3886 67.0
3887 67.0
3888 67.0
3889 67.0
3890 67.0
3891 67.0
3892 67.0
3893 67.0
3894 67.0
3895 67.0
3896 67.0
3897 67.0
3898 67.0
3899 67.0
3900 67.0
3901 67.0
3902 67.0
3903 67.0
3904 67.0
3905 67.0
3906 67.0
3907 67.0
3908 67.0
3909 67.0
3910 67.0
3911 67.0
3912 67.0
3913 67.0
3914 67.0
3915 67.0
3916 67.0
3917 67.0
3918 67.0
3919 67.0
3920 67.0
3921 67.0
3922 67.0
3923 67.0
3924 67.0
3925 67.0
3926 67.0
3927 67.0
3928 67.0
3929 67.0
3930 67.0
3931 67.0
3932 67.0
3933 67.0
3934 67.0
3935 67.0
3936 67.0
3937 67.0
3938 67.0
3939 67.0
3940 67.0
3941 67.0
3942 67.0
3943 67.0
3944 67.0
3945 67.0
3946 67.0
3947 67.0
3948 67.0
3949 67.0
3950 67.0
3951 67.0
3952 67.0
3953 67.0
3954 67.0
3955 67.0
3956 67.0
3957 67.0
3958 67.0
3959 67.0
3960 67.0
3961 67.0
3962 67.0
3963 67.0
3964 67.0
3965 67.0
3966 67.0
3967 67.0
3968 67.0
3969 67.0
3970 67.0
3971 67.0
3972 67.0
3973 67.0
3974 67.0
3975 67.0
3976 67.0
3977 67.0
3978 67.0
3979 67.0
3980 67.0
3981 67.0
3982 67.0
3983 67.0
3984 67.0
3985 67.0
3986 67.0
3987 67.0
3988 67.0
3989 67.0
3990 67.0
3991 67.0
3992 67.0
3993 67.0
3994 67.0
3995 67.0
3996 67.0
3997 67.0
3998 67.0
3999 67.0
4000 67.0
4001 67.0
4002 67.0
4003 67.0
4004 67.0
4005 67.0
4006 67.0
4007 67.0
4008 67.0
4009 67.0
4010 67.0
4011 67.0
4012 67.0
4013 67.0
4014 67.0
4015 67.0
4016 67.0
4017 67.0
4018 67.0
4019 67.0
4020 67.0
4021 67.0
4022 67.0
4023 67.0
4024 67.0
4025 67.0
4026 67.0
4027 67.0
4028 67.0
4029 67.0
4030 67.0
4031 67.0
4032 67.0
4033 67.0
4034 67.0
4035 67.0
4036 67.0
4037 67.0
4038 67.0
4039 67.0
4040 67.0
4041 67.0
4042 67.0
4043 67.0
4044 67.0
4045 67.0
4046 67.0
4047 67.0
4048 67.0
4049 67.0
4050 67.0
4051 67.0
4052 67.0
4053 67.0
4054 67.0
4055 67.0
4056 67.0
4057 67.0
4058 67.0
4059 67.0
4060 67.0
4061 67.0
4062 67.0
4063 67.0
4064 67.0
4065 67.0
4066 67.0
4067 67.0
4068 67.0
4069 67.0
4070 67.0
4071 67.0
4072 67.0
4073 67.0
4074 67.0
4075 67.0
4076 67.0
4077 67.0
4078 67.0
4079 67.0
4080 67.0
4081 67.0
4082 67.0
4083 67.0
4084 67.0
4085 67.0
4086 67.0
4087 67.0
4088 67.0
4089 67.0
4090 67.0
4091 67.0
4092 67.0
4093 67.0
4094 67.0
4095 67.0
4096 67.0
4097 67.0
4098 67.0
4099 67.0
4100 67.0
4101 67.0
4102 67.0
4103 67.0
4104 67.0
4105 67.0
4106 67.0
4107 67.0
4108 67.0
4109 67.0
4110 67.0
4111 67.0
4112 67.0
4113 67.0
4114 67.0
4115 67.0
4116 67.0
4117 67.0
4118 67.0
4119 67.0
4120 67.0
4121 67.0
4122 67.0
4123 67.0
4124 67.0
4125 67.0
4126 67.0
4127 67.0
4128 67.0
4129 67.0
4130 67.0
4131 67.0
4132 67.0
4133 67.0
4134 67.0
4135 67.0
4136 67.0
4137 67.0
4138 67.0
4139 67.0
4140 67.0
4141 67.0
4142 67.0
4143 67.0
4144 67.0
4145 67.0
4146 67.0
4147 67.0
4148 67.0
4149 67.0
4150 67.0
4151 67.0
4152 67.0
4153 67.0
4154 67.0
4155 67.0
4156 67.0
4157 67.0
4158 67.0
4159 67.0
4160 67.0
4161 67.0
4162 67.0
4163 67.0
4164 67.0
4165 67.0
4166 67.0
4167 67.0
4168 67.0
4169 67.0
4170 67.0
4171 67.0
4172 67.0
4173 67.0
4174 67.0
4175 67.0
4176 67.0
4177 67.0
4178 67.0
4179 67.0
4180 67.0
4181 67.0
4182 67.0
4183 67.0
4184 67.0
4185 67.0
4186 67.0
4187 67.0
4188 67.0
4189 67.0
4190 67.0
4191 67.0
4192 67.0
4193 67.0
4194 67.0
4195 67.0
4196 67.0
4197 67.0
4198 67.0
4199 67.0
4200 67.0
4201 67.0
4202 67.0
4203 67.0
4204 67.0
4205 67.0
4206 67.0
4207 67.0
4208 67.0
4209 67.0
4210 67.0
4211 67.0
4212 67.0
4213 67.0
4214 67.0
4215 67.0
4216 67.0
4217 67.0
4218 67.0
4219 67.0
4220 67.0
4221 67.0
4222 67.0
4223 67.0
4224 67.0
4225 67.0
4226 67.0
4227 67.0
4228 67.0
4229 67.0
4230 67.0
4231 67.0
4232 67.0
4233 67.0
4234 67.0
4235 67.0
4236 67.0
4237 67.0
4238 67.0
4239 67.0
4240 67.0
4241 67.0
4242 67.0
4243 67.0
4244 67.0
4245 67.0
4246 67.0
4247 67.0
4248 67.0
4249 67.0
4250 67.0
4251 67.0
4252 67.0
4253 67.0
4254 67.0
4255 67.0
4256 67.0
4257 67.0
4258 67.0
4259 67.0
4260 67.0
4261 67.0
4262 67.0
4263 67.0
4264 67.0
4265 67.0
4266 67.0
4267 67.0
4268 67.0
4269 67.0
4270 67.0
4271 67.0
4272 67.0
4273 67.0
4274 67.0
4275 67.0
4276 67.0
4277 67.0
4278 67.0
4279 67.0
4280 67.0
4281 67.0
4282 67.0
4283 67.0
4284 67.0
4285 67.0
4286 67.0
4287 67.0
4288 67.0
4289 67.0
4290 67.0
4291 67.0
4292 67.0
4293 67.0
4294 67.0
4295 67.0
4296 67.0
4297 67.0
4298 67.0
4299 67.0
4300 67.0
4301 67.0
4302 67.0
4303 67.0
4304 67.0
4305 67.0
4306 67.0
4307 67.0
4308 67.0
4309 67.0
4310 67.0
4311 67.0
4312 67.0
4313 67.0
4314 67.0
4315 67.0
4316 67.0
4317 67.0
4318 67.0
4319 67.0
4320 67.0
4321 67.0
4322 67.0
4323 67.0
4324 67.0
4325 67.0
4326 67.0
4327 67.0
4328 67.0
4329 67.0
4330 67.0
4331 67.0
4332 67.0
4333 67.0
4334 67.0
4335 67.0
4336 67.0
4337 67.0
4338 67.0
4339 67.0
4340 67.0
4341 67.0
4342 67.0
4343 67.0
4344 67.0
4345 67.0
4346 67.0
4347 67.0
4348 67.0
4349 67.0
4350 67.0
4351 67.0
4352 67.0
4353 67.0
4354 67.0
4355 67.0
4356 67.0
4357 67.0
4358 67.0
4359 67.0
4360 67.0
4361 67.0
4362 67.0
4363 67.0
4364 67.0
4365 67.0
4366 67.0
4367 67.0
4368 67.0
4369 67.0
4370 67.0
4371 67.0
4372 67.0
4373 67.0
4374 67.0
4375 67.0
4376 67.0
4377 67.0
4378 67.0
4379 67.0
4380 67.0
4381 67.0
4382 67.0
4383 67.0
4384 67.0
4385 67.0
4386 67.0
4387 67.0
4388 67.0
4389 67.0
4390 67.0
4391 67.0
4392 67.0
4393 67.0
4394 67.0
4395 67.0
4396 67.0
4397 67.0
4398 67.0
4399 67.0
4400 67.0
4401 67.0
4402 67.0
4403 67.0
4404 67.0
4405 67.0
4406 67.0
4407 67.0
4408 67.0
4409 67.0
4410 67.0
4411 67.0
4412 67.0
4413 67.0
4414 67.0
4415 67.0
4416 67.0
4417 67.0
4418 67.0
4419 67.0
4420 67.0
4421 67.0
4422 67.0
4423 67.0
4424 67.0
4425 67.0
4426 67.0
4427 67.0
4428 67.0
4429 67.0
4430 67.0
4431 67.0
4432 67.0
4433 67.0
4434 67.0
4435 67.0
4436 67.0
4437 67.0
4438 67.0
4439 67.0
4440 67.0
4441 67.0
4442 67.0
4443 67.0
4444 67.0
4445 67.0
4446 67.0
4447 67.0
4448 67.0
4449 67.0
4450 67.0
4451 67.0
4452 67.0
4453 67.0
4454 67.0
4455 67.0
4456 67.0
4457 67.0
4458 67.0
4459 67.0
4460 67.0
4461 67.0
4462 67.0
4463 67.0
4464 67.0
4465 67.0
4466 67.0
4467 67.0
4468 67.0
4469 67.0
4470 67.0
4471 67.0
4472 67.0
4473 67.0
4474 67.0
4475 67.0
4476 67.0
4477 67.0
4478 67.0
4479 67.0
4480 67.0
4481 67.0
4482 67.0
4483 67.0
4484 67.0
4485 67.0
4486 67.0
4487 67.0
4488 67.0
4489 67.0
4490 67.0
4491 67.0
4492 67.0
4493 67.0
4494 67.0
4495 67.0
4496 67.0
4497 67.0
4498 67.0
4499 67.0
4500 67.0
4501 67.0
4502 67.0
4503 67.0
4504 67.0
4505 67.0
4506 67.0
4507 67.0
4508 67.0
4509 67.0
4510 67.0
4511 67.0
4512 67.0
4513 67.0
4514 67.0
4515 67.0
4516 67.0
4517 67.0
4518 67.0
4519 67.0
4520 67.0
4521 67.0
4522 67.0
4523 67.0
4524 67.0
4525 67.0
4526 67.0
4527 67.0
4528 67.0
4529 67.0
4530 67.0
4531 67.0
4532 67.0
4533 67.0
4534 67.0
4535 67.0
4536 67.0
4537 67.0
4538 67.0
4539 67.0
4540 67.0
4541 67.0
4542 67.0
4543 67.0
4544 67.0
4545 67.0
4546 67.0
4547 67.0
4548 67.0
4549 67.0
4550 67.0
4551 67.0
4552 67.0
4553 67.0
4554 67.0
4555 67.0
4556 67.0
4557 67.0
4558 67.0
4559 67.0
4560 67.0
4561 67.0
4562 67.0
4563 67.0
4564 67.0
4565 67.0
4566 67.0
4567 67.0
4568 67.0
4569 67.0
4570 67.0
4571 67.0
4572 67.0
4573 67.0
4574 67.0
4575 67.0
4576 67.0
4577 67.0
4578 67.0
4579 67.0
4580 67.0
4581 67.0
4582 67.0
4583 67.0
4584 67.0
4585 67.0
4586 67.0
4587 67.0
4588 67.0
4589 67.0
4590 67.0
4591 67.0
4592 67.0
4593 67.0
4594 67.0
4595 67.0
4596 67.0
4597 67.0
4598 67.0
4599 67.0
4600 67.0
4601 67.0
4602 67.0
4603 67.0
4604 67.0
4605 67.0
4606 67.0
4607 67.0
4608 67.0
4609 67.0
4610 67.0
4611 67.0
4612 67.0
4613 67.0
4614 67.0
4615 67.0
4616 67.0
4617 67.0
4618 67.0
4619 67.0
4620 67.0
4621 67.0
4622 67.0
4623 67.0
4624 67.0
4625 67.0
4626 67.0
4627 67.0
4628 67.0
4629 67.0
4630 67.0
4631 67.0
4632 67.0
4633 67.0
4634 67.0
4635 67.0
4636 67.0
4637 67.0
4638 67.0
4639 67.0
4640 67.0
4641 67.0
4642 67.0
4643 67.0
4644 67.0
4645 67.0
4646 67.0
4647 67.0
4648 67.0
4649 67.0
4650 67.0
4651 67.0
4652 67.0
4653 67.0
4654 67.0
4655 67.0
4656 67.0
4657 67.0
4658 67.0
4659 67.0
4660 67.0
4661 67.0
4662 67.0
4663 67.0
4664 67.0
4665 67.0
4666 67.0
4667 67.0
4668 67.0
4669 67.0
4670 67.0
4671 67.0
4672 67.0
4673 67.0
4674 67.0
4675 67.0
4676 67.0
4677 67.0
4678 67.0
4679 67.0
4680 67.0
4681 67.0
4682 67.0
4683 67.0
4684 67.0
4685 67.0
4686 67.0
4687 67.0
4688 67.0
4689 67.0
4690 67.0
4691 67.0
4692 67.0
4693 67.0
4694 67.0
4695 67.0
4696 67.0
4697 67.0
4698 67.0
4699 67.0
4700 67.0
4701 67.0
4702 67.0
4703 67.0
4704 67.0
4705 67.0
4706 67.0
4707 67.0
4708 67.0
4709 67.0
4710 67.0
4711 67.0
4712 67.0
4713 67.0
4714 67.0
4715 67.0
4716 67.0
4717 67.0
4718 67.0
4719 67.0
4720 67.0
4721 67.0
4722 67.0
4723 67.0
4724 67.0
4725 67.0
4726 67.0
4727 67.0
4728 67.0
4729 67.0
4730 67.0
4731 67.0
4732 67.0
4733 67.0
4734 67.0
4735 67.0
4736 67.0
4737 67.0
4738 67.0
4739 67.0
4740 67.0
4741 67.0
4742 67.0
4743 67.0
4744 67.0
4745 67.0
4746 67.0
4747 67.0
4748 67.0
4749 67.0
4750 67.0
4751 67.0
4752 67.0
4753 67.0
4754 67.0
4755 67.0
4756 67.0
4757 67.0
4758 67.0
4759 67.0
4760 67.0
4761 67.0
4762 67.0
4763 67.0
4764 67.0
4765 67.0
4766 67.0
4767 67.0
4768 67.0
4769 67.0
4770 67.0
4771 67.0
4772 67.0
4773 67.0
4774 67.0
4775 67.0
4776 67.0
4777 67.0
4778 67.0
4779 67.0
4780 67.0
4781 67.0
4782 67.0
4783 67.0
4784 67.0
4785 67.0
4786 67.0
4787 67.0
4788 67.0
4789 67.0
4790 67.0
4791 67.0
4792 67.0
4793 67.0
4794 67.0
4795 67.0
4796 67.0
4797 67.0
4798 67.0
4799 67.0
4800 67.0
4801 67.0
4802 67.0
4803 67.0
4804 67.0
4805 67.0
4806 67.0
4807 67.0
4808 67.0
4809 67.0
4810 67.0
4811 67.0
4812 67.0
4813 67.0
4814 67.0
4815 67.0
4816 67.0
4817 67.0
4818 67.0
4819 67.0
4820 67.0
4821 67.0
4822 67.0
4823 67.0
4824 67.0
4825 67.0
4826 67.0
4827 67.0
4828 67.0
4829 67.0
4830 67.0
4831 67.0
4832 67.0
4833 67.0
4834 67.0
4835 67.0
4836 67.0
4837 67.0
4838 67.0
4839 67.0
4840 67.0
4841 67.0
4842 67.0
4843 67.0
4844 67.0
4845 67.0
4846 67.0
4847 67.0
4848 67.0
4849 67.0
4850 67.0
4851 67.0
4852 67.0
4853 67.0
4854 67.0
4855 67.0
4856 67.0
4857 67.0
4858 67.0
4859 67.0
4860 67.0
4861 67.0
4862 67.0
4863 67.0
4864 67.0
4865 67.0
4866 67.0
4867 67.0
4868 67.0
4869 67.0
4870 67.0
4871 67.0
4872 67.0
4873 67.0
4874 67.0
4875 67.0
4876 67.0
4877 67.0
4878 67.0
4879 67.0
4880 67.0
4881 67.0
4882 67.0
4883 67.0
4884 67.0
4885 67.0
4886 67.0
4887 67.0
4888 67.0
4889 67.0
4890 67.0
4891 67.0
4892 67.0
4893 67.0
4894 67.0
4895 67.0
4896 67.0
4897 67.0
4898 67.0
4899 67.0
4900 67.0
4901 67.0
4902 67.0
4903 67.0
4904 67.0
4905 67.0
4906 67.0
4907 67.0
4908 67.0
4909 67.0
4910 67.0
4911 67.0
4912 67.0
4913 67.0
4914 67.0
4915 67.0
4916 67.0
4917 67.0
4918 67.0
4919 67.0
4920 67.0
4921 67.0
4922 67.0
4923 67.0
4924 67.0
4925 67.0
4926 67.0
4927 67.0
4928 67.0
4929 67.0
4930 67.0
4931 67.0
4932 67.0
4933 67.0
4934 67.0
4935 67.0
4936 67.0
4937 67.0
4938 67.0
4939 67.0
4940 67.0
4941 67.0
4942 67.0
4943 67.0
4944 67.0
4945 67.0
4946 67.0
4947 67.0
4948 67.0
4949 67.0
4950 67.0
4951 67.0
4952 67.0
4953 67.0
4954 67.0
4955 67.0
4956 67.0
4957 67.0
4958 67.0
4959 67.0
4960 67.0
4961 67.0
4962 67.0
4963 67.0
4964 67.0
4965 67.0
4966 67.0
4967 67.0
4968 67.0
4969 67.0
4970 67.0
4971 67.0
4972 67.0
4973 67.0
4974 67.0
4975 67.0
4976 67.0
4977 67.0
4978 67.0
4979 67.0
4980 67.0
4981 67.0
4982 67.0
4983 67.0
4984 67.0
4985 67.0
4986 67.0
4987 67.0
4988 67.0
4989 67.0
4990 67.0
4991 67.0
4992 67.0
4993 67.0
4994 67.0
4995 67.0
4996 67.0
4997 67.0
4998 67.0
4999 67.0
5000 67.0
5001 67.0
5002 67.0
5003 67.0
5004 67.0
5005 67.0
5006 67.0
5007 67.0
5008 67.0
5009 67.0
5010 67.0
5011 67.0
5012 67.0
5013 67.0
5014 67.0
5015 67.0
5016 67.0
5017 67.0
5018 67.0
5019 67.0
5020 67.0
5021 67.0
5022 67.0
5023 67.0
5024 67.0
5025 67.0
5026 67.0
5027 67.0
5028 67.0
5029 67.0
5030 67.0
5031 67.0
5032 67.0
5033 67.0
5034 67.0
5035 67.0
5036 67.0
5037 67.0
5038 67.0
5039 67.0
5040 67.0
5041 67.0
5042 67.0
5043 67.0
5044 67.0
5045 67.0
5046 67.0
5047 67.0
5048 67.0
5049 67.0
5050 67.0
5051 67.0
5052 67.0
5053 67.0
5054 67.0
5055 67.0
5056 67.0
5057 67.0
5058 67.0
5059 67.0
5060 67.0
5061 67.0
5062 67.0
5063 67.0
5064 67.0
5065 67.0
5066 67.0
5067 67.0
5068 67.0
5069 67.0
5070 67.0
5071 67.0
5072 67.0
5073 67.0
5074 67.0
5075 67.0
5076 67.0
5077 67.0
5078 67.0
5079 67.0
5080 67.0
5081 67.0
5082 67.0
5083 67.0
5084 67.0
5085 67.0
5086 67.0
5087 67.0
5088 67.0
5089 67.0
5090 67.0
5091 67.0
5092 67.0
5093 67.0
5094 67.0
5095 67.0
5096 67.0
5097 67.0
5098 67.0
5099 67.0
5100 67.0
5101 67.0
5102 67.0
5103 67.0
5104 67.0
5105 67.0
5106 67.0
5107 67.0
5108 67.0
5109 67.0
5110 67.0
5111 67.0
5112 67.0
5113 67.0
5114 67.0
5115 67.0
5116 67.0
5117 67.0
5118 67.0
5119 67.0
5120 67.0
5121 67.0
5122 67.0
5123 67.0
5124 67.0
5125 67.0
5126 67.0
5127 67.0
5128 67.0
5129 67.0
5130 67.0
5131 67.0
5132 67.0
5133 67.0
5134 67.0
5135 67.0
5136 67.0
5137 67.0
5138 67.0
5139 67.0
5140 67.0
5141 67.0
5142 67.0
5143 67.0
5144 67.0
5145 67.0
5146 67.0
5147 67.0
5148 67.0
5149 67.0
5150 67.0
5151 67.0
5152 67.0
5153 67.0
5154 67.0
5155 67.0
5156 67.0
5157 67.0
5158 67.0
5159 67.0
5160 67.0
5161 67.0
5162 67.0
5163 67.0
5164 67.0
5165 67.0
5166 67.0
5167 67.0
5168 67.0
5169 67.0
5170 67.0
5171 67.0
5172 67.0
5173 67.0
5174 67.0
5175 67.0
5176 67.0
5177 67.0
5178 67.0
5179 67.0
5180 67.0
5181 67.0
5182 67.0
5183 67.0
5184 67.0
5185 67.0
5186 67.0
5187 67.0
5188 67.0
5189 67.0
5190 67.0
5191 67.0
5192 67.0
5193 67.0
5194 67.0
5195 67.0
5196 67.0
5197 67.0
5198 67.0
5199 67.0
5200 67.0
5201 67.0
5202 67.0
5203 67.0
5204 67.0
5205 67.0
5206 67.0
5207 67.0
5208 67.0
5209 67.0
5210 67.0
5211 67.0
5212 67.0
5213 67.0
5214 67.0
5215 67.0
5216 67.0
5217 67.0
5218 67.0
5219 67.0
5220 67.0
5221 67.0
5222 67.0
5223 67.0
5224 67.0
5225 67.0
5226 67.0
5227 67.0
5228 67.0
5229 67.0
5230 67.0
5231 67.0
5232 67.0
5233 67.0
5234 67.0
5235 67.0
5236 67.0
5237 67.0
5238 67.0
5239 67.0
5240 67.0
5241 67.0
5242 67.0
5243 67.0
5244 67.0
5245 67.0
5246 67.0
5247 67.0
5248 67.0
5249 67.0
5250 67.0
5251 67.0
5252 67.0
5253 67.0
5254 67.0
5255 67.0
5256 67.0
5257 67.0
5258 67.0
5259 67.0
5260 67.0
5261 67.0
5262 67.0
5263 67.0
5264 67.0
5265 67.0
5266 67.0
5267 67.0
5268 67.0
5269 67.0
5270 67.0
5271 67.0
5272 67.0
5273 67.0
5274 67.0
5275 67.0
5276 67.0
5277 67.0
5278 67.0
5279 67.0
5280 67.0
5281 67.0
5282 67.0
5283 67.0
5284 67.0
5285 67.0
5286 67.0
5287 67.0
5288 67.0
5289 67.0
5290 67.0
5291 67.0
5292 67.0
5293 67.0
5294 67.0
5295 67.0
5296 67.0
5297 67.0
5298 67.0
5299 67.0
5300 67.0
5301 67.0
5302 67.0
5303 67.0
5304 67.0
5305 67.0
5306 67.0
5307 67.0
5308 67.0
5309 67.0
5310 67.0
5311 67.0
5312 67.0
5313 67.0
5314 67.0
5315 67.0
5316 67.0
5317 67.0
5318 67.0
5319 67.0
5320 67.0
5321 67.0
5322 67.0
5323 67.0
5324 67.0
5325 67.0
5326 67.0
5327 67.0
5328 67.0
5329 67.0
5330 67.0
5331 67.0
5332 67.0
5333 67.0
5334 67.0
5335 67.0
5336 67.0
5337 67.0
5338 67.0
5339 67.0
5340 67.0
5341 67.0
5342 67.0
5343 67.0
5344 67.0
5345 67.0
5346 67.0
5347 67.0
5348 67.0
5349 67.0
5350 67.0
5351 67.0
5352 67.0
5353 67.0
5354 67.0
5355 67.0
5356 67.0
5357 67.0
5358 67.0
5359 67.0
5360 67.0
5361 67.0
5362 67.0
5363 67.0
5364 67.0
5365 67.0
5366 67.0
5367 67.0
5368 67.0
5369 67.0
5370 67.0
5371 67.0
5372 67.0
5373 67.0
5374 67.0
5375 67.0
5376 67.0
5377 67.0
5378 67.0
5379 67.0
5380 67.0
5381 67.0
5382 67.0
5383 67.0
5384 67.0
5385 67.0
5386 67.0
5387 67.0
5388 67.0
5389 67.0
5390 67.0
5391 67.0
5392 67.0
5393 67.0
5394 67.0
5395 67.0
5396 67.0
5397 67.0
5398 67.0
5399 67.0
5400 67.0
5401 67.0
5402 67.0
5403 67.0
5404 67.0
5405 67.0
5406 67.0
5407 67.0
5408 67.0
5409 67.0
5410 67.0
5411 67.0
5412 67.0
5413 67.0
5414 67.0
5415 67.0
5416 67.0
5417 67.0
5418 67.0
5419 67.0
5420 67.0
5421 67.0
5422 67.0
5423 67.0
5424 67.0
5425 67.0
5426 67.0
5427 67.0
5428 67.0
5429 67.0
5430 67.0
5431 67.0
5432 67.0
5433 67.0
5434 67.0
5435 67.0
5436 67.0
5437 67.0
5438 67.0
5439 67.0
5440 67.0
5441 67.0
5442 67.0
5443 67.0
5444 67.0
5445 67.0
5446 67.0
5447 67.0
5448 67.0
5449 67.0
5450 67.0
5451 67.0
5452 67.0
5453 67.0
5454 67.0
5455 67.0
5456 67.0
5457 67.0
5458 67.0
5459 67.0
5460 67.0
5461 67.0
5462 67.0
5463 67.0
5464 67.0
5465 67.0
5466 67.0
5467 67.0
5468 67.0
5469 67.0
5470 67.0
5471 67.0
5472 67.0
5473 67.0
5474 67.0
5475 67.0
5476 67.0
5477 67.0
5478 67.0
5479 67.0
5480 67.0
5481 67.0
5482 67.0
5483 67.0
5484 67.0
5485 67.0
5486 67.0
5487 67.0
5488 67.0
5489 67.0
5490 67.0
5491 67.0
5492 67.0
5493 67.0
5494 67.0
5495 67.0
5496 67.0
5497 67.0
5498 67.0
5499 67.0
5500 67.0
5501 67.0
5502 67.0
5503 67.0
5504 67.0
5505 67.0
5506 67.0
5507 67.0
5508 67.0
5509 67.0
5510 67.0
5511 67.0
5512 67.0
5513 67.0
5514 67.0
5515 67.0
5516 67.0
5517 67.0
5518 67.0
5519 67.0
5520 67.0
5521 67.0
5522 67.0
5523 67.0
5524 67.0
5525 67.0
5526 67.0
5527 67.0
5528 67.0
5529 67.0
5530 67.0
5531 67.0
5532 67.0
5533 67.0
5534 67.0
5535 67.0
5536 67.0
5537 67.0
5538 67.0
5539 67.0
5540 67.0
5541 67.0
5542 67.0
5543 67.0
5544 67.0
5545 67.0
5546 67.0
5547 67.0
5548 67.0
5549 67.0
5550 67.0
5551 67.0
5552 67.0
5553 67.0
5554 67.0
5555 67.0
5556 67.0
5557 67.0
5558 67.0
5559 67.0
5560 67.0
5561 67.0
5562 67.0
5563 67.0
5564 67.0
5565 67.0
5566 67.0
5567 67.0
5568 67.0
5569 67.0
5570 67.0
5571 67.0
5572 67.0
5573 67.0
5574 67.0
5575 67.0
5576 67.0
5577 67.0
5578 67.0
5579 67.0
5580 67.0
5581 67.0
5582 67.0
5583 67.0
5584 67.0
5585 67.0
5586 67.0
5587 67.0
5588 67.0
5589 67.0
5590 67.0
5591 67.0
5592 67.0
5593 67.0
5594 67.0
5595 67.0
5596 67.0
5597 67.0
5598 67.0
5599 67.0
5600 67.0
5601 67.0
5602 67.0
5603 67.0
5604 67.0
5605 67.0
5606 67.0
5607 67.0
5608 67.0
5609 67.0
5610 67.0
5611 67.0
5612 67.0
5613 67.0
5614 67.0
5615 67.0
5616 67.0
5617 67.0
5618 67.0
5619 67.0
5620 67.0
5621 67.0
5622 67.0
5623 67.0
5624 67.0
5625 67.0
5626 67.0
5627 67.0
5628 67.0
5629 67.0
5630 67.0
5631 67.0
5632 67.0
5633 67.0
5634 67.0
5635 67.0
5636 67.0
5637 67.0
5638 67.0
5639 67.0
5640 67.0
5641 67.0
5642 67.0
5643 67.0
5644 67.0
5645 67.0
5646 67.0
5647 67.0
5648 67.0
5649 67.0
5650 67.0
5651 67.0
5652 67.0
5653 67.0
5654 67.0
5655 67.0
5656 67.0
5657 67.0
5658 67.0
5659 67.0
5660 67.0
5661 67.0
5662 67.0
5663 67.0
5664 67.0
5665 67.0
5666 67.0
5667 67.0
5668 67.0
5669 67.0
5670 67.0
5671 67.0
5672 67.0
5673 67.0
5674 67.0
5675 67.0
5676 67.0
5677 67.0
5678 67.0
5679 67.0
5680 67.0
5681 67.0
5682 67.0
5683 67.0
5684 67.0
5685 67.0
5686 67.0
5687 67.0
5688 67.0
5689 67.0
5690 67.0
5691 67.0
5692 67.0
5693 67.0
5694 67.0
5695 67.0
5696 67.0
5697 67.0
5698 67.0
5699 67.0
5700 67.0
5701 67.0
5702 67.0
5703 67.0
5704 67.0
5705 67.0
5706 67.0
5707 67.0
5708 67.0
5709 67.0
5710 67.0
5711 67.0
5712 67.0
5713 67.0
5714 67.0
5715 67.0
5716 67.0
5717 67.0
5718 67.0
5719 67.0
5720 67.0
5721 67.0
5722 67.0
5723 67.0
5724 67.0
5725 67.0
5726 67.0
5727 67.0
5728 67.0
5729 67.0
5730 67.0
5731 67.0
5732 67.0
5733 67.0
5734 67.0
5735 67.0
5736 67.0
5737 67.0
5738 67.0
5739 67.0
5740 67.0
5741 67.0
5742 67.0
5743 67.0
5744 67.0
5745 67.0
5746 67.0
5747 67.0
5748 67.0
5749 67.0
5750 67.0
5751 67.0
5752 67.0
5753 67.0
5754 67.0
5755 67.0
5756 67.0
5757 67.0
5758 67.0
5759 67.0
5760 67.0
5761 67.0
5762 67.0
5763 67.0
5764 67.0
5765 67.0
5766 67.0
5767 67.0
5768 67.0
5769 67.0
5770 67.0
5771 67.0
5772 67.0
5773 67.0
5774 67.0
5775 67.0
5776 67.0
5777 67.0
5778 67.0
5779 67.0
5780 67.0
5781 67.0
5782 67.0
5783 67.0
5784 67.0
5785 67.0
5786 67.0
5787 67.0
5788 67.0
5789 67.0
5790 67.0
5791 67.0
5792 67.0
5793 67.0
5794 67.0
5795 67.0
5796 67.0
5797 67.0
5798 67.0
5799 67.0
5800 67.0
5801 67.0
5802 67.0
5803 67.0
5804 67.0
5805 67.0
5806 67.0
5807 67.0
5808 67.0
5809 67.0
5810 67.0
5811 67.0
5812 67.0
5813 67.0
5814 67.0
5815 67.0
5816 67.0
5817 67.0
5818 67.0
5819 67.0
5820 67.0
5821 67.0
5822 67.0
5823 67.0
5824 67.0
5825 67.0
5826 67.0
5827 67.0
5828 67.0
5829 67.0
5830 67.0
5831 67.0
5832 67.0
5833 67.0
5834 67.0
5835 67.0
5836 67.0
5837 67.0
5838 67.0
5839 67.0
5840 67.0
5841 67.0
5842 67.0
5843 67.0
5844 67.0
5845 67.0
5846 67.0
5847 67.0
5848 67.0
5849 67.0
5850 67.0
5851 67.0
5852 67.0
5853 67.0
5854 67.0
5855 67.0
5856 67.0
5857 67.0
5858 67.0
5859 67.0
5860 67.0
5861 67.0
5862 67.0
5863 67.0
5864 67.0
5865 67.0
5866 67.0
5867 67.0
5868 67.0
5869 67.0
5870 67.0
5871 67.0
5872 67.0
5873 67.0
5874 67.0
5875 67.0
5876 67.0
5877 67.0
5878 67.0
5879 67.0
5880 67.0
5881 67.0
5882 67.0
5883 67.0
5884 67.0
5885 67.0
5886 67.0
5887 67.0
5888 67.0
5889 67.0
5890 67.0
5891 67.0
5892 67.0
5893 67.0
5894 67.0
5895 67.0
5896 67.0
5897 67.0
5898 67.0
5899 67.0
5900 67.0
5901 67.0
5902 67.0
5903 67.0
5904 67.0
5905 67.0
5906 67.0
5907 67.0
5908 67.0
5909 67.0
5910 67.0
5911 67.0
5912 67.0
5913 67.0
5914 67.0
5915 67.0
5916 67.0
5917 67.0
5918 67.0
5919 67.0
5920 67.0
5921 67.0
5922 67.0
5923 67.0
5924 67.0
5925 67.0
5926 67.0
5927 67.0
5928 67.0
5929 67.0
5930 67.0
5931 67.0
5932 67.0
5933 67.0
5934 67.0
5935 67.0
5936 67.0
5937 67.0
5938 67.0
5939 67.0
5940 67.0
5941 67.0
5942 67.0
5943 67.0
5944 67.0
5945 67.0
5946 67.0
5947 67.0
5948 67.0
5949 67.0
5950 67.0
5951 67.0
5952 67.0
5953 67.0
5954 67.0
5955 67.0
5956 67.0
5957 67.0
5958 67.0
5959 67.0
5960 67.0
5961 67.0
5962 67.0
5963 67.0
5964 67.0
5965 67.0
5966 67.0
5967 67.0
5968 67.0
5969 67.0
5970 67.0
5971 67.0
5972 67.0
5973 67.0
5974 67.0
5975 67.0
5976 67.0
5977 67.0
5978 67.0
5979 67.0
5980 67.0
5981 67.0
5982 67.0
5983 67.0
5984 67.0
5985 67.0
5986 67.0
5987 67.0
5988 67.0
5989 67.0
5990 67.0
5991 67.0
5992 67.0
5993 67.0
5994 67.0
5995 67.0
5996 67.0
5997 67.0
5998 67.0
5999 67.0
6000 67.0
6001 67.0
6002 67.0
6003 67.0
6004 67.0
6005 67.0
6006 67.0
6007 67.0
6008 67.0
6009 67.0
6010 67.0
6011 67.0
6012 67.0
6013 67.0
6014 67.0
6015 67.0
6016 67.0
6017 67.0
6018 67.0
6019 67.0
6020 67.0
6021 67.0
6022 67.0
6023 67.0
6024 67.0
6025 67.0
6026 67.0
6027 67.0
6028 67.0
6029 67.0
6030 67.0
6031 67.0
6032 67.0
6033 67.0
6034 67.0
6035 67.0
6036 67.0
6037 67.0
6038 67.0
6039 67.0
6040 67.0
6041 67.0
6042 67.0
6043 67.0
6044 67.0
6045 67.0
6046 67.0
6047 67.0
6048 67.0
6049 67.0
6050 67.0
6051 67.0
6052 67.0
6053 67.0
6054 67.0
6055 67.0
6056 67.0
6057 67.0
6058 67.0
6059 67.0
6060 67.0
6061 67.0
6062 67.0
6063 67.0
6064 67.0
6065 67.0
6066 67.0
6067 67.0
6068 67.0
6069 67.0
6070 67.0
6071 67.0
6072 67.0
6073 67.0
6074 67.0
6075 67.0
6076 67.0
6077 67.0
6078 67.0
6079 67.0
6080 67.0
6081 67.0
6082 67.0
6083 67.0
6084 67.0
6085 67.0
6086 67.0
6087 67.0
6088 67.0
6089 67.0
6090 67.0
6091 67.0
6092 67.0
6093 67.0
6094 67.0
6095 67.0
6096 67.0
6097 67.0
6098 67.0
6099 67.0
6100 67.0
6101 67.0
6102 67.0
6103 67.0
6104 67.0
6105 67.0
6106 67.0
6107 67.0
6108 67.0
6109 67.0
6110 67.0
6111 67.0
6112 67.0
6113 67.0
6114 67.0
6115 67.0
6116 67.0
6117 67.0
6118 67.0
6119 67.0
6120 67.0
6121 67.0
6122 67.0
6123 67.0
6124 67.0
6125 67.0
6126 67.0
6127 67.0
6128 67.0
6129 67.0
6130 67.0
6131 67.0
6132 67.0
6133 67.0
6134 67.0
6135 67.0
6136 67.0
6137 67.0
6138 67.0
6139 67.0
6140 67.0
6141 67.0
6142 67.0
6143 67.0
6144 67.0
6145 67.0
6146 67.0
6147 67.0
6148 67.0
6149 67.0
6150 67.0
6151 67.0
6152 67.0
6153 67.0
6154 67.0
6155 67.0
6156 67.0
6157 67.0
6158 67.0
6159 67.0
6160 67.0
6161 67.0
6162 67.0
6163 67.0
6164 67.0
6165 67.0
6166 67.0
6167 67.0
6168 67.0
6169 67.0
6170 67.0
6171 67.0
6172 67.0
6173 67.0
6174 67.0
6175 67.0
6176 67.0
6177 67.0
6178 67.0
6179 67.0
6180 67.0
6181 67.0
6182 67.0
6183 67.0
6184 67.0
6185 67.0
6186 67.0
6187 67.0
6188 67.0
6189 67.0
6190 67.0
6191 67.0
6192 67.0
6193 67.0
6194 67.0
6195 67.0
6196 67.0
6197 67.0
6198 67.0
6199 67.0
6200 67.0
6201 67.0
6202 67.0
6203 67.0
6204 67.0
6205 67.0
6206 67.0
6207 67.0
6208 67.0
6209 67.0
6210 67.0
6211 67.0
6212 67.0
6213 67.0
6214 67.0
6215 67.0
6216 67.0
6217 67.0
6218 67.0
6219 67.0
6220 67.0
6221 67.0
6222 67.0
6223 67.0
6224 67.0
6225 67.0
6226 67.0
6227 67.0
6228 67.0
6229 67.0
6230 67.0
6231 67.0
6232 67.0
6233 67.0
6234 67.0
6235 67.0
6236 67.0
6237 67.0
6238 67.0
6239 67.0
6240 67.0
6241 67.0
6242 67.0
6243 67.0
6244 67.0
6245 67.0
6246 67.0
6247 67.0
6248 67.0
6249 67.0
6250 67.0
6251 67.0
6252 67.0
6253 67.0
6254 67.0
6255 67.0
6256 67.0
6257 67.0
6258 67.0
6259 67.0
6260 67.0
6261 67.0
6262 67.0
6263 67.0
6264 67.0
6265 67.0
6266 67.0
6267 67.0
6268 67.0
6269 67.0
6270 67.0
6271 67.0
6272 67.0
6273 67.0
6274 67.0
6275 67.0
6276 67.0
6277 67.0
6278 67.0
6279 67.0
6280 67.0
6281 67.0
6282 67.0
6283 67.0
6284 67.0
6285 67.0
6286 67.0
6287 67.0
6288 67.0
6289 67.0
6290 67.0
6291 67.0
6292 67.0
6293 67.0
6294 67.0
6295 67.0
6296 67.0
6297 67.0
6298 67.0
6299 67.0
6300 67.0
6301 67.0
6302 67.0
6303 67.0
6304 67.0
6305 67.0
6306 67.0
6307 67.0
6308 67.0
6309 67.0
6310 67.0
6311 67.0
6312 67.0
6313 67.0
6314 67.0
6315 67.0
6316 67.0
6317 67.0
6318 67.0
6319 67.0
6320 67.0
6321 67.0
6322 67.0
6323 67.0
6324 67.0
6325 67.0
6326 67.0
6327 67.0
6328 67.0
6329 67.0
6330 67.0
6331 67.0
6332 67.0
6333 67.0
6334 67.0
6335 67.0
6336 67.0
6337 67.0
6338 67.0
6339 67.0
6340 67.0
6341 67.0
6342 67.0
6343 67.0
6344 67.0
6345 67.0
6346 67.0
6347 67.0
6348 67.0
6349 67.0
6350 67.0
6351 67.0
6352 67.0
6353 67.0
6354 67.0
6355 67.0
6356 67.0
6357 67.0
6358 67.0
6359 67.0
6360 67.0
6361 67.0
6362 67.0
6363 67.0
6364 67.0
6365 67.0
6366 67.0
6367 67.0
6368 67.0
6369 67.0
6370 67.0
6371 67.0
6372 67.0
6373 67.0
6374 67.0
6375 67.0
6376 67.0
6377 67.0
6378 67.0
6379 67.0
6380 67.0
6381 67.0
6382 67.0
6383 67.0
6384 67.0
6385 67.0
6386 67.0
6387 67.0
6388 67.0
6389 67.0
6390 67.0
6391 67.0
6392 67.0
6393 67.0
6394 67.0
6395 67.0
6396 67.0
6397 67.0
6398 67.0
6399 67.0
6400 67.0
6401 67.0
6402 67.0
6403 67.0
6404 67.0
6405 67.0
6406 67.0
6407 67.0
6408 67.0
6409 67.0
6410 67.0
6411 67.0
6412 67.0
6413 67.0
6414 67.0
6415 67.0
6416 67.0
6417 67.0
6418 67.0
6419 67.0
6420 67.0
6421 67.0
6422 67.0
6423 67.0
6424 67.0
6425 67.0
6426 67.0
6427 67.0
6428 67.0
6429 67.0
6430 67.0
6431 67.0
6432 67.0
6433 67.0
6434 67.0
6435 67.0
6436 67.0
6437 67.0
6438 67.0
6439 67.0
6440 67.0
6441 67.0
6442 67.0
6443 67.0
6444 67.0
6445 67.0
6446 67.0
6447 67.0
6448 67.0
6449 67.0
6450 67.0
6451 67.0
6452 67.0
6453 67.0
6454 67.0
6455 67.0
6456 67.0
6457 67.0
6458 67.0
6459 67.0
6460 67.0
6461 67.0
6462 67.0
6463 67.0
6464 67.0
6465 67.0
6466 67.0
6467 67.0
6468 67.0
6469 67.0
6470 67.0
6471 67.0
6472 67.0
6473 67.0
6474 67.0
6475 67.0
6476 67.0
6477 67.0
6478 67.0
6479 67.0
6480 67.0
6481 67.0
6482 67.0
6483 67.0
6484 67.0
6485 67.0
6486 67.0
6487 67.0
6488 67.0
6489 67.0
6490 67.0
6491 67.0
6492 67.0
6493 67.0
6494 67.0
6495 67.0
6496 67.0
6497 67.0
6498 67.0
6499 67.0
6500 67.0
6501 67.0
6502 67.0
6503 67.0
6504 67.0
6505 67.0
6506 67.0
6507 67.0
6508 67.0
6509 67.0
6510 67.0
6511 67.0
6512 67.0
6513 67.0
6514 67.0
6515 67.0
6516 67.0
6517 67.0
6518 67.0
6519 67.0
6520 67.0
6521 67.0
6522 67.0
6523 67.0
6524 67.0
6525 67.0
6526 67.0
6527 67.0
6528 67.0
6529 67.0
6530 67.0
6531 67.0
6532 67.0
6533 67.0
6534 67.0
6535 67.0
6536 67.0
6537 67.0
6538 67.0
6539 67.0
6540 67.0
6541 67.0
6542 67.0
6543 67.0
6544 67.0
6545 67.0
6546 67.0
6547 67.0
6548 67.0
6549 67.0
6550 67.0
6551 67.0
6552 67.0
6553 67.0
6554 67.0
6555 67.0
6556 67.0
6557 67.0
6558 67.0
6559 67.0
6560 67.0
6561 67.0
6562 67.0
6563 67.0
6564 67.0
6565 67.0
6566 67.0
6567 67.0
6568 67.0
6569 67.0
6570 67.0
6571 67.0
6572 67.0
6573 67.0
6574 67.0
6575 67.0
6576 67.0
6577 67.0
6578 67.0
6579 67.0
6580 67.0
6581 67.0
6582 67.0
6583 67.0
6584 67.0
6585 67.0
6586 67.0
6587 67.0
6588 67.0
6589 67.0
6590 67.0
6591 67.0
6592 67.0
6593 67.0
6594 67.0
6595 67.0
6596 67.0
6597 67.0
6598 67.0
6599 67.0
6600 67.0
6601 67.0
6602 67.0
6603 67.0
6604 67.0
6605 67.0
6606 67.0
6607 67.0
6608 67.0
6609 67.0
6610 67.0
6611 67.0
6612 67.0
6613 67.0
6614 67.0
6615 67.0
6616 67.0
6617 67.0
6618 67.0
6619 67.0
6620 67.0
6621 67.0
6622 67.0
6623 67.0
6624 67.0
6625 67.0
6626 67.0
6627 67.0
6628 67.0
6629 67.0
6630 67.0
6631 67.0
6632 67.0
6633 67.0
6634 67.0
6635 67.0
6636 67.0
6637 67.0
6638 67.0
6639 67.0
6640 67.0
6641 67.0
6642 67.0
6643 67.0
6644 67.0
6645 67.0
6646 67.0
6647 67.0
6648 67.0
6649 67.0
6650 67.0
6651 67.0
6652 67.0
6653 67.0
6654 67.0
6655 67.0
6656 67.0
6657 67.0
6658 67.0
6659 67.0
6660 67.0
6661 67.0
6662 67.0
6663 67.0
6664 67.0
6665 67.0
6666 67.0
6667 67.0
6668 67.0
6669 67.0
6670 67.0
6671 67.0
6672 67.0
6673 67.0
6674 67.0
6675 67.0
6676 67.0
6677 67.0
6678 67.0
6679 67.0
6680 67.0
6681 67.0
6682 67.0
6683 67.0
6684 67.0
6685 67.0
6686 67.0
6687 67.0
6688 67.0
6689 67.0
6690 67.0
6691 67.0
6692 67.0
6693 67.0
6694 67.0
6695 67.0
6696 67.0
6697 67.0
6698 67.0
6699 67.0
6700 67.0
6701 67.0
6702 67.0
6703 67.0
6704 67.0
6705 67.0
6706 67.0
6707 67.0
6708 67.0
6709 67.0
6710 67.0
6711 67.0
6712 67.0
6713 67.0
6714 67.0
6715 67.0
6716 67.0
6717 67.0
6718 67.0
6719 67.0
6720 67.0
6721 67.0
6722 67.0
6723 67.0
6724 67.0
6725 67.0
6726 67.0
6727 67.0
6728 67.0
6729 67.0
6730 67.0
6731 67.0
6732 67.0
6733 67.0
6734 67.0
6735 67.0
6736 67.0
6737 67.0
6738 67.0
6739 67.0
6740 67.0
6741 67.0
6742 67.0
6743 67.0
6744 67.0
6745 67.0
6746 67.0
6747 67.0
6748 67.0
6749 67.0
6750 67.0
6751 67.0
6752 67.0
6753 67.0
6754 67.0
6755 67.0
6756 67.0
6757 67.0
6758 67.0
6759 67.0
6760 67.0
6761 67.0
6762 67.0
6763 67.0
6764 67.0
6765 67.0
6766 67.0
6767 67.0
6768 67.0
6769 67.0
6770 67.0
6771 67.0
6772 67.0
6773 67.0
6774 67.0
6775 67.0
6776 67.0
6777 67.0
6778 67.0
6779 67.0
6780 67.0
6781 67.0
6782 67.0
6783 67.0
6784 67.0
6785 67.0
6786 67.0
6787 67.0
6788 67.0
6789 67.0
6790 67.0
6791 67.0
6792 67.0
6793 67.0
6794 67.0
6795 67.0
6796 67.0
6797 67.0
6798 67.0
6799 67.0
6800 67.0
6801 67.0
6802 67.0
6803 67.0
6804 67.0
6805 67.0
6806 67.0
6807 67.0
6808 67.0
6809 67.0
6810 67.0
6811 67.0
6812 67.0
6813 67.0
6814 67.0
6815 67.0
6816 67.0
6817 67.0
6818 67.0
6819 67.0
6820 67.0
6821 67.0
6822 67.0
6823 67.0
6824 67.0
6825 67.0
6826 67.0
6827 67.0
6828 67.0
6829 67.0
6830 67.0
6831 67.0
6832 67.0
6833 67.0
6834 67.0
6835 67.0
6836 67.0
6837 67.0
6838 67.0
6839 67.0
6840 67.0
6841 67.0
6842 67.0
6843 67.0
6844 67.0
6845 67.0
6846 67.0
6847 67.0
6848 67.0
6849 67.0
6850 67.0
6851 67.0
6852 67.0
6853 67.0
6854 67.0
6855 67.0
6856 67.0
6857 67.0
6858 67.0
6859 67.0
6860 67.0
6861 67.0
6862 67.0
6863 67.0
6864 67.0
6865 67.0
6866 67.0
6867 67.0
6868 67.0
6869 67.0
6870 67.0
6871 67.0
6872 67.0
6873 67.0
6874 67.0
6875 67.0
6876 67.0
6877 67.0
6878 67.0
6879 67.0
6880 67.0
6881 67.0
6882 67.0
6883 67.0
6884 67.0
6885 67.0
6886 67.0
6887 67.0
6888 67.0
6889 67.0
6890 67.0
6891 67.0
6892 67.0
6893 67.0
6894 67.0
6895 67.0
6896 67.0
6897 67.0
6898 67.0
6899 67.0
6900 67.0
6901 67.0
6902 67.0
6903 67.0
6904 67.0
6905 67.0
6906 67.0
6907 67.0
6908 67.0
6909 67.0
6910 67.0
6911 67.0
6912 67.0
6913 67.0
6914 67.0
6915 67.0
6916 67.0
6917 67.0
6918 67.0
6919 67.0
6920 67.0
6921 67.0
6922 67.0
6923 67.0
6924 67.0
6925 67.0
6926 67.0
6927 67.0
6928 67.0
6929 67.0
6930 67.0
6931 67.0
6932 67.0
6933 67.0
6934 67.0
6935 67.0
6936 67.0
6937 67.0
6938 67.0
6939 67.0
6940 67.0
6941 67.0
6942 67.0
6943 67.0
6944 67.0
6945 67.0
6946 67.0
6947 67.0
6948 67.0
6949 67.0
6950 67.0
6951 67.0
6952 67.0
6953 67.0
6954 67.0
6955 67.0
6956 67.0
6957 67.0
6958 67.0
6959 67.0
6960 67.0
6961 67.0
6962 67.0
6963 67.0
6964 67.0
6965 67.0
6966 67.0
6967 67.0
6968 67.0
6969 67.0
6970 67.0
6971 67.0
6972 67.0
6973 67.0
6974 67.0
6975 67.0
6976 67.0
6977 67.0
6978 67.0
6979 67.0
6980 67.0
6981 67.0
6982 67.0
6983 67.0
6984 67.0
6985 67.0
6986 67.0
6987 67.0
6988 67.0
6989 67.0
6990 67.0
6991 67.0
6992 67.0
6993 67.0
6994 67.0
6995 67.0
6996 67.0
6997 67.0
6998 67.0
6999 67.0
7000 67.0
7001 67.0
7002 67.0
7003 67.0
7004 67.0
7005 67.0
7006 67.0
7007 67.0
7008 67.0
7009 67.0
7010 67.0
7011 67.0
7012 67.0
7013 67.0
7014 67.0
7015 67.0
7016 67.0
7017 67.0
7018 67.0
7019 67.0
7020 67.0
7021 67.0
7022 67.0
7023 67.0
7024 67.0
7025 67.0
7026 67.0
7027 67.0
7028 67.0
7029 67.0
7030 67.0
7031 67.0
7032 67.0
7033 67.0
7034 67.0
7035 67.0
7036 67.0
7037 67.0
7038 67.0
7039 67.0
7040 67.0
7041 67.0
7042 67.0
7043 67.0
7044 67.0
7045 67.0
7046 67.0
7047 67.0
7048 67.0
7049 67.0
7050 67.0
7051 67.0
7052 67.0
7053 67.0
7054 67.0
7055 68.0
7056 68.0
7057 68.0
7058 68.0
7059 68.0
7060 68.0
7061 68.0
7062 68.0
7063 68.0
7064 68.0
7065 68.0
7066 68.0
7067 68.0
7068 68.0
7069 68.0
7070 68.0
7071 68.0
7072 68.0
7073 68.0
7074 68.0
7075 68.0
7076 68.0
7077 68.0
7078 68.0
7079 68.0
7080 68.0
7081 68.0
7082 68.0
7083 68.0
7084 68.0
7085 68.0
7086 68.0
7087 68.0
7088 68.0
7089 68.0
7090 68.0
7091 68.0
7092 68.0
7093 68.0
7094 68.0
7095 68.0
7096 68.0
7097 68.0
7098 68.0
7099 68.0
7100 68.0
7101 68.0
7102 68.0
7103 68.0
7104 68.0
7105 68.0
7106 68.0
7107 68.0
7108 68.0
7109 68.0
7110 68.0
7111 68.0
7112 68.0
7113 68.0
7114 68.0
7115 68.0
7116 68.0
7117 68.0
7118 68.0
7119 68.0
7120 68.0
7121 68.0
7122 68.0
7123 68.0
7124 68.0
7125 68.0
7126 68.0
7127 68.0
7128 68.0
7129 68.0
7130 68.0
7131 68.0
7132 68.0
7133 68.0
7134 68.0
7135 68.0
7136 68.0
7137 68.0
7138 68.0
7139 68.0
7140 68.0
7141 68.0
7142 68.0
7143 68.0
7144 68.0
7145 68.0
7146 68.0
7147 68.0
7148 68.0
7149 68.0
7150 68.0
7151 68.0
7152 68.0
7153 68.0
7154 68.0
7155 68.0
7156 68.0
7157 68.0
7158 68.0
7159 68.0
7160 68.0
7161 68.0
7162 68.0
7163 68.0
7164 68.0
7165 68.0
7166 68.0
7167 68.0
7168 68.0
7169 68.0
7170 68.0
7171 68.0
7172 68.0
7173 68.0
7174 68.0
7175 68.0
7176 68.0
7177 68.0
7178 68.0
7179 68.0
7180 68.0
7181 68.0
7182 68.0
7183 68.0
7184 68.0
7185 68.0
7186 68.0
7187 68.0
7188 68.0
7189 68.0
7190 68.0
7191 68.0
7192 68.0
7193 68.0
7194 68.0
7195 68.0
7196 68.0
7197 68.0
7198 68.0
7199 68.0
7200 68.0
7201 68.0
7202 68.0
7203 68.0
7204 68.0
7205 68.0
7206 68.0
7207 68.0
7208 68.0
7209 68.0
7210 68.0
7211 68.0
7212 68.0
7213 68.0
7214 68.0
7215 68.0
7216 68.0
7217 68.0
7218 68.0
7219 68.0
7220 68.0
7221 68.0
7222 68.0
7223 68.0
7224 68.0
7225 68.0
7226 68.0
7227 68.0
7228 68.0
7229 68.0
7230 68.0
7231 68.0
7232 68.0
7233 68.0
7234 68.0
7235 68.0
7236 68.0
7237 68.0
7238 68.0
7239 68.0
7240 68.0
7241 68.0
7242 68.0
7243 68.0
7244 68.0
7245 68.0
7246 68.0
7247 68.0
7248 68.0
7249 68.0
7250 68.0
7251 68.0
7252 68.0
7253 68.0
7254 68.0
7255 68.0
7256 68.0
7257 68.0
7258 68.0
7259 68.0
7260 68.0
7261 68.0
7262 68.0
7263 68.0
7264 68.0
7265 68.0
7266 68.0
7267 68.0
7268 68.0
7269 68.0
7270 68.0
7271 68.0
7272 68.0
7273 68.0
7274 68.0
7275 68.0
7276 68.0
7277 68.0
7278 68.0
7279 68.0
7280 68.0
7281 68.0
7282 68.0
7283 68.0
7284 68.0
7285 68.0
7286 68.0
7287 68.0
7288 68.0
7289 68.0
7290 68.0
7291 68.0
7292 68.0
7293 68.0
7294 68.0
7295 68.0
7296 68.0
7297 68.0
7298 68.0
7299 68.0
7300 68.0
7301 68.0
7302 68.0
7303 68.0
7304 68.0
7305 68.0
7306 68.0
7307 68.0
7308 68.0
7309 68.0
7310 68.0
7311 68.0
7312 68.0
7313 68.0
7314 68.0
7315 68.0
7316 68.0
7317 68.0
7318 68.0
7319 68.0
7320 68.0
7321 68.0
7322 68.0
7323 68.0
7324 68.0
7325 68.0
7326 68.0
7327 68.0
7328 68.0
7329 68.0
7330 68.0
7331 68.0
7332 68.0
7333 68.0
7334 68.0
7335 68.0
7336 68.0
7337 68.0
7338 68.0
7339 68.0
7340 68.0
7341 68.0
7342 68.0
7343 68.0
7344 68.0
7345 68.0
7346 68.0
7347 68.0
7348 68.0
7349 68.0
7350 68.0
7351 68.0
7352 68.0
7353 68.0
7354 68.0
7355 68.0
7356 68.0
7357 68.0
7358 68.0
7359 68.0
7360 68.0
7361 68.0
7362 68.0
7363 68.0
7364 68.0
7365 68.0
7366 68.0
7367 68.0
7368 68.0
7369 68.0
7370 68.0
7371 68.0
7372 68.0
7373 68.0
7374 68.0
7375 68.0
7376 68.0
7377 68.0
7378 68.0
7379 68.0
7380 68.0
7381 68.0
7382 68.0
7383 68.0
7384 68.0
7385 68.0
7386 68.0
7387 68.0
7388 68.0
7389 68.0
7390 68.0
7391 68.0
7392 68.0
7393 68.0
7394 68.0
7395 68.0
7396 68.0
7397 68.0
7398 68.0
7399 68.0
7400 68.0
7401 68.0
7402 68.0
7403 68.0
7404 68.0
7405 68.0
7406 68.0
7407 68.0
7408 68.0
7409 68.0
7410 68.0
7411 68.0
7412 68.0
7413 68.0
7414 68.0
7415 68.0
7416 68.0
7417 68.0
7418 68.0
7419 68.0
7420 68.0
7421 68.0
7422 68.0
7423 68.0
7424 68.0
7425 68.0
7426 68.0
7427 68.0
7428 68.0
7429 68.0
7430 68.0
7431 68.0
7432 68.0
7433 68.0
7434 68.0
7435 68.0
7436 68.0
7437 68.0
7438 68.0
7439 68.0
7440 68.0
7441 68.0
7442 68.0
7443 68.0
7444 68.0
7445 68.0
7446 68.0
7447 68.0
7448 68.0
7449 68.0
7450 68.0
7451 68.0
7452 68.0
7453 68.0
7454 68.0
7455 68.0
7456 68.0
7457 68.0
7458 68.0
7459 68.0
7460 68.0
7461 68.0
7462 68.0
7463 68.0
7464 68.0
7465 68.0
7466 68.0
7467 68.0
7468 68.0
7469 68.0
7470 68.0
7471 68.0
7472 68.0
7473 68.0
7474 68.0
7475 68.0
7476 68.0
7477 68.0
7478 68.0
7479 68.0
7480 68.0
7481 68.0
7482 68.0
7483 68.0
7484 68.0
7485 68.0
7486 68.0
7487 68.0
7488 68.0
7489 68.0
7490 68.0
7491 68.0
7492 68.0
7493 68.0
7494 68.0
7495 68.0
7496 68.0
7497 68.0
7498 68.0
7499 68.0
7500 68.0
7501 68.0
7502 68.0
7503 68.0
7504 68.0
7505 68.0
7506 68.0
7507 68.0
7508 68.0
7509 68.0
7510 68.0
7511 68.0
7512 68.0
7513 68.0
7514 68.0
7515 68.0
7516 68.0
7517 68.0
7518 68.0
7519 68.0
7520 68.0
7521 68.0
7522 68.0
7523 68.0
7524 68.0
7525 68.0
7526 68.0
7527 68.0
7528 68.0
7529 68.0
7530 68.0
7531 68.0
7532 68.0
7533 68.0
7534 68.0
7535 68.0
7536 68.0
7537 68.0
7538 68.0
7539 68.0
7540 68.0
7541 68.0
7542 68.0
7543 68.0
7544 68.0
7545 68.0
7546 68.0
7547 68.0
7548 68.0
7549 68.0
7550 68.0
7551 68.0
7552 68.0
7553 68.0
7554 68.0
7555 68.0
7556 68.0
7557 68.0
7558 68.0
7559 68.0
7560 68.0
7561 68.0
7562 68.0
7563 68.0
7564 68.0
7565 68.0
7566 68.0
7567 68.0
7568 68.0
7569 68.0
7570 68.0
7571 68.0
7572 68.0
7573 68.0
7574 68.0
7575 68.0
7576 68.0
7577 68.0
7578 68.0
7579 68.0
7580 68.0
7581 68.0
7582 68.0
7583 68.0
7584 68.0
7585 68.0
7586 68.0
7587 68.0
7588 68.0
7589 68.0
7590 68.0
7591 68.0
7592 68.0
7593 68.0
7594 68.0
7595 68.0
7596 68.0
7597 68.0
7598 68.0
7599 68.0
7600 68.0
7601 68.0
7602 68.0
7603 68.0
7604 68.0
7605 68.0
7606 68.0
7607 68.0
7608 68.0
7609 68.0
7610 68.0
7611 68.0
7612 68.0
7613 68.0
7614 68.0
7615 68.0
7616 68.0
7617 68.0
7618 68.0
7619 68.0
7620 68.0
7621 68.0
7622 68.0
7623 68.0
7624 68.0
7625 68.0
7626 68.0
7627 68.0
7628 68.0
7629 68.0
7630 68.0
7631 68.0
7632 68.0
7633 68.0
7634 68.0
7635 68.0
7636 68.0
7637 68.0
7638 68.0
7639 68.0
7640 68.0
7641 68.0
7642 68.0
7643 68.0
7644 68.0
7645 68.0
7646 68.0
7647 68.0
7648 68.0
7649 68.0
7650 68.0
7651 68.0
7652 68.0
7653 68.0
7654 68.0
7655 68.0
7656 68.0
7657 68.0
7658 68.0
7659 68.0
7660 68.0
7661 68.0
7662 68.0
7663 68.0
7664 68.0
7665 68.0
7666 68.0
7667 68.0
7668 68.0
7669 68.0
7670 68.0
7671 68.0
7672 68.0
7673 68.0
7674 68.0
7675 68.0
7676 68.0
7677 68.0
7678 68.0
7679 68.0
7680 68.0
7681 68.0
7682 68.0
7683 68.0
7684 68.0
7685 68.0
7686 68.0
7687 68.0
7688 68.0
7689 68.0
7690 68.0
7691 68.0
7692 68.0
7693 68.0
7694 68.0
7695 68.0
7696 68.0
7697 68.0
7698 68.0
7699 68.0
7700 68.0
7701 68.0
7702 68.0
7703 68.0
7704 68.0
7705 68.0
7706 68.0
7707 68.0
7708 68.0
7709 68.0
7710 68.0
7711 68.0
7712 68.0
7713 68.0
7714 68.0
7715 68.0
7716 68.0
7717 68.0
7718 68.0
7719 68.0
7720 68.0
7721 68.0
7722 68.0
7723 68.0
7724 68.0
7725 68.0
7726 68.0
7727 68.0
7728 68.0
7729 68.0
7730 68.0
7731 68.0
7732 68.0
7733 68.0
7734 68.0
7735 68.0
7736 68.0
7737 68.0
7738 68.0
7739 68.0
7740 68.0
7741 68.0
7742 68.0
7743 68.0
7744 68.0
7745 68.0
7746 68.0
7747 68.0
7748 68.0
7749 68.0
7750 68.0
7751 68.0
7752 68.0
7753 68.0
7754 68.0
7755 68.0
7756 68.0
7757 68.0
7758 68.0
7759 68.0
7760 68.0
7761 68.0
7762 68.0
7763 68.0
7764 68.0
7765 68.0
7766 68.0
7767 68.0
7768 68.0
7769 68.0
7770 68.0
7771 68.0
7772 68.0
7773 68.0
7774 68.0
7775 68.0
7776 68.0
7777 68.0
7778 68.0
7779 68.0
7780 68.0
7781 68.0
7782 68.0
7783 68.0
7784 68.0
7785 68.0
7786 68.0
7787 68.0
7788 68.0
7789 68.0
7790 68.0
7791 68.0
7792 68.0
7793 68.0
7794 68.0
7795 68.0
7796 68.0
7797 68.0
7798 68.0
7799 68.0
7800 68.0
7801 68.0
7802 68.0
7803 68.0
7804 68.0
7805 68.0
7806 68.0
7807 68.0
7808 68.0
7809 68.0
7810 68.0
7811 68.0
7812 68.0
7813 68.0
7814 68.0
7815 68.0
7816 68.0
7817 68.0
7818 68.0
7819 68.0
7820 68.0
7821 68.0
7822 68.0
7823 68.0
7824 68.0
7825 68.0
7826 68.0
7827 68.0
7828 68.0
7829 68.0
7830 68.0
7831 68.0
7832 68.0
7833 68.0
7834 68.0
7835 68.0
7836 68.0
7837 68.0
7838 68.0
7839 68.0
7840 68.0
7841 68.0
7842 68.0
7843 68.0
7844 68.0
7845 68.0
7846 68.0
7847 68.0
7848 68.0
7849 68.0
7850 68.0
7851 68.0
7852 68.0
7853 68.0
7854 68.0
7855 68.0
7856 68.0
7857 68.0
7858 68.0
7859 68.0
7860 68.0
7861 68.0
7862 68.0
7863 68.0
7864 68.0
7865 68.0
7866 68.0
7867 68.0
7868 68.0
7869 68.0
7870 68.0
7871 68.0
7872 68.0
7873 68.0
7874 68.0
7875 68.0
7876 68.0
7877 68.0
7878 68.0
7879 68.0
7880 68.0
7881 68.0
7882 68.0
7883 68.0
7884 68.0
7885 68.0
7886 68.0
7887 68.0
7888 68.0
7889 68.0
7890 68.0
7891 68.0
7892 68.0
7893 68.0
7894 68.0
7895 68.0
7896 68.0
7897 68.0
7898 68.0
7899 68.0
7900 68.0
7901 68.0
7902 68.0
7903 68.0
7904 68.0
7905 68.0
7906 68.0
7907 68.0
7908 68.0
7909 68.0
7910 68.0
7911 68.0
7912 68.0
7913 68.0
7914 68.0
7915 68.0
7916 68.0
7917 68.0
7918 68.0
7919 68.0
7920 68.0
7921 68.0
7922 68.0
7923 68.0
7924 68.0
7925 68.0
7926 68.0
7927 68.0
7928 68.0
7929 68.0
7930 68.0
7931 68.0
7932 68.0
7933 68.0
7934 68.0
7935 68.0
7936 68.0
7937 68.0
7938 68.0
7939 68.0
7940 68.0
7941 68.0
7942 68.0
7943 68.0
7944 68.0
7945 68.0
7946 68.0
7947 68.0
7948 68.0
7949 68.0
7950 68.0
7951 68.0
7952 68.0
7953 68.0
7954 68.0
7955 68.0
7956 68.0
7957 68.0
7958 68.0
7959 68.0
7960 68.0
7961 68.0
7962 68.0
7963 68.0
7964 68.0
7965 68.0
7966 68.0
7967 68.0
7968 68.0
7969 68.0
7970 68.0
7971 68.0
7972 68.0
7973 68.0
7974 68.0
7975 68.0
7976 68.0
7977 68.0
7978 68.0
7979 68.0
7980 68.0
7981 68.0
7982 68.0
7983 68.0
7984 68.0
7985 68.0
7986 68.0
7987 68.0
7988 68.0
7989 68.0
7990 68.0
7991 68.0
7992 68.0
7993 68.0
7994 68.0
7995 68.0
7996 68.0
7997 68.0
7998 68.0
7999 68.0
8000 68.0
8001 68.0
8002 68.0
8003 68.0
8004 68.0
8005 68.0
8006 68.0
8007 68.0
8008 68.0
8009 68.0
8010 68.0
8011 68.0
8012 68.0
8013 68.0
8014 68.0
8015 68.0
8016 68.0
8017 68.0
8018 68.0
8019 68.0
8020 68.0
8021 68.0
8022 68.0
8023 68.0
8024 68.0
8025 68.0
8026 68.0
8027 68.0
8028 68.0
8029 68.0
8030 68.0
8031 68.0
8032 68.0
8033 68.0
8034 68.0
8035 68.0
8036 68.0
8037 68.0
8038 68.0
8039 68.0
8040 68.0
8041 68.0
8042 68.0
8043 68.0
8044 68.0
8045 68.0
8046 68.0
8047 68.0
8048 68.0
8049 68.0
8050 68.0
8051 68.0
8052 68.0
8053 68.0
8054 68.0
8055 68.0
8056 68.0
8057 68.0
8058 68.0
8059 68.0
8060 68.0
8061 68.0
8062 68.0
8063 68.0
8064 68.0
8065 68.0
8066 68.0
8067 68.0
8068 68.0
8069 68.0
8070 68.0
8071 68.0
8072 68.0
8073 68.0
8074 68.0
8075 68.0
8076 68.0
8077 68.0
8078 68.0
8079 68.0
8080 68.0
8081 68.0
8082 68.0
8083 68.0
8084 68.0
8085 68.0
8086 68.0
8087 68.0
8088 68.0
8089 68.0
8090 68.0
8091 68.0
8092 68.0
8093 68.0
8094 68.0
8095 68.0
8096 68.0
8097 68.0
8098 68.0
8099 68.0
8100 68.0
8101 68.0
8102 68.0
8103 68.0
8104 68.0
8105 68.0
8106 68.0
8107 68.0
8108 68.0
8109 68.0
8110 68.0
8111 68.0
8112 68.0
8113 68.0
8114 68.0
8115 68.0
8116 68.0
8117 68.0
8118 68.0
8119 68.0
8120 68.0
8121 68.0
8122 68.0
8123 68.0
8124 68.0
8125 68.0
8126 68.0
8127 68.0
8128 68.0
8129 68.0
8130 68.0
8131 68.0
8132 68.0
8133 68.0
8134 68.0
8135 68.0
8136 68.0
8137 68.0
8138 68.0
8139 68.0
8140 68.0
8141 68.0
8142 68.0
8143 68.0
8144 68.0
8145 68.0
8146 68.0
8147 68.0
8148 68.0
8149 68.0
8150 68.0
8151 68.0
8152 68.0
8153 68.0
8154 68.0
8155 68.0
8156 68.0
8157 68.0
8158 68.0
8159 68.0
8160 68.0
8161 68.0
8162 68.0
8163 68.0
8164 68.0
8165 68.0
8166 68.0
8167 68.0
8168 68.0
8169 68.0
8170 68.0
8171 68.0
8172 68.0
8173 68.0
8174 68.0
8175 68.0
8176 68.0
8177 68.0
8178 68.0
8179 68.0
8180 68.0
8181 68.0
8182 68.0
8183 68.0
8184 68.0
8185 68.0
8186 68.0
8187 68.0
8188 68.0
8189 68.0
8190 68.0
8191 68.0
8192 68.0
8193 68.0
8194 68.0
8195 68.0
8196 68.0
8197 68.0
8198 68.0
8199 68.0
8200 68.0
8201 68.0
8202 68.0
8203 68.0
8204 68.0
8205 68.0
8206 68.0
8207 68.0
8208 68.0
8209 68.0
8210 68.0
8211 68.0
8212 68.0
8213 68.0
8214 68.0
8215 68.0
8216 68.0
8217 68.0
8218 68.0
8219 68.0
8220 68.0
8221 68.0
8222 68.0
8223 68.0
8224 68.0
8225 68.0
8226 68.0
8227 68.0
8228 68.0
8229 68.0
8230 68.0
8231 68.0
8232 68.0
8233 68.0
8234 68.0
8235 68.0
8236 68.0
8237 68.0
8238 68.0
8239 68.0
8240 68.0
8241 68.0
8242 68.0
8243 68.0
8244 68.0
8245 68.0
8246 68.0
8247 68.0
8248 68.0
8249 68.0
8250 68.0
8251 68.0
8252 68.0
8253 68.0
8254 68.0
8255 68.0
8256 68.0
8257 68.0
8258 68.0
8259 68.0
8260 68.0
8261 68.0
8262 68.0
8263 68.0
8264 68.0
8265 68.0
8266 68.0
8267 68.0
8268 68.0
8269 68.0
8270 68.0
8271 68.0
8272 68.0
8273 68.0
8274 68.0
8275 68.0
8276 68.0
8277 68.0
8278 68.0
8279 68.0
8280 68.0
8281 68.0
8282 68.0
8283 68.0
8284 68.0
8285 68.0
8286 68.0
8287 68.0
8288 68.0
8289 68.0
8290 68.0
8291 68.0
8292 68.0
8293 68.0
8294 68.0
8295 68.0
8296 68.0
8297 68.0
8298 68.0
8299 68.0
8300 68.0
8301 68.0
8302 68.0
8303 68.0
8304 68.0
8305 68.0
8306 68.0
8307 68.0
8308 68.0
8309 68.0
8310 68.0
8311 68.0
8312 68.0
8313 68.0
8314 68.0
8315 68.0
8316 68.0
8317 68.0
8318 68.0
8319 68.0
8320 68.0
8321 68.0
8322 68.0
8323 68.0
8324 68.0
8325 68.0
8326 68.0
8327 68.0
8328 68.0
8329 68.0
8330 68.0
8331 68.0
8332 68.0
8333 68.0
8334 68.0
8335 68.0
8336 68.0
8337 68.0
8338 68.0
8339 68.0
8340 68.0
8341 68.0
8342 68.0
8343 68.0
8344 68.0
8345 68.0
8346 68.0
8347 68.0
8348 68.0
8349 68.0
8350 68.0
8351 68.0
8352 68.0
8353 68.0
8354 68.0
8355 68.0
8356 68.0
8357 68.0
8358 68.0
8359 68.0
8360 68.0
8361 68.0
8362 68.0
8363 68.0
8364 68.0
8365 68.0
8366 68.0
8367 68.0
8368 68.0
8369 68.0
8370 68.0
8371 68.0
8372 68.0
8373 68.0
8374 68.0
8375 68.0
8376 68.0
8377 68.0
8378 68.0
8379 68.0
8380 68.0
8381 68.0
8382 68.0
8383 68.0
8384 68.0
8385 68.0
8386 68.0
8387 68.0
8388 68.0
8389 68.0
8390 68.0
8391 68.0
8392 68.0
8393 68.0
8394 68.0
8395 68.0
8396 68.0
8397 68.0
8398 68.0
8399 68.0
8400 68.0
8401 68.0
8402 68.0
8403 68.0
8404 68.0
8405 68.0
8406 68.0
8407 68.0
8408 68.0
8409 68.0
8410 68.0
8411 68.0
8412 68.0
8413 68.0
8414 68.0
8415 68.0
8416 68.0
8417 68.0
8418 68.0
8419 68.0
8420 68.0
8421 68.0
8422 68.0
8423 68.0
8424 68.0
8425 68.0
8426 68.0
8427 68.0
8428 68.0
8429 68.0
8430 68.0
8431 68.0
8432 68.0
8433 68.0
8434 68.0
8435 68.0
8436 68.0
8437 68.0
8438 68.0
8439 68.0
8440 68.0
8441 68.0
8442 68.0
8443 68.0
8444 68.0
8445 68.0
8446 68.0
8447 68.0
8448 68.0
8449 68.0
8450 68.0
8451 68.0
8452 68.0
8453 68.0
8454 68.0
8455 68.0
8456 68.0
8457 68.0
8458 68.0
8459 68.0
8460 68.0
8461 68.0
8462 68.0
8463 68.0
8464 68.0
8465 68.0
8466 68.0
8467 68.0
8468 68.0
8469 68.0
8470 68.0
8471 68.0
8472 68.0
8473 68.0
8474 68.0
8475 68.0
8476 68.0
8477 68.0
8478 68.0
8479 68.0
8480 68.0
8481 68.0
8482 68.0
8483 68.0
8484 68.0
8485 68.0
8486 68.0
8487 68.0
8488 68.0
8489 68.0
8490 68.0
8491 68.0
8492 68.0
8493 68.0
8494 68.0
8495 68.0
8496 68.0
8497 68.0
8498 68.0
8499 68.0
8500 68.0
8501 68.0
8502 68.0
8503 68.0
8504 68.0
8505 68.0
8506 68.0
8507 68.0
8508 68.0
8509 68.0
8510 68.0
8511 68.0
8512 68.0
8513 68.0
8514 68.0
8515 68.0
8516 68.0
8517 68.0
8518 68.0
8519 68.0
8520 68.0
8521 68.0
8522 68.0
8523 68.0
8524 68.0
8525 68.0
8526 68.0
8527 68.0
8528 68.0
8529 68.0
8530 68.0
8531 68.0
8532 68.0
8533 68.0
8534 68.0
8535 68.0
8536 68.0
8537 68.0
8538 68.0
8539 68.0
8540 68.0
8541 68.0
8542 68.0
8543 68.0
8544 68.0
8545 68.0
8546 68.0
8547 68.0
8548 68.0
8549 68.0
8550 68.0
8551 68.0
8552 68.0
8553 68.0
8554 68.0
8555 68.0
8556 68.0
8557 68.0
8558 68.0
8559 68.0
8560 68.0
8561 68.0
8562 68.0
8563 68.0
8564 68.0
8565 68.0
8566 68.0
8567 68.0
8568 68.0
8569 68.0
8570 68.0
8571 68.0
8572 68.0
8573 68.0
8574 68.0
8575 68.0
8576 68.0
8577 68.0
8578 68.0
8579 68.0
8580 68.0
8581 68.0
8582 68.0
8583 68.0
8584 68.0
8585 68.0
8586 68.0
8587 68.0
8588 68.0
8589 68.0
8590 68.0
8591 68.0
8592 68.0
8593 68.0
8594 68.0
8595 68.0
8596 68.0
8597 68.0
8598 68.0
8599 68.0
8600 68.0
8601 68.0
8602 68.0
8603 68.0
8604 68.0
8605 68.0
8606 68.0
8607 68.0
8608 68.0
8609 68.0
8610 68.0
8611 68.0
8612 68.0
8613 68.0
8614 68.0
8615 68.0
8616 68.0
8617 68.0
8618 68.0
8619 68.0
8620 68.0
8621 68.0
8622 68.0
8623 68.0
8624 68.0
8625 68.0
8626 68.0
8627 68.0
8628 68.0
8629 68.0
8630 68.0
8631 68.0
8632 68.0
8633 68.0
8634 68.0
8635 68.0
8636 68.0
8637 68.0
8638 68.0
8639 68.0
8640 68.0
8641 68.0
8642 68.0
8643 68.0
8644 68.0
8645 68.0
8646 68.0
8647 68.0
8648 68.0
8649 68.0
8650 68.0
8651 68.0
8652 68.0
8653 68.0
8654 68.0
8655 68.0
8656 68.0
8657 68.0
8658 68.0
8659 68.0
8660 68.0
8661 68.0
8662 68.0
8663 68.0
8664 68.0
8665 68.0
8666 68.0
8667 68.0
8668 68.0
8669 68.0
8670 68.0
8671 68.0
8672 68.0
8673 68.0
8674 68.0
8675 68.0
8676 68.0
8677 68.0
8678 68.0
8679 68.0
8680 68.0
8681 68.0
8682 68.0
8683 68.0
8684 68.0
8685 68.0
8686 68.0
8687 68.0
8688 68.0
8689 68.0
8690 68.0
8691 68.0
8692 68.0
8693 68.0
8694 68.0
8695 68.0
8696 68.0
8697 68.0
8698 68.0
8699 68.0
8700 68.0
8701 68.0
8702 68.0
8703 68.0
8704 68.0
8705 68.0
8706 68.0
8707 68.0
8708 68.0
8709 68.0
8710 68.0
8711 68.0
8712 68.0
8713 68.0
8714 68.0
8715 68.0
8716 68.0
8717 68.0
8718 68.0
8719 68.0
8720 68.0
8721 68.0
8722 68.0
8723 68.0
8724 68.0
8725 68.0
8726 68.0
8727 68.0
8728 68.0
8729 68.0
8730 68.0
8731 68.0
8732 68.0
8733 68.0
8734 68.0
8735 68.0
8736 68.0
8737 68.0
8738 68.0
8739 68.0
8740 68.0
8741 68.0
8742 68.0
8743 68.0
8744 68.0
8745 68.0
8746 68.0
8747 68.0
8748 68.0
8749 68.0
8750 68.0
8751 68.0
8752 68.0
8753 68.0
8754 68.0
8755 68.0
8756 68.0
8757 68.0
8758 68.0
8759 68.0
8760 68.0
8761 68.0
8762 68.0
8763 68.0
8764 68.0
8765 68.0
8766 68.0
8767 68.0
8768 68.0
8769 68.0
8770 68.0
8771 68.0
8772 68.0
8773 68.0
8774 68.0
8775 68.0
8776 68.0
8777 68.0
8778 68.0
8779 68.0
8780 68.0
8781 68.0
8782 68.0
8783 68.0
8784 68.0
8785 68.0
8786 68.0
8787 68.0
8788 68.0
8789 68.0
8790 68.0
8791 68.0
8792 68.0
8793 68.0
8794 68.0
8795 68.0
8796 68.0
8797 68.0
8798 68.0
8799 68.0
8800 68.0
8801 68.0
8802 68.0
8803 68.0
8804 68.0
8805 68.0
8806 68.0
8807 68.0
8808 68.0
8809 68.0
8810 68.0
8811 68.0
8812 68.0
8813 68.0
8814 68.0
8815 68.0
8816 68.0
8817 68.0
8818 68.0
8819 68.0
8820 68.0
8821 68.0
8822 68.0
8823 68.0
8824 68.0
8825 68.0
8826 68.0
8827 68.0
8828 68.0
8829 68.0
8830 68.0
8831 68.0
8832 68.0
8833 68.0
8834 68.0
8835 68.0
8836 68.0
8837 68.0
8838 68.0
8839 68.0
8840 68.0
8841 68.0
8842 68.0
8843 68.0
8844 68.0
8845 68.0
8846 68.0
8847 68.0
8848 68.0
8849 68.0
8850 68.0
8851 68.0
8852 68.0
8853 68.0
8854 68.0
8855 68.0
8856 68.0
8857 68.0
8858 68.0
8859 68.0
8860 68.0
8861 68.0
8862 68.0
8863 68.0
8864 68.0
8865 68.0
8866 68.0
8867 68.0
8868 68.0
8869 68.0
8870 68.0
8871 68.0
8872 68.0
8873 68.0
8874 68.0
8875 68.0
8876 68.0
8877 68.0
8878 68.0
8879 68.0
8880 68.0
8881 68.0
8882 68.0
8883 68.0
8884 68.0
8885 68.0
8886 68.0
8887 68.0
8888 68.0
8889 68.0
8890 68.0
8891 68.0
8892 68.0
8893 68.0
8894 68.0
8895 68.0
8896 68.0
8897 68.0
8898 68.0
8899 68.0
8900 68.0
8901 68.0
8902 68.0
8903 68.0
8904 68.0
8905 68.0
8906 68.0
8907 68.0
8908 68.0
8909 68.0
8910 68.0
8911 68.0
8912 68.0
8913 68.0
8914 68.0
8915 68.0
8916 68.0
8917 68.0
8918 68.0
8919 68.0
8920 68.0
8921 68.0
8922 68.0
8923 68.0
8924 68.0
8925 68.0
8926 68.0
8927 68.0
8928 68.0
8929 68.0
8930 68.0
8931 68.0
8932 68.0
8933 68.0
8934 68.0
8935 68.0
8936 68.0
8937 68.0
8938 68.0
8939 68.0
8940 68.0
8941 68.0
8942 68.0
8943 68.0
8944 68.0
8945 68.0
8946 68.0
8947 68.0
8948 68.0
8949 68.0
8950 68.0
8951 68.0
8952 68.0
8953 68.0
8954 68.0
8955 68.0
8956 68.0
8957 68.0
8958 68.0
8959 68.0
8960 68.0
8961 68.0
8962 68.0
8963 68.0
8964 68.0
8965 68.0
8966 68.0
8967 68.0
8968 68.0
8969 68.0
8970 68.0
8971 68.0
8972 68.0
8973 68.0
8974 68.0
8975 68.0
8976 68.0
8977 68.0
8978 68.0
8979 68.0
8980 68.0
8981 68.0
8982 68.0
8983 68.0
8984 68.0
8985 68.0
8986 68.0
8987 68.0
8988 68.0
8989 68.0
8990 68.0
8991 68.0
8992 68.0
8993 68.0
8994 68.0
8995 68.0
8996 68.0
8997 68.0
8998 68.0
8999 68.0
9000 68.0
9001 68.0
9002 68.0
9003 68.0
9004 68.0
9005 68.0
9006 68.0
9007 68.0
9008 68.0
9009 68.0
9010 68.0
9011 68.0
9012 68.0
9013 68.0
9014 68.0
9015 68.0
9016 68.0
9017 68.0
9018 68.0
9019 68.0
9020 68.0
9021 68.0
9022 68.0
9023 68.0
9024 68.0
9025 68.0
9026 68.0
9027 68.0
9028 68.0
9029 68.0
9030 68.0
9031 68.0
9032 68.0
9033 68.0
9034 68.0
9035 68.0
9036 68.0
9037 68.0
9038 68.0
9039 68.0
9040 68.0
9041 68.0
9042 68.0
9043 68.0
9044 68.0
9045 68.0
9046 68.0
9047 68.0
9048 68.0
9049 68.0
9050 68.0
9051 68.0
9052 68.0
9053 68.0
9054 68.0
9055 68.0
9056 68.0
9057 68.0
9058 68.0
9059 68.0
9060 68.0
9061 68.0
9062 68.0
9063 68.0
9064 68.0
9065 68.0
9066 68.0
9067 68.0
9068 68.0
9069 68.0
9070 68.0
9071 68.0
9072 68.0
9073 68.0
9074 68.0
9075 68.0
9076 68.0
9077 68.0
9078 68.0
9079 68.0
9080 68.0
9081 68.0
9082 68.0
9083 68.0
9084 68.0
9085 68.0
9086 68.0
9087 68.0
9088 68.0
9089 68.0
9090 68.0
9091 68.0
9092 68.0
9093 68.0
9094 68.0
9095 68.0
9096 68.0
9097 68.0
9098 68.0
9099 68.0
9100 68.0
9101 68.0
9102 68.0
9103 68.0
9104 68.0
9105 68.0
9106 68.0
9107 68.0
9108 68.0
9109 68.0
9110 68.0
9111 68.0
9112 68.0
9113 68.0
9114 68.0
9115 68.0
9116 68.0
9117 68.0
9118 68.0
9119 68.0
9120 68.0
9121 68.0
9122 68.0
9123 68.0
9124 68.0
9125 68.0
9126 68.0
9127 68.0
9128 68.0
9129 68.0
9130 68.0
9131 68.0
9132 68.0
9133 68.0
9134 68.0
9135 68.0
9136 68.0
9137 68.0
9138 68.0
9139 68.0
9140 68.0
9141 68.0
9142 68.0
9143 68.0
9144 68.0
9145 68.0
9146 68.0
9147 68.0
9148 68.0
9149 68.0
9150 68.0
9151 68.0
9152 68.0
9153 68.0
9154 68.0
9155 68.0
9156 68.0
9157 68.0
9158 68.0
9159 68.0
9160 68.0
9161 68.0
9162 68.0
9163 68.0
9164 68.0
9165 68.0
9166 68.0
9167 68.0
9168 68.0
9169 68.0
9170 68.0
9171 68.0
9172 68.0
9173 68.0
9174 68.0
9175 68.0
9176 68.0
9177 68.0
9178 68.0
9179 68.0
9180 68.0
9181 68.0
9182 68.0
9183 68.0
9184 68.0
9185 68.0
9186 68.0
9187 68.0
9188 68.0
9189 68.0
9190 68.0
9191 68.0
9192 68.0
9193 68.0
9194 68.0
9195 68.0
9196 68.0
9197 68.0
9198 68.0
9199 68.0
9200 68.0
9201 68.0
9202 68.0
9203 68.0
9204 68.0
9205 68.0
9206 68.0
9207 68.0
9208 68.0
9209 68.0
9210 68.0
9211 68.0
9212 68.0
9213 68.0
9214 68.0
9215 68.0
9216 68.0
9217 68.0
9218 68.0
9219 68.0
9220 68.0
9221 68.0
9222 68.0
9223 68.0
9224 68.0
9225 68.0
9226 68.0
9227 68.0
9228 68.0
9229 68.0
9230 68.0
9231 68.0
9232 68.0
9233 68.0
9234 68.0
9235 68.0
9236 68.0
9237 68.0
9238 68.0
9239 68.0
9240 68.0
9241 68.0
9242 68.0
9243 68.0
9244 68.0
9245 68.0
9246 68.0
9247 68.0
9248 68.0
9249 68.0
9250 68.0
9251 68.0
9252 68.0
9253 68.0
9254 68.0
9255 68.0
9256 68.0
9257 68.0
9258 68.0
9259 68.0
9260 68.0
9261 68.0
9262 68.0
9263 68.0
9264 68.0
9265 68.0
9266 68.0
9267 68.0
9268 68.0
9269 68.0
9270 68.0
9271 68.0
9272 68.0
9273 68.0
9274 68.0
9275 68.0
9276 68.0
9277 68.0
9278 68.0
9279 68.0
9280 68.0
9281 68.0
9282 68.0
9283 68.0
9284 68.0
9285 68.0
9286 68.0
9287 68.0
9288 68.0
9289 68.0
9290 68.0
9291 68.0
9292 68.0
9293 68.0
9294 68.0
9295 68.0
9296 68.0
9297 68.0
9298 68.0
9299 68.0
9300 68.0
9301 68.0
9302 68.0
9303 68.0
9304 68.0
9305 68.0
9306 68.0
9307 68.0
9308 68.0
9309 68.0
9310 68.0
9311 68.0
9312 68.0
9313 68.0
9314 68.0
9315 68.0
9316 68.0
9317 68.0
9318 68.0
9319 68.0
9320 68.0
9321 68.0
9322 68.0
9323 68.0
9324 68.0
9325 68.0
9326 68.0
9327 68.0
9328 68.0
9329 68.0
9330 68.0
9331 68.0
9332 68.0
9333 68.0
9334 68.0
9335 68.0
9336 68.0
9337 68.0
9338 68.0
9339 68.0
9340 68.0
9341 68.0
9342 68.0
9343 68.0
9344 68.0
9345 68.0
9346 68.0
9347 68.0
9348 68.0
9349 68.0
9350 68.0
9351 68.0
9352 68.0
9353 68.0
9354 68.0
9355 68.0
9356 68.0
9357 68.0
9358 68.0
9359 68.0
9360 68.0
9361 68.0
9362 68.0
9363 68.0
9364 68.0
9365 68.0
9366 68.0
9367 68.0
9368 68.0
9369 68.0
9370 68.0
9371 68.0
9372 68.0
9373 68.0
9374 68.0
9375 68.0
9376 68.0
9377 68.0
9378 68.0
9379 68.0
9380 68.0
9381 68.0
9382 68.0
9383 68.0
9384 68.0
9385 68.0
9386 68.0
9387 68.0
9388 68.0
9389 68.0
9390 68.0
9391 68.0
9392 68.0
9393 68.0
9394 68.0
9395 68.0
9396 68.0
9397 68.0
9398 68.0
9399 68.0
9400 68.0
9401 68.0
9402 68.0
9403 68.0
9404 68.0
9405 68.0
9406 68.0
9407 68.0
9408 68.0
9409 68.0
9410 68.0
9411 68.0
9412 68.0
9413 68.0
9414 68.0
9415 68.0
9416 68.0
9417 68.0
9418 68.0
9419 68.0
9420 68.0
9421 68.0
9422 68.0
9423 68.0
9424 68.0
9425 68.0
9426 68.0
9427 68.0
9428 68.0
9429 68.0
9430 68.0
9431 68.0
9432 68.0
9433 68.0
9434 68.0
9435 68.0
9436 68.0
9437 68.0
9438 68.0
9439 68.0
9440 68.0
9441 68.0
9442 68.0
9443 68.0
9444 68.0
9445 68.0
9446 68.0
9447 68.0
9448 68.0
9449 68.0
9450 68.0
9451 68.0
9452 68.0
9453 68.0
9454 68.0
9455 68.0
9456 68.0
9457 68.0
9458 68.0
9459 68.0
9460 68.0
9461 68.0
9462 68.0
9463 68.0
9464 68.0
9465 68.0
9466 68.0
9467 68.0
9468 68.0
9469 68.0
9470 68.0
9471 68.0
9472 68.0
9473 68.0
9474 68.0
9475 68.0
9476 68.0
9477 68.0
9478 68.0
9479 68.0
9480 68.0
9481 68.0
9482 68.0
9483 68.0
9484 68.0
9485 68.0
9486 68.0
9487 68.0
9488 68.0
9489 68.0
9490 68.0
9491 68.0
9492 68.0
9493 68.0
9494 68.0
9495 68.0
9496 68.0
9497 68.0
9498 68.0
9499 68.0
9500 68.0
9501 68.0
9502 68.0
9503 68.0
9504 68.0
9505 68.0
9506 68.0
9507 68.0
9508 68.0
9509 68.0
9510 68.0
9511 68.0
9512 68.0
9513 68.0
9514 68.0
9515 68.0
9516 68.0
9517 68.0
9518 68.0
9519 68.0
9520 68.0
9521 68.0
9522 68.0
9523 68.0
9524 68.0
9525 68.0
9526 68.0
9527 68.0
9528 68.0
9529 68.0
9530 68.0
9531 68.0
9532 68.0
9533 68.0
9534 68.0
9535 68.0
9536 68.0
9537 68.0
9538 68.0
9539 68.0
9540 68.0
9541 68.0
9542 68.0
9543 68.0
9544 68.0
9545 68.0
9546 68.0
9547 68.0
9548 68.0
9549 68.0
9550 68.0
9551 68.0
9552 68.0
9553 68.0
9554 68.0
9555 68.0
9556 68.0
9557 68.0
9558 68.0
9559 68.0
9560 68.0
9561 68.0
9562 68.0
9563 68.0
9564 68.0
9565 68.0
9566 68.0
9567 68.0
9568 68.0
9569 68.0
9570 68.0
9571 68.0
9572 68.0
9573 68.0
9574 68.0
9575 68.0
9576 68.0
9577 68.0
9578 68.0
9579 68.0
9580 68.0
9581 68.0
9582 68.0
9583 68.0
9584 68.0
9585 68.0
9586 68.0
9587 68.0
9588 68.0
9589 68.0
9590 68.0
9591 68.0
9592 68.0
9593 68.0
9594 68.0
9595 68.0
9596 68.0
9597 68.0
9598 68.0
9599 68.0
9600 68.0
9601 68.0
9602 68.0
9603 68.0
9604 68.0
9605 68.0
9606 68.0
9607 68.0
9608 68.0
9609 68.0
9610 68.0
9611 68.0
9612 68.0
9613 68.0
9614 68.0
9615 68.0
9616 68.0
9617 68.0
9618 68.0
9619 68.0
9620 68.0
9621 68.0
9622 68.0
9623 68.0
9624 68.0
9625 68.0
9626 68.0
9627 68.0
9628 68.0
9629 68.0
9630 68.0
9631 68.0
9632 68.0
9633 68.0
9634 68.0
9635 68.0
9636 68.0
9637 68.0
9638 68.0
9639 68.0
9640 68.0
9641 68.0
9642 68.0
9643 68.0
9644 68.0
9645 68.0
9646 68.0
9647 68.0
9648 68.0
9649 68.0
9650 68.0
9651 68.0
9652 68.0
9653 68.0
9654 68.0
9655 68.0
9656 68.0
9657 68.0
9658 68.0
9659 68.0
9660 68.0
9661 68.0
9662 68.0
9663 68.0
9664 68.0
9665 68.0
9666 68.0
9667 68.0
9668 68.0
9669 68.0
9670 68.0
9671 68.0
9672 68.0
9673 68.0
9674 68.0
9675 68.0
9676 68.0
9677 68.0
9678 68.0
9679 68.0
9680 68.0
9681 68.0
9682 68.0
9683 68.0
9684 68.0
9685 68.0
9686 68.0
9687 68.0
9688 68.0
9689 68.0
9690 68.0
9691 68.0
9692 68.0
9693 68.0
9694 68.0
9695 68.0
9696 68.0
9697 68.0
9698 68.0
9699 68.0
9700 68.0
9701 68.0
9702 68.0
9703 68.0
9704 68.0
9705 68.0
9706 68.0
9707 68.0
9708 68.0
9709 68.0
9710 68.0
9711 68.0
9712 68.0
9713 68.0
9714 68.0
9715 68.0
9716 68.0
9717 68.0
9718 68.0
9719 68.0
9720 68.0
9721 68.0
9722 68.0
9723 68.0
9724 68.0
9725 68.0
9726 68.0
9727 68.0
9728 68.0
9729 68.0
9730 68.0
9731 68.0
9732 68.0
9733 68.0
9734 68.0
9735 68.0
9736 68.0
9737 68.0
9738 68.0
9739 68.0
9740 68.0
9741 68.0
9742 68.0
9743 68.0
9744 68.0
9745 68.0
9746 68.0
9747 68.0
9748 68.0
9749 68.0
9750 68.0
9751 68.0
9752 68.0
9753 68.0
9754 68.0
9755 68.0
9756 68.0
9757 68.0
9758 68.0
9759 68.0
9760 68.0
9761 68.0
9762 68.0
9763 68.0
9764 68.0
9765 68.0
9766 68.0
9767 68.0
9768 68.0
9769 68.0
9770 68.0
9771 68.0
9772 68.0
9773 68.0
9774 68.0
9775 68.0
9776 68.0
9777 68.0
9778 68.0
9779 68.0
9780 68.0
9781 68.0
9782 68.0
9783 68.0
9784 68.0
9785 68.0
9786 68.0
9787 68.0
9788 68.0
9789 68.0
9790 68.0
9791 68.0
9792 68.0
9793 68.0
9794 68.0
9795 68.0
9796 68.0
9797 68.0
9798 68.0
9799 68.0
9800 68.0
9801 68.0
9802 68.0
9803 68.0
9804 68.0
9805 68.0
9806 68.0
9807 68.0
9808 68.0
9809 68.0
9810 68.0
9811 68.0
9812 68.0
9813 68.0
9814 68.0
9815 68.0
9816 68.0
9817 68.0
9818 68.0
9819 68.0
9820 68.0
9821 68.0
9822 68.0
9823 68.0
9824 68.0
9825 68.0
9826 68.0
9827 68.0
9828 68.0
9829 68.0
9830 68.0
9831 68.0
9832 68.0
9833 68.0
9834 68.0
9835 68.0
9836 68.0
9837 68.0
9838 68.0
9839 68.0
9840 68.0
9841 68.0
9842 68.0
9843 68.0
9844 68.0
9845 68.0
9846 68.0
9847 68.0
9848 68.0
9849 68.0
9850 68.0
9851 68.0
9852 68.0
9853 68.0
9854 68.0
9855 68.0
9856 68.0
9857 68.0
9858 68.0
9859 68.0
9860 68.0
9861 68.0
9862 68.0
9863 68.0
9864 68.0
9865 68.0
9866 68.0
9867 68.0
9868 68.0
9869 68.0
9870 68.0
9871 68.0
9872 68.0
9873 68.0
9874 68.0
9875 68.0
9876 68.0
9877 68.0
9878 68.0
9879 68.0
9880 68.0
9881 68.0
9882 68.0
9883 68.0
9884 68.0
9885 68.0
9886 68.0
9887 68.0
9888 68.0
9889 68.0
9890 68.0
9891 68.0
9892 68.0
9893 68.0
9894 68.0
9895 68.0
9896 68.0
9897 68.0
9898 68.0
9899 68.0
9900 68.0
9901 68.0
9902 68.0
9903 68.0
9904 68.0
9905 68.0
9906 68.0
9907 68.0
9908 68.0
9909 68.0
9910 68.0
9911 68.0
9912 68.0
9913 68.0
9914 68.0
9915 68.0
9916 68.0
9917 68.0
9918 68.0
9919 68.0
9920 68.0
9921 68.0
9922 68.0
9923 68.0
9924 68.0
9925 68.0
9926 68.0
9927 68.0
9928 68.0
9929 68.0
9930 68.0
9931 68.0
9932 68.0
9933 68.0
9934 68.0
9935 68.0
9936 68.0
9937 68.0
9938 68.0
9939 68.0
9940 68.0
9941 68.0
9942 68.0
9943 68.0
9944 68.0
9945 68.0
9946 68.0
9947 68.0
9948 68.0
9949 68.0
9950 68.0
9951 68.0
9952 68.0
9953 68.0
9954 68.0
9955 68.0
9956 68.0
9957 68.0
9958 68.0
9959 68.0
9960 68.0
9961 68.0
9962 68.0
9963 68.0
9964 68.0
9965 68.0
9966 68.0
9967 68.0
9968 68.0
9969 68.0
9970 68.0
9971 68.0
9972 68.0
9973 68.0
9974 68.0
9975 68.0
9976 68.0
9977 68.0
9978 68.0
9979 68.0
9980 68.0
9981 68.0
9982 68.0
9983 68.0
9984 68.0
9985 68.0
9986 68.0
9987 68.0
9988 68.0
9989 68.0
9990 68.0
9991 68.0
9992 68.0
9993 68.0
9994 68.0
9995 68.0
9996 68.0
9997 68.0
9998 68.0
9999 68.0
10000 68.0
