evaluations raw_y
1 -364.0000000000
2 -363.0000000000
3 -362.0000000000
4 -361.0000000000
6 -360.0000000000
7 -359.0000000000
9 -358.0000000000
11 -357.0000000000
13 -356.0000000000
14 -355.0000000000
21 -354.0000000000
23 -353.0000000000
25 -352.0000000000
26 -351.0000000000
27 -350.0000000000
30 -349.0000000000
33 -348.0000000000
35 -347.0000000000
36 -346.0000000000
42 -345.0000000000
55 -344.0000000000
67 -343.0000000000
68 -342.0000000000
69 -341.0000000000
70 -340.0000000000
71 -339.0000000000
77 -338.0000000000
79 -337.0000000000
80 -336.0000000000
82 -335.0000000000
84 -334.0000000000
86 -333.0000000000
87 -332.0000000000
88 -331.0000000000
89 -330.0000000000
90 -329.0000000000
93 -328.0000000000
94 -327.0000000000
101 -326.0000000000
102 -325.0000000000
107 -324.0000000000
109 -323.0000000000
111 -322.0000000000
114 -321.0000000000
115 -320.0000000000
117 -319.0000000000
118 -318.0000000000
120 -317.0000000000
121 -316.0000000000
123 -315.0000000000
127 -314.0000000000
130 -313.0000000000
139 -312.0000000000
144 -311.0000000000
147 -310.0000000000
148 -309.0000000000
149 -308.0000000000
150 -307.0000000000
151 -306.0000000000
153 -305.0000000000
156 -304.0000000000
157 -303.0000000000
164 -302.0000000000
165 -301.0000000000
166 -300.0000000000
168 -299.0000000000
169 -298.0000000000
174 -297.0000000000
175 -296.0000000000
176 -295.0000000000
178 -294.0000000000
180 -293.0000000000
185 -292.0000000000
186 -291.0000000000
188 -290.0000000000
190 -289.0000000000
195 -288.0000000000
197 -287.0000000000
201 -286.0000000000
204 -285.0000000000
205 -284.0000000000
208 -283.0000000000
212 -282.0000000000
213 -281.0000000000
215 -280.0000000000
216 -279.0000000000
218 -278.0000000000
219 -277.0000000000
222 -276.0000000000
224 -275.0000000000
230 -274.0000000000
231 -273.0000000000
233 -272.0000000000
239 -271.0000000000
241 -270.0000000000
242 -269.0000000000
245 -268.0000000000
248 -267.0000000000
251 -266.0000000000
257 -265.0000000000
258 -264.0000000000
261 -263.0000000000
262 -262.0000000000
263 -261.0000000000
264 -260.0000000000
265 -259.0000000000
266 -258.0000000000
268 -257.0000000000
269 -256.0000000000
271 -255.0000000000
272 -254.0000000000
273 -253.0000000000
274 -252.0000000000
281 -251.0000000000
282 -250.0000000000
284 -249.0000000000
286 -248.0000000000
288 -247.0000000000
290 -246.0000000000
291 -245.0000000000
297 -244.0000000000
298 -243.0000000000
299 -242.0000000000
300 -241.0000000000
301 -240.0000000000
304 -239.0000000000
314 -238.0000000000
315 -237.0000000000
316 -236.0000000000
317 -235.0000000000
318 -234.0000000000
322 -233.0000000000
326 -232.0000000000
327 -231.0000000000
338 -230.0000000000
340 -229.0000000000
342 -228.0000000000
343 -227.0000000000
348 -226.0000000000
351 -225.0000000000
354 -224.0000000000
357 -223.0000000000
366 -222.0000000000
369 -221.0000000000
372 -220.0000000000
373 -219.0000000000
374 -218.0000000000
376 -217.0000000000
378 -216.0000000000
379 -215.0000000000
383 -214.0000000000
386 -213.0000000000
389 -212.0000000000
390 -211.0000000000
398 -210.0000000000
403 -209.0000000000
408 -208.0000000000
414 -207.0000000000
415 -206.0000000000
416 -205.0000000000
418 -204.0000000000
427 -203.0000000000
437 -202.0000000000
444 -201.0000000000
445 -200.0000000000
447 -199.0000000000
467 -198.0000000000
471 -197.0000000000
472 -196.0000000000
473 -195.0000000000
476 -194.0000000000
477 -193.0000000000
483 -192.0000000000
487 -191.0000000000
490 -190.0000000000
491 -189.0000000000
493 -188.0000000000
497 -187.0000000000
502 -186.0000000000
505 -185.0000000000
509 -184.0000000000
510 -183.0000000000
511 -182.0000000000
519 -181.0000000000
523 -180.0000000000
527 -179.0000000000
532 -178.0000000000
540 -177.0000000000
555 -176.0000000000
556 -175.0000000000
561 -174.0000000000
562 -173.0000000000
563 -172.0000000000
564 -171.0000000000
566 -170.0000000000
582 -169.0000000000
583 -168.0000000000
585 -167.0000000000
586 -166.0000000000
595 -165.0000000000
597 -164.0000000000
604 -163.0000000000
608 -162.0000000000
609 -161.0000000000
614 -160.0000000000
625 -159.0000000000
626 -158.0000000000
634 -157.0000000000
640 -156.0000000000
643 -155.0000000000
649 -154.0000000000
650 -153.0000000000
653 -152.0000000000
660 -151.0000000000
664 -150.0000000000
665 -149.0000000000
666 -148.0000000000
668 -147.0000000000
670 -146.0000000000
681 -145.0000000000
683 -144.0000000000
690 -143.0000000000
694 -142.0000000000
696 -141.0000000000
702 -140.0000000000
705 -139.0000000000
710 -138.0000000000
718 -137.0000000000
719 -136.0000000000
722 -135.0000000000
735 -134.0000000000
739 -133.0000000000
747 -132.0000000000
749 -131.0000000000
754 -130.0000000000
756 -129.0000000000
779 -128.0000000000
782 -127.0000000000
784 -126.0000000000
788 -125.0000000000
790 -124.0000000000
793 -123.0000000000
798 -122.0000000000
799 -121.0000000000
800 -120.0000000000
801 -119.0000000000
804 -118.0000000000
806 -117.0000000000
809 -116.0000000000
828 -115.0000000000
831 -114.0000000000
834 -113.0000000000
853 -112.0000000000
857 -111.0000000000
860 -110.0000000000
865 -109.0000000000
867 -108.0000000000
868 -107.0000000000
871 -106.0000000000
878 -105.0000000000
881 -104.0000000000
883 -103.0000000000
885 -102.0000000000
897 -101.0000000000
899 -100.0000000000
903 -99.0000000000
914 -98.0000000000
917 -97.0000000000
924 -96.0000000000
934 -95.0000000000
935 -94.0000000000
936 -93.0000000000
939 -92.0000000000
940 -91.0000000000
955 -90.0000000000
956 -89.0000000000
958 -88.0000000000
959 -87.0000000000
967 -86.0000000000
987 -85.0000000000
1005 -84.0000000000
1019 -83.0000000000
1037 -82.0000000000
1067 -81.0000000000
1075 -80.0000000000
1081 -79.0000000000
1083 -78.0000000000
1085 -77.0000000000
1088 -76.0000000000
1103 -75.0000000000
1104 -74.0000000000
1119 -73.0000000000
1129 -72.0000000000
1133 -71.0000000000
1134 -70.0000000000
1139 -69.0000000000
1148 -68.0000000000
1154 -67.0000000000
1155 -66.0000000000
1164 -65.0000000000
1183 -64.0000000000
1185 -63.0000000000
1189 -62.0000000000
1195 -61.0000000000
1217 -60.0000000000
1220 -59.0000000000
1230 -58.0000000000
1231 -57.0000000000
1237 -56.0000000000
1243 -55.0000000000
1256 -54.0000000000
1261 -53.0000000000
1265 -52.0000000000
1284 -51.0000000000
1295 -50.0000000000
1298 -49.0000000000
1317 -48.0000000000
1318 -47.0000000000
1326 -46.0000000000
1328 -45.0000000000
1337 -44.0000000000
1338 -43.0000000000
1349 -42.0000000000
1356 -41.0000000000
1361 -40.0000000000
1372 -39.0000000000
1375 -38.0000000000
1380 -37.0000000000
1411 -36.0000000000
1447 -35.0000000000
1471 -34.0000000000
1478 -33.0000000000
1485 -32.0000000000
1519 -31.0000000000
1537 -30.0000000000
1569 -29.0000000000
1600 -28.0000000000
1620 -27.0000000000
1640 -26.0000000000
1681 -25.0000000000
1700 -24.0000000000
1716 -23.0000000000
1718 -22.0000000000
1719 -21.0000000000
1738 -20.0000000000
1747 -19.0000000000
1911 -18.0000000000
1945 -17.0000000000
1947 -16.0000000000
1966 -15.0000000000
2037 -14.0000000000
2178 -13.0000000000
2197 -12.0000000000
2256 -11.0000000000
2266 -10.0000000000
2284 -9.0000000000
2311 -8.0000000000
2384 -7.0000000000
2437 -6.0000000000
2443 -5.0000000000
2452 -4.0000000000
2506 -3.0000000000
2607 -2.0000000000
2611 -1.0000000000
2667 570.0000000000
10000 -1.0000000000
