evaluations raw_y
1 -1951.0000000000
6 -1950.0000000000
8 -1949.0000000000
9 -1948.0000000000
13 -1947.0000000000
14 -1946.0000000000
16 -1945.0000000000
18 -1944.0000000000
19 -1943.0000000000
21 -1942.0000000000
22 -1941.0000000000
23 -1940.0000000000
24 -1939.0000000000
25 -1938.0000000000
27 -1937.0000000000
29 -1936.0000000000
33 -1935.0000000000
35 -1934.0000000000
38 -1933.0000000000
42 -1932.0000000000
48 -1931.0000000000
50 -1930.0000000000
51 -1929.0000000000
52 -1928.0000000000
57 -1927.0000000000
59 -1926.0000000000
60 -1925.0000000000
61 -1924.0000000000
62 -1923.0000000000
63 -1922.0000000000
65 -1921.0000000000
67 -1920.0000000000
68 -1919.0000000000
74 -1918.0000000000
75 -1917.0000000000
81 -1916.0000000000
86 -1915.0000000000
87 -1914.0000000000
89 -1913.0000000000
90 -1912.0000000000
92 -1911.0000000000
93 -1910.0000000000
95 -1909.0000000000
98 -1908.0000000000
99 -1907.0000000000
100 -1906.0000000000
103 -1905.0000000000
104 -1904.0000000000
106 -1903.0000000000
108 -1902.0000000000
112 -1901.0000000000
113 -1900.0000000000
114 -1899.0000000000
115 -1898.0000000000
116 -1897.0000000000
118 -1896.0000000000
125 -1895.0000000000
127 -1894.0000000000
128 -1893.0000000000
129 -1892.0000000000
130 -1891.0000000000
133 -1890.0000000000
135 -1889.0000000000
136 -1888.0000000000
137 -1887.0000000000
140 -1886.0000000000
141 -1885.0000000000
143 -1884.0000000000
145 -1883.0000000000
146 -1882.0000000000
148 -1881.0000000000
149 -1880.0000000000
150 -1879.0000000000
152 -1878.0000000000
154 -1877.0000000000
155 -1876.0000000000
157 -1875.0000000000
158 -1874.0000000000
160 -1873.0000000000
163 -1872.0000000000
164 -1871.0000000000
165 -1870.0000000000
168 -1869.0000000000
169 -1868.0000000000
170 -1867.0000000000
171 -1866.0000000000
173 -1865.0000000000
174 -1864.0000000000
175 -1863.0000000000
177 -1862.0000000000
180 -1861.0000000000
181 -1860.0000000000
186 -1859.0000000000
187 -1858.0000000000
188 -1857.0000000000
191 -1856.0000000000
194 -1855.0000000000
195 -1854.0000000000
200 -1853.0000000000
201 -1852.0000000000
205 -1851.0000000000
206 -1850.0000000000
208 -1849.0000000000
209 -1848.0000000000
210 -1847.0000000000
211 -1846.0000000000
213 -1845.0000000000
215 -1844.0000000000
217 -1843.0000000000
218 -1842.0000000000
219 -1841.0000000000
220 -1840.0000000000
224 -1839.0000000000
230 -1838.0000000000
235 -1837.0000000000
238 -1836.0000000000
239 -1835.0000000000
240 -1834.0000000000
241 -1833.0000000000
242 -1832.0000000000
243 -1831.0000000000
245 -1830.0000000000
246 -1829.0000000000
247 -1828.0000000000
248 -1827.0000000000
250 -1826.0000000000
253 -1825.0000000000
254 -1824.0000000000
255 -1823.0000000000
256 -1822.0000000000
257 -1821.0000000000
262 -1820.0000000000
263 -1819.0000000000
265 -1818.0000000000
266 -1817.0000000000
268 -1816.0000000000
270 -1815.0000000000
271 -1814.0000000000
275 -1813.0000000000
277 -1812.0000000000
281 -1811.0000000000
282 -1810.0000000000
284 -1809.0000000000
285 -1808.0000000000
288 -1807.0000000000
289 -1806.0000000000
290 -1805.0000000000
291 -1804.0000000000
292 -1803.0000000000
294 -1802.0000000000
297 -1801.0000000000
298 -1800.0000000000
301 -1799.0000000000
302 -1798.0000000000
303 -1797.0000000000
308 -1796.0000000000
311 -1795.0000000000
313 -1794.0000000000
314 -1793.0000000000
316 -1792.0000000000
317 -1791.0000000000
318 -1790.0000000000
319 -1789.0000000000
320 -1788.0000000000
323 -1787.0000000000
324 -1786.0000000000
325 -1785.0000000000
326 -1784.0000000000
327 -1783.0000000000
329 -1782.0000000000
331 -1781.0000000000
333 -1780.0000000000
334 -1779.0000000000
335 -1778.0000000000
336 -1777.0000000000
337 -1776.0000000000
338 -1775.0000000000
342 -1774.0000000000
344 -1773.0000000000
346 -1772.0000000000
347 -1771.0000000000
349 -1770.0000000000
350 -1769.0000000000
354 -1768.0000000000
357 -1767.0000000000
358 -1766.0000000000
359 -1765.0000000000
360 -1764.0000000000
361 -1763.0000000000
362 -1762.0000000000
363 -1761.0000000000
366 -1760.0000000000
367 -1759.0000000000
375 -1758.0000000000
376 -1757.0000000000
377 -1756.0000000000
378 -1755.0000000000
381 -1754.0000000000
385 -1753.0000000000
389 -1752.0000000000
392 -1751.0000000000
394 -1750.0000000000
396 -1749.0000000000
398 -1748.0000000000
401 -1747.0000000000
406 -1746.0000000000
408 -1745.0000000000
409 -1744.0000000000
411 -1743.0000000000
412 -1742.0000000000
416 -1741.0000000000
418 -1740.0000000000
420 -1739.0000000000
423 -1738.0000000000
426 -1737.0000000000
427 -1736.0000000000
430 -1735.0000000000
432 -1734.0000000000
433 -1733.0000000000
435 -1732.0000000000
437 -1731.0000000000
438 -1730.0000000000
440 -1729.0000000000
441 -1728.0000000000
447 -1727.0000000000
448 -1726.0000000000
451 -1725.0000000000
454 -1724.0000000000
455 -1723.0000000000
459 -1722.0000000000
460 -1721.0000000000
462 -1720.0000000000
464 -1719.0000000000
470 -1718.0000000000
471 -1717.0000000000
474 -1716.0000000000
479 -1715.0000000000
480 -1714.0000000000
484 -1713.0000000000
485 -1712.0000000000
487 -1711.0000000000
491 -1710.0000000000
494 -1709.0000000000
496 -1708.0000000000
497 -1707.0000000000
500 -1706.0000000000
502 -1705.0000000000
503 -1704.0000000000
504 -1703.0000000000
509 -1702.0000000000
510 -1701.0000000000
512 -1700.0000000000
513 -1699.0000000000
515 -1698.0000000000
517 -1697.0000000000
519 -1696.0000000000
522 -1695.0000000000
523 -1694.0000000000
526 -1693.0000000000
527 -1692.0000000000
528 -1691.0000000000
534 -1690.0000000000
535 -1689.0000000000
537 -1688.0000000000
538 -1687.0000000000
542 -1686.0000000000
546 -1685.0000000000
549 -1684.0000000000
550 -1683.0000000000
552 -1682.0000000000
554 -1681.0000000000
555 -1680.0000000000
557 -1679.0000000000
559 -1678.0000000000
561 -1677.0000000000
565 -1676.0000000000
566 -1675.0000000000
567 -1674.0000000000
571 -1673.0000000000
572 -1672.0000000000
575 -1671.0000000000
577 -1670.0000000000
580 -1669.0000000000
581 -1668.0000000000
585 -1667.0000000000
587 -1666.0000000000
589 -1665.0000000000
591 -1664.0000000000
593 -1663.0000000000
595 -1662.0000000000
596 -1661.0000000000
597 -1660.0000000000
598 -1659.0000000000
601 -1658.0000000000
603 -1657.0000000000
608 -1656.0000000000
611 -1655.0000000000
616 -1654.0000000000
618 -1653.0000000000
621 -1652.0000000000
622 -1651.0000000000
624 -1650.0000000000
625 -1649.0000000000
627 -1648.0000000000
629 -1647.0000000000
630 -1646.0000000000
632 -1645.0000000000
634 -1644.0000000000
635 -1643.0000000000
636 -1642.0000000000
641 -1641.0000000000
644 -1640.0000000000
645 -1639.0000000000
646 -1638.0000000000
647 -1637.0000000000
648 -1636.0000000000
650 -1635.0000000000
653 -1634.0000000000
655 -1633.0000000000
656 -1632.0000000000
658 -1631.0000000000
661 -1630.0000000000
663 -1629.0000000000
665 -1628.0000000000
667 -1627.0000000000
668 -1626.0000000000
678 -1625.0000000000
679 -1624.0000000000
680 -1623.0000000000
683 -1622.0000000000
684 -1621.0000000000
686 -1620.0000000000
687 -1619.0000000000
689 -1618.0000000000
692 -1617.0000000000
694 -1616.0000000000
696 -1615.0000000000
701 -1614.0000000000
702 -1613.0000000000
703 -1612.0000000000
707 -1611.0000000000
708 -1610.0000000000
709 -1609.0000000000
710 -1608.0000000000
712 -1607.0000000000
716 -1606.0000000000
718 -1605.0000000000
730 -1604.0000000000
732 -1603.0000000000
733 -1602.0000000000
734 -1601.0000000000
736 -1600.0000000000
739 -1599.0000000000
742 -1598.0000000000
743 -1597.0000000000
745 -1596.0000000000
746 -1595.0000000000
758 -1594.0000000000
759 -1593.0000000000
761 -1592.0000000000
768 -1591.0000000000
771 -1590.0000000000
772 -1589.0000000000
777 -1588.0000000000
778 -1587.0000000000
780 -1586.0000000000
782 -1585.0000000000
783 -1584.0000000000
786 -1583.0000000000
787 -1582.0000000000
788 -1581.0000000000
792 -1580.0000000000
793 -1579.0000000000
795 -1578.0000000000
796 -1577.0000000000
798 -1576.0000000000
800 -1575.0000000000
802 -1574.0000000000
806 -1573.0000000000
807 -1572.0000000000
808 -1571.0000000000
811 -1570.0000000000
813 -1569.0000000000
815 -1568.0000000000
817 -1567.0000000000
822 -1566.0000000000
823 -1565.0000000000
825 -1564.0000000000
826 -1563.0000000000
827 -1562.0000000000
828 -1561.0000000000
829 -1560.0000000000
832 -1559.0000000000
834 -1558.0000000000
837 -1557.0000000000
838 -1556.0000000000
844 -1555.0000000000
845 -1554.0000000000
846 -1553.0000000000
847 -1552.0000000000
850 -1551.0000000000
856 -1550.0000000000
858 -1549.0000000000
859 -1548.0000000000
861 -1547.0000000000
862 -1546.0000000000
863 -1545.0000000000
865 -1544.0000000000
866 -1543.0000000000
868 -1542.0000000000
873 -1541.0000000000
875 -1540.0000000000
876 -1539.0000000000
877 -1538.0000000000
881 -1537.0000000000
884 -1536.0000000000
887 -1535.0000000000
890 -1534.0000000000
897 -1533.0000000000
898 -1532.0000000000
899 -1531.0000000000
902 -1530.0000000000
903 -1529.0000000000
907 -1528.0000000000
908 -1527.0000000000
911 -1526.0000000000
912 -1525.0000000000
913 -1524.0000000000
920 -1523.0000000000
923 -1522.0000000000
925 -1521.0000000000
926 -1520.0000000000
927 -1519.0000000000
928 -1518.0000000000
931 -1517.0000000000
932 -1516.0000000000
934 -1515.0000000000
935 -1514.0000000000
937 -1513.0000000000
942 -1512.0000000000
945 -1511.0000000000
948 -1510.0000000000
949 -1509.0000000000
952 -1508.0000000000
953 -1507.0000000000
955 -1506.0000000000
963 -1505.0000000000
966 -1504.0000000000
968 -1503.0000000000
970 -1502.0000000000
975 -1501.0000000000
977 -1500.0000000000
985 -1499.0000000000
987 -1498.0000000000
989 -1497.0000000000
992 -1496.0000000000
994 -1495.0000000000
997 -1494.0000000000
1003 -1493.0000000000
1005 -1492.0000000000
1006 -1491.0000000000
1013 -1490.0000000000
1015 -1489.0000000000
1017 -1488.0000000000
1019 -1487.0000000000
1022 -1486.0000000000
1026 -1485.0000000000
1027 -1484.0000000000
1032 -1483.0000000000
1036 -1482.0000000000
1040 -1481.0000000000
1043 -1480.0000000000
1044 -1479.0000000000
1046 -1478.0000000000
1047 -1477.0000000000
1051 -1476.0000000000
1052 -1475.0000000000
1054 -1474.0000000000
1056 -1473.0000000000
1058 -1472.0000000000
1060 -1471.0000000000
1061 -1470.0000000000
1067 -1469.0000000000
1070 -1468.0000000000
1072 -1467.0000000000
1075 -1466.0000000000
1076 -1465.0000000000
1080 -1464.0000000000
1081 -1463.0000000000
1083 -1462.0000000000
1086 -1461.0000000000
1090 -1460.0000000000
1094 -1459.0000000000
1096 -1458.0000000000
1101 -1457.0000000000
1102 -1456.0000000000
1106 -1455.0000000000
1111 -1454.0000000000
1113 -1453.0000000000
1116 -1452.0000000000
1119 -1451.0000000000
1122 -1450.0000000000
1124 -1449.0000000000
1125 -1448.0000000000
1127 -1447.0000000000
1130 -1446.0000000000
1135 -1445.0000000000
1137 -1444.0000000000
1139 -1443.0000000000
1141 -1442.0000000000
1142 -1441.0000000000
1144 -1440.0000000000
1146 -1439.0000000000
1147 -1438.0000000000
1148 -1437.0000000000
1149 -1436.0000000000
1153 -1435.0000000000
1155 -1434.0000000000
1162 -1433.0000000000
1163 -1432.0000000000
1167 -1431.0000000000
1168 -1430.0000000000
1170 -1429.0000000000
1176 -1428.0000000000
1177 -1427.0000000000
1178 -1426.0000000000
1179 -1425.0000000000
1183 -1424.0000000000
1188 -1423.0000000000
1190 -1422.0000000000
1194 -1421.0000000000
1196 -1420.0000000000
1200 -1419.0000000000
1202 -1418.0000000000
1205 -1417.0000000000
1206 -1416.0000000000
1211 -1415.0000000000
1214 -1414.0000000000
1215 -1413.0000000000
1216 -1412.0000000000
1221 -1411.0000000000
1223 -1410.0000000000
1224 -1409.0000000000
1227 -1408.0000000000
1229 -1407.0000000000
1230 -1406.0000000000
1234 -1405.0000000000
1235 -1404.0000000000
1244 -1403.0000000000
1246 -1402.0000000000
1247 -1401.0000000000
1250 -1400.0000000000
1251 -1399.0000000000
1253 -1398.0000000000
1256 -1397.0000000000
1257 -1396.0000000000
1260 -1395.0000000000
1265 -1394.0000000000
1267 -1393.0000000000
1269 -1392.0000000000
1270 -1391.0000000000
1271 -1390.0000000000
1272 -1389.0000000000
1274 -1388.0000000000
1275 -1387.0000000000
1280 -1386.0000000000
1281 -1385.0000000000
1283 -1384.0000000000
1284 -1383.0000000000
1289 -1382.0000000000
1294 -1381.0000000000
1296 -1380.0000000000
1297 -1379.0000000000
1301 -1378.0000000000
1302 -1377.0000000000
1306 -1376.0000000000
1307 -1375.0000000000
1310 -1374.0000000000
1311 -1373.0000000000
1319 -1372.0000000000
1332 -1371.0000000000
1334 -1370.0000000000
1336 -1369.0000000000
1341 -1368.0000000000
1347 -1367.0000000000
1348 -1366.0000000000
1351 -1365.0000000000
1354 -1364.0000000000
1355 -1363.0000000000
1356 -1362.0000000000
1360 -1361.0000000000
1362 -1360.0000000000
1364 -1359.0000000000
1366 -1358.0000000000
1368 -1357.0000000000
1371 -1356.0000000000
1372 -1355.0000000000
1375 -1354.0000000000
1379 -1353.0000000000
1380 -1352.0000000000
1381 -1351.0000000000
1382 -1350.0000000000
1385 -1349.0000000000
1387 -1348.0000000000
1393 -1347.0000000000
1398 -1346.0000000000
1402 -1345.0000000000
1406 -1344.0000000000
1409 -1343.0000000000
1410 -1342.0000000000
1411 -1341.0000000000
1412 -1340.0000000000
1416 -1339.0000000000
1422 -1338.0000000000
1424 -1337.0000000000
1426 -1336.0000000000
1431 -1335.0000000000
1433 -1334.0000000000
1434 -1333.0000000000
1435 -1332.0000000000
1441 -1331.0000000000
1444 -1330.0000000000
1449 -1329.0000000000
1453 -1328.0000000000
1455 -1327.0000000000
1458 -1326.0000000000
1468 -1325.0000000000
1471 -1324.0000000000
1472 -1323.0000000000
1473 -1322.0000000000
1475 -1321.0000000000
1477 -1320.0000000000
1479 -1319.0000000000
1485 -1318.0000000000
1488 -1317.0000000000
1492 -1316.0000000000
1500 -1315.0000000000
1504 -1314.0000000000
1505 -1313.0000000000
1509 -1312.0000000000
1510 -1311.0000000000
1511 -1310.0000000000
1512 -1309.0000000000
1514 -1308.0000000000
1515 -1307.0000000000
1517 -1306.0000000000
1521 -1305.0000000000
1523 -1304.0000000000
1527 -1303.0000000000
1530 -1302.0000000000
1532 -1301.0000000000
1533 -1300.0000000000
1536 -1299.0000000000
1538 -1298.0000000000
1541 -1297.0000000000
1542 -1296.0000000000
1543 -1295.0000000000
1544 -1294.0000000000
1545 -1293.0000000000
1546 -1292.0000000000
1548 -1291.0000000000
1550 -1290.0000000000
1551 -1289.0000000000
1557 -1288.0000000000
1561 -1287.0000000000
1571 -1286.0000000000
1573 -1285.0000000000
1583 -1284.0000000000
1584 -1283.0000000000
1596 -1282.0000000000
1602 -1281.0000000000
1604 -1280.0000000000
1606 -1279.0000000000
1608 -1278.0000000000
1610 -1277.0000000000
1615 -1276.0000000000
1624 -1275.0000000000
1629 -1274.0000000000
1630 -1273.0000000000
1634 -1272.0000000000
1635 -1271.0000000000
1636 -1270.0000000000
1637 -1269.0000000000
1646 -1268.0000000000
1649 -1267.0000000000
1650 -1266.0000000000
1652 -1265.0000000000
1653 -1264.0000000000
1656 -1263.0000000000
1657 -1262.0000000000
1658 -1261.0000000000
1662 -1260.0000000000
1664 -1259.0000000000
1665 -1258.0000000000
1668 -1257.0000000000
1670 -1256.0000000000
1673 -1255.0000000000
1674 -1254.0000000000
1680 -1253.0000000000
1686 -1252.0000000000
1688 -1251.0000000000
1696 -1250.0000000000
1698 -1249.0000000000
1703 -1248.0000000000
1705 -1247.0000000000
1706 -1246.0000000000
1707 -1245.0000000000
1714 -1244.0000000000
1728 -1243.0000000000
1731 -1242.0000000000
1732 -1241.0000000000
1734 -1240.0000000000
1736 -1239.0000000000
1737 -1238.0000000000
1738 -1237.0000000000
1749 -1236.0000000000
1752 -1235.0000000000
1754 -1234.0000000000
1756 -1233.0000000000
1758 -1232.0000000000
1760 -1231.0000000000
1762 -1230.0000000000
1763 -1229.0000000000
1766 -1228.0000000000
1770 -1227.0000000000
1773 -1226.0000000000
1774 -1225.0000000000
1775 -1224.0000000000
1777 -1223.0000000000
1784 -1222.0000000000
1787 -1221.0000000000
1791 -1220.0000000000
1794 -1219.0000000000
1799 -1218.0000000000
1802 -1217.0000000000
1806 -1216.0000000000
1807 -1215.0000000000
1809 -1214.0000000000
1818 -1213.0000000000
1820 -1212.0000000000
1823 -1211.0000000000
1824 -1210.0000000000
1827 -1209.0000000000
1828 -1208.0000000000
1832 -1207.0000000000
1835 -1206.0000000000
1836 -1205.0000000000
1837 -1204.0000000000
1838 -1203.0000000000
1841 -1202.0000000000
1853 -1201.0000000000
1854 -1200.0000000000
1860 -1199.0000000000
1861 -1198.0000000000
1874 -1197.0000000000
1883 -1196.0000000000
1884 -1195.0000000000
1890 -1194.0000000000
1892 -1193.0000000000
1900 -1192.0000000000
1901 -1191.0000000000
1902 -1190.0000000000
1904 -1189.0000000000
1913 -1188.0000000000
1922 -1187.0000000000
1923 -1186.0000000000
1926 -1185.0000000000
1927 -1184.0000000000
1931 -1183.0000000000
1936 -1182.0000000000
1937 -1181.0000000000
1942 -1180.0000000000
1944 -1179.0000000000
1947 -1178.0000000000
1951 -1177.0000000000
1952 -1176.0000000000
1954 -1175.0000000000
1962 -1174.0000000000
1964 -1173.0000000000
1965 -1172.0000000000
1972 -1171.0000000000
1973 -1170.0000000000
1974 -1169.0000000000
1978 -1168.0000000000
1979 -1167.0000000000
1981 -1166.0000000000
1984 -1165.0000000000
1985 -1164.0000000000
1989 -1163.0000000000
1993 -1162.0000000000
1995 -1161.0000000000
2000 -1160.0000000000
2005 -1159.0000000000
2006 -1158.0000000000
2007 -1157.0000000000
2012 -1156.0000000000
2015 -1155.0000000000
2021 -1154.0000000000
2022 -1153.0000000000
2023 -1152.0000000000
2029 -1151.0000000000
2033 -1150.0000000000
2036 -1149.0000000000
2039 -1148.0000000000
2042 -1147.0000000000
2043 -1146.0000000000
2047 -1145.0000000000
2052 -1144.0000000000
2053 -1143.0000000000
2054 -1142.0000000000
2056 -1141.0000000000
2059 -1140.0000000000
2061 -1139.0000000000
2063 -1138.0000000000
2069 -1137.0000000000
2070 -1136.0000000000
2077 -1135.0000000000
2086 -1134.0000000000
2087 -1133.0000000000
2090 -1132.0000000000
2092 -1131.0000000000
2096 -1130.0000000000
2097 -1129.0000000000
2099 -1128.0000000000
2101 -1127.0000000000
2106 -1126.0000000000
2111 -1125.0000000000
2114 -1124.0000000000
2118 -1123.0000000000
2122 -1122.0000000000
2124 -1121.0000000000
2126 -1120.0000000000
2132 -1119.0000000000
2136 -1118.0000000000
2143 -1117.0000000000
2147 -1116.0000000000
2150 -1115.0000000000
2155 -1114.0000000000
2157 -1113.0000000000
2158 -1112.0000000000
2159 -1111.0000000000
2160 -1110.0000000000
2162 -1109.0000000000
2163 -1108.0000000000
2165 -1107.0000000000
2167 -1106.0000000000
2178 -1105.0000000000
2182 -1104.0000000000
2184 -1103.0000000000
2185 -1102.0000000000
2187 -1101.0000000000
2191 -1100.0000000000
2198 -1099.0000000000
2200 -1098.0000000000
2203 -1097.0000000000
2206 -1096.0000000000
2210 -1095.0000000000
2211 -1094.0000000000
2212 -1093.0000000000
2214 -1092.0000000000
2216 -1091.0000000000
2224 -1090.0000000000
2225 -1089.0000000000
2240 -1088.0000000000
2241 -1087.0000000000
2243 -1086.0000000000
2244 -1085.0000000000
2247 -1084.0000000000
2249 -1083.0000000000
2253 -1082.0000000000
2254 -1081.0000000000
2261 -1080.0000000000
2264 -1079.0000000000
2265 -1078.0000000000
2277 -1077.0000000000
2279 -1076.0000000000
2281 -1075.0000000000
2283 -1074.0000000000
2290 -1073.0000000000
2297 -1072.0000000000
2306 -1071.0000000000
2309 -1070.0000000000
2312 -1069.0000000000
2313 -1068.0000000000
2318 -1067.0000000000
2319 -1066.0000000000
2322 -1065.0000000000
2323 -1064.0000000000
2331 -1063.0000000000
2337 -1062.0000000000
2340 -1061.0000000000
2349 -1060.0000000000
2350 -1059.0000000000
2359 -1058.0000000000
2362 -1057.0000000000
2363 -1056.0000000000
2364 -1055.0000000000
2366 -1054.0000000000
2372 -1053.0000000000
2379 -1052.0000000000
2381 -1051.0000000000
2383 -1050.0000000000
2395 -1049.0000000000
2398 -1048.0000000000
2399 -1047.0000000000
2401 -1046.0000000000
2411 -1045.0000000000
2412 -1044.0000000000
2417 -1043.0000000000
2420 -1042.0000000000
2423 -1041.0000000000
2424 -1040.0000000000
2428 -1039.0000000000
2429 -1038.0000000000
2434 -1037.0000000000
2437 -1036.0000000000
2440 -1035.0000000000
2448 -1034.0000000000
2452 -1033.0000000000
2454 -1032.0000000000
2458 -1031.0000000000
2459 -1030.0000000000
2462 -1029.0000000000
2463 -1028.0000000000
2469 -1027.0000000000
2474 -1026.0000000000
2475 -1025.0000000000
2484 -1024.0000000000
2491 -1023.0000000000
2495 -1022.0000000000
2497 -1021.0000000000
2498 -1020.0000000000
2500 -1019.0000000000
2509 -1018.0000000000
2515 -1017.0000000000
2516 -1016.0000000000
2527 -1015.0000000000
2528 -1014.0000000000
2531 -1013.0000000000
2532 -1012.0000000000
2534 -1011.0000000000
2542 -1010.0000000000
2547 -1009.0000000000
2549 -1008.0000000000
2551 -1007.0000000000
2555 -1006.0000000000
2556 -1005.0000000000
2561 -1004.0000000000
2562 -1003.0000000000
2567 -1002.0000000000
2570 -1001.0000000000
2581 -1000.0000000000
2587 -999.0000000000
2590 -998.0000000000
2594 -997.0000000000
2599 -996.0000000000
2600 -995.0000000000
2601 -994.0000000000
2604 -993.0000000000
2609 -992.0000000000
2610 -991.0000000000
2632 -990.0000000000
2637 -989.0000000000
2639 -988.0000000000
2644 -987.0000000000
2646 -986.0000000000
2651 -985.0000000000
2654 -984.0000000000
2656 -983.0000000000
2664 -982.0000000000
2667 -981.0000000000
2670 -980.0000000000
2671 -979.0000000000
2676 -978.0000000000
2680 -977.0000000000
2681 -976.0000000000
2682 -975.0000000000
2688 -974.0000000000
2695 -973.0000000000
2698 -972.0000000000
2699 -971.0000000000
2700 -970.0000000000
2705 -969.0000000000
2706 -968.0000000000
2707 -967.0000000000
2709 -966.0000000000
2711 -965.0000000000
2712 -964.0000000000
2715 -963.0000000000
2729 -962.0000000000
2733 -961.0000000000
2734 -960.0000000000
2736 -959.0000000000
2746 -958.0000000000
2750 -957.0000000000
2755 -956.0000000000
2756 -955.0000000000
2757 -954.0000000000
2764 -953.0000000000
2774 -952.0000000000
2782 -951.0000000000
2784 -950.0000000000
2785 -949.0000000000
2788 -948.0000000000
2790 -947.0000000000
2797 -946.0000000000
2799 -945.0000000000
2801 -944.0000000000
2802 -943.0000000000
2804 -942.0000000000
2808 -941.0000000000
2816 -940.0000000000
2827 -939.0000000000
2834 -938.0000000000
2836 -937.0000000000
2840 -936.0000000000
2841 -935.0000000000
2845 -934.0000000000
2846 -933.0000000000
2849 -932.0000000000
2850 -931.0000000000
2858 -930.0000000000
2862 -929.0000000000
2868 -928.0000000000
2869 -927.0000000000
2871 -926.0000000000
2872 -925.0000000000
2873 -924.0000000000
2879 -923.0000000000
2883 -922.0000000000
2887 -921.0000000000
2888 -920.0000000000
2889 -919.0000000000
2892 -918.0000000000
2899 -917.0000000000
2911 -916.0000000000
2919 -915.0000000000
2922 -914.0000000000
2925 -913.0000000000
2930 -912.0000000000
2932 -911.0000000000
2933 -910.0000000000
2938 -909.0000000000
2941 -908.0000000000
2942 -907.0000000000
2950 -906.0000000000
2952 -905.0000000000
2953 -904.0000000000
2954 -903.0000000000
2965 -902.0000000000
2966 -901.0000000000
2968 -900.0000000000
2972 -899.0000000000
2973 -898.0000000000
2974 -897.0000000000
2979 -896.0000000000
2985 -895.0000000000
2988 -894.0000000000
2989 -893.0000000000
2990 -892.0000000000
2994 -891.0000000000
2998 -890.0000000000
2999 -889.0000000000
3007 -888.0000000000
3008 -887.0000000000
3014 -886.0000000000
3016 -885.0000000000
3020 -884.0000000000
3023 -883.0000000000
3027 -882.0000000000
3029 -881.0000000000
3039 -880.0000000000
3040 -879.0000000000
3041 -878.0000000000
3045 -877.0000000000
3047 -876.0000000000
3050 -875.0000000000
3051 -874.0000000000
3061 -873.0000000000
3072 -872.0000000000
3074 -871.0000000000
3077 -870.0000000000
3082 -869.0000000000
3084 -868.0000000000
3085 -867.0000000000
3088 -866.0000000000
3095 -865.0000000000
3096 -864.0000000000
3099 -863.0000000000
3105 -862.0000000000
3114 -861.0000000000
3116 -860.0000000000
3117 -859.0000000000
3120 -858.0000000000
3122 -857.0000000000
3127 -856.0000000000
3130 -855.0000000000
3132 -854.0000000000
3135 -853.0000000000
3136 -852.0000000000
3137 -851.0000000000
3138 -850.0000000000
3142 -849.0000000000
3143 -848.0000000000
3150 -847.0000000000
3152 -846.0000000000
3155 -845.0000000000
3157 -844.0000000000
3162 -843.0000000000
3164 -842.0000000000
3165 -841.0000000000
3169 -840.0000000000
3181 -839.0000000000
3185 -838.0000000000
3187 -837.0000000000
3192 -836.0000000000
3193 -835.0000000000
3198 -834.0000000000
3201 -833.0000000000
3206 -832.0000000000
3219 -831.0000000000
3220 -830.0000000000
3230 -829.0000000000
3233 -828.0000000000
3234 -827.0000000000
3235 -826.0000000000
3237 -825.0000000000
3240 -824.0000000000
3242 -823.0000000000
3244 -822.0000000000
3246 -821.0000000000
3253 -820.0000000000
3255 -819.0000000000
3260 -818.0000000000
3264 -817.0000000000
3268 -816.0000000000
3275 -815.0000000000
3278 -814.0000000000
3281 -813.0000000000
3290 -812.0000000000
3292 -811.0000000000
3293 -810.0000000000
3303 -809.0000000000
3309 -808.0000000000
3312 -807.0000000000
3316 -806.0000000000
3320 -805.0000000000
3323 -804.0000000000
3330 -803.0000000000
3341 -802.0000000000
3347 -801.0000000000
3348 -800.0000000000
3349 -799.0000000000
3351 -798.0000000000
3353 -797.0000000000
3354 -796.0000000000
3367 -795.0000000000
3369 -794.0000000000
3372 -793.0000000000
3374 -792.0000000000
3381 -791.0000000000
3392 -790.0000000000
3393 -789.0000000000
3401 -788.0000000000
3402 -787.0000000000
3411 -786.0000000000
3417 -785.0000000000
3418 -784.0000000000
3424 -783.0000000000
3426 -782.0000000000
3431 -781.0000000000
3435 -780.0000000000
3447 -779.0000000000
3449 -778.0000000000
3455 -777.0000000000
3456 -776.0000000000
3457 -775.0000000000
3458 -774.0000000000
3460 -773.0000000000
3468 -772.0000000000
3474 -771.0000000000
3475 -770.0000000000
3476 -769.0000000000
3481 -768.0000000000
3490 -767.0000000000
3492 -766.0000000000
3496 -765.0000000000
3497 -764.0000000000
3500 -763.0000000000
3516 -762.0000000000
3522 -761.0000000000
3524 -760.0000000000
3526 -759.0000000000
3531 -758.0000000000
3544 -757.0000000000
3549 -756.0000000000
3550 -755.0000000000
3570 -754.0000000000
3572 -753.0000000000
3579 -752.0000000000
3588 -751.0000000000
3603 -750.0000000000
3607 -749.0000000000
3608 -748.0000000000
3615 -747.0000000000
3616 -746.0000000000
3617 -745.0000000000
3624 -744.0000000000
3628 -743.0000000000
3629 -742.0000000000
3630 -741.0000000000
3642 -740.0000000000
3643 -739.0000000000
3652 -738.0000000000
3653 -737.0000000000
3664 -736.0000000000
3686 -735.0000000000
3691 -734.0000000000
3692 -733.0000000000
3697 -732.0000000000
3705 -731.0000000000
3707 -730.0000000000
3709 -729.0000000000
3711 -728.0000000000
3730 -727.0000000000
3733 -726.0000000000
3735 -725.0000000000
3740 -724.0000000000
3746 -723.0000000000
3747 -722.0000000000
3752 -721.0000000000
3753 -720.0000000000
3755 -719.0000000000
3757 -718.0000000000
3764 -717.0000000000
3774 -716.0000000000
3778 -715.0000000000
3782 -714.0000000000
3785 -713.0000000000
3786 -712.0000000000
3794 -711.0000000000
3799 -710.0000000000
3806 -709.0000000000
3820 -708.0000000000
3831 -707.0000000000
3832 -706.0000000000
3837 -705.0000000000
3840 -704.0000000000
3842 -703.0000000000
3843 -702.0000000000
3858 -701.0000000000
3861 -700.0000000000
3866 -699.0000000000
3867 -698.0000000000
3875 -697.0000000000
3883 -696.0000000000
3899 -695.0000000000
3913 -694.0000000000
3916 -693.0000000000
3917 -692.0000000000
3919 -691.0000000000
3921 -690.0000000000
3925 -689.0000000000
3927 -688.0000000000
3930 -687.0000000000
3942 -686.0000000000
3944 -685.0000000000
3947 -684.0000000000
3955 -683.0000000000
3956 -682.0000000000
3965 -681.0000000000
3975 -680.0000000000
3979 -679.0000000000
3982 -678.0000000000
3986 -677.0000000000
3989 -676.0000000000
3999 -675.0000000000
4001 -674.0000000000
4002 -673.0000000000
4007 -672.0000000000
4009 -671.0000000000
4011 -670.0000000000
4018 -669.0000000000
4029 -668.0000000000
4032 -667.0000000000
4035 -666.0000000000
4038 -665.0000000000
4043 -664.0000000000
4056 -663.0000000000
4062 -662.0000000000
4077 -661.0000000000
4078 -660.0000000000
4087 -659.0000000000
4089 -658.0000000000
4091 -657.0000000000
4096 -656.0000000000
4097 -655.0000000000
4098 -654.0000000000
4100 -653.0000000000
4102 -652.0000000000
4105 -651.0000000000
4110 -650.0000000000
4118 -649.0000000000
4144 -648.0000000000
4160 -647.0000000000
4166 -646.0000000000
4172 -645.0000000000
4178 -644.0000000000
4180 -643.0000000000
4182 -642.0000000000
4185 -641.0000000000
4188 -640.0000000000
4190 -639.0000000000
4191 -638.0000000000
4193 -637.0000000000
4197 -636.0000000000
4200 -635.0000000000
4201 -634.0000000000
4223 -633.0000000000
4229 -632.0000000000
4231 -631.0000000000
4235 -630.0000000000
4236 -629.0000000000
4237 -628.0000000000
4246 -627.0000000000
4247 -626.0000000000
4249 -625.0000000000
4277 -624.0000000000
4280 -623.0000000000
4284 -622.0000000000
4290 -621.0000000000
4291 -620.0000000000
4300 -619.0000000000
4304 -618.0000000000
4307 -617.0000000000
4313 -616.0000000000
4314 -615.0000000000
4318 -614.0000000000
4319 -613.0000000000
4322 -612.0000000000
4329 -611.0000000000
4344 -610.0000000000
4345 -609.0000000000
4360 -608.0000000000
4361 -607.0000000000
4369 -606.0000000000
4378 -605.0000000000
4381 -604.0000000000
4388 -603.0000000000
4391 -602.0000000000
4392 -601.0000000000
4398 -600.0000000000
4409 -599.0000000000
4412 -598.0000000000
4413 -597.0000000000
4424 -596.0000000000
4426 -595.0000000000
4427 -594.0000000000
4432 -593.0000000000
4435 -592.0000000000
4436 -591.0000000000
4437 -590.0000000000
4441 -589.0000000000
4460 -588.0000000000
4466 -587.0000000000
4469 -586.0000000000
4473 -585.0000000000
4488 -584.0000000000
4489 -583.0000000000
4490 -582.0000000000
4499 -581.0000000000
4509 -580.0000000000
4510 -579.0000000000
4521 -578.0000000000
4529 -577.0000000000
4535 -576.0000000000
4544 -575.0000000000
4572 -574.0000000000
4587 -573.0000000000
4588 -572.0000000000
4594 -571.0000000000
4603 -570.0000000000
4621 -569.0000000000
4623 -568.0000000000
4626 -567.0000000000
4634 -566.0000000000
4643 -565.0000000000
4649 -564.0000000000
4655 -563.0000000000
4656 -562.0000000000
4661 -561.0000000000
4678 -560.0000000000
4680 -559.0000000000
4707 -558.0000000000
4714 -557.0000000000
4718 -556.0000000000
4719 -555.0000000000
4721 -554.0000000000
4722 -553.0000000000
4733 -552.0000000000
4737 -551.0000000000
4741 -550.0000000000
4752 -549.0000000000
4758 -548.0000000000
4793 -547.0000000000
4801 -546.0000000000
4803 -545.0000000000
4810 -544.0000000000
4821 -543.0000000000
4832 -542.0000000000
4833 -541.0000000000
4840 -540.0000000000
4878 -539.0000000000
4881 -538.0000000000
4882 -537.0000000000
4887 -536.0000000000
4892 -535.0000000000
4893 -534.0000000000
4897 -533.0000000000
4899 -532.0000000000
4900 -531.0000000000
4905 -530.0000000000
4908 -529.0000000000
4909 -528.0000000000
4914 -527.0000000000
4932 -526.0000000000
4934 -525.0000000000
4943 -524.0000000000
4945 -523.0000000000
4952 -522.0000000000
4956 -521.0000000000
4964 -520.0000000000
4981 -519.0000000000
4982 -518.0000000000
4989 -517.0000000000
4993 -516.0000000000
5006 -515.0000000000
5013 -514.0000000000
5014 -513.0000000000
5031 -512.0000000000
5042 -511.0000000000
5050 -510.0000000000
5056 -509.0000000000
5067 -508.0000000000
5068 -507.0000000000
5073 -506.0000000000
5077 -505.0000000000
5081 -504.0000000000
5083 -503.0000000000
5090 -502.0000000000
5093 -501.0000000000
5098 -500.0000000000
5101 -499.0000000000
5107 -498.0000000000
5109 -497.0000000000
5113 -496.0000000000
5117 -495.0000000000
5123 -494.0000000000
5130 -493.0000000000
5137 -492.0000000000
5140 -491.0000000000
5142 -490.0000000000
5145 -489.0000000000
5155 -488.0000000000
5161 -487.0000000000
5171 -486.0000000000
5174 -485.0000000000
5175 -484.0000000000
5177 -483.0000000000
5180 -482.0000000000
5182 -481.0000000000
5198 -480.0000000000
5204 -479.0000000000
5205 -478.0000000000
5208 -477.0000000000
5221 -476.0000000000
5235 -475.0000000000
5248 -474.0000000000
5250 -473.0000000000
5268 -472.0000000000
5277 -471.0000000000
5278 -470.0000000000
5284 -469.0000000000
5296 -468.0000000000
5315 -467.0000000000
5328 -466.0000000000
5329 -465.0000000000
5336 -464.0000000000
5348 -463.0000000000
5355 -462.0000000000
5356 -461.0000000000
5361 -460.0000000000
5362 -459.0000000000
5376 -458.0000000000
5377 -457.0000000000
5386 -456.0000000000
5395 -455.0000000000
5396 -454.0000000000
5398 -453.0000000000
5403 -452.0000000000
5409 -451.0000000000
5410 -450.0000000000
5414 -449.0000000000
5418 -448.0000000000
5426 -447.0000000000
5433 -446.0000000000
5441 -445.0000000000
5447 -444.0000000000
5449 -443.0000000000
5454 -442.0000000000
5471 -441.0000000000
5474 -440.0000000000
5481 -439.0000000000
5486 -438.0000000000
5490 -437.0000000000
5495 -436.0000000000
5498 -435.0000000000
5514 -434.0000000000
5518 -433.0000000000
5525 -432.0000000000
5530 -431.0000000000
5540 -430.0000000000
5552 -429.0000000000
5557 -428.0000000000
5563 -427.0000000000
5568 -426.0000000000
5569 -425.0000000000
5570 -424.0000000000
5613 -423.0000000000
5627 -422.0000000000
5639 -421.0000000000
5650 -420.0000000000
5658 -419.0000000000
5661 -418.0000000000
5664 -417.0000000000
5673 -416.0000000000
5677 -415.0000000000
5699 -414.0000000000
5719 -413.0000000000
5722 -412.0000000000
5742 -411.0000000000
5746 -410.0000000000
5769 -409.0000000000
5771 -408.0000000000
5772 -407.0000000000
5775 -406.0000000000
5804 -405.0000000000
5818 -404.0000000000
5819 -403.0000000000
5831 -402.0000000000
5836 -401.0000000000
5844 -400.0000000000
5854 -399.0000000000
5855 -398.0000000000
5858 -397.0000000000
5865 -396.0000000000
5867 -395.0000000000
5876 -394.0000000000
5880 -393.0000000000
5885 -392.0000000000
5891 -391.0000000000
5904 -390.0000000000
5915 -389.0000000000
5917 -388.0000000000
5924 -387.0000000000
5929 -386.0000000000
5940 -385.0000000000
5945 -384.0000000000
5950 -383.0000000000
5960 -382.0000000000
5961 -381.0000000000
5987 -380.0000000000
5994 -379.0000000000
6020 -378.0000000000
6030 -377.0000000000
6034 -376.0000000000
6043 -375.0000000000
6054 -374.0000000000
6061 -373.0000000000
6067 -372.0000000000
6069 -371.0000000000
6074 -370.0000000000
6079 -369.0000000000
6082 -368.0000000000
6116 -367.0000000000
6138 -366.0000000000
6151 -365.0000000000
6153 -364.0000000000
6182 -363.0000000000
6186 -362.0000000000
6189 -361.0000000000
6207 -360.0000000000
6220 -359.0000000000
6224 -358.0000000000
6235 -357.0000000000
6237 -356.0000000000
6257 -355.0000000000
6259 -354.0000000000
6277 -353.0000000000
6282 -352.0000000000
6285 -351.0000000000
6293 -350.0000000000
6300 -349.0000000000
6320 -348.0000000000
6325 -347.0000000000
6330 -346.0000000000
6333 -345.0000000000
6342 -344.0000000000
6345 -343.0000000000
6353 -342.0000000000
6370 -341.0000000000
6383 -340.0000000000
6391 -339.0000000000
6395 -338.0000000000
6400 -337.0000000000
6428 -336.0000000000
6442 -335.0000000000
6451 -334.0000000000
6457 -333.0000000000
6460 -332.0000000000
6464 -331.0000000000
6469 -330.0000000000
6477 -329.0000000000
6485 -328.0000000000
6486 -327.0000000000
6493 -326.0000000000
6496 -325.0000000000
6508 -324.0000000000
6519 -323.0000000000
6526 -322.0000000000
6531 -321.0000000000
6536 -320.0000000000
6562 -319.0000000000
6566 -318.0000000000
6572 -317.0000000000
6584 -316.0000000000
6601 -315.0000000000
6616 -314.0000000000
6625 -313.0000000000
6635 -312.0000000000
6644 -311.0000000000
6650 -310.0000000000
6659 -309.0000000000
6667 -308.0000000000
6669 -307.0000000000
6675 -306.0000000000
6680 -305.0000000000
6698 -304.0000000000
6719 -303.0000000000
6721 -302.0000000000
6725 -301.0000000000
6731 -300.0000000000
6746 -299.0000000000
6750 -298.0000000000
6763 -297.0000000000
6775 -296.0000000000
6778 -295.0000000000
6791 -294.0000000000
6811 -293.0000000000
6814 -292.0000000000
6818 -291.0000000000
6824 -290.0000000000
6831 -289.0000000000
6845 -288.0000000000
6850 -287.0000000000
6851 -286.0000000000
6853 -285.0000000000
6880 -284.0000000000
6889 -283.0000000000
6892 -282.0000000000
6906 -281.0000000000
6909 -280.0000000000
6913 -279.0000000000
6919 -278.0000000000
6940 -277.0000000000
6961 -276.0000000000
6962 -275.0000000000
6968 -274.0000000000
6980 -273.0000000000
6992 -272.0000000000
6994 -271.0000000000
7035 -270.0000000000
7039 -269.0000000000
7042 -268.0000000000
7069 -267.0000000000
7076 -266.0000000000
7082 -265.0000000000
7085 -264.0000000000
7105 -263.0000000000
7106 -262.0000000000
7128 -261.0000000000
7131 -260.0000000000
7141 -259.0000000000
7145 -258.0000000000
7150 -257.0000000000
7170 -256.0000000000
7180 -255.0000000000
7200 -254.0000000000
7206 -253.0000000000
7224 -252.0000000000
7235 -251.0000000000
7238 -250.0000000000
7258 -249.0000000000
7261 -248.0000000000
7280 -247.0000000000
7290 -246.0000000000
7291 -245.0000000000
7316 -244.0000000000
7323 -243.0000000000
7325 -242.0000000000
7329 -241.0000000000
7351 -240.0000000000
7355 -239.0000000000
7356 -238.0000000000
7359 -237.0000000000
7360 -236.0000000000
7365 -235.0000000000
7407 -234.0000000000
7413 -233.0000000000
7427 -232.0000000000
7466 -231.0000000000
7484 -230.0000000000
7487 -229.0000000000
7505 -228.0000000000
7515 -227.0000000000
7522 -226.0000000000
7523 -225.0000000000
7532 -224.0000000000
7535 -223.0000000000
7565 -222.0000000000
7579 -221.0000000000
7582 -220.0000000000
7588 -219.0000000000
7594 -218.0000000000
7610 -217.0000000000
7613 -216.0000000000
7626 -215.0000000000
7631 -214.0000000000
7642 -213.0000000000
7660 -212.0000000000
7673 -211.0000000000
7700 -210.0000000000
7704 -209.0000000000
7718 -208.0000000000
7734 -207.0000000000
7739 -206.0000000000
7740 -205.0000000000
7763 -204.0000000000
7764 -203.0000000000
7766 -202.0000000000
7789 -201.0000000000
7802 -200.0000000000
7822 -199.0000000000
7844 -198.0000000000
7854 -197.0000000000
7856 -196.0000000000
7859 -195.0000000000
7860 -194.0000000000
7876 -193.0000000000
7881 -192.0000000000
7882 -191.0000000000
7896 -190.0000000000
7910 -189.0000000000
7926 -188.0000000000
7933 -187.0000000000
7994 -186.0000000000
8030 -185.0000000000
8038 -184.0000000000
8042 -183.0000000000
8054 -182.0000000000
8069 -181.0000000000
8079 -180.0000000000
8101 -179.0000000000
8103 -178.0000000000
8111 -177.0000000000
8117 -176.0000000000
8139 -175.0000000000
8144 -174.0000000000
8155 -173.0000000000
8170 -172.0000000000
8176 -171.0000000000
8204 -170.0000000000
8212 -169.0000000000
8232 -168.0000000000
8237 -167.0000000000
8250 -166.0000000000
8255 -165.0000000000
8259 -164.0000000000
8275 -163.0000000000
8285 -162.0000000000
8290 -161.0000000000
8344 -160.0000000000
8367 -159.0000000000
8377 -158.0000000000
8394 -157.0000000000
8396 -156.0000000000
8409 -155.0000000000
8429 -154.0000000000
8431 -153.0000000000
8435 -152.0000000000
8437 -151.0000000000
8441 -150.0000000000
8449 -149.0000000000
8482 -148.0000000000
8515 -147.0000000000
8562 -146.0000000000
8563 -145.0000000000
8575 -144.0000000000
8582 -143.0000000000
8583 -142.0000000000
8588 -141.0000000000
8628 -140.0000000000
8648 -139.0000000000
8654 -138.0000000000
8662 -137.0000000000
8702 -136.0000000000
8735 -135.0000000000
8761 -134.0000000000
8811 -133.0000000000
8823 -132.0000000000
8825 -131.0000000000
8833 -130.0000000000
8879 -129.0000000000
8883 -128.0000000000
8885 -127.0000000000
8892 -126.0000000000
8953 -125.0000000000
8957 -124.0000000000
8967 -123.0000000000
8975 -122.0000000000
9053 -121.0000000000
9106 -120.0000000000
9126 -119.0000000000
9138 -118.0000000000
9164 -117.0000000000
9172 -116.0000000000
9175 -115.0000000000
9192 -114.0000000000
9196 -113.0000000000
9214 -112.0000000000
9216 -111.0000000000
9220 -110.0000000000
9228 -109.0000000000
9257 -108.0000000000
9275 -107.0000000000
9279 -106.0000000000
9280 -105.0000000000
9285 -104.0000000000
9357 -103.0000000000
9359 -102.0000000000
9385 -101.0000000000
9414 -100.0000000000
9465 -99.0000000000
9521 -98.0000000000
9535 -97.0000000000
9537 -96.0000000000
9563 -95.0000000000
9572 -94.0000000000
9582 -93.0000000000
9587 -92.0000000000
9599 -91.0000000000
9602 -90.0000000000
9625 -89.0000000000
9645 -88.0000000000
9697 -87.0000000000
9710 -86.0000000000
9728 -85.0000000000
9738 -84.0000000000
9740 -83.0000000000
9764 -82.0000000000
9784 -81.0000000000
9798 -80.0000000000
9822 -79.0000000000
9827 -78.0000000000
9829 -77.0000000000
9865 -76.0000000000
9915 -75.0000000000
9956 -74.0000000000
9969 -73.0000000000
10000 -74.0000000000
