# evaluation best
1 0.0
2 10.0
3 11.0
4 11.0
5 19.0
6 19.0
7 20.0
8 29.0
9 35.0
10 35.0
11 35.0
12 35.0
13 35.0
14 35.0
15 36.0
16 36.0
17 36.0
18 36.0
19 36.0
20 36.0
21 36.0
22 36.0
23 36.0
24 36.0
25 36.0
26 36.0
27 36.0
28 40.0
29 40.0
30 40.0
31 40.0
32 40.0
33 40.0
34 40.0
35 40.0
36 40.0
37 40.0
38 40.0
39 45.0
40 51.0
41 51.0
42 51.0
43 51.0
44 51.0
45 51.0
46 51.0
47 51.0
48 51.0
49 51.0
50 51.0
51 51.0
52 51.0
53 51.0
54 51.0
55 51.0
56 51.0
57 51.0
58 51.0
59 51.0
60 51.0
61 51.0
62 51.0
63 51.0
64 51.0
65 51.0
66 51.0
67 51.0
68 51.0
69 51.0
70 51.0
71 51.0
72 51.0
73 51.0
74 51.0
75 51.0
76 51.0
77 51.0
78 51.0
79 51.0
80 51.0
81 51.0
82 51.0
83 51.0
84 51.0
85 51.0
86 51.0
87 51.0
88 51.0
89 51.0
90 51.0
91 51.0
92 51.0
93 51.0
94 51.0
95 51.0
96 51.0
97 51.0
98 51.0
99 51.0
100 51.0
101 51.0
102 51.0
103 51.0
104 51.0
105 51.0
106 51.0
107 51.0
108 51.0
109 51.0
110 51.0
111 51.0
112 51.0
113 51.0
114 51.0
115 51.0
116 51.0
117 51.0
118 51.0
119 51.0
120 51.0
121 51.0
122 51.0
123 51.0
124 51.0
125 51.0
126 51.0
127 51.0
128 51.0
129 51.0
130 51.0
131 51.0
132 51.0
133 51.0
134 51.0
135 51.0
136 53.0
137 53.0
138 53.0
139 53.0
140 53.0
141 53.0
142 53.0
143 53.0
144 53.0
145 53.0
146 53.0
147 53.0
148 53.0
149 53.0
150 53.0
151 53.0
152 53.0
153 53.0
154 53.0
155 53.0
156 53.0
157 53.0
158 53.0
159 53.0
160 53.0
161 53.0
162 53.0
163 53.0
164 53.0
165 53.0
166 53.0
167 53.0
168 53.0
169 53.0
170 53.0
171 53.0
172 53.0
173 53.0
174 53.0
175 53.0
176 53.0
177 53.0
178 53.0
179 53.0
180 53.0
181 53.0
182 53.0
183 53.0
184 53.0
185 53.0
186 53.0
187 53.0
188 53.0
189 53.0
190 53.0
191 53.0
192 53.0
193 53.0
194 53.0
195 53.0
196 53.0
197 53.0
198 53.0
199 53.0
200 53.0
201 53.0
202 53.0
203 53.0
204 53.0
205 53.0
206 53.0
207 53.0
208 53.0
209 53.0
210 53.0
211 53.0
212 53.0
213 53.0
214 53.0
215 53.0
216 53.0
217 53.0
218 53.0
219 53.0
220 53.0
221 53.0
222 53.0
223 53.0
224 53.0
225 53.0
226 53.0
227 53.0
228 53.0
229 53.0
230 53.0
231 53.0
232 53.0
233 53.0
234 53.0
235 53.0
236 53.0
237 53.0
238 53.0
239 53.0
240 53.0
241 53.0
242 53.0
243 53.0
244 53.0
245 53.0
246 53.0
247 53.0
248 53.0
249 53.0
250 53.0
251 53.0
252 53.0
253 53.0
254 53.0
255 53.0
256 53.0
257 53.0
258 53.0
259 53.0
260 53.0
261 53.0
262 53.0
263 53.0
264 53.0
265 53.0
266 53.0
267 53.0
268 53.0
269 53.0
270 53.0
271 53.0
272 53.0
273 53.0
274 53.0
275 53.0
276 53.0
277 53.0
278 53.0
279 53.0
280 53.0
281 53.0
282 53.0
283 53.0
284 53.0
285 53.0
286 53.0
287 53.0
288 53.0
289 53.0
290 53.0
291 53.0
292 53.0
293 53.0
294 53.0
295 53.0
296 53.0
297 53.0
298 53.0
299 53.0
300 53.0
301 53.0
302 53.0
303 53.0
304 53.0
305 53.0
306 53.0
307 53.0
308 53.0
309 53.0
310 53.0
311 53.0
312 53.0
313 53.0
314 53.0
315 53.0
316 53.0
317 53.0
318 53.0
319 53.0
320 53.0
321 53.0
322 53.0
323 53.0
324 53.0
325 53.0
326 53.0
327 53.0
328 53.0
329 53.0
330 53.0
331 53.0
332 53.0
333 53.0
334 53.0
335 53.0
336 53.0
337 65.0
338 65.0
339 65.0
340 70.0
341 73.0
342 73.0
343 73.0
344 73.0
345 73.0
346 73.0
347 73.0
348 73.0
349 73.0
350 73.0
351 73.0
352 73.0
353 73.0
354 73.0
355 73.0
356 73.0
357 73.0
358 73.0
359 73.0
360 73.0
361 73.0
362 73.0
363 73.0
364 73.0
365 73.0
366 73.0
367 73.0
368 73.0
369 73.0
370 73.0
371 73.0
372 73.0
373 73.0
374 73.0
375 73.0
376 73.0
377 73.0
378 73.0
379 73.0
380 73.0
381 73.0
382 73.0
383 73.0
384 73.0
385 73.0
386 73.0
387 73.0
388 73.0
389 73.0
390 73.0
391 73.0
392 73.0
393 73.0
394 73.0
395 73.0
396 73.0
397 73.0
398 73.0
399 73.0
400 73.0
401 73.0
402 73.0
403 73.0
404 73.0
405 73.0
406 73.0
407 73.0
408 73.0
409 73.0
410 73.0
411 73.0
412 73.0
413 73.0
414 73.0
415 73.0
416 73.0
417 73.0
418 73.0
419 73.0
420 73.0
421 73.0
422 73.0
423 73.0
424 73.0
425 73.0
426 73.0
427 73.0
428 73.0
429 73.0
430 73.0
431 73.0
432 73.0
433 73.0
434 73.0
435 73.0
436 73.0
437 73.0
438 73.0
439 73.0
440 73.0
441 73.0
442 73.0
443 73.0
444 73.0
445 73.0
446 73.0
447 73.0
448 73.0
449 73.0
450 73.0
451 73.0
452 73.0
453 73.0
454 73.0
455 73.0
456 73.0
457 73.0
458 73.0
459 73.0
460 73.0
461 73.0
462 73.0
463 73.0
464 73.0
465 73.0
466 73.0
467 73.0
468 73.0
469 73.0
470 73.0
471 73.0
472 73.0
473 73.0
474 73.0
475 73.0
476 73.0
477 73.0
478 73.0
479 73.0
480 73.0
481 73.0
482 73.0
483 73.0
484 73.0
485 73.0
486 73.0
487 73.0
488 73.0
489 73.0
490 73.0
491 73.0
492 73.0
493 73.0
494 73.0
495 73.0
496 73.0
497 73.0
498 73.0
499 73.0
500 73.0
501 73.0
502 73.0
503 73.0
504 73.0
505 73.0
506 73.0
507 73.0
508 73.0
509 73.0
510 73.0
511 73.0
512 73.0
513 73.0
514 73.0
515 73.0
516 73.0
517 73.0
518 73.0
519 73.0
520 73.0
521 73.0
522 73.0
523 73.0
524 73.0
525 73.0
526 73.0
527 73.0
528 73.0
529 73.0
530 73.0
531 73.0
532 73.0
533 73.0
534 73.0
535 73.0
536 73.0
537 73.0
538 73.0
539 73.0
540 73.0
541 73.0
542 73.0
543 73.0
544 73.0
545 73.0
546 73.0
547 73.0
548 73.0
549 73.0
550 73.0
551 73.0
552 73.0
553 73.0
554 73.0
555 73.0
556 73.0
557 73.0
558 73.0
559 73.0
560 73.0
561 73.0
562 73.0
563 73.0
564 73.0
565 73.0
566 73.0
567 73.0
568 73.0
569 73.0
570 73.0
571 73.0
572 73.0
573 73.0
574 73.0
575 73.0
576 73.0
577 73.0
578 73.0
579 73.0
580 73.0
581 73.0
582 73.0
583 73.0
584 73.0
585 73.0
586 73.0
587 73.0
588 73.0
589 73.0
590 73.0
591 73.0
592 73.0
593 73.0
594 73.0
595 73.0
596 73.0
597 73.0
598 73.0
599 73.0
600 73.0
601 73.0
602 73.0
603 73.0
604 73.0
605 73.0
606 73.0
607 73.0
608 73.0
609 73.0
610 73.0
611 73.0
612 73.0
613 73.0
614 73.0
615 73.0
616 73.0
617 73.0
618 73.0
619 73.0
620 73.0
621 73.0
622 73.0
623 73.0
624 73.0
625 73.0
626 73.0
627 73.0
628 73.0
629 73.0
630 73.0
631 73.0
632 73.0
633 73.0
634 73.0
635 73.0
636 73.0
637 73.0
638 73.0
639 73.0
640 73.0
641 73.0
642 73.0
643 73.0
644 73.0
645 73.0
646 73.0
647 73.0
648 73.0
649 73.0
650 73.0
651 73.0
652 73.0
653 73.0
654 73.0
655 73.0
656 73.0
657 73.0
658 73.0
659 73.0
660 73.0
661 73.0
662 73.0
663 73.0
664 73.0
665 73.0
666 73.0
667 73.0
668 73.0
669 73.0
670 73.0
671 73.0
672 73.0
673 73.0
674 73.0
675 73.0
676 73.0
677 73.0
678 73.0
679 73.0
680 73.0
681 73.0
682 73.0
683 73.0
684 73.0
685 73.0
686 73.0
687 73.0
688 73.0
689 73.0
690 73.0
691 73.0
692 73.0
693 73.0
694 73.0
695 73.0
696 73.0
697 73.0
698 73.0
699 73.0
700 73.0
701 73.0
702 73.0
703 73.0
704 73.0
705 73.0
706 73.0
707 73.0
708 73.0
709 73.0
710 73.0
711 73.0
712 73.0
713 73.0
714 73.0
715 73.0
716 73.0
717 73.0
718 73.0
719 73.0
720 73.0
721 73.0
722 73.0
723 73.0
724 73.0
725 73.0
726 73.0
727 73.0
728 73.0
729 73.0
730 73.0
731 73.0
732 73.0
733 73.0
734 73.0
735 73.0
736 73.0
737 73.0
738 73.0
739 73.0
740 73.0
741 73.0
742 73.0
743 73.0
744 73.0
745 73.0
746 73.0
747 73.0
748 73.0
749 73.0
750 73.0
751 73.0
752 73.0
753 73.0
754 73.0
755 73.0
756 73.0
757 73.0
758 73.0
759 73.0
760 73.0
761 73.0
762 73.0
763 73.0
764 73.0
765 73.0
766 73.0
767 73.0
768 73.0
769 73.0
770 73.0
771 73.0
772 73.0
773 73.0
774 73.0
775 73.0
776 73.0
777 73.0
778 73.0
779 73.0
780 73.0
781 73.0
782 73.0
783 73.0
784 73.0
785 73.0
786 73.0
787 73.0
788 73.0
789 73.0
790 73.0
791 73.0
792 73.0
793 73.0
794 73.0
795 73.0
796 73.0
797 73.0
798 73.0
799 73.0
800 73.0
801 73.0
802 73.0
803 73.0
804 73.0
805 73.0
806 73.0
807 73.0
808 73.0
809 73.0
810 73.0
811 73.0
812 73.0
813 73.0
814 73.0
815 73.0
816 73.0
817 73.0
818 73.0
819 73.0
820 73.0
821 73.0
822 73.0
823 73.0
824 73.0
825 73.0
826 73.0
827 73.0
828 73.0
829 73.0
830 73.0
831 73.0
832 73.0
833 73.0
834 73.0
835 73.0
836 73.0
837 73.0
838 73.0
839 73.0
840 73.0
841 73.0
842 73.0
843 73.0
844 73.0
845 73.0
846 73.0
847 73.0
848 73.0
849 73.0
850 73.0
851 73.0
852 73.0
853 73.0
854 73.0
855 73.0
856 73.0
857 73.0
858 73.0
859 73.0
860 73.0
861 73.0
862 73.0
863 73.0
864 73.0
865 73.0
866 73.0
867 73.0
868 73.0
869 73.0
870 73.0
871 73.0
872 73.0
873 73.0
874 73.0
875 73.0
876 73.0
877 73.0
878 73.0
879 73.0
880 73.0
881 73.0
882 73.0
883 73.0
884 73.0
885 73.0
886 73.0
887 73.0
888 73.0
889 73.0
890 73.0
891 73.0
892 73.0
893 73.0
894 73.0
895 73.0
896 73.0
897 73.0
898 73.0
899 73.0
900 73.0
901 73.0
902 73.0
903 73.0
904 73.0
905 73.0
906 73.0
907 73.0
908 73.0
909 73.0
910 73.0
911 73.0
912 73.0
913 73.0
914 73.0
915 73.0
916 73.0
917 73.0
918 73.0
919 73.0
920 73.0
921 73.0
922 73.0
923 73.0
924 73.0
925 73.0
926 73.0
927 73.0
928 73.0
929 73.0
930 73.0
931 73.0
932 73.0
933 73.0
934 73.0
935 73.0
936 73.0
937 73.0
938 73.0
939 73.0
940 73.0
941 73.0
942 73.0
943 73.0
944 73.0
945 73.0
946 73.0
947 73.0
948 73.0
949 73.0
950 73.0
951 73.0
952 73.0
953 73.0
954 73.0
955 73.0
956 73.0
957 73.0
958 73.0
959 73.0
960 73.0
961 73.0
962 73.0
963 73.0
964 73.0
965 73.0
966 73.0
967 73.0
968 73.0
969 73.0
970 73.0
971 73.0
972 73.0
973 73.0
974 73.0
975 73.0
976 73.0
977 73.0
978 73.0
979 73.0
980 73.0
981 73.0
982 73.0
983 73.0
984 73.0
985 73.0
986 73.0
987 73.0
988 73.0
989 73.0
990 73.0
991 73.0
992 73.0
993 73.0
994 73.0
995 73.0
996 73.0
997 73.0
998 73.0
999 73.0
1000 73.0
1001 73.0
1002 73.0
1003 73.0
1004 73.0
1005 73.0
1006 73.0
1007 73.0
1008 73.0
1009 73.0
1010 73.0
1011 73.0
1012 73.0
1013 73.0
1014 73.0
1015 73.0
1016 73.0
1017 73.0
1018 73.0
1019 73.0
1020 73.0
1021 73.0
1022 73.0
1023 73.0
1024 73.0
1025 73.0
1026 73.0
1027 73.0
1028 73.0
1029 73.0
1030 73.0
1031 73.0
1032 73.0
1033 73.0
1034 73.0
1035 73.0
1036 73.0
1037 73.0
1038 73.0
1039 73.0
1040 73.0
1041 73.0
1042 73.0
1043 73.0
1044 73.0
1045 73.0
1046 73.0
1047 73.0
1048 73.0
1049 73.0
1050 73.0
1051 73.0
1052 73.0
1053 73.0
1054 73.0
1055 73.0
1056 73.0
1057 73.0
1058 73.0
1059 73.0
1060 73.0
1061 73.0
1062 73.0
1063 73.0
1064 73.0
1065 73.0
1066 73.0
1067 73.0
1068 73.0
1069 73.0
1070 73.0
1071 73.0
1072 73.0
1073 73.0
1074 73.0
1075 73.0
1076 73.0
1077 73.0
1078 73.0
1079 73.0
1080 73.0
1081 73.0
1082 73.0
1083 73.0
1084 73.0
1085 73.0
1086 73.0
1087 73.0
1088 73.0
1089 73.0
1090 73.0
1091 73.0
1092 73.0
1093 73.0
1094 73.0
1095 73.0
1096 73.0
1097 73.0
1098 73.0
1099 73.0
1100 73.0
1101 73.0
1102 73.0
1103 73.0
1104 73.0
1105 73.0
1106 73.0
1107 73.0
1108 73.0
1109 73.0
1110 73.0
1111 73.0
1112 73.0
1113 73.0
1114 73.0
1115 73.0
1116 73.0
1117 73.0
1118 73.0
1119 73.0
1120 73.0
1121 73.0
1122 73.0
1123 73.0
1124 73.0
1125 73.0
1126 73.0
1127 73.0
1128 73.0
1129 73.0
1130 73.0
1131 73.0
1132 73.0
1133 73.0
1134 73.0
1135 73.0
1136 73.0
1137 73.0
1138 73.0
1139 73.0
1140 73.0
1141 73.0
1142 73.0
1143 73.0
1144 73.0
1145 73.0
1146 73.0
1147 73.0
1148 73.0
1149 73.0
1150 73.0
1151 73.0
1152 73.0
1153 73.0
1154 73.0
1155 73.0
1156 73.0
1157 73.0
1158 73.0
1159 73.0
1160 73.0
1161 73.0
1162 73.0
1163 73.0
1164 73.0
1165 73.0
1166 73.0
1167 73.0
1168 73.0
1169 73.0
1170 73.0
1171 73.0
1172 73.0
1173 73.0
1174 73.0
1175 73.0
1176 73.0
1177 73.0
1178 73.0
1179 73.0
1180 73.0
1181 73.0
1182 73.0
1183 73.0
1184 73.0
1185 73.0
1186 73.0
1187 73.0
1188 73.0
1189 73.0
1190 73.0
1191 73.0
1192 73.0
1193 73.0
1194 73.0
1195 73.0
1196 73.0
1197 73.0
1198 73.0
1199 73.0
1200 73.0
1201 73.0
1202 73.0
1203 73.0
1204 73.0
1205 73.0
1206 73.0
1207 73.0
1208 73.0
1209 73.0
1210 73.0
1211 73.0
1212 73.0
1213 73.0
1214 73.0
1215 73.0
1216 73.0
1217 73.0
1218 73.0
1219 73.0
1220 73.0
1221 73.0
1222 73.0
1223 73.0
1224 73.0
1225 73.0
1226 73.0
1227 73.0
1228 73.0
1229 73.0
1230 73.0
1231 73.0
1232 73.0
1233 73.0
1234 73.0
1235 73.0
1236 73.0
1237 73.0
1238 73.0
1239 73.0
1240 73.0
1241 73.0
1242 73.0
1243 73.0
1244 73.0
1245 73.0
1246 73.0
1247 73.0
1248 73.0
1249 73.0
1250 73.0
1251 73.0
1252 73.0
1253 73.0
1254 73.0
1255 73.0
1256 73.0
1257 73.0
1258 73.0
1259 73.0
1260 73.0
1261 73.0
1262 73.0
1263 73.0
1264 73.0
1265 73.0
1266 73.0
1267 73.0
1268 73.0
1269 73.0
1270 73.0
1271 73.0
1272 73.0
1273 73.0
1274 73.0
1275 73.0
1276 73.0
1277 73.0
1278 73.0
1279 73.0
1280 73.0
1281 73.0
1282 73.0
1283 73.0
1284 73.0
1285 73.0
1286 73.0
1287 73.0
1288 73.0
1289 73.0
1290 73.0
1291 73.0
1292 73.0
1293 73.0
1294 73.0
1295 73.0
1296 73.0
1297 73.0
1298 73.0
1299 73.0
1300 73.0
1301 73.0
1302 73.0
1303 73.0
1304 73.0
1305 73.0
1306 73.0
1307 73.0
1308 73.0
1309 73.0
1310 73.0
1311 73.0
1312 73.0
1313 73.0
1314 73.0
1315 73.0
1316 73.0
1317 73.0
1318 73.0
1319 73.0
1320 73.0
1321 73.0
1322 73.0
1323 73.0
1324 73.0
1325 73.0
1326 73.0
1327 73.0
1328 73.0
1329 73.0
1330 73.0
1331 73.0
1332 73.0
1333 73.0
1334 73.0
1335 73.0
1336 73.0
1337 73.0
1338 73.0
1339 73.0
1340 73.0
1341 73.0
1342 73.0
1343 73.0
1344 73.0
1345 73.0
1346 73.0
1347 73.0
1348 73.0
1349 73.0
1350 73.0
1351 73.0
1352 73.0
1353 73.0
1354 73.0
1355 73.0
1356 73.0
1357 73.0
1358 73.0
1359 73.0
1360 73.0
1361 73.0
1362 73.0
1363 73.0
1364 73.0
1365 73.0
1366 73.0
1367 73.0
1368 73.0
1369 73.0
1370 73.0
1371 73.0
1372 73.0
1373 73.0
1374 73.0
1375 73.0
1376 73.0
1377 73.0
1378 73.0
1379 73.0
1380 73.0
1381 73.0
1382 73.0
1383 73.0
1384 73.0
1385 73.0
1386 73.0
1387 73.0
1388 73.0
1389 73.0
1390 73.0
1391 73.0
1392 73.0
1393 73.0
1394 73.0
1395 73.0
1396 73.0
1397 73.0
1398 73.0
1399 73.0
1400 73.0
1401 73.0
1402 73.0
1403 73.0
1404 73.0
1405 73.0
1406 73.0
1407 73.0
1408 73.0
1409 73.0
1410 73.0
1411 73.0
1412 73.0
1413 73.0
1414 73.0
1415 73.0
1416 73.0
1417 73.0
1418 73.0
1419 73.0
1420 73.0
1421 73.0
1422 73.0
1423 73.0
1424 73.0
1425 73.0
1426 73.0
1427 73.0
1428 73.0
1429 73.0
1430 73.0
1431 73.0
1432 73.0
1433 73.0
1434 73.0
1435 73.0
1436 73.0
1437 73.0
1438 73.0
1439 73.0
1440 73.0
1441 73.0
1442 73.0
1443 73.0
1444 73.0
1445 73.0
1446 73.0
1447 73.0
1448 73.0
1449 73.0
1450 73.0
1451 73.0
1452 73.0
1453 73.0
1454 73.0
1455 73.0
1456 73.0
1457 73.0
1458 73.0
1459 73.0
1460 73.0
1461 73.0
1462 73.0
1463 73.0
1464 73.0
1465 73.0
1466 73.0
1467 73.0
1468 73.0
1469 73.0
1470 73.0
1471 73.0
1472 73.0
1473 73.0
1474 73.0
1475 73.0
1476 73.0
1477 73.0
1478 73.0
1479 73.0
1480 73.0
1481 73.0
1482 73.0
1483 73.0
1484 73.0
1485 73.0
1486 73.0
1487 73.0
1488 73.0
1489 73.0
1490 73.0
1491 73.0
1492 73.0
1493 73.0
1494 73.0
1495 73.0
1496 73.0
1497 73.0
1498 73.0
1499 73.0
1500 73.0
1501 73.0
1502 73.0
1503 73.0
1504 73.0
1505 73.0
1506 73.0
1507 73.0
1508 73.0
1509 73.0
1510 73.0
1511 73.0
1512 73.0
1513 73.0
1514 73.0
1515 73.0
1516 73.0
1517 73.0
1518 73.0
1519 73.0
1520 73.0
1521 73.0
1522 73.0
1523 73.0
1524 73.0
1525 73.0
1526 73.0
1527 73.0
1528 73.0
1529 73.0
1530 73.0
1531 73.0
1532 73.0
1533 73.0
1534 73.0
1535 73.0
1536 73.0
1537 73.0
1538 73.0
1539 73.0
1540 73.0
1541 73.0
1542 73.0
1543 73.0
1544 73.0
1545 73.0
1546 73.0
1547 73.0
1548 73.0
1549 73.0
1550 73.0
1551 73.0
1552 73.0
1553 73.0
1554 73.0
1555 73.0
1556 73.0
1557 73.0
1558 73.0
1559 73.0
1560 73.0
1561 73.0
1562 73.0
1563 73.0
1564 73.0
1565 73.0
1566 73.0
1567 73.0
1568 73.0
1569 73.0
1570 73.0
1571 73.0
1572 73.0
1573 73.0
1574 73.0
1575 73.0
1576 73.0
1577 73.0
1578 73.0
1579 73.0
1580 73.0
1581 73.0
1582 73.0
1583 73.0
1584 73.0
1585 73.0
1586 73.0
1587 73.0
1588 73.0
1589 73.0
1590 73.0
1591 73.0
1592 73.0
1593 73.0
1594 73.0
1595 73.0
1596 73.0
1597 73.0
1598 73.0
1599 73.0
1600 73.0
1601 73.0
1602 73.0
1603 73.0
1604 73.0
1605 73.0
1606 73.0
1607 73.0
1608 73.0
1609 73.0
1610 73.0
1611 73.0
1612 73.0
1613 73.0
1614 73.0
1615 73.0
1616 73.0
1617 73.0
1618 73.0
1619 73.0
1620 73.0
1621 73.0
1622 73.0
1623 73.0
1624 73.0
1625 73.0
1626 73.0
1627 73.0
1628 73.0
1629 73.0
1630 73.0
1631 73.0
1632 73.0
1633 73.0
1634 73.0
1635 73.0
1636 73.0
1637 73.0
1638 73.0
1639 73.0
1640 73.0
1641 73.0
1642 73.0
1643 73.0
1644 73.0
1645 73.0
1646 73.0
1647 73.0
1648 73.0
1649 73.0
1650 73.0
1651 73.0
1652 73.0
1653 73.0
1654 73.0
1655 73.0
1656 73.0
1657 73.0
1658 73.0
1659 73.0
1660 73.0
1661 73.0
1662 73.0
1663 73.0
1664 73.0
1665 73.0
1666 73.0
1667 73.0
1668 73.0
1669 73.0
1670 73.0
1671 73.0
1672 73.0
1673 73.0
1674 73.0
1675 73.0
1676 73.0
1677 73.0
1678 73.0
1679 73.0
1680 73.0
1681 73.0
1682 73.0
1683 73.0
1684 73.0
1685 73.0
1686 73.0
1687 73.0
1688 73.0
1689 73.0
1690 73.0
1691 73.0
1692 73.0
1693 73.0
1694 73.0
1695 73.0
1696 73.0
1697 73.0
1698 73.0
1699 73.0
1700 73.0
1701 73.0
1702 73.0
1703 73.0
1704 73.0
1705 73.0
1706 73.0
1707 73.0
1708 73.0
1709 73.0
1710 73.0
1711 73.0
1712 73.0
1713 73.0
1714 73.0
1715 73.0
1716 73.0
1717 73.0
1718 73.0
1719 73.0
1720 73.0
1721 73.0
1722 73.0
1723 73.0
1724 73.0
1725 73.0
1726 73.0
1727 73.0
1728 73.0
1729 73.0
1730 73.0
1731 73.0
1732 73.0
1733 73.0
1734 73.0
1735 73.0
1736 73.0
1737 73.0
1738 73.0
1739 73.0
1740 73.0
1741 73.0
1742 73.0
1743 73.0
1744 73.0
1745 73.0
1746 73.0
1747 73.0
1748 73.0
1749 73.0
1750 73.0
1751 73.0
1752 73.0
1753 73.0
1754 73.0
1755 73.0
1756 73.0
1757 73.0
1758 73.0
1759 73.0
1760 73.0
1761 73.0
1762 73.0
1763 73.0
1764 73.0
1765 73.0
1766 73.0
1767 73.0
1768 73.0
1769 73.0
1770 73.0
1771 73.0
1772 73.0
1773 73.0
1774 73.0
1775 73.0
1776 73.0
1777 73.0
1778 73.0
1779 73.0
1780 73.0
1781 73.0
1782 73.0
1783 73.0
1784 73.0
1785 73.0
1786 73.0
1787 73.0
1788 73.0
1789 73.0
1790 73.0
1791 73.0
1792 73.0
1793 73.0
1794 73.0
1795 73.0
1796 73.0
1797 73.0
1798 73.0
1799 73.0
1800 73.0
1801 73.0
1802 73.0
1803 73.0
1804 73.0
1805 73.0
1806 73.0
1807 73.0
1808 73.0
1809 73.0
1810 73.0
1811 73.0
1812 73.0
1813 73.0
1814 73.0
1815 73.0
1816 73.0
1817 73.0
1818 73.0
1819 73.0
1820 73.0
1821 73.0
1822 73.0
1823 73.0
1824 73.0
1825 73.0
1826 73.0
1827 73.0
1828 73.0
1829 73.0
1830 73.0
1831 73.0
1832 73.0
1833 73.0
1834 73.0
1835 73.0
1836 73.0
1837 73.0
1838 73.0
1839 73.0
1840 73.0
1841 73.0
1842 73.0
1843 73.0
1844 73.0
1845 73.0
1846 73.0
1847 73.0
1848 73.0
1849 73.0
1850 73.0
1851 73.0
1852 73.0
1853 73.0
1854 73.0
1855 73.0
1856 73.0
1857 73.0
1858 73.0
1859 73.0
1860 73.0
1861 73.0
1862 73.0
1863 73.0
1864 73.0
1865 73.0
1866 73.0
1867 73.0
1868 73.0
1869 73.0
1870 73.0
1871 73.0
1872 73.0
1873 73.0
1874 73.0
1875 73.0
1876 73.0
1877 73.0
1878 73.0
1879 73.0
1880 73.0
1881 73.0
1882 73.0
1883 73.0
1884 73.0
1885 73.0
1886 73.0
1887 73.0
1888 73.0
1889 73.0
1890 73.0
1891 73.0
1892 73.0
1893 73.0
1894 73.0
1895 73.0
1896 73.0
1897 73.0
1898 73.0
1899 73.0
1900 73.0
1901 73.0
1902 73.0
1903 73.0
1904 73.0
1905 73.0
1906 73.0
1907 73.0
1908 73.0
1909 73.0
1910 73.0
1911 73.0
1912 73.0
1913 73.0
1914 73.0
1915 73.0
1916 73.0
1917 73.0
1918 73.0
1919 73.0
1920 73.0
1921 73.0
1922 73.0
1923 73.0
1924 73.0
1925 73.0
1926 73.0
1927 73.0
1928 73.0
1929 73.0
1930 73.0
1931 73.0
1932 73.0
1933 73.0
1934 73.0
1935 73.0
1936 73.0
1937 73.0
1938 73.0
1939 73.0
1940 73.0
1941 73.0
1942 73.0
1943 73.0
1944 73.0
1945 73.0
1946 73.0
1947 73.0
1948 73.0
1949 73.0
1950 73.0
1951 73.0
1952 73.0
1953 73.0
1954 73.0
1955 73.0
1956 73.0
1957 73.0
1958 73.0
1959 73.0
1960 73.0
1961 73.0
1962 73.0
1963 73.0
1964 73.0
1965 73.0
1966 73.0
1967 73.0
1968 73.0
1969 73.0
1970 73.0
1971 73.0
1972 73.0
1973 73.0
1974 73.0
1975 73.0
1976 73.0
1977 73.0
1978 73.0
1979 73.0
1980 73.0
1981 73.0
1982 73.0
1983 73.0
1984 73.0
1985 73.0
1986 73.0
1987 73.0
1988 73.0
1989 73.0
1990 73.0
1991 73.0
1992 73.0
1993 73.0
1994 73.0
1995 73.0
1996 73.0
1997 73.0
1998 73.0
1999 73.0
2000 73.0
2001 73.0
2002 73.0
2003 73.0
2004 73.0
2005 73.0
2006 73.0
2007 73.0
2008 73.0
2009 73.0
2010 73.0
2011 73.0
2012 73.0
2013 73.0
2014 73.0
2015 73.0
2016 73.0
2017 73.0
2018 73.0
2019 73.0
2020 73.0
2021 73.0
2022 73.0
2023 73.0
2024 73.0
2025 73.0
2026 73.0
2027 73.0
2028 73.0
2029 73.0
2030 73.0
2031 73.0
2032 73.0
2033 73.0
2034 73.0
2035 73.0
2036 73.0
2037 73.0
2038 73.0
2039 73.0
2040 73.0
2041 73.0
2042 73.0
2043 73.0
2044 73.0
2045 73.0
2046 73.0
2047 73.0
2048 73.0
2049 73.0
2050 73.0
2051 73.0
2052 73.0
2053 73.0
2054 73.0
2055 73.0
2056 73.0
2057 73.0
2058 73.0
2059 73.0
2060 73.0
2061 73.0
2062 73.0
2063 73.0
2064 73.0
2065 73.0
2066 73.0
2067 73.0
2068 73.0
2069 73.0
2070 73.0
2071 73.0
2072 73.0
2073 73.0
2074 73.0
2075 73.0
2076 73.0
2077 73.0
2078 73.0
2079 73.0
2080 73.0
2081 73.0
2082 73.0
2083 73.0
2084 73.0
2085 73.0
2086 73.0
2087 73.0
2088 73.0
2089 73.0
2090 73.0
2091 73.0
2092 73.0
2093 73.0
2094 73.0
2095 73.0
2096 73.0
2097 73.0
2098 73.0
2099 73.0
2100 73.0
2101 73.0
2102 73.0
2103 73.0
2104 73.0
2105 73.0
2106 73.0
2107 73.0
2108 73.0
2109 73.0
2110 73.0
2111 73.0
2112 73.0
2113 73.0
2114 73.0
2115 73.0
2116 73.0
2117 73.0
2118 73.0
2119 73.0
2120 73.0
2121 73.0
2122 73.0
2123 73.0
2124 73.0
2125 73.0
2126 73.0
2127 73.0
2128 73.0
2129 73.0
2130 73.0
2131 73.0
2132 73.0
2133 73.0
2134 73.0
2135 73.0
2136 73.0
2137 73.0
2138 73.0
2139 73.0
2140 73.0
2141 73.0
2142 73.0
2143 73.0
2144 73.0
2145 73.0
2146 73.0
2147 73.0
2148 73.0
2149 73.0
2150 73.0
2151 73.0
2152 73.0
2153 73.0
2154 73.0
2155 73.0
2156 73.0
2157 73.0
2158 73.0
2159 73.0
2160 73.0
2161 73.0
2162 73.0
2163 73.0
2164 73.0
2165 73.0
2166 73.0
2167 73.0
2168 73.0
2169 73.0
2170 73.0
2171 73.0
2172 73.0
2173 73.0
2174 73.0
2175 73.0
2176 73.0
2177 73.0
2178 73.0
2179 73.0
2180 73.0
2181 73.0
2182 73.0
2183 73.0
2184 73.0
2185 73.0
2186 73.0
2187 73.0
2188 73.0
2189 73.0
2190 73.0
2191 73.0
2192 73.0
2193 73.0
2194 73.0
2195 73.0
2196 73.0
2197 73.0
2198 73.0
2199 73.0
2200 73.0
2201 73.0
2202 73.0
2203 73.0
2204 73.0
2205 73.0
2206 73.0
2207 73.0
2208 73.0
2209 73.0
2210 73.0
2211 73.0
2212 73.0
2213 73.0
2214 73.0
2215 73.0
2216 73.0
2217 73.0
2218 73.0
2219 73.0
2220 73.0
2221 73.0
2222 73.0
2223 73.0
2224 73.0
2225 73.0
2226 73.0
2227 73.0
2228 73.0
2229 73.0
2230 73.0
2231 73.0
2232 73.0
2233 73.0
2234 73.0
2235 73.0
2236 73.0
2237 73.0
2238 73.0
2239 73.0
2240 73.0
2241 73.0
2242 73.0
2243 73.0
2244 73.0
2245 73.0
2246 73.0
2247 73.0
2248 73.0
2249 73.0
2250 73.0
2251 73.0
2252 73.0
2253 73.0
2254 73.0
2255 73.0
2256 73.0
2257 73.0
2258 73.0
2259 73.0
2260 73.0
2261 73.0
2262 73.0
2263 73.0
2264 73.0
2265 73.0
2266 73.0
2267 73.0
2268 73.0
2269 73.0
2270 73.0
2271 73.0
2272 73.0
2273 73.0
2274 73.0
2275 73.0
2276 73.0
2277 73.0
2278 73.0
2279 73.0
2280 73.0
2281 73.0
2282 73.0
2283 73.0
2284 73.0
2285 73.0
2286 73.0
2287 73.0
2288 73.0
2289 73.0
2290 73.0
2291 73.0
2292 73.0
2293 73.0
2294 73.0
2295 73.0
2296 73.0
2297 73.0
2298 73.0
2299 73.0
2300 73.0
2301 73.0
2302 73.0
2303 73.0
2304 73.0
2305 73.0
2306 73.0
2307 73.0
2308 73.0
2309 73.0
2310 73.0
2311 73.0
2312 73.0
2313 73.0
2314 73.0
2315 73.0
2316 73.0
2317 73.0
2318 73.0
2319 73.0
2320 73.0
2321 73.0
2322 73.0
2323 73.0
2324 73.0
2325 73.0
2326 73.0
2327 73.0
2328 73.0
2329 73.0
2330 73.0
2331 73.0
2332 73.0
2333 73.0
2334 73.0
2335 73.0
2336 73.0
2337 73.0
2338 73.0
2339 73.0
2340 73.0
2341 73.0
2342 73.0
2343 73.0
2344 73.0
2345 73.0
2346 73.0
2347 73.0
2348 73.0
2349 73.0
2350 73.0
2351 73.0
2352 73.0
2353 73.0
2354 73.0
2355 73.0
2356 73.0
2357 73.0
2358 73.0
2359 73.0
2360 73.0
2361 73.0
2362 73.0
2363 73.0
2364 73.0
2365 73.0
2366 73.0
2367 73.0
2368 73.0
2369 73.0
2370 73.0
2371 73.0
2372 73.0
2373 73.0
2374 73.0
2375 73.0
2376 73.0
2377 73.0
2378 73.0
2379 73.0
2380 73.0
2381 73.0
2382 73.0
2383 73.0
2384 73.0
2385 73.0
2386 73.0
2387 73.0
2388 73.0
2389 73.0
2390 73.0
2391 73.0
2392 73.0
2393 73.0
2394 73.0
2395 73.0
2396 73.0
2397 73.0
2398 73.0
2399 73.0
2400 73.0
2401 73.0
2402 73.0
2403 73.0
2404 73.0
2405 73.0
2406 73.0
2407 73.0
2408 73.0
2409 73.0
2410 73.0
2411 73.0
2412 73.0
2413 73.0
2414 73.0
2415 73.0
2416 73.0
2417 73.0
2418 73.0
2419 73.0
2420 73.0
2421 73.0
2422 73.0
2423 73.0
2424 73.0
2425 73.0
2426 73.0
2427 73.0
2428 73.0
2429 73.0
2430 73.0
2431 73.0
2432 73.0
2433 73.0
2434 73.0
2435 73.0
2436 73.0
2437 73.0
2438 73.0
2439 73.0
2440 73.0
2441 73.0
2442 73.0
2443 73.0
2444 73.0
2445 73.0
2446 73.0
2447 73.0
2448 73.0
2449 73.0
2450 73.0
2451 73.0
2452 73.0
2453 73.0
2454 73.0
2455 73.0
2456 73.0
2457 73.0
2458 73.0
2459 73.0
2460 73.0
2461 73.0
2462 73.0
2463 73.0
2464 73.0
2465 73.0
2466 73.0
2467 73.0
2468 73.0
2469 73.0
2470 73.0
2471 73.0
2472 73.0
2473 73.0
2474 73.0
2475 73.0
2476 73.0
2477 73.0
2478 73.0
2479 73.0
2480 73.0
2481 73.0
2482 73.0
2483 73.0
2484 73.0
2485 73.0
2486 73.0
2487 73.0
2488 73.0
2489 73.0
2490 73.0
2491 73.0
2492 73.0
2493 73.0
2494 73.0
2495 73.0
2496 73.0
2497 73.0
2498 73.0
2499 73.0
2500 73.0
2501 73.0
2502 73.0
2503 73.0
2504 73.0
2505 73.0
2506 73.0
2507 73.0
2508 73.0
2509 73.0
2510 73.0
2511 73.0
2512 73.0
2513 73.0
2514 73.0
2515 73.0
2516 73.0
2517 73.0
2518 73.0
2519 73.0
2520 73.0
2521 73.0
2522 73.0
2523 73.0
2524 73.0
2525 73.0
2526 73.0
2527 73.0
2528 73.0
2529 73.0
2530 73.0
2531 73.0
2532 73.0
2533 73.0
2534 73.0
2535 73.0
2536 73.0
2537 73.0
2538 73.0
2539 73.0
2540 73.0
2541 73.0
2542 73.0
2543 73.0
2544 73.0
2545 73.0
2546 73.0
2547 73.0
2548 73.0
2549 73.0
2550 73.0
2551 73.0
2552 73.0
2553 73.0
2554 73.0
2555 73.0
2556 73.0
2557 73.0
2558 73.0
2559 73.0
2560 73.0
2561 73.0
2562 73.0
2563 73.0
2564 73.0
2565 73.0
2566 73.0
2567 73.0
2568 73.0
2569 73.0
2570 73.0
2571 73.0
2572 73.0
2573 73.0
2574 73.0
2575 73.0
2576 73.0
2577 73.0
2578 73.0
2579 73.0
2580 73.0
2581 73.0
2582 73.0
2583 73.0
2584 73.0
2585 73.0
2586 73.0
2587 73.0
2588 73.0
2589 73.0
2590 73.0
2591 73.0
2592 73.0
2593 73.0
2594 73.0
2595 73.0
2596 73.0
2597 73.0
2598 73.0
2599 73.0
2600 73.0
2601 73.0
2602 73.0
2603 73.0
2604 73.0
2605 73.0
2606 73.0
2607 73.0
2608 73.0
2609 73.0
2610 73.0
2611 73.0
2612 73.0
2613 73.0
2614 73.0
2615 73.0
2616 73.0
2617 73.0
2618 73.0
2619 73.0
2620 73.0
2621 73.0
2622 73.0
2623 73.0
2624 73.0
2625 73.0
2626 73.0
2627 73.0
2628 73.0
2629 73.0
2630 73.0
2631 73.0
2632 73.0
2633 73.0
2634 73.0
2635 73.0
2636 73.0
2637 73.0
2638 73.0
2639 73.0
2640 73.0
2641 73.0
2642 73.0
2643 73.0
2644 73.0
2645 73.0
2646 73.0
2647 73.0
2648 73.0
2649 73.0
2650 73.0
2651 73.0
2652 73.0
2653 73.0
2654 73.0
2655 73.0
2656 73.0
2657 73.0
2658 73.0
2659 73.0
2660 73.0
2661 73.0
2662 73.0
2663 73.0
2664 73.0
2665 73.0
2666 73.0
2667 73.0
2668 73.0
2669 73.0
2670 73.0
2671 73.0
2672 73.0
2673 73.0
2674 73.0
2675 73.0
2676 73.0
2677 73.0
2678 73.0
2679 73.0
2680 73.0
2681 73.0
2682 73.0
2683 73.0
2684 73.0
2685 73.0
2686 73.0
2687 73.0
2688 73.0
2689 73.0
2690 73.0
2691 73.0
2692 73.0
2693 73.0
2694 73.0
2695 73.0
2696 73.0
2697 73.0
2698 73.0
2699 73.0
2700 73.0
2701 73.0
2702 73.0
2703 73.0
2704 73.0
2705 73.0
2706 73.0
2707 73.0
2708 73.0
2709 73.0
2710 73.0
2711 73.0
2712 73.0
2713 73.0
2714 73.0
2715 73.0
2716 73.0
2717 73.0
2718 73.0
2719 73.0
2720 73.0
2721 73.0
2722 73.0
2723 73.0
2724 73.0
2725 73.0
2726 73.0
2727 73.0
2728 73.0
2729 73.0
2730 73.0
2731 73.0
2732 73.0
2733 73.0
2734 73.0
2735 73.0
2736 73.0
2737 73.0
2738 73.0
2739 73.0
2740 73.0
2741 73.0
2742 73.0
2743 73.0
2744 73.0
2745 73.0
2746 73.0
2747 73.0
2748 73.0
2749 73.0
2750 73.0
2751 73.0
2752 73.0
2753 73.0
2754 73.0
2755 73.0
2756 73.0
2757 73.0
2758 73.0
2759 73.0
2760 73.0
2761 73.0
2762 73.0
2763 73.0
2764 73.0
2765 73.0
2766 73.0
2767 73.0
2768 73.0
2769 73.0
2770 73.0
2771 73.0
2772 73.0
2773 73.0
2774 73.0
2775 73.0
2776 73.0
2777 73.0
2778 73.0
2779 73.0
2780 73.0
2781 73.0
2782 73.0
2783 73.0
2784 73.0
2785 73.0
2786 73.0
2787 73.0
2788 73.0
2789 73.0
2790 73.0
2791 73.0
2792 73.0
2793 73.0
2794 73.0
2795 73.0
2796 73.0
2797 73.0
2798 73.0
2799 73.0
2800 73.0
2801 73.0
2802 73.0
2803 73.0
2804 73.0
2805 73.0
2806 73.0
2807 73.0
2808 73.0
2809 73.0
2810 73.0
2811 73.0
2812 73.0
2813 73.0
2814 73.0
2815 73.0
2816 73.0
2817 73.0
2818 73.0
2819 73.0
2820 73.0
2821 73.0
2822 73.0
2823 73.0
2824 73.0
2825 73.0
2826 73.0
2827 73.0
2828 73.0
2829 73.0
2830 73.0
2831 73.0
2832 73.0
2833 73.0
2834 73.0
2835 73.0
2836 73.0
2837 73.0
2838 73.0
2839 73.0
2840 73.0
2841 73.0
2842 73.0
2843 73.0
2844 73.0
2845 73.0
2846 73.0
2847 73.0
2848 73.0
2849 73.0
2850 73.0
2851 73.0
2852 73.0
2853 73.0
2854 73.0
2855 73.0
2856 73.0
2857 73.0
2858 73.0
2859 73.0
2860 73.0
2861 73.0
2862 73.0
2863 73.0
2864 73.0
2865 73.0
2866 73.0
2867 73.0
2868 73.0
2869 73.0
2870 73.0
2871 73.0
2872 73.0
2873 73.0
2874 73.0
2875 73.0
2876 73.0
2877 73.0
2878 73.0
2879 73.0
2880 73.0
2881 73.0
2882 73.0
2883 73.0
2884 73.0
2885 73.0
2886 73.0
2887 73.0
2888 73.0
2889 73.0
2890 73.0
2891 73.0
2892 73.0
2893 73.0
2894 73.0
2895 73.0
2896 73.0
2897 73.0
2898 73.0
2899 73.0
2900 73.0
2901 73.0
2902 73.0
2903 73.0
2904 73.0
2905 73.0
2906 73.0
2907 73.0
2908 73.0
2909 73.0
2910 73.0
2911 73.0
2912 73.0
2913 73.0
2914 73.0
2915 73.0
2916 73.0
2917 73.0
2918 73.0
2919 73.0
2920 73.0
2921 73.0
2922 73.0
2923 73.0
2924 73.0
2925 73.0
2926 73.0
2927 73.0
2928 73.0
2929 73.0
2930 73.0
2931 73.0
2932 73.0
2933 73.0
2934 73.0
2935 73.0
2936 73.0
2937 73.0
2938 73.0
2939 73.0
2940 73.0
2941 73.0
2942 73.0
2943 73.0
2944 73.0
2945 73.0
2946 73.0
2947 73.0
2948 73.0
2949 73.0
2950 73.0
2951 73.0
2952 73.0
2953 73.0
2954 73.0
2955 73.0
2956 73.0
2957 73.0
2958 73.0
2959 73.0
2960 73.0
2961 73.0
2962 73.0
2963 73.0
2964 73.0
2965 73.0
2966 73.0
2967 73.0
2968 73.0
2969 73.0
2970 73.0
2971 73.0
2972 73.0
2973 73.0
2974 73.0
2975 73.0
2976 73.0
2977 73.0
2978 73.0
2979 73.0
2980 73.0
2981 73.0
2982 73.0
2983 73.0
2984 73.0
2985 73.0
2986 73.0
2987 73.0
2988 73.0
2989 73.0
2990 73.0
2991 73.0
2992 73.0
2993 73.0
2994 73.0
2995 73.0
2996 73.0
2997 73.0
2998 73.0
2999 73.0
3000 73.0
3001 73.0
3002 73.0
3003 73.0
3004 73.0
3005 73.0
3006 73.0
3007 73.0
3008 73.0
3009 73.0
3010 73.0
3011 73.0
3012 73.0
3013 73.0
3014 73.0
3015 73.0
3016 73.0
3017 73.0
3018 73.0
3019 73.0
3020 73.0
3021 73.0
3022 73.0
3023 73.0
3024 73.0
3025 73.0
3026 73.0
3027 73.0
3028 73.0
3029 73.0
3030 73.0
3031 73.0
3032 73.0
3033 73.0
3034 73.0
3035 73.0
3036 73.0
3037 73.0
3038 73.0
3039 73.0
3040 73.0
3041 73.0
3042 73.0
3043 73.0
3044 73.0
3045 73.0
3046 73.0
3047 73.0
3048 73.0
3049 73.0
3050 73.0
3051 73.0
3052 73.0
3053 73.0
3054 73.0
3055 73.0
3056 73.0
3057 73.0
3058 73.0
3059 73.0
3060 73.0
3061 73.0
3062 73.0
3063 73.0
3064 73.0
3065 73.0
3066 73.0
3067 73.0
3068 73.0
3069 73.0
3070 73.0
3071 73.0
3072 73.0
3073 73.0
3074 73.0
3075 73.0
3076 73.0
3077 73.0
3078 73.0
3079 73.0
3080 73.0
3081 73.0
3082 73.0
3083 73.0
3084 73.0
3085 73.0
3086 73.0
3087 73.0
3088 73.0
3089 73.0
3090 73.0
3091 73.0
3092 73.0
3093 73.0
3094 73.0
3095 73.0
3096 73.0
3097 73.0
3098 73.0
3099 73.0
3100 73.0
3101 73.0
3102 73.0
3103 73.0
3104 73.0
3105 73.0
3106 73.0
3107 73.0
3108 73.0
3109 73.0
3110 73.0
3111 73.0
3112 73.0
3113 73.0
3114 73.0
3115 73.0
3116 73.0
3117 73.0
3118 73.0
3119 73.0
3120 73.0
3121 73.0
3122 73.0
3123 73.0
3124 73.0
3125 73.0
3126 73.0
3127 73.0
3128 73.0
3129 73.0
3130 73.0
3131 73.0
3132 73.0
3133 73.0
3134 73.0
3135 73.0
3136 73.0
3137 73.0
3138 73.0
3139 73.0
3140 73.0
3141 73.0
3142 73.0
3143 73.0
3144 73.0
3145 73.0
3146 73.0
3147 73.0
3148 73.0
3149 73.0
3150 73.0
3151 73.0
3152 73.0
3153 73.0
3154 73.0
3155 73.0
3156 73.0
3157 73.0
3158 73.0
3159 73.0
3160 73.0
3161 73.0
3162 73.0
3163 73.0
3164 73.0
3165 73.0
3166 73.0
3167 73.0
3168 73.0
3169 73.0
3170 73.0
3171 73.0
3172 73.0
3173 73.0
3174 73.0
3175 73.0
3176 73.0
3177 73.0
3178 73.0
3179 73.0
3180 73.0
3181 73.0
3182 73.0
3183 73.0
3184 73.0
3185 73.0
3186 73.0
3187 73.0
3188 73.0
3189 73.0
3190 73.0
3191 73.0
3192 73.0
3193 73.0
3194 73.0
3195 73.0
3196 73.0
3197 73.0
3198 73.0
3199 73.0
3200 73.0
3201 73.0
3202 73.0
3203 73.0
3204 73.0
3205 73.0
3206 73.0
3207 73.0
3208 73.0
3209 73.0
3210 73.0
3211 73.0
3212 73.0
3213 73.0
3214 73.0
3215 73.0
3216 73.0
3217 73.0
3218 73.0
3219 73.0
3220 73.0
3221 73.0
3222 73.0
3223 73.0
3224 73.0
3225 73.0
3226 73.0
3227 73.0
3228 73.0
3229 73.0
3230 73.0
3231 73.0
3232 73.0
3233 73.0
3234 73.0
3235 73.0
3236 73.0
3237 73.0
3238 73.0
3239 73.0
3240 73.0
3241 73.0
3242 73.0
3243 73.0
3244 73.0
3245 73.0
3246 73.0
3247 73.0
3248 73.0
3249 73.0
3250 73.0
3251 73.0
3252 73.0
3253 73.0
3254 73.0
3255 73.0
3256 73.0
3257 73.0
3258 73.0
3259 73.0
3260 73.0
3261 73.0
3262 73.0
3263 73.0
3264 73.0
3265 73.0
3266 73.0
3267 73.0
3268 73.0
3269 73.0
3270 73.0
3271 73.0
3272 73.0
3273 73.0
3274 73.0
3275 73.0
3276 73.0
3277 73.0
3278 73.0
3279 73.0
3280 73.0
3281 73.0
3282 73.0
3283 73.0
3284 73.0
3285 73.0
3286 73.0
3287 73.0
3288 73.0
3289 73.0
3290 73.0
3291 73.0
3292 73.0
3293 73.0
3294 73.0
3295 73.0
3296 73.0
3297 73.0
3298 73.0
3299 73.0
3300 73.0
3301 73.0
3302 73.0
3303 73.0
3304 73.0
3305 73.0
3306 73.0
3307 73.0
3308 73.0
3309 73.0
3310 73.0
3311 73.0
3312 73.0
3313 73.0
3314 73.0
3315 73.0
3316 73.0
3317 73.0
3318 73.0
3319 73.0
3320 73.0
3321 73.0
3322 73.0
3323 73.0
3324 73.0
3325 73.0
3326 73.0
3327 73.0
3328 73.0
3329 73.0
3330 73.0
3331 73.0
3332 73.0
3333 73.0
3334 73.0
3335 73.0
3336 73.0
3337 73.0
3338 73.0
3339 73.0
3340 73.0
3341 73.0
3342 73.0
3343 73.0
3344 73.0
3345 73.0
3346 73.0
3347 73.0
3348 73.0
3349 73.0
3350 73.0
3351 73.0
3352 73.0
3353 73.0
3354 73.0
3355 73.0
3356 73.0
3357 73.0
3358 73.0
3359 73.0
3360 73.0
3361 73.0
3362 73.0
3363 73.0
3364 73.0
3365 73.0
3366 73.0
3367 73.0
3368 73.0
3369 73.0
3370 73.0
3371 73.0
3372 73.0
3373 73.0
3374 73.0
3375 73.0
3376 73.0
3377 73.0
3378 73.0
3379 73.0
3380 73.0
3381 73.0
3382 73.0
3383 73.0
3384 73.0
3385 73.0
3386 73.0
3387 73.0
3388 73.0
3389 73.0
3390 73.0
3391 73.0
3392 73.0
3393 73.0
3394 73.0
3395 73.0
3396 73.0
3397 73.0
3398 73.0
3399 73.0
3400 73.0
3401 73.0
3402 73.0
3403 73.0
3404 73.0
3405 73.0
3406 73.0
3407 73.0
3408 73.0
3409 73.0
3410 73.0
3411 73.0
3412 73.0
3413 73.0
3414 73.0
3415 73.0
3416 73.0
3417 73.0
3418 73.0
3419 73.0
3420 73.0
3421 73.0
3422 73.0
3423 73.0
3424 73.0
3425 73.0
3426 73.0
3427 73.0
3428 73.0
3429 73.0
3430 73.0
3431 73.0
3432 73.0
3433 73.0
3434 73.0
3435 73.0
3436 73.0
3437 73.0
3438 73.0
3439 73.0
3440 73.0
3441 73.0
3442 73.0
3443 73.0
3444 73.0
3445 73.0
3446 73.0
3447 73.0
3448 73.0
3449 73.0
3450 73.0
3451 73.0
3452 73.0
3453 73.0
3454 73.0
3455 73.0
3456 73.0
3457 73.0
3458 73.0
3459 73.0
3460 73.0
3461 73.0
3462 73.0
3463 73.0
3464 73.0
3465 73.0
3466 73.0
3467 73.0
3468 73.0
3469 73.0
3470 73.0
3471 73.0
3472 73.0
3473 73.0
3474 73.0
3475 73.0
3476 73.0
3477 73.0
3478 73.0
3479 73.0
3480 73.0
3481 73.0
3482 73.0
3483 73.0
3484 73.0
3485 73.0
3486 73.0
3487 73.0
3488 73.0
3489 73.0
3490 73.0
3491 73.0
3492 73.0
3493 73.0
3494 73.0
3495 73.0
3496 73.0
3497 73.0
3498 73.0
3499 73.0
3500 73.0
3501 73.0
3502 73.0
3503 73.0
3504 73.0
3505 73.0
3506 73.0
3507 73.0
3508 73.0
3509 73.0
3510 73.0
3511 73.0
3512 73.0
3513 73.0
3514 73.0
3515 73.0
3516 73.0
3517 73.0
3518 73.0
3519 73.0
3520 73.0
3521 73.0
3522 73.0
3523 73.0
3524 73.0
3525 73.0
3526 73.0
3527 73.0
3528 73.0
3529 73.0
3530 73.0
3531 73.0
3532 73.0
3533 73.0
3534 73.0
3535 73.0
3536 73.0
3537 73.0
3538 73.0
3539 73.0
3540 73.0
3541 73.0
3542 73.0
3543 73.0
3544 73.0
3545 73.0
3546 73.0
3547 73.0
3548 73.0
3549 73.0
3550 73.0
3551 73.0
3552 73.0
3553 73.0
3554 73.0
3555 73.0
3556 73.0
3557 73.0
3558 73.0
3559 73.0
3560 73.0
3561 73.0
3562 73.0
3563 73.0
3564 73.0
3565 73.0
3566 73.0
3567 73.0
3568 73.0
3569 73.0
3570 73.0
3571 73.0
3572 73.0
3573 73.0
3574 73.0
3575 73.0
3576 73.0
3577 73.0
3578 73.0
3579 73.0
3580 73.0
3581 73.0
3582 73.0
3583 73.0
3584 73.0
3585 73.0
3586 73.0
3587 73.0
3588 73.0
3589 73.0
3590 73.0
3591 73.0
3592 73.0
3593 73.0
3594 73.0
3595 73.0
3596 73.0
3597 73.0
3598 73.0
3599 73.0
3600 73.0
3601 73.0
3602 73.0
3603 73.0
3604 73.0
3605 73.0
3606 73.0
3607 73.0
3608 73.0
3609 73.0
3610 73.0
3611 73.0
3612 73.0
3613 73.0
3614 73.0
3615 73.0
3616 73.0
3617 73.0
3618 73.0
3619 73.0
3620 73.0
3621 73.0
3622 73.0
3623 73.0
3624 73.0
3625 73.0
3626 73.0
3627 73.0
3628 73.0
3629 73.0
3630 73.0
3631 73.0
3632 73.0
3633 73.0
3634 73.0
3635 73.0
3636 73.0
3637 73.0
3638 73.0
3639 73.0
3640 73.0
3641 73.0
3642 73.0
3643 73.0
3644 73.0
3645 73.0
3646 73.0
3647 73.0
3648 73.0
3649 73.0
3650 73.0
3651 73.0
3652 73.0
3653 73.0
3654 73.0
3655 73.0
3656 73.0
3657 73.0
3658 73.0
3659 73.0
3660 73.0
3661 73.0
3662 73.0
3663 73.0
3664 73.0
3665 73.0
3666 73.0
3667 73.0
3668 73.0
3669 73.0
3670 73.0
3671 73.0
3672 73.0
3673 73.0
3674 73.0
3675 73.0
3676 73.0
3677 73.0
3678 73.0
3679 73.0
3680 73.0
3681 73.0
3682 73.0
3683 73.0
3684 73.0
3685 73.0
3686 73.0
3687 73.0
3688 73.0
3689 73.0
3690 73.0
3691 73.0
3692 73.0
3693 73.0
3694 73.0
3695 73.0
3696 73.0
3697 73.0
3698 73.0
3699 73.0
3700 73.0
3701 73.0
3702 73.0
3703 73.0
3704 73.0
3705 73.0
3706 73.0
3707 73.0
3708 73.0
3709 73.0
3710 73.0
3711 73.0
3712 73.0
3713 73.0
3714 73.0
3715 73.0
3716 73.0
3717 73.0
3718 73.0
3719 73.0
3720 73.0
3721 73.0
3722 73.0
3723 73.0
3724 73.0
3725 73.0
3726 73.0
3727 73.0
3728 73.0
3729 73.0
3730 73.0
3731 73.0
3732 73.0
3733 73.0
3734 73.0
3735 73.0
3736 73.0
3737 73.0
3738 73.0
3739 73.0
3740 73.0
3741 73.0
3742 73.0
3743 73.0
3744 73.0
3745 73.0
3746 73.0
3747 73.0
3748 73.0
3749 73.0
3750 73.0
3751 73.0
3752 73.0
3753 73.0
3754 73.0
3755 73.0
3756 73.0
3757 73.0
3758 73.0
3759 73.0
3760 73.0
3761 73.0
3762 73.0
3763 73.0
3764 73.0
3765 73.0
3766 73.0
3767 73.0
3768 73.0
3769 73.0
3770 73.0
3771 73.0
3772 73.0
3773 73.0
3774 73.0
3775 73.0
3776 73.0
3777 73.0
3778 73.0
3779 73.0
3780 73.0
3781 73.0
3782 73.0
3783 73.0
3784 73.0
3785 73.0
3786 73.0
3787 73.0
3788 73.0
3789 73.0
3790 73.0
3791 73.0
3792 73.0
3793 73.0
3794 73.0
3795 73.0
3796 73.0
3797 73.0
3798 73.0
3799 73.0
3800 73.0
3801 73.0
3802 73.0
3803 73.0
3804 73.0
3805 73.0
3806 73.0
3807 73.0
3808 73.0
3809 73.0
3810 73.0
3811 73.0
3812 73.0
3813 73.0
3814 73.0
3815 73.0
3816 73.0
3817 73.0
3818 73.0
3819 73.0
3820 73.0
3821 73.0
3822 73.0
3823 73.0
3824 73.0
3825 73.0
3826 73.0
3827 73.0
3828 73.0
3829 73.0
3830 73.0
3831 73.0
3832 73.0
3833 73.0
3834 73.0
3835 73.0
3836 73.0
3837 73.0
3838 73.0
3839 73.0
3840 73.0
3841 73.0
3842 73.0
3843 73.0
3844 73.0
3845 73.0
3846 73.0
3847 73.0
3848 73.0
3849 73.0
3850 73.0
3851 73.0
3852 73.0
3853 73.0
3854 73.0
3855 73.0
3856 73.0
3857 73.0
3858 73.0
3859 73.0
3860 73.0
3861 73.0
3862 73.0
3863 73.0
3864 73.0
3865 73.0
3866 73.0
3867 73.0
3868 73.0
3869 73.0
3870 73.0
3871 73.0
3872 73.0
3873 73.0
3874 73.0
3875 73.0
3876 73.0
3877 73.0
3878 73.0
3879 73.0
3880 73.0
3881 73.0
3882 73.0
3883 73.0
3884 73.0
3885 73.0
3886 73.0
3887 73.0
3888 73.0
3889 73.0
3890 73.0
3891 73.0
3892 73.0
3893 73.0
3894 73.0
3895 73.0
3896 73.0
3897 73.0
3898 73.0
3899 73.0
3900 73.0
3901 73.0
3902 73.0
3903 73.0
3904 73.0
3905 73.0
3906 73.0
3907 73.0
3908 73.0
3909 73.0
3910 73.0
3911 73.0
3912 73.0
3913 73.0
3914 73.0
3915 73.0
3916 73.0
3917 73.0
3918 73.0
3919 73.0
3920 73.0
3921 73.0
3922 73.0
3923 73.0
3924 73.0
3925 73.0
3926 73.0
3927 73.0
3928 73.0
3929 73.0
3930 73.0
3931 73.0
3932 73.0
3933 73.0
3934 73.0
3935 73.0
3936 73.0
3937 73.0
3938 73.0
3939 73.0
3940 73.0
3941 73.0
3942 73.0
3943 73.0
3944 73.0
3945 73.0
3946 73.0
3947 73.0
3948 73.0
3949 73.0
3950 73.0
3951 73.0
3952 73.0
3953 73.0
3954 73.0
3955 73.0
3956 73.0
3957 73.0
3958 73.0
3959 73.0
3960 73.0
3961 73.0
3962 73.0
3963 73.0
3964 73.0
3965 73.0
3966 73.0
3967 73.0
3968 73.0
3969 73.0
3970 73.0
3971 73.0
3972 73.0
3973 73.0
3974 73.0
3975 73.0
3976 73.0
3977 73.0
3978 73.0
3979 73.0
3980 73.0
3981 73.0
3982 73.0
3983 73.0
3984 73.0
3985 73.0
3986 73.0
3987 73.0
3988 73.0
3989 73.0
3990 73.0
3991 73.0
3992 73.0
3993 73.0
3994 73.0
3995 73.0
3996 73.0
3997 73.0
3998 73.0
3999 73.0
4000 73.0
4001 73.0
4002 73.0
4003 73.0
4004 73.0
4005 73.0
4006 73.0
4007 73.0
4008 73.0
4009 73.0
4010 73.0
4011 73.0
4012 73.0
4013 73.0
4014 73.0
4015 73.0
4016 73.0
4017 73.0
4018 73.0
4019 73.0
4020 73.0
4021 73.0
4022 73.0
4023 73.0
4024 73.0
4025 73.0
4026 73.0
4027 73.0
4028 73.0
4029 73.0
4030 73.0
4031 73.0
4032 73.0
4033 73.0
4034 73.0
4035 73.0
4036 73.0
4037 73.0
4038 73.0
4039 73.0
4040 73.0
4041 73.0
4042 73.0
4043 73.0
4044 73.0
4045 73.0
4046 73.0
4047 73.0
4048 73.0
4049 73.0
4050 73.0
4051 73.0
4052 73.0
4053 73.0
4054 73.0
4055 73.0
4056 73.0
4057 73.0
4058 73.0
4059 73.0
4060 73.0
4061 73.0
4062 73.0
4063 73.0
4064 73.0
4065 73.0
4066 73.0
4067 73.0
4068 73.0
4069 73.0
4070 73.0
4071 73.0
4072 73.0
4073 73.0
4074 73.0
4075 73.0
4076 73.0
4077 73.0
4078 73.0
4079 73.0
4080 73.0
4081 73.0
4082 73.0
4083 73.0
4084 73.0
4085 73.0
4086 73.0
4087 73.0
4088 73.0
4089 73.0
4090 73.0
4091 73.0
4092 73.0
4093 73.0
4094 73.0
4095 73.0
4096 73.0
4097 73.0
4098 73.0
4099 73.0
4100 73.0
4101 73.0
4102 73.0
4103 73.0
4104 73.0
4105 73.0
4106 73.0
4107 73.0
4108 73.0
4109 73.0
4110 73.0
4111 73.0
4112 73.0
4113 73.0
4114 73.0
4115 73.0
4116 73.0
4117 73.0
4118 73.0
4119 73.0
4120 73.0
4121 73.0
4122 73.0
4123 73.0
4124 73.0
4125 73.0
4126 73.0
4127 73.0
4128 73.0
4129 73.0
4130 73.0
4131 73.0
4132 73.0
4133 73.0
4134 73.0
4135 73.0
4136 73.0
4137 73.0
4138 73.0
4139 73.0
4140 73.0
4141 73.0
4142 73.0
4143 73.0
4144 73.0
4145 73.0
4146 73.0
4147 73.0
4148 73.0
4149 73.0
4150 73.0
4151 73.0
4152 73.0
4153 73.0
4154 73.0
4155 73.0
4156 73.0
4157 73.0
4158 73.0
4159 73.0
4160 73.0
4161 73.0
4162 73.0
4163 73.0
4164 73.0
4165 73.0
4166 73.0
4167 73.0
4168 73.0
4169 73.0
4170 73.0
4171 73.0
4172 73.0
4173 73.0
4174 73.0
4175 73.0
4176 73.0
4177 73.0
4178 73.0
4179 73.0
4180 73.0
4181 73.0
4182 73.0
4183 73.0
4184 73.0
4185 73.0
4186 73.0
4187 73.0
4188 73.0
4189 73.0
4190 73.0
4191 73.0
4192 73.0
4193 73.0
4194 73.0
4195 73.0
4196 73.0
4197 73.0
4198 73.0
4199 73.0
4200 73.0
4201 73.0
4202 73.0
4203 73.0
4204 73.0
4205 73.0
4206 73.0
4207 73.0
4208 73.0
4209 73.0
4210 73.0
4211 73.0
4212 73.0
4213 73.0
4214 73.0
4215 73.0
4216 73.0
4217 73.0
4218 73.0
4219 73.0
4220 73.0
4221 73.0
4222 73.0
4223 73.0
4224 73.0
4225 73.0
4226 73.0
4227 73.0
4228 73.0
4229 73.0
4230 73.0
4231 73.0
4232 73.0
4233 73.0
4234 73.0
4235 73.0
4236 73.0
4237 73.0
4238 73.0
4239 73.0
4240 73.0
4241 73.0
4242 73.0
4243 73.0
4244 73.0
4245 73.0
4246 73.0
4247 73.0
4248 73.0
4249 73.0
4250 73.0
4251 73.0
4252 73.0
4253 73.0
4254 73.0
4255 73.0
4256 73.0
4257 73.0
4258 73.0
4259 73.0
4260 73.0
4261 73.0
4262 73.0
4263 73.0
4264 73.0
4265 73.0
4266 73.0
4267 73.0
4268 73.0
4269 73.0
4270 73.0
4271 73.0
4272 73.0
4273 73.0
4274 73.0
4275 73.0
4276 73.0
4277 73.0
4278 73.0
4279 73.0
4280 73.0
4281 73.0
4282 73.0
4283 73.0
4284 73.0
4285 73.0
4286 73.0
4287 73.0
4288 73.0
4289 73.0
4290 73.0
4291 73.0
4292 73.0
4293 73.0
4294 73.0
4295 73.0
4296 73.0
4297 73.0
4298 73.0
4299 73.0
4300 73.0
4301 73.0
4302 73.0
4303 73.0
4304 73.0
4305 73.0
4306 73.0
4307 73.0
4308 73.0
4309 73.0
4310 73.0
4311 73.0
4312 73.0
4313 73.0
4314 73.0
4315 73.0
4316 73.0
4317 73.0
4318 73.0
4319 73.0
4320 73.0
4321 73.0
4322 73.0
4323 73.0
4324 73.0
4325 73.0
4326 73.0
4327 73.0
4328 73.0
4329 73.0
4330 73.0
4331 73.0
4332 73.0
4333 73.0
4334 73.0
4335 73.0
4336 73.0
4337 73.0
4338 73.0
4339 73.0
4340 73.0
4341 73.0
4342 73.0
4343 73.0
4344 73.0
4345 73.0
4346 73.0
4347 73.0
4348 73.0
4349 73.0
4350 73.0
4351 73.0
4352 73.0
4353 73.0
4354 73.0
4355 73.0
4356 73.0
4357 73.0
4358 73.0
4359 73.0
4360 73.0
4361 73.0
4362 73.0
4363 73.0
4364 73.0
4365 73.0
4366 73.0
4367 73.0
4368 73.0
4369 73.0
4370 73.0
4371 73.0
4372 73.0
4373 73.0
4374 73.0
4375 73.0
4376 73.0
4377 73.0
4378 73.0
4379 73.0
4380 73.0
4381 73.0
4382 73.0
4383 73.0
4384 73.0
4385 73.0
4386 73.0
4387 73.0
4388 73.0
4389 73.0
4390 73.0
4391 73.0
4392 73.0
4393 73.0
4394 73.0
4395 73.0
4396 73.0
4397 73.0
4398 73.0
4399 73.0
4400 73.0
4401 73.0
4402 73.0
4403 73.0
4404 73.0
4405 73.0
4406 73.0
4407 73.0
4408 73.0
4409 73.0
4410 73.0
4411 73.0
4412 73.0
4413 73.0
4414 73.0
4415 73.0
4416 73.0
4417 73.0
4418 73.0
4419 73.0
4420 73.0
4421 73.0
4422 73.0
4423 73.0
4424 73.0
4425 73.0
4426 73.0
4427 73.0
4428 73.0
4429 73.0
4430 73.0
4431 73.0
4432 73.0
4433 73.0
4434 73.0
4435 73.0
4436 73.0
4437 73.0
4438 73.0
4439 73.0
4440 73.0
4441 73.0
4442 73.0
4443 73.0
4444 73.0
4445 73.0
4446 73.0
4447 73.0
4448 73.0
4449 73.0
4450 73.0
4451 73.0
4452 73.0
4453 73.0
4454 73.0
4455 73.0
4456 73.0
4457 73.0
4458 73.0
4459 73.0
4460 73.0
4461 73.0
4462 73.0
4463 73.0
4464 73.0
4465 73.0
4466 73.0
4467 73.0
4468 73.0
4469 73.0
4470 73.0
4471 73.0
4472 73.0
4473 73.0
4474 73.0
4475 73.0
4476 73.0
4477 73.0
4478 73.0
4479 73.0
4480 73.0
4481 73.0
4482 73.0
4483 73.0
4484 73.0
4485 73.0
4486 73.0
4487 73.0
4488 73.0
4489 73.0
4490 73.0
4491 73.0
4492 73.0
4493 73.0
4494 73.0
4495 73.0
4496 73.0
4497 73.0
4498 73.0
4499 73.0
4500 73.0
4501 73.0
4502 73.0
4503 73.0
4504 73.0
4505 73.0
4506 73.0
4507 73.0
4508 73.0
4509 73.0
4510 73.0
4511 73.0
4512 73.0
4513 73.0
4514 73.0
4515 73.0
4516 73.0
4517 73.0
4518 73.0
4519 73.0
4520 73.0
4521 73.0
4522 73.0
4523 73.0
4524 73.0
4525 73.0
4526 73.0
4527 73.0
4528 73.0
4529 73.0
4530 73.0
4531 73.0
4532 73.0
4533 73.0
4534 73.0
4535 73.0
4536 73.0
4537 73.0
4538 73.0
4539 73.0
4540 73.0
4541 73.0
4542 73.0
4543 73.0
4544 73.0
4545 73.0
4546 73.0
4547 73.0
4548 73.0
4549 73.0
4550 73.0
4551 73.0
4552 73.0
4553 73.0
4554 73.0
4555 73.0
4556 73.0
4557 73.0
4558 73.0
4559 73.0
4560 73.0
4561 73.0
4562 73.0
4563 73.0
4564 73.0
4565 73.0
4566 73.0
4567 73.0
4568 73.0
4569 73.0
4570 73.0
4571 73.0
4572 73.0
4573 73.0
4574 73.0
4575 73.0
4576 73.0
4577 73.0
4578 73.0
4579 73.0
4580 73.0
4581 73.0
4582 73.0
4583 73.0
4584 73.0
4585 73.0
4586 73.0
4587 73.0
4588 73.0
4589 73.0
4590 73.0
4591 73.0
4592 73.0
4593 73.0
4594 73.0
4595 73.0
4596 73.0
4597 73.0
4598 73.0
4599 73.0
4600 73.0
4601 73.0
4602 73.0
4603 73.0
4604 73.0
4605 73.0
4606 73.0
4607 73.0
4608 73.0
4609 73.0
4610 73.0
4611 73.0
4612 73.0
4613 73.0
4614 73.0
4615 73.0
4616 73.0
4617 73.0
4618 73.0
4619 73.0
4620 73.0
4621 73.0
4622 73.0
4623 73.0
4624 73.0
4625 73.0
4626 73.0
4627 73.0
4628 73.0
4629 73.0
4630 73.0
4631 73.0
4632 73.0
4633 73.0
4634 73.0
4635 73.0
4636 73.0
4637 73.0
4638 73.0
4639 73.0
4640 73.0
4641 73.0
4642 73.0
4643 73.0
4644 73.0
4645 73.0
4646 73.0
4647 73.0
4648 73.0
4649 73.0
4650 73.0
4651 73.0
4652 73.0
4653 73.0
4654 73.0
4655 73.0
4656 73.0
4657 73.0
4658 73.0
4659 73.0
4660 73.0
4661 73.0
4662 73.0
4663 73.0
4664 73.0
4665 73.0
4666 73.0
4667 73.0
4668 73.0
4669 73.0
4670 73.0
4671 73.0
4672 73.0
4673 73.0
4674 73.0
4675 73.0
4676 73.0
4677 73.0
4678 73.0
4679 73.0
4680 73.0
4681 73.0
4682 73.0
4683 73.0
4684 73.0
4685 73.0
4686 73.0
4687 73.0
4688 73.0
4689 73.0
4690 73.0
4691 73.0
4692 73.0
4693 73.0
4694 73.0
4695 73.0
4696 73.0
4697 73.0
4698 73.0
4699 73.0
4700 73.0
4701 73.0
4702 73.0
4703 73.0
4704 73.0
4705 73.0
4706 73.0
4707 73.0
4708 73.0
4709 73.0
4710 73.0
4711 73.0
4712 73.0
4713 73.0
4714 73.0
4715 73.0
4716 73.0
4717 73.0
4718 73.0
4719 73.0
4720 73.0
4721 73.0
4722 73.0
4723 73.0
4724 73.0
4725 73.0
4726 73.0
4727 73.0
4728 73.0
4729 73.0
4730 73.0
4731 73.0
4732 73.0
4733 73.0
4734 73.0
4735 73.0
4736 73.0
4737 73.0
4738 73.0
4739 73.0
4740 73.0
4741 73.0
4742 73.0
4743 73.0
4744 73.0
4745 73.0
4746 73.0
4747 73.0
4748 73.0
4749 73.0
4750 73.0
4751 73.0
4752 73.0
4753 73.0
4754 73.0
4755 73.0
4756 73.0
4757 73.0
4758 73.0
4759 73.0
4760 73.0
4761 73.0
4762 73.0
4763 73.0
4764 73.0
4765 73.0
4766 73.0
4767 73.0
4768 73.0
4769 73.0
4770 73.0
4771 73.0
4772 73.0
4773 73.0
4774 73.0
4775 73.0
4776 73.0
4777 73.0
4778 73.0
4779 73.0
4780 73.0
4781 73.0
4782 73.0
4783 73.0
4784 73.0
4785 73.0
4786 73.0
4787 73.0
4788 73.0
4789 73.0
4790 73.0
4791 73.0
4792 73.0
4793 73.0
4794 73.0
4795 73.0
4796 73.0
4797 73.0
4798 73.0
4799 73.0
4800 73.0
4801 73.0
4802 73.0
4803 73.0
4804 73.0
4805 73.0
4806 73.0
4807 73.0
4808 73.0
4809 73.0
4810 73.0
4811 73.0
4812 73.0
4813 73.0
4814 73.0
4815 73.0
4816 73.0
4817 73.0
4818 73.0
4819 73.0
4820 73.0
4821 73.0
4822 73.0
4823 73.0
4824 73.0
4825 73.0
4826 73.0
4827 73.0
4828 73.0
4829 73.0
4830 73.0
4831 73.0
4832 73.0
4833 73.0
4834 73.0
4835 73.0
4836 73.0
4837 73.0
4838 73.0
4839 73.0
4840 73.0
4841 73.0
4842 73.0
4843 73.0
4844 73.0
4845 73.0
4846 73.0
4847 73.0
4848 73.0
4849 73.0
4850 73.0
4851 73.0
4852 73.0
4853 73.0
4854 73.0
4855 73.0
4856 73.0
4857 73.0
4858 73.0
4859 73.0
4860 73.0
4861 73.0
4862 73.0
4863 73.0
4864 73.0
4865 73.0
4866 73.0
4867 73.0
4868 73.0
4869 73.0
4870 73.0
4871 73.0
4872 73.0
4873 73.0
4874 73.0
4875 73.0
4876 73.0
4877 73.0
4878 73.0
4879 73.0
4880 73.0
4881 73.0
4882 73.0
4883 73.0
4884 73.0
4885 73.0
4886 73.0
4887 73.0
4888 73.0
4889 73.0
4890 73.0
4891 73.0
4892 73.0
4893 73.0
4894 73.0
4895 73.0
4896 73.0
4897 73.0
4898 73.0
4899 73.0
4900 73.0
4901 73.0
4902 73.0
4903 73.0
4904 73.0
4905 73.0
4906 73.0
4907 73.0
4908 73.0
4909 73.0
4910 73.0
4911 73.0
4912 73.0
4913 73.0
4914 73.0
4915 73.0
4916 73.0
4917 73.0
4918 73.0
4919 73.0
4920 73.0
4921 73.0
4922 73.0
4923 73.0
4924 73.0
4925 73.0
4926 73.0
4927 73.0
4928 73.0
4929 73.0
4930 73.0
4931 73.0
4932 73.0
4933 73.0
4934 73.0
4935 73.0
4936 73.0
4937 73.0
4938 73.0
4939 73.0
4940 73.0
4941 73.0
4942 73.0
4943 73.0
4944 73.0
4945 73.0
4946 73.0
4947 73.0
4948 73.0
4949 73.0
4950 73.0
4951 73.0
4952 73.0
4953 73.0
4954 73.0
4955 73.0
4956 73.0
4957 73.0
4958 73.0
4959 73.0
4960 73.0
4961 73.0
4962 73.0
4963 73.0
4964 73.0
4965 73.0
4966 73.0
4967 73.0
4968 73.0
4969 73.0
4970 73.0
4971 73.0
4972 73.0
4973 73.0
4974 73.0
4975 73.0
4976 73.0
4977 73.0
4978 73.0
4979 73.0
4980 73.0
4981 73.0
4982 73.0
4983 73.0
4984 73.0
4985 73.0
4986 73.0
4987 73.0
4988 73.0
4989 73.0
4990 73.0
4991 73.0
4992 73.0
4993 73.0
4994 73.0
4995 73.0
4996 73.0
4997 73.0
4998 73.0
4999 73.0
5000 73.0
5001 73.0
5002 73.0
5003 73.0
5004 73.0
5005 73.0
5006 73.0
5007 73.0
5008 73.0
5009 73.0
5010 73.0
5011 73.0
5012 73.0
5013 73.0
5014 73.0
5015 73.0
5016 73.0
5017 73.0
5018 73.0
5019 73.0
5020 73.0
5021 73.0
5022 73.0
5023 73.0
5024 73.0
5025 73.0
5026 73.0
5027 73.0
5028 73.0
5029 73.0
5030 73.0
5031 73.0
5032 73.0
5033 73.0
5034 73.0
5035 73.0
5036 73.0
5037 73.0
5038 73.0
5039 73.0
5040 73.0
5041 73.0
5042 73.0
5043 73.0
5044 73.0
5045 73.0
5046 73.0
5047 73.0
5048 73.0
5049 73.0
5050 73.0
5051 73.0
5052 73.0
5053 73.0
5054 73.0
5055 73.0
5056 73.0
5057 73.0
5058 73.0
5059 73.0
5060 73.0
5061 73.0
5062 73.0
5063 73.0
5064 73.0
5065 73.0
5066 73.0
5067 73.0
5068 73.0
5069 73.0
5070 73.0
5071 73.0
5072 73.0
5073 73.0
5074 73.0
5075 73.0
5076 73.0
5077 73.0
5078 73.0
5079 73.0
5080 73.0
5081 73.0
5082 73.0
5083 73.0
5084 73.0
5085 73.0
5086 73.0
5087 73.0
5088 73.0
5089 73.0
5090 73.0
5091 73.0
5092 73.0
5093 73.0
5094 73.0
5095 73.0
5096 73.0
5097 73.0
5098 73.0
5099 73.0
5100 73.0
5101 73.0
5102 73.0
5103 73.0
5104 73.0
5105 73.0
5106 73.0
5107 73.0
5108 73.0
5109 73.0
5110 73.0
5111 73.0
5112 73.0
5113 73.0
5114 73.0
5115 73.0
5116 73.0
5117 73.0
5118 73.0
5119 73.0
5120 73.0
5121 73.0
5122 73.0
5123 73.0
5124 73.0
5125 73.0
5126 73.0
5127 73.0
5128 73.0
5129 73.0
5130 73.0
5131 73.0
5132 73.0
5133 73.0
5134 73.0
5135 73.0
5136 73.0
5137 73.0
5138 73.0
5139 73.0
5140 73.0
5141 73.0
5142 73.0
5143 73.0
5144 73.0
5145 73.0
5146 73.0
5147 73.0
5148 73.0
5149 73.0
5150 73.0
5151 73.0
5152 73.0
5153 73.0
5154 73.0
5155 73.0
5156 73.0
5157 73.0
5158 73.0
5159 73.0
5160 73.0
5161 73.0
5162 73.0
5163 73.0
5164 73.0
5165 73.0
5166 73.0
5167 73.0
5168 73.0
5169 73.0
5170 73.0
5171 73.0
5172 73.0
5173 73.0
5174 73.0
5175 73.0
5176 73.0
5177 73.0
5178 73.0
5179 73.0
5180 73.0
5181 73.0
5182 73.0
5183 73.0
5184 73.0
5185 73.0
5186 73.0
5187 73.0
5188 73.0
5189 73.0
5190 73.0
5191 73.0
5192 73.0
5193 73.0
5194 73.0
5195 73.0
5196 73.0
5197 73.0
5198 73.0
5199 73.0
5200 73.0
5201 73.0
5202 73.0
5203 73.0
5204 73.0
5205 73.0
5206 73.0
5207 73.0
5208 73.0
5209 73.0
5210 73.0
5211 73.0
5212 73.0
5213 73.0
5214 73.0
5215 73.0
5216 73.0
5217 73.0
5218 73.0
5219 73.0
5220 73.0
5221 73.0
5222 73.0
5223 73.0
5224 77.0
5225 77.0
5226 77.0
5227 77.0
5228 77.0
5229 77.0
5230 77.0
5231 77.0
5232 77.0
5233 77.0
5234 77.0
5235 77.0
5236 77.0
5237 77.0
5238 77.0
5239 77.0
5240 77.0
5241 77.0
5242 77.0
5243 77.0
5244 77.0
5245 77.0
5246 77.0
5247 77.0
5248 77.0
5249 77.0
5250 77.0
5251 77.0
5252 77.0
5253 77.0
5254 77.0
5255 77.0
5256 77.0
5257 77.0
5258 77.0
5259 77.0
5260 77.0
5261 77.0
5262 77.0
5263 77.0
5264 77.0
5265 77.0
5266 77.0
5267 77.0
5268 77.0
5269 77.0
5270 77.0
5271 77.0
5272 77.0
5273 77.0
5274 77.0
5275 77.0
5276 77.0
5277 77.0
5278 77.0
5279 77.0
5280 77.0
5281 77.0
5282 77.0
5283 77.0
5284 77.0
5285 77.0
5286 77.0
5287 77.0
5288 77.0
5289 77.0
5290 77.0
5291 77.0
5292 77.0
5293 77.0
5294 77.0
5295 77.0
5296 77.0
5297 77.0
5298 77.0
5299 77.0
5300 77.0
5301 77.0
5302 77.0
5303 77.0
5304 77.0
5305 77.0
5306 77.0
5307 77.0
5308 77.0
5309 77.0
5310 77.0
5311 77.0
5312 77.0
5313 77.0
5314 77.0
5315 77.0
5316 77.0
5317 77.0
5318 77.0
5319 77.0
5320 77.0
5321 77.0
5322 77.0
5323 77.0
5324 77.0
5325 77.0
5326 77.0
5327 77.0
5328 77.0
5329 77.0
5330 77.0
5331 77.0
5332 77.0
5333 77.0
5334 77.0
5335 77.0
5336 77.0
5337 77.0
5338 77.0
5339 77.0
5340 77.0
5341 77.0
5342 77.0
5343 77.0
5344 77.0
5345 77.0
5346 77.0
5347 77.0
5348 77.0
5349 77.0
5350 77.0
5351 77.0
5352 77.0
5353 77.0
5354 77.0
5355 77.0
5356 77.0
5357 77.0
5358 77.0
5359 77.0
5360 77.0
5361 77.0
5362 77.0
5363 77.0
5364 77.0
5365 77.0
5366 77.0
5367 77.0
5368 77.0
5369 77.0
5370 77.0
5371 77.0
5372 77.0
5373 77.0
5374 77.0
5375 77.0
5376 77.0
5377 77.0
5378 77.0
5379 77.0
5380 77.0
5381 77.0
5382 77.0
5383 77.0
5384 77.0
5385 77.0
5386 77.0
5387 77.0
5388 77.0
5389 77.0
5390 77.0
5391 77.0
5392 77.0
5393 77.0
5394 77.0
5395 77.0
5396 77.0
5397 77.0
5398 77.0
5399 77.0
5400 77.0
5401 77.0
5402 77.0
5403 77.0
5404 77.0
5405 77.0
5406 77.0
5407 77.0
5408 77.0
5409 77.0
5410 77.0
5411 77.0
5412 77.0
5413 77.0
5414 77.0
5415 77.0
5416 77.0
5417 77.0
5418 77.0
5419 77.0
5420 77.0
5421 77.0
5422 77.0
5423 77.0
5424 77.0
5425 77.0
5426 77.0
5427 77.0
5428 77.0
5429 77.0
5430 77.0
5431 77.0
5432 77.0
5433 77.0
5434 77.0
5435 77.0
5436 77.0
5437 77.0
5438 77.0
5439 77.0
5440 77.0
5441 77.0
5442 77.0
5443 77.0
5444 77.0
5445 77.0
5446 77.0
5447 77.0
5448 77.0
5449 77.0
5450 77.0
5451 77.0
5452 77.0
5453 77.0
5454 77.0
5455 77.0
5456 77.0
5457 77.0
5458 77.0
5459 77.0
5460 77.0
5461 77.0
5462 77.0
5463 77.0
5464 77.0
5465 77.0
5466 77.0
5467 77.0
5468 77.0
5469 77.0
5470 77.0
5471 77.0
5472 77.0
5473 77.0
5474 77.0
5475 77.0
5476 77.0
5477 77.0
5478 77.0
5479 77.0
5480 77.0
5481 77.0
5482 77.0
5483 77.0
5484 77.0
5485 77.0
5486 77.0
5487 77.0
5488 77.0
5489 77.0
5490 77.0
5491 77.0
5492 77.0
5493 77.0
5494 77.0
5495 77.0
5496 77.0
5497 77.0
5498 77.0
5499 77.0
5500 77.0
5501 77.0
5502 77.0
5503 77.0
5504 77.0
5505 77.0
5506 77.0
5507 77.0
5508 77.0
5509 77.0
5510 77.0
5511 77.0
5512 77.0
5513 77.0
5514 77.0
5515 77.0
5516 77.0
5517 77.0
5518 77.0
5519 77.0
5520 77.0
5521 77.0
5522 77.0
5523 77.0
5524 77.0
5525 77.0
5526 77.0
5527 77.0
5528 77.0
5529 77.0
5530 77.0
5531 77.0
5532 77.0
5533 77.0
5534 77.0
5535 77.0
5536 77.0
5537 77.0
5538 77.0
5539 77.0
5540 77.0
5541 77.0
5542 77.0
5543 77.0
5544 77.0
5545 77.0
5546 77.0
5547 77.0
5548 77.0
5549 77.0
5550 77.0
5551 77.0
5552 77.0
5553 77.0
5554 77.0
5555 77.0
5556 77.0
5557 77.0
5558 77.0
5559 77.0
5560 77.0
5561 77.0
5562 77.0
5563 77.0
5564 77.0
5565 77.0
5566 77.0
5567 77.0
5568 77.0
5569 77.0
5570 77.0
5571 77.0
5572 77.0
5573 77.0
5574 77.0
5575 77.0
5576 77.0
5577 77.0
5578 77.0
5579 77.0
5580 77.0
5581 77.0
5582 77.0
5583 77.0
5584 77.0
5585 77.0
5586 77.0
5587 77.0
5588 77.0
5589 77.0
5590 77.0
5591 77.0
5592 77.0
5593 77.0
5594 77.0
5595 77.0
5596 77.0
5597 77.0
5598 77.0
5599 77.0
5600 77.0
5601 77.0
5602 77.0
5603 77.0
5604 77.0
5605 77.0
5606 77.0
5607 77.0
5608 77.0
5609 77.0
5610 77.0
5611 77.0
5612 77.0
5613 77.0
5614 77.0
5615 77.0
5616 77.0
5617 77.0
5618 77.0
5619 77.0
5620 77.0
5621 77.0
5622 77.0
5623 77.0
5624 77.0
5625 77.0
5626 77.0
5627 77.0
5628 77.0
5629 77.0
5630 77.0
5631 77.0
5632 77.0
5633 77.0
5634 77.0
5635 77.0
5636 77.0
5637 77.0
5638 77.0
5639 77.0
5640 77.0
5641 77.0
5642 77.0
5643 77.0
5644 77.0
5645 77.0
5646 77.0
5647 77.0
5648 77.0
5649 77.0
5650 77.0
5651 77.0
5652 77.0
5653 77.0
5654 77.0
5655 77.0
5656 77.0
5657 77.0
5658 77.0
5659 77.0
5660 77.0
5661 77.0
5662 77.0
5663 77.0
5664 77.0
5665 77.0
5666 77.0
5667 77.0
5668 77.0
5669 77.0
5670 77.0
5671 77.0
5672 77.0
5673 77.0
5674 77.0
5675 77.0
5676 77.0
5677 77.0
5678 77.0
5679 77.0
5680 77.0
5681 77.0
5682 77.0
5683 77.0
5684 77.0
5685 77.0
5686 77.0
5687 77.0
5688 77.0
5689 77.0
5690 77.0
5691 77.0
5692 77.0
5693 77.0
5694 77.0
5695 77.0
5696 77.0
5697 77.0
5698 77.0
5699 77.0
5700 77.0
5701 77.0
5702 77.0
5703 77.0
5704 77.0
5705 77.0
5706 77.0
5707 77.0
5708 77.0
5709 77.0
5710 77.0
5711 77.0
5712 77.0
5713 77.0
5714 77.0
5715 77.0
5716 77.0
5717 77.0
5718 77.0
5719 77.0
5720 77.0
5721 77.0
5722 77.0
5723 77.0
5724 77.0
5725 77.0
5726 77.0
5727 77.0
5728 77.0
5729 77.0
5730 77.0
5731 77.0
5732 77.0
5733 77.0
5734 77.0
5735 77.0
5736 77.0
5737 77.0
5738 77.0
5739 77.0
5740 77.0
5741 77.0
5742 77.0
5743 77.0
5744 77.0
5745 77.0
5746 77.0
5747 77.0
5748 77.0
5749 77.0
5750 77.0
5751 77.0
5752 77.0
5753 77.0
5754 77.0
5755 77.0
5756 77.0
5757 77.0
5758 77.0
5759 77.0
5760 77.0
5761 77.0
5762 77.0
5763 77.0
5764 77.0
5765 77.0
5766 77.0
5767 77.0
5768 77.0
5769 77.0
5770 77.0
5771 77.0
5772 77.0
5773 77.0
5774 77.0
5775 77.0
5776 77.0
5777 77.0
5778 77.0
5779 77.0
5780 77.0
5781 77.0
5782 77.0
5783 77.0
5784 77.0
5785 77.0
5786 77.0
5787 77.0
5788 77.0
5789 77.0
5790 77.0
5791 77.0
5792 77.0
5793 77.0
5794 77.0
5795 77.0
5796 77.0
5797 77.0
5798 77.0
5799 77.0
5800 77.0
5801 77.0
5802 77.0
5803 77.0
5804 77.0
5805 77.0
5806 77.0
5807 77.0
5808 77.0
5809 77.0
5810 77.0
5811 77.0
5812 77.0
5813 77.0
5814 77.0
5815 77.0
5816 77.0
5817 77.0
5818 77.0
5819 77.0
5820 77.0
5821 77.0
5822 77.0
5823 77.0
5824 77.0
5825 77.0
5826 77.0
5827 77.0
5828 77.0
5829 77.0
5830 77.0
5831 77.0
5832 77.0
5833 77.0
5834 77.0
5835 77.0
5836 77.0
5837 77.0
5838 77.0
5839 77.0
5840 77.0
5841 77.0
5842 77.0
5843 77.0
5844 77.0
5845 77.0
5846 77.0
5847 77.0
5848 77.0
5849 77.0
5850 77.0
5851 77.0
5852 77.0
5853 77.0
5854 77.0
5855 77.0
5856 77.0
5857 77.0
5858 77.0
5859 77.0
5860 77.0
5861 77.0
5862 77.0
5863 77.0
5864 77.0
5865 77.0
5866 77.0
5867 77.0
5868 77.0
5869 77.0
5870 77.0
5871 77.0
5872 77.0
5873 77.0
5874 77.0
5875 77.0
5876 77.0
5877 77.0
5878 77.0
5879 77.0
5880 77.0
5881 77.0
5882 77.0
5883 77.0
5884 77.0
5885 77.0
5886 77.0
5887 77.0
5888 77.0
5889 77.0
5890 77.0
5891 77.0
5892 77.0
5893 77.0
5894 77.0
5895 77.0
5896 77.0
5897 77.0
5898 77.0
5899 77.0
5900 77.0
5901 77.0
5902 77.0
5903 77.0
5904 77.0
5905 77.0
5906 77.0
5907 77.0
5908 77.0
5909 77.0
5910 77.0
5911 77.0
5912 77.0
5913 77.0
5914 77.0
5915 77.0
5916 77.0
5917 77.0
5918 77.0
5919 77.0
5920 77.0
5921 77.0
5922 77.0
5923 77.0
5924 77.0
5925 77.0
5926 77.0
5927 77.0
5928 77.0
5929 77.0
5930 77.0
5931 77.0
5932 77.0
5933 77.0
5934 77.0
5935 77.0
5936 77.0
5937 77.0
5938 77.0
5939 77.0
5940 77.0
5941 77.0
5942 77.0
5943 77.0
5944 77.0
5945 77.0
5946 77.0
5947 77.0
5948 77.0
5949 77.0
5950 77.0
5951 77.0
5952 77.0
5953 77.0
5954 77.0
5955 77.0
5956 77.0
5957 77.0
5958 77.0
5959 77.0
5960 77.0
5961 77.0
5962 77.0
5963 77.0
5964 77.0
5965 77.0
5966 77.0
5967 77.0
5968 77.0
5969 77.0
5970 77.0
5971 77.0
5972 77.0
5973 77.0
5974 77.0
5975 77.0
5976 77.0
5977 77.0
5978 77.0
5979 77.0
5980 77.0
5981 77.0
5982 77.0
5983 77.0
5984 77.0
5985 77.0
5986 77.0
5987 77.0
5988 77.0
5989 77.0
5990 77.0
5991 77.0
5992 77.0
5993 77.0
5994 77.0
5995 77.0
5996 77.0
5997 77.0
5998 77.0
5999 77.0
6000 77.0
6001 77.0
6002 77.0
6003 77.0
6004 77.0
6005 77.0
6006 77.0
6007 77.0
6008 77.0
6009 77.0
6010 77.0
6011 77.0
6012 77.0
6013 77.0
6014 77.0
6015 77.0
6016 77.0
6017 77.0
6018 77.0
6019 77.0
6020 77.0
6021 77.0
6022 77.0
6023 77.0
6024 77.0
6025 77.0
6026 77.0
6027 77.0
6028 77.0
6029 77.0
6030 77.0
6031 77.0
6032 77.0
6033 77.0
6034 77.0
6035 77.0
6036 77.0
6037 77.0
6038 77.0
6039 77.0
6040 77.0
6041 77.0
6042 77.0
6043 77.0
6044 77.0
6045 77.0
6046 77.0
6047 77.0
6048 77.0
6049 77.0
6050 77.0
6051 77.0
6052 77.0
6053 77.0
6054 77.0
6055 77.0
6056 77.0
6057 77.0
6058 77.0
6059 77.0
6060 77.0
6061 77.0
6062 77.0
6063 77.0
6064 77.0
6065 77.0
6066 77.0
6067 77.0
6068 77.0
6069 77.0
6070 77.0
6071 77.0
6072 77.0
6073 77.0
6074 77.0
6075 77.0
6076 77.0
6077 77.0
6078 77.0
6079 77.0
6080 77.0
6081 77.0
6082 77.0
6083 77.0
6084 77.0
6085 77.0
6086 77.0
6087 77.0
6088 77.0
6089 77.0
6090 77.0
6091 77.0
6092 77.0
6093 77.0
6094 77.0
6095 77.0
6096 77.0
6097 77.0
6098 77.0
6099 77.0
6100 77.0
6101 77.0
6102 77.0
6103 77.0
6104 77.0
6105 77.0
6106 77.0
6107 77.0
6108 77.0
6109 77.0
6110 77.0
6111 77.0
6112 77.0
6113 77.0
6114 77.0
6115 77.0
6116 77.0
6117 77.0
6118 77.0
6119 77.0
6120 77.0
6121 77.0
6122 77.0
6123 77.0
6124 77.0
6125 77.0
6126 77.0
6127 77.0
6128 77.0
6129 77.0
6130 77.0
6131 77.0
6132 77.0
6133 77.0
6134 77.0
6135 77.0
6136 77.0
6137 77.0
6138 77.0
6139 77.0
6140 77.0
6141 77.0
6142 77.0
6143 77.0
6144 77.0
6145 77.0
6146 77.0
6147 77.0
6148 77.0
6149 77.0
6150 77.0
6151 77.0
6152 77.0
6153 77.0
6154 77.0
6155 77.0
6156 77.0
6157 77.0
6158 77.0
6159 77.0
6160 77.0
6161 77.0
6162 77.0
6163 77.0
6164 77.0
6165 77.0
6166 77.0
6167 77.0
6168 77.0
6169 77.0
6170 77.0
6171 77.0
6172 77.0
6173 77.0
6174 77.0
6175 77.0
6176 77.0
6177 77.0
6178 77.0
6179 77.0
6180 77.0
6181 77.0
6182 77.0
6183 77.0
6184 77.0
6185 77.0
6186 77.0
6187 77.0
6188 77.0
6189 77.0
6190 77.0
6191 77.0
6192 77.0
6193 77.0
6194 77.0
6195 77.0
6196 77.0
6197 77.0
6198 77.0
6199 77.0
6200 77.0
6201 77.0
6202 77.0
6203 77.0
6204 77.0
6205 77.0
6206 77.0
6207 77.0
6208 77.0
6209 77.0
6210 77.0
6211 77.0
6212 77.0
6213 77.0
6214 77.0
6215 77.0
6216 77.0
6217 77.0
6218 77.0
6219 77.0
6220 77.0
6221 77.0
6222 77.0
6223 77.0
6224 77.0
6225 77.0
6226 77.0
6227 77.0
6228 77.0
6229 77.0
6230 77.0
6231 77.0
6232 77.0
6233 77.0
6234 77.0
6235 77.0
6236 77.0
6237 77.0
6238 77.0
6239 77.0
6240 77.0
6241 77.0
6242 77.0
6243 77.0
6244 77.0
6245 77.0
6246 77.0
6247 77.0
6248 77.0
6249 77.0
6250 77.0
6251 77.0
6252 77.0
6253 77.0
6254 77.0
6255 77.0
6256 77.0
6257 77.0
6258 77.0
6259 77.0
6260 77.0
6261 77.0
6262 77.0
6263 77.0
6264 77.0
6265 77.0
6266 77.0
6267 77.0
6268 77.0
6269 77.0
6270 77.0
6271 77.0
6272 77.0
6273 77.0
6274 77.0
6275 77.0
6276 77.0
6277 77.0
6278 77.0
6279 77.0
6280 77.0
6281 77.0
6282 77.0
6283 77.0
6284 77.0
6285 77.0
6286 77.0
6287 77.0
6288 77.0
6289 77.0
6290 77.0
6291 77.0
6292 77.0
6293 77.0
6294 77.0
6295 77.0
6296 77.0
6297 77.0
6298 77.0
6299 77.0
6300 77.0
6301 77.0
6302 77.0
6303 77.0
6304 77.0
6305 77.0
6306 77.0
6307 77.0
6308 77.0
6309 77.0
6310 77.0
6311 77.0
6312 77.0
6313 77.0
6314 77.0
6315 77.0
6316 77.0
6317 77.0
6318 77.0
6319 77.0
6320 77.0
6321 77.0
6322 77.0
6323 77.0
6324 77.0
6325 77.0
6326 77.0
6327 77.0
6328 77.0
6329 77.0
6330 77.0
6331 77.0
6332 77.0
6333 77.0
6334 77.0
6335 77.0
6336 77.0
6337 77.0
6338 77.0
6339 77.0
6340 77.0
6341 77.0
6342 77.0
6343 77.0
6344 77.0
6345 77.0
6346 77.0
6347 77.0
6348 77.0
6349 77.0
6350 77.0
6351 77.0
6352 77.0
6353 77.0
6354 77.0
6355 77.0
6356 77.0
6357 77.0
6358 77.0
6359 77.0
6360 77.0
6361 77.0
6362 77.0
6363 77.0
6364 77.0
6365 77.0
6366 77.0
6367 77.0
6368 77.0
6369 77.0
6370 77.0
6371 77.0
6372 77.0
6373 77.0
6374 77.0
6375 77.0
6376 77.0
6377 77.0
6378 77.0
6379 77.0
6380 77.0
6381 77.0
6382 77.0
6383 77.0
6384 77.0
6385 77.0
6386 77.0
6387 77.0
6388 77.0
6389 77.0
6390 77.0
6391 77.0
6392 77.0
6393 77.0
6394 77.0
6395 77.0
6396 77.0
6397 77.0
6398 77.0
6399 77.0
6400 77.0
6401 77.0
6402 77.0
6403 77.0
6404 77.0
6405 77.0
6406 77.0
6407 77.0
6408 77.0
6409 77.0
6410 77.0
6411 77.0
6412 77.0
6413 77.0
6414 77.0
6415 77.0
6416 77.0
6417 77.0
6418 77.0
6419 77.0
6420 77.0
6421 77.0
6422 77.0
6423 77.0
6424 77.0
6425 77.0
6426 77.0
6427 77.0
6428 77.0
6429 77.0
6430 77.0
6431 77.0
6432 77.0
6433 77.0
6434 77.0
6435 77.0
6436 77.0
6437 77.0
6438 77.0
6439 77.0
6440 77.0
6441 77.0
6442 77.0
6443 77.0
6444 77.0
6445 77.0
6446 77.0
6447 77.0
6448 77.0
6449 77.0
6450 77.0
6451 77.0
6452 77.0
6453 77.0
6454 77.0
6455 77.0
6456 77.0
6457 77.0
6458 77.0
6459 77.0
6460 77.0
6461 77.0
6462 77.0
6463 77.0
6464 77.0
6465 77.0
6466 77.0
6467 77.0
6468 77.0
6469 77.0
6470 77.0
6471 77.0
6472 77.0
6473 77.0
6474 77.0
6475 77.0
6476 77.0
6477 77.0
6478 77.0
6479 77.0
6480 77.0
6481 77.0
6482 77.0
6483 77.0
6484 77.0
6485 77.0
6486 77.0
6487 77.0
6488 77.0
6489 77.0
6490 77.0
6491 77.0
6492 77.0
6493 77.0
6494 77.0
6495 77.0
6496 77.0
6497 77.0
6498 77.0
6499 77.0
6500 77.0
6501 77.0
6502 77.0
6503 77.0
6504 77.0
6505 77.0
6506 77.0
6507 77.0
6508 77.0
6509 77.0
6510 77.0
6511 77.0
6512 77.0
6513 77.0
6514 77.0
6515 77.0
6516 77.0
6517 77.0
6518 77.0
6519 77.0
6520 77.0
6521 77.0
6522 77.0
6523 77.0
6524 77.0
6525 77.0
6526 77.0
6527 77.0
6528 77.0
6529 77.0
6530 77.0
6531 77.0
6532 77.0
6533 77.0
6534 77.0
6535 77.0
6536 77.0
6537 77.0
6538 77.0
6539 77.0
6540 77.0
6541 77.0
6542 77.0
6543 77.0
6544 77.0
6545 77.0
6546 77.0
6547 77.0
6548 77.0
6549 77.0
6550 77.0
6551 77.0
6552 77.0
6553 77.0
6554 77.0
6555 77.0
6556 77.0
6557 77.0
6558 77.0
6559 77.0
6560 77.0
6561 77.0
6562 77.0
6563 77.0
6564 77.0
6565 77.0
6566 77.0
6567 77.0
6568 77.0
6569 77.0
6570 77.0
6571 77.0
6572 77.0
6573 77.0
6574 77.0
6575 77.0
6576 77.0
6577 77.0
6578 77.0
6579 77.0
6580 77.0
6581 77.0
6582 77.0
6583 77.0
6584 77.0
6585 77.0
6586 77.0
6587 77.0
6588 77.0
6589 77.0
6590 77.0
6591 77.0
6592 77.0
6593 77.0
6594 77.0
6595 77.0
6596 77.0
6597 77.0
6598 77.0
6599 77.0
6600 77.0
6601 77.0
6602 77.0
6603 77.0
6604 77.0
6605 77.0
6606 77.0
6607 77.0
6608 77.0
6609 77.0
6610 77.0
6611 77.0
6612 77.0
6613 77.0
6614 77.0
6615 77.0
6616 77.0
6617 77.0
6618 77.0
6619 77.0
6620 77.0
6621 77.0
6622 77.0
6623 77.0
6624 77.0
6625 77.0
6626 77.0
6627 77.0
6628 77.0
6629 77.0
6630 77.0
6631 77.0
6632 77.0
6633 77.0
6634 77.0
6635 77.0
6636 77.0
6637 77.0
6638 77.0
6639 77.0
6640 77.0
6641 77.0
6642 77.0
6643 77.0
6644 77.0
6645 77.0
6646 77.0
6647 77.0
6648 77.0
6649 77.0
6650 77.0
6651 77.0
6652 77.0
6653 77.0
6654 77.0
6655 77.0
6656 77.0
6657 77.0
6658 77.0
6659 77.0
6660 77.0
6661 77.0
6662 77.0
6663 77.0
6664 77.0
6665 77.0
6666 77.0
6667 77.0
6668 77.0
6669 77.0
6670 77.0
6671 77.0
6672 77.0
6673 77.0
6674 77.0
6675 77.0
6676 77.0
6677 77.0
6678 77.0
6679 77.0
6680 77.0
6681 77.0
6682 77.0
6683 77.0
6684 77.0
6685 77.0
6686 77.0
6687 77.0
6688 77.0
6689 77.0
6690 77.0
6691 77.0
6692 77.0
6693 77.0
6694 77.0
6695 77.0
6696 77.0
6697 77.0
6698 77.0
6699 77.0
6700 77.0
6701 77.0
6702 77.0
6703 77.0
6704 77.0
6705 77.0
6706 77.0
6707 77.0
6708 77.0
6709 77.0
6710 77.0
6711 77.0
6712 77.0
6713 77.0
6714 77.0
6715 77.0
6716 77.0
6717 77.0
6718 77.0
6719 77.0
6720 77.0
6721 77.0
6722 77.0
6723 77.0
6724 77.0
6725 77.0
6726 77.0
6727 77.0
6728 77.0
6729 77.0
6730 77.0
6731 77.0
6732 77.0
6733 77.0
6734 77.0
6735 77.0
6736 77.0
6737 77.0
6738 77.0
6739 77.0
6740 77.0
6741 77.0
6742 77.0
6743 77.0
6744 77.0
6745 77.0
6746 77.0
6747 77.0
6748 77.0
6749 77.0
6750 77.0
6751 77.0
6752 77.0
6753 77.0
6754 77.0
6755 77.0
6756 77.0
6757 77.0
6758 77.0
6759 77.0
6760 77.0
6761 77.0
6762 77.0
6763 77.0
6764 77.0
6765 77.0
6766 77.0
6767 77.0
6768 77.0
6769 77.0
6770 77.0
6771 77.0
6772 77.0
6773 77.0
6774 77.0
6775 77.0
6776 77.0
6777 77.0
6778 77.0
6779 77.0
6780 77.0
6781 77.0
6782 77.0
6783 77.0
6784 77.0
6785 77.0
6786 77.0
6787 77.0
6788 77.0
6789 77.0
6790 77.0
6791 77.0
6792 77.0
6793 77.0
6794 77.0
6795 77.0
6796 77.0
6797 77.0
6798 77.0
6799 77.0
6800 77.0
6801 77.0
6802 77.0
6803 77.0
6804 77.0
6805 77.0
6806 77.0
6807 77.0
6808 77.0
6809 77.0
6810 77.0
6811 77.0
6812 77.0
6813 77.0
6814 77.0
6815 77.0
6816 77.0
6817 77.0
6818 77.0
6819 77.0
6820 77.0
6821 77.0
6822 77.0
6823 77.0
6824 77.0
6825 77.0
6826 77.0
6827 77.0
6828 77.0
6829 77.0
6830 77.0
6831 77.0
6832 77.0
6833 77.0
6834 77.0
6835 77.0
6836 77.0
6837 77.0
6838 77.0
6839 77.0
6840 77.0
6841 77.0
6842 77.0
6843 77.0
6844 77.0
6845 77.0
6846 77.0
6847 77.0
6848 77.0
6849 77.0
6850 77.0
6851 77.0
6852 77.0
6853 77.0
6854 77.0
6855 77.0
6856 77.0
6857 77.0
6858 77.0
6859 77.0
6860 77.0
6861 77.0
6862 77.0
6863 77.0
6864 77.0
6865 77.0
6866 77.0
6867 77.0
6868 77.0
6869 77.0
6870 77.0
6871 77.0
6872 77.0
6873 77.0
6874 77.0
6875 77.0
6876 77.0
6877 77.0
6878 77.0
6879 77.0
6880 77.0
6881 77.0
6882 77.0
6883 77.0
6884 77.0
6885 77.0
6886 77.0
6887 77.0
6888 77.0
6889 77.0
6890 77.0
6891 77.0
6892 77.0
6893 77.0
6894 77.0
6895 77.0
6896 77.0
6897 77.0
6898 77.0
6899 77.0
6900 77.0
6901 77.0
6902 77.0
6903 77.0
6904 77.0
6905 77.0
6906 77.0
6907 77.0
6908 77.0
6909 77.0
6910 77.0
6911 77.0
6912 77.0
6913 77.0
6914 77.0
6915 77.0
6916 77.0
6917 77.0
6918 77.0
6919 77.0
6920 77.0
6921 77.0
6922 77.0
6923 77.0
6924 77.0
6925 77.0
6926 77.0
6927 77.0
6928 77.0
6929 77.0
6930 77.0
6931 77.0
6932 77.0
6933 77.0
6934 77.0
6935 77.0
6936 77.0
6937 77.0
6938 77.0
6939 77.0
6940 77.0
6941 77.0
6942 77.0
6943 77.0
6944 77.0
6945 77.0
6946 77.0
6947 77.0
6948 77.0
6949 77.0
6950 77.0
6951 77.0
6952 77.0
6953 77.0
6954 77.0
6955 77.0
6956 77.0
6957 77.0
6958 77.0
6959 77.0
6960 77.0
6961 77.0
6962 77.0
6963 77.0
6964 77.0
6965 77.0
6966 77.0
6967 77.0
6968 77.0
6969 77.0
6970 77.0
6971 77.0
6972 77.0
6973 77.0
6974 77.0
6975 77.0
6976 77.0
6977 77.0
6978 77.0
6979 77.0
6980 77.0
6981 77.0
6982 77.0
6983 77.0
6984 77.0
6985 77.0
6986 77.0
6987 77.0
6988 77.0
6989 77.0
6990 77.0
6991 77.0
6992 77.0
6993 77.0
6994 77.0
6995 77.0
6996 77.0
6997 77.0
6998 77.0
6999 77.0
7000 77.0
7001 77.0
7002 77.0
7003 77.0
7004 77.0
7005 77.0
7006 77.0
7007 77.0
7008 77.0
7009 77.0
7010 77.0
7011 77.0
7012 77.0
7013 77.0
7014 77.0
7015 77.0
7016 77.0
7017 77.0
7018 77.0
7019 77.0
7020 77.0
7021 77.0
7022 77.0
7023 77.0
7024 77.0
7025 77.0
7026 77.0
7027 77.0
7028 77.0
7029 77.0
7030 77.0
7031 77.0
7032 77.0
7033 77.0
7034 77.0
7035 77.0
7036 77.0
7037 77.0
7038 77.0
7039 77.0
7040 77.0
7041 77.0
7042 77.0
7043 77.0
7044 77.0
7045 77.0
7046 77.0
7047 77.0
7048 77.0
7049 77.0
7050 77.0
7051 77.0
7052 77.0
7053 77.0
7054 77.0
7055 77.0
7056 77.0
7057 77.0
7058 77.0
7059 77.0
7060 77.0
7061 77.0
7062 77.0
7063 77.0
7064 77.0
7065 77.0
7066 77.0
7067 77.0
7068 77.0
7069 77.0
7070 77.0
7071 77.0
7072 77.0
7073 77.0
7074 77.0
7075 77.0
7076 77.0
7077 77.0
7078 77.0
7079 77.0
7080 77.0
7081 77.0
7082 77.0
7083 77.0
7084 77.0
7085 77.0
7086 77.0
7087 77.0
7088 77.0
7089 77.0
7090 77.0
7091 77.0
7092 77.0
7093 77.0
7094 77.0
7095 77.0
7096 77.0
7097 77.0
7098 77.0
7099 77.0
7100 77.0
7101 77.0
7102 77.0
7103 77.0
7104 77.0
7105 77.0
7106 77.0
7107 77.0
7108 77.0
7109 77.0
7110 77.0
7111 77.0
7112 77.0
7113 77.0
7114 77.0
7115 77.0
7116 77.0
7117 77.0
7118 77.0
7119 77.0
7120 77.0
7121 77.0
7122 77.0
7123 77.0
7124 77.0
7125 77.0
7126 77.0
7127 77.0
7128 77.0
7129 77.0
7130 77.0
7131 77.0
7132 77.0
7133 77.0
7134 77.0
7135 77.0
7136 77.0
7137 77.0
7138 77.0
7139 77.0
7140 77.0
7141 77.0
7142 77.0
7143 77.0
7144 77.0
7145 77.0
7146 77.0
7147 77.0
7148 77.0
7149 77.0
7150 77.0
7151 77.0
7152 77.0
7153 77.0
7154 77.0
7155 77.0
7156 77.0
7157 77.0
7158 77.0
7159 77.0
7160 77.0
7161 77.0
7162 77.0
7163 77.0
7164 77.0
7165 77.0
7166 77.0
7167 77.0
7168 77.0
7169 77.0
7170 77.0
7171 77.0
7172 77.0
7173 77.0
7174 77.0
7175 77.0
7176 77.0
7177 77.0
7178 77.0
7179 77.0
7180 77.0
7181 77.0
7182 77.0
7183 77.0
7184 77.0
7185 77.0
7186 77.0
7187 77.0
7188 77.0
7189 77.0
7190 77.0
7191 77.0
7192 77.0
7193 77.0
7194 77.0
7195 77.0
7196 77.0
7197 77.0
7198 77.0
7199 77.0
7200 77.0
7201 77.0
7202 77.0
7203 77.0
7204 77.0
7205 77.0
7206 77.0
7207 77.0
7208 77.0
7209 77.0
7210 77.0
7211 77.0
7212 77.0
7213 77.0
7214 77.0
7215 77.0
7216 77.0
7217 77.0
7218 77.0
7219 77.0
7220 77.0
7221 77.0
7222 77.0
7223 77.0
7224 77.0
7225 77.0
7226 77.0
7227 77.0
7228 77.0
7229 77.0
7230 77.0
7231 77.0
7232 77.0
7233 77.0
7234 77.0
7235 77.0
7236 77.0
7237 77.0
7238 77.0
7239 77.0
7240 77.0
7241 77.0
7242 77.0
7243 77.0
7244 77.0
7245 77.0
7246 77.0
7247 77.0
7248 77.0
7249 77.0
7250 77.0
7251 77.0
7252 77.0
7253 77.0
7254 77.0
7255 77.0
7256 77.0
7257 77.0
7258 77.0
7259 77.0
7260 77.0
7261 77.0
7262 77.0
7263 77.0
7264 77.0
7265 77.0
7266 77.0
7267 77.0
7268 77.0
7269 77.0
7270 77.0
7271 77.0
7272 77.0
7273 77.0
7274 77.0
7275 77.0
7276 77.0
7277 77.0
7278 77.0
7279 77.0
7280 77.0
7281 77.0
7282 77.0
7283 77.0
7284 77.0
7285 77.0
7286 77.0
7287 77.0
7288 77.0
7289 77.0
7290 77.0
7291 77.0
7292 77.0
7293 77.0
7294 77.0
7295 77.0
7296 77.0
7297 77.0
7298 77.0
7299 77.0
7300 77.0
7301 77.0
7302 77.0
7303 77.0
7304 77.0
7305 77.0
7306 77.0
7307 77.0
7308 77.0
7309 77.0
7310 77.0
7311 77.0
7312 77.0
7313 77.0
7314 77.0
7315 77.0
7316 77.0
7317 77.0
7318 77.0
7319 77.0
7320 77.0
7321 77.0
7322 77.0
7323 77.0
7324 77.0
7325 77.0
7326 77.0
7327 77.0
7328 77.0
7329 77.0
7330 77.0
7331 77.0
7332 77.0
7333 77.0
7334 77.0
7335 77.0
7336 77.0
7337 77.0
7338 77.0
7339 77.0
7340 77.0
7341 77.0
7342 77.0
7343 77.0
7344 77.0
7345 77.0
7346 77.0
7347 77.0
7348 77.0
7349 77.0
7350 77.0
7351 77.0
7352 77.0
7353 77.0
7354 77.0
7355 77.0
7356 77.0
7357 77.0
7358 77.0
7359 77.0
7360 77.0
7361 77.0
7362 77.0
7363 77.0
7364 77.0
7365 77.0
7366 77.0
7367 77.0
7368 77.0
7369 77.0
7370 77.0
7371 77.0
7372 77.0
7373 77.0
7374 77.0
7375 77.0
7376 77.0
7377 77.0
7378 77.0
7379 77.0
7380 77.0
7381 77.0
7382 77.0
7383 77.0
7384 77.0
7385 77.0
7386 77.0
7387 77.0
7388 77.0
7389 77.0
7390 77.0
7391 77.0
7392 77.0
7393 77.0
7394 77.0
7395 77.0
7396 77.0
7397 77.0
7398 77.0
7399 77.0
7400 77.0
7401 77.0
7402 77.0
7403 77.0
7404 77.0
7405 77.0
7406 77.0
7407 77.0
7408 77.0
7409 77.0
7410 77.0
7411 77.0
7412 77.0
7413 77.0
7414 77.0
7415 77.0
7416 77.0
7417 77.0
7418 77.0
7419 77.0
7420 77.0
7421 77.0
7422 77.0
7423 77.0
7424 77.0
7425 77.0
7426 77.0
7427 77.0
7428 77.0
7429 77.0
7430 77.0
7431 77.0
7432 77.0
7433 77.0
7434 77.0
7435 77.0
7436 77.0
7437 77.0
7438 77.0
7439 77.0
7440 77.0
7441 77.0
7442 77.0
7443 77.0
7444 77.0
7445 77.0
7446 77.0
7447 77.0
7448 77.0
7449 77.0
7450 77.0
7451 77.0
7452 77.0
7453 77.0
7454 77.0
7455 77.0
7456 77.0
7457 77.0
7458 77.0
7459 77.0
7460 77.0
7461 77.0
7462 77.0
7463 77.0
7464 77.0
7465 77.0
7466 77.0
7467 77.0
7468 77.0
7469 77.0
7470 77.0
7471 77.0
7472 77.0
7473 77.0
7474 77.0
7475 77.0
7476 77.0
7477 77.0
7478 77.0
7479 77.0
7480 77.0
7481 77.0
7482 77.0
7483 77.0
7484 77.0
7485 77.0
7486 77.0
7487 77.0
7488 77.0
7489 77.0
7490 77.0
7491 77.0
7492 77.0
7493 77.0
7494 77.0
7495 77.0
7496 77.0
7497 77.0
7498 77.0
7499 77.0
7500 77.0
7501 77.0
7502 77.0
7503 77.0
7504 77.0
7505 77.0
7506 77.0
7507 77.0
7508 77.0
7509 77.0
7510 77.0
7511 77.0
7512 77.0
7513 77.0
7514 77.0
7515 77.0
7516 77.0
7517 77.0
7518 77.0
7519 77.0
7520 77.0
7521 77.0
7522 77.0
7523 77.0
7524 77.0
7525 77.0
7526 77.0
7527 77.0
7528 77.0
7529 77.0
7530 77.0
7531 77.0
7532 77.0
7533 77.0
7534 77.0
7535 77.0
7536 77.0
7537 77.0
7538 77.0
7539 77.0
7540 77.0
7541 77.0
7542 77.0
7543 77.0
7544 77.0
7545 77.0
7546 77.0
7547 77.0
7548 77.0
7549 77.0
7550 77.0
7551 77.0
7552 77.0
7553 77.0
7554 77.0
7555 77.0
7556 77.0
7557 77.0
7558 77.0
7559 77.0
7560 77.0
7561 77.0
7562 77.0
7563 77.0
7564 77.0
7565 77.0
7566 77.0
7567 77.0
7568 77.0
7569 77.0
7570 77.0
7571 77.0
7572 77.0
7573 77.0
7574 77.0
7575 77.0
7576 77.0
7577 77.0
7578 77.0
7579 77.0
7580 77.0
7581 77.0
7582 77.0
7583 77.0
7584 77.0
7585 77.0
7586 77.0
7587 77.0
7588 77.0
7589 77.0
7590 77.0
7591 77.0
7592 77.0
7593 77.0
7594 77.0
7595 77.0
7596 77.0
7597 77.0
7598 77.0
7599 77.0
7600 77.0
7601 77.0
7602 77.0
7603 77.0
7604 77.0
7605 77.0
7606 77.0
7607 77.0
7608 77.0
7609 77.0
7610 77.0
7611 77.0
7612 77.0
7613 77.0
7614 77.0
7615 77.0
7616 77.0
7617 77.0
7618 77.0
7619 77.0
7620 77.0
7621 77.0
7622 77.0
7623 77.0
7624 77.0
7625 77.0
7626 77.0
7627 77.0
7628 77.0
7629 77.0
7630 77.0
7631 77.0
7632 77.0
7633 77.0
7634 77.0
7635 77.0
7636 77.0
7637 77.0
7638 77.0
7639 77.0
7640 77.0
7641 77.0
7642 77.0
7643 77.0
7644 77.0
7645 77.0
7646 77.0
7647 77.0
7648 77.0
7649 77.0
7650 77.0
7651 77.0
7652 77.0
7653 77.0
7654 77.0
7655 77.0
7656 77.0
7657 77.0
7658 77.0
7659 77.0
7660 77.0
7661 77.0
7662 77.0
7663 77.0
7664 77.0
7665 77.0
7666 77.0
7667 77.0
7668 77.0
7669 77.0
7670 77.0
7671 77.0
7672 77.0
7673 77.0
7674 77.0
7675 77.0
7676 77.0
7677 77.0
7678 77.0
7679 77.0
7680 77.0
7681 77.0
7682 77.0
7683 77.0
7684 77.0
7685 77.0
7686 77.0
7687 77.0
7688 77.0
7689 77.0
7690 77.0
7691 77.0
7692 77.0
7693 77.0
7694 77.0
7695 77.0
7696 77.0
7697 77.0
7698 77.0
7699 77.0
7700 77.0
7701 77.0
7702 77.0
7703 77.0
7704 77.0
7705 77.0
7706 77.0
7707 77.0
7708 77.0
7709 77.0
7710 77.0
7711 77.0
7712 77.0
7713 77.0
7714 77.0
7715 77.0
7716 77.0
7717 77.0
7718 77.0
7719 77.0
7720 77.0
7721 77.0
7722 77.0
7723 77.0
7724 77.0
7725 77.0
7726 77.0
7727 77.0
7728 77.0
7729 77.0
7730 77.0
7731 77.0
7732 77.0
7733 77.0
7734 77.0
7735 77.0
7736 77.0
7737 77.0
7738 77.0
7739 77.0
7740 77.0
7741 77.0
7742 77.0
7743 77.0
7744 77.0
7745 77.0
7746 77.0
7747 77.0
7748 77.0
7749 77.0
7750 77.0
7751 77.0
7752 77.0
7753 77.0
7754 77.0
7755 77.0
7756 77.0
7757 77.0
7758 77.0
7759 77.0
7760 77.0
7761 77.0
7762 77.0
7763 77.0
7764 77.0
7765 77.0
7766 77.0
7767 77.0
7768 77.0
7769 77.0
7770 77.0
7771 77.0
7772 77.0
7773 77.0
7774 77.0
7775 77.0
7776 77.0
7777 77.0
7778 77.0
7779 77.0
7780 77.0
7781 77.0
7782 77.0
7783 77.0
7784 77.0
7785 77.0
7786 77.0
7787 77.0
7788 77.0
7789 77.0
7790 77.0
7791 77.0
7792 77.0
7793 77.0
7794 77.0
7795 77.0
7796 77.0
7797 77.0
7798 77.0
7799 77.0
7800 77.0
7801 77.0
7802 77.0
7803 77.0
7804 77.0
7805 77.0
7806 77.0
7807 77.0
7808 77.0
7809 77.0
7810 77.0
7811 77.0
7812 77.0
7813 77.0
7814 77.0
7815 77.0
7816 77.0
7817 77.0
7818 77.0
7819 77.0
7820 77.0
7821 77.0
7822 77.0
7823 77.0
7824 77.0
7825 77.0
7826 77.0
7827 77.0
7828 77.0
7829 77.0
7830 77.0
7831 77.0
7832 77.0
7833 77.0
7834 77.0
7835 77.0
7836 77.0
7837 77.0
7838 77.0
7839 77.0
7840 77.0
7841 77.0
7842 77.0
7843 77.0
7844 77.0
7845 77.0
7846 77.0
7847 77.0
7848 77.0
7849 77.0
7850 77.0
7851 77.0
7852 77.0
7853 77.0
7854 77.0
7855 77.0
7856 77.0
7857 77.0
7858 77.0
7859 77.0
7860 77.0
7861 77.0
7862 77.0
7863 77.0
7864 77.0
7865 77.0
7866 77.0
7867 77.0
7868 77.0
7869 77.0
7870 77.0
7871 77.0
7872 77.0
7873 77.0
7874 77.0
7875 77.0
7876 77.0
7877 77.0
7878 77.0
7879 77.0
7880 77.0
7881 77.0
7882 77.0
7883 77.0
7884 77.0
7885 77.0
7886 77.0
7887 77.0
7888 77.0
7889 77.0
7890 77.0
7891 77.0
7892 77.0
7893 77.0
7894 77.0
7895 80.0
7896 80.0
7897 80.0
7898 80.0
7899 80.0
7900 80.0
7901 80.0
7902 80.0
7903 80.0
7904 80.0
7905 80.0
7906 80.0
7907 80.0
7908 80.0
7909 80.0
7910 80.0
7911 80.0
7912 80.0
7913 80.0
7914 80.0
7915 80.0
7916 80.0
7917 80.0
7918 80.0
7919 80.0
7920 80.0
7921 80.0
7922 80.0
7923 80.0
7924 80.0
7925 80.0
7926 80.0
7927 80.0
7928 80.0
7929 80.0
7930 80.0
7931 80.0
7932 80.0
7933 80.0
7934 80.0
7935 80.0
7936 80.0
7937 80.0
7938 80.0
7939 80.0
7940 80.0
7941 80.0
7942 80.0
7943 80.0
7944 80.0
7945 80.0
7946 80.0
7947 80.0
7948 80.0
7949 80.0
7950 80.0
7951 80.0
7952 80.0
7953 80.0
7954 80.0
7955 80.0
7956 80.0
7957 80.0
7958 80.0
7959 80.0
7960 80.0
7961 80.0
7962 80.0
7963 80.0
7964 80.0
7965 80.0
7966 80.0
7967 80.0
7968 80.0
7969 80.0
7970 80.0
7971 80.0
7972 80.0
7973 80.0
7974 80.0
7975 80.0
7976 80.0
7977 80.0
7978 80.0
7979 80.0
7980 80.0
7981 80.0
7982 80.0
7983 80.0
7984 80.0
7985 80.0
7986 80.0
7987 80.0
7988 80.0
7989 80.0
7990 80.0
7991 80.0
7992 80.0
7993 80.0
7994 80.0
7995 80.0
7996 80.0
7997 80.0
7998 80.0
7999 80.0
8000 80.0
8001 80.0
8002 80.0
8003 80.0
8004 80.0
8005 80.0
8006 80.0
8007 80.0
8008 80.0
8009 80.0
8010 80.0
8011 80.0
8012 80.0
8013 80.0
8014 80.0
8015 80.0
8016 80.0
8017 80.0
8018 80.0
8019 80.0
8020 80.0
8021 80.0
8022 80.0
8023 80.0
8024 80.0
8025 80.0
8026 80.0
8027 80.0
8028 80.0
8029 80.0
8030 80.0
8031 80.0
8032 80.0
8033 80.0
8034 80.0
8035 80.0
8036 80.0
8037 80.0
8038 80.0
8039 80.0
8040 80.0
8041 80.0
8042 80.0
8043 80.0
8044 80.0
8045 80.0
8046 80.0
8047 80.0
8048 80.0
8049 80.0
8050 80.0
8051 80.0
8052 80.0
8053 80.0
8054 80.0
8055 80.0
8056 80.0
8057 80.0
8058 80.0
8059 80.0
8060 80.0
8061 80.0
8062 80.0
8063 80.0
8064 80.0
8065 80.0
8066 80.0
8067 80.0
8068 80.0
8069 80.0
8070 80.0
8071 80.0
8072 80.0
8073 80.0
8074 80.0
8075 80.0
8076 80.0
8077 80.0
8078 80.0
8079 80.0
8080 80.0
8081 80.0
8082 80.0
8083 80.0
8084 80.0
8085 80.0
8086 80.0
8087 80.0
8088 80.0
8089 80.0
8090 80.0
8091 80.0
8092 80.0
8093 80.0
8094 80.0
8095 80.0
8096 80.0
8097 80.0
8098 80.0
8099 80.0
8100 80.0
8101 80.0
8102 80.0
8103 80.0
8104 80.0
8105 80.0
8106 80.0
8107 80.0
8108 80.0
8109 80.0
8110 80.0
8111 80.0
8112 80.0
8113 80.0
8114 80.0
8115 80.0
8116 80.0
8117 80.0
8118 80.0
8119 80.0
8120 80.0
8121 80.0
8122 80.0
8123 80.0
8124 80.0
8125 80.0
8126 80.0
8127 80.0
8128 80.0
8129 80.0
8130 80.0
8131 80.0
8132 80.0
8133 80.0
8134 80.0
8135 80.0
8136 80.0
8137 80.0
8138 80.0
8139 80.0
8140 80.0
8141 80.0
8142 80.0
8143 80.0
8144 80.0
8145 80.0
8146 80.0
8147 80.0
8148 80.0
8149 80.0
8150 80.0
8151 80.0
8152 80.0
8153 80.0
8154 80.0
8155 80.0
8156 80.0
8157 80.0
8158 80.0
8159 80.0
8160 80.0
8161 80.0
8162 80.0
8163 80.0
8164 80.0
8165 80.0
8166 80.0
8167 80.0
8168 80.0
8169 80.0
8170 80.0
8171 80.0
8172 80.0
8173 80.0
8174 80.0
8175 80.0
8176 80.0
8177 80.0
8178 80.0
8179 80.0
8180 80.0
8181 80.0
8182 80.0
8183 80.0
8184 80.0
8185 80.0
8186 80.0
8187 80.0
8188 80.0
8189 80.0
8190 80.0
8191 80.0
8192 80.0
8193 80.0
8194 80.0
8195 80.0
8196 80.0
8197 80.0
8198 80.0
8199 80.0
8200 80.0
8201 80.0
8202 80.0
8203 80.0
8204 80.0
8205 80.0
8206 80.0
8207 80.0
8208 80.0
8209 80.0
8210 80.0
8211 80.0
8212 80.0
8213 80.0
8214 80.0
8215 80.0
8216 80.0
8217 80.0
8218 80.0
8219 80.0
8220 80.0
8221 80.0
8222 80.0
8223 80.0
8224 80.0
8225 80.0
8226 80.0
8227 80.0
8228 80.0
8229 80.0
8230 80.0
8231 80.0
8232 80.0
8233 80.0
8234 80.0
8235 80.0
8236 80.0
8237 80.0
8238 80.0
8239 80.0
8240 80.0
8241 80.0
8242 80.0
8243 80.0
8244 80.0
8245 80.0
8246 80.0
8247 80.0
8248 80.0
8249 80.0
8250 80.0
8251 80.0
8252 80.0
8253 80.0
8254 80.0
8255 80.0
8256 80.0
8257 80.0
8258 80.0
8259 80.0
8260 80.0
8261 80.0
8262 80.0
8263 80.0
8264 80.0
8265 80.0
8266 80.0
8267 80.0
8268 80.0
8269 80.0
8270 80.0
8271 80.0
8272 80.0
8273 80.0
8274 80.0
8275 80.0
8276 80.0
8277 80.0
8278 80.0
8279 80.0
8280 80.0
8281 80.0
8282 80.0
8283 80.0
8284 80.0
8285 80.0
8286 80.0
8287 80.0
8288 80.0
8289 80.0
8290 80.0
8291 80.0
8292 80.0
8293 80.0
8294 80.0
8295 80.0
8296 80.0
8297 80.0
8298 80.0
8299 80.0
8300 80.0
8301 80.0
8302 80.0
8303 80.0
8304 80.0
8305 80.0
8306 80.0
8307 80.0
8308 80.0
8309 80.0
8310 80.0
8311 80.0
8312 80.0
8313 80.0
8314 80.0
8315 80.0
8316 80.0
8317 80.0
8318 80.0
8319 80.0
8320 80.0
8321 80.0
8322 80.0
8323 80.0
8324 80.0
8325 80.0
8326 80.0
8327 80.0
8328 80.0
8329 80.0
8330 80.0
8331 80.0
8332 80.0
8333 80.0
8334 80.0
8335 80.0
8336 80.0
8337 80.0
8338 80.0
8339 80.0
8340 80.0
8341 80.0
8342 80.0
8343 80.0
8344 80.0
8345 80.0
8346 80.0
8347 80.0
8348 80.0
8349 80.0
8350 80.0
8351 80.0
8352 80.0
8353 80.0
8354 80.0
8355 80.0
8356 80.0
8357 80.0
8358 80.0
8359 80.0
8360 80.0
8361 80.0
8362 80.0
8363 80.0
8364 80.0
8365 80.0
8366 80.0
8367 80.0
8368 80.0
8369 80.0
8370 80.0
8371 80.0
8372 80.0
8373 80.0
8374 80.0
8375 80.0
8376 80.0
8377 80.0
8378 80.0
8379 80.0
8380 80.0
8381 80.0
8382 80.0
8383 80.0
8384 80.0
8385 80.0
8386 80.0
8387 80.0
8388 80.0
8389 80.0
8390 80.0
8391 80.0
8392 80.0
8393 80.0
8394 80.0
8395 80.0
8396 80.0
8397 80.0
8398 80.0
8399 80.0
8400 80.0
8401 80.0
8402 80.0
8403 80.0
8404 80.0
8405 80.0
8406 80.0
8407 80.0
8408 80.0
8409 80.0
8410 80.0
8411 80.0
8412 80.0
8413 80.0
8414 80.0
8415 80.0
8416 80.0
8417 80.0
8418 80.0
8419 80.0
8420 80.0
8421 80.0
8422 80.0
8423 80.0
8424 80.0
8425 80.0
8426 80.0
8427 80.0
8428 80.0
8429 80.0
8430 80.0
8431 80.0
8432 80.0
8433 80.0
8434 80.0
8435 80.0
8436 80.0
8437 80.0
8438 80.0
8439 80.0
8440 80.0
8441 80.0
8442 80.0
8443 80.0
8444 80.0
8445 80.0
8446 80.0
8447 80.0
8448 80.0
8449 80.0
8450 80.0
8451 80.0
8452 80.0
8453 80.0
8454 80.0
8455 80.0
8456 80.0
8457 80.0
8458 80.0
8459 80.0
8460 80.0
8461 80.0
8462 80.0
8463 80.0
8464 80.0
8465 80.0
8466 80.0
8467 80.0
8468 80.0
8469 80.0
8470 80.0
8471 80.0
8472 80.0
8473 80.0
8474 80.0
8475 80.0
8476 80.0
8477 80.0
8478 80.0
8479 80.0
8480 80.0
8481 80.0
8482 80.0
8483 80.0
8484 80.0
8485 80.0
8486 80.0
8487 80.0
8488 80.0
8489 80.0
8490 80.0
8491 80.0
8492 80.0
8493 80.0
8494 80.0
8495 80.0
8496 80.0
8497 80.0
8498 80.0
8499 80.0
8500 80.0
8501 80.0
8502 80.0
8503 80.0
8504 80.0
8505 80.0
8506 80.0
8507 80.0
8508 80.0
8509 80.0
8510 80.0
8511 80.0
8512 80.0
8513 80.0
8514 80.0
8515 80.0
8516 80.0
8517 80.0
8518 80.0
8519 80.0
8520 80.0
8521 80.0
8522 80.0
8523 80.0
8524 80.0
8525 80.0
8526 80.0
8527 80.0
8528 80.0
8529 80.0
8530 80.0
8531 80.0
8532 80.0
8533 80.0
8534 80.0
8535 80.0
8536 80.0
8537 80.0
8538 80.0
8539 80.0
8540 80.0
8541 80.0
8542 80.0
8543 80.0
8544 80.0
8545 80.0
8546 80.0
8547 80.0
8548 80.0
8549 80.0
8550 80.0
8551 80.0
8552 80.0
8553 80.0
8554 80.0
8555 80.0
8556 80.0
8557 80.0
8558 80.0
8559 80.0
8560 80.0
8561 80.0
8562 80.0
8563 80.0
8564 80.0
8565 80.0
8566 80.0
8567 80.0
8568 80.0
8569 80.0
8570 80.0
8571 80.0
8572 80.0
8573 80.0
8574 80.0
8575 80.0
8576 80.0
8577 80.0
8578 80.0
8579 80.0
8580 80.0
8581 80.0
8582 80.0
8583 80.0
8584 80.0
8585 80.0
8586 80.0
8587 80.0
8588 80.0
8589 80.0
8590 80.0
8591 80.0
8592 80.0
8593 80.0
8594 80.0
8595 80.0
8596 80.0
8597 80.0
8598 80.0
8599 80.0
8600 80.0
8601 80.0
8602 80.0
8603 80.0
8604 80.0
8605 80.0
8606 80.0
8607 80.0
8608 80.0
8609 80.0
8610 80.0
8611 80.0
8612 80.0
8613 80.0
8614 80.0
8615 80.0
8616 80.0
8617 80.0
8618 80.0
8619 80.0
8620 80.0
8621 80.0
8622 80.0
8623 80.0
8624 80.0
8625 80.0
8626 80.0
8627 80.0
8628 80.0
8629 80.0
8630 80.0
8631 80.0
8632 80.0
8633 80.0
8634 80.0
8635 80.0
8636 80.0
8637 80.0
8638 80.0
8639 80.0
8640 80.0
8641 80.0
8642 80.0
8643 80.0
8644 80.0
8645 80.0
8646 80.0
8647 80.0
8648 80.0
8649 80.0
8650 80.0
8651 80.0
8652 80.0
8653 80.0
8654 80.0
8655 80.0
8656 80.0
8657 80.0
8658 80.0
8659 80.0
8660 80.0
8661 80.0
8662 80.0
8663 80.0
8664 80.0
8665 80.0
8666 80.0
8667 80.0
8668 80.0
8669 80.0
8670 80.0
8671 80.0
8672 80.0
8673 80.0
8674 80.0
8675 80.0
8676 80.0
8677 80.0
8678 80.0
8679 80.0
8680 80.0
8681 80.0
8682 80.0
8683 80.0
8684 80.0
8685 80.0
8686 80.0
8687 80.0
8688 80.0
8689 80.0
8690 80.0
8691 80.0
8692 80.0
8693 80.0
8694 80.0
8695 80.0
8696 80.0
8697 80.0
8698 80.0
8699 80.0
8700 80.0
8701 80.0
8702 80.0
8703 80.0
8704 80.0
8705 80.0
8706 80.0
8707 80.0
8708 80.0
8709 80.0
8710 80.0
8711 80.0
8712 80.0
8713 80.0
8714 80.0
8715 80.0
8716 80.0
8717 80.0
8718 80.0
8719 80.0
8720 80.0
8721 80.0
8722 80.0
8723 80.0
8724 80.0
8725 80.0
8726 80.0
8727 80.0
8728 80.0
8729 80.0
8730 80.0
8731 80.0
8732 80.0
8733 80.0
8734 80.0
8735 80.0
8736 80.0
8737 80.0
8738 80.0
8739 80.0
8740 80.0
8741 80.0
8742 80.0
8743 80.0
8744 80.0
8745 80.0
8746 80.0
8747 80.0
8748 80.0
8749 80.0
8750 80.0
8751 80.0
8752 80.0
8753 80.0
8754 80.0
8755 80.0
8756 80.0
8757 80.0
8758 80.0
8759 80.0
8760 80.0
8761 80.0
8762 80.0
8763 80.0
8764 80.0
8765 80.0
8766 80.0
8767 80.0
8768 80.0
8769 80.0
8770 80.0
8771 80.0
8772 80.0
8773 80.0
8774 80.0
8775 80.0
8776 80.0
8777 80.0
8778 80.0
8779 80.0
8780 80.0
8781 80.0
8782 80.0
8783 80.0
8784 80.0
8785 80.0
8786 80.0
8787 80.0
8788 80.0
8789 80.0
8790 80.0
8791 80.0
8792 80.0
8793 80.0
8794 80.0
8795 80.0
8796 80.0
8797 80.0
8798 80.0
8799 80.0
8800 80.0
8801 80.0
8802 80.0
8803 80.0
8804 80.0
8805 80.0
8806 80.0
8807 80.0
8808 80.0
8809 80.0
8810 80.0
8811 80.0
8812 80.0
8813 80.0
8814 80.0
8815 80.0
8816 80.0
8817 80.0
8818 80.0
8819 80.0
8820 80.0
8821 80.0
8822 80.0
8823 80.0
8824 80.0
8825 80.0
8826 80.0
8827 80.0
8828 80.0
8829 80.0
8830 80.0
8831 80.0
8832 80.0
8833 80.0
8834 80.0
8835 80.0
8836 80.0
8837 80.0
8838 80.0
8839 80.0
8840 80.0
8841 80.0
8842 80.0
8843 80.0
8844 80.0
8845 80.0
8846 80.0
8847 80.0
8848 80.0
8849 80.0
8850 80.0
8851 80.0
8852 80.0
8853 80.0
8854 80.0
8855 80.0
8856 80.0
8857 80.0
8858 80.0
8859 80.0
8860 80.0
8861 80.0
8862 80.0
8863 80.0
8864 80.0
8865 80.0
8866 80.0
8867 80.0
8868 80.0
8869 80.0
8870 80.0
8871 80.0
8872 80.0
8873 80.0
8874 80.0
8875 80.0
8876 80.0
8877 80.0
8878 80.0
8879 80.0
8880 80.0
8881 80.0
8882 80.0
8883 80.0
8884 80.0
8885 80.0
8886 80.0
8887 80.0
8888 80.0
8889 80.0
8890 80.0
8891 80.0
8892 80.0
8893 80.0
8894 80.0
8895 80.0
8896 80.0
8897 80.0
8898 80.0
8899 80.0
8900 80.0
8901 80.0
8902 80.0
8903 80.0
8904 80.0
8905 80.0
8906 80.0
8907 80.0
8908 80.0
8909 80.0
8910 80.0
8911 80.0
8912 80.0
8913 80.0
8914 80.0
8915 80.0
8916 80.0
8917 80.0
8918 80.0
8919 80.0
8920 80.0
8921 80.0
8922 80.0
8923 80.0
8924 80.0
8925 80.0
8926 80.0
8927 80.0
8928 80.0
8929 80.0
8930 80.0
8931 80.0
8932 80.0
8933 80.0
8934 80.0
8935 80.0
8936 80.0
8937 80.0
8938 80.0
8939 80.0
8940 80.0
8941 80.0
8942 80.0
8943 80.0
8944 80.0
8945 80.0
8946 80.0
8947 80.0
8948 80.0
8949 80.0
8950 80.0
8951 80.0
8952 80.0
8953 80.0
8954 80.0
8955 80.0
8956 80.0
8957 80.0
8958 80.0
8959 80.0
8960 80.0
8961 80.0
8962 80.0
8963 80.0
8964 80.0
8965 80.0
8966 80.0
8967 80.0
8968 80.0
8969 80.0
8970 80.0
8971 80.0
8972 80.0
8973 80.0
8974 80.0
8975 80.0
8976 80.0
8977 80.0
8978 80.0
8979 80.0
8980 80.0
8981 80.0
8982 80.0
8983 80.0
8984 80.0
8985 80.0
8986 80.0
8987 80.0
8988 80.0
8989 80.0
8990 80.0
8991 80.0
8992 80.0
8993 80.0
8994 80.0
8995 80.0
8996 80.0
8997 80.0
8998 80.0
8999 80.0
9000 80.0
9001 80.0
9002 80.0
9003 80.0
9004 80.0
9005 80.0
9006 80.0
9007 80.0
9008 80.0
9009 80.0
9010 80.0
9011 80.0
9012 80.0
9013 80.0
9014 80.0
9015 80.0
9016 80.0
9017 80.0
9018 80.0
9019 80.0
9020 80.0
9021 80.0
9022 80.0
9023 80.0
9024 80.0
9025 80.0
9026 80.0
9027 80.0
9028 80.0
9029 80.0
9030 80.0
9031 80.0
9032 80.0
9033 80.0
9034 80.0
9035 80.0
9036 80.0
9037 80.0
9038 80.0
9039 80.0
9040 80.0
9041 80.0
9042 80.0
9043 80.0
9044 80.0
9045 80.0
9046 80.0
9047 80.0
9048 80.0
9049 80.0
9050 80.0
9051 80.0
9052 80.0
9053 80.0
9054 80.0
9055 80.0
9056 80.0
9057 80.0
9058 80.0
9059 80.0
9060 80.0
9061 80.0
9062 80.0
9063 80.0
9064 80.0
9065 80.0
9066 80.0
9067 80.0
9068 80.0
9069 80.0
9070 80.0
9071 80.0
9072 80.0
9073 80.0
9074 80.0
9075 80.0
9076 80.0
9077 80.0
9078 80.0
9079 80.0
9080 80.0
9081 80.0
9082 80.0
9083 80.0
9084 80.0
9085 80.0
9086 80.0
9087 80.0
9088 80.0
9089 80.0
9090 80.0
9091 80.0
9092 80.0
9093 80.0
9094 80.0
9095 80.0
9096 80.0
9097 80.0
9098 80.0
9099 80.0
9100 80.0
9101 80.0
9102 80.0
9103 80.0
9104 80.0
9105 80.0
9106 80.0
9107 80.0
9108 80.0
9109 80.0
9110 80.0
9111 80.0
9112 80.0
9113 80.0
9114 80.0
9115 80.0
9116 80.0
9117 80.0
9118 80.0
9119 80.0
9120 80.0
9121 80.0
9122 80.0
9123 80.0
9124 80.0
9125 80.0
9126 80.0
9127 80.0
9128 80.0
9129 80.0
9130 80.0
9131 80.0
9132 80.0
9133 80.0
9134 80.0
9135 80.0
9136 80.0
9137 80.0
9138 80.0
9139 80.0
9140 80.0
9141 80.0
9142 80.0
9143 80.0
9144 80.0
9145 80.0
9146 80.0
9147 80.0
9148 80.0
9149 80.0
9150 80.0
9151 80.0
9152 80.0
9153 80.0
9154 80.0
9155 80.0
9156 80.0
9157 80.0
9158 80.0
9159 80.0
9160 80.0
9161 80.0
9162 80.0
9163 80.0
9164 80.0
9165 80.0
9166 80.0
9167 80.0
9168 80.0
9169 80.0
9170 80.0
9171 80.0
9172 80.0
9173 80.0
9174 80.0
9175 80.0
9176 80.0
9177 80.0
9178 80.0
9179 80.0
9180 80.0
9181 80.0
9182 80.0
9183 80.0
9184 80.0
9185 80.0
9186 80.0
9187 80.0
9188 80.0
9189 80.0
9190 80.0
9191 80.0
9192 80.0
9193 80.0
9194 80.0
9195 80.0
9196 80.0
9197 80.0
9198 80.0
9199 80.0
9200 80.0
9201 80.0
9202 80.0
9203 80.0
9204 80.0
9205 80.0
9206 80.0
9207 80.0
9208 80.0
9209 80.0
9210 80.0
9211 80.0
9212 80.0
9213 80.0
9214 80.0
9215 80.0
9216 80.0
9217 80.0
9218 80.0
9219 80.0
9220 80.0
9221 80.0
9222 80.0
9223 80.0
9224 80.0
9225 80.0
9226 80.0
9227 80.0
9228 80.0
9229 80.0
9230 80.0
9231 80.0
9232 80.0
9233 80.0
9234 80.0
9235 80.0
9236 80.0
9237 80.0
9238 80.0
9239 80.0
9240 80.0
9241 80.0
9242 80.0
9243 80.0
9244 80.0
9245 80.0
9246 80.0
9247 80.0
9248 80.0
9249 80.0
9250 80.0
9251 80.0
9252 80.0
9253 80.0
9254 80.0
9255 80.0
9256 80.0
9257 80.0
9258 80.0
9259 80.0
9260 80.0
9261 80.0
9262 80.0
9263 80.0
9264 80.0
9265 80.0
9266 80.0
9267 80.0
9268 80.0
9269 80.0
9270 80.0
9271 80.0
9272 80.0
9273 80.0
9274 80.0
9275 80.0
9276 80.0
9277 80.0
9278 80.0
9279 80.0
9280 80.0
9281 80.0
9282 80.0
9283 80.0
9284 80.0
9285 80.0
9286 80.0
9287 80.0
9288 80.0
9289 80.0
9290 80.0
9291 80.0
9292 80.0
9293 80.0
9294 80.0
9295 80.0
9296 80.0
9297 80.0
9298 80.0
9299 80.0
9300 80.0
9301 80.0
9302 80.0
9303 80.0
9304 80.0
9305 80.0
9306 80.0
9307 80.0
9308 80.0
9309 80.0
9310 80.0
9311 80.0
9312 80.0
9313 80.0
9314 80.0
9315 80.0
9316 80.0
9317 80.0
9318 80.0
9319 80.0
9320 80.0
9321 80.0
9322 80.0
9323 80.0
9324 80.0
9325 80.0
9326 80.0
9327 80.0
9328 80.0
9329 80.0
9330 80.0
9331 80.0
9332 80.0
9333 80.0
9334 80.0
9335 80.0
9336 80.0
9337 80.0
9338 80.0
9339 80.0
9340 80.0
9341 80.0
9342 80.0
9343 80.0
9344 80.0
9345 80.0
9346 80.0
9347 80.0
9348 80.0
9349 80.0
9350 80.0
9351 80.0
9352 80.0
9353 80.0
9354 80.0
9355 80.0
9356 80.0
9357 80.0
9358 80.0
9359 80.0
9360 80.0
9361 80.0
9362 80.0
9363 80.0
9364 80.0
9365 80.0
9366 80.0
9367 80.0
9368 80.0
9369 80.0
9370 80.0
9371 80.0
9372 80.0
9373 80.0
9374 80.0
9375 80.0
9376 80.0
9377 80.0
9378 80.0
9379 80.0
9380 80.0
9381 80.0
9382 80.0
9383 80.0
9384 80.0
9385 80.0
9386 80.0
9387 80.0
9388 80.0
9389 80.0
9390 80.0
9391 80.0
9392 80.0
9393 80.0
9394 80.0
9395 80.0
9396 80.0
9397 80.0
9398 80.0
9399 80.0
9400 80.0
9401 80.0
9402 80.0
9403 80.0
9404 80.0
9405 80.0
9406 80.0
9407 80.0
9408 80.0
9409 80.0
9410 80.0
9411 80.0
9412 80.0
9413 80.0
9414 80.0
9415 80.0
9416 80.0
9417 80.0
9418 80.0
9419 80.0
9420 80.0
9421 80.0
9422 80.0
9423 80.0
9424 80.0
9425 80.0
9426 80.0
9427 80.0
9428 80.0
9429 80.0
9430 80.0
9431 80.0
9432 80.0
9433 80.0
9434 80.0
9435 80.0
9436 80.0
9437 80.0
9438 80.0
9439 80.0
9440 80.0
9441 80.0
9442 80.0
9443 80.0
9444 80.0
9445 80.0
9446 80.0
9447 80.0
9448 80.0
9449 80.0
9450 80.0
9451 80.0
9452 80.0
9453 80.0
9454 80.0
9455 80.0
9456 80.0
9457 80.0
9458 80.0
9459 80.0
9460 80.0
9461 80.0
9462 80.0
9463 80.0
9464 80.0
9465 80.0
9466 80.0
9467 80.0
9468 80.0
9469 80.0
9470 80.0
9471 80.0
9472 80.0
9473 80.0
9474 80.0
9475 80.0
9476 80.0
9477 80.0
9478 80.0
9479 80.0
9480 80.0
9481 80.0
9482 80.0
9483 80.0
9484 80.0
9485 80.0
9486 80.0
9487 80.0
9488 80.0
9489 80.0
9490 80.0
9491 80.0
9492 80.0
9493 80.0
9494 80.0
9495 80.0
9496 80.0
9497 80.0
9498 80.0
9499 80.0
9500 80.0
9501 80.0
9502 80.0
9503 80.0
9504 80.0
9505 80.0
9506 80.0
9507 80.0
9508 80.0
9509 80.0
9510 80.0
9511 80.0
9512 80.0
9513 80.0
9514 80.0
9515 80.0
9516 80.0
9517 80.0
9518 80.0
9519 80.0
9520 80.0
9521 80.0
9522 80.0
9523 80.0
9524 80.0
9525 80.0
9526 80.0
9527 80.0
9528 80.0
9529 80.0
9530 80.0
9531 80.0
9532 80.0
9533 80.0
9534 80.0
9535 80.0
9536 80.0
9537 80.0
9538 80.0
9539 80.0
9540 80.0
9541 80.0
9542 80.0
9543 80.0
9544 80.0
9545 80.0
9546 80.0
9547 80.0
9548 80.0
9549 80.0
9550 80.0
9551 80.0
9552 80.0
9553 80.0
9554 80.0
9555 80.0
9556 80.0
9557 80.0
9558 80.0
9559 80.0
9560 80.0
9561 80.0
9562 80.0
9563 80.0
9564 80.0
9565 80.0
9566 80.0
9567 80.0
9568 80.0
9569 80.0
9570 80.0
9571 80.0
9572 80.0
9573 80.0
9574 80.0
9575 80.0
9576 80.0
9577 80.0
9578 80.0
9579 80.0
9580 80.0
9581 80.0
9582 80.0
9583 80.0
9584 80.0
9585 80.0
9586 80.0
9587 80.0
9588 80.0
9589 80.0
9590 80.0
9591 80.0
9592 80.0
9593 80.0
9594 80.0
9595 80.0
9596 80.0
9597 80.0
9598 80.0
9599 80.0
9600 80.0
9601 80.0
9602 80.0
9603 80.0
9604 80.0
9605 80.0
9606 80.0
9607 80.0
9608 80.0
9609 80.0
9610 80.0
9611 80.0
9612 80.0
9613 80.0
9614 80.0
9615 80.0
9616 80.0
9617 80.0
9618 80.0
9619 80.0
9620 80.0
9621 80.0
9622 80.0
9623 80.0
9624 80.0
9625 80.0
9626 80.0
9627 80.0
9628 80.0
9629 80.0
9630 80.0
9631 80.0
9632 80.0
9633 80.0
9634 80.0
9635 80.0
9636 80.0
9637 80.0
9638 80.0
9639 80.0
9640 80.0
9641 80.0
9642 80.0
9643 80.0
9644 80.0
9645 80.0
9646 80.0
9647 80.0
9648 80.0
9649 80.0
9650 80.0
9651 80.0
9652 80.0
9653 80.0
9654 80.0
9655 80.0
9656 80.0
9657 80.0
9658 80.0
9659 80.0
9660 80.0
9661 80.0
9662 80.0
9663 80.0
9664 80.0
9665 80.0
9666 80.0
9667 80.0
9668 80.0
9669 80.0
9670 80.0
9671 80.0
9672 80.0
9673 80.0
9674 80.0
9675 80.0
9676 80.0
9677 80.0
9678 80.0
9679 80.0
9680 80.0
9681 80.0
9682 80.0
9683 80.0
9684 80.0
9685 80.0
9686 80.0
9687 80.0
9688 80.0
9689 80.0
9690 80.0
9691 80.0
9692 80.0
9693 80.0
9694 80.0
9695 80.0
9696 80.0
9697 80.0
9698 80.0
9699 80.0
9700 80.0
9701 80.0
9702 80.0
9703 80.0
9704 80.0
9705 80.0
9706 80.0
9707 80.0
9708 80.0
9709 80.0
9710 80.0
9711 80.0
9712 80.0
9713 80.0
9714 80.0
9715 80.0
9716 80.0
9717 80.0
9718 80.0
9719 80.0
9720 80.0
9721 80.0
9722 80.0
9723 80.0
9724 80.0
9725 80.0
9726 80.0
9727 80.0
9728 80.0
9729 80.0
9730 80.0
9731 80.0
9732 80.0
9733 80.0
9734 80.0
9735 80.0
9736 80.0
9737 80.0
9738 80.0
9739 80.0
9740 80.0
9741 80.0
9742 80.0
9743 80.0
9744 80.0
9745 80.0
9746 80.0
9747 80.0
9748 80.0
9749 80.0
9750 80.0
9751 80.0
9752 80.0
9753 80.0
9754 80.0
9755 80.0
9756 80.0
9757 80.0
9758 80.0
9759 80.0
9760 80.0
9761 80.0
9762 80.0
9763 80.0
9764 80.0
9765 80.0
9766 80.0
9767 80.0
9768 80.0
9769 80.0
9770 80.0
9771 80.0
9772 80.0
9773 80.0
9774 80.0
9775 80.0
9776 80.0
9777 80.0
9778 80.0
9779 80.0
9780 80.0
9781 80.0
9782 80.0
9783 80.0
9784 80.0
9785 80.0
9786 80.0
9787 80.0
9788 80.0
9789 80.0
9790 80.0
9791 80.0
9792 80.0
9793 80.0
9794 80.0
9795 80.0
9796 80.0
9797 80.0
9798 80.0
9799 80.0
9800 80.0
9801 80.0
9802 80.0
9803 80.0
9804 80.0
9805 80.0
9806 80.0
9807 80.0
9808 80.0
9809 80.0
9810 80.0
9811 80.0
9812 80.0
9813 80.0
9814 80.0
9815 80.0
9816 80.0
9817 80.0
9818 80.0
9819 80.0
9820 80.0
9821 80.0
9822 80.0
9823 80.0
9824 80.0
9825 80.0
9826 80.0
9827 80.0
9828 80.0
9829 80.0
9830 80.0
9831 80.0
9832 80.0
9833 80.0
9834 80.0
9835 80.0
9836 80.0
9837 80.0
9838 80.0
9839 80.0
9840 80.0
9841 80.0
9842 80.0
9843 80.0
9844 80.0
9845 80.0
9846 80.0
9847 80.0
9848 80.0
9849 80.0
9850 80.0
9851 80.0
9852 80.0
9853 80.0
9854 80.0
9855 80.0
9856 80.0
9857 80.0
9858 80.0
9859 80.0
9860 80.0
9861 80.0
9862 80.0
9863 80.0
9864 80.0
9865 80.0
9866 80.0
9867 80.0
9868 80.0
9869 80.0
9870 80.0
9871 80.0
9872 80.0
9873 80.0
9874 80.0
9875 80.0
9876 80.0
9877 80.0
9878 80.0
9879 80.0
9880 80.0
9881 80.0
9882 80.0
9883 80.0
9884 80.0
9885 80.0
9886 80.0
9887 80.0
9888 80.0
9889 80.0
9890 80.0
9891 80.0
9892 80.0
9893 80.0
9894 80.0
9895 80.0
9896 80.0
9897 80.0
9898 80.0
9899 80.0
9900 80.0
9901 80.0
9902 80.0
9903 80.0
9904 80.0
9905 80.0
9906 80.0
9907 80.0
9908 80.0
9909 80.0
9910 80.0
9911 80.0
9912 80.0
9913 80.0
9914 80.0
9915 80.0
9916 80.0
9917 80.0
9918 80.0
9919 80.0
9920 80.0
9921 80.0
9922 80.0
9923 80.0
9924 80.0
9925 80.0
9926 80.0
9927 80.0
9928 80.0
9929 80.0
9930 80.0
9931 80.0
9932 80.0
9933 80.0
9934 80.0
9935 80.0
9936 80.0
9937 80.0
9938 80.0
9939 80.0
9940 80.0
9941 80.0
9942 80.0
9943 80.0
9944 80.0
9945 80.0
9946 80.0
9947 80.0
9948 80.0
9949 80.0
9950 80.0
9951 80.0
9952 80.0
9953 80.0
9954 80.0
9955 80.0
9956 80.0
9957 80.0
9958 80.0
9959 80.0
9960 80.0
9961 80.0
9962 80.0
9963 80.0
9964 80.0
9965 80.0
9966 80.0
9967 80.0
9968 80.0
9969 80.0
9970 80.0
9971 80.0
9972 80.0
9973 80.0
9974 80.0
9975 80.0
9976 80.0
9977 80.0
9978 80.0
9979 80.0
9980 80.0
9981 80.0
9982 80.0
9983 80.0
9984 80.0
9985 80.0
9986 80.0
9987 80.0
9988 80.0
9989 80.0
9990 80.0
9991 80.0
9992 80.0
9993 80.0
9994 80.0
9995 80.0
9996 80.0
9997 80.0
9998 80.0
9999 80.0
10000 80.0
