evaluations raw_y
1 -2008.0000000000
2 -2007.0000000000
3 -2006.0000000000
4 -2005.0000000000
5 -2004.0000000000
7 -2003.0000000000
11 -2002.0000000000
15 -2001.0000000000
17 -2000.0000000000
19 -1999.0000000000
20 -1998.0000000000
21 -1997.0000000000
22 -1996.0000000000
23 -1995.0000000000
24 -1994.0000000000
25 -1993.0000000000
26 -1992.0000000000
27 -1991.0000000000
33 -1990.0000000000
42 -1989.0000000000
45 -1988.0000000000
47 -1987.0000000000
49 -1986.0000000000
57 -1985.0000000000
58 -1984.0000000000
59 -1983.0000000000
64 -1982.0000000000
65 -1981.0000000000
68 -1980.0000000000
69 -1979.0000000000
74 -1978.0000000000
76 -1977.0000000000
77 -1976.0000000000
78 -1975.0000000000
80 -1974.0000000000
82 -1973.0000000000
83 -1972.0000000000
84 -1971.0000000000
85 -1970.0000000000
86 -1969.0000000000
88 -1968.0000000000
90 -1967.0000000000
91 -1966.0000000000
92 -1965.0000000000
93 -1964.0000000000
94 -1963.0000000000
96 -1962.0000000000
97 -1961.0000000000
101 -1960.0000000000
102 -1959.0000000000
103 -1958.0000000000
104 -1957.0000000000
105 -1956.0000000000
106 -1955.0000000000
107 -1954.0000000000
108 -1953.0000000000
111 -1952.0000000000
113 -1951.0000000000
118 -1950.0000000000
120 -1949.0000000000
121 -1948.0000000000
124 -1947.0000000000
125 -1946.0000000000
126 -1945.0000000000
128 -1944.0000000000
134 -1943.0000000000
137 -1942.0000000000
139 -1941.0000000000
140 -1940.0000000000
141 -1939.0000000000
143 -1938.0000000000
144 -1937.0000000000
145 -1936.0000000000
148 -1935.0000000000
150 -1934.0000000000
151 -1933.0000000000
154 -1932.0000000000
156 -1931.0000000000
159 -1930.0000000000
161 -1929.0000000000
163 -1928.0000000000
165 -1927.0000000000
166 -1926.0000000000
167 -1925.0000000000
171 -1924.0000000000
173 -1923.0000000000
174 -1922.0000000000
180 -1921.0000000000
182 -1920.0000000000
184 -1919.0000000000
185 -1918.0000000000
186 -1917.0000000000
188 -1916.0000000000
189 -1915.0000000000
190 -1914.0000000000
200 -1913.0000000000
202 -1912.0000000000
206 -1911.0000000000
207 -1910.0000000000
210 -1909.0000000000
212 -1908.0000000000
213 -1907.0000000000
214 -1906.0000000000
216 -1905.0000000000
217 -1904.0000000000
218 -1903.0000000000
220 -1902.0000000000
222 -1901.0000000000
224 -1900.0000000000
227 -1899.0000000000
232 -1898.0000000000
236 -1897.0000000000
239 -1896.0000000000
240 -1895.0000000000
241 -1894.0000000000
242 -1893.0000000000
244 -1892.0000000000
248 -1891.0000000000
249 -1890.0000000000
250 -1889.0000000000
252 -1888.0000000000
253 -1887.0000000000
255 -1886.0000000000
257 -1885.0000000000
259 -1884.0000000000
260 -1883.0000000000
262 -1882.0000000000
265 -1881.0000000000
266 -1880.0000000000
268 -1879.0000000000
270 -1878.0000000000
272 -1877.0000000000
278 -1876.0000000000
279 -1875.0000000000
280 -1874.0000000000
285 -1873.0000000000
286 -1872.0000000000
288 -1871.0000000000
289 -1870.0000000000
290 -1869.0000000000
293 -1868.0000000000
295 -1867.0000000000
304 -1866.0000000000
308 -1865.0000000000
309 -1864.0000000000
311 -1863.0000000000
312 -1862.0000000000
313 -1861.0000000000
314 -1860.0000000000
316 -1859.0000000000
317 -1858.0000000000
321 -1857.0000000000
327 -1856.0000000000
328 -1855.0000000000
330 -1854.0000000000
332 -1853.0000000000
335 -1852.0000000000
338 -1851.0000000000
339 -1850.0000000000
341 -1849.0000000000
347 -1848.0000000000
349 -1847.0000000000
350 -1846.0000000000
352 -1845.0000000000
353 -1844.0000000000
357 -1843.0000000000
359 -1842.0000000000
360 -1841.0000000000
364 -1840.0000000000
366 -1839.0000000000
369 -1838.0000000000
370 -1837.0000000000
371 -1836.0000000000
372 -1835.0000000000
373 -1834.0000000000
374 -1833.0000000000
375 -1832.0000000000
378 -1831.0000000000
381 -1830.0000000000
382 -1829.0000000000
384 -1828.0000000000
385 -1827.0000000000
389 -1826.0000000000
392 -1825.0000000000
395 -1824.0000000000
398 -1823.0000000000
399 -1822.0000000000
401 -1821.0000000000
405 -1820.0000000000
408 -1819.0000000000
409 -1818.0000000000
413 -1817.0000000000
416 -1816.0000000000
417 -1815.0000000000
418 -1814.0000000000
420 -1813.0000000000
422 -1812.0000000000
425 -1811.0000000000
432 -1810.0000000000
435 -1809.0000000000
436 -1808.0000000000
439 -1807.0000000000
440 -1806.0000000000
441 -1805.0000000000
442 -1804.0000000000
443 -1803.0000000000
445 -1802.0000000000
450 -1801.0000000000
451 -1800.0000000000
455 -1799.0000000000
456 -1798.0000000000
457 -1797.0000000000
459 -1796.0000000000
462 -1795.0000000000
463 -1794.0000000000
465 -1793.0000000000
466 -1792.0000000000
467 -1791.0000000000
469 -1790.0000000000
470 -1789.0000000000
472 -1788.0000000000
476 -1787.0000000000
477 -1786.0000000000
478 -1785.0000000000
480 -1784.0000000000
486 -1783.0000000000
490 -1782.0000000000
494 -1781.0000000000
498 -1780.0000000000
502 -1779.0000000000
503 -1778.0000000000
506 -1777.0000000000
509 -1776.0000000000
510 -1775.0000000000
511 -1774.0000000000
513 -1773.0000000000
515 -1772.0000000000
516 -1771.0000000000
518 -1770.0000000000
519 -1769.0000000000
520 -1768.0000000000
522 -1767.0000000000
523 -1766.0000000000
524 -1765.0000000000
529 -1764.0000000000
530 -1763.0000000000
537 -1762.0000000000
538 -1761.0000000000
539 -1760.0000000000
540 -1759.0000000000
543 -1758.0000000000
546 -1757.0000000000
549 -1756.0000000000
553 -1755.0000000000
554 -1754.0000000000
556 -1753.0000000000
559 -1752.0000000000
560 -1751.0000000000
562 -1750.0000000000
564 -1749.0000000000
565 -1748.0000000000
568 -1747.0000000000
570 -1746.0000000000
578 -1745.0000000000
579 -1744.0000000000
580 -1743.0000000000
581 -1742.0000000000
583 -1741.0000000000
585 -1740.0000000000
586 -1739.0000000000
591 -1738.0000000000
593 -1737.0000000000
594 -1736.0000000000
596 -1735.0000000000
598 -1734.0000000000
601 -1733.0000000000
605 -1732.0000000000
608 -1731.0000000000
610 -1730.0000000000
612 -1729.0000000000
613 -1728.0000000000
614 -1727.0000000000
615 -1726.0000000000
616 -1725.0000000000
620 -1724.0000000000
628 -1723.0000000000
629 -1722.0000000000
632 -1721.0000000000
635 -1720.0000000000
640 -1719.0000000000
645 -1718.0000000000
646 -1717.0000000000
647 -1716.0000000000
650 -1715.0000000000
654 -1714.0000000000
655 -1713.0000000000
657 -1712.0000000000
658 -1711.0000000000
659 -1710.0000000000
661 -1709.0000000000
663 -1708.0000000000
666 -1707.0000000000
670 -1706.0000000000
671 -1705.0000000000
672 -1704.0000000000
679 -1703.0000000000
680 -1702.0000000000
682 -1701.0000000000
683 -1700.0000000000
685 -1699.0000000000
686 -1698.0000000000
687 -1697.0000000000
688 -1696.0000000000
693 -1695.0000000000
697 -1694.0000000000
699 -1693.0000000000
702 -1692.0000000000
704 -1691.0000000000
705 -1690.0000000000
709 -1689.0000000000
710 -1688.0000000000
714 -1687.0000000000
717 -1686.0000000000
718 -1685.0000000000
720 -1684.0000000000
722 -1683.0000000000
725 -1682.0000000000
730 -1681.0000000000
731 -1680.0000000000
733 -1679.0000000000
734 -1678.0000000000
735 -1677.0000000000
742 -1676.0000000000
745 -1675.0000000000
750 -1674.0000000000
751 -1673.0000000000
753 -1672.0000000000
754 -1671.0000000000
756 -1670.0000000000
757 -1669.0000000000
758 -1668.0000000000
759 -1667.0000000000
761 -1666.0000000000
765 -1665.0000000000
767 -1664.0000000000
770 -1663.0000000000
772 -1662.0000000000
773 -1661.0000000000
776 -1660.0000000000
781 -1659.0000000000
786 -1658.0000000000
791 -1657.0000000000
792 -1656.0000000000
794 -1655.0000000000
795 -1654.0000000000
801 -1653.0000000000
803 -1652.0000000000
804 -1651.0000000000
807 -1650.0000000000
809 -1649.0000000000
813 -1648.0000000000
814 -1647.0000000000
815 -1646.0000000000
817 -1645.0000000000
820 -1644.0000000000
821 -1643.0000000000
822 -1642.0000000000
824 -1641.0000000000
826 -1640.0000000000
829 -1639.0000000000
830 -1638.0000000000
833 -1637.0000000000
835 -1636.0000000000
836 -1635.0000000000
838 -1634.0000000000
841 -1633.0000000000
842 -1632.0000000000
843 -1631.0000000000
848 -1630.0000000000
851 -1629.0000000000
852 -1628.0000000000
858 -1627.0000000000
859 -1626.0000000000
875 -1625.0000000000
876 -1624.0000000000
880 -1623.0000000000
881 -1622.0000000000
883 -1621.0000000000
890 -1620.0000000000
892 -1619.0000000000
893 -1618.0000000000
894 -1617.0000000000
895 -1616.0000000000
898 -1615.0000000000
901 -1614.0000000000
904 -1613.0000000000
906 -1612.0000000000
910 -1611.0000000000
911 -1610.0000000000
912 -1609.0000000000
914 -1608.0000000000
915 -1607.0000000000
920 -1606.0000000000
924 -1605.0000000000
925 -1604.0000000000
926 -1603.0000000000
929 -1602.0000000000
930 -1601.0000000000
932 -1600.0000000000
933 -1599.0000000000
937 -1598.0000000000
943 -1597.0000000000
945 -1596.0000000000
946 -1595.0000000000
947 -1594.0000000000
948 -1593.0000000000
950 -1592.0000000000
952 -1591.0000000000
954 -1590.0000000000
955 -1589.0000000000
956 -1588.0000000000
958 -1587.0000000000
963 -1586.0000000000
965 -1585.0000000000
974 -1584.0000000000
975 -1583.0000000000
977 -1582.0000000000
980 -1581.0000000000
981 -1580.0000000000
982 -1579.0000000000
984 -1578.0000000000
987 -1577.0000000000
988 -1576.0000000000
993 -1575.0000000000
994 -1574.0000000000
995 -1573.0000000000
997 -1572.0000000000
1001 -1571.0000000000
1002 -1570.0000000000
1004 -1569.0000000000
1005 -1568.0000000000
1008 -1567.0000000000
1011 -1566.0000000000
1013 -1565.0000000000
1014 -1564.0000000000
1016 -1563.0000000000
1017 -1562.0000000000
1018 -1561.0000000000
1022 -1560.0000000000
1024 -1559.0000000000
1025 -1558.0000000000
1027 -1557.0000000000
1032 -1556.0000000000
1036 -1555.0000000000
1040 -1554.0000000000
1041 -1553.0000000000
1043 -1552.0000000000
1046 -1551.0000000000
1048 -1550.0000000000
1049 -1549.0000000000
1059 -1548.0000000000
1060 -1547.0000000000
1064 -1546.0000000000
1067 -1545.0000000000
1069 -1544.0000000000
1071 -1543.0000000000
1072 -1542.0000000000
1074 -1541.0000000000
1076 -1540.0000000000
1077 -1539.0000000000
1079 -1538.0000000000
1081 -1537.0000000000
1084 -1536.0000000000
1085 -1535.0000000000
1087 -1534.0000000000
1089 -1533.0000000000
1092 -1532.0000000000
1093 -1531.0000000000
1094 -1530.0000000000
1095 -1529.0000000000
1096 -1528.0000000000
1110 -1527.0000000000
1113 -1526.0000000000
1118 -1525.0000000000
1120 -1524.0000000000
1123 -1523.0000000000
1124 -1522.0000000000
1125 -1521.0000000000
1131 -1520.0000000000
1135 -1519.0000000000
1136 -1518.0000000000
1138 -1517.0000000000
1139 -1516.0000000000
1140 -1515.0000000000
1141 -1514.0000000000
1145 -1513.0000000000
1148 -1512.0000000000
1151 -1511.0000000000
1153 -1510.0000000000
1154 -1509.0000000000
1155 -1508.0000000000
1156 -1507.0000000000
1157 -1506.0000000000
1160 -1505.0000000000
1165 -1504.0000000000
1168 -1503.0000000000
1171 -1502.0000000000
1185 -1501.0000000000
1187 -1500.0000000000
1190 -1499.0000000000
1192 -1498.0000000000
1197 -1497.0000000000
1204 -1496.0000000000
1205 -1495.0000000000
1207 -1494.0000000000
1208 -1493.0000000000
1211 -1492.0000000000
1212 -1491.0000000000
1215 -1490.0000000000
1218 -1489.0000000000
1221 -1488.0000000000
1225 -1487.0000000000
1229 -1486.0000000000
1231 -1485.0000000000
1233 -1484.0000000000
1236 -1483.0000000000
1240 -1482.0000000000
1244 -1481.0000000000
1246 -1480.0000000000
1252 -1479.0000000000
1255 -1478.0000000000
1257 -1477.0000000000
1263 -1476.0000000000
1264 -1475.0000000000
1265 -1474.0000000000
1267 -1473.0000000000
1268 -1472.0000000000
1269 -1471.0000000000
1271 -1470.0000000000
1272 -1469.0000000000
1273 -1468.0000000000
1275 -1467.0000000000
1284 -1466.0000000000
1286 -1465.0000000000
1287 -1464.0000000000
1290 -1463.0000000000
1298 -1462.0000000000
1299 -1461.0000000000
1303 -1460.0000000000
1307 -1459.0000000000
1309 -1458.0000000000
1311 -1457.0000000000
1315 -1456.0000000000
1316 -1455.0000000000
1321 -1454.0000000000
1322 -1453.0000000000
1325 -1452.0000000000
1333 -1451.0000000000
1334 -1450.0000000000
1336 -1449.0000000000
1339 -1448.0000000000
1342 -1447.0000000000
1343 -1446.0000000000
1346 -1445.0000000000
1349 -1444.0000000000
1351 -1443.0000000000
1355 -1442.0000000000
1358 -1441.0000000000
1359 -1440.0000000000
1364 -1439.0000000000
1365 -1438.0000000000
1369 -1437.0000000000
1378 -1436.0000000000
1381 -1435.0000000000
1382 -1434.0000000000
1384 -1433.0000000000
1387 -1432.0000000000
1388 -1431.0000000000
1392 -1430.0000000000
1393 -1429.0000000000
1395 -1428.0000000000
1400 -1427.0000000000
1401 -1426.0000000000
1402 -1425.0000000000
1403 -1424.0000000000
1404 -1423.0000000000
1406 -1422.0000000000
1411 -1421.0000000000
1414 -1420.0000000000
1416 -1419.0000000000
1417 -1418.0000000000
1418 -1417.0000000000
1424 -1416.0000000000
1425 -1415.0000000000
1427 -1414.0000000000
1428 -1413.0000000000
1430 -1412.0000000000
1434 -1411.0000000000
1438 -1410.0000000000
1440 -1409.0000000000
1442 -1408.0000000000
1447 -1407.0000000000
1448 -1406.0000000000
1453 -1405.0000000000
1454 -1404.0000000000
1456 -1403.0000000000
1457 -1402.0000000000
1463 -1401.0000000000
1464 -1400.0000000000
1465 -1399.0000000000
1473 -1398.0000000000
1480 -1397.0000000000
1482 -1396.0000000000
1483 -1395.0000000000
1486 -1394.0000000000
1488 -1393.0000000000
1489 -1392.0000000000
1490 -1391.0000000000
1491 -1390.0000000000
1493 -1389.0000000000
1496 -1388.0000000000
1497 -1387.0000000000
1504 -1386.0000000000
1507 -1385.0000000000
1508 -1384.0000000000
1515 -1383.0000000000
1516 -1382.0000000000
1518 -1381.0000000000
1520 -1380.0000000000
1522 -1379.0000000000
1524 -1378.0000000000
1525 -1377.0000000000
1527 -1376.0000000000
1529 -1375.0000000000
1531 -1374.0000000000
1532 -1373.0000000000
1534 -1372.0000000000
1535 -1371.0000000000
1536 -1370.0000000000
1545 -1369.0000000000
1546 -1368.0000000000
1548 -1367.0000000000
1550 -1366.0000000000
1551 -1365.0000000000
1552 -1364.0000000000
1556 -1363.0000000000
1557 -1362.0000000000
1563 -1361.0000000000
1567 -1360.0000000000
1575 -1359.0000000000
1583 -1358.0000000000
1586 -1357.0000000000
1588 -1356.0000000000
1589 -1355.0000000000
1590 -1354.0000000000
1594 -1353.0000000000
1596 -1352.0000000000
1600 -1351.0000000000
1604 -1350.0000000000
1605 -1349.0000000000
1613 -1348.0000000000
1616 -1347.0000000000
1619 -1346.0000000000
1620 -1345.0000000000
1621 -1344.0000000000
1622 -1343.0000000000
1626 -1342.0000000000
1630 -1341.0000000000
1631 -1340.0000000000
1633 -1339.0000000000
1636 -1338.0000000000
1637 -1337.0000000000
1639 -1336.0000000000
1642 -1335.0000000000
1644 -1334.0000000000
1647 -1333.0000000000
1653 -1332.0000000000
1661 -1331.0000000000
1662 -1330.0000000000
1664 -1329.0000000000
1665 -1328.0000000000
1667 -1327.0000000000
1668 -1326.0000000000
1670 -1325.0000000000
1672 -1324.0000000000
1676 -1323.0000000000
1684 -1322.0000000000
1688 -1321.0000000000
1689 -1320.0000000000
1691 -1319.0000000000
1694 -1318.0000000000
1699 -1317.0000000000
1702 -1316.0000000000
1718 -1315.0000000000
1719 -1314.0000000000
1720 -1313.0000000000
1725 -1312.0000000000
1730 -1311.0000000000
1733 -1310.0000000000
1734 -1309.0000000000
1738 -1308.0000000000
1740 -1307.0000000000
1743 -1306.0000000000
1744 -1305.0000000000
1746 -1304.0000000000
1754 -1303.0000000000
1758 -1302.0000000000
1761 -1301.0000000000
1763 -1300.0000000000
1764 -1299.0000000000
1765 -1298.0000000000
1773 -1297.0000000000
1774 -1296.0000000000
1777 -1295.0000000000
1779 -1294.0000000000
1785 -1293.0000000000
1787 -1292.0000000000
1790 -1291.0000000000
1795 -1290.0000000000
1796 -1289.0000000000
1798 -1288.0000000000
1799 -1287.0000000000
1801 -1286.0000000000
1802 -1285.0000000000
1806 -1284.0000000000
1811 -1283.0000000000
1814 -1282.0000000000
1816 -1281.0000000000
1818 -1280.0000000000
1820 -1279.0000000000
1826 -1278.0000000000
1833 -1277.0000000000
1834 -1276.0000000000
1837 -1275.0000000000
1839 -1274.0000000000
1840 -1273.0000000000
1853 -1272.0000000000
1854 -1271.0000000000
1859 -1270.0000000000
1863 -1269.0000000000
1865 -1268.0000000000
1868 -1267.0000000000
1875 -1266.0000000000
1881 -1265.0000000000
1883 -1264.0000000000
1886 -1263.0000000000
1890 -1262.0000000000
1893 -1261.0000000000
1897 -1260.0000000000
1900 -1259.0000000000
1902 -1258.0000000000
1905 -1257.0000000000
1914 -1256.0000000000
1917 -1255.0000000000
1918 -1254.0000000000
1920 -1253.0000000000
1933 -1252.0000000000
1935 -1251.0000000000
1941 -1250.0000000000
1944 -1249.0000000000
1948 -1248.0000000000
1950 -1247.0000000000
1951 -1246.0000000000
1953 -1245.0000000000
1954 -1244.0000000000
1961 -1243.0000000000
1963 -1242.0000000000
1968 -1241.0000000000
1970 -1240.0000000000
1972 -1239.0000000000
1973 -1238.0000000000
1983 -1237.0000000000
1987 -1236.0000000000
1996 -1235.0000000000
1998 -1234.0000000000
2004 -1233.0000000000
2006 -1232.0000000000
2012 -1231.0000000000
2022 -1230.0000000000
2025 -1229.0000000000
2027 -1228.0000000000
2032 -1227.0000000000
2036 -1226.0000000000
2041 -1225.0000000000
2042 -1224.0000000000
2043 -1223.0000000000
2046 -1222.0000000000
2054 -1221.0000000000
2057 -1220.0000000000
2058 -1219.0000000000
2059 -1218.0000000000
2060 -1217.0000000000
2064 -1216.0000000000
2065 -1215.0000000000
2066 -1214.0000000000
2068 -1213.0000000000
2070 -1212.0000000000
2071 -1211.0000000000
2076 -1210.0000000000
2077 -1209.0000000000
2080 -1208.0000000000
2081 -1207.0000000000
2086 -1206.0000000000
2089 -1205.0000000000
2091 -1204.0000000000
2094 -1203.0000000000
2095 -1202.0000000000
2097 -1201.0000000000
2101 -1200.0000000000
2103 -1199.0000000000
2106 -1198.0000000000
2107 -1197.0000000000
2108 -1196.0000000000
2110 -1195.0000000000
2111 -1194.0000000000
2112 -1193.0000000000
2114 -1192.0000000000
2115 -1191.0000000000
2121 -1190.0000000000
2122 -1189.0000000000
2124 -1188.0000000000
2129 -1187.0000000000
2131 -1186.0000000000
2137 -1185.0000000000
2138 -1184.0000000000
2140 -1183.0000000000
2141 -1182.0000000000
2154 -1181.0000000000
2155 -1180.0000000000
2161 -1179.0000000000
2164 -1178.0000000000
2165 -1177.0000000000
2171 -1176.0000000000
2180 -1175.0000000000
2181 -1174.0000000000
2183 -1173.0000000000
2185 -1172.0000000000
2194 -1171.0000000000
2195 -1170.0000000000
2200 -1169.0000000000
2202 -1168.0000000000
2209 -1167.0000000000
2211 -1166.0000000000
2215 -1165.0000000000
2218 -1164.0000000000
2221 -1163.0000000000
2222 -1162.0000000000
2225 -1161.0000000000
2226 -1160.0000000000
2227 -1159.0000000000
2236 -1158.0000000000
2241 -1157.0000000000
2242 -1156.0000000000
2246 -1155.0000000000
2249 -1154.0000000000
2259 -1153.0000000000
2263 -1152.0000000000
2268 -1151.0000000000
2271 -1150.0000000000
2279 -1149.0000000000
2281 -1148.0000000000
2284 -1147.0000000000
2289 -1146.0000000000
2291 -1145.0000000000
2294 -1144.0000000000
2297 -1143.0000000000
2304 -1142.0000000000
2306 -1141.0000000000
2313 -1140.0000000000
2315 -1139.0000000000
2319 -1138.0000000000
2320 -1137.0000000000
2327 -1136.0000000000
2328 -1135.0000000000
2330 -1134.0000000000
2333 -1133.0000000000
2336 -1132.0000000000
2339 -1131.0000000000
2341 -1130.0000000000
2349 -1129.0000000000
2352 -1128.0000000000
2353 -1127.0000000000
2357 -1126.0000000000
2365 -1125.0000000000
2371 -1124.0000000000
2372 -1123.0000000000
2375 -1122.0000000000
2384 -1121.0000000000
2388 -1120.0000000000
2391 -1119.0000000000
2392 -1118.0000000000
2393 -1117.0000000000
2394 -1116.0000000000
2397 -1115.0000000000
2399 -1114.0000000000
2400 -1113.0000000000
2404 -1112.0000000000
2411 -1111.0000000000
2412 -1110.0000000000
2422 -1109.0000000000
2427 -1108.0000000000
2429 -1107.0000000000
2430 -1106.0000000000
2431 -1105.0000000000
2435 -1104.0000000000
2442 -1103.0000000000
2444 -1102.0000000000
2445 -1101.0000000000
2448 -1100.0000000000
2451 -1099.0000000000
2454 -1098.0000000000
2457 -1097.0000000000
2465 -1096.0000000000
2474 -1095.0000000000
2477 -1094.0000000000
2478 -1093.0000000000
2489 -1092.0000000000
2491 -1091.0000000000
2492 -1090.0000000000
2493 -1089.0000000000
2496 -1088.0000000000
2504 -1087.0000000000
2508 -1086.0000000000
2514 -1085.0000000000
2520 -1084.0000000000
2533 -1083.0000000000
2535 -1082.0000000000
2536 -1081.0000000000
2538 -1080.0000000000
2540 -1079.0000000000
2546 -1078.0000000000
2547 -1077.0000000000
2549 -1076.0000000000
2557 -1075.0000000000
2560 -1074.0000000000
2566 -1073.0000000000
2570 -1072.0000000000
2576 -1071.0000000000
2583 -1070.0000000000
2587 -1069.0000000000
2592 -1068.0000000000
2596 -1067.0000000000
2598 -1066.0000000000
2602 -1065.0000000000
2611 -1064.0000000000
2613 -1063.0000000000
2614 -1062.0000000000
2616 -1061.0000000000
2620 -1060.0000000000
2621 -1059.0000000000
2627 -1058.0000000000
2629 -1057.0000000000
2631 -1056.0000000000
2633 -1055.0000000000
2634 -1054.0000000000
2636 -1053.0000000000
2644 -1052.0000000000
2645 -1051.0000000000
2646 -1050.0000000000
2650 -1049.0000000000
2654 -1048.0000000000
2655 -1047.0000000000
2661 -1046.0000000000
2664 -1045.0000000000
2665 -1044.0000000000
2667 -1043.0000000000
2670 -1042.0000000000
2671 -1041.0000000000
2673 -1040.0000000000
2679 -1039.0000000000
2683 -1038.0000000000
2697 -1037.0000000000
2699 -1036.0000000000
2702 -1035.0000000000
2707 -1034.0000000000
2714 -1033.0000000000
2715 -1032.0000000000
2716 -1031.0000000000
2717 -1030.0000000000
2718 -1029.0000000000
2724 -1028.0000000000
2726 -1027.0000000000
2730 -1026.0000000000
2732 -1025.0000000000
2733 -1024.0000000000
2736 -1023.0000000000
2743 -1022.0000000000
2748 -1021.0000000000
2759 -1020.0000000000
2762 -1019.0000000000
2763 -1018.0000000000
2766 -1017.0000000000
2769 -1016.0000000000
2772 -1015.0000000000
2777 -1014.0000000000
2787 -1013.0000000000
2788 -1012.0000000000
2796 -1011.0000000000
2797 -1010.0000000000
2800 -1009.0000000000
2803 -1008.0000000000
2806 -1007.0000000000
2810 -1006.0000000000
2817 -1005.0000000000
2820 -1004.0000000000
2823 -1003.0000000000
2827 -1002.0000000000
2833 -1001.0000000000
2836 -1000.0000000000
2842 -999.0000000000
2843 -998.0000000000
2846 -997.0000000000
2848 -996.0000000000
2849 -995.0000000000
2850 -994.0000000000
2851 -993.0000000000
2853 -992.0000000000
2855 -991.0000000000
2857 -990.0000000000
2860 -989.0000000000
2865 -988.0000000000
2867 -987.0000000000
2869 -986.0000000000
2873 -985.0000000000
2875 -984.0000000000
2878 -983.0000000000
2885 -982.0000000000
2887 -981.0000000000
2896 -980.0000000000
2898 -979.0000000000
2899 -978.0000000000
2907 -977.0000000000
2909 -976.0000000000
2917 -975.0000000000
2918 -974.0000000000
2920 -973.0000000000
2922 -972.0000000000
2925 -971.0000000000
2928 -970.0000000000
2929 -969.0000000000
2931 -968.0000000000
2934 -967.0000000000
2944 -966.0000000000
2945 -965.0000000000
2953 -964.0000000000
2956 -963.0000000000
2960 -962.0000000000
2973 -961.0000000000
2979 -960.0000000000
2981 -959.0000000000
2983 -958.0000000000
2989 -957.0000000000
2991 -956.0000000000
2994 -955.0000000000
2996 -954.0000000000
2998 -953.0000000000
2999 -952.0000000000
3000 -951.0000000000
3005 -950.0000000000
3014 -949.0000000000
3028 -948.0000000000
3035 -947.0000000000
3037 -946.0000000000
3039 -945.0000000000
3040 -944.0000000000
3051 -943.0000000000
3057 -942.0000000000
3061 -941.0000000000
3071 -940.0000000000
3076 -939.0000000000
3077 -938.0000000000
3079 -937.0000000000
3083 -936.0000000000
3085 -935.0000000000
3091 -934.0000000000
3097 -933.0000000000
3099 -932.0000000000
3108 -931.0000000000
3123 -930.0000000000
3129 -929.0000000000
3130 -928.0000000000
3135 -927.0000000000
3136 -926.0000000000
3137 -925.0000000000
3141 -924.0000000000
3146 -923.0000000000
3152 -922.0000000000
3157 -921.0000000000
3160 -920.0000000000
3166 -919.0000000000
3167 -918.0000000000
3180 -917.0000000000
3191 -916.0000000000
3193 -915.0000000000
3195 -914.0000000000
3197 -913.0000000000
3199 -912.0000000000
3208 -911.0000000000
3223 -910.0000000000
3224 -909.0000000000
3225 -908.0000000000
3228 -907.0000000000
3233 -906.0000000000
3236 -905.0000000000
3240 -904.0000000000
3242 -903.0000000000
3245 -902.0000000000
3248 -901.0000000000
3249 -900.0000000000
3250 -899.0000000000
3251 -898.0000000000
3257 -897.0000000000
3263 -896.0000000000
3274 -895.0000000000
3276 -894.0000000000
3278 -893.0000000000
3287 -892.0000000000
3288 -891.0000000000
3291 -890.0000000000
3292 -889.0000000000
3293 -888.0000000000
3306 -887.0000000000
3308 -886.0000000000
3312 -885.0000000000
3317 -884.0000000000
3320 -883.0000000000
3321 -882.0000000000
3324 -881.0000000000
3325 -880.0000000000
3331 -879.0000000000
3346 -878.0000000000
3353 -877.0000000000
3354 -876.0000000000
3355 -875.0000000000
3365 -874.0000000000
3368 -873.0000000000
3372 -872.0000000000
3373 -871.0000000000
3376 -870.0000000000
3377 -869.0000000000
3380 -868.0000000000
3384 -867.0000000000
3394 -866.0000000000
3395 -865.0000000000
3398 -864.0000000000
3405 -863.0000000000
3413 -862.0000000000
3415 -861.0000000000
3420 -860.0000000000
3427 -859.0000000000
3429 -858.0000000000
3431 -857.0000000000
3436 -856.0000000000
3439 -855.0000000000
3441 -854.0000000000
3444 -853.0000000000
3445 -852.0000000000
3454 -851.0000000000
3455 -850.0000000000
3457 -849.0000000000
3459 -848.0000000000
3462 -847.0000000000
3466 -846.0000000000
3469 -845.0000000000
3474 -844.0000000000
3478 -843.0000000000
3482 -842.0000000000
3495 -841.0000000000
3505 -840.0000000000
3509 -839.0000000000
3514 -838.0000000000
3519 -837.0000000000
3522 -836.0000000000
3540 -835.0000000000
3545 -834.0000000000
3548 -833.0000000000
3551 -832.0000000000
3552 -831.0000000000
3553 -830.0000000000
3557 -829.0000000000
3559 -828.0000000000
3564 -827.0000000000
3569 -826.0000000000
3577 -825.0000000000
3588 -824.0000000000
3603 -823.0000000000
3610 -822.0000000000
3615 -821.0000000000
3617 -820.0000000000
3620 -819.0000000000
3626 -818.0000000000
3628 -817.0000000000
3629 -816.0000000000
3631 -815.0000000000
3636 -814.0000000000
3638 -813.0000000000
3648 -812.0000000000
3650 -811.0000000000
3654 -810.0000000000
3660 -809.0000000000
3665 -808.0000000000
3667 -807.0000000000
3669 -806.0000000000
3670 -805.0000000000
3678 -804.0000000000
3679 -803.0000000000
3685 -802.0000000000
3686 -801.0000000000
3697 -800.0000000000
3704 -799.0000000000
3706 -798.0000000000
3711 -797.0000000000
3712 -796.0000000000
3714 -795.0000000000
3715 -794.0000000000
3719 -793.0000000000
3725 -792.0000000000
3729 -791.0000000000
3731 -790.0000000000
3734 -789.0000000000
3737 -788.0000000000
3743 -787.0000000000
3747 -786.0000000000
3757 -785.0000000000
3758 -784.0000000000
3763 -783.0000000000
3770 -782.0000000000
3772 -781.0000000000
3781 -780.0000000000
3785 -779.0000000000
3789 -778.0000000000
3790 -777.0000000000
3800 -776.0000000000
3804 -775.0000000000
3809 -774.0000000000
3813 -773.0000000000
3816 -772.0000000000
3817 -771.0000000000
3822 -770.0000000000
3832 -769.0000000000
3840 -768.0000000000
3847 -767.0000000000
3851 -766.0000000000
3860 -765.0000000000
3862 -764.0000000000
3864 -763.0000000000
3873 -762.0000000000
3883 -761.0000000000
3886 -760.0000000000
3887 -759.0000000000
3899 -758.0000000000
3901 -757.0000000000
3902 -756.0000000000
3905 -755.0000000000
3908 -754.0000000000
3909 -753.0000000000
3910 -752.0000000000
3912 -751.0000000000
3918 -750.0000000000
3921 -749.0000000000
3925 -748.0000000000
3935 -747.0000000000
3945 -746.0000000000
3952 -745.0000000000
3954 -744.0000000000
3958 -743.0000000000
3974 -742.0000000000
3980 -741.0000000000
3981 -740.0000000000
3993 -739.0000000000
3997 -738.0000000000
4000 -737.0000000000
4004 -736.0000000000
4007 -735.0000000000
4008 -734.0000000000
4009 -733.0000000000
4022 -732.0000000000
4023 -731.0000000000
4024 -730.0000000000
4028 -729.0000000000
4040 -728.0000000000
4048 -727.0000000000
4054 -726.0000000000
4060 -725.0000000000
4067 -724.0000000000
4071 -723.0000000000
4091 -722.0000000000
4093 -721.0000000000
4095 -720.0000000000
4101 -719.0000000000
4105 -718.0000000000
4106 -717.0000000000
4112 -716.0000000000
4117 -715.0000000000
4122 -714.0000000000
4126 -713.0000000000
4133 -712.0000000000
4136 -711.0000000000
4139 -710.0000000000
4141 -709.0000000000
4146 -708.0000000000
4147 -707.0000000000
4153 -706.0000000000
4156 -705.0000000000
4161 -704.0000000000
4167 -703.0000000000
4169 -702.0000000000
4179 -701.0000000000
4183 -700.0000000000
4184 -699.0000000000
4205 -698.0000000000
4209 -697.0000000000
4212 -696.0000000000
4216 -695.0000000000
4223 -694.0000000000
4246 -693.0000000000
4250 -692.0000000000
4253 -691.0000000000
4255 -690.0000000000
4258 -689.0000000000
4259 -688.0000000000
4263 -687.0000000000
4267 -686.0000000000
4271 -685.0000000000
4273 -684.0000000000
4275 -683.0000000000
4282 -682.0000000000
4288 -681.0000000000
4290 -680.0000000000
4291 -679.0000000000
4293 -678.0000000000
4296 -677.0000000000
4300 -676.0000000000
4306 -675.0000000000
4308 -674.0000000000
4313 -673.0000000000
4316 -672.0000000000
4320 -671.0000000000
4321 -670.0000000000
4324 -669.0000000000
4327 -668.0000000000
4328 -667.0000000000
4331 -666.0000000000
4338 -665.0000000000
4339 -664.0000000000
4347 -663.0000000000
4356 -662.0000000000
4358 -661.0000000000
4361 -660.0000000000
4385 -659.0000000000
4386 -658.0000000000
4391 -657.0000000000
4404 -656.0000000000
4405 -655.0000000000
4416 -654.0000000000
4421 -653.0000000000
4427 -652.0000000000
4435 -651.0000000000
4438 -650.0000000000
4440 -649.0000000000
4444 -648.0000000000
4446 -647.0000000000
4449 -646.0000000000
4452 -645.0000000000
4458 -644.0000000000
4476 -643.0000000000
4477 -642.0000000000
4479 -641.0000000000
4488 -640.0000000000
4490 -639.0000000000
4491 -638.0000000000
4504 -637.0000000000
4505 -636.0000000000
4509 -635.0000000000
4512 -634.0000000000
4515 -633.0000000000
4532 -632.0000000000
4536 -631.0000000000
4549 -630.0000000000
4552 -629.0000000000
4563 -628.0000000000
4565 -627.0000000000
4566 -626.0000000000
4570 -625.0000000000
4573 -624.0000000000
4574 -623.0000000000
4575 -622.0000000000
4584 -621.0000000000
4586 -620.0000000000
4589 -619.0000000000
4595 -618.0000000000
4597 -617.0000000000
4608 -616.0000000000
4625 -615.0000000000
4632 -614.0000000000
4635 -613.0000000000
4640 -612.0000000000
4643 -611.0000000000
4645 -610.0000000000
4651 -609.0000000000
4675 -608.0000000000
4680 -607.0000000000
4681 -606.0000000000
4700 -605.0000000000
4701 -604.0000000000
4702 -603.0000000000
4704 -602.0000000000
4710 -601.0000000000
4716 -600.0000000000
4722 -599.0000000000
4730 -598.0000000000
4742 -597.0000000000
4789 -596.0000000000
4805 -595.0000000000
4813 -594.0000000000
4824 -593.0000000000
4828 -592.0000000000
4839 -591.0000000000
4840 -590.0000000000
4845 -589.0000000000
4848 -588.0000000000
4850 -587.0000000000
4860 -586.0000000000
4864 -585.0000000000
4876 -584.0000000000
4891 -583.0000000000
4896 -582.0000000000
4899 -581.0000000000
4912 -580.0000000000
4926 -579.0000000000
4929 -578.0000000000
4933 -577.0000000000
4940 -576.0000000000
4943 -575.0000000000
4946 -574.0000000000
4947 -573.0000000000
4966 -572.0000000000
4967 -571.0000000000
4970 -570.0000000000
4973 -569.0000000000
4988 -568.0000000000
4993 -567.0000000000
4994 -566.0000000000
4998 -565.0000000000
5001 -564.0000000000
5002 -563.0000000000
5025 -562.0000000000
5030 -561.0000000000
5043 -560.0000000000
5045 -559.0000000000
5051 -558.0000000000
5079 -557.0000000000
5086 -556.0000000000
5092 -555.0000000000
5108 -554.0000000000
5110 -553.0000000000
5111 -552.0000000000
5113 -551.0000000000
5120 -550.0000000000
5128 -549.0000000000
5132 -548.0000000000
5152 -547.0000000000
5163 -546.0000000000
5172 -545.0000000000
5175 -544.0000000000
5178 -543.0000000000
5185 -542.0000000000
5192 -541.0000000000
5197 -540.0000000000
5226 -539.0000000000
5228 -538.0000000000
5237 -537.0000000000
5238 -536.0000000000
5239 -535.0000000000
5240 -534.0000000000
5241 -533.0000000000
5242 -532.0000000000
5246 -531.0000000000
5248 -530.0000000000
5250 -529.0000000000
5258 -528.0000000000
5266 -527.0000000000
5270 -526.0000000000
5275 -525.0000000000
5295 -524.0000000000
5299 -523.0000000000
5301 -522.0000000000
5302 -521.0000000000
5315 -520.0000000000
5321 -519.0000000000
5322 -518.0000000000
5329 -517.0000000000
5330 -516.0000000000
5333 -515.0000000000
5343 -514.0000000000
5353 -513.0000000000
5358 -512.0000000000
5359 -511.0000000000
5363 -510.0000000000
5369 -509.0000000000
5374 -508.0000000000
5388 -507.0000000000
5394 -506.0000000000
5401 -505.0000000000
5402 -504.0000000000
5410 -503.0000000000
5428 -502.0000000000
5429 -501.0000000000
5431 -500.0000000000
5437 -499.0000000000
5450 -498.0000000000
5452 -497.0000000000
5470 -496.0000000000
5471 -495.0000000000
5478 -494.0000000000
5487 -493.0000000000
5502 -492.0000000000
5505 -491.0000000000
5511 -490.0000000000
5526 -489.0000000000
5536 -488.0000000000
5542 -487.0000000000
5556 -486.0000000000
5578 -485.0000000000
5580 -484.0000000000
5596 -483.0000000000
5597 -482.0000000000
5598 -481.0000000000
5600 -480.0000000000
5614 -479.0000000000
5616 -478.0000000000
5623 -477.0000000000
5634 -476.0000000000
5646 -475.0000000000
5656 -474.0000000000
5657 -473.0000000000
5658 -472.0000000000
5664 -471.0000000000
5668 -470.0000000000
5669 -469.0000000000
5673 -468.0000000000
5687 -467.0000000000
5695 -466.0000000000
5696 -465.0000000000
5697 -464.0000000000
5698 -463.0000000000
5704 -462.0000000000
5706 -461.0000000000
5710 -460.0000000000
5714 -459.0000000000
5723 -458.0000000000
5735 -457.0000000000
5737 -456.0000000000
5769 -455.0000000000
5779 -454.0000000000
5781 -453.0000000000
5782 -452.0000000000
5793 -451.0000000000
5800 -450.0000000000
5805 -449.0000000000
5806 -448.0000000000
5841 -447.0000000000
5867 -446.0000000000
5891 -445.0000000000
5901 -444.0000000000
5911 -443.0000000000
5920 -442.0000000000
5924 -441.0000000000
5949 -440.0000000000
5965 -439.0000000000
5992 -438.0000000000
5999 -437.0000000000
6006 -436.0000000000
6008 -435.0000000000
6025 -434.0000000000
6032 -433.0000000000
6035 -432.0000000000
6047 -431.0000000000
6048 -430.0000000000
6052 -429.0000000000
6094 -428.0000000000
6108 -427.0000000000
6109 -426.0000000000
6116 -425.0000000000
6120 -424.0000000000
6130 -423.0000000000
6138 -422.0000000000
6160 -421.0000000000
6179 -420.0000000000
6184 -419.0000000000
6190 -418.0000000000
6209 -417.0000000000
6221 -416.0000000000
6263 -415.0000000000
6264 -414.0000000000
6267 -413.0000000000
6277 -412.0000000000
6283 -411.0000000000
6290 -410.0000000000
6291 -409.0000000000
6295 -408.0000000000
6299 -407.0000000000
6310 -406.0000000000
6330 -405.0000000000
6348 -404.0000000000
6367 -403.0000000000
6375 -402.0000000000
6406 -401.0000000000
6408 -400.0000000000
6421 -399.0000000000
6425 -398.0000000000
6426 -397.0000000000
6437 -396.0000000000
6445 -395.0000000000
6469 -394.0000000000
6480 -393.0000000000
6481 -392.0000000000
6515 -391.0000000000
6517 -390.0000000000
6519 -389.0000000000
6541 -388.0000000000
6543 -387.0000000000
6546 -386.0000000000
6567 -385.0000000000
6568 -384.0000000000
6570 -383.0000000000
6575 -382.0000000000
6588 -381.0000000000
6593 -380.0000000000
6609 -379.0000000000
6624 -378.0000000000
6633 -377.0000000000
6634 -376.0000000000
6646 -375.0000000000
6657 -374.0000000000
6675 -373.0000000000
6697 -372.0000000000
6727 -371.0000000000
6728 -370.0000000000
6737 -369.0000000000
6762 -368.0000000000
6770 -367.0000000000
6807 -366.0000000000
6820 -365.0000000000
6835 -364.0000000000
6837 -363.0000000000
6838 -362.0000000000
6844 -361.0000000000
6864 -360.0000000000
6867 -359.0000000000
6873 -358.0000000000
6879 -357.0000000000
6915 -356.0000000000
6920 -355.0000000000
6933 -354.0000000000
6934 -353.0000000000
6937 -352.0000000000
6938 -351.0000000000
6943 -350.0000000000
6945 -349.0000000000
6954 -348.0000000000
6968 -347.0000000000
6971 -346.0000000000
7015 -345.0000000000
7018 -344.0000000000
7026 -343.0000000000
7037 -342.0000000000
7038 -341.0000000000
7042 -340.0000000000
7057 -339.0000000000
7059 -338.0000000000
7069 -337.0000000000
7072 -336.0000000000
7100 -335.0000000000
7118 -334.0000000000
7130 -333.0000000000
7154 -332.0000000000
7157 -331.0000000000
7178 -330.0000000000
7186 -329.0000000000
7200 -328.0000000000
7204 -327.0000000000
7230 -326.0000000000
7260 -325.0000000000
7270 -324.0000000000
7286 -323.0000000000
7302 -322.0000000000
7342 -321.0000000000
7362 -320.0000000000
7364 -319.0000000000
7366 -318.0000000000
7367 -317.0000000000
7380 -316.0000000000
7386 -315.0000000000
7400 -314.0000000000
7401 -313.0000000000
7421 -312.0000000000
7423 -311.0000000000
7449 -310.0000000000
7454 -309.0000000000
7468 -308.0000000000
7469 -307.0000000000
7481 -306.0000000000
7506 -305.0000000000
7513 -304.0000000000
7523 -303.0000000000
7535 -302.0000000000
7548 -301.0000000000
7584 -300.0000000000
7588 -299.0000000000
7611 -298.0000000000
7618 -297.0000000000
7650 -296.0000000000
7651 -295.0000000000
7658 -294.0000000000
7682 -293.0000000000
7685 -292.0000000000
7723 -291.0000000000
7743 -290.0000000000
7772 -289.0000000000
7795 -288.0000000000
7799 -287.0000000000
7805 -286.0000000000
7822 -285.0000000000
7838 -284.0000000000
7861 -283.0000000000
7863 -282.0000000000
7874 -281.0000000000
7902 -280.0000000000
7932 -279.0000000000
7943 -278.0000000000
7964 -277.0000000000
7985 -276.0000000000
7988 -275.0000000000
7992 -274.0000000000
7995 -273.0000000000
8015 -272.0000000000
8019 -271.0000000000
8043 -270.0000000000
8104 -269.0000000000
8114 -268.0000000000
8165 -267.0000000000
8176 -266.0000000000
8190 -265.0000000000
8202 -264.0000000000
8215 -263.0000000000
8233 -262.0000000000
8235 -261.0000000000
8243 -260.0000000000
8270 -259.0000000000
8277 -258.0000000000
8287 -257.0000000000
8294 -256.0000000000
8298 -255.0000000000
8317 -254.0000000000
8324 -253.0000000000
8342 -252.0000000000
8375 -251.0000000000
8389 -250.0000000000
8390 -249.0000000000
8397 -248.0000000000
8401 -247.0000000000
8413 -246.0000000000
8423 -245.0000000000
8436 -244.0000000000
8485 -243.0000000000
8510 -242.0000000000
8514 -241.0000000000
8522 -240.0000000000
8525 -239.0000000000
8547 -238.0000000000
8559 -237.0000000000
8561 -236.0000000000
8569 -235.0000000000
8570 -234.0000000000
8610 -233.0000000000
8611 -232.0000000000
8624 -231.0000000000
8676 -230.0000000000
8677 -229.0000000000
8696 -228.0000000000
8701 -227.0000000000
8714 -226.0000000000
8722 -225.0000000000
8727 -224.0000000000
8737 -223.0000000000
8754 -222.0000000000
8755 -221.0000000000
8759 -220.0000000000
8760 -219.0000000000
8796 -218.0000000000
8802 -217.0000000000
8803 -216.0000000000
8804 -215.0000000000
8812 -214.0000000000
8825 -213.0000000000
8847 -212.0000000000
8904 -211.0000000000
8932 -210.0000000000
8938 -209.0000000000
8956 -208.0000000000
8988 -207.0000000000
8991 -206.0000000000
9041 -205.0000000000
9067 -204.0000000000
9123 -203.0000000000
9130 -202.0000000000
9159 -201.0000000000
9169 -200.0000000000
9204 -199.0000000000
9208 -198.0000000000
9212 -197.0000000000
9243 -196.0000000000
9250 -195.0000000000
9254 -194.0000000000
9279 -193.0000000000
9332 -192.0000000000
9338 -191.0000000000
9348 -190.0000000000
9365 -189.0000000000
9373 -188.0000000000
9378 -187.0000000000
9385 -186.0000000000
9407 -185.0000000000
9468 -184.0000000000
9490 -183.0000000000
9505 -182.0000000000
9517 -181.0000000000
9523 -180.0000000000
9534 -179.0000000000
9543 -178.0000000000
9594 -177.0000000000
9606 -176.0000000000
9630 -175.0000000000
9647 -174.0000000000
9681 -173.0000000000
9684 -172.0000000000
9709 -171.0000000000
9768 -170.0000000000
9802 -169.0000000000
9829 -168.0000000000
9844 -167.0000000000
9894 -166.0000000000
9917 -165.0000000000
9935 -164.0000000000
9947 -163.0000000000
9950 -162.0000000000
9960 -161.0000000000
9969 -160.0000000000
9981 -159.0000000000
10000 -158.0000000000
