evaluations raw_y
1 -2146878.0000000005
2 -2137888.0000000005
5 -2111784.0000000005
10 -2097700.0000000005
36 -2081546.0000000005
65 -2073475.0000000005
158 299853.0063606289
165 305305.7093360812
198 306362.3009379492
236 306719.8595855736
238 308335.6887948735
255 309972.1519636188
330 310703.3454898648
381 312517.6814487189
391 313919.7948183943
425 314156.1696955627
427 318096.2714999628
616 319642.9324064052
653 319782.9282275641
663 323705.4615358938
707 325249.8690355304
832 325507.3620808250
946 325619.1020039613
983 325862.8332665732
1003 328779.1749008477
1070 331187.9012915939
1144 333441.2674756062
1320 335427.6151489281
1407 335505.2300131458
1498 337259.8905382447
1513 337539.0681169828
1589 339859.7417719387
1735 340303.8234876724
1807 341139.8641138177
1825 341494.2701195224
1849 343395.3667953010
1932 343455.4719215508
1990 345196.3885494375
2056 345798.4150451639
2084 346254.3128080890
2152 346810.8362235689
2200 347700.8203404726
2507 347858.7122830123
2510 348533.6195625029
2622 349069.1134667395
2735 349686.4052161024
2792 351617.8146796302
2860 352187.7530583368
2863 352634.0849666911
2920 353748.6435734856
3031 354168.2119850591
3056 355713.9242213977
3104 356200.3495800780
3206 358004.0280391721
3370 360238.2010423063
3419 360719.6310951987
3556 360892.5321481652
3701 361037.9173422884
3798 361699.7145367450
3804 362159.3158890493
3868 364098.0528790712
4061 365366.0592199705
4112 365668.4996082828
4118 366650.3986479164
4353 366862.2099997377
4529 367043.5276447193
4586 367186.0725606304
4655 367539.3950392149
4657 367870.7092277649
4694 368300.9763786691
4753 368953.6433580401
4807 368990.9981648849
4812 369188.8931212468
4820 370033.8169177463
4914 370140.9062372722
4956 370156.1098875712
5014 370233.3703484398
5167 370433.5401282173
5251 370760.7973810327
5268 370795.4748160298
5279 371343.6361643655
5353 371435.6403433139
5355 371619.2883819939
5374 371906.1838151910
5380 372140.8240726127
5384 373208.3989362062
5426 373337.0968307034
5528 373775.6990092926
5548 374137.9198289210
5636 374879.2332157772
5738 375232.1015750859
5790 375727.6061020106
5827 376189.0173133551
5937 376272.4215734797
5985 376330.9753711127
6213 376378.4034691897
6220 377062.8060186888
6285 377401.0689115443
6301 378173.6141697860
6386 378888.2261394197
6628 379202.5093878212
6867 379231.3860034846
7047 380217.9423428021
7233 380499.3291833722
7300 380557.6255887416
7328 381042.4608708053
7356 382002.8397331323
7654 382247.8894309512
7657 382402.9090522089
7810 382602.0474160265
7871 383311.5178948445
7958 383459.1533583830
8002 383575.4813907014
8129 384219.6501585950
8155 384371.5687630223
8177 384658.1318470879
8357 384866.0616831727
8391 385412.0496539101
8403 385713.7645091147
8624 386687.0351380278
8738 387195.6130522878
8838 388219.8712651156
8987 388220.1798094197
9042 388225.7265769549
9136 388681.9855281560
9139 388878.6271756637
9204 389138.5205225855
9258 389339.1997346346
9304 389581.5553546433
9513 390635.4258540468
9654 390753.0362410956
9680 390819.8790615328
9704 391002.3352593150
9779 391105.6573113370
9808 391348.0805236422
9865 391950.6247228163
9989 393247.6812866660
10000 390271.6073786674
evaluations raw_y
1 -2151089.0000000005
2 -2125830.0000000005
3 -2121837.0000000005
7 -2110673.0000000005
10 -2104722.0000000005
52 -2102756.0000000005
64 -2096687.0000000005
66 -2094731.0000000005
76 -2081707.0000000005
164 -2081530.0000000005
170 -2077573.0000000005
176 -2076641.0000000005
184 302738.4007159313
202 306545.9532881545
221 308043.8568275440
229 309027.9335051324
231 315127.4798954049
369 316577.4168478843
501 317404.6435569674
540 317630.2127177175
584 318810.2965876680
613 319572.8367602411
678 321494.7298141739
729 326869.4194764296
949 329852.8205819055
996 333202.5716602755
1124 333880.9750404606
1206 337285.8083128994
1279 338178.5117545390
1407 342064.0871167384
1459 342334.1057241405
1508 343230.1621276333
1621 343858.4963159116
1625 345813.7900417182
1672 346229.0720915298
1700 349513.0541003497
1911 350162.4251493808
1972 356699.1924912495
2386 358411.1676860629
2490 358444.0234437407
2504 359030.1632680866
2541 360474.6301806261
2647 360514.3552843309
2684 361646.0780081513
2830 363058.3665596700
2960 363128.2453926603
2980 364026.3302045532
3073 364268.7553254717
3170 364345.6304742204
3239 365824.1163072340
3408 365955.7316201712
3487 366749.5350136674
3503 366890.1635636657
3547 367060.2749654291
3654 367673.5757174213
3777 368306.0856148315
3851 369213.6377081863
4034 369579.7719343252
4053 369958.5113579431
4134 370458.4375479383
4286 370463.0603978687
4357 370747.5583145954
4366 371182.8617228922
4472 371355.7846254442
4552 371621.7604609443
4567 372070.9542384786
4629 372435.3558452806
4656 372571.5548808642
4706 372613.4803132433
4736 372678.0726893416
4776 372949.3866783645
4828 373036.1091093402
4947 373451.0359114403
5104 373635.3999032188
5110 373663.4749011358
5249 373874.0753881116
5323 373982.9373899985
5384 374593.0118478200
5394 374690.0063250488
5458 375286.4276944582
5486 375440.5422922823
5532 375466.2916396461
5611 375721.5719014744
5710 376585.7763234655
5874 376923.4630981318
5899 377130.2026005512
5904 377213.4919015145
5945 377811.9713499435
5953 378139.9074521767
6054 378255.8311415744
6218 378800.7953083843
6226 379191.5152717720
6415 379352.6240890560
6463 379720.7263532273
6492 380087.6577367298
6535 380607.9686010836
6702 381513.0616496657
6753 382262.7808786145
7003 382999.2330696757
7129 383007.9044450477
7163 383036.8461197615
7297 383042.8053315961
7341 384203.1255052466
7573 384215.9783061531
7682 384323.4704175547
7726 384402.4317922988
7801 385197.0552211739
8234 385437.8189260360
8415 385778.6360378131
8448 385822.8321642547
8463 385980.3569544312
8525 386522.7040911519
8557 386891.1311982740
8600 387092.7304214779
8621 387583.0710687852
8756 387961.5205136361
8854 388698.1135928422
9075 389372.9271440447
9227 389606.5284365460
9320 391269.4421562619
9499 391749.3515555725
9507 392592.8777677401
9573 393073.1187194198
10000 387629.9474570672
evaluations raw_y
1 -2123758.0000000005
5 -2106809.0000000005
51 -2089616.0000000005
102 -2078638.0000000005
119 -2077512.0000000005
153 302870.6502881274
159 306835.3774019835
221 306840.8605545985
280 307423.6045500753
331 308461.0767050478
391 314911.6669018924
468 315136.5773112715
527 315480.6593238856
567 315821.0286722167
652 316022.6221246269
656 316209.0805545768
662 317533.0794388662
707 317547.3733001042
770 319936.4536291925
812 320209.1864862962
848 321895.0897475629
939 323025.6955381787
1039 323340.9169137526
1053 323559.0137476170
1057 325637.4133815929
1087 327134.3838944035
1128 327291.6459129908
1191 327882.4052847621
1208 328007.7145679558
1261 328244.9884149146
1311 328286.4063286230
1380 329685.1912817826
1407 331144.4750228336
1420 331501.7629955118
1429 333468.3116014564
1682 334517.0130061901
1690 335340.2755517365
1736 337029.6548168552
1887 338551.6994938678
1955 338574.5282104813
1958 338624.7136150836
2009 338742.8527288940
2042 339898.9316267929
2049 340404.0671945687
2073 340499.7390218288
2129 341636.0421850502
2154 342035.1126430309
2229 342531.6815843391
2236 342592.2882433159
2280 344439.5583255491
2348 344467.5538864958
2397 345097.9800678474
2435 346039.3239552590
2640 346425.7361542204
2655 347179.2011095196
2661 347933.0280287747
2876 348110.3653195963
2886 348187.7919561777
2891 349087.0019618988
2983 351424.4982652944
3113 352240.7555476676
3130 352922.2815065755
3238 353177.9452763221
3279 354676.9034876452
3311 356078.9748000622
3609 356368.6986167195
3803 357017.8820460830
3810 357438.7225513866
3871 357511.2749380927
3887 358296.4295313153
3901 359027.5008050684
3988 359551.1667150609
4145 359674.9898843153
4176 359687.2976580218
4213 359795.0267984415
4274 360069.1278546985
4282 360591.2715125727
4367 361212.5322709213
4401 361394.2336518463
4418 361663.6014145569
4447 361967.2281331539
4452 362349.9136412037
4524 362566.4444264040
4563 363033.2942081373
4584 363191.1324847044
4621 364422.5644592887
4713 364559.6210929155
4716 364818.5104810940
4762 365929.5538476209
4782 366263.1443987742
4972 366377.9545631490
5006 366440.7705127668
5049 366610.7414597784
5079 366924.4196770688
5095 366967.4384098035
5140 368272.7248492594
5224 368291.6051664427
5333 368428.6068084722
5339 369470.1267806864
5344 370891.8736974320
5685 372021.2107187221
5781 373032.3715044920
5855 373627.4095365099
5954 373790.3192879496
6055 373796.7029746124
6107 374763.7685466310
6266 374815.6328112489
6295 374998.8652822746
6305 375223.5270577766
6313 375341.4063080265
6348 376275.1476458525
6373 377438.4171624451
6469 377755.7191259647
6526 377848.3874616531
6626 378557.5499902764
6807 378704.6470797044
6835 379423.5745780061
6848 379512.7244640702
6865 379766.7698874045
7022 379982.7633187639
7095 381621.0260685334
7167 381629.9134759553
7200 381805.0597915985
7286 381951.5859610573
7349 382445.7445739120
7506 383093.2080864402
7512 383104.2153900453
7562 383184.0758588808
7581 383425.0781887710
7685 383912.7955655595
7820 384555.5597001970
7992 385459.0659196291
8207 385679.3470282187
8226 386125.4270256098
8313 386555.8136425889
8438 386836.3188377902
8457 387062.4958814263
8508 388034.7645817011
8690 388076.9906012219
8702 388100.7463963751
8749 388845.9179449915
8776 389480.3735596161
8833 389679.7980522803
8856 389764.0005036453
8942 390216.1775723695
9039 391047.8109961031
9071 392568.5318247050
9476 393709.0180421654
9726 394521.6461048540
9840 394871.1569011703
9857 395019.4298596947
9985 395478.6810562056
10000 -2074608.0000000005
evaluations raw_y
1 -2129857.0000000005
3 -2121790.0000000005
24 -2110694.0000000005
25 -2090664.0000000005
71 -2089663.0000000005
101 -2087575.0000000005
128 -2072694.0000000005
210 310792.8306574092
233 315462.4441709183
363 317655.9974273457
371 318988.2285447684
559 319344.3662577732
726 320359.5343845643
816 320374.6526252523
828 321257.6176269250
830 322886.3132468291
919 326604.4243169682
1075 328174.3569981199
1199 329032.1641652248
1232 331603.7465862097
1294 334898.7262194906
1300 335950.3824565992
1418 336355.2417235957
1449 339606.1672637503
1848 339684.5749467796
1854 341868.6587394535
1922 341962.9070783837
1992 342712.7604787837
2022 344143.2511486738
2126 345205.2789503568
2180 348442.4566903093
2359 349671.8222925331
2471 350317.6181125070
2489 351092.5022955320
2593 352283.6690165804
2609 353965.3454423434
2712 355644.0710145782
2762 357558.7099081216
2933 358270.4819439702
2948 358909.7368721371
3017 359224.1125943740
3028 359621.6288672271
3068 360985.2853584486
3141 361283.3789498610
3190 361660.5833456821
3291 361760.3275123950
3309 364128.7486622891
3465 364927.9661719843
3685 365672.7228317697
3716 365889.3527520159
3732 366196.9498158747
3796 366296.7732808703
3807 366824.0355909121
3875 367242.1684192296
3932 367999.7181616839
4165 368434.5034526081
4235 368776.8567078171
4243 369049.0233545369
4257 370175.3186365225
4364 370238.6452009641
4419 370727.8692684597
4455 371235.2542577367
4599 371340.7967553179
4648 372276.1691281737
4803 373947.4040405361
4976 374885.0845985562
5026 375629.3465050115
5120 376146.2934081181
5294 376295.4111110316
5435 376444.7524541274
5454 377026.1263129145
5477 377141.8017890158
5524 378469.4375578904
5793 379585.4926173920
6038 379909.7988067343
6075 379948.0648630656
6086 380546.6550116642
6094 380610.3955215510
6107 381118.5646758284
6155 381681.3212727486
6236 382151.8344403674
6245 382910.3372240670
6399 384001.5530578496
6493 384194.6479108778
6669 384867.2624083776
6770 385270.7292736322
6853 385829.4191500454
6913 386192.1325889310
6980 386327.7161196718
7064 386684.9642318111
7080 386922.6738110160
7117 387259.8724187051
7479 387267.2263170283
7492 387504.5523860339
7523 387958.1765850822
7620 388149.3546520601
7652 389690.4498481284
8005 390141.4395954048
8114 391818.1954841873
8260 392185.4799282716
8283 392343.9915502499
8368 392753.9919486026
8539 393224.6295364877
8602 394168.0955998072
8706 394907.4774753725
8935 394951.3876624635
8955 395327.4801869963
9116 395559.2298013985
9212 395817.1930417272
9408 395865.4045029608
9429 396134.6217091856
9474 396379.7567443257
9516 396595.9060638141
9536 396823.4090818145
9551 396945.3654194879
9608 397851.4822467201
9761 398012.3857921044
9794 399209.7985926151
9907 399217.9765689037
9910 399309.8545084262
9943 399941.4280671740
10000 399209.7985926151
evaluations raw_y
1 -2170089.0000000005
2 -2165981.0000000005
3 -2130711.0000000005
4 -2121721.0000000005
6 -2110769.0000000005
19 -2110654.0000000005
35 -2098611.0000000005
94 -2087528.0000000005
149 302435.7889806402
209 304778.8520838804
251 311336.3005472948
286 313731.8449284242
291 315840.6898761623
453 319921.0983774684
630 322031.7227675681
787 322293.2233892914
792 322320.0078717872
840 322941.3597162411
860 323650.0786173106
876 326005.0821106285
915 326274.0002224320
970 329458.0398651785
1050 329758.9201829473
1095 331098.2874595275
1152 331867.6584621377
1195 333677.4475405595
1286 333815.4135200828
1353 334517.2693196242
1360 334959.4298719327
1424 336314.8623277774
1627 336470.8685525105
1651 336664.8383204653
1657 337337.5128770984
1711 340835.3114866999
1860 341498.5214273509
1881 341616.8994954351
1926 344047.2025735548
2006 344174.4866838492
2027 345036.7040887033
2099 345425.3659728278
2156 346609.7408557406
2158 347088.8375450157
2257 349224.3235720036
2452 349390.1580137963
2563 351378.1664701040
2658 353188.9982217225
2777 354428.0920897417
2889 355915.8697533804
3082 356019.0430844676
3188 356125.2457348871
3190 356728.9252160739
3218 358240.7981274484
3238 361041.3274743806
3410 361839.0178448831
3596 361953.7950214379
3650 361967.0275520137
3858 363203.9683705582
3913 363428.4782025827
3923 363857.4492809362
3951 365421.0326669379
4281 366861.3772696629
4375 367403.5956361101
4410 367495.3925127580
4416 367722.2115942679
4419 368172.2191132899
4451 369259.5273257860
4555 369260.2977846241
4627 369457.6634294077
4740 369777.4327173163
4767 370130.8339827632
4852 370541.9812177118
4907 370876.9828985118
4955 370885.8636744844
4999 371329.2115451535
5020 371458.5915730057
5062 371747.6034318307
5146 372382.0858147856
5297 372492.1511597930
5411 372573.7570660013
5610 372633.5279489738
5642 373783.0169500691
5661 373878.3480414202
5694 374221.4790839175
5813 374375.3947581491
5862 374945.0373086946
5914 375189.3736526843
6033 375682.9091171120
6080 375785.7485128989
6089 376279.5613449727
6095 376294.6806875344
6127 377001.6018153586
6539 377724.1666214405
6574 377801.6325898850
6590 378131.4043452290
6639 379428.5475435664
6781 379530.1603866442
6836 379669.8775466137
6867 379824.5775039882
6892 380012.5555606169
6964 380147.4117774015
7032 380627.3954208116
7046 380942.6597449902
7048 381796.7121602012
7263 381809.6750719844
7318 382257.8579713717
7421 382894.2806040340
7582 383032.8575593655
7652 383487.6129027011
7729 383504.9612663824
7806 384486.7702704549
7854 384557.2772716649
7904 384827.4941976796
7919 385061.9218048691
7992 385121.4535998059
8012 385564.8104436184
8127 385688.3094331834
8153 385925.2255798743
8233 385954.5783740209
8246 386410.2680747947
8307 386832.0638639642
8330 386966.2885812419
8389 387153.6209432087
8432 387679.9475680774
8515 387689.5592796798
8758 387835.0645149240
8770 388235.4245426312
8778 389005.1340883896
9005 389055.5548236977
9058 389249.2475213787
9111 389407.2140969647
9137 390190.4231321017
9160 390220.5650113539
9219 390403.0779206263
9301 390505.2068167191
9393 391266.5033075521
9571 391274.4773732267
9662 391804.4756129235
9804 391893.2643043405
9807 391925.2169985923
9819 391952.1997619247
9868 392641.6941351226
9896 392646.8424575105
9898 392923.7903114318
9909 393466.3622689821
10000 392593.5443857820
evaluations raw_y
1 -2115738.0000000005
2 -2114764.0000000005
5 -2093712.0000000005
101 -2091731.0000000005
103 -2090609.0000000005
154 -2088671.0000000005
156 -2085601.0000000005
182 -2075653.0000000005
196 301143.5847091742
220 302667.1646426103
239 303977.3154318821
308 306502.6538718583
322 306637.1804056672
325 308010.6213030769
335 313131.6206013141
460 313203.3969641448
482 313301.4022412646
541 313956.1903966932
574 314982.3504669376
665 317844.6605840388
816 318984.5439877074
827 319936.7969671373
830 321262.3004532359
899 321765.2295175218
920 323291.6880408179
971 324080.7847481583
1008 326480.4071135682
1248 326704.1640298174
1264 326801.8497001383
1309 328001.8110986102
1314 329334.1171062433
1383 333582.2452623485
1485 334152.9192986141
1567 335234.9371059161
1569 335525.8846419651
1611 337047.2813923915
1777 337857.8839236819
1802 338706.9284626661
1812 338804.1564500583
1952 339582.9296201181
1999 340741.7599270390
2005 340856.6678563819
2039 342483.8265994072
2047 346098.4451863418
2271 346545.8304016885
2286 346971.9323998539
2330 347599.6485555451
2416 347834.1240502167
2467 348252.2427615206
2520 349656.9488636871
2560 349828.8444180134
2568 349926.6886055389
2592 351077.2082717248
2679 352318.5766183112
2838 352832.2391003509
2990 353405.0163332542
3108 353848.8449799274
3115 353872.6598985000
3216 353904.8723231645
3281 354293.0348138840
3313 354954.7463626154
3327 355747.6705271895
3420 356732.2138047369
3673 358000.3586037886
3728 358168.5086789249
3835 358371.7950567650
3903 358513.6306312422
3912 358692.0566171597
3953 359611.7063457005
3981 360669.7093680780
4128 361093.5730521219
4167 361325.6894205435
4351 361331.9459615963
4394 362115.8566118073
4480 362694.3717144398
4550 363056.0549820513
4568 363343.8807557517
4602 363627.6263459146
4712 364925.4348964298
4799 365313.9128318421
4823 365323.2060941402
4927 365715.4776639310
4986 366343.1723686275
5053 366481.1922489151
5165 366622.9326341151
5200 367354.2167958239
5316 368039.8213663351
5404 368160.3811882387
5435 368746.6620540022
5441 369160.8703167627
5457 369348.2516090183
5513 369776.5567020410
5515 369969.8570779008
5523 370415.3881025030
5678 370615.1585286463
5768 371746.3084848811
5788 373013.3296448437
6057 373809.9198249305
6230 374182.2852262100
6415 374262.1512208456
6507 374964.1061445664
6577 375500.1771698631
6628 376000.6741077129
6666 376028.6282592090
6689 376290.2276353918
6718 376459.6371697006
6779 376571.6856995824
6909 377949.1089784959
7037 378633.9539963835
7164 378728.7487588541
7228 379026.1424579559
7234 379043.8746520140
7296 379551.0417392139
7395 379648.5401851618
7423 379819.8519176568
7467 379882.7813988099
7571 380778.0462245126
7605 380851.0035120511
7741 381078.1527777637
7749 381567.6864842304
7793 382616.3292241346
7845 382925.7269134266
8011 383086.7580906341
8140 384140.2511187185
8191 384851.8993699466
8198 385184.5983552536
8335 385712.2736349102
8514 385746.0102278478
8539 386718.6340224725
8567 386748.4963739392
8630 387063.0935523423
8680 387299.9941478258
8698 388316.3715592771
8793 388398.9995438497
8883 388636.6405995164
8993 388962.5911475614
8998 389943.0917462170
9037 390203.8192725574
9124 390331.4399426142
9200 390511.0795968649
9290 390590.8542319367
9352 391250.2087259289
9354 391303.7393590966
9431 391420.4007945257
9456 392519.4977393223
9523 393155.4262498497
9593 393270.5154552577
9609 394187.5881761365
9739 394464.6859093435
9784 394479.8522984798
9799 395045.4811118830
9857 395059.1206672342
9863 395130.3075614367
9911 395664.7655020828
9949 396349.7970366563
9955 396695.7542851216
10000 389686.9328772262
evaluations raw_y
1 -2147941.0000000005
3 -2115790.0000000005
4 -2106775.0000000005
37 -2085656.0000000005
79 -2078608.0000000005
108 296853.0000442568
176 310472.9188588386
298 318776.4781830950
500 320304.6215201586
549 320325.1714252506
672 325671.1898343888
934 327298.7397354015
1035 328079.3651436789
1191 329418.4317230022
1221 331423.7128428180
1240 332358.2073312372
1291 332376.7182610442
1310 333663.9265093736
1335 334302.6402879071
1384 334981.3243747801
1416 336263.9212149646
1436 339789.8302745346
1541 340410.3396862306
1646 340593.2826469010
1657 340982.8541797016
1711 342337.4589760924
1773 342839.3700704937
1805 343249.4949217462
1867 343729.0439197081
1906 345066.6995898769
2062 345526.9343879168
2077 346825.3517804397
2109 347484.7875428409
2156 349046.3576423064
2203 349171.3000441520
2264 349189.4960923980
2287 349828.6036237364
2295 352579.1291345098
2458 354283.4035828389
2527 354379.1541517564
2545 355413.2958123054
2649 355589.6586158706
2651 356134.9489409036
2716 356468.4681505454
2741 356870.1281618428
2752 357428.1502212383
2807 358509.9086558391
2859 358726.6412314886
2949 358987.9677591603
2952 361567.1796430180
3098 362876.5951410749
3275 364330.0466343699
3515 364412.3108059402
3565 364577.3901821846
3606 365928.5274774053
3732 367243.0475095900
4090 367530.9788234713
4135 368815.8405189797
4267 370508.7843678957
4552 370592.8071184354
4742 370641.6616596321
4785 370817.7846036285
4898 370950.4808116937
4938 370961.0074124062
4967 372790.5764446593
5176 373938.1044892553
5455 374647.0630968265
5641 374679.1529093997
5674 375720.3420339458
5751 376115.2103393958
6185 376151.6634958399
6238 376983.0014655322
6349 377212.3486781693
6357 377953.5342310695
6437 378282.7257280218
6507 378527.4532229140
6746 378982.6393320443
6826 379010.7049058873
6904 379068.0664000734
6915 379076.4006384404
6976 379095.2868738673
6985 379334.2509017555
6987 379499.2098515094
7023 380984.1435034509
7217 381303.2827475294
7301 381820.6683818750
7316 382819.3507976005
7615 383066.9656074488
7636 383973.9146910033
7692 384380.1570999276
7925 385342.8095340364
8006 385718.4938384745
8305 385864.7994824931
8354 386285.5749191409
8421 387070.0223410500
8433 387144.7669515075
8747 387246.8895476746
8913 387878.3585263683
9068 388066.2500310919
9132 388095.0124359619
9140 389119.8686890565
9375 389763.7284253226
9767 390487.6062701909
9834 390488.5408765323
9860 390968.8461896137
9880 391010.6499554544
9917 391094.1450654903
9921 391714.5045269459
10000 389561.7553861139
evaluations raw_y
1 -2148913.0000000005
2 -2131801.0000000005
4 -2112879.0000000005
20 -2112764.0000000005
23 -2094585.0000000005
52 -2083540.0000000005
107 296037.7474432776
129 307361.3329681149
192 308418.6048946226
209 309376.2428112035
212 310990.7593046001
235 311485.0394408937
244 319186.5204753614
277 319198.0775867061
458 322065.0225013017
496 322921.3077207452
625 327298.6844522762
693 328413.6694594785
772 329080.5839756134
904 329439.8435821173
913 330563.1795575929
1067 330941.1151496329
1079 331030.6846963857
1106 331223.2106045780
1118 332258.3751058901
1174 332774.2503150884
1252 333751.3739444955
1315 334202.0430443801
1355 334732.2839509836
1378 335488.2808065733
1393 336729.0474540118
1485 337430.2412958833
1503 337714.0625084099
1511 338104.9386896517
1516 338774.4074648782
1644 340532.3861961395
1655 340805.2101093548
1674 341202.3706977762
1705 344702.8890800620
1872 345121.0853716367
1984 345404.5513563608
2076 345416.1862180204
2091 347229.2523009271
2175 348602.0982862489
2301 350365.5237842560
2563 350878.5587590323
2565 351622.9672746637
2593 352644.1515147278
2678 353508.1627266893
2744 354004.5195445586
2772 354165.1763041755
2824 354882.9522031970
2873 354889.4186658508
2891 357054.6119845454
2924 357569.7350129533
3102 357824.6918249037
3117 358699.9293049006
3134 359276.8425700329
3190 360633.9075965109
3441 361953.4917547669
3613 362016.9378585672
3677 362294.0436676825
3722 363181.1785264189
3751 363586.8335629172
3806 363637.7235363504
3907 363657.0837158968
4069 363831.2115158009
4070 364232.4824996984
4108 365500.0683609881
4301 365522.4152915143
4347 365708.6307851307
4392 365715.3153523033
4396 365754.7614885775
4399 365917.9843278970
4438 366688.5745403008
4460 366730.7620019835
4622 366886.7446018773
4658 367113.0540214983
4716 367588.0834032015
4761 367880.8211482044
4848 369105.7945667302
4942 369503.1541109605
5034 370216.1044718167
5156 370301.5683436876
5208 371203.3035142953
5241 371662.3033158010
5288 372183.7856972655
5381 372415.7134808275
5491 373119.2425190471
5551 373295.5590690032
5604 373530.7806212030
5651 374208.2394742271
5728 374686.0503750152
5770 374692.2908541435
5787 375414.9995889161
5880 375722.6197778872
5917 377591.0937003851
6330 377859.6347096643
6335 378534.1706149431
6411 378572.6026052862
6420 379903.6934119493
6567 380108.3963691142
6671 380119.7949221574
6697 380851.9704812532
6837 381124.1480833270
6946 381180.6576299599
7016 381324.5515517555
7061 382091.3649483693
7218 382257.6149344654
7229 383017.7127737646
7388 383062.3244564917
7541 383102.1153405413
7549 383131.1655227157
7553 384826.2274613940
7703 385079.1417127324
7837 385855.3481050666
8121 386009.4653574757
8203 386095.2106990359
8212 386848.1583831903
8311 387197.0185741633
8318 387281.1193100449
8333 387417.5768100751
8356 387491.0483966141
8371 387707.3388808307
8389 388252.5064529878
8415 389042.9798745161
8448 389874.7446354621
8661 390007.0114013058
8810 390624.1269344237
8822 391230.2119838221
9351 391410.7451060917
9411 391842.5324882466
9473 392005.8617113243
9535 392138.4408897319
9538 392657.6890984468
9574 393280.7091022123
9705 393658.5537178699
9848 393693.5692666513
9871 394536.7143883538
9971 394578.4595691522
10000 389592.0660681653
evaluations raw_y
1 -2137877.0000000005
2 -2108798.0000000005
12 -2093800.0000000005
63 -2084665.0000000005
104 -2084585.0000000005
143 -2084580.0000000005
155 -2077585.0000000005
167 -2075635.0000000005
174 299047.1658556584
179 309878.6625053834
288 312208.9232159343
457 315261.2937169217
517 316231.6599197038
526 317077.0080666962
545 317189.5692822282
611 317325.4764841405
616 320736.8105081363
683 321979.4875796375
785 323428.5908309572
805 323961.2138946546
885 327278.5236706873
1056 327375.8540405084
1086 328200.1668943729
1097 329261.7488197677
1109 331850.7921473001
1134 332584.2408096310
1262 332739.8824681697
1271 334183.2141071369
1290 335515.6258521134
1420 336503.3044089534
1442 337043.4507993539
1525 338390.0127467935
1552 338459.4412816910
1623 339971.5276312710
1712 341226.8813860007
1807 342650.6307574408
1880 343616.9243112538
1940 345663.6620707907
2002 345765.0195973086
2022 347648.9425328029
2072 347844.1053883556
2225 348007.3810778568
2341 348695.0115665074
2352 348905.6208297125
2389 349179.8240890083
2394 351696.9663463047
2515 351993.0184040394
2563 353588.9369283452
2625 353718.8660546115
2660 357270.1367780042
2727 357782.2519833040
2857 359398.3842263281
3039 360734.5449944772
3050 360862.3500046776
3289 361002.8541173510
3301 361070.1352528464
3370 361541.0933032715
3389 361772.5855192736
3400 362954.3306312111
3441 364735.7331785255
3617 364750.3049310994
3748 365550.8131465893
3928 366025.4973550109
3940 366519.2424053599
4003 367313.1294915188
4016 367314.7862199973
4024 367979.1420577301
4137 368178.9829448836
4171 368789.5151703717
4332 369323.3396780012
4389 369702.0329223581
4472 369802.2868620409
4589 370379.1421899456
4745 370524.5380335285
4768 373063.2193213792
4974 373167.0797509084
5048 373217.5030258945
5071 373931.8739651059
5105 374216.4018593829
5179 375082.6459734028
5318 376379.6257967734
5522 376934.1593782878
5661 377217.6380714347
5703 377415.9918654591
5767 377803.7028155181
5814 377913.7795335008
5865 378338.8665631564
5904 379390.6227892343
6015 379893.9554023521
6117 382545.3502339315
6455 383169.8623027108
6487 383261.2663108810
6523 384009.1941427189
6591 384145.6649127422
6705 384585.5568207100
6708 384697.6000097946
6725 384944.8176907047
6805 385911.5584039770
6881 386384.1134396727
6978 386922.6842946532
7054 387798.6434299327
7339 388381.3754362360
7451 388709.5773608458
7453 389177.1594921718
7508 389659.1319821416
7527 389806.0794624014
7721 390533.9460931343
8025 390674.0556151906
8216 391349.3785119074
8263 391927.7244945047
8351 392155.9853309378
8520 392537.4461986868
8591 392684.7304643960
8661 392916.7506982075
8723 393251.2925954359
8828 393597.8178641351
8920 393635.8677955666
8930 393801.8207697868
8940 393894.1095278293
8942 394120.4428338314
9125 394196.2043275467
9165 394415.0945962855
9193 394427.9722296603
9229 394902.4567930967
9257 395308.1869735878
9281 395681.4944683342
9419 395931.4247022994
9444 396130.0782429420
9518 396147.4667688574
9696 396423.9909466175
9809 396496.6422557842
9828 396627.4227436562
9856 396671.5210679178
9934 398306.9219447472
10000 391892.5522421981
evaluations raw_y
1 -2162963.0000000005
2 -2138878.0000000005
4 -2115764.0000000005
11 -2114819.0000000005
28 -2097682.0000000005
55 -2087663.0000000005
181 -2086658.0000000005
182 -2086656.0000000005
205 -2074602.0000000005
274 303331.8400962694
321 303773.7501904529
328 307122.2716733545
356 308663.5639666115
360 311273.6450932836
434 312448.0255517217
441 313937.7033162060
450 317068.0066320094
696 317973.3804981341
709 320394.9684990023
806 320536.0366460201
866 320968.3478979769
960 321419.6604265991
966 322615.3204375309
1003 324096.3240353754
1062 324813.8338477438
1068 326206.3735913103
1089 327705.0777695490
1134 328338.9066691200
1188 328415.2512737455
1207 328925.5891684382
1233 329910.6557930637
1375 330158.4995419143
1382 331189.3813118278
1405 331347.9925045241
1415 333725.6903653966
1461 334182.0186958442
1568 334922.7807672773
1586 335656.9090712030
1681 336664.8888614770
1729 336677.1850413661
1740 336811.5361102878
1750 336860.6867411067
1765 337880.3562680556
1772 338712.2754715548
1812 339917.1026490739
1862 341009.1865050640
1914 341986.7376878607
2027 342954.6495014637
2219 343007.0094280089
2268 343063.9877467187
2281 343536.6233953819
2289 344260.6125939981
2311 344494.2270659745
2319 345395.5377700900
2387 347456.6615829693
2489 348197.3656473965
2504 348778.2176927109
2706 349655.9560485606
2766 349962.1163526613
2871 350899.5450215446
3091 351287.5766518730
3102 352086.9790551885
3119 353573.0849283584
3406 353613.5608220054
3503 354479.2899040042
3686 354876.5024341211
3693 354980.5251721056
3802 355053.7621471456
3859 355243.7074888332
3932 356385.0675965456
3948 356498.3336726390
4044 356514.8993723737
4052 356666.8067256244
4064 356743.2282200314
4080 357180.3562723931
4202 358036.5847924889
4347 359443.5288861191
4543 360129.4674695556
4573 360620.9187577031
4597 360905.1465316394
4746 361588.5223729223
4806 361650.7641163352
4865 362229.0375903043
4869 362360.4874919704
4912 362583.6837582484
4952 363151.8130455244
5110 363273.2531533816
5183 363335.0428536525
5286 363626.6574584353
5292 365428.8642758079
5385 367266.6366035063
5461 367790.9012253447
5773 368858.2738948996
5992 368927.4043641540
6005 369113.6653802932
6070 369138.9095309540
6134 369514.0690409539
6278 369529.4096827092
6348 369963.4206878229
6375 370865.6502972655
6386 370909.2333521686
6650 371060.6701904808
6670 371331.4980266243
6691 372348.3009142024
6813 372721.5842256256
6828 373035.0703399818
6829 373284.0664060781
7000 374009.5006995518
7008 374254.7783667311
7398 374385.2773506042
7463 376128.8329406448
7545 377463.8602068673
7807 377642.7737999466
7872 378189.5271826229
7993 378571.2275269547
8029 378709.0860583633
8045 379031.1003909332
8295 379653.0987599627
8307 379956.4440513318
8361 380109.5305308161
8374 380465.9904878859
8465 380864.8268136568
8520 381465.1780932309
8743 381627.8909735860
8755 383081.2440812058
8983 383188.9152881418
9165 384132.4252096427
9335 384551.4646763803
9341 384709.2828393335
9438 385208.7088125728
9467 385417.4480845073
9579 385486.5767342410
9608 385840.6261310239
9626 386881.6534332945
9868 387074.0091014474
9874 387264.1164818667
9912 387425.6402203707
10000 385723.7028318867
evaluations raw_y
1 -2128774.0000000005
4 -2117779.0000000005
5 -2105770.0000000005
31 -2105718.0000000005
33 -2101759.0000000005
53 -2100801.0000000005
72 -2093702.0000000005
105 -2086651.0000000005
163 -2086618.0000000005
167 -2076619.0000000005
211 307847.7119218872
266 311495.8092968602
444 314561.0996867137
473 316806.1337074068
710 316837.3299867786
718 318435.6813639739
785 319301.0592673409
936 320986.1765618128
961 324056.8937290490
1024 325297.3643118825
1167 325647.3107630013
1171 326581.3232361060
1264 326817.4015516075
1293 329642.0343523175
1305 329873.5778025182
1403 331964.9189930959
1459 336794.3968041225
1605 337675.8589194180
1626 337726.5593314894
1725 339832.8529727448
1810 340778.8903658636
1913 342835.3933662160
2007 343239.6127408581
2039 343785.1931658103
2055 344925.4035810934
2111 346059.8197908875
2306 347424.4396952516
2351 348087.6876720752
2397 348225.2404855778
2415 348330.8683753656
2514 350305.6702722058
2578 350518.8998061367
2660 350667.5722597219
2707 352381.0308359988
2812 352902.6399789778
2970 352932.9204333312
2980 354047.2411852693
3000 354360.3773621258
3002 355463.3304659962
3084 358176.2295257440
3390 358825.6272040125
3395 360340.9220538570
3520 361031.7517856118
3625 361988.2618395515
3956 362529.7520939336
3991 362654.7558133468
4046 363178.6742260932
4063 363753.8761451811
4116 364261.2252805572
4142 364567.6333739446
4159 364864.4180392987
4184 365293.8022993676
4362 365589.2304393510
4368 365705.9950278433
4403 365836.3853827171
4418 365909.5350143166
4422 366344.9803223485
4654 367610.8522368534
4729 367681.3647161708
4761 368084.1415387838
4803 369088.2425335475
4820 369795.3279845738
4922 370389.8240451369
5016 370577.4768305076
5024 370729.3221069429
5275 372298.9308277216
5440 372334.4950851968
5458 372808.9126041097
5470 373139.3091032683
5570 373346.3753728435
5579 373814.2766906733
5591 374645.4964832142
5689 375302.2993782868
5746 375679.4219806089
5750 375927.4885234899
5857 375960.8437066145
5884 376161.1610961868
5900 377370.4705586832
5919 378075.8787551374
6047 378734.0379386698
6166 379390.4032199854
6274 379714.0971017411
6281 380002.4795073441
6360 380470.3355004534
6586 380611.5771140503
6666 381667.3552744470
6769 381934.4111560319
6801 382384.1045130544
6817 382760.6332311300
6942 383497.8492921968
6957 383910.2925327935
7000 383951.7135774508
7051 383966.7906257685
7071 384123.4211962985
7144 384720.1061052614
7182 384739.6676001453
7228 385685.2659939225
7305 385741.1508863845
7455 386381.9171863230
7559 386913.2079015521
7562 387191.7176159448
7672 387940.1548860868
7754 388249.4730090942
7942 388397.9759095951
7948 388687.2482444583
7961 388925.1991743176
8006 389146.3560376858
8064 389690.1455290001
8163 389995.8768995864
8342 390183.9396381856
8405 390348.2026376825
8471 391212.4500073387
8630 391256.0323415207
8666 391825.5245221764
8708 392224.3276242110
8766 393114.3701553603
8775 393462.6612745519
8922 393484.3728230934
8949 393749.0586291088
9050 394303.0084736791
9377 394346.4117881555
9382 394727.9904063268
9384 396039.2644934425
9723 396676.9444380817
9858 396723.7188698197
9927 397062.1172293827
9934 397930.8920432306
10000 395167.5285047185
evaluations raw_y
1 -2167957.0000000005
2 -2110750.0000000005
17 -2110749.0000000005
24 -2107638.0000000005
52 -2089594.0000000005
151 313124.5028115633
255 315522.0719033307
316 317094.6453957978
318 319498.7132832243
334 320023.2636876275
363 320354.3589964491
432 320938.3714365825
461 322067.9563900713
531 323496.7954016819
543 327150.3553381363
683 327287.7180282171
692 327743.8766840145
733 331205.5003571205
806 333898.8614860420
914 334062.9274149209
977 335174.1800968865
1007 338597.3118691274
1184 339201.2760088239
1281 340869.4964788460
1306 341254.9823555579
1315 343106.5280245559
1331 343263.6342526279
1353 344907.5013518769
1509 347574.4997855468
1648 347791.6414731854
1678 348258.2659660929
1757 350021.3211690921
1768 351914.3300723708
1947 353478.4433340438
2016 353788.8960896702
2150 353924.1874422788
2169 354691.2943187625
2178 355735.1062416467
2223 356384.2782626151
2243 358285.6903303414
2360 359135.6051653437
2474 360329.7587616052
2529 361112.1526542819
2598 361295.1730771626
2652 361770.3728445611
2669 362023.7033827358
2675 362068.3067770994
2713 362991.2293989705
2761 363537.2146059952
2815 363996.3119723569
2886 366625.7088058370
2977 367076.1520324319
3181 368621.9027941456
3312 368995.0485257567
3385 370587.0216934262
3535 371124.6324975849
3645 371131.9847956090
3648 371317.1954585653
3739 372388.0489016143
3839 372400.3446485951
3849 372442.8550571579
3860 372834.5821570529
3920 373204.1040367610
3934 373987.2864241557
3997 374877.1847274937
4168 375127.5786702409
4170 376490.2082437997
4381 377040.2589043799
4473 377155.2513691692
4522 377182.8142803863
4573 377486.6891756947
4627 377987.7908112225
4682 378302.8095961832
4726 379387.3474114084
4805 379757.1107719719
4846 379765.2928107188
4900 379804.1610738612
4945 379835.8967285115
4967 380487.8102928967
5114 380947.6556507831
5128 381140.2353283931
5260 381192.3901655166
5312 381897.7553666693
5414 382326.4792730242
5544 382573.6514316631
5573 382902.8964822100
5613 383551.5935423044
5658 384151.7656698787
5748 384207.6407384229
5849 384474.4263930139
5874 384549.2840078508
6283 385021.7224364449
6327 385528.6718312922
6452 385602.8052034632
6472 386094.8227670705
6616 386165.3104037818
6704 386250.9018885389
6754 386653.7965043153
6763 386851.2190747641
6799 387582.1172919036
6825 387764.2486271563
6837 388117.4329099535
6993 388128.6669198075
7000 388152.3432148938
7061 388253.1540371092
7079 389079.8768279228
7088 389332.5490533609
7194 389988.1937703626
7239 390129.9248141572
7267 390855.6333573011
7294 391206.0177948650
7431 391761.9406738076
7443 391835.2937060274
7460 392118.6953788687
7521 392141.4132501187
7553 392991.4176913959
7715 393270.9041882564
7746 393479.6526989011
7789 394012.0661537186
7803 394023.8476677548
7859 394132.5303580193
7900 394149.7439714898
8019 394269.5460062637
8057 395014.3920951780
8111 395466.9043228583
8329 395468.2614505803
8348 396055.2267593794
8463 396069.6591297386
8506 396182.4396698897
8543 396472.3882881922
8570 396922.8918598432
8752 397756.9817951703
8935 398711.0520953562
9203 398916.1599757556
9206 398927.8081314382
9275 398943.2356675430
9319 399242.3362479419
9417 399749.3435507001
9516 400056.7465211048
9519 400230.1311082746
9562 401640.3143326080
9899 401707.2475719693
10000 395893.9832425376
evaluations raw_y
1 -2137781.0000000005
4 -2107711.0000000005
12 -2086605.0000000005
75 -2082592.0000000005
113 301940.4706266196
190 302243.2585154243
206 302814.4916126624
246 305374.7933574882
267 306001.3756342462
278 306949.4039768953
300 309701.8286851153
313 311762.5151177043
468 313628.8073962530
498 315425.9966568043
508 315441.6127371312
572 317322.9615643735
602 318805.0418171492
614 319448.7860208285
725 322664.2774018302
854 323124.0649673088
906 323238.9181774046
912 326451.9572262827
943 326605.1381038638
957 327292.0055451944
1042 327825.3771414638
1121 329229.7981870178
1207 332054.9295080106
1300 332765.6482398305
1311 334639.0569107755
1371 336801.9699814079
1453 337408.9784718926
1476 338581.0135411657
1515 341003.3845071919
1619 341235.2639111525
1657 342198.5686050663
1703 342639.6851042589
1810 346065.6561346026
1909 346470.5025245374
1921 347804.1236662540
1976 350247.1339065200
2215 350980.7722882448
2471 351221.5140871358
2594 352178.1265824608
2654 352502.9594611070
2730 353969.6141588030
2830 354083.5081062797
2890 355188.0713926795
2931 356179.3591958662
3031 357444.0094542074
3073 357631.7660467768
3103 357742.2955226372
3118 357817.7897764930
3127 358904.2910607337
3298 359346.1561011790
3369 359569.0982871497
3398 359767.2004764131
3404 359838.1285045830
3415 359970.4119911753
3465 360883.7054603281
3504 361507.5457051859
3650 363485.3966105256
3732 363706.3646658524
3909 363778.5813693017
4035 364544.4915263314
4063 364959.8183225417
4193 365535.2699046972
4322 365788.4504642570
4391 366127.1710661630
4442 367285.1951246097
4563 368184.2891672128
4640 368266.7065429476
4670 369935.4500019657
4935 370548.4017489572
5195 370618.5774851469
5226 371105.1500477911
5265 371705.6944432238
5353 372327.8788802178
5772 372392.6508513760
5885 373549.4729615187
5966 373706.2145953829
6076 374460.2986106814
6124 375032.5792510543
6224 375501.5117167499
6273 376357.7975610058
6420 376528.4737156564
6480 376876.3160646656
6771 376888.4730622608
6864 377391.9410165400
6920 377884.7904450079
7064 378648.6581798230
7289 379420.9154790400
7347 379709.4542817881
7363 379710.9503261992
7378 379997.8699628480
7438 380397.1094591120
7548 380629.1288001101
7583 380645.8999892332
7660 381684.9652164798
8042 381970.6496682345
8155 382639.6184953518
8197 382647.2815180540
8208 382660.6714389029
8225 383531.1053220832
8246 384362.6688262536
8415 384373.9085132594
8424 384388.3752093250
8601 384408.1109704723
8629 385283.9249831181
8791 385377.5940883028
8868 385545.3248855164
8907 385919.0950558506
8934 386631.8727041240
8961 386960.5118321151
9044 387272.3019735275
9156 387319.8345946354
9175 389247.9108989505
9351 389575.5103302222
9488 389758.4814770924
9496 389836.3202784239
9615 389896.3275091869
9655 390666.3414909701
9691 391511.8240867150
9920 391611.2986427785
10000 388962.9352813003
evaluations raw_y
1 -2147873.0000000005
3 -2138999.0000000005
4 -2086778.0000000005
8 -2084655.0000000005
142 300630.8151002423
158 316602.0698772632
312 319592.1460333224
479 319980.0625858404
480 320359.0855495983
563 321188.9202737210
777 323956.8012281518
915 324287.1321583158
963 325076.5099274584
973 326434.9913438958
1045 328100.6930973526
1115 333234.8236239704
1162 335767.0534693079
1433 336441.6580709705
1473 337485.6302174628
1598 338396.4342327117
1652 339683.8535588090
1685 342103.0030121572
1773 346184.4961723732
1822 346889.9274529517
2006 347024.3673275840
2024 349139.6118334541
2157 349647.6428197579
2420 353193.3263434248
2764 353436.3661811249
2848 354363.1634946978
2896 354405.8825113027
2946 354483.3234633727
2954 354757.0802436996
2983 354947.0695610933
3004 356460.5341667109
3066 356872.4223295959
3071 358011.8147342305
3187 358315.1765845802
3251 361695.9090482609
3385 361774.6386007907
3404 361858.6178906293
3408 362376.6065487301
3514 362744.6096417736
3530 362871.7571900692
3587 363020.9129307861
3631 363750.2332490478
3660 364970.0951318042
3717 365107.0511752946
3760 365423.0654412575
3781 365878.6415442803
3968 366193.3485000422
4007 366733.5864509132
4066 368718.0795733885
4371 368954.2373067888
4479 369690.6669309987
4534 370096.1508979313
4610 370240.5376304009
4655 371280.9170280473
4667 371363.7782524105
4724 371802.4894120573
4726 371947.1944739308
4778 372227.0015956268
4853 372383.3075094157
4905 373011.0324005732
5018 373228.8221139700
5043 373367.4274143322
5066 373636.9104902610
5078 374249.2060132431
5194 375674.4117773595
5264 376323.2821581822
5428 377932.2291081331
5594 379049.6155291084
5824 379723.5781047479
5957 380467.1480431908
6014 381198.7363095625
6184 381793.4193821454
6264 381794.0686574549
6356 381833.3184051951
6485 381881.7225113452
6505 382356.0607442761
6580 382553.9477846139
6588 382615.1481339567
6603 383776.8086508915
6761 383935.6314909511
6773 384314.3456120844
6955 384340.8375553043
7056 386017.7021954070
7179 386230.5045490484
7204 386824.8460509629
7371 386923.1746722342
7480 387727.1787204432
7616 388091.8403572406
7665 388496.5141533287
7744 388946.1054030166
7817 389367.0171989412
7867 389920.2004581076
7932 390494.4839437278
8012 391021.9773766063
8115 391586.5050955290
8229 391967.0322885403
8255 393500.1746183799
8431 393715.9159864065
8539 393859.2915498184
8706 393994.7492462337
8713 394073.1557897697
8736 394430.7595828077
8782 394671.9801414618
8888 395293.8920545474
9048 395527.3206559725
9196 395548.0052247182
9379 396049.0946242615
9485 396295.0429067375
9595 396621.3503291172
9671 397357.9250181542
9726 397634.3590084300
9775 397773.7884488131
9813 397965.4767672789
9853 398415.2639318499
9971 398762.9725380730
10000 395871.5951257773
evaluations raw_y
1 -2149863.0000000005
2 -2147931.0000000005
3 -2114731.0000000005
4 -2088671.0000000005
127 -2087696.0000000005
151 -2079591.0000000005
228 310018.0400831425
272 311468.1851033008
298 315999.7964165587
425 321157.2380519574
470 321484.7633288269
566 321687.7950559976
590 323094.4931965497
606 324102.5028856428
612 331413.3929845997
955 334080.2625879385
1041 336268.9594866253
1088 337140.1387213124
1119 338411.1375028114
1231 338731.0855139595
1250 338838.2934091065
1296 341848.7271104653
1315 343849.3017120616
1476 344322.1765916409
1493 345668.2258782324
1619 345755.8216579740
1658 347099.8460261088
1672 349397.2176201018
1763 350846.1957157273
1843 350914.3958804918
1890 351340.0238115962
1978 352199.6364612703
1980 353053.6544345862
2087 354036.8527132338
2108 354437.4045003793
2117 354798.5315234138
2156 356498.9474050370
2231 358527.6911807570
2401 359468.2901561756
2579 359899.3080140155
2622 361163.0929873547
2738 363058.5990564824
2896 363393.5618462669
2967 364659.3179896403
3088 365277.4132787100
3139 365548.1138407670
3309 366291.1352849247
3385 366337.1040002888
3428 366929.1881393236
3518 367167.2042595870
3636 368793.9133236069
3767 369784.5214123935
3823 370639.5803551720
3856 371340.5122563698
3942 371440.5693905859
3966 371992.4731068067
3980 372159.5996239539
4050 372776.2723386643
4156 373511.7752758548
4276 373758.4274194430
4323 373876.9387496184
4339 374369.9324758563
4373 375120.7780582684
4461 375730.1612448000
4549 377002.1848263177
4928 377306.8058102489
5013 377643.2114109205
5115 378127.9495254294
5192 379071.3247352790
5286 379879.8719956003
5334 381050.0024405388
5631 381079.4436423124
5644 382216.2053801315
5817 383722.5099104952
5987 384434.1247663560
6002 384745.7005836382
6006 384817.1264908078
6033 385298.2597741080
6242 386594.4694406734
6658 386789.8717881919
6936 387086.5356870875
6951 388172.5015588194
7013 388309.4833681597
7082 388315.9751373569
7103 388787.2065125435
7241 388887.3837639566
7277 388945.7412732781
7284 389086.4542240020
7290 389279.6913523740
7293 389616.5578596458
7390 389815.2695577521
7431 389877.4118849432
7523 389967.3226110436
7609 390172.9990298976
7672 390683.9928584046
7769 391870.0080254324
7831 391949.0095140201
7923 391987.1344888852
7930 392635.0079120923
7959 393358.0632653637
8417 393433.9818188957
8455 393547.5732731566
8555 394239.1796351305
8572 394758.6270655195
8625 394820.3786489384
8645 395270.9447635077
8677 395830.0879092686
9166 396738.4760798475
9339 396939.1964836562
9420 397418.7172724080
9450 397833.2942783490
9721 398065.1223372170
9741 398077.0507681461
9766 398225.1600464034
9801 398411.8503425525
9839 398559.8526462648
9900 399262.9812644166
10000 398365.0175224303
evaluations raw_y
1 -2100730.0000000005
43 -2099749.0000000005
51 -2084785.0000000005
113 -2073665.0000000005
207 296227.1690211595
256 300010.7606059465
259 311027.7192286279
369 314340.5875255986
544 314966.1315967330
607 318674.4975838498
702 319832.4783356640
707 323377.4045420766
772 323720.8911997740
815 325540.5044555750
978 325601.8885434972
1005 328065.1780082802
1035 332219.3675706446
1228 332884.5939231723
1262 334057.1582465196
1276 334986.4840361537
1368 335098.3758994434
1384 335345.8062982498
1389 339122.1717970812
1401 339214.7159677430
1588 339608.6445433990
1593 340392.3257897366
1631 342915.0852221606
1720 343445.6020106653
1849 343729.6067960697
1870 345747.2258986015
1976 347070.6267244872
2011 348546.8698745615
2205 348574.9389856395
2212 349033.7952729127
2398 349416.0254768808
2440 351594.1785580743
2691 353565.7842269076
2875 355839.4215775527
2990 356689.2346886343
3077 357094.1409197457
3130 357622.5466817018
3210 358374.7342038073
3524 358416.2913151683
3569 358828.1977093212
3577 360030.7071931266
3639 361063.9631418792
3726 361239.0833843038
3771 361839.3878144740
3838 362100.4477617497
3876 362174.8806260209
3899 362373.8781293540
3970 362381.0037421107
3998 362447.2947899529
3999 362654.1368987249
4006 363275.1326358474
4015 363585.0236233046
4169 363800.6909934822
4173 364111.9835961746
4177 364967.2902282872
4324 365073.9411121454
4429 365470.8832976229
4584 365751.8814364632
4698 365846.9957067937
4716 367143.1391904618
4763 367224.5973975538
4909 367692.7500238544
4953 368297.1677633924
5046 368499.1410923214
5111 370778.8396081993
5423 371539.1098009511
5476 371825.6767281922
5541 372375.7842406363
5565 372481.2521308433
5733 373300.6085465253
5842 373611.5361310631
5957 373940.0728287706
5980 374042.6986725237
6024 374435.4089318072
6036 375241.6609071955
6239 375625.4585425308
6314 375820.0272706266
6318 375909.4708714646
6391 377150.7905707887
6404 377502.0210235277
6408 378210.8019341393
6638 378568.5993706688
6655 379073.6417887969
6742 379261.6249739839
6759 379693.0314236936
6883 379741.0933358316
6916 379925.1088681553
6952 379965.7808471089
6980 381029.9053771448
7075 381406.8982112916
7134 381665.2563353942
7251 382385.6672157095
7302 383512.2206027361
7737 383589.3845973974
7759 383792.7875142142
7814 384405.5840300477
7867 384473.4693726513
7937 384591.1985497338
7987 384765.3241316021
7998 384831.9853617053
8066 385960.6030785018
8117 386005.4243454927
8134 386407.2119531405
8225 386790.9671422687
8491 387189.6774688781
8500 387419.6580819769
8538 387917.5657447110
8634 388905.2272482851
8833 389581.6917756652
8954 389603.9052722281
9022 390249.7275188242
9108 390492.9187838474
9186 390714.1215429911
9215 391781.7913239714
9333 392188.8475920770
9505 392680.7930881018
9540 392793.8673393854
9692 392903.5210465274
9799 393207.9462908320
9876 393432.5181077771
9919 394471.0747684279
10000 390131.3851286693
evaluations raw_y
1 -2142926.0000000005
2 -2138917.0000000005
5 -2131849.0000000005
10 -2115674.0000000005
13 -2102759.0000000005
77 -2075552.0000000005
149 285615.5442399200
152 287506.2244127237
164 296035.7985838301
170 313099.4411749481
298 314670.5583491165
587 315386.4486204767
607 317471.3626207956
653 318930.3610583998
735 319755.7561037515
781 322257.5775972853
826 323893.1924760225
886 324092.5931877186
888 324107.0696096324
891 326013.8134428793
976 328652.9512558588
1087 329233.0928643139
1191 330146.5768507776
1202 331562.9556168818
1204 331652.8681746130
1232 332251.9649458751
1237 333963.2402136762
1309 336291.5167876980
1341 337340.5900051477
1514 341243.6611657616
1695 341531.9592425597
1742 341797.8706391588
1761 343064.0444725335
1895 343363.9499185494
1937 343941.4450286656
1954 344297.8625476549
1987 344737.9446127540
2001 346533.3687879732
2040 346731.1878249067
2058 346762.4791401343
2087 347207.8672105122
2102 347338.9807446411
2240 348866.9454416223
2301 349388.5990740985
2316 349470.7614309558
2358 349646.8163148052
2477 350164.5943494269
2523 350512.4467864371
2560 351143.9718341340
2619 352772.9234305058
2676 353430.1029451758
2698 355717.1388516487
2936 355801.1945012712
2941 356702.0122801433
2952 357231.8238976591
2980 358337.4235517038
3086 359115.4533263521
3343 359593.7791518429
3381 359920.8353140379
3444 360406.0958386144
3509 360530.7989863486
3564 361525.4347796597
3604 361602.6416242142
3608 362044.8690813876
3629 362548.4720920916
3750 362695.5454741364
3772 363171.6882292097
3787 363377.8134648278
3817 364284.1750159835
3840 365309.4292611621
3936 365326.1004997993
4054 365652.3615143048
4089 365907.6571058170
4102 366584.7311103556
4212 366958.4568269779
4268 366976.5909070643
4284 367057.0908106943
4337 367264.9995695855
4372 368397.9813103030
4542 370036.5231708584
4709 371762.2402332916
5113 373160.5285367152
5214 374320.9411893342
5431 374879.6388547886
5597 375235.0824715932
5651 375322.2692942090
5752 375927.0372877822
5859 376157.5798579131
5908 376394.0327822878
5978 377257.9566502509
6074 377369.5522244089
6142 377524.1633404561
6197 377792.1222107417
6214 378036.2006241081
6411 378182.7663459670
6431 378782.3208021863
6459 379911.9229031630
6598 380964.5432310097
6810 381471.1003725580
6874 381519.3795275628
6885 382108.0482969239
6946 382433.5188052538
7004 382514.5434787944
7107 382515.6824805564
7131 383734.8122558055
7488 383926.5875234032
7544 384053.0224517146
7681 384057.0753863321
7776 384155.8828143534
7947 384289.2487986225
7978 384630.1770474228
8032 385229.3365850639
8188 385529.8494701385
8201 386409.4331476394
8314 387578.2106485357
8414 387974.2094166390
8559 389213.3547836469
8870 389528.5938307145
8960 389846.6401009244
8989 389994.1212682077
9078 390720.9882082293
9089 391560.5180730498
9110 391569.8492933944
9303 392809.3290803508
9510 393199.5774422716
9651 393343.1903424980
9662 393354.0058160881
9707 394181.1658965851
9845 394439.8753972958
9913 394638.8939874773
9976 394859.8274705240
10000 -2075541.0000000005
evaluations raw_y
1 -2131915.0000000005
4 -2108737.0000000005
8 -2089647.0000000005
56 -2087631.0000000005
70 -2078577.0000000005
136 310302.9938876937
155 318401.5490614949
373 319124.4476103844
378 319924.8746534070
386 320036.5623381369
450 321218.6825127618
491 321429.9076789943
546 323018.6735697080
560 323689.3335469892
581 325993.6667726493
619 327760.6310281788
738 327869.5180399620
757 329211.0483380782
852 329382.9287908474
859 329737.1020395574
869 330949.8738232504
901 331744.2980641330
973 332065.3811572111
987 335017.5425690877
1083 335713.5373325534
1156 336795.7733059699
1216 339052.7483367962
1340 339671.3028202378
1497 339978.2210537092
1507 340920.8517763370
1620 341672.6714242467
1654 342428.4851590071
1688 343669.5601069980
1868 343682.7884585574
1871 344577.4653824376
1957 345189.8620362974
1969 345303.1683958176
1993 347970.9289145966
2379 348031.9146665009
2397 348143.0678112499
2404 348500.1200703808
2539 348610.7210461491
2594 349310.1320218079
2664 351227.3259686513
2838 351632.1129049733
2962 351831.7619626601
2966 352267.8787909209
3024 352987.5650063831
3205 355523.3928093264
3431 355597.2473089647
3522 355656.8076927810
3546 356673.8554594590
3660 357083.8741424031
3689 358064.7083420505
3761 358616.4307392982
4022 358751.6780046599
4051 359010.2204397668
4198 359055.7453564139
4201 359238.4835943589
4208 359265.7714431187
4251 359808.2460223867
4276 359850.6527595683
4290 359948.2218083227
4304 360222.4667752715
4360 360861.7920506803
4464 361355.2338510354
4542 361553.2606349069
4619 362768.7453184424
4798 363251.6311804121
4853 364198.5118834213
5101 364906.4055756967
5108 365164.8692833732
5181 365448.5876267955
5234 365673.7279434198
5260 365692.8122411678
5311 366044.7343226559
5329 366136.6639715044
5399 366584.4976169646
5403 366997.8109602323
5463 367976.0167327874
5541 368563.9693520428
5596 368823.0833488639
5697 369622.5946950822
5915 370322.9227203722
6012 370376.8570886585
6022 370580.6309931957
6078 371003.1404931447
6125 371656.4157905810
6210 371696.5226640988
6264 372880.7002931312
6374 373077.1880060461
6413 373611.2609885689
6564 373922.7077517043
6663 374256.1899180278
6690 374314.2378206966
6721 375361.0056263297
6800 375700.7936739956
6977 376465.6059466038
6994 376998.4571643787
7113 377360.8936446531
7203 377510.2471692727
7284 378281.8073530778
7330 378614.7695051534
7385 379087.3127455544
7409 379896.2468000972
7542 380189.7281645208
7608 380366.7012548808
7712 380840.9348038508
7807 381398.5139376356
7911 382958.9030151103
8039 382992.7411502150
8059 384119.7730579668
8549 385023.6755238115
8569 385326.9784081192
8653 385823.3648350617
8655 386219.6616136396
8801 386236.9932659011
8969 386814.1292629240
9026 387233.6519563223
9075 387926.6050634920
9223 388048.2902375568
9239 388100.1001439806
9273 388421.2150507225
9362 388576.4373225347
9449 388785.1736545382
9605 388818.9784310567
9653 389292.2481740920
9656 389747.2271885923
9899 390128.4054449194
9983 390924.8834178597
10000 386066.0514183614
evaluations raw_y
1 -2133920.0000000005
3 -2124839.0000000005
6 -2090744.0000000005
90 -2075694.0000000005
107 300927.6260549866
189 305661.2526441936
257 306627.0683244097
261 312654.2565947808
435 314079.6509843932
654 318067.5432333433
768 318813.0716656037
844 319353.4381197946
874 319845.1044530873
898 321247.0960511343
909 321761.7865506709
911 322791.5661221639
951 323095.2509624483
1015 326043.2417897398
1103 328323.1114764762
1270 330764.6168076203
1376 330994.3575725828
1411 333169.8009524622
1557 334917.9083169041
1584 335244.6611484577
1623 335258.4715717577
1641 335310.3135235244
1719 335409.7563345388
1729 336524.6256322529
1739 338202.1915673884
1835 339690.6752895287
1903 339728.4882379747
1928 339908.3625960671
1981 340455.6515548293
2043 340980.7262520699
2098 341666.6993842681
2116 341806.1144746782
2179 342706.6574273364
2301 344650.0993981414
2483 345436.1073469220
2603 346935.0492476205
2699 348334.3222408111
2840 348821.1429499489
2844 348858.9472553778
2886 348985.2046051923
2928 349241.7270960619
3081 350523.5708515011
3133 350728.1269202199
3252 351285.1648362900
3271 351487.3954560047
3306 352215.3219657649
3399 352558.2657639753
3429 352822.3329892828
3462 353034.5905708667
3617 353844.3384695560
3650 353971.8698093970
3690 354487.8731555237
3760 355817.1173169111
3842 356118.6431911779
3897 356749.5989266228
3958 357386.1872583112
4040 358166.3399332592
4057 359642.5320594799
4317 359697.5965975540
4320 359772.8450286479
4387 360048.7153094056
4418 360474.4320282055
4425 362111.5034577613
4570 363425.4065802094
4617 363728.7066798732
4766 364222.6313369097
4865 365577.5807883324
4930 366961.8744311799
5103 367349.3663217907
5215 367522.7458607351
5253 367625.0066575519
5303 368285.7135527406
5407 368709.9728395987
5430 368736.0845701030
5444 368781.3989662604
5453 369987.3070608455
5458 370311.3832231406
5688 370337.7814028126
5704 370597.8127963378
5810 371128.9839323952
5852 371962.4725613259
6069 372024.9937651546
6086 373258.5333881719
6134 373784.4377399560
6354 374407.6943265180
6527 375194.3011419252
6566 375517.6000263810
6619 377307.7859744952
6825 377444.4055995413
7048 377538.8315009046
7115 377598.1991740498
7145 377787.7281796174
7177 377838.1158829691
7191 378106.7712951390
7285 378198.4382757994
7298 379030.5978809279
7416 379307.4604726060
7622 379595.3831719176
7716 379708.5483582529
7802 380622.4079199409
8076 382153.4821999137
8100 382705.5352831857
8176 383176.0896556588
8307 383240.4015625592
8437 383681.5356037043
8686 383811.9873638363
8805 383827.2185718514
8876 384988.0229696352
8966 385012.0243996598
8985 385071.0196830011
9075 385164.8086511575
9135 385474.2503485247
9289 386012.1729096530
9381 386624.3291127136
9628 387082.3480170294
9639 387100.2042245322
9641 387214.4337843442
9747 387563.1733062313
9799 387915.5389099662
9831 388036.2482845909
9864 388877.3788956303
10000 384613.8719169041
evaluations raw_y
1 -2135911.0000000005
2 -2111784.0000000005
6 -2093672.0000000005
104 -2084556.0000000005
178 -2081533.0000000005
205 -2077555.0000000005
212 -2074475.0000000005
260 -2074472.0000000005
267 -2073463.0000000005
281 305815.7145075471
306 308302.8799944765
310 309382.6976003896
320 314943.8278961339
392 315283.0148881361
412 317459.1303747562
423 320174.8828923482
613 321254.1959100391
706 323900.9825835187
846 324988.1245448758
911 327735.4801723427
1042 328302.6473837569
1058 328823.1422994595
1079 329577.3739233942
1084 331384.1857330243
1174 333370.2030277848
1214 334424.8789765153
1304 335507.9562416217
1476 336317.6066614674
1527 337052.0219859970
1592 337650.5886867592
1735 340533.2850852992
1786 341591.4473272978
1852 344457.9716247387
2190 344841.5289185464
2194 345806.7193721451
2256 347531.1565930009
2383 348396.9222175055
2449 349067.8389450982
2551 350658.3970868518
2652 350746.6448873645
2671 350782.7623978113
2710 351876.5392196297
2870 351950.9023272388
2926 352186.1679636958
2930 352401.1720461400
2949 353767.9473239252
2997 354100.6202777225
3018 354294.2094835844
3056 354521.2660253334
3121 354604.9205809073
3127 354965.2676785479
3242 356007.9025646989
3311 356008.1218584955
3369 356511.5341408380
3388 356839.7658591446
3457 357039.6145911723
3490 357768.9026674895
3581 359033.4284725114
3694 359096.7098890171
3744 359307.7276599694
3827 359575.3454240240
3979 360436.4768769551
4053 360520.8791696875
4072 361353.7239863595
4228 361485.6152988085
4229 361938.7241216476
4261 362027.8788444571
4339 362476.0825576981
4359 363033.6621957402
4412 363586.9795342672
4490 363597.6371661967
4504 364638.1666259571
4664 365004.0034430256
4787 365419.7215959023
4875 365861.9333740809
4983 366197.6987364285
5001 367036.0991823686
5052 367129.3010180318
5106 367325.1122260327
5172 367471.4789159579
5202 367578.1933988751
5221 367784.4438657742
5239 368021.5407522328
5290 369519.8982718599
5570 369571.0931615372
5614 369708.9886279621
5654 370675.5354548062
5912 371352.8603547715
5954 371606.8293972659
5975 371670.6898831265
6045 372040.6326467514
6087 373225.2981116602
6278 374036.0445839932
6396 374568.9669726507
6472 374919.8952438808
6569 375260.8048176454
6601 375535.3502319525
6706 375685.3433552209
6724 376039.4511407451
6766 376307.0863250724
6976 376888.4236316428
6982 377001.8036407370
7013 377502.1526895101
7155 378184.8245761973
7348 378242.4406414566
7422 379670.8398183232
7461 379738.0898415773
7511 379871.2111294626
7530 380065.3385580294
7564 380332.8066699735
7732 380357.9590198876
7780 380743.0799478835
7816 381460.7829624784
7867 382191.1870853370
7876 382247.2027706365
7927 382456.5574873307
7963 382681.7067957355
8063 383842.9403641326
8153 384099.6401979224
8245 384838.5610016983
8483 385112.0099913520
8516 385345.6449778475
8561 385546.6490142308
8576 385597.9734106178
8703 386215.8152666345
9006 386470.7567109095
9121 386826.5658094312
9143 387016.2724411861
9237 387828.2226603096
9265 388418.5756936883
9511 388576.4751950576
9642 388592.9810535526
9687 388951.7917401528
9769 388988.7201125633
9940 389213.1837615679
9993 389677.8544633776
10000 -2074573.0000000005
evaluations raw_y
1 -2163006.0000000005
2 -2092632.0000000005
102 -2078545.0000000005
145 307798.8899762615
152 309647.8411308933
210 314300.4453505031
310 320634.4151444398
406 322875.7211721459
523 326866.4092587088
631 329025.5036067079
773 329498.7331804161
855 329596.5743910785
899 329799.0266512814
929 334135.7032944752
985 334809.4119294310
1057 335663.6622485991
1070 338476.6223633615
1208 339981.2588370554
1253 341130.3201757980
1390 341317.4701812300
1451 341790.0573040516
1538 343658.5295846929
1556 344511.0148861035
1696 346370.3491195145
1728 346540.9206587845
1774 346845.8309689307
1821 348184.8876225819
2031 350345.3595214647
2245 351148.9164844180
2341 352948.1051154033
2451 354290.8075844121
2473 354766.8193983229
2503 355556.7695823362
2611 358641.4978386436
2755 359838.9706549370
2842 359913.4889634148
2955 360674.6612945796
3003 361055.8569874911
3028 361485.0906336620
3058 361859.6485254433
3065 361932.8172207113
3079 362007.2374301607
3118 363690.2485600156
3213 363878.2114409882
3382 364257.5683338233
3420 364321.7417537927
3453 365091.6932576703
3622 366523.5205407600
3772 366738.8097757411
3876 367674.5259553485
3942 368047.3187212947
3959 368894.3979897229
4071 369083.9152499019
4182 369769.8766871999
4285 370356.7872864497
4341 371380.7329881943
4397 371486.5182540790
4504 371503.3683624961
4525 371540.8586894320
4561 371748.4329154219
4564 372503.8863368174
4667 373255.9627448437
4672 373519.1028393154
4796 373559.6883872816
4813 373653.6837363006
4822 373775.3094213671
4855 374512.0529241216
4955 374860.0201260714
5150 374966.4420018307
5171 375052.7876886124
5184 375667.1961869778
5248 377000.2935940189
5772 377017.4470036348
5899 378518.5757428305
6200 379295.7896429580
6239 379319.3865616892
6301 379653.8246422298
6373 380033.3955711563
6422 380689.5675246434
6451 380929.6108849219
6526 380958.3130030444
6653 381439.5334242360
6659 381647.0309681155
6807 381724.1178986893
6811 383603.2783462235
7149 384370.6335511847
7258 384509.9221992702
7352 384862.1332346606
7466 384898.7997865612
7469 385585.3657404245
7561 385611.9727226775
7606 385904.3760374582
7653 385968.9583629406
7706 386077.7909195128
7755 386650.6229489681
7808 388376.9389097893
8095 388503.5096278240
8309 388976.5886058107
8405 389032.2630553741
8416 389292.4537048008
8419 390500.4739194008
8520 390864.1399838401
8881 391070.3991391849
8893 391337.7922600823
8913 391502.8460441603
8935 391695.8343227624
8938 391803.1479429286
9109 392031.6535229314
9125 393017.2600032304
9293 393154.6149703143
9389 394244.0212615264
9466 394469.8442480193
9592 394648.8517483762
9912 394678.2916895370
9942 395238.4347267457
10000 394265.5993666388
evaluations raw_y
1 -2086621.0000000005
53 -2082591.0000000005
109 -2073535.0000000005
153 302726.5693520430
170 303906.8856583264
226 305071.5417684795
264 305668.7727818002
320 306235.6017514448
332 307403.5506142267
346 309745.4692924878
363 310476.2150922875
390 312664.6427157682
514 317554.4152822231
625 318781.0888606358
745 319486.3221565403
780 324980.8361397735
833 325171.2889362895
856 326058.7973368211
862 326812.8598169827
939 328102.7877499803
1118 328541.5540667409
1156 329533.1455202120
1216 329658.9335591141
1224 330869.0903958391
1242 333946.3455187884
1370 337224.3737804243
1452 339052.2120106802
1612 340525.4598426619
1616 341521.9855080282
1900 341538.0426603919
1908 342446.4607182588
1940 343591.8367894901
2092 344901.6710367476
2102 345508.4320749155
2159 345850.0782795992
2280 346015.4462054973
2363 348918.4804882353
2440 349253.5092223589
2469 350265.7051560113
2527 351053.0310289030
2694 352029.3751322340
2819 352944.3190015237
2828 352972.2188331372
2918 353664.0920295528
2952 353708.9062439615
3003 355994.9745910927
3018 356576.6095947867
3095 356845.9193722320
3131 357119.8526453039
3167 359365.1309306729
3359 359435.9488361170
3455 359759.4461329544
3509 360630.2177306567
3575 360861.9181196115
3595 360874.9730595762
3628 361044.4024645789
3635 361231.5944816209
3673 361953.8887347452
3687 362226.9334681063
3765 362271.9808124038
3766 363038.6994027610
3919 364627.6581085557
4041 365118.3827964507
4055 365392.0318545442
4074 365909.0061996018
4132 366023.8746520510
4154 366501.2798403025
4355 366616.4032249634
4364 367196.0202310093
4397 368902.5857998054
4475 370079.1817983518
4536 371657.7624087908
4633 372194.1649953928
4994 373114.6629891951
5078 373326.1533197227
5147 373458.1311382787
5316 375314.2768273828
5447 375516.4478996036
5462 375952.8077207392
5680 376033.3628944377
5721 376118.2418170123
5758 376352.0386240474
5802 376386.6884475418
5815 379503.5920674150
6420 380259.8646233129
6460 380490.7689559558
6669 380843.8679440957
6775 380844.4843680632
6789 381182.3136147732
6833 381232.2797602685
6855 381528.5048392614
6961 381547.8529020638
6979 381672.3279004494
6984 381938.6027378934
6986 382833.3416909269
7107 383042.2745540006
7109 383735.8521176080
7205 383815.6197282678
7208 384857.7184420283
7364 385728.0728206233
7431 386423.3195273081
7653 386718.5190813402
7791 386787.5302656612
7814 387274.5934860790
7917 387393.8558755864
8016 388135.1712763921
8051 388437.3599272193
8075 388794.1394403064
8140 388925.5153867711
8175 389847.0518080523
8320 390216.7795429996
8351 390841.7315514932
8581 391812.3221133887
8651 391859.5025665134
8729 392109.8401056851
8867 392118.5759195092
8903 392766.6274603832
9044 393092.7153291262
9213 393660.8873814938
9215 394012.9793014695
9313 394069.0842809072
9390 394510.5750375072
9456 394854.6431191129
9511 395080.1349814322
9864 395739.2126871087
9910 395977.5650421609
9984 396282.2345801753
10000 -2074566.0000000005
evaluations raw_y
1 -2115827.0000000005
7 -2106751.0000000005
10 -2088634.0000000005
137 -2077629.0000000005
151 305272.9803557518
224 307399.0497260771
236 308446.5456323653
248 309024.1603450959
254 309837.0581583838
334 312024.5005307588
400 316384.0904634510
456 316725.1722596378
487 319990.3398967690
551 321275.5600536981
613 321966.1200220421
676 323300.1978829261
695 325697.3720079624
711 330203.6893786003
901 330857.2032149167
945 331300.1116221824
982 332658.4794783265
1179 335449.1388853647
1201 337508.1190051518
1315 338006.2224823825
1425 340512.0126402306
1437 341332.1355111757
1475 344178.4733439568
1723 345333.1022382872
1819 346820.6346037787
1862 348052.7367302246
1864 348191.1491146069
1910 349300.3980479697
1971 349495.0575852392
1980 350065.2412417504
2000 351225.4577083091
2126 354966.5540384077
2214 355732.1120767534
2320 357401.8400511584
2498 358325.9770613071
2592 359985.9020655081
2751 360536.4243005239
2799 360769.5678356856
2814 360873.7860841051
2879 361122.6490792995
2896 361263.8950378299
2909 361326.4431221181
2926 362947.1699633303
3001 363206.3288541604
3059 363765.1740852123
3118 364149.2545777522
3249 364158.1340415920
3276 364479.9770786591
3336 365564.3685824846
3503 366029.2510627729
3514 366640.6200650414
3521 366991.1873198955
3533 367201.9952930705
3691 367745.4930208431
3758 368032.6305953895
3818 369160.7407663895
3890 369314.6457320686
3919 369579.2661611477
4020 369680.1795244273
4046 370291.2027480170
4151 371237.9230184081
4218 371250.7632313274
4354 371817.9623514851
4399 371960.5134366933
4417 373017.8431406512
4425 373639.1485190132
4490 374539.6200623589
4510 374610.6687718108
4694 374744.9687495797
4703 377003.3038740835
4885 377054.3643644963
4891 377737.7340516006
4987 377772.8888307343
5017 378398.5288278569
5064 379297.7552696252
5105 379624.4869206940
5180 380511.1515103754
5310 380535.1355953615
5407 381428.2924572179
5636 382027.9006028433
5756 382035.2752902040
5822 382147.4501610811
5829 382849.9265382214
5896 383181.6698961108
5999 383237.6490215827
6004 383595.9773897406
6064 384767.3741878474
6360 385604.0419346824
6417 386301.2699281042
6421 386308.1227728917
6512 386629.1218546785
6514 387014.8647488734
6543 387094.7223486054
6668 387294.6998323335
6786 389140.0782937066
6920 389298.7296706180
7033 389875.7133642231
7104 391658.8067938761
7355 393232.9161161443
7646 393346.0199360787
7760 393424.3824014210
7816 393847.4729408998
7861 394024.3351807983
7987 394061.2084118963
8048 394083.2496639274
8120 395402.8053165749
8260 395416.2810634309
8313 396238.3289237352
8423 396372.1784041011
8458 396749.5286935620
8574 397143.3167414173
8699 397570.3311806833
8700 397587.0964318294
8924 397822.6862335056
8932 398287.3267483342
8968 398922.8244946377
9265 398961.0726464494
9316 399755.7483538744
9319 400849.9764024288
9598 401221.5349616596
9607 401619.7602126686
9867 401821.8623311676
10000 -2075521.0000000005
evaluations raw_y
1 -2125839.0000000005
4 -2112741.0000000005
19 -2083649.0000000005
106 -2079606.0000000005
139 298930.5403794713
173 299469.1699716991
208 305835.3332984794
263 305836.7525323206
268 308643.0756005420
322 314724.8198114765
438 315047.1500293479
497 316822.9183835775
626 317388.4998105144
676 317539.8359725846
678 319236.1086946818
706 320908.7366493333
784 322410.0364718016
931 326120.1461088536
1170 327181.8785511073
1212 328943.9148896130
1317 329494.2468577733
1327 331530.7700412128
1418 331562.6777596162
1666 332979.1542186080
1738 335737.1705461134
1853 336192.8654939755
1908 336374.4861803257
1922 336729.6428919104
1949 337746.7871318748
1972 340864.2363730087
2221 341813.0265117637
2303 342348.9925897499
2317 343605.3665591780
2454 343654.6976845016
2495 345139.5915701763
2558 345509.7270595885
2590 346391.5046480937
2596 347033.4419018638
2874 348864.0933328986
2903 351046.9522249029
3071 351450.3308475335
3155 352352.3337442560
3347 354024.9870365253
3573 354436.4214088404
3653 354670.2568808735
3666 355483.7324453355
3677 355580.8197630210
3718 356081.9475695178
3762 356402.7086008662
3764 356842.3892817352
3774 356846.8646827554
3831 356853.5782180855
3864 357320.8568301236
3871 359242.6609050439
3996 360625.8735658608
4034 361352.6595554274
4115 361360.2071203582
4247 362024.6288405229
4320 362082.5638245340
4342 362820.4328980461
4412 363154.7427391316
4427 363420.6401636956
4454 364217.4144505748
4632 364473.1415479835
4652 364481.6257045661
4675 364926.9014050361
4701 365940.2221383427
4787 365967.5310253340
5008 366276.0035243488
5188 366604.7131255181
5234 366976.9476919927
5243 367132.6783730576
5354 367470.2290166121
5396 367574.1546830132
5398 368012.4086960680
5537 368668.7568298712
5767 368722.1485052336
5817 369107.4963389637
5914 369286.0917447422
5985 370139.6001984277
6202 370657.7128146284
6251 371733.9466958013
6333 372319.2788101688
6454 372460.7148881300
6558 372695.8909171259
6670 373017.6958601563
6749 374565.3596214386
6822 374598.6969452435
6944 375177.8495801573
6981 375278.2445463879
7064 376006.2119259391
7080 376115.7469812307
7193 377070.1033208278
7273 377708.6284325001
7443 378347.8616663731
7465 378380.7001749098
7708 380743.3347872087
8027 380838.8690028230
8057 381010.1552097057
8078 381015.0087955137
8086 381256.0400561659
8104 381673.2245743973
8106 381775.6731369933
8190 381861.8058414094
8191 382280.0262864275
8358 383120.3821667454
8412 383141.6579921981
8574 383440.2656383233
8577 384427.7328108365
8659 384799.5325067076
8734 384913.8443515191
8768 384983.7538303625
8958 385087.1611262560
9009 385098.8439936402
9029 386130.2043943746
9231 386480.6548788799
9381 386865.8934755170
9430 387479.1977104464
9544 387489.5641672079
9573 388705.0160213768
9771 388830.4525973773
9838 389168.6763934819
9844 389394.6165252283
9873 389480.6514529982
10000 -2073549.0000000005
evaluations raw_y
1 -2109786.0000000005
2 -2104739.0000000005
18 -2094567.0000000005
82 -2091574.0000000005
99 -2090529.0000000005
144 -2086520.0000000005
160 301657.5708693042
225 302704.2491155238
265 303343.0487594331
275 305674.6783477715
290 311288.8065433790
343 312047.5500157423
487 312734.1491875250
512 318346.6750686078
653 321217.4695191222
816 322172.8254306010
933 322754.2280331469
947 322856.8473303309
1005 323613.5092883611
1007 325831.5940287510
1166 329051.6023355029
1227 329275.6318672599
1247 329286.3790378927
1334 329495.8277984220
1375 329878.2541702167
1380 330600.1703087558
1407 330899.3068118468
1410 331034.7901672784
1459 331875.2497744799
1495 334002.0413251503
1531 334178.6800272221
1568 336280.1625196265
1721 337489.9302910409
1798 339619.3981010570
1815 342716.1095341264
1923 343157.3004184372
2043 343576.5097701291
2114 343748.0610505058
2186 345342.1124967520
2188 347057.6563046602
2329 347757.9580158283
2425 348229.6731607662
2427 349490.7369223599
2459 349508.8175237126
2572 349549.0961818345
2615 350427.6117985228
2627 351130.1607182168
2723 354448.4882753622
3081 355917.3144997290
3124 356519.8842745177
3194 356709.3589224253
3209 357400.9641729365
3254 358983.0088975667
3403 359383.5634142814
3409 359492.4351602765
3462 359522.7437886540
3488 359980.0990941048
3504 361589.0624978814
3586 361732.2109220785
3615 362464.1425140037
3620 363012.0072878666
3663 363535.2720435454
3942 364062.6713464258
3943 364084.9469414819
3953 364753.2111387321
4034 364761.1040389921
4054 364941.5250046189
4082 365289.7382611972
4140 365302.7767269302
4175 365970.0088058058
4184 366023.6090495934
4203 366182.6275732882
4209 366288.8330016147
4221 366321.1594092709
4308 366982.1838505215
4375 367498.7031275242
4456 367958.0123550097
4530 368377.0494205254
4610 368640.8643870400
4698 369014.4835917433
4786 369473.5001091378
4810 369760.9589350407
4921 370189.8612738741
4989 371213.3810958528
5163 372060.4007845253
5269 372105.7336278454
5295 372621.0283734833
5401 373587.9569631816
5595 374705.2742161959
5799 374952.2351542984
5863 375273.7135562332
5963 375444.1260283504
5971 375515.3953155279
6014 376679.6559285396
6178 377005.0136499595
6181 377044.1272993265
6297 377593.0017259073
6370 378313.2205278670
6376 379091.8246104360
6589 379555.5956760431
6609 379816.1514891874
6760 379870.6162680184
6780 380725.8882349971
6884 381534.5383770927
7103 381926.9780867252
7107 382261.0773923683
7194 382626.7175042868
7225 382678.4193017821
7280 383584.0174365467
7567 383739.3181372356
7606 383896.1905584835
7610 384766.6808438287
7696 384895.9933360543
7719 384913.5737714013
7776 385137.5693530530
7821 385137.9216445460
7826 386051.6617955033
7852 386283.9400655623
7874 386517.7003557511
7987 386996.3212886319
8097 387039.7876710704
8195 387483.2268885834
8238 387745.1835032635
8255 388061.8245372270
8374 388578.8259844389
8458 389959.9177760539
8686 390517.9448523769
8696 391304.6630300486
9103 391951.7668260696
9149 392168.9500315059
9180 392244.4604537833
9197 393151.3510454205
9266 394044.3741077671
9495 394276.8522866596
9619 394431.9590123020
9716 394594.8672963910
9736 394878.3722759390
9799 394883.8379872817
9805 395379.0843919922
9820 395540.9332975056
9853 396114.6116715128
9916 396653.1783069572
9990 396796.0075883904
10000 392774.3482239891
evaluations raw_y
1 -2119912.0000000005
8 -2114852.0000000005
9 -2099746.0000000005
18 -2090756.0000000005
60 -2090672.0000000005
102 -2084688.0000000005
129 -2083641.0000000005
167 -2080648.0000000005
188 300280.0785234718
207 300760.1227237256
224 307708.8567937961
299 315828.7532444171
390 316376.8331307202
447 316770.6473692734
484 316814.6950127831
505 317421.1841766544
576 317788.2261298081
597 321704.1364206341
655 321912.1789521597
699 322872.4215763410
759 323587.5214042208
761 325690.2757512965
830 326559.8902393689
848 326655.8421174508
862 326711.1674691644
873 326951.9967235318
895 327584.2121930404
903 328496.0618731763
912 328662.6983148289
953 328708.6730831926
959 333245.8105469302
1024 333826.5581657434
1035 335306.1479693528
1103 340047.9768202168
1174 340355.7528355193
1242 343323.2848590491
1249 343688.2922635367
1287 345590.9862433762
1553 345748.3593679538
1610 347692.0621960002
1680 348848.2458205571
1793 348976.1787359528
1901 349111.3847214003
1932 351008.6262523604
2075 352885.0028477035
2132 353402.4250376637
2155 353888.0126318543
2215 354863.4729786420
2224 355138.9917775803
2270 355934.3202765559
2278 356449.9642126035
2334 357047.9809519281
2428 357705.3978843570
2476 359587.6501253616
2567 360486.9271478619
2637 362422.8288302417
2792 362574.5840741664
2802 365231.9758307973
2960 365978.7629988939
3067 366277.4169155125
3117 366611.8326792562
3126 367005.9754477208
3152 367373.6072702619
3154 367636.0236749860
3257 368669.8402652480
3368 369179.0692805666
3472 369485.0595554984
3496 370982.0030873601
3501 371221.3721597352
3610 371748.2853748229
3748 372766.9506837119
3794 373047.4350614343
3885 373569.8908583507
4103 374198.9321603377
4206 375126.0592198190
4247 375127.9390314959
4271 375761.0293833480
4406 377215.5678666068
4530 377331.3352435178
4538 377836.9425656865
4553 378699.7606722310
4644 379442.0836205973
4715 380693.4979902406
4826 380846.2327236611
4861 381101.1724774959
5117 381947.5054828615
5195 383051.1978694775
5327 383447.7736142120
5367 384531.7604465219
5489 384968.4201718611
5552 386176.9485749133
5647 386303.5147629296
5664 387917.5528764831
5710 388237.8897174281
5920 388349.8525549861
5976 388664.7852603954
6005 388761.3720908014
6036 389047.8982462516
6073 389261.4489387198
6168 389898.9039478446
6190 390380.4088712974
6302 391568.8362581435
6433 392257.3405707851
6756 392401.0539870824
6879 392914.6229039057
7014 393162.0165966551
7158 393622.9946016906
7264 393958.2630154731
7484 394104.6189233611
7499 394636.0658006193
7654 395086.3945675474
7707 395293.6106746995
7782 395427.4393977351
7806 395592.2332034502
7842 395655.3190194932
7856 395840.5980266985
8051 395912.0939644111
8158 397127.8919601174
8277 397338.3148976467
8362 397601.9601980201
8382 398047.4929039175
8446 398358.3609073707
8483 398469.9073006231
8518 399520.8939007465
8715 399535.7235077862
8759 400129.2675550774
8963 400346.8502671503
8991 400425.6205300074
9049 401600.0044394247
9087 401686.5129326510
9305 401823.5908723751
9312 403610.9532700750
9577 403916.3754755311
9593 403986.6464436495
9656 404689.7079319410
9801 405322.7356679121
10000 401140.5422308196
evaluations raw_y
1 -2147884.0000000005
2 -2141906.0000000005
4 -2128813.0000000005
6 -2108802.0000000005
11 -2086707.0000000005
127 -2078677.0000000005
146 302148.0465075171
173 309366.4740152605
264 309968.9752687022
301 311640.0391257658
357 312707.8650539808
400 313713.0036316635
418 315940.0330786804
599 316507.9110464706
653 316961.6292077378
680 318007.0375037066
760 319689.2759942537
777 321995.6422461877
782 326534.4990307702
969 326764.4123354405
1036 326909.2386012081
1081 327285.2757904331
1094 327713.2631347402
1096 328120.0139464390
1104 330877.6878701632
1147 334436.1078330298
1320 335352.8367096806
1561 336288.4935737139
1605 337655.1556325300
1645 337657.9465169851
1654 337931.7562754896
1697 339654.9597020738
1723 340001.7810604676
1798 342774.2457939220
1887 343054.6122921032
1899 344693.0300384791
2043 344862.5423678063
2047 346509.1439493679
2239 348007.3176522888
2300 348385.8655155102
2304 348666.8866428485
2360 349600.1275801052
2383 349674.5874157047
2396 350597.4737346747
2409 350606.4042411327
2426 350900.5169542002
2613 351835.6056012924
2706 351893.3263812304
2711 352624.3346219260
2756 352947.1595131407
2759 354692.3376835759
2863 354695.7067727532
2958 355361.2694174589
3028 355519.9986334996
3048 355734.5516749184
3084 355877.9464236264
3087 356056.9422270081
3135 356328.1463148223
3161 356651.3689348676
3180 357426.7036033188
3220 357780.5728776581
3234 358997.3245410654
3527 359082.2542850451
3561 360688.5003125636
3668 360868.9775790108
3731 361888.1246392248
3858 362687.9565528872
3979 363770.7003941060
4050 365246.9492141318
4079 365310.5788859574
4224 365495.1906459863
4648 365799.7470361178
4662 366067.3395637841
4667 366368.7622302836
4775 366448.5986924267
4847 366792.4119626070
4867 367791.7363801959
4894 368379.2267977807
4974 368931.2210209736
5079 369014.4226766494
5216 369503.6162045572
5252 369814.5846891208
5310 370255.3648830436
5329 370274.2392711489
5390 370339.5817027569
5404 370513.7158818968
5413 371151.5061705522
5523 371973.7677796321
5536 372631.4388302483
5611 373133.1745752137
5666 373184.9454348988
5741 373319.5403782203
5747 373475.4622279588
5842 373502.4922668222
5850 373912.8550298666
5908 374090.8811345727
5913 374224.8862061477
5930 374598.3942149711
5959 375143.9484329724
6029 375171.6772188586
6057 375302.1926424643
6119 375533.1413595151
6140 376257.4054116693
6142 376378.3760834195
6166 376463.8835202482
6181 376511.1843796548
6260 376828.3697169203
6398 376958.5037568170
6405 377026.5063341218
6421 377077.7313810065
6424 377328.2654098292
6437 377636.9720891394
6486 378140.5561729011
6504 378185.5577851729
6517 378289.3358774482
6613 378306.3400674156
6623 379166.0245506198
6738 379278.6951999411
6834 379546.9542151364
6871 379633.9939111226
6885 380145.3136539460
6914 380810.1822411435
7079 381212.7279094914
7332 381280.4163462201
7339 381593.3177067128
7371 382044.8108826287
7409 382194.1105478465
7463 382355.2855252912
7565 382762.1253821111
7594 383051.9195150979
7767 383275.7146674054
7776 384143.6227387149
7941 384314.3140865582
8187 384943.5837920465
8308 384950.5345928609
8317 385081.6484415227
8388 385394.0236206559
8491 386264.2952624318
8677 386463.0046283452
8724 387602.7440729362
9054 387695.7043506547
9359 388133.5590754694
9429 388517.5667442700
9545 388997.8781495020
9606 389290.3367188383
9781 390100.7743916503
9815 390680.3825172500
10000 389011.6693741589
evaluations raw_y
1 -2134891.0000000005
2 -2109753.0000000005
16 -2107779.0000000005
28 -2091627.0000000005
119 -2086601.0000000005
143 -2081612.0000000005
178 -2080644.0000000005
201 304235.2554876531
262 315388.5021580008
365 318067.9744315955
492 318134.6017934281
541 319818.1627743982
570 319926.9048729318
600 320988.7514407067
688 326340.9838307744
780 327806.2670183611
834 327964.8794537802
841 329804.2665895522
857 331635.6394294434
949 331971.3962629944
994 334511.8959656637
1008 337288.4744069899
1059 342419.2495176462
1359 343120.4256996019
1405 345620.4549654823
1509 346034.9244291151
1587 346064.2854021573
1639 346768.3935336031
1691 347545.7944527184
1698 347879.6152698388
1785 348445.0158184101
1811 349251.2484115539
1816 350064.3883632311
1868 350747.5521378015
1965 352557.7112481800
2126 353824.6004032647
2292 353855.2450370484
2298 354076.5977232050
2339 354319.4387795073
2367 355980.5870625635
2455 356137.4085286644
2464 356422.4336153353
2501 356747.8284768031
2660 357485.3318854602
2707 358323.1461724386
2745 359165.7248575347
2757 360056.8240279571
2766 360783.4145342322
2806 361370.4317069424
3059 363795.3850672306
3284 363844.6484777345
3287 364259.2451487585
3295 365055.4532445694
3319 365878.7212432161
3360 366110.4421375923
3515 366404.7844996771
3580 366453.7284288858
3654 367971.6852738266
3767 368110.2104308577
3817 368233.4179087026
3827 368352.0717995602
3871 368828.9488847816
3949 369976.8072519972
4035 370366.0265137267
4167 370412.4436309777
4208 370893.0835783734
4236 372174.4177302663
4529 372462.6175440467
4593 373575.6054289527
4759 373687.5067542979
4862 373909.7356787980
4925 375321.7714880251
5043 375540.3671937436
5146 375793.5201486034
5169 377016.8271719911
5534 377146.9158130508
5589 377490.2003619980
5767 377712.4054627593
5842 378376.1917706671
5936 379736.9707621883
6159 380125.8774624044
6181 380133.7972259758
6208 380666.9469805424
6455 380692.2012580973
6479 380752.0845113809
6525 380759.7545098688
6529 381742.3310812136
6651 382488.9581001645
6710 382676.1753311268
6725 383803.5901918099
6918 383884.2940463691
7026 384518.8371452859
7174 384802.9363948146
7280 385083.6314680837
7363 385579.7635839467
7429 385871.4590716048
7438 385878.2262703207
7604 386107.0962298001
7669 386592.3590148335
7701 387340.9069362563
7808 388838.6955586812
8038 389535.3128278489
8109 389591.1545744406
8110 389693.6952334234
8111 390427.2734337423
8154 390867.6616472322
8230 392169.1028087058
8341 392562.2443420378
8436 392760.6371320432
8570 393239.8902492330
8588 393524.1460996611
8871 393948.0408941257
8956 393966.7241359716
9029 394182.4782366856
9133 394697.8172123885
9206 395320.0363567218
9379 395474.4449712264
9421 395965.7422744742
9539 396163.2763047216
9691 396310.0878754774
9705 396322.0325181544
9757 396906.5704106991
9818 397214.3033303471
9857 397787.4940276523
9869 398593.8185991115
10000 -2073593.0000000005
evaluations raw_y
1 -2155926.0000000005
2 -2134866.0000000005
5 -2117822.0000000005
6 -2117769.0000000005
8 -2113746.0000000005
10 -2097715.0000000005
51 -2097702.0000000005
53 -2096710.0000000005
101 -2080663.0000000005
168 -2076599.0000000005
181 -2075646.0000000005
201 -2073504.0000000005
222 309655.1307928000
321 313103.4698229355
432 319348.3700224730
678 320035.6013182911
700 320998.1420968010
719 322069.5182229838
749 323211.1840836508
765 325401.7747844507
775 326475.5586670755
810 327315.5043309442
827 329241.1622201503
940 331033.3490265164
1031 332727.4220521702
1040 333605.1977499999
1186 333672.2721312250
1229 334677.0375747062
1277 335877.6544862276
1315 337309.6920535932
1403 339182.3942363926
1636 340308.0730194261
1705 340996.1248697758
1754 343116.8007360580
1913 343500.6343900024
2013 345764.2795439982
2032 346154.5625648712
2070 346349.5650475359
2153 346372.4775343532
2200 348575.3516420857
2244 349317.5133486824
2261 349566.8005389076
2309 349947.7034882401
2374 350326.8485320297
2474 352400.7138490198
2633 354348.5570721285
2663 355637.4971593095
2665 356016.1153637446
2725 356271.9643982400
2818 357141.7714858277
2974 358800.0791389403
3051 359351.3407799488
3107 360043.9323909289
3175 361351.7326903257
3335 361694.9480070911
3374 362331.1625160851
3521 363146.3646948975
3539 364216.9451738641
3614 364501.1064617024
3632 365476.6101916221
3668 366101.6962829374
3702 366551.5205343436
3830 366874.1836320040
3862 368168.6246822321
3990 368493.6651817956
4022 369200.2330833863
4118 369270.1411925671
4153 369405.7666558716
4187 369423.8563395019
4198 370288.9294121378
4215 371098.6472353876
4225 371605.3950680181
4299 371941.8408865317
4364 372688.8620380048
4475 373173.0379108549
4578 373523.2951527878
4727 373561.6202880454
4758 373582.6195442002
4772 373820.0359005341
4813 374388.4057660528
4840 374602.2447888606
4847 374952.7263582391
4859 375049.6903331847
4937 375287.3356540971
4969 376067.6824640397
5085 376644.3517440622
5137 377578.5150499971
5247 377991.0139996758
5270 378115.5351026297
5279 378511.1938770660
5423 378680.0118390701
5441 378688.0781327531
5613 379317.4570135948
5628 379437.5123045060
5643 379600.7489319789
5668 379968.0105881793
5675 380016.2374340259
5711 380786.4646080670
5942 381295.5557267608
6002 382324.6529164411
6132 382884.0830856374
6188 383418.1760117720
6226 384288.7528194854
6324 384324.5646965004
6502 385097.3707377762
6667 385246.1268321695
6679 385784.0384851050
6714 386420.5872558540
6773 386562.2789019131
6904 386681.3662933984
6957 386993.1113887976
6996 387186.7216293687
7005 388346.5914502466
7262 388536.3090254912
7337 389369.0456365214
7364 389810.9862649236
7501 391056.7471813883
7623 391679.8875414474
7879 391784.6988692654
7909 392081.1216908696
8088 392571.8587246762
8272 393282.7805656505
8429 393692.5477354426
8528 393932.6185747702
8529 394402.4493090301
8714 395251.2155269512
8778 395683.6951136799
8905 396053.4656427731
8915 396603.3386751075
9035 396678.7350798263
9116 396722.6948761701
9133 396912.3022703782
9186 397010.3567954066
9197 397148.0912661245
9284 399455.9795507628
9580 399490.2273652754
9656 399672.7188300632
9729 399820.8905942095
9780 399965.0012168686
9817 400014.7953349228
9842 400308.1360901782
9955 401445.3351831751
10000 396690.1359348549
evaluations raw_y
1 -2134903.0000000005
3 -2103763.0000000005
55 -2102673.0000000005
97 -2083575.0000000005
147 -2080660.0000000005
167 -2080566.0000000005
203 -2076570.0000000005
223 300729.9672808754
240 308113.4214579086
260 311013.1967366476
309 311123.3101735694
417 314778.5548454180
447 318986.0413019095
551 319439.4930315950
581 319461.4006205256
605 319600.2553028531
606 320261.1287279509
656 325460.7731949391
852 329199.8276847148
933 329914.1071715403
962 333153.3860882712
995 333184.9829368386
1161 333660.6746376602
1164 333672.8316924698
1233 334878.0600683052
1362 335594.6948723916
1395 337531.6499349968
1434 339563.2464262062
1540 339912.1158637020
1621 340154.9725625680
1673 344340.1008264304
1870 344464.9388445491
1990 345385.3451963207
2001 346012.4438904559
2133 346436.4452738031
2243 347240.2182991339
2259 347574.9245606059
2269 348490.3717553503
2368 349140.0382352859
2426 350198.4070694285
2526 350537.5055922243
2590 351587.3458369333
2600 352719.2791634593
2691 352844.4130598651
2851 353024.6918692834
2883 353337.6181862003
2954 353777.6814591076
2984 354993.1244303290
3078 356272.5751744091
3213 356327.7381504485
3235 356570.0616161859
3267 356577.7979140516
3269 357268.7949881138
3286 358726.0431520971
3470 358830.8307187983
3614 359376.8518406773
3812 360125.5724143162
3851 360513.7176608388
3868 361173.4840430158
3960 361251.8603663346
4046 361746.5027498017
4111 362893.9326035571
4143 363423.2113639807
4199 363785.6643895324
4267 364220.6487625676
4375 364297.1998541586
4378 365341.9243366013
4396 365544.1393422708
4465 365811.0880013857
4468 366297.7206050478
4536 366872.6332173786
4592 367284.2829942978
4631 367380.3356204006
4643 367533.6337271730
4653 367594.1299147977
4672 368056.2047477277
4701 368106.6440982116
4736 369363.4488457629
4761 369422.9417289707
4826 369905.8546720807
5014 370962.7805441599
5107 371205.0107477530
5161 372113.0525254261
5242 372574.7725173394
5378 372932.4727165705
5441 373161.3306305765
5469 373590.3932302411
5501 373662.7404794298
5506 374228.1427638966
5618 374619.2753019350
5824 375203.9439472761
5874 375305.2911961136
5876 375903.6069899580
5954 376009.2474063295
5960 377502.6307608888
6210 377646.4760128771
6369 377683.5986647304
6380 378044.7711140001
6478 378727.8406635828
6505 379719.0106687674
6667 380338.2898494042
6764 380607.3356569482
7036 380958.2622541796
7081 381009.0881863559
7088 381684.0700225184
7118 382014.8871564214
7244 382693.2280057418
7318 383076.2278617594
7665 384501.4369172433
7828 385327.4834123970
8383 385463.6022900951
8445 385750.3822162005
8460 387915.2935935977
8642 388340.2193528804
8869 388369.0759567336
8932 388651.6290775095
8933 388662.7114948053
8943 389220.6997994553
9001 389274.7966005219
9083 389540.8453024364
9111 390044.1125621606
9230 390979.9472710317
9461 391185.0036465275
9542 391454.5299170575
9554 391608.6276622253
9610 392072.8987245737
9760 392207.2598318504
9769 392410.4674588449
9811 392915.4613544797
9822 392932.4553056364
9854 393290.5128584672
9913 393978.0336703635
10000 386690.2052787736
