evaluations raw_y
1 -2033.0000000000
5 -2032.0000000000
6 -2031.0000000000
9 -2030.0000000000
13 -2029.0000000000
16 -2028.0000000000
17 -2027.0000000000
18 -2026.0000000000
22 -2025.0000000000
23 -2024.0000000000
24 -2023.0000000000
29 -2022.0000000000
30 -2021.0000000000
34 -2020.0000000000
35 -2019.0000000000
36 -2018.0000000000
37 -2017.0000000000
39 -2016.0000000000
40 -2015.0000000000
41 -2014.0000000000
43 -2013.0000000000
50 -2012.0000000000
51 -2011.0000000000
52 -2010.0000000000
57 -2009.0000000000
58 -2008.0000000000
59 -2007.0000000000
60 -2006.0000000000
61 -2005.0000000000
63 -2004.0000000000
64 -2003.0000000000
66 -2002.0000000000
67 -2001.0000000000
69 -2000.0000000000
70 -1999.0000000000
73 -1998.0000000000
74 -1997.0000000000
76 -1996.0000000000
78 -1995.0000000000
79 -1994.0000000000
80 -1993.0000000000
81 -1992.0000000000
82 -1991.0000000000
83 -1990.0000000000
88 -1989.0000000000
92 -1988.0000000000
94 -1987.0000000000
96 -1986.0000000000
97 -1985.0000000000
101 -1984.0000000000
104 -1983.0000000000
106 -1982.0000000000
114 -1981.0000000000
115 -1980.0000000000
120 -1979.0000000000
122 -1978.0000000000
124 -1977.0000000000
125 -1976.0000000000
126 -1975.0000000000
127 -1974.0000000000
128 -1973.0000000000
129 -1972.0000000000
132 -1971.0000000000
133 -1970.0000000000
134 -1969.0000000000
136 -1968.0000000000
137 -1967.0000000000
138 -1966.0000000000
140 -1965.0000000000
142 -1964.0000000000
143 -1963.0000000000
145 -1962.0000000000
146 -1961.0000000000
149 -1960.0000000000
150 -1959.0000000000
152 -1958.0000000000
155 -1957.0000000000
156 -1956.0000000000
157 -1955.0000000000
158 -1954.0000000000
161 -1953.0000000000
163 -1952.0000000000
164 -1951.0000000000
165 -1950.0000000000
166 -1949.0000000000
167 -1948.0000000000
168 -1947.0000000000
169 -1946.0000000000
170 -1945.0000000000
172 -1944.0000000000
178 -1943.0000000000
181 -1942.0000000000
182 -1941.0000000000
183 -1940.0000000000
184 -1939.0000000000
185 -1938.0000000000
189 -1937.0000000000
190 -1936.0000000000
191 -1935.0000000000
196 -1934.0000000000
199 -1933.0000000000
200 -1932.0000000000
201 -1931.0000000000
202 -1930.0000000000
203 -1929.0000000000
205 -1928.0000000000
206 -1927.0000000000
209 -1926.0000000000
213 -1925.0000000000
215 -1924.0000000000
216 -1923.0000000000
218 -1922.0000000000
219 -1921.0000000000
224 -1920.0000000000
232 -1919.0000000000
233 -1918.0000000000
234 -1917.0000000000
235 -1916.0000000000
237 -1915.0000000000
238 -1914.0000000000
239 -1913.0000000000
242 -1912.0000000000
243 -1911.0000000000
244 -1910.0000000000
246 -1909.0000000000
248 -1908.0000000000
250 -1907.0000000000
252 -1906.0000000000
253 -1905.0000000000
257 -1904.0000000000
260 -1903.0000000000
262 -1902.0000000000
263 -1901.0000000000
267 -1900.0000000000
270 -1899.0000000000
272 -1898.0000000000
276 -1897.0000000000
277 -1896.0000000000
278 -1895.0000000000
279 -1894.0000000000
281 -1893.0000000000
282 -1892.0000000000
285 -1891.0000000000
286 -1890.0000000000
287 -1889.0000000000
291 -1888.0000000000
296 -1887.0000000000
297 -1886.0000000000
299 -1885.0000000000
300 -1884.0000000000
301 -1883.0000000000
302 -1882.0000000000
305 -1881.0000000000
310 -1880.0000000000
316 -1879.0000000000
317 -1878.0000000000
319 -1877.0000000000
320 -1876.0000000000
323 -1875.0000000000
327 -1874.0000000000
328 -1873.0000000000
329 -1872.0000000000
336 -1871.0000000000
338 -1870.0000000000
341 -1869.0000000000
343 -1868.0000000000
347 -1867.0000000000
349 -1866.0000000000
351 -1865.0000000000
354 -1864.0000000000
355 -1863.0000000000
358 -1862.0000000000
361 -1861.0000000000
363 -1860.0000000000
366 -1859.0000000000
367 -1858.0000000000
368 -1857.0000000000
371 -1856.0000000000
373 -1855.0000000000
375 -1854.0000000000
376 -1853.0000000000
378 -1852.0000000000
380 -1851.0000000000
381 -1850.0000000000
383 -1849.0000000000
384 -1848.0000000000
385 -1847.0000000000
387 -1846.0000000000
389 -1845.0000000000
391 -1844.0000000000
392 -1843.0000000000
394 -1842.0000000000
398 -1841.0000000000
400 -1840.0000000000
402 -1839.0000000000
403 -1838.0000000000
409 -1837.0000000000
411 -1836.0000000000
412 -1835.0000000000
415 -1834.0000000000
416 -1833.0000000000
417 -1832.0000000000
420 -1831.0000000000
424 -1830.0000000000
425 -1829.0000000000
426 -1828.0000000000
429 -1827.0000000000
431 -1826.0000000000
432 -1825.0000000000
433 -1824.0000000000
434 -1823.0000000000
437 -1822.0000000000
440 -1821.0000000000
444 -1820.0000000000
445 -1819.0000000000
447 -1818.0000000000
449 -1817.0000000000
458 -1816.0000000000
460 -1815.0000000000
461 -1814.0000000000
462 -1813.0000000000
463 -1812.0000000000
465 -1811.0000000000
470 -1810.0000000000
473 -1809.0000000000
475 -1808.0000000000
476 -1807.0000000000
478 -1806.0000000000
482 -1805.0000000000
484 -1804.0000000000
485 -1803.0000000000
491 -1802.0000000000
493 -1801.0000000000
498 -1800.0000000000
501 -1799.0000000000
502 -1798.0000000000
503 -1797.0000000000
505 -1796.0000000000
507 -1795.0000000000
509 -1794.0000000000
510 -1793.0000000000
512 -1792.0000000000
513 -1791.0000000000
514 -1790.0000000000
515 -1789.0000000000
517 -1788.0000000000
518 -1787.0000000000
519 -1786.0000000000
520 -1785.0000000000
521 -1784.0000000000
522 -1783.0000000000
528 -1782.0000000000
533 -1781.0000000000
534 -1780.0000000000
538 -1779.0000000000
540 -1778.0000000000
541 -1777.0000000000
542 -1776.0000000000
545 -1775.0000000000
546 -1774.0000000000
548 -1773.0000000000
549 -1772.0000000000
552 -1771.0000000000
554 -1770.0000000000
555 -1769.0000000000
559 -1768.0000000000
562 -1767.0000000000
567 -1766.0000000000
568 -1765.0000000000
570 -1764.0000000000
571 -1763.0000000000
573 -1762.0000000000
579 -1761.0000000000
580 -1760.0000000000
581 -1759.0000000000
582 -1758.0000000000
583 -1757.0000000000
585 -1756.0000000000
586 -1755.0000000000
594 -1754.0000000000
595 -1753.0000000000
596 -1752.0000000000
600 -1751.0000000000
602 -1750.0000000000
604 -1749.0000000000
607 -1748.0000000000
610 -1747.0000000000
612 -1746.0000000000
616 -1745.0000000000
618 -1744.0000000000
620 -1743.0000000000
627 -1742.0000000000
628 -1741.0000000000
631 -1740.0000000000
632 -1739.0000000000
635 -1738.0000000000
637 -1737.0000000000
638 -1736.0000000000
640 -1735.0000000000
641 -1734.0000000000
644 -1733.0000000000
645 -1732.0000000000
646 -1731.0000000000
648 -1730.0000000000
650 -1729.0000000000
651 -1728.0000000000
656 -1727.0000000000
657 -1726.0000000000
658 -1725.0000000000
659 -1724.0000000000
662 -1723.0000000000
665 -1722.0000000000
667 -1721.0000000000
669 -1720.0000000000
672 -1719.0000000000
675 -1718.0000000000
676 -1717.0000000000
678 -1716.0000000000
679 -1715.0000000000
680 -1714.0000000000
681 -1713.0000000000
682 -1712.0000000000
686 -1711.0000000000
687 -1710.0000000000
689 -1709.0000000000
693 -1708.0000000000
695 -1707.0000000000
696 -1706.0000000000
699 -1705.0000000000
700 -1704.0000000000
702 -1703.0000000000
703 -1702.0000000000
706 -1701.0000000000
707 -1700.0000000000
708 -1699.0000000000
710 -1698.0000000000
714 -1697.0000000000
715 -1696.0000000000
716 -1695.0000000000
717 -1694.0000000000
718 -1693.0000000000
719 -1692.0000000000
721 -1691.0000000000
722 -1690.0000000000
723 -1689.0000000000
726 -1688.0000000000
728 -1687.0000000000
732 -1686.0000000000
737 -1685.0000000000
739 -1684.0000000000
743 -1683.0000000000
747 -1682.0000000000
748 -1681.0000000000
750 -1680.0000000000
751 -1679.0000000000
752 -1678.0000000000
753 -1677.0000000000
758 -1676.0000000000
759 -1675.0000000000
762 -1674.0000000000
763 -1673.0000000000
764 -1672.0000000000
765 -1671.0000000000
766 -1670.0000000000
767 -1669.0000000000
771 -1668.0000000000
773 -1667.0000000000
774 -1666.0000000000
780 -1665.0000000000
782 -1664.0000000000
784 -1663.0000000000
786 -1662.0000000000
787 -1661.0000000000
788 -1660.0000000000
789 -1659.0000000000
791 -1658.0000000000
792 -1657.0000000000
795 -1656.0000000000
796 -1655.0000000000
797 -1654.0000000000
799 -1653.0000000000
802 -1652.0000000000
803 -1651.0000000000
804 -1650.0000000000
805 -1649.0000000000
807 -1648.0000000000
808 -1647.0000000000
810 -1646.0000000000
811 -1645.0000000000
812 -1644.0000000000
813 -1643.0000000000
815 -1642.0000000000
816 -1641.0000000000
819 -1640.0000000000
823 -1639.0000000000
827 -1638.0000000000
828 -1637.0000000000
830 -1636.0000000000
831 -1635.0000000000
832 -1634.0000000000
836 -1633.0000000000
839 -1632.0000000000
840 -1631.0000000000
841 -1630.0000000000
842 -1629.0000000000
843 -1628.0000000000
849 -1627.0000000000
853 -1626.0000000000
857 -1625.0000000000
860 -1624.0000000000
863 -1623.0000000000
869 -1622.0000000000
871 -1621.0000000000
874 -1620.0000000000
882 -1619.0000000000
885 -1618.0000000000
887 -1617.0000000000
890 -1616.0000000000
892 -1615.0000000000
894 -1614.0000000000
903 -1613.0000000000
905 -1612.0000000000
908 -1611.0000000000
909 -1610.0000000000
910 -1609.0000000000
911 -1608.0000000000
912 -1607.0000000000
913 -1606.0000000000
914 -1605.0000000000
920 -1604.0000000000
921 -1603.0000000000
923 -1602.0000000000
925 -1601.0000000000
927 -1600.0000000000
928 -1599.0000000000
931 -1598.0000000000
932 -1597.0000000000
934 -1596.0000000000
935 -1595.0000000000
945 -1594.0000000000
947 -1593.0000000000
949 -1592.0000000000
952 -1591.0000000000
957 -1590.0000000000
958 -1589.0000000000
961 -1588.0000000000
964 -1587.0000000000
965 -1586.0000000000
968 -1585.0000000000
969 -1584.0000000000
971 -1583.0000000000
974 -1582.0000000000
976 -1581.0000000000
982 -1580.0000000000
985 -1579.0000000000
986 -1578.0000000000
995 -1577.0000000000
996 -1576.0000000000
998 -1575.0000000000
999 -1574.0000000000
1000 -1573.0000000000
1001 -1572.0000000000
1008 -1571.0000000000
1010 -1570.0000000000
1011 -1569.0000000000
1012 -1568.0000000000
1016 -1567.0000000000
1026 -1566.0000000000
1032 -1565.0000000000
1033 -1564.0000000000
1036 -1563.0000000000
1038 -1562.0000000000
1041 -1561.0000000000
1045 -1560.0000000000
1047 -1559.0000000000
1050 -1558.0000000000
1052 -1557.0000000000
1053 -1556.0000000000
1055 -1555.0000000000
1059 -1554.0000000000
1061 -1553.0000000000
1062 -1552.0000000000
1065 -1551.0000000000
1067 -1550.0000000000
1071 -1549.0000000000
1074 -1548.0000000000
1080 -1547.0000000000
1081 -1546.0000000000
1084 -1545.0000000000
1086 -1544.0000000000
1087 -1543.0000000000
1088 -1542.0000000000
1089 -1541.0000000000
1093 -1540.0000000000
1094 -1539.0000000000
1098 -1538.0000000000
1102 -1537.0000000000
1105 -1536.0000000000
1109 -1535.0000000000
1112 -1534.0000000000
1114 -1533.0000000000
1118 -1532.0000000000
1119 -1531.0000000000
1120 -1530.0000000000
1126 -1529.0000000000
1130 -1528.0000000000
1131 -1527.0000000000
1135 -1526.0000000000
1136 -1525.0000000000
1138 -1524.0000000000
1143 -1523.0000000000
1144 -1522.0000000000
1147 -1521.0000000000
1148 -1520.0000000000
1150 -1519.0000000000
1152 -1518.0000000000
1154 -1517.0000000000
1162 -1516.0000000000
1163 -1515.0000000000
1166 -1514.0000000000
1167 -1513.0000000000
1174 -1512.0000000000
1176 -1511.0000000000
1179 -1510.0000000000
1181 -1509.0000000000
1186 -1508.0000000000
1188 -1507.0000000000
1190 -1506.0000000000
1193 -1505.0000000000
1194 -1504.0000000000
1198 -1503.0000000000
1203 -1502.0000000000
1205 -1501.0000000000
1208 -1500.0000000000
1209 -1499.0000000000
1210 -1498.0000000000
1211 -1497.0000000000
1212 -1496.0000000000
1213 -1495.0000000000
1214 -1494.0000000000
1219 -1493.0000000000
1229 -1492.0000000000
1232 -1491.0000000000
1233 -1490.0000000000
1236 -1489.0000000000
1237 -1488.0000000000
1238 -1487.0000000000
1240 -1486.0000000000
1252 -1485.0000000000
1256 -1484.0000000000
1261 -1483.0000000000
1263 -1482.0000000000
1264 -1481.0000000000
1265 -1480.0000000000
1268 -1479.0000000000
1270 -1478.0000000000
1273 -1477.0000000000
1274 -1476.0000000000
1276 -1475.0000000000
1278 -1474.0000000000
1279 -1473.0000000000
1281 -1472.0000000000
1282 -1471.0000000000
1287 -1470.0000000000
1289 -1469.0000000000
1290 -1468.0000000000
1296 -1467.0000000000
1301 -1466.0000000000
1302 -1465.0000000000
1304 -1464.0000000000
1305 -1463.0000000000
1307 -1462.0000000000
1309 -1461.0000000000
1311 -1460.0000000000
1312 -1459.0000000000
1317 -1458.0000000000
1319 -1457.0000000000
1322 -1456.0000000000
1323 -1455.0000000000
1324 -1454.0000000000
1325 -1453.0000000000
1331 -1452.0000000000
1332 -1451.0000000000
1335 -1450.0000000000
1338 -1449.0000000000
1340 -1448.0000000000
1341 -1447.0000000000
1343 -1446.0000000000
1346 -1445.0000000000
1351 -1444.0000000000
1355 -1443.0000000000
1356 -1442.0000000000
1357 -1441.0000000000
1361 -1440.0000000000
1362 -1439.0000000000
1366 -1438.0000000000
1372 -1437.0000000000
1374 -1436.0000000000
1376 -1435.0000000000
1386 -1434.0000000000
1387 -1433.0000000000
1392 -1432.0000000000
1394 -1431.0000000000
1395 -1430.0000000000
1397 -1429.0000000000
1398 -1428.0000000000
1399 -1427.0000000000
1404 -1426.0000000000
1408 -1425.0000000000
1411 -1424.0000000000
1414 -1423.0000000000
1415 -1422.0000000000
1417 -1421.0000000000
1420 -1420.0000000000
1421 -1419.0000000000
1422 -1418.0000000000
1423 -1417.0000000000
1424 -1416.0000000000
1426 -1415.0000000000
1427 -1414.0000000000
1429 -1413.0000000000
1432 -1412.0000000000
1433 -1411.0000000000
1434 -1410.0000000000
1437 -1409.0000000000
1440 -1408.0000000000
1442 -1407.0000000000
1449 -1406.0000000000
1452 -1405.0000000000
1455 -1404.0000000000
1457 -1403.0000000000
1463 -1402.0000000000
1464 -1401.0000000000
1467 -1400.0000000000
1469 -1399.0000000000
1471 -1398.0000000000
1472 -1397.0000000000
1479 -1396.0000000000
1480 -1395.0000000000
1482 -1394.0000000000
1484 -1393.0000000000
1486 -1392.0000000000
1492 -1391.0000000000
1495 -1390.0000000000
1498 -1389.0000000000
1500 -1388.0000000000
1502 -1387.0000000000
1506 -1386.0000000000
1507 -1385.0000000000
1508 -1384.0000000000
1509 -1383.0000000000
1510 -1382.0000000000
1511 -1381.0000000000
1512 -1380.0000000000
1514 -1379.0000000000
1521 -1378.0000000000
1526 -1377.0000000000
1530 -1376.0000000000
1533 -1375.0000000000
1536 -1374.0000000000
1542 -1373.0000000000
1546 -1372.0000000000
1552 -1371.0000000000
1559 -1370.0000000000
1560 -1369.0000000000
1561 -1368.0000000000
1565 -1367.0000000000
1572 -1366.0000000000
1574 -1365.0000000000
1575 -1364.0000000000
1579 -1363.0000000000
1580 -1362.0000000000
1583 -1361.0000000000
1585 -1360.0000000000
1588 -1359.0000000000
1590 -1358.0000000000
1593 -1357.0000000000
1595 -1356.0000000000
1598 -1355.0000000000
1600 -1354.0000000000
1603 -1353.0000000000
1605 -1352.0000000000
1608 -1351.0000000000
1615 -1350.0000000000
1617 -1349.0000000000
1619 -1348.0000000000
1620 -1347.0000000000
1622 -1346.0000000000
1624 -1345.0000000000
1626 -1344.0000000000
1627 -1343.0000000000
1628 -1342.0000000000
1630 -1341.0000000000
1633 -1340.0000000000
1634 -1339.0000000000
1636 -1338.0000000000
1639 -1337.0000000000
1645 -1336.0000000000
1647 -1335.0000000000
1650 -1334.0000000000
1654 -1333.0000000000
1655 -1332.0000000000
1656 -1331.0000000000
1658 -1330.0000000000
1659 -1329.0000000000
1661 -1328.0000000000
1664 -1327.0000000000
1665 -1326.0000000000
1666 -1325.0000000000
1667 -1324.0000000000
1668 -1323.0000000000
1672 -1322.0000000000
1674 -1321.0000000000
1676 -1320.0000000000
1677 -1319.0000000000
1678 -1318.0000000000
1681 -1317.0000000000
1682 -1316.0000000000
1683 -1315.0000000000
1687 -1314.0000000000
1688 -1313.0000000000
1692 -1312.0000000000
1693 -1311.0000000000
1694 -1310.0000000000
1698 -1309.0000000000
1699 -1308.0000000000
1702 -1307.0000000000
1703 -1306.0000000000
1705 -1305.0000000000
1708 -1304.0000000000
1710 -1303.0000000000
1711 -1302.0000000000
1713 -1301.0000000000
1718 -1300.0000000000
1719 -1299.0000000000
1721 -1298.0000000000
1722 -1297.0000000000
1724 -1296.0000000000
1726 -1295.0000000000
1727 -1294.0000000000
1732 -1293.0000000000
1734 -1292.0000000000
1736 -1291.0000000000
1741 -1290.0000000000
1745 -1289.0000000000
1748 -1288.0000000000
1750 -1287.0000000000
1751 -1286.0000000000
1753 -1285.0000000000
1754 -1284.0000000000
1756 -1283.0000000000
1762 -1282.0000000000
1763 -1281.0000000000
1766 -1280.0000000000
1775 -1279.0000000000
1777 -1278.0000000000
1778 -1277.0000000000
1780 -1276.0000000000
1781 -1275.0000000000
1784 -1274.0000000000
1785 -1273.0000000000
1787 -1272.0000000000
1788 -1271.0000000000
1798 -1270.0000000000
1799 -1269.0000000000
1800 -1268.0000000000
1803 -1267.0000000000
1804 -1266.0000000000
1809 -1265.0000000000
1810 -1264.0000000000
1812 -1263.0000000000
1821 -1262.0000000000
1822 -1261.0000000000
1823 -1260.0000000000
1824 -1259.0000000000
1825 -1258.0000000000
1829 -1257.0000000000
1835 -1256.0000000000
1837 -1255.0000000000
1839 -1254.0000000000
1843 -1253.0000000000
1845 -1252.0000000000
1846 -1251.0000000000
1848 -1250.0000000000
1850 -1249.0000000000
1855 -1248.0000000000
1857 -1247.0000000000
1864 -1246.0000000000
1868 -1245.0000000000
1870 -1244.0000000000
1875 -1243.0000000000
1876 -1242.0000000000
1878 -1241.0000000000
1885 -1240.0000000000
1886 -1239.0000000000
1891 -1238.0000000000
1893 -1237.0000000000
1895 -1236.0000000000
1896 -1235.0000000000
1900 -1234.0000000000
1905 -1233.0000000000
1908 -1232.0000000000
1911 -1231.0000000000
1913 -1230.0000000000
1914 -1229.0000000000
1915 -1228.0000000000
1916 -1227.0000000000
1920 -1226.0000000000
1924 -1225.0000000000
1927 -1224.0000000000
1933 -1223.0000000000
1935 -1222.0000000000
1938 -1221.0000000000
1942 -1220.0000000000
1943 -1219.0000000000
1946 -1218.0000000000
1951 -1217.0000000000
1969 -1216.0000000000
1972 -1215.0000000000
1976 -1214.0000000000
1977 -1213.0000000000
1978 -1212.0000000000
1979 -1211.0000000000
1982 -1210.0000000000
1983 -1209.0000000000
1985 -1208.0000000000
1988 -1207.0000000000
1991 -1206.0000000000
1997 -1205.0000000000
2000 -1204.0000000000
2001 -1203.0000000000
2011 -1202.0000000000
2014 -1201.0000000000
2018 -1200.0000000000
2020 -1199.0000000000
2023 -1198.0000000000
2024 -1197.0000000000
2026 -1196.0000000000
2027 -1195.0000000000
2031 -1194.0000000000
2034 -1193.0000000000
2036 -1192.0000000000
2042 -1191.0000000000
2044 -1190.0000000000
2046 -1189.0000000000
2053 -1188.0000000000
2063 -1187.0000000000
2065 -1186.0000000000
2066 -1185.0000000000
2075 -1184.0000000000
2079 -1183.0000000000
2080 -1182.0000000000
2084 -1181.0000000000
2089 -1180.0000000000
2094 -1179.0000000000
2097 -1178.0000000000
2098 -1177.0000000000
2108 -1176.0000000000
2111 -1175.0000000000
2113 -1174.0000000000
2120 -1173.0000000000
2121 -1172.0000000000
2125 -1171.0000000000
2126 -1170.0000000000
2127 -1169.0000000000
2128 -1168.0000000000
2134 -1167.0000000000
2135 -1166.0000000000
2136 -1165.0000000000
2138 -1164.0000000000
2141 -1163.0000000000
2143 -1162.0000000000
2144 -1161.0000000000
2147 -1160.0000000000
2155 -1159.0000000000
2159 -1158.0000000000
2160 -1157.0000000000
2164 -1156.0000000000
2168 -1155.0000000000
2170 -1154.0000000000
2177 -1153.0000000000
2181 -1152.0000000000
2182 -1151.0000000000
2184 -1150.0000000000
2185 -1149.0000000000
2190 -1148.0000000000
2191 -1147.0000000000
2193 -1146.0000000000
2194 -1145.0000000000
2196 -1144.0000000000
2197 -1143.0000000000
2202 -1142.0000000000
2208 -1141.0000000000
2215 -1140.0000000000
2220 -1139.0000000000
2225 -1138.0000000000
2230 -1137.0000000000
2232 -1136.0000000000
2236 -1135.0000000000
2237 -1134.0000000000
2238 -1133.0000000000
2242 -1132.0000000000
2245 -1131.0000000000
2247 -1130.0000000000
2249 -1129.0000000000
2256 -1128.0000000000
2257 -1127.0000000000
2266 -1126.0000000000
2276 -1125.0000000000
2279 -1124.0000000000
2280 -1123.0000000000
2287 -1122.0000000000
2295 -1121.0000000000
2296 -1120.0000000000
2298 -1119.0000000000
2306 -1118.0000000000
2308 -1117.0000000000
2311 -1116.0000000000
2312 -1115.0000000000
2315 -1114.0000000000
2316 -1113.0000000000
2318 -1112.0000000000
2320 -1111.0000000000
2322 -1110.0000000000
2324 -1109.0000000000
2326 -1108.0000000000
2328 -1107.0000000000
2330 -1106.0000000000
2332 -1105.0000000000
2334 -1104.0000000000
2335 -1103.0000000000
2341 -1102.0000000000
2347 -1101.0000000000
2350 -1100.0000000000
2355 -1099.0000000000
2363 -1098.0000000000
2370 -1097.0000000000
2373 -1096.0000000000
2381 -1095.0000000000
2387 -1094.0000000000
2388 -1093.0000000000
2392 -1092.0000000000
2393 -1091.0000000000
2396 -1090.0000000000
2399 -1089.0000000000
2401 -1088.0000000000
2402 -1087.0000000000
2405 -1086.0000000000
2408 -1085.0000000000
2409 -1084.0000000000
2410 -1083.0000000000
2411 -1082.0000000000
2420 -1081.0000000000
2421 -1080.0000000000
2423 -1079.0000000000
2425 -1078.0000000000
2431 -1077.0000000000
2439 -1076.0000000000
2442 -1075.0000000000
2443 -1074.0000000000
2446 -1073.0000000000
2449 -1072.0000000000
2450 -1071.0000000000
2451 -1070.0000000000
2453 -1069.0000000000
2454 -1068.0000000000
2455 -1067.0000000000
2461 -1066.0000000000
2462 -1065.0000000000
2465 -1064.0000000000
2475 -1063.0000000000
2481 -1062.0000000000
2482 -1061.0000000000
2484 -1060.0000000000
2486 -1059.0000000000
2487 -1058.0000000000
2489 -1057.0000000000
2491 -1056.0000000000
2492 -1055.0000000000
2499 -1054.0000000000
2516 -1053.0000000000
2518 -1052.0000000000
2519 -1051.0000000000
2529 -1050.0000000000
2531 -1049.0000000000
2536 -1048.0000000000
2548 -1047.0000000000
2549 -1046.0000000000
2551 -1045.0000000000
2555 -1044.0000000000
2560 -1043.0000000000
2562 -1042.0000000000
2563 -1041.0000000000
2564 -1040.0000000000
2567 -1039.0000000000
2577 -1038.0000000000
2578 -1037.0000000000
2579 -1036.0000000000
2585 -1035.0000000000
2586 -1034.0000000000
2587 -1033.0000000000
2595 -1032.0000000000
2600 -1031.0000000000
2601 -1030.0000000000
2605 -1029.0000000000
2606 -1028.0000000000
2613 -1027.0000000000
2615 -1026.0000000000
2622 -1025.0000000000
2624 -1024.0000000000
2627 -1023.0000000000
2628 -1022.0000000000
2631 -1021.0000000000
2635 -1020.0000000000
2636 -1019.0000000000
2641 -1018.0000000000
2644 -1017.0000000000
2647 -1016.0000000000
2650 -1015.0000000000
2652 -1014.0000000000
2655 -1013.0000000000
2656 -1012.0000000000
2658 -1011.0000000000
2660 -1010.0000000000
2662 -1009.0000000000
2664 -1008.0000000000
2666 -1007.0000000000
2668 -1006.0000000000
2669 -1005.0000000000
2670 -1004.0000000000
2682 -1003.0000000000
2683 -1002.0000000000
2684 -1001.0000000000
2686 -1000.0000000000
2688 -999.0000000000
2698 -998.0000000000
2699 -997.0000000000
2706 -996.0000000000
2713 -995.0000000000
2714 -994.0000000000
2726 -993.0000000000
2734 -992.0000000000
2741 -991.0000000000
2742 -990.0000000000
2747 -989.0000000000
2751 -988.0000000000
2760 -987.0000000000
2766 -986.0000000000
2767 -985.0000000000
2771 -984.0000000000
2779 -983.0000000000
2781 -982.0000000000
2783 -981.0000000000
2784 -980.0000000000
2788 -979.0000000000
2789 -978.0000000000
2790 -977.0000000000
2792 -976.0000000000
2794 -975.0000000000
2797 -974.0000000000
2806 -973.0000000000
2808 -972.0000000000
2816 -971.0000000000
2822 -970.0000000000
2824 -969.0000000000
2827 -968.0000000000
2837 -967.0000000000
2844 -966.0000000000
2847 -965.0000000000
2848 -964.0000000000
2852 -963.0000000000
2854 -962.0000000000
2855 -961.0000000000
2856 -960.0000000000
2859 -959.0000000000
2863 -958.0000000000
2864 -957.0000000000
2865 -956.0000000000
2873 -955.0000000000
2875 -954.0000000000
2877 -953.0000000000
2879 -952.0000000000
2880 -951.0000000000
2881 -950.0000000000
2882 -949.0000000000
2883 -948.0000000000
2886 -947.0000000000
2887 -946.0000000000
2888 -945.0000000000
2891 -944.0000000000
2898 -943.0000000000
2910 -942.0000000000
2913 -941.0000000000
2919 -940.0000000000
2920 -939.0000000000
2922 -938.0000000000
2924 -937.0000000000
2934 -936.0000000000
2938 -935.0000000000
2939 -934.0000000000
2941 -933.0000000000
2943 -932.0000000000
2957 -931.0000000000
2963 -930.0000000000
2975 -929.0000000000
2976 -928.0000000000
2978 -927.0000000000
2980 -926.0000000000
2982 -925.0000000000
2986 -924.0000000000
2989 -923.0000000000
2993 -922.0000000000
3000 -921.0000000000
3004 -920.0000000000
3007 -919.0000000000
3013 -918.0000000000
3018 -917.0000000000
3026 -916.0000000000
3028 -915.0000000000
3051 -914.0000000000
3070 -913.0000000000
3074 -912.0000000000
3075 -911.0000000000
3095 -910.0000000000
3100 -909.0000000000
3101 -908.0000000000
3103 -907.0000000000
3104 -906.0000000000
3108 -905.0000000000
3111 -904.0000000000
3120 -903.0000000000
3130 -902.0000000000
3131 -901.0000000000
3132 -900.0000000000
3133 -899.0000000000
3134 -898.0000000000
3135 -897.0000000000
3138 -896.0000000000
3140 -895.0000000000
3142 -894.0000000000
3148 -893.0000000000
3153 -892.0000000000
3158 -891.0000000000
3165 -890.0000000000
3168 -889.0000000000
3170 -888.0000000000
3174 -887.0000000000
3176 -886.0000000000
3180 -885.0000000000
3186 -884.0000000000
3187 -883.0000000000
3188 -882.0000000000
3195 -881.0000000000
3198 -880.0000000000
3199 -879.0000000000
3202 -878.0000000000
3203 -877.0000000000
3206 -876.0000000000
3210 -875.0000000000
3219 -874.0000000000
3220 -873.0000000000
3231 -872.0000000000
3232 -871.0000000000
3237 -870.0000000000
3239 -869.0000000000
3245 -868.0000000000
3247 -867.0000000000
3261 -866.0000000000
3268 -865.0000000000
3270 -864.0000000000
3272 -863.0000000000
3277 -862.0000000000
3283 -861.0000000000
3298 -860.0000000000
3301 -859.0000000000
3303 -858.0000000000
3305 -857.0000000000
3315 -856.0000000000
3317 -855.0000000000
3322 -854.0000000000
3324 -853.0000000000
3336 -852.0000000000
3343 -851.0000000000
3344 -850.0000000000
3348 -849.0000000000
3351 -848.0000000000
3366 -847.0000000000
3367 -846.0000000000
3368 -845.0000000000
3373 -844.0000000000
3389 -843.0000000000
3392 -842.0000000000
3394 -841.0000000000
3400 -840.0000000000
3406 -839.0000000000
3407 -838.0000000000
3415 -837.0000000000
3418 -836.0000000000
3419 -835.0000000000
3426 -834.0000000000
3427 -833.0000000000
3428 -832.0000000000
3429 -831.0000000000
3430 -830.0000000000
3441 -829.0000000000
3454 -828.0000000000
3473 -827.0000000000
3474 -826.0000000000
3475 -825.0000000000
3488 -824.0000000000
3490 -823.0000000000
3492 -822.0000000000
3495 -821.0000000000
3497 -820.0000000000
3498 -819.0000000000
3499 -818.0000000000
3511 -817.0000000000
3515 -816.0000000000
3523 -815.0000000000
3525 -814.0000000000
3530 -813.0000000000
3537 -812.0000000000
3548 -811.0000000000
3549 -810.0000000000
3551 -809.0000000000
3554 -808.0000000000
3555 -807.0000000000
3556 -806.0000000000
3557 -805.0000000000
3560 -804.0000000000
3561 -803.0000000000
3565 -802.0000000000
3566 -801.0000000000
3577 -800.0000000000
3580 -799.0000000000
3582 -798.0000000000
3584 -797.0000000000
3598 -796.0000000000
3614 -795.0000000000
3615 -794.0000000000
3616 -793.0000000000
3623 -792.0000000000
3625 -791.0000000000
3626 -790.0000000000
3627 -789.0000000000
3628 -788.0000000000
3632 -787.0000000000
3637 -786.0000000000
3641 -785.0000000000
3647 -784.0000000000
3654 -783.0000000000
3658 -782.0000000000
3662 -781.0000000000
3663 -780.0000000000
3677 -779.0000000000
3684 -778.0000000000
3688 -777.0000000000
3689 -776.0000000000
3703 -775.0000000000
3706 -774.0000000000
3709 -773.0000000000
3718 -772.0000000000
3730 -771.0000000000
3740 -770.0000000000
3742 -769.0000000000
3748 -768.0000000000
3757 -767.0000000000
3762 -766.0000000000
3766 -765.0000000000
3781 -764.0000000000
3782 -763.0000000000
3783 -762.0000000000
3794 -761.0000000000
3803 -760.0000000000
3805 -759.0000000000
3806 -758.0000000000
3810 -757.0000000000
3811 -756.0000000000
3812 -755.0000000000
3823 -754.0000000000
3834 -753.0000000000
3837 -752.0000000000
3839 -751.0000000000
3848 -750.0000000000
3853 -749.0000000000
3854 -748.0000000000
3863 -747.0000000000
3864 -746.0000000000
3866 -745.0000000000
3867 -744.0000000000
3870 -743.0000000000
3872 -742.0000000000
3874 -741.0000000000
3878 -740.0000000000
3890 -739.0000000000
3892 -738.0000000000
3902 -737.0000000000
3904 -736.0000000000
3911 -735.0000000000
3912 -734.0000000000
3916 -733.0000000000
3919 -732.0000000000
3923 -731.0000000000
3926 -730.0000000000
3957 -729.0000000000
3960 -728.0000000000
3963 -727.0000000000
3967 -726.0000000000
3969 -725.0000000000
3975 -724.0000000000
3980 -723.0000000000
3985 -722.0000000000
3990 -721.0000000000
3994 -720.0000000000
3997 -719.0000000000
3998 -718.0000000000
4004 -717.0000000000
4009 -716.0000000000
4017 -715.0000000000
4023 -714.0000000000
4036 -713.0000000000
4038 -712.0000000000
4041 -711.0000000000
4044 -710.0000000000
4050 -709.0000000000
4051 -708.0000000000
4061 -707.0000000000
4063 -706.0000000000
4067 -705.0000000000
4068 -704.0000000000
4073 -703.0000000000
4078 -702.0000000000
4084 -701.0000000000
4088 -700.0000000000
4094 -699.0000000000
4107 -698.0000000000
4120 -697.0000000000
4129 -696.0000000000
4142 -695.0000000000
4146 -694.0000000000
4147 -693.0000000000
4148 -692.0000000000
4149 -691.0000000000
4152 -690.0000000000
4153 -689.0000000000
4156 -688.0000000000
4160 -687.0000000000
4196 -686.0000000000
4198 -685.0000000000
4203 -684.0000000000
4211 -683.0000000000
4213 -682.0000000000
4221 -681.0000000000
4230 -680.0000000000
4234 -679.0000000000
4242 -678.0000000000
4253 -677.0000000000
4259 -676.0000000000
4263 -675.0000000000
4275 -674.0000000000
4282 -673.0000000000
4290 -672.0000000000
4295 -671.0000000000
4303 -670.0000000000
4314 -669.0000000000
4319 -668.0000000000
4329 -667.0000000000
4338 -666.0000000000
4339 -665.0000000000
4360 -664.0000000000
4361 -663.0000000000
4366 -662.0000000000
4367 -661.0000000000
4368 -660.0000000000
4369 -659.0000000000
4373 -658.0000000000
4374 -657.0000000000
4384 -656.0000000000
4388 -655.0000000000
4389 -654.0000000000
4399 -653.0000000000
4403 -652.0000000000
4415 -651.0000000000
4419 -650.0000000000
4425 -649.0000000000
4426 -648.0000000000
4429 -647.0000000000
4437 -646.0000000000
4445 -645.0000000000
4458 -644.0000000000
4474 -643.0000000000
4477 -642.0000000000
4481 -641.0000000000
4489 -640.0000000000
4491 -639.0000000000
4501 -638.0000000000
4511 -637.0000000000
4512 -636.0000000000
4513 -635.0000000000
4525 -634.0000000000
4528 -633.0000000000
4529 -632.0000000000
4533 -631.0000000000
4540 -630.0000000000
4542 -629.0000000000
4547 -628.0000000000
4553 -627.0000000000
4558 -626.0000000000
4563 -625.0000000000
4567 -624.0000000000
4578 -623.0000000000
4579 -622.0000000000
4584 -621.0000000000
4586 -620.0000000000
4587 -619.0000000000
4601 -618.0000000000
4610 -617.0000000000
4632 -616.0000000000
4633 -615.0000000000
4638 -614.0000000000
4643 -613.0000000000
4650 -612.0000000000
4653 -611.0000000000
4664 -610.0000000000
4679 -609.0000000000
4686 -608.0000000000
4709 -607.0000000000
4713 -606.0000000000
4715 -605.0000000000
4728 -604.0000000000
4740 -603.0000000000
4745 -602.0000000000
4756 -601.0000000000
4760 -600.0000000000
4764 -599.0000000000
4771 -598.0000000000
4772 -597.0000000000
4776 -596.0000000000
4777 -595.0000000000
4781 -594.0000000000
4784 -593.0000000000
4797 -592.0000000000
4798 -591.0000000000
4809 -590.0000000000
4811 -589.0000000000
4835 -588.0000000000
4839 -587.0000000000
4843 -586.0000000000
4845 -585.0000000000
4857 -584.0000000000
4862 -583.0000000000
4865 -582.0000000000
4878 -581.0000000000
4896 -580.0000000000
4911 -579.0000000000
4916 -578.0000000000
4918 -577.0000000000
4922 -576.0000000000
4937 -575.0000000000
4939 -574.0000000000
4949 -573.0000000000
4950 -572.0000000000
4951 -571.0000000000
4953 -570.0000000000
4959 -569.0000000000
4961 -568.0000000000
4964 -567.0000000000
4980 -566.0000000000
4988 -565.0000000000
4992 -564.0000000000
4995 -563.0000000000
5004 -562.0000000000
5010 -561.0000000000
5016 -560.0000000000
5018 -559.0000000000
5020 -558.0000000000
5021 -557.0000000000
5032 -556.0000000000
5039 -555.0000000000
5049 -554.0000000000
5050 -553.0000000000
5056 -552.0000000000
5058 -551.0000000000
5065 -550.0000000000
5078 -549.0000000000
5085 -548.0000000000
5097 -547.0000000000
5098 -546.0000000000
5105 -545.0000000000
5113 -544.0000000000
5121 -543.0000000000
5125 -542.0000000000
5127 -541.0000000000
5130 -540.0000000000
5134 -539.0000000000
5144 -538.0000000000
5147 -537.0000000000
5148 -536.0000000000
5151 -535.0000000000
5158 -534.0000000000
5176 -533.0000000000
5178 -532.0000000000
5182 -531.0000000000
5183 -530.0000000000
5189 -529.0000000000
5196 -528.0000000000
5199 -527.0000000000
5222 -526.0000000000
5231 -525.0000000000
5243 -524.0000000000
5249 -523.0000000000
5250 -522.0000000000
5256 -521.0000000000
5258 -520.0000000000
5263 -519.0000000000
5285 -518.0000000000
5286 -517.0000000000
5296 -516.0000000000
5298 -515.0000000000
5300 -514.0000000000
5301 -513.0000000000
5305 -512.0000000000
5306 -511.0000000000
5308 -510.0000000000
5309 -509.0000000000
5321 -508.0000000000
5340 -507.0000000000
5348 -506.0000000000
5378 -505.0000000000
5384 -504.0000000000
5405 -503.0000000000
5417 -502.0000000000
5418 -501.0000000000
5430 -500.0000000000
5438 -499.0000000000
5445 -498.0000000000
5449 -497.0000000000
5452 -496.0000000000
5458 -495.0000000000
5493 -494.0000000000
5512 -493.0000000000
5526 -492.0000000000
5539 -491.0000000000
5550 -490.0000000000
5554 -489.0000000000
5563 -488.0000000000
5564 -487.0000000000
5569 -486.0000000000
5570 -485.0000000000
5571 -484.0000000000
5575 -483.0000000000
5578 -482.0000000000
5586 -481.0000000000
5590 -480.0000000000
5595 -479.0000000000
5633 -478.0000000000
5639 -477.0000000000
5642 -476.0000000000
5643 -475.0000000000
5655 -474.0000000000
5662 -473.0000000000
5663 -472.0000000000
5678 -471.0000000000
5686 -470.0000000000
5696 -469.0000000000
5716 -468.0000000000
5721 -467.0000000000
5724 -466.0000000000
5725 -465.0000000000
5761 -464.0000000000
5764 -463.0000000000
5769 -462.0000000000
5771 -461.0000000000
5773 -460.0000000000
5776 -459.0000000000
5777 -458.0000000000
5781 -457.0000000000
5787 -456.0000000000
5805 -455.0000000000
5806 -454.0000000000
5835 -453.0000000000
5836 -452.0000000000
5842 -451.0000000000
5848 -450.0000000000
5866 -449.0000000000
5871 -448.0000000000
5879 -447.0000000000
5883 -446.0000000000
5897 -445.0000000000
5901 -444.0000000000
5923 -443.0000000000
5933 -442.0000000000
5939 -441.0000000000
5949 -440.0000000000
5952 -439.0000000000
5956 -438.0000000000
5960 -437.0000000000
5977 -436.0000000000
5979 -435.0000000000
5987 -434.0000000000
5990 -433.0000000000
5993 -432.0000000000
6001 -431.0000000000
6003 -430.0000000000
6040 -429.0000000000
6042 -428.0000000000
6046 -427.0000000000
6059 -426.0000000000
6077 -425.0000000000
6096 -424.0000000000
6100 -423.0000000000
6101 -422.0000000000
6104 -421.0000000000
6106 -420.0000000000
6124 -419.0000000000
6134 -418.0000000000
6135 -417.0000000000
6136 -416.0000000000
6147 -415.0000000000
6163 -414.0000000000
6175 -413.0000000000
6178 -412.0000000000
6179 -411.0000000000
6186 -410.0000000000
6189 -409.0000000000
6195 -408.0000000000
6210 -407.0000000000
6246 -406.0000000000
6251 -405.0000000000
6267 -404.0000000000
6276 -403.0000000000
6281 -402.0000000000
6283 -401.0000000000
6289 -400.0000000000
6292 -399.0000000000
6293 -398.0000000000
6298 -397.0000000000
6319 -396.0000000000
6320 -395.0000000000
6328 -394.0000000000
6331 -393.0000000000
6342 -392.0000000000
6344 -391.0000000000
6359 -390.0000000000
6394 -389.0000000000
6456 -388.0000000000
6457 -387.0000000000
6459 -386.0000000000
6460 -385.0000000000
6474 -384.0000000000
6481 -383.0000000000
6483 -382.0000000000
6490 -381.0000000000
6500 -380.0000000000
6504 -379.0000000000
6508 -378.0000000000
6511 -377.0000000000
6518 -376.0000000000
6522 -375.0000000000
6535 -374.0000000000
6542 -373.0000000000
6554 -372.0000000000
6561 -371.0000000000
6574 -370.0000000000
6583 -369.0000000000
6602 -368.0000000000
6615 -367.0000000000
6619 -366.0000000000
6626 -365.0000000000
6627 -364.0000000000
6630 -363.0000000000
6631 -362.0000000000
6634 -361.0000000000
6640 -360.0000000000
6650 -359.0000000000
6651 -358.0000000000
6656 -357.0000000000
6669 -356.0000000000
6680 -355.0000000000
6687 -354.0000000000
6697 -353.0000000000
6699 -352.0000000000
6719 -351.0000000000
6739 -350.0000000000
6762 -349.0000000000
6776 -348.0000000000
6780 -347.0000000000
6782 -346.0000000000
6801 -345.0000000000
6805 -344.0000000000
6806 -343.0000000000
6808 -342.0000000000
6814 -341.0000000000
6822 -340.0000000000
6828 -339.0000000000
6831 -338.0000000000
6864 -337.0000000000
6874 -336.0000000000
6909 -335.0000000000
6931 -334.0000000000
6936 -333.0000000000
6950 -332.0000000000
6975 -331.0000000000
6977 -330.0000000000
6994 -329.0000000000
7012 -328.0000000000
7028 -327.0000000000
7031 -326.0000000000
7057 -325.0000000000
7066 -324.0000000000
7071 -323.0000000000
7087 -322.0000000000
7102 -321.0000000000
7109 -320.0000000000
7110 -319.0000000000
7122 -318.0000000000
7124 -317.0000000000
7140 -316.0000000000
7154 -315.0000000000
7160 -314.0000000000
7166 -313.0000000000
7177 -312.0000000000
7181 -311.0000000000
7186 -310.0000000000
7216 -309.0000000000
7220 -308.0000000000
7221 -307.0000000000
7228 -306.0000000000
7244 -305.0000000000
7246 -304.0000000000
7256 -303.0000000000
7278 -302.0000000000
7284 -301.0000000000
7291 -300.0000000000
7295 -299.0000000000
7305 -298.0000000000
7311 -297.0000000000
7349 -296.0000000000
7359 -295.0000000000
7362 -294.0000000000
7369 -293.0000000000
7385 -292.0000000000
7387 -291.0000000000
7417 -290.0000000000
7419 -289.0000000000
7426 -288.0000000000
7449 -287.0000000000
7460 -286.0000000000
7467 -285.0000000000
7468 -284.0000000000
7518 -283.0000000000
7525 -282.0000000000
7542 -281.0000000000
7585 -280.0000000000
7593 -279.0000000000
7594 -278.0000000000
7600 -277.0000000000
7602 -276.0000000000
7638 -275.0000000000
7639 -274.0000000000
7643 -273.0000000000
7656 -272.0000000000
7661 -271.0000000000
7686 -270.0000000000
7703 -269.0000000000
7719 -268.0000000000
7725 -267.0000000000
7740 -266.0000000000
7742 -265.0000000000
7764 -264.0000000000
7798 -263.0000000000
7804 -262.0000000000
7833 -261.0000000000
7852 -260.0000000000
7863 -259.0000000000
7886 -258.0000000000
7912 -257.0000000000
7978 -256.0000000000
7982 -255.0000000000
7991 -254.0000000000
7995 -253.0000000000
7998 -252.0000000000
8005 -251.0000000000
8025 -250.0000000000
8107 -249.0000000000
8108 -248.0000000000
8115 -247.0000000000
8148 -246.0000000000
8159 -245.0000000000
8206 -244.0000000000
8221 -243.0000000000
8228 -242.0000000000
8229 -241.0000000000
8238 -240.0000000000
8255 -239.0000000000
8266 -238.0000000000
8289 -237.0000000000
8292 -236.0000000000
8295 -235.0000000000
8307 -234.0000000000
8340 -233.0000000000
8369 -232.0000000000
8377 -231.0000000000
8389 -230.0000000000
8407 -229.0000000000
8408 -228.0000000000
8415 -227.0000000000
8426 -226.0000000000
8432 -225.0000000000
8442 -224.0000000000
8467 -223.0000000000
8468 -222.0000000000
8490 -221.0000000000
8525 -220.0000000000
8538 -219.0000000000
8593 -218.0000000000
8597 -217.0000000000
8598 -216.0000000000
8621 -215.0000000000
8626 -214.0000000000
8629 -213.0000000000
8639 -212.0000000000
8664 -211.0000000000
8669 -210.0000000000
8691 -209.0000000000
8772 -208.0000000000
8787 -207.0000000000
8789 -206.0000000000
8822 -205.0000000000
8831 -204.0000000000
8835 -203.0000000000
8842 -202.0000000000
8857 -201.0000000000
8864 -200.0000000000
8876 -199.0000000000
8926 -198.0000000000
8941 -197.0000000000
8952 -196.0000000000
8960 -195.0000000000
8987 -194.0000000000
8992 -193.0000000000
9000 -192.0000000000
9012 -191.0000000000
9044 -190.0000000000
9081 -189.0000000000
9154 -188.0000000000
9163 -187.0000000000
9199 -186.0000000000
9206 -185.0000000000
9221 -184.0000000000
9251 -183.0000000000
9252 -182.0000000000
9254 -181.0000000000
9308 -180.0000000000
9309 -179.0000000000
9351 -178.0000000000
9353 -177.0000000000
9372 -176.0000000000
9406 -175.0000000000
9536 -174.0000000000
9597 -173.0000000000
9602 -172.0000000000
9604 -171.0000000000
9614 -170.0000000000
9652 -169.0000000000
9664 -168.0000000000
9688 -167.0000000000
9722 -166.0000000000
9766 -165.0000000000
9839 -164.0000000000
9850 -163.0000000000
9889 -162.0000000000
9902 -161.0000000000
9957 -160.0000000000
9960 -159.0000000000
9962 -158.0000000000
10000 -159.0000000000
