# evaluation best
1 42.0
2 42.0
3 42.0
4 42.0
5 42.0
6 42.0
7 42.0
8 42.0
9 42.0
10 42.0
11 42.0
12 42.0
13 42.0
14 42.0
15 42.0
16 42.0
17 42.0
18 42.0
19 42.0
20 42.0
21 42.0
22 42.0
23 42.0
24 42.0
25 42.0
26 42.0
27 42.0
28 42.0
29 42.0
30 42.0
31 42.0
32 42.0
33 42.0
34 42.0
35 42.0
36 42.0
37 42.0
38 42.0
39 42.0
40 42.0
41 42.0
42 42.0
43 42.0
44 42.0
45 42.0
46 42.0
47 42.0
48 42.0
49 42.0
50 42.0
51 42.0
52 42.0
53 42.0
54 42.0
55 42.0
56 42.0
57 42.0
58 42.0
59 42.0
60 42.0
61 42.0
62 42.0
63 42.0
64 42.0
65 42.0
66 42.0
67 42.0
68 42.0
69 42.0
70 42.0
71 42.0
72 42.0
73 42.0
74 42.0
75 42.0
76 42.0
77 42.0
78 42.0
79 42.0
80 42.0
81 42.0
82 42.0
83 42.0
84 42.0
85 42.0
86 42.0
87 42.0
88 42.0
89 42.0
90 42.0
91 48.0
92 48.0
93 48.0
94 48.0
95 48.0
96 48.0
97 48.0
98 48.0
99 48.0
100 48.0
101 48.0
102 48.0
103 48.0
104 48.0
105 48.0
106 60.0
107 60.0
108 60.0
109 60.0
110 60.0
111 60.0
112 60.0
113 60.0
114 60.0
115 60.0
116 60.0
117 60.0
118 60.0
119 60.0
120 60.0
121 60.0
122 60.0
123 60.0
124 60.0
125 60.0
126 60.0
127 60.0
128 60.0
129 60.0
130 60.0
131 60.0
132 60.0
133 60.0
134 60.0
135 60.0
136 60.0
137 60.0
138 60.0
139 60.0
140 60.0
141 60.0
142 60.0
143 60.0
144 60.0
145 60.0
146 60.0
147 60.0
148 60.0
149 60.0
150 60.0
151 60.0
152 60.0
153 60.0
154 60.0
155 60.0
156 60.0
157 60.0
158 60.0
159 60.0
160 60.0
161 60.0
162 60.0
163 60.0
164 60.0
165 60.0
166 60.0
167 60.0
168 60.0
169 60.0
170 60.0
171 60.0
172 60.0
173 60.0
174 60.0
175 60.0
176 60.0
177 60.0
178 60.0
179 60.0
180 60.0
181 60.0
182 60.0
183 60.0
184 60.0
185 60.0
186 60.0
187 60.0
188 60.0
189 60.0
190 60.0
191 60.0
192 60.0
193 60.0
194 60.0
195 60.0
196 60.0
197 60.0
198 60.0
199 60.0
200 60.0
201 60.0
202 60.0
203 60.0
204 60.0
205 60.0
206 60.0
207 60.0
208 60.0
209 60.0
210 60.0
211 60.0
212 60.0
213 60.0
214 60.0
215 60.0
216 60.0
217 60.0
218 60.0
219 60.0
220 60.0
221 60.0
222 60.0
223 60.0
224 60.0
225 60.0
226 60.0
227 60.0
228 60.0
229 60.0
230 60.0
231 60.0
232 60.0
233 60.0
234 60.0
235 60.0
236 60.0
237 60.0
238 60.0
239 60.0
240 60.0
241 60.0
242 60.0
243 60.0
244 60.0
245 60.0
246 60.0
247 60.0
248 60.0
249 60.0
250 60.0
251 60.0
252 60.0
253 60.0
254 60.0
255 60.0
256 60.0
257 60.0
258 60.0
259 60.0
260 60.0
261 60.0
262 60.0
263 60.0
264 60.0
265 60.0
266 60.0
267 60.0
268 60.0
269 60.0
270 60.0
271 60.0
272 60.0
273 60.0
274 60.0
275 60.0
276 60.0
277 60.0
278 60.0
279 60.0
280 60.0
281 60.0
282 60.0
283 60.0
284 60.0
285 60.0
286 60.0
287 60.0
288 60.0
289 60.0
290 60.0
291 60.0
292 60.0
293 60.0
294 60.0
295 60.0
296 60.0
297 60.0
298 60.0
299 60.0
300 60.0
301 60.0
302 60.0
303 60.0
304 60.0
305 60.0
306 60.0
307 60.0
308 60.0
309 60.0
310 60.0
311 60.0
312 60.0
313 60.0
314 60.0
315 60.0
316 60.0
317 60.0
318 60.0
319 60.0
320 60.0
321 60.0
322 60.0
323 60.0
324 60.0
325 60.0
326 60.0
327 60.0
328 60.0
329 60.0
330 60.0
331 60.0
332 60.0
333 60.0
334 60.0
335 60.0
336 60.0
337 60.0
338 60.0
339 60.0
340 60.0
341 60.0
342 60.0
343 60.0
344 60.0
345 60.0
346 60.0
347 60.0
348 60.0
349 60.0
350 60.0
351 60.0
352 60.0
353 60.0
354 60.0
355 60.0
356 60.0
357 60.0
358 60.0
359 60.0
360 60.0
361 60.0
362 60.0
363 60.0
364 60.0
365 60.0
366 60.0
367 60.0
368 60.0
369 60.0
370 60.0
371 60.0
372 60.0
373 60.0
374 60.0
375 60.0
376 60.0
377 60.0
378 60.0
379 60.0
380 60.0
381 60.0
382 60.0
383 60.0
384 60.0
385 60.0
386 60.0
387 60.0
388 60.0
389 60.0
390 60.0
391 60.0
392 60.0
393 60.0
394 60.0
395 60.0
396 60.0
397 60.0
398 60.0
399 60.0
400 60.0
401 60.0
402 60.0
403 60.0
404 60.0
405 60.0
406 60.0
407 60.0
408 60.0
409 60.0
410 60.0
411 60.0
412 60.0
413 60.0
414 60.0
415 60.0
416 60.0
417 60.0
418 60.0
419 60.0
420 60.0
421 60.0
422 60.0
423 60.0
424 60.0
425 60.0
426 60.0
427 60.0
428 60.0
429 60.0
430 60.0
431 60.0
432 60.0
433 60.0
434 60.0
435 60.0
436 60.0
437 60.0
438 60.0
439 60.0
440 60.0
441 60.0
442 60.0
443 60.0
444 60.0
445 60.0
446 60.0
447 60.0
448 60.0
449 60.0
450 60.0
451 60.0
452 60.0
453 60.0
454 60.0
455 60.0
456 60.0
457 60.0
458 60.0
459 60.0
460 60.0
461 60.0
462 60.0
463 60.0
464 60.0
465 60.0
466 60.0
467 60.0
468 60.0
469 60.0
470 60.0
471 60.0
472 60.0
473 60.0
474 60.0
475 60.0
476 60.0
477 60.0
478 60.0
479 60.0
480 60.0
481 60.0
482 60.0
483 60.0
484 60.0
485 60.0
486 60.0
487 60.0
488 60.0
489 60.0
490 60.0
491 60.0
492 60.0
493 60.0
494 60.0
495 60.0
496 60.0
497 60.0
498 60.0
499 60.0
500 60.0
501 60.0
502 60.0
503 60.0
504 60.0
505 60.0
506 60.0
507 60.0
508 60.0
509 60.0
510 60.0
511 60.0
512 60.0
513 60.0
514 60.0
515 60.0
516 60.0
517 60.0
518 60.0
519 60.0
520 60.0
521 60.0
522 60.0
523 60.0
524 60.0
525 60.0
526 60.0
527 60.0
528 60.0
529 60.0
530 60.0
531 60.0
532 60.0
533 60.0
534 60.0
535 60.0
536 60.0
537 60.0
538 60.0
539 60.0
540 60.0
541 60.0
542 60.0
543 60.0
544 60.0
545 60.0
546 60.0
547 60.0
548 60.0
549 60.0
550 60.0
551 60.0
552 60.0
553 60.0
554 60.0
555 60.0
556 60.0
557 60.0
558 60.0
559 60.0
560 60.0
561 60.0
562 60.0
563 60.0
564 60.0
565 60.0
566 60.0
567 60.0
568 60.0
569 60.0
570 60.0
571 60.0
572 60.0
573 60.0
574 60.0
575 60.0
576 60.0
577 60.0
578 60.0
579 60.0
580 60.0
581 60.0
582 60.0
583 60.0
584 60.0
585 60.0
586 60.0
587 60.0
588 60.0
589 60.0
590 60.0
591 60.0
592 60.0
593 60.0
594 60.0
595 60.0
596 60.0
597 60.0
598 60.0
599 60.0
600 60.0
601 60.0
602 60.0
603 60.0
604 60.0
605 60.0
606 60.0
607 60.0
608 60.0
609 60.0
610 60.0
611 60.0
612 60.0
613 60.0
614 60.0
615 60.0
616 60.0
617 60.0
618 60.0
619 60.0
620 60.0
621 60.0
622 60.0
623 60.0
624 60.0
625 60.0
626 60.0
627 60.0
628 60.0
629 60.0
630 60.0
631 60.0
632 60.0
633 60.0
634 60.0
635 60.0
636 60.0
637 60.0
638 60.0
639 60.0
640 60.0
641 60.0
642 60.0
643 60.0
644 60.0
645 60.0
646 60.0
647 60.0
648 60.0
649 60.0
650 60.0
651 60.0
652 60.0
653 60.0
654 60.0
655 60.0
656 60.0
657 60.0
658 60.0
659 60.0
660 60.0
661 60.0
662 60.0
663 60.0
664 60.0
665 60.0
666 60.0
667 60.0
668 60.0
669 60.0
670 60.0
671 60.0
672 60.0
673 60.0
674 60.0
675 60.0
676 60.0
677 60.0
678 60.0
679 60.0
680 60.0
681 60.0
682 60.0
683 60.0
684 60.0
685 60.0
686 60.0
687 60.0
688 60.0
689 60.0
690 60.0
691 60.0
692 60.0
693 60.0
694 60.0
695 60.0
696 60.0
697 60.0
698 60.0
699 60.0
700 60.0
701 60.0
702 60.0
703 60.0
704 60.0
705 60.0
706 60.0
707 60.0
708 60.0
709 60.0
710 60.0
711 60.0
712 60.0
713 60.0
714 60.0
715 60.0
716 60.0
717 60.0
718 60.0
719 60.0
720 60.0
721 60.0
722 60.0
723 60.0
724 60.0
725 60.0
726 60.0
727 60.0
728 60.0
729 60.0
730 60.0
731 60.0
732 60.0
733 60.0
734 60.0
735 60.0
736 60.0
737 60.0
738 60.0
739 60.0
740 60.0
741 60.0
742 60.0
743 60.0
744 60.0
745 60.0
746 60.0
747 60.0
748 60.0
749 60.0
750 60.0
751 60.0
752 60.0
753 60.0
754 60.0
755 60.0
756 60.0
757 60.0
758 60.0
759 60.0
760 60.0
761 60.0
762 60.0
763 60.0
764 60.0
765 60.0
766 60.0
767 60.0
768 60.0
769 60.0
770 60.0
771 60.0
772 60.0
773 60.0
774 60.0
775 60.0
776 60.0
777 60.0
778 60.0
779 60.0
780 60.0
781 60.0
782 60.0
783 60.0
784 60.0
785 60.0
786 60.0
787 60.0
788 60.0
789 60.0
790 60.0
791 60.0
792 60.0
793 60.0
794 60.0
795 60.0
796 60.0
797 60.0
798 60.0
799 60.0
800 60.0
801 60.0
802 60.0
803 60.0
804 60.0
805 60.0
806 60.0
807 60.0
808 60.0
809 60.0
810 60.0
811 60.0
812 60.0
813 60.0
814 60.0
815 60.0
816 60.0
817 60.0
818 60.0
819 60.0
820 60.0
821 60.0
822 60.0
823 60.0
824 60.0
825 60.0
826 60.0
827 60.0
828 60.0
829 60.0
830 60.0
831 60.0
832 60.0
833 60.0
834 60.0
835 60.0
836 60.0
837 60.0
838 60.0
839 60.0
840 60.0
841 60.0
842 60.0
843 60.0
844 60.0
845 60.0
846 60.0
847 60.0
848 60.0
849 60.0
850 60.0
851 60.0
852 60.0
853 60.0
854 60.0
855 60.0
856 60.0
857 60.0
858 60.0
859 60.0
860 60.0
861 60.0
862 60.0
863 60.0
864 60.0
865 60.0
866 60.0
867 60.0
868 60.0
869 60.0
870 60.0
871 60.0
872 60.0
873 60.0
874 60.0
875 60.0
876 60.0
877 60.0
878 60.0
879 60.0
880 60.0
881 60.0
882 60.0
883 60.0
884 60.0
885 60.0
886 60.0
887 60.0
888 60.0
889 60.0
890 60.0
891 60.0
892 60.0
893 60.0
894 60.0
895 60.0
896 60.0
897 60.0
898 60.0
899 60.0
900 60.0
901 60.0
902 60.0
903 60.0
904 60.0
905 60.0
906 60.0
907 60.0
908 60.0
909 60.0
910 60.0
911 60.0
912 60.0
913 60.0
914 60.0
915 60.0
916 60.0
917 60.0
918 60.0
919 60.0
920 60.0
921 60.0
922 60.0
923 60.0
924 60.0
925 60.0
926 60.0
927 60.0
928 60.0
929 60.0
930 60.0
931 60.0
932 60.0
933 60.0
934 60.0
935 60.0
936 60.0
937 60.0
938 60.0
939 60.0
940 60.0
941 60.0
942 60.0
943 60.0
944 60.0
945 60.0
946 60.0
947 60.0
948 60.0
949 60.0
950 60.0
951 60.0
952 60.0
953 60.0
954 60.0
955 60.0
956 60.0
957 60.0
958 60.0
959 60.0
960 60.0
961 60.0
962 60.0
963 60.0
964 60.0
965 60.0
966 60.0
967 60.0
968 60.0
969 60.0
970 60.0
971 60.0
972 60.0
973 60.0
974 60.0
975 60.0
976 60.0
977 60.0
978 60.0
979 60.0
980 60.0
981 60.0
982 60.0
983 60.0
984 60.0
985 60.0
986 60.0
987 60.0
988 60.0
989 60.0
990 60.0
991 60.0
992 60.0
993 60.0
994 60.0
995 60.0
996 60.0
997 60.0
998 60.0
999 60.0
1000 60.0
1001 60.0
1002 60.0
1003 60.0
1004 60.0
1005 60.0
1006 60.0
1007 60.0
1008 60.0
1009 60.0
1010 60.0
1011 60.0
1012 60.0
1013 60.0
1014 60.0
1015 60.0
1016 60.0
1017 60.0
1018 60.0
1019 60.0
1020 60.0
1021 60.0
1022 60.0
1023 60.0
1024 60.0
1025 60.0
1026 60.0
1027 60.0
1028 60.0
1029 60.0
1030 60.0
1031 60.0
1032 60.0
1033 60.0
1034 60.0
1035 60.0
1036 60.0
1037 60.0
1038 60.0
1039 60.0
1040 60.0
1041 60.0
1042 60.0
1043 60.0
1044 60.0
1045 60.0
1046 60.0
1047 60.0
1048 60.0
1049 60.0
1050 60.0
1051 60.0
1052 60.0
1053 60.0
1054 60.0
1055 60.0
1056 60.0
1057 60.0
1058 60.0
1059 60.0
1060 60.0
1061 60.0
1062 60.0
1063 60.0
1064 60.0
1065 60.0
1066 60.0
1067 60.0
1068 60.0
1069 60.0
1070 60.0
1071 60.0
1072 60.0
1073 60.0
1074 60.0
1075 60.0
1076 60.0
1077 60.0
1078 60.0
1079 60.0
1080 60.0
1081 60.0
1082 60.0
1083 60.0
1084 60.0
1085 60.0
1086 60.0
1087 60.0
1088 60.0
1089 60.0
1090 60.0
1091 60.0
1092 60.0
1093 60.0
1094 60.0
1095 60.0
1096 60.0
1097 60.0
1098 60.0
1099 60.0
1100 60.0
1101 60.0
1102 60.0
1103 60.0
1104 60.0
1105 60.0
1106 60.0
1107 60.0
1108 60.0
1109 60.0
1110 60.0
1111 60.0
1112 60.0
1113 60.0
1114 60.0
1115 60.0
1116 60.0
1117 60.0
1118 60.0
1119 60.0
1120 60.0
1121 60.0
1122 60.0
1123 60.0
1124 60.0
1125 60.0
1126 60.0
1127 60.0
1128 60.0
1129 60.0
1130 60.0
1131 60.0
1132 60.0
1133 60.0
1134 60.0
1135 60.0
1136 60.0
1137 60.0
1138 60.0
1139 60.0
1140 60.0
1141 60.0
1142 60.0
1143 60.0
1144 60.0
1145 60.0
1146 60.0
1147 60.0
1148 60.0
1149 60.0
1150 60.0
1151 60.0
1152 60.0
1153 60.0
1154 60.0
1155 60.0
1156 60.0
1157 60.0
1158 60.0
1159 60.0
1160 60.0
1161 60.0
1162 60.0
1163 60.0
1164 60.0
1165 60.0
1166 60.0
1167 60.0
1168 60.0
1169 60.0
1170 60.0
1171 60.0
1172 60.0
1173 60.0
1174 60.0
1175 60.0
1176 60.0
1177 60.0
1178 60.0
1179 60.0
1180 60.0
1181 60.0
1182 60.0
1183 60.0
1184 60.0
1185 60.0
1186 60.0
1187 60.0
1188 60.0
1189 60.0
1190 60.0
1191 60.0
1192 60.0
1193 60.0
1194 60.0
1195 60.0
1196 60.0
1197 60.0
1198 60.0
1199 60.0
1200 60.0
1201 60.0
1202 60.0
1203 60.0
1204 60.0
1205 60.0
1206 60.0
1207 60.0
1208 60.0
1209 60.0
1210 60.0
1211 60.0
1212 60.0
1213 60.0
1214 60.0
1215 60.0
1216 60.0
1217 60.0
1218 60.0
1219 60.0
1220 60.0
1221 60.0
1222 60.0
1223 60.0
1224 60.0
1225 60.0
1226 60.0
1227 60.0
1228 60.0
1229 60.0
1230 60.0
1231 60.0
1232 60.0
1233 60.0
1234 60.0
1235 60.0
1236 60.0
1237 60.0
1238 60.0
1239 60.0
1240 60.0
1241 60.0
1242 60.0
1243 60.0
1244 60.0
1245 60.0
1246 60.0
1247 60.0
1248 60.0
1249 60.0
1250 60.0
1251 60.0
1252 60.0
1253 60.0
1254 60.0
1255 60.0
1256 60.0
1257 60.0
1258 60.0
1259 60.0
1260 60.0
1261 60.0
1262 60.0
1263 60.0
1264 60.0
1265 60.0
1266 60.0
1267 60.0
1268 60.0
1269 60.0
1270 60.0
1271 60.0
1272 60.0
1273 60.0
1274 60.0
1275 60.0
1276 60.0
1277 60.0
1278 60.0
1279 60.0
1280 60.0
1281 60.0
1282 60.0
1283 60.0
1284 60.0
1285 60.0
1286 60.0
1287 60.0
1288 60.0
1289 60.0
1290 60.0
1291 60.0
1292 60.0
1293 60.0
1294 60.0
1295 60.0
1296 60.0
1297 60.0
1298 60.0
1299 60.0
1300 60.0
1301 60.0
1302 60.0
1303 60.0
1304 60.0
1305 60.0
1306 60.0
1307 60.0
1308 60.0
1309 60.0
1310 60.0
1311 60.0
1312 60.0
1313 60.0
1314 60.0
1315 60.0
1316 60.0
1317 60.0
1318 60.0
1319 60.0
1320 60.0
1321 60.0
1322 60.0
1323 60.0
1324 60.0
1325 60.0
1326 60.0
1327 60.0
1328 60.0
1329 60.0
1330 60.0
1331 60.0
1332 60.0
1333 60.0
1334 60.0
1335 60.0
1336 60.0
1337 60.0
1338 60.0
1339 60.0
1340 60.0
1341 60.0
1342 60.0
1343 60.0
1344 60.0
1345 60.0
1346 60.0
1347 60.0
1348 60.0
1349 60.0
1350 60.0
1351 60.0
1352 60.0
1353 60.0
1354 60.0
1355 60.0
1356 60.0
1357 60.0
1358 60.0
1359 60.0
1360 60.0
1361 60.0
1362 60.0
1363 60.0
1364 60.0
1365 60.0
1366 60.0
1367 60.0
1368 60.0
1369 60.0
1370 60.0
1371 60.0
1372 60.0
1373 60.0
1374 60.0
1375 60.0
1376 60.0
1377 60.0
1378 60.0
1379 60.0
1380 60.0
1381 60.0
1382 60.0
1383 60.0
1384 60.0
1385 60.0
1386 60.0
1387 60.0
1388 60.0
1389 60.0
1390 60.0
1391 60.0
1392 60.0
1393 60.0
1394 60.0
1395 60.0
1396 60.0
1397 60.0
1398 60.0
1399 60.0
1400 60.0
1401 60.0
1402 60.0
1403 62.0
1404 62.0
1405 62.0
1406 62.0
1407 62.0
1408 62.0
1409 62.0
1410 62.0
1411 62.0
1412 62.0
1413 62.0
1414 62.0
1415 62.0
1416 62.0
1417 62.0
1418 62.0
1419 62.0
1420 62.0
1421 62.0
1422 62.0
1423 62.0
1424 62.0
1425 62.0
1426 62.0
1427 62.0
1428 62.0
1429 62.0
1430 62.0
1431 62.0
1432 62.0
1433 62.0
1434 62.0
1435 62.0
1436 62.0
1437 62.0
1438 62.0
1439 62.0
1440 62.0
1441 62.0
1442 62.0
1443 62.0
1444 62.0
1445 62.0
1446 62.0
1447 62.0
1448 62.0
1449 62.0
1450 62.0
1451 62.0
1452 62.0
1453 62.0
1454 62.0
1455 62.0
1456 62.0
1457 62.0
1458 62.0
1459 62.0
1460 62.0
1461 62.0
1462 62.0
1463 62.0
1464 62.0
1465 62.0
1466 62.0
1467 62.0
1468 62.0
1469 62.0
1470 62.0
1471 62.0
1472 62.0
1473 62.0
1474 62.0
1475 62.0
1476 62.0
1477 62.0
1478 62.0
1479 62.0
1480 62.0
1481 62.0
1482 62.0
1483 62.0
1484 62.0
1485 62.0
1486 62.0
1487 62.0
1488 62.0
1489 62.0
1490 62.0
1491 62.0
1492 62.0
1493 62.0
1494 62.0
1495 62.0
1496 62.0
1497 62.0
1498 62.0
1499 62.0
1500 62.0
1501 62.0
1502 62.0
1503 62.0
1504 62.0
1505 62.0
1506 62.0
1507 62.0
1508 62.0
1509 62.0
1510 62.0
1511 62.0
1512 62.0
1513 62.0
1514 62.0
1515 62.0
1516 62.0
1517 62.0
1518 62.0
1519 62.0
1520 62.0
1521 62.0
1522 62.0
1523 62.0
1524 62.0
1525 62.0
1526 62.0
1527 62.0
1528 62.0
1529 62.0
1530 62.0
1531 62.0
1532 62.0
1533 62.0
1534 62.0
1535 62.0
1536 62.0
1537 62.0
1538 62.0
1539 62.0
1540 62.0
1541 62.0
1542 62.0
1543 62.0
1544 62.0
1545 62.0
1546 62.0
1547 62.0
1548 62.0
1549 62.0
1550 62.0
1551 62.0
1552 62.0
1553 62.0
1554 62.0
1555 62.0
1556 62.0
1557 62.0
1558 62.0
1559 62.0
1560 62.0
1561 62.0
1562 62.0
1563 62.0
1564 62.0
1565 62.0
1566 62.0
1567 62.0
1568 62.0
1569 62.0
1570 62.0
1571 62.0
1572 62.0
1573 62.0
1574 62.0
1575 62.0
1576 62.0
1577 62.0
1578 62.0
1579 62.0
1580 62.0
1581 62.0
1582 62.0
1583 62.0
1584 62.0
1585 62.0
1586 62.0
1587 62.0
1588 62.0
1589 62.0
1590 62.0
1591 62.0
1592 62.0
1593 62.0
1594 62.0
1595 62.0
1596 62.0
1597 62.0
1598 62.0
1599 62.0
1600 62.0
1601 62.0
1602 62.0
1603 62.0
1604 62.0
1605 62.0
1606 62.0
1607 62.0
1608 62.0
1609 62.0
1610 62.0
1611 62.0
1612 62.0
1613 62.0
1614 62.0
1615 62.0
1616 62.0
1617 62.0
1618 62.0
1619 62.0
1620 62.0
1621 62.0
1622 62.0
1623 62.0
1624 62.0
1625 62.0
1626 62.0
1627 62.0
1628 62.0
1629 62.0
1630 62.0
1631 62.0
1632 62.0
1633 62.0
1634 62.0
1635 62.0
1636 62.0
1637 62.0
1638 62.0
1639 62.0
1640 62.0
1641 62.0
1642 62.0
1643 62.0
1644 62.0
1645 62.0
1646 62.0
1647 62.0
1648 62.0
1649 62.0
1650 62.0
1651 62.0
1652 62.0
1653 62.0
1654 62.0
1655 62.0
1656 62.0
1657 62.0
1658 62.0
1659 62.0
1660 62.0
1661 62.0
1662 62.0
1663 62.0
1664 62.0
1665 62.0
1666 62.0
1667 62.0
1668 62.0
1669 62.0
1670 62.0
1671 62.0
1672 62.0
1673 62.0
1674 62.0
1675 62.0
1676 62.0
1677 62.0
1678 62.0
1679 62.0
1680 62.0
1681 62.0
1682 62.0
1683 62.0
1684 62.0
1685 62.0
1686 62.0
1687 62.0
1688 62.0
1689 62.0
1690 62.0
1691 62.0
1692 62.0
1693 62.0
1694 62.0
1695 62.0
1696 62.0
1697 62.0
1698 62.0
1699 62.0
1700 62.0
1701 62.0
1702 62.0
1703 62.0
1704 62.0
1705 62.0
1706 62.0
1707 62.0
1708 62.0
1709 62.0
1710 62.0
1711 62.0
1712 62.0
1713 62.0
1714 62.0
1715 62.0
1716 62.0
1717 62.0
1718 62.0
1719 62.0
1720 62.0
1721 62.0
1722 62.0
1723 62.0
1724 62.0
1725 62.0
1726 62.0
1727 62.0
1728 62.0
1729 62.0
1730 62.0
1731 62.0
1732 62.0
1733 62.0
1734 62.0
1735 62.0
1736 62.0
1737 62.0
1738 62.0
1739 62.0
1740 62.0
1741 62.0
1742 62.0
1743 62.0
1744 62.0
1745 62.0
1746 62.0
1747 62.0
1748 62.0
1749 62.0
1750 62.0
1751 62.0
1752 62.0
1753 62.0
1754 62.0
1755 62.0
1756 62.0
1757 62.0
1758 62.0
1759 62.0
1760 62.0
1761 62.0
1762 62.0
1763 62.0
1764 62.0
1765 62.0
1766 62.0
1767 62.0
1768 62.0
1769 62.0
1770 62.0
1771 62.0
1772 62.0
1773 62.0
1774 62.0
1775 62.0
1776 62.0
1777 62.0
1778 62.0
1779 62.0
1780 62.0
1781 62.0
1782 62.0
1783 62.0
1784 62.0
1785 62.0
1786 62.0
1787 62.0
1788 62.0
1789 62.0
1790 62.0
1791 62.0
1792 62.0
1793 62.0
1794 62.0
1795 62.0
1796 62.0
1797 62.0
1798 62.0
1799 62.0
1800 62.0
1801 62.0
1802 62.0
1803 62.0
1804 62.0
1805 62.0
1806 62.0
1807 62.0
1808 62.0
1809 62.0
1810 62.0
1811 62.0
1812 62.0
1813 62.0
1814 62.0
1815 62.0
1816 62.0
1817 62.0
1818 62.0
1819 62.0
1820 62.0
1821 62.0
1822 62.0
1823 62.0
1824 62.0
1825 62.0
1826 62.0
1827 62.0
1828 62.0
1829 62.0
1830 62.0
1831 62.0
1832 62.0
1833 62.0
1834 62.0
1835 62.0
1836 62.0
1837 62.0
1838 62.0
1839 62.0
1840 62.0
1841 62.0
1842 62.0
1843 62.0
1844 62.0
1845 62.0
1846 62.0
1847 62.0
1848 62.0
1849 62.0
1850 62.0
1851 62.0
1852 62.0
1853 62.0
1854 62.0
1855 62.0
1856 62.0
1857 62.0
1858 62.0
1859 62.0
1860 62.0
1861 62.0
1862 62.0
1863 62.0
1864 62.0
1865 62.0
1866 62.0
1867 62.0
1868 62.0
1869 62.0
1870 62.0
1871 62.0
1872 62.0
1873 62.0
1874 62.0
1875 62.0
1876 62.0
1877 62.0
1878 62.0
1879 62.0
1880 62.0
1881 62.0
1882 62.0
1883 62.0
1884 62.0
1885 62.0
1886 62.0
1887 62.0
1888 62.0
1889 62.0
1890 62.0
1891 62.0
1892 62.0
1893 62.0
1894 62.0
1895 62.0
1896 62.0
1897 62.0
1898 62.0
1899 62.0
1900 62.0
1901 62.0
1902 62.0
1903 62.0
1904 62.0
1905 62.0
1906 62.0
1907 62.0
1908 62.0
1909 62.0
1910 62.0
1911 62.0
1912 62.0
1913 62.0
1914 62.0
1915 62.0
1916 62.0
1917 62.0
1918 62.0
1919 62.0
1920 62.0
1921 62.0
1922 62.0
1923 62.0
1924 62.0
1925 62.0
1926 62.0
1927 62.0
1928 62.0
1929 62.0
1930 62.0
1931 62.0
1932 62.0
1933 62.0
1934 62.0
1935 62.0
1936 62.0
1937 62.0
1938 62.0
1939 62.0
1940 62.0
1941 62.0
1942 62.0
1943 62.0
1944 62.0
1945 62.0
1946 62.0
1947 62.0
1948 62.0
1949 62.0
1950 62.0
1951 62.0
1952 62.0
1953 62.0
1954 62.0
1955 62.0
1956 62.0
1957 62.0
1958 62.0
1959 62.0
1960 62.0
1961 62.0
1962 62.0
1963 62.0
1964 62.0
1965 62.0
1966 62.0
1967 62.0
1968 62.0
1969 62.0
1970 62.0
1971 62.0
1972 62.0
1973 62.0
1974 62.0
1975 62.0
1976 62.0
1977 62.0
1978 62.0
1979 62.0
1980 62.0
1981 62.0
1982 62.0
1983 62.0
1984 62.0
1985 62.0
1986 62.0
1987 62.0
1988 62.0
1989 62.0
1990 62.0
1991 62.0
1992 62.0
1993 62.0
1994 62.0
1995 62.0
1996 62.0
1997 62.0
1998 62.0
1999 62.0
2000 62.0
2001 62.0
2002 62.0
2003 62.0
2004 62.0
2005 62.0
2006 62.0
2007 62.0
2008 62.0
2009 62.0
2010 62.0
2011 62.0
2012 62.0
2013 62.0
2014 62.0
2015 62.0
2016 62.0
2017 62.0
2018 62.0
2019 62.0
2020 62.0
2021 62.0
2022 62.0
2023 62.0
2024 62.0
2025 62.0
2026 62.0
2027 62.0
2028 62.0
2029 62.0
2030 62.0
2031 62.0
2032 62.0
2033 62.0
2034 62.0
2035 62.0
2036 62.0
2037 62.0
2038 62.0
2039 62.0
2040 62.0
2041 62.0
2042 62.0
2043 62.0
2044 62.0
2045 62.0
2046 62.0
2047 62.0
2048 62.0
2049 62.0
2050 62.0
2051 62.0
2052 62.0
2053 62.0
2054 62.0
2055 62.0
2056 62.0
2057 62.0
2058 62.0
2059 62.0
2060 62.0
2061 62.0
2062 62.0
2063 62.0
2064 62.0
2065 62.0
2066 62.0
2067 62.0
2068 62.0
2069 62.0
2070 62.0
2071 62.0
2072 62.0
2073 62.0
2074 62.0
2075 62.0
2076 62.0
2077 62.0
2078 62.0
2079 62.0
2080 62.0
2081 62.0
2082 62.0
2083 62.0
2084 62.0
2085 62.0
2086 62.0
2087 62.0
2088 62.0
2089 62.0
2090 62.0
2091 63.0
2092 63.0
2093 63.0
2094 63.0
2095 63.0
2096 63.0
2097 63.0
2098 63.0
2099 63.0
2100 63.0
2101 63.0
2102 63.0
2103 63.0
2104 63.0
2105 63.0
2106 63.0
2107 63.0
2108 63.0
2109 63.0
2110 63.0
2111 63.0
2112 63.0
2113 63.0
2114 63.0
2115 63.0
2116 63.0
2117 63.0
2118 63.0
2119 63.0
2120 63.0
2121 63.0
2122 63.0
2123 63.0
2124 63.0
2125 63.0
2126 63.0
2127 63.0
2128 63.0
2129 63.0
2130 63.0
2131 63.0
2132 63.0
2133 63.0
2134 63.0
2135 63.0
2136 63.0
2137 63.0
2138 63.0
2139 63.0
2140 63.0
2141 63.0
2142 63.0
2143 63.0
2144 63.0
2145 63.0
2146 63.0
2147 63.0
2148 63.0
2149 63.0
2150 63.0
2151 63.0
2152 63.0
2153 63.0
2154 63.0
2155 63.0
2156 63.0
2157 63.0
2158 63.0
2159 63.0
2160 63.0
2161 63.0
2162 63.0
2163 63.0
2164 63.0
2165 63.0
2166 63.0
2167 63.0
2168 63.0
2169 63.0
2170 63.0
2171 63.0
2172 63.0
2173 63.0
2174 63.0
2175 63.0
2176 63.0
2177 63.0
2178 63.0
2179 63.0
2180 63.0
2181 63.0
2182 63.0
2183 63.0
2184 63.0
2185 63.0
2186 63.0
2187 63.0
2188 63.0
2189 63.0
2190 63.0
2191 63.0
2192 63.0
2193 63.0
2194 63.0
2195 63.0
2196 63.0
2197 63.0
2198 63.0
2199 63.0
2200 63.0
2201 63.0
2202 63.0
2203 63.0
2204 63.0
2205 63.0
2206 63.0
2207 63.0
2208 63.0
2209 63.0
2210 63.0
2211 63.0
2212 63.0
2213 63.0
2214 63.0
2215 63.0
2216 63.0
2217 63.0
2218 63.0
2219 63.0
2220 63.0
2221 63.0
2222 63.0
2223 63.0
2224 63.0
2225 63.0
2226 63.0
2227 63.0
2228 63.0
2229 63.0
2230 63.0
2231 63.0
2232 63.0
2233 63.0
2234 63.0
2235 63.0
2236 63.0
2237 63.0
2238 63.0
2239 63.0
2240 63.0
2241 63.0
2242 63.0
2243 63.0
2244 63.0
2245 63.0
2246 63.0
2247 63.0
2248 63.0
2249 63.0
2250 63.0
2251 63.0
2252 63.0
2253 63.0
2254 63.0
2255 63.0
2256 63.0
2257 63.0
2258 63.0
2259 63.0
2260 63.0
2261 63.0
2262 63.0
2263 63.0
2264 63.0
2265 63.0
2266 63.0
2267 63.0
2268 63.0
2269 63.0
2270 63.0
2271 63.0
2272 63.0
2273 63.0
2274 63.0
2275 63.0
2276 63.0
2277 63.0
2278 63.0
2279 63.0
2280 63.0
2281 63.0
2282 63.0
2283 63.0
2284 63.0
2285 63.0
2286 63.0
2287 63.0
2288 63.0
2289 63.0
2290 63.0
2291 63.0
2292 63.0
2293 63.0
2294 63.0
2295 63.0
2296 63.0
2297 63.0
2298 63.0
2299 63.0
2300 63.0
2301 63.0
2302 63.0
2303 63.0
2304 63.0
2305 63.0
2306 63.0
2307 63.0
2308 63.0
2309 63.0
2310 63.0
2311 63.0
2312 63.0
2313 63.0
2314 63.0
2315 63.0
2316 63.0
2317 63.0
2318 63.0
2319 63.0
2320 63.0
2321 63.0
2322 63.0
2323 63.0
2324 63.0
2325 63.0
2326 63.0
2327 63.0
2328 63.0
2329 63.0
2330 63.0
2331 63.0
2332 63.0
2333 63.0
2334 63.0
2335 63.0
2336 63.0
2337 63.0
2338 63.0
2339 63.0
2340 63.0
2341 63.0
2342 63.0
2343 63.0
2344 63.0
2345 63.0
2346 63.0
2347 63.0
2348 63.0
2349 63.0
2350 63.0
2351 63.0
2352 63.0
2353 63.0
2354 63.0
2355 63.0
2356 63.0
2357 63.0
2358 63.0
2359 63.0
2360 63.0
2361 63.0
2362 63.0
2363 63.0
2364 63.0
2365 63.0
2366 63.0
2367 63.0
2368 63.0
2369 63.0
2370 63.0
2371 63.0
2372 63.0
2373 63.0
2374 63.0
2375 63.0
2376 63.0
2377 63.0
2378 63.0
2379 63.0
2380 63.0
2381 63.0
2382 63.0
2383 63.0
2384 63.0
2385 63.0
2386 63.0
2387 63.0
2388 63.0
2389 63.0
2390 63.0
2391 63.0
2392 63.0
2393 63.0
2394 63.0
2395 63.0
2396 63.0
2397 63.0
2398 63.0
2399 63.0
2400 63.0
2401 63.0
2402 63.0
2403 63.0
2404 63.0
2405 63.0
2406 63.0
2407 63.0
2408 63.0
2409 63.0
2410 63.0
2411 63.0
2412 63.0
2413 63.0
2414 63.0
2415 63.0
2416 63.0
2417 63.0
2418 63.0
2419 63.0
2420 63.0
2421 63.0
2422 63.0
2423 63.0
2424 63.0
2425 63.0
2426 63.0
2427 63.0
2428 63.0
2429 63.0
2430 63.0
2431 63.0
2432 63.0
2433 63.0
2434 63.0
2435 63.0
2436 63.0
2437 63.0
2438 63.0
2439 63.0
2440 63.0
2441 63.0
2442 63.0
2443 63.0
2444 63.0
2445 63.0
2446 63.0
2447 63.0
2448 63.0
2449 63.0
2450 63.0
2451 63.0
2452 63.0
2453 63.0
2454 63.0
2455 63.0
2456 63.0
2457 63.0
2458 63.0
2459 63.0
2460 63.0
2461 63.0
2462 63.0
2463 63.0
2464 63.0
2465 63.0
2466 63.0
2467 63.0
2468 63.0
2469 63.0
2470 63.0
2471 63.0
2472 63.0
2473 63.0
2474 63.0
2475 63.0
2476 63.0
2477 63.0
2478 63.0
2479 63.0
2480 63.0
2481 63.0
2482 63.0
2483 63.0
2484 63.0
2485 63.0
2486 63.0
2487 63.0
2488 63.0
2489 63.0
2490 63.0
2491 63.0
2492 63.0
2493 63.0
2494 63.0
2495 63.0
2496 63.0
2497 63.0
2498 63.0
2499 63.0
2500 63.0
2501 63.0
2502 63.0
2503 63.0
2504 63.0
2505 63.0
2506 63.0
2507 63.0
2508 63.0
2509 63.0
2510 63.0
2511 63.0
2512 63.0
2513 63.0
2514 63.0
2515 63.0
2516 63.0
2517 63.0
2518 63.0
2519 63.0
2520 63.0
2521 63.0
2522 63.0
2523 63.0
2524 63.0
2525 63.0
2526 63.0
2527 63.0
2528 63.0
2529 63.0
2530 63.0
2531 63.0
2532 63.0
2533 63.0
2534 63.0
2535 63.0
2536 63.0
2537 63.0
2538 63.0
2539 63.0
2540 63.0
2541 63.0
2542 63.0
2543 63.0
2544 63.0
2545 63.0
2546 63.0
2547 63.0
2548 63.0
2549 63.0
2550 63.0
2551 63.0
2552 63.0
2553 63.0
2554 63.0
2555 63.0
2556 63.0
2557 63.0
2558 63.0
2559 63.0
2560 63.0
2561 63.0
2562 63.0
2563 63.0
2564 63.0
2565 63.0
2566 63.0
2567 63.0
2568 63.0
2569 63.0
2570 63.0
2571 63.0
2572 63.0
2573 63.0
2574 63.0
2575 63.0
2576 63.0
2577 63.0
2578 63.0
2579 63.0
2580 63.0
2581 63.0
2582 63.0
2583 63.0
2584 63.0
2585 63.0
2586 63.0
2587 63.0
2588 63.0
2589 63.0
2590 63.0
2591 63.0
2592 63.0
2593 63.0
2594 63.0
2595 63.0
2596 63.0
2597 63.0
2598 63.0
2599 63.0
2600 63.0
2601 63.0
2602 63.0
2603 63.0
2604 63.0
2605 63.0
2606 63.0
2607 63.0
2608 63.0
2609 63.0
2610 63.0
2611 63.0
2612 63.0
2613 63.0
2614 63.0
2615 63.0
2616 63.0
2617 63.0
2618 63.0
2619 63.0
2620 63.0
2621 63.0
2622 63.0
2623 63.0
2624 63.0
2625 63.0
2626 63.0
2627 63.0
2628 63.0
2629 63.0
2630 63.0
2631 63.0
2632 63.0
2633 63.0
2634 63.0
2635 63.0
2636 63.0
2637 63.0
2638 63.0
2639 63.0
2640 63.0
2641 63.0
2642 63.0
2643 63.0
2644 63.0
2645 63.0
2646 63.0
2647 63.0
2648 63.0
2649 63.0
2650 63.0
2651 63.0
2652 63.0
2653 63.0
2654 63.0
2655 63.0
2656 63.0
2657 63.0
2658 63.0
2659 63.0
2660 63.0
2661 63.0
2662 63.0
2663 63.0
2664 63.0
2665 63.0
2666 63.0
2667 63.0
2668 63.0
2669 63.0
2670 63.0
2671 63.0
2672 63.0
2673 63.0
2674 63.0
2675 63.0
2676 63.0
2677 63.0
2678 63.0
2679 63.0
2680 63.0
2681 63.0
2682 63.0
2683 63.0
2684 63.0
2685 63.0
2686 63.0
2687 63.0
2688 63.0
2689 63.0
2690 63.0
2691 63.0
2692 63.0
2693 63.0
2694 63.0
2695 63.0
2696 63.0
2697 63.0
2698 63.0
2699 63.0
2700 63.0
2701 63.0
2702 63.0
2703 63.0
2704 63.0
2705 63.0
2706 63.0
2707 63.0
2708 63.0
2709 63.0
2710 63.0
2711 63.0
2712 63.0
2713 63.0
2714 63.0
2715 63.0
2716 63.0
2717 63.0
2718 63.0
2719 63.0
2720 63.0
2721 63.0
2722 63.0
2723 63.0
2724 63.0
2725 63.0
2726 63.0
2727 63.0
2728 63.0
2729 63.0
2730 63.0
2731 63.0
2732 63.0
2733 63.0
2734 63.0
2735 63.0
2736 63.0
2737 63.0
2738 63.0
2739 63.0
2740 63.0
2741 63.0
2742 63.0
2743 63.0
2744 63.0
2745 63.0
2746 63.0
2747 63.0
2748 63.0
2749 63.0
2750 63.0
2751 63.0
2752 63.0
2753 63.0
2754 63.0
2755 63.0
2756 63.0
2757 63.0
2758 63.0
2759 63.0
2760 63.0
2761 63.0
2762 63.0
2763 63.0
2764 63.0
2765 63.0
2766 63.0
2767 63.0
2768 63.0
2769 63.0
2770 63.0
2771 63.0
2772 63.0
2773 63.0
2774 63.0
2775 63.0
2776 63.0
2777 63.0
2778 63.0
2779 63.0
2780 63.0
2781 63.0
2782 63.0
2783 63.0
2784 63.0
2785 63.0
2786 63.0
2787 63.0
2788 63.0
2789 63.0
2790 63.0
2791 63.0
2792 63.0
2793 63.0
2794 63.0
2795 63.0
2796 63.0
2797 63.0
2798 63.0
2799 63.0
2800 63.0
2801 63.0
2802 63.0
2803 63.0
2804 63.0
2805 63.0
2806 63.0
2807 63.0
2808 63.0
2809 63.0
2810 63.0
2811 63.0
2812 63.0
2813 63.0
2814 63.0
2815 63.0
2816 63.0
2817 63.0
2818 63.0
2819 63.0
2820 63.0
2821 63.0
2822 63.0
2823 63.0
2824 63.0
2825 63.0
2826 63.0
2827 63.0
2828 63.0
2829 63.0
2830 63.0
2831 63.0
2832 63.0
2833 63.0
2834 63.0
2835 63.0
2836 63.0
2837 63.0
2838 63.0
2839 63.0
2840 63.0
2841 63.0
2842 63.0
2843 63.0
2844 63.0
2845 63.0
2846 63.0
2847 63.0
2848 63.0
2849 63.0
2850 63.0
2851 63.0
2852 63.0
2853 63.0
2854 63.0
2855 67.0
2856 67.0
2857 67.0
2858 67.0
2859 67.0
2860 67.0
2861 67.0
2862 67.0
2863 67.0
2864 67.0
2865 67.0
2866 67.0
2867 67.0
2868 67.0
2869 67.0
2870 67.0
2871 67.0
2872 67.0
2873 67.0
2874 67.0
2875 67.0
2876 67.0
2877 67.0
2878 67.0
2879 67.0
2880 67.0
2881 67.0
2882 67.0
2883 67.0
2884 67.0
2885 67.0
2886 67.0
2887 67.0
2888 67.0
2889 67.0
2890 67.0
2891 67.0
2892 67.0
2893 67.0
2894 67.0
2895 67.0
2896 67.0
2897 67.0
2898 67.0
2899 67.0
2900 67.0
2901 67.0
2902 67.0
2903 67.0
2904 67.0
2905 67.0
2906 67.0
2907 67.0
2908 67.0
2909 67.0
2910 67.0
2911 67.0
2912 67.0
2913 67.0
2914 67.0
2915 67.0
2916 67.0
2917 67.0
2918 67.0
2919 67.0
2920 67.0
2921 67.0
2922 67.0
2923 67.0
2924 67.0
2925 67.0
2926 67.0
2927 67.0
2928 67.0
2929 67.0
2930 67.0
2931 67.0
2932 67.0
2933 67.0
2934 67.0
2935 67.0
2936 67.0
2937 67.0
2938 67.0
2939 67.0
2940 67.0
2941 67.0
2942 67.0
2943 67.0
2944 67.0
2945 67.0
2946 67.0
2947 67.0
2948 67.0
2949 67.0
2950 67.0
2951 67.0
2952 67.0
2953 67.0
2954 67.0
2955 67.0
2956 67.0
2957 67.0
2958 67.0
2959 67.0
2960 67.0
2961 67.0
2962 67.0
2963 67.0
2964 67.0
2965 67.0
2966 67.0
2967 67.0
2968 67.0
2969 67.0
2970 67.0
2971 67.0
2972 67.0
2973 67.0
2974 67.0
2975 67.0
2976 67.0
2977 67.0
2978 67.0
2979 67.0
2980 67.0
2981 67.0
2982 67.0
2983 67.0
2984 67.0
2985 67.0
2986 67.0
2987 67.0
2988 67.0
2989 67.0
2990 67.0
2991 67.0
2992 67.0
2993 67.0
2994 67.0
2995 67.0
2996 67.0
2997 67.0
2998 67.0
2999 67.0
3000 67.0
3001 67.0
3002 67.0
3003 67.0
3004 67.0
3005 67.0
3006 67.0
3007 67.0
3008 67.0
3009 67.0
3010 67.0
3011 67.0
3012 67.0
3013 67.0
3014 67.0
3015 67.0
3016 67.0
3017 67.0
3018 67.0
3019 67.0
3020 67.0
3021 67.0
3022 67.0
3023 67.0
3024 67.0
3025 67.0
3026 67.0
3027 67.0
3028 67.0
3029 67.0
3030 67.0
3031 67.0
3032 67.0
3033 67.0
3034 67.0
3035 67.0
3036 67.0
3037 67.0
3038 67.0
3039 67.0
3040 67.0
3041 67.0
3042 67.0
3043 67.0
3044 67.0
3045 67.0
3046 67.0
3047 67.0
3048 67.0
3049 67.0
3050 67.0
3051 67.0
3052 67.0
3053 67.0
3054 67.0
3055 67.0
3056 67.0
3057 67.0
3058 67.0
3059 67.0
3060 67.0
3061 67.0
3062 67.0
3063 67.0
3064 67.0
3065 67.0
3066 67.0
3067 67.0
3068 67.0
3069 67.0
3070 67.0
3071 67.0
3072 67.0
3073 67.0
3074 67.0
3075 67.0
3076 67.0
3077 67.0
3078 67.0
3079 67.0
3080 67.0
3081 67.0
3082 67.0
3083 67.0
3084 67.0
3085 67.0
3086 67.0
3087 67.0
3088 67.0
3089 67.0
3090 67.0
3091 67.0
3092 67.0
3093 67.0
3094 67.0
3095 67.0
3096 67.0
3097 67.0
3098 67.0
3099 67.0
3100 67.0
3101 67.0
3102 67.0
3103 67.0
3104 67.0
3105 67.0
3106 67.0
3107 67.0
3108 67.0
3109 67.0
3110 67.0
3111 67.0
3112 67.0
3113 67.0
3114 67.0
3115 67.0
3116 67.0
3117 67.0
3118 67.0
3119 67.0
3120 67.0
3121 67.0
3122 67.0
3123 67.0
3124 67.0
3125 67.0
3126 67.0
3127 67.0
3128 67.0
3129 67.0
3130 67.0
3131 67.0
3132 67.0
3133 67.0
3134 67.0
3135 67.0
3136 67.0
3137 67.0
3138 67.0
3139 67.0
3140 67.0
3141 67.0
3142 67.0
3143 67.0
3144 67.0
3145 67.0
3146 67.0
3147 67.0
3148 67.0
3149 67.0
3150 67.0
3151 67.0
3152 67.0
3153 67.0
3154 67.0
3155 67.0
3156 67.0
3157 67.0
3158 67.0
3159 67.0
3160 67.0
3161 67.0
3162 67.0
3163 67.0
3164 67.0
3165 67.0
3166 67.0
3167 67.0
3168 67.0
3169 67.0
3170 67.0
3171 67.0
3172 67.0
3173 67.0
3174 67.0
3175 67.0
3176 67.0
3177 67.0
3178 67.0
3179 67.0
3180 67.0
3181 67.0
3182 67.0
3183 67.0
3184 67.0
3185 67.0
3186 67.0
3187 67.0
3188 67.0
3189 67.0
3190 67.0
3191 67.0
3192 67.0
3193 67.0
3194 67.0
3195 67.0
3196 67.0
3197 67.0
3198 67.0
3199 67.0
3200 67.0
3201 67.0
3202 67.0
3203 67.0
3204 67.0
3205 67.0
3206 67.0
3207 67.0
3208 67.0
3209 67.0
3210 67.0
3211 67.0
3212 67.0
3213 67.0
3214 67.0
3215 67.0
3216 67.0
3217 67.0
3218 67.0
3219 67.0
3220 67.0
3221 67.0
3222 67.0
3223 67.0
3224 67.0
3225 67.0
3226 67.0
3227 67.0
3228 67.0
3229 67.0
3230 67.0
3231 67.0
3232 67.0
3233 67.0
3234 67.0
3235 67.0
3236 67.0
3237 67.0
3238 67.0
3239 67.0
3240 67.0
3241 67.0
3242 67.0
3243 67.0
3244 67.0
3245 67.0
3246 67.0
3247 67.0
3248 67.0
3249 67.0
3250 67.0
3251 67.0
3252 67.0
3253 67.0
3254 67.0
3255 67.0
3256 67.0
3257 67.0
3258 67.0
3259 67.0
3260 67.0
3261 67.0
3262 67.0
3263 67.0
3264 67.0
3265 67.0
3266 67.0
3267 67.0
3268 67.0
3269 67.0
3270 67.0
3271 67.0
3272 67.0
3273 67.0
3274 67.0
3275 67.0
3276 67.0
3277 67.0
3278 67.0
3279 67.0
3280 67.0
3281 67.0
3282 67.0
3283 67.0
3284 67.0
3285 67.0
3286 67.0
3287 67.0
3288 67.0
3289 67.0
3290 67.0
3291 67.0
3292 67.0
3293 67.0
3294 67.0
3295 67.0
3296 67.0
3297 67.0
3298 67.0
3299 67.0
3300 67.0
3301 67.0
3302 67.0
3303 67.0
3304 67.0
3305 67.0
3306 67.0
3307 67.0
3308 67.0
3309 67.0
3310 67.0
3311 67.0
3312 67.0
3313 67.0
3314 67.0
3315 67.0
3316 67.0
3317 67.0
3318 67.0
3319 67.0
3320 67.0
3321 67.0
3322 67.0
3323 67.0
3324 67.0
3325 67.0
3326 67.0
3327 67.0
3328 67.0
3329 67.0
3330 67.0
3331 67.0
3332 67.0
3333 67.0
3334 67.0
3335 67.0
3336 67.0
3337 67.0
3338 67.0
3339 67.0
3340 67.0
3341 67.0
3342 67.0
3343 67.0
3344 67.0
3345 67.0
3346 67.0
3347 67.0
3348 67.0
3349 67.0
3350 67.0
3351 67.0
3352 67.0
3353 67.0
3354 67.0
3355 67.0
3356 67.0
3357 67.0
3358 67.0
3359 67.0
3360 67.0
3361 67.0
3362 67.0
3363 67.0
3364 67.0
3365 67.0
3366 67.0
3367 67.0
3368 67.0
3369 67.0
3370 67.0
3371 67.0
3372 67.0
3373 67.0
3374 67.0
3375 67.0
3376 67.0
3377 67.0
3378 67.0
3379 67.0
3380 67.0
3381 67.0
3382 67.0
3383 67.0
3384 67.0
3385 67.0
3386 67.0
3387 67.0
3388 67.0
3389 67.0
3390 67.0
3391 67.0
3392 67.0
3393 67.0
3394 67.0
3395 67.0
3396 67.0
3397 67.0
3398 67.0
3399 67.0
3400 67.0
3401 67.0
3402 67.0
3403 67.0
3404 67.0
3405 67.0
3406 67.0
3407 67.0
3408 67.0
3409 67.0
3410 67.0
3411 67.0
3412 67.0
3413 67.0
3414 67.0
3415 67.0
3416 67.0
3417 67.0
3418 67.0
3419 67.0
3420 67.0
3421 67.0
3422 67.0
3423 67.0
3424 67.0
3425 67.0
3426 67.0
3427 67.0
3428 67.0
3429 67.0
3430 67.0
3431 67.0
3432 67.0
3433 67.0
3434 67.0
3435 67.0
3436 67.0
3437 67.0
3438 67.0
3439 67.0
3440 67.0
3441 67.0
3442 67.0
3443 67.0
3444 67.0
3445 67.0
3446 67.0
3447 67.0
3448 67.0
3449 67.0
3450 67.0
3451 67.0
3452 67.0
3453 67.0
3454 67.0
3455 67.0
3456 67.0
3457 67.0
3458 67.0
3459 67.0
3460 67.0
3461 67.0
3462 67.0
3463 67.0
3464 67.0
3465 67.0
3466 67.0
3467 67.0
3468 67.0
3469 67.0
3470 67.0
3471 67.0
3472 67.0
3473 67.0
3474 67.0
3475 67.0
3476 67.0
3477 67.0
3478 67.0
3479 67.0
3480 67.0
3481 67.0
3482 67.0
3483 67.0
3484 67.0
3485 67.0
3486 67.0
3487 67.0
3488 67.0
3489 67.0
3490 67.0
3491 67.0
3492 67.0
3493 67.0
3494 67.0
3495 67.0
3496 67.0
3497 67.0
3498 67.0
3499 67.0
3500 67.0
3501 67.0
3502 67.0
3503 67.0
3504 67.0
3505 67.0
3506 67.0
3507 67.0
3508 67.0
3509 67.0
3510 67.0
3511 67.0
3512 67.0
3513 67.0
3514 67.0
3515 67.0
3516 67.0
3517 67.0
3518 67.0
3519 67.0
3520 67.0
3521 67.0
3522 67.0
3523 67.0
3524 67.0
3525 67.0
3526 67.0
3527 67.0
3528 67.0
3529 67.0
3530 67.0
3531 67.0
3532 67.0
3533 67.0
3534 67.0
3535 67.0
3536 67.0
3537 67.0
3538 67.0
3539 67.0
3540 67.0
3541 67.0
3542 67.0
3543 67.0
3544 67.0
3545 67.0
3546 67.0
3547 67.0
3548 67.0
3549 67.0
3550 67.0
3551 67.0
3552 67.0
3553 67.0
3554 67.0
3555 67.0
3556 67.0
3557 67.0
3558 67.0
3559 67.0
3560 67.0
3561 67.0
3562 67.0
3563 67.0
3564 67.0
3565 67.0
3566 67.0
3567 67.0
3568 67.0
3569 67.0
3570 67.0
3571 67.0
3572 67.0
3573 67.0
3574 67.0
3575 67.0
3576 67.0
3577 67.0
3578 67.0
3579 67.0
3580 67.0
3581 67.0
3582 67.0
3583 67.0
3584 67.0
3585 67.0
3586 67.0
3587 67.0
3588 67.0
3589 67.0
3590 67.0
3591 67.0
3592 67.0
3593 67.0
3594 67.0
3595 67.0
3596 67.0
3597 67.0
3598 67.0
3599 67.0
3600 67.0
3601 67.0
3602 67.0
3603 67.0
3604 67.0
3605 67.0
3606 67.0
3607 67.0
3608 67.0
3609 67.0
3610 67.0
3611 67.0
3612 67.0
3613 67.0
3614 67.0
3615 67.0
3616 67.0
3617 67.0
3618 67.0
3619 67.0
3620 67.0
3621 67.0
3622 67.0
3623 67.0
3624 67.0
3625 67.0
3626 67.0
3627 67.0
3628 67.0
3629 67.0
3630 67.0
3631 67.0
3632 67.0
3633 67.0
3634 67.0
3635 67.0
3636 67.0
3637 67.0
3638 67.0
3639 67.0
3640 67.0
3641 67.0
3642 67.0
3643 67.0
3644 67.0
3645 67.0
3646 67.0
3647 67.0
3648 67.0
3649 67.0
3650 67.0
3651 67.0
3652 67.0
3653 67.0
3654 67.0
3655 67.0
3656 67.0
3657 67.0
3658 67.0
3659 67.0
3660 67.0
3661 67.0
3662 67.0
3663 67.0
3664 67.0
3665 67.0
3666 67.0
3667 67.0
3668 67.0
3669 67.0
3670 67.0
3671 67.0
3672 67.0
3673 67.0
3674 67.0
3675 67.0
3676 67.0
3677 67.0
3678 67.0
3679 67.0
3680 67.0
3681 67.0
3682 67.0
3683 67.0
3684 67.0
3685 67.0
3686 67.0
3687 67.0
3688 67.0
3689 67.0
3690 67.0
3691 67.0
3692 67.0
3693 67.0
3694 67.0
3695 67.0
3696 67.0
3697 67.0
3698 67.0
3699 67.0
3700 67.0
3701 67.0
3702 67.0
3703 67.0
3704 67.0
3705 67.0
3706 67.0
3707 67.0
3708 67.0
3709 67.0
3710 67.0
3711 67.0
3712 67.0
3713 67.0
3714 67.0
3715 67.0
3716 67.0
3717 67.0
3718 67.0
3719 67.0
3720 67.0
3721 67.0
3722 67.0
3723 67.0
3724 67.0
3725 67.0
3726 67.0
3727 67.0
3728 67.0
3729 67.0
3730 67.0
3731 67.0
3732 67.0
3733 67.0
3734 67.0
3735 67.0
3736 67.0
3737 67.0
3738 67.0
3739 67.0
3740 67.0
3741 67.0
3742 67.0
3743 67.0
3744 67.0
3745 67.0
3746 67.0
3747 67.0
3748 67.0
3749 67.0
3750 67.0
3751 67.0
3752 67.0
3753 67.0
3754 67.0
3755 67.0
3756 67.0
3757 67.0
3758 67.0
3759 67.0
3760 68.0
3761 68.0
3762 68.0
3763 68.0
3764 68.0
3765 68.0
3766 68.0
3767 68.0
3768 68.0
3769 68.0
3770 68.0
3771 68.0
3772 68.0
3773 68.0
3774 68.0
3775 68.0
3776 68.0
3777 68.0
3778 68.0
3779 68.0
3780 68.0
3781 68.0
3782 68.0
3783 68.0
3784 68.0
3785 68.0
3786 68.0
3787 68.0
3788 68.0
3789 68.0
3790 68.0
3791 68.0
3792 68.0
3793 68.0
3794 68.0
3795 68.0
3796 68.0
3797 68.0
3798 68.0
3799 68.0
3800 68.0
3801 68.0
3802 68.0
3803 68.0
3804 68.0
3805 68.0
3806 68.0
3807 68.0
3808 68.0
3809 68.0
3810 68.0
3811 68.0
3812 68.0
3813 68.0
3814 68.0
3815 68.0
3816 68.0
3817 68.0
3818 68.0
3819 68.0
3820 68.0
3821 68.0
3822 68.0
3823 68.0
3824 68.0
3825 68.0
3826 68.0
3827 68.0
3828 68.0
3829 68.0
3830 68.0
3831 68.0
3832 68.0
3833 68.0
3834 68.0
3835 68.0
3836 68.0
3837 68.0
3838 68.0
3839 68.0
3840 68.0
3841 68.0
3842 68.0
3843 68.0
3844 68.0
3845 68.0
3846 68.0
3847 68.0
3848 68.0
3849 68.0
3850 68.0
3851 68.0
3852 68.0
3853 68.0
3854 68.0
3855 68.0
3856 68.0
3857 68.0
3858 68.0
3859 68.0
3860 68.0
3861 68.0
3862 68.0
3863 68.0
3864 68.0
3865 68.0
3866 68.0
3867 68.0
3868 68.0
3869 68.0
3870 68.0
3871 68.0
3872 68.0
3873 68.0
3874 68.0
3875 68.0
3876 68.0
3877 68.0
3878 68.0
3879 68.0
3880 68.0
3881 68.0
3882 68.0
3883 68.0
3884 68.0
3885 68.0
3886 68.0
3887 68.0
3888 68.0
3889 68.0
3890 68.0
3891 68.0
3892 68.0
3893 68.0
3894 68.0
3895 68.0
3896 68.0
3897 68.0
3898 68.0
3899 68.0
3900 68.0
3901 68.0
3902 68.0
3903 68.0
3904 68.0
3905 68.0
3906 68.0
3907 68.0
3908 68.0
3909 68.0
3910 68.0
3911 68.0
3912 68.0
3913 68.0
3914 68.0
3915 68.0
3916 68.0
3917 68.0
3918 68.0
3919 68.0
3920 68.0
3921 68.0
3922 68.0
3923 68.0
3924 68.0
3925 68.0
3926 68.0
3927 68.0
3928 68.0
3929 68.0
3930 68.0
3931 68.0
3932 68.0
3933 68.0
3934 68.0
3935 68.0
3936 68.0
3937 68.0
3938 68.0
3939 68.0
3940 68.0
3941 68.0
3942 68.0
3943 68.0
3944 68.0
3945 68.0
3946 68.0
3947 68.0
3948 68.0
3949 68.0
3950 68.0
3951 68.0
3952 68.0
3953 68.0
3954 68.0
3955 68.0
3956 68.0
3957 68.0
3958 68.0
3959 68.0
3960 68.0
3961 68.0
3962 68.0
3963 68.0
3964 68.0
3965 68.0
3966 68.0
3967 68.0
3968 68.0
3969 68.0
3970 68.0
3971 68.0
3972 68.0
3973 68.0
3974 68.0
3975 68.0
3976 68.0
3977 68.0
3978 68.0
3979 68.0
3980 68.0
3981 68.0
3982 68.0
3983 68.0
3984 68.0
3985 68.0
3986 68.0
3987 68.0
3988 68.0
3989 68.0
3990 68.0
3991 68.0
3992 68.0
3993 68.0
3994 68.0
3995 68.0
3996 68.0
3997 68.0
3998 68.0
3999 68.0
4000 68.0
4001 68.0
4002 68.0
4003 68.0
4004 68.0
4005 68.0
4006 68.0
4007 68.0
4008 68.0
4009 68.0
4010 68.0
4011 68.0
4012 68.0
4013 68.0
4014 68.0
4015 68.0
4016 68.0
4017 68.0
4018 68.0
4019 68.0
4020 68.0
4021 68.0
4022 68.0
4023 68.0
4024 68.0
4025 68.0
4026 68.0
4027 68.0
4028 68.0
4029 68.0
4030 68.0
4031 68.0
4032 68.0
4033 68.0
4034 68.0
4035 68.0
4036 68.0
4037 68.0
4038 68.0
4039 68.0
4040 68.0
4041 68.0
4042 68.0
4043 68.0
4044 68.0
4045 68.0
4046 68.0
4047 68.0
4048 68.0
4049 68.0
4050 68.0
4051 68.0
4052 68.0
4053 68.0
4054 68.0
4055 68.0
4056 68.0
4057 68.0
4058 68.0
4059 68.0
4060 68.0
4061 68.0
4062 68.0
4063 68.0
4064 68.0
4065 68.0
4066 68.0
4067 68.0
4068 68.0
4069 68.0
4070 68.0
4071 68.0
4072 68.0
4073 68.0
4074 68.0
4075 68.0
4076 68.0
4077 68.0
4078 68.0
4079 68.0
4080 68.0
4081 68.0
4082 68.0
4083 68.0
4084 68.0
4085 68.0
4086 68.0
4087 68.0
4088 68.0
4089 68.0
4090 68.0
4091 68.0
4092 68.0
4093 68.0
4094 68.0
4095 68.0
4096 68.0
4097 68.0
4098 68.0
4099 68.0
4100 68.0
4101 68.0
4102 68.0
4103 68.0
4104 68.0
4105 68.0
4106 68.0
4107 68.0
4108 68.0
4109 68.0
4110 68.0
4111 68.0
4112 68.0
4113 68.0
4114 68.0
4115 68.0
4116 68.0
4117 68.0
4118 68.0
4119 68.0
4120 68.0
4121 68.0
4122 68.0
4123 68.0
4124 68.0
4125 68.0
4126 68.0
4127 68.0
4128 68.0
4129 68.0
4130 68.0
4131 68.0
4132 68.0
4133 68.0
4134 68.0
4135 68.0
4136 68.0
4137 68.0
4138 68.0
4139 68.0
4140 68.0
4141 68.0
4142 68.0
4143 68.0
4144 68.0
4145 68.0
4146 68.0
4147 68.0
4148 68.0
4149 68.0
4150 68.0
4151 68.0
4152 68.0
4153 68.0
4154 68.0
4155 68.0
4156 68.0
4157 68.0
4158 68.0
4159 68.0
4160 68.0
4161 68.0
4162 68.0
4163 68.0
4164 68.0
4165 68.0
4166 68.0
4167 68.0
4168 68.0
4169 68.0
4170 68.0
4171 68.0
4172 68.0
4173 68.0
4174 68.0
4175 68.0
4176 68.0
4177 68.0
4178 68.0
4179 68.0
4180 68.0
4181 68.0
4182 68.0
4183 68.0
4184 68.0
4185 68.0
4186 68.0
4187 68.0
4188 68.0
4189 68.0
4190 68.0
4191 68.0
4192 68.0
4193 68.0
4194 68.0
4195 68.0
4196 68.0
4197 68.0
4198 68.0
4199 68.0
4200 68.0
4201 68.0
4202 68.0
4203 68.0
4204 68.0
4205 68.0
4206 68.0
4207 68.0
4208 68.0
4209 68.0
4210 68.0
4211 68.0
4212 68.0
4213 68.0
4214 68.0
4215 68.0
4216 68.0
4217 68.0
4218 68.0
4219 68.0
4220 68.0
4221 68.0
4222 68.0
4223 68.0
4224 68.0
4225 68.0
4226 68.0
4227 68.0
4228 68.0
4229 68.0
4230 68.0
4231 68.0
4232 68.0
4233 68.0
4234 68.0
4235 68.0
4236 68.0
4237 68.0
4238 68.0
4239 68.0
4240 68.0
4241 68.0
4242 68.0
4243 68.0
4244 68.0
4245 68.0
4246 68.0
4247 68.0
4248 68.0
4249 68.0
4250 68.0
4251 68.0
4252 68.0
4253 68.0
4254 68.0
4255 68.0
4256 68.0
4257 68.0
4258 68.0
4259 68.0
4260 68.0
4261 68.0
4262 68.0
4263 68.0
4264 68.0
4265 68.0
4266 68.0
4267 68.0
4268 68.0
4269 68.0
4270 68.0
4271 68.0
4272 68.0
4273 68.0
4274 68.0
4275 68.0
4276 68.0
4277 68.0
4278 68.0
4279 68.0
4280 68.0
4281 68.0
4282 68.0
4283 68.0
4284 68.0
4285 68.0
4286 68.0
4287 68.0
4288 68.0
4289 68.0
4290 68.0
4291 68.0
4292 68.0
4293 68.0
4294 68.0
4295 68.0
4296 68.0
4297 68.0
4298 68.0
4299 68.0
4300 68.0
4301 68.0
4302 68.0
4303 68.0
4304 68.0
4305 68.0
4306 68.0
4307 68.0
4308 68.0
4309 68.0
4310 68.0
4311 68.0
4312 68.0
4313 68.0
4314 68.0
4315 68.0
4316 68.0
4317 68.0
4318 68.0
4319 68.0
4320 68.0
4321 68.0
4322 68.0
4323 68.0
4324 68.0
4325 68.0
4326 68.0
4327 68.0
4328 68.0
4329 68.0
4330 68.0
4331 68.0
4332 68.0
4333 68.0
4334 68.0
4335 68.0
4336 68.0
4337 68.0
4338 68.0
4339 68.0
4340 68.0
4341 68.0
4342 68.0
4343 68.0
4344 68.0
4345 68.0
4346 68.0
4347 68.0
4348 68.0
4349 68.0
4350 68.0
4351 68.0
4352 68.0
4353 68.0
4354 68.0
4355 68.0
4356 68.0
4357 68.0
4358 68.0
4359 68.0
4360 68.0
4361 68.0
4362 68.0
4363 68.0
4364 68.0
4365 68.0
4366 68.0
4367 68.0
4368 68.0
4369 68.0
4370 68.0
4371 68.0
4372 68.0
4373 68.0
4374 68.0
4375 68.0
4376 68.0
4377 68.0
4378 68.0
4379 68.0
4380 68.0
4381 68.0
4382 68.0
4383 68.0
4384 68.0
4385 68.0
4386 68.0
4387 68.0
4388 68.0
4389 68.0
4390 68.0
4391 68.0
4392 68.0
4393 68.0
4394 68.0
4395 68.0
4396 68.0
4397 68.0
4398 68.0
4399 68.0
4400 68.0
4401 68.0
4402 68.0
4403 68.0
4404 68.0
4405 68.0
4406 68.0
4407 68.0
4408 68.0
4409 68.0
4410 68.0
4411 68.0
4412 68.0
4413 68.0
4414 68.0
4415 68.0
4416 68.0
4417 68.0
4418 68.0
4419 68.0
4420 68.0
4421 68.0
4422 68.0
4423 68.0
4424 68.0
4425 68.0
4426 68.0
4427 68.0
4428 68.0
4429 68.0
4430 68.0
4431 68.0
4432 68.0
4433 68.0
4434 68.0
4435 68.0
4436 68.0
4437 68.0
4438 68.0
4439 68.0
4440 68.0
4441 68.0
4442 68.0
4443 68.0
4444 68.0
4445 68.0
4446 68.0
4447 68.0
4448 68.0
4449 68.0
4450 68.0
4451 68.0
4452 68.0
4453 68.0
4454 68.0
4455 68.0
4456 68.0
4457 68.0
4458 68.0
4459 68.0
4460 68.0
4461 68.0
4462 68.0
4463 68.0
4464 68.0
4465 68.0
4466 68.0
4467 68.0
4468 68.0
4469 68.0
4470 68.0
4471 68.0
4472 68.0
4473 68.0
4474 68.0
4475 68.0
4476 68.0
4477 68.0
4478 68.0
4479 68.0
4480 68.0
4481 68.0
4482 68.0
4483 68.0
4484 68.0
4485 68.0
4486 68.0
4487 68.0
4488 68.0
4489 68.0
4490 68.0
4491 68.0
4492 68.0
4493 68.0
4494 68.0
4495 68.0
4496 68.0
4497 68.0
4498 68.0
4499 68.0
4500 68.0
4501 68.0
4502 68.0
4503 68.0
4504 68.0
4505 68.0
4506 68.0
4507 68.0
4508 68.0
4509 68.0
4510 68.0
4511 68.0
4512 68.0
4513 68.0
4514 68.0
4515 68.0
4516 68.0
4517 68.0
4518 68.0
4519 68.0
4520 68.0
4521 68.0
4522 68.0
4523 68.0
4524 68.0
4525 68.0
4526 68.0
4527 68.0
4528 68.0
4529 68.0
4530 68.0
4531 68.0
4532 68.0
4533 68.0
4534 68.0
4535 68.0
4536 68.0
4537 68.0
4538 68.0
4539 68.0
4540 68.0
4541 68.0
4542 68.0
4543 68.0
4544 68.0
4545 68.0
4546 68.0
4547 68.0
4548 68.0
4549 68.0
4550 68.0
4551 68.0
4552 68.0
4553 68.0
4554 68.0
4555 68.0
4556 68.0
4557 68.0
4558 68.0
4559 68.0
4560 68.0
4561 68.0
4562 68.0
4563 68.0
4564 68.0
4565 68.0
4566 68.0
4567 68.0
4568 68.0
4569 68.0
4570 68.0
4571 68.0
4572 68.0
4573 68.0
4574 68.0
4575 68.0
4576 68.0
4577 68.0
4578 68.0
4579 68.0
4580 68.0
4581 68.0
4582 68.0
4583 68.0
4584 68.0
4585 68.0
4586 68.0
4587 68.0
4588 68.0
4589 68.0
4590 68.0
4591 68.0
4592 68.0
4593 68.0
4594 68.0
4595 68.0
4596 68.0
4597 68.0
4598 68.0
4599 68.0
4600 68.0
4601 68.0
4602 68.0
4603 68.0
4604 68.0
4605 68.0
4606 68.0
4607 68.0
4608 68.0
4609 68.0
4610 68.0
4611 68.0
4612 68.0
4613 68.0
4614 68.0
4615 68.0
4616 68.0
4617 68.0
4618 68.0
4619 68.0
4620 68.0
4621 68.0
4622 68.0
4623 68.0
4624 68.0
4625 68.0
4626 68.0
4627 68.0
4628 68.0
4629 68.0
4630 68.0
4631 68.0
4632 68.0
4633 68.0
4634 68.0
4635 68.0
4636 68.0
4637 68.0
4638 68.0
4639 68.0
4640 68.0
4641 68.0
4642 68.0
4643 68.0
4644 68.0
4645 68.0
4646 68.0
4647 68.0
4648 68.0
4649 68.0
4650 68.0
4651 68.0
4652 68.0
4653 68.0
4654 68.0
4655 68.0
4656 68.0
4657 68.0
4658 68.0
4659 68.0
4660 68.0
4661 68.0
4662 68.0
4663 68.0
4664 68.0
4665 68.0
4666 68.0
4667 68.0
4668 68.0
4669 68.0
4670 68.0
4671 68.0
4672 68.0
4673 68.0
4674 68.0
4675 68.0
4676 68.0
4677 68.0
4678 68.0
4679 68.0
4680 68.0
4681 68.0
4682 68.0
4683 68.0
4684 68.0
4685 68.0
4686 68.0
4687 68.0
4688 68.0
4689 68.0
4690 68.0
4691 68.0
4692 68.0
4693 68.0
4694 68.0
4695 68.0
4696 68.0
4697 68.0
4698 68.0
4699 68.0
4700 68.0
4701 68.0
4702 68.0
4703 68.0
4704 68.0
4705 68.0
4706 68.0
4707 68.0
4708 68.0
4709 68.0
4710 68.0
4711 68.0
4712 68.0
4713 68.0
4714 68.0
4715 68.0
4716 68.0
4717 68.0
4718 68.0
4719 68.0
4720 68.0
4721 68.0
4722 68.0
4723 68.0
4724 68.0
4725 68.0
4726 68.0
4727 68.0
4728 68.0
4729 68.0
4730 68.0
4731 68.0
4732 68.0
4733 68.0
4734 68.0
4735 68.0
4736 68.0
4737 68.0
4738 68.0
4739 68.0
4740 68.0
4741 68.0
4742 68.0
4743 68.0
4744 68.0
4745 68.0
4746 68.0
4747 68.0
4748 68.0
4749 70.0
4750 70.0
4751 70.0
4752 70.0
4753 70.0
4754 70.0
4755 70.0
4756 70.0
4757 70.0
4758 70.0
4759 70.0
4760 70.0
4761 70.0
4762 70.0
4763 70.0
4764 70.0
4765 70.0
4766 70.0
4767 70.0
4768 70.0
4769 70.0
4770 70.0
4771 70.0
4772 70.0
4773 70.0
4774 70.0
4775 70.0
4776 70.0
4777 70.0
4778 70.0
4779 70.0
4780 70.0
4781 70.0
4782 70.0
4783 70.0
4784 70.0
4785 70.0
4786 70.0
4787 70.0
4788 70.0
4789 70.0
4790 70.0
4791 70.0
4792 70.0
4793 70.0
4794 70.0
4795 70.0
4796 70.0
4797 70.0
4798 70.0
4799 70.0
4800 70.0
4801 70.0
4802 70.0
4803 70.0
4804 70.0
4805 70.0
4806 70.0
4807 70.0
4808 70.0
4809 70.0
4810 70.0
4811 70.0
4812 70.0
4813 70.0
4814 70.0
4815 70.0
4816 70.0
4817 70.0
4818 70.0
4819 70.0
4820 70.0
4821 70.0
4822 70.0
4823 70.0
4824 70.0
4825 70.0
4826 70.0
4827 70.0
4828 70.0
4829 70.0
4830 70.0
4831 70.0
4832 70.0
4833 70.0
4834 70.0
4835 70.0
4836 70.0
4837 70.0
4838 70.0
4839 70.0
4840 70.0
4841 70.0
4842 70.0
4843 70.0
4844 70.0
4845 70.0
4846 70.0
4847 70.0
4848 70.0
4849 70.0
4850 70.0
4851 70.0
4852 70.0
4853 70.0
4854 70.0
4855 70.0
4856 70.0
4857 70.0
4858 70.0
4859 70.0
4860 70.0
4861 70.0
4862 70.0
4863 70.0
4864 70.0
4865 70.0
4866 70.0
4867 70.0
4868 70.0
4869 70.0
4870 70.0
4871 70.0
4872 70.0
4873 70.0
4874 70.0
4875 70.0
4876 70.0
4877 70.0
4878 70.0
4879 70.0
4880 70.0
4881 70.0
4882 70.0
4883 70.0
4884 70.0
4885 70.0
4886 70.0
4887 70.0
4888 70.0
4889 70.0
4890 70.0
4891 70.0
4892 70.0
4893 70.0
4894 70.0
4895 70.0
4896 70.0
4897 70.0
4898 70.0
4899 70.0
4900 70.0
4901 70.0
4902 70.0
4903 70.0
4904 70.0
4905 70.0
4906 70.0
4907 70.0
4908 70.0
4909 70.0
4910 70.0
4911 70.0
4912 70.0
4913 70.0
4914 70.0
4915 70.0
4916 70.0
4917 70.0
4918 70.0
4919 70.0
4920 70.0
4921 70.0
4922 70.0
4923 70.0
4924 70.0
4925 70.0
4926 70.0
4927 70.0
4928 70.0
4929 70.0
4930 70.0
4931 70.0
4932 70.0
4933 70.0
4934 70.0
4935 70.0
4936 70.0
4937 70.0
4938 70.0
4939 70.0
4940 70.0
4941 70.0
4942 70.0
4943 70.0
4944 70.0
4945 70.0
4946 70.0
4947 70.0
4948 70.0
4949 70.0
4950 70.0
4951 70.0
4952 70.0
4953 70.0
4954 70.0
4955 70.0
4956 70.0
4957 70.0
4958 70.0
4959 70.0
4960 70.0
4961 70.0
4962 70.0
4963 70.0
4964 70.0
4965 70.0
4966 70.0
4967 70.0
4968 70.0
4969 70.0
4970 70.0
4971 70.0
4972 70.0
4973 70.0
4974 70.0
4975 70.0
4976 70.0
4977 70.0
4978 70.0
4979 70.0
4980 70.0
4981 70.0
4982 70.0
4983 70.0
4984 70.0
4985 70.0
4986 70.0
4987 70.0
4988 70.0
4989 70.0
4990 70.0
4991 70.0
4992 70.0
4993 70.0
4994 70.0
4995 70.0
4996 70.0
4997 70.0
4998 70.0
4999 70.0
5000 70.0
5001 70.0
5002 70.0
5003 70.0
5004 70.0
5005 70.0
5006 70.0
5007 70.0
5008 70.0
5009 70.0
5010 70.0
5011 70.0
5012 70.0
5013 70.0
5014 70.0
5015 70.0
5016 70.0
5017 70.0
5018 70.0
5019 70.0
5020 70.0
5021 70.0
5022 70.0
5023 70.0
5024 70.0
5025 70.0
5026 70.0
5027 70.0
5028 70.0
5029 70.0
5030 70.0
5031 70.0
5032 70.0
5033 70.0
5034 70.0
5035 70.0
5036 70.0
5037 70.0
5038 70.0
5039 70.0
5040 70.0
5041 70.0
5042 70.0
5043 70.0
5044 70.0
5045 70.0
5046 70.0
5047 70.0
5048 70.0
5049 70.0
5050 70.0
5051 70.0
5052 70.0
5053 70.0
5054 70.0
5055 70.0
5056 70.0
5057 70.0
5058 70.0
5059 70.0
5060 70.0
5061 70.0
5062 70.0
5063 70.0
5064 70.0
5065 70.0
5066 70.0
5067 70.0
5068 70.0
5069 70.0
5070 70.0
5071 70.0
5072 70.0
5073 70.0
5074 70.0
5075 70.0
5076 70.0
5077 70.0
5078 70.0
5079 70.0
5080 70.0
5081 70.0
5082 70.0
5083 70.0
5084 70.0
5085 70.0
5086 70.0
5087 70.0
5088 70.0
5089 70.0
5090 70.0
5091 70.0
5092 70.0
5093 70.0
5094 70.0
5095 70.0
5096 70.0
5097 70.0
5098 70.0
5099 70.0
5100 70.0
5101 70.0
5102 70.0
5103 70.0
5104 70.0
5105 70.0
5106 70.0
5107 70.0
5108 70.0
5109 70.0
5110 70.0
5111 70.0
5112 70.0
5113 70.0
5114 70.0
5115 70.0
5116 70.0
5117 70.0
5118 70.0
5119 70.0
5120 70.0
5121 70.0
5122 70.0
5123 70.0
5124 70.0
5125 70.0
5126 70.0
5127 70.0
5128 70.0
5129 70.0
5130 70.0
5131 70.0
5132 70.0
5133 70.0
5134 70.0
5135 70.0
5136 70.0
5137 70.0
5138 70.0
5139 70.0
5140 70.0
5141 70.0
5142 70.0
5143 70.0
5144 70.0
5145 70.0
5146 70.0
5147 70.0
5148 70.0
5149 70.0
5150 70.0
5151 70.0
5152 70.0
5153 70.0
5154 70.0
5155 70.0
5156 70.0
5157 70.0
5158 70.0
5159 70.0
5160 70.0
5161 70.0
5162 70.0
5163 70.0
5164 70.0
5165 70.0
5166 70.0
5167 70.0
5168 70.0
5169 70.0
5170 70.0
5171 70.0
5172 70.0
5173 70.0
5174 70.0
5175 70.0
5176 70.0
5177 70.0
5178 70.0
5179 70.0
5180 70.0
5181 70.0
5182 70.0
5183 70.0
5184 70.0
5185 70.0
5186 70.0
5187 70.0
5188 70.0
5189 70.0
5190 70.0
5191 70.0
5192 70.0
5193 70.0
5194 70.0
5195 70.0
5196 70.0
5197 70.0
5198 70.0
5199 70.0
5200 70.0
5201 70.0
5202 70.0
5203 70.0
5204 70.0
5205 70.0
5206 70.0
5207 70.0
5208 70.0
5209 70.0
5210 70.0
5211 70.0
5212 70.0
5213 70.0
5214 70.0
5215 70.0
5216 70.0
5217 70.0
5218 70.0
5219 70.0
5220 70.0
5221 70.0
5222 70.0
5223 70.0
5224 70.0
5225 70.0
5226 70.0
5227 70.0
5228 70.0
5229 70.0
5230 70.0
5231 70.0
5232 70.0
5233 70.0
5234 70.0
5235 70.0
5236 70.0
5237 70.0
5238 70.0
5239 70.0
5240 70.0
5241 70.0
5242 70.0
5243 70.0
5244 70.0
5245 70.0
5246 70.0
5247 70.0
5248 70.0
5249 70.0
5250 70.0
5251 70.0
5252 70.0
5253 70.0
5254 70.0
5255 70.0
5256 70.0
5257 70.0
5258 70.0
5259 70.0
5260 70.0
5261 70.0
5262 70.0
5263 70.0
5264 70.0
5265 70.0
5266 70.0
5267 70.0
5268 70.0
5269 70.0
5270 70.0
5271 70.0
5272 70.0
5273 70.0
5274 70.0
5275 70.0
5276 70.0
5277 70.0
5278 70.0
5279 70.0
5280 70.0
5281 70.0
5282 70.0
5283 70.0
5284 70.0
5285 70.0
5286 70.0
5287 70.0
5288 70.0
5289 70.0
5290 70.0
5291 70.0
5292 70.0
5293 70.0
5294 70.0
5295 70.0
5296 70.0
5297 70.0
5298 70.0
5299 70.0
5300 70.0
5301 70.0
5302 70.0
5303 70.0
5304 70.0
5305 70.0
5306 70.0
5307 70.0
5308 70.0
5309 70.0
5310 70.0
5311 70.0
5312 70.0
5313 70.0
5314 70.0
5315 70.0
5316 70.0
5317 70.0
5318 70.0
5319 70.0
5320 70.0
5321 70.0
5322 70.0
5323 70.0
5324 70.0
5325 70.0
5326 70.0
5327 70.0
5328 70.0
5329 70.0
5330 70.0
5331 70.0
5332 70.0
5333 70.0
5334 70.0
5335 70.0
5336 70.0
5337 70.0
5338 70.0
5339 70.0
5340 70.0
5341 70.0
5342 70.0
5343 70.0
5344 70.0
5345 70.0
5346 70.0
5347 70.0
5348 70.0
5349 70.0
5350 70.0
5351 70.0
5352 70.0
5353 70.0
5354 70.0
5355 70.0
5356 70.0
5357 70.0
5358 70.0
5359 70.0
5360 70.0
5361 70.0
5362 70.0
5363 70.0
5364 70.0
5365 70.0
5366 70.0
5367 70.0
5368 70.0
5369 70.0
5370 70.0
5371 70.0
5372 70.0
5373 70.0
5374 70.0
5375 70.0
5376 70.0
5377 70.0
5378 70.0
5379 70.0
5380 70.0
5381 70.0
5382 70.0
5383 70.0
5384 70.0
5385 70.0
5386 70.0
5387 70.0
5388 70.0
5389 70.0
5390 70.0
5391 70.0
5392 70.0
5393 70.0
5394 70.0
5395 70.0
5396 70.0
5397 70.0
5398 70.0
5399 70.0
5400 70.0
5401 70.0
5402 70.0
5403 70.0
5404 70.0
5405 70.0
5406 70.0
5407 70.0
5408 70.0
5409 70.0
5410 70.0
5411 70.0
5412 70.0
5413 70.0
5414 70.0
5415 70.0
5416 70.0
5417 70.0
5418 70.0
5419 70.0
5420 70.0
5421 70.0
5422 70.0
5423 70.0
5424 70.0
5425 70.0
5426 70.0
5427 70.0
5428 70.0
5429 70.0
5430 70.0
5431 70.0
5432 70.0
5433 70.0
5434 70.0
5435 70.0
5436 70.0
5437 70.0
5438 70.0
5439 70.0
5440 70.0
5441 70.0
5442 70.0
5443 70.0
5444 70.0
5445 70.0
5446 70.0
5447 70.0
5448 70.0
5449 70.0
5450 70.0
5451 70.0
5452 70.0
5453 70.0
5454 70.0
5455 70.0
5456 70.0
5457 70.0
5458 70.0
5459 70.0
5460 70.0
5461 70.0
5462 70.0
5463 70.0
5464 70.0
5465 70.0
5466 70.0
5467 70.0
5468 70.0
5469 70.0
5470 70.0
5471 70.0
5472 70.0
5473 70.0
5474 70.0
5475 70.0
5476 70.0
5477 70.0
5478 70.0
5479 70.0
5480 70.0
5481 70.0
5482 70.0
5483 70.0
5484 70.0
5485 70.0
5486 70.0
5487 70.0
5488 70.0
5489 70.0
5490 70.0
5491 70.0
5492 70.0
5493 70.0
5494 70.0
5495 70.0
5496 70.0
5497 70.0
5498 70.0
5499 70.0
5500 70.0
5501 70.0
5502 70.0
5503 70.0
5504 70.0
5505 70.0
5506 70.0
5507 70.0
5508 70.0
5509 70.0
5510 70.0
5511 70.0
5512 70.0
5513 70.0
5514 70.0
5515 70.0
5516 70.0
5517 70.0
5518 70.0
5519 70.0
5520 70.0
5521 70.0
5522 70.0
5523 70.0
5524 70.0
5525 70.0
5526 70.0
5527 70.0
5528 70.0
5529 70.0
5530 70.0
5531 70.0
5532 70.0
5533 70.0
5534 70.0
5535 70.0
5536 70.0
5537 70.0
5538 70.0
5539 70.0
5540 70.0
5541 70.0
5542 70.0
5543 70.0
5544 70.0
5545 70.0
5546 70.0
5547 70.0
5548 70.0
5549 70.0
5550 70.0
5551 70.0
5552 70.0
5553 70.0
5554 70.0
5555 70.0
5556 70.0
5557 70.0
5558 70.0
5559 70.0
5560 70.0
5561 70.0
5562 70.0
5563 70.0
5564 70.0
5565 70.0
5566 70.0
5567 70.0
5568 70.0
5569 70.0
5570 70.0
5571 70.0
5572 70.0
5573 70.0
5574 70.0
5575 70.0
5576 70.0
5577 70.0
5578 70.0
5579 70.0
5580 70.0
5581 70.0
5582 70.0
5583 70.0
5584 70.0
5585 70.0
5586 70.0
5587 70.0
5588 70.0
5589 70.0
5590 70.0
5591 70.0
5592 70.0
5593 70.0
5594 70.0
5595 70.0
5596 70.0
5597 70.0
5598 70.0
5599 70.0
5600 70.0
5601 70.0
5602 70.0
5603 70.0
5604 70.0
5605 70.0
5606 70.0
5607 70.0
5608 70.0
5609 70.0
5610 70.0
5611 70.0
5612 70.0
5613 70.0
5614 70.0
5615 70.0
5616 70.0
5617 70.0
5618 70.0
5619 70.0
5620 70.0
5621 70.0
5622 70.0
5623 70.0
5624 70.0
5625 70.0
5626 70.0
5627 70.0
5628 70.0
5629 70.0
5630 70.0
5631 70.0
5632 70.0
5633 70.0
5634 70.0
5635 70.0
5636 70.0
5637 70.0
5638 70.0
5639 70.0
5640 70.0
5641 70.0
5642 70.0
5643 70.0
5644 70.0
5645 70.0
5646 70.0
5647 70.0
5648 70.0
5649 70.0
5650 70.0
5651 70.0
5652 70.0
5653 70.0
5654 70.0
5655 70.0
5656 70.0
5657 70.0
5658 70.0
5659 70.0
5660 70.0
5661 70.0
5662 70.0
5663 70.0
5664 70.0
5665 70.0
5666 70.0
5667 70.0
5668 70.0
5669 70.0
5670 70.0
5671 70.0
5672 70.0
5673 70.0
5674 70.0
5675 70.0
5676 70.0
5677 70.0
5678 70.0
5679 70.0
5680 70.0
5681 70.0
5682 70.0
5683 70.0
5684 70.0
5685 70.0
5686 70.0
5687 70.0
5688 70.0
5689 70.0
5690 70.0
5691 70.0
5692 70.0
5693 70.0
5694 70.0
5695 70.0
5696 70.0
5697 70.0
5698 70.0
5699 70.0
5700 70.0
5701 70.0
5702 70.0
5703 70.0
5704 70.0
5705 70.0
5706 70.0
5707 70.0
5708 70.0
5709 70.0
5710 70.0
5711 70.0
5712 70.0
5713 70.0
5714 70.0
5715 70.0
5716 70.0
5717 70.0
5718 70.0
5719 70.0
5720 70.0
5721 70.0
5722 70.0
5723 70.0
5724 70.0
5725 70.0
5726 70.0
5727 70.0
5728 70.0
5729 70.0
5730 70.0
5731 70.0
5732 70.0
5733 70.0
5734 70.0
5735 70.0
5736 70.0
5737 70.0
5738 70.0
5739 70.0
5740 70.0
5741 70.0
5742 70.0
5743 70.0
5744 70.0
5745 70.0
5746 70.0
5747 70.0
5748 70.0
5749 70.0
5750 70.0
5751 70.0
5752 70.0
5753 70.0
5754 70.0
5755 70.0
5756 70.0
5757 70.0
5758 70.0
5759 70.0
5760 70.0
5761 70.0
5762 70.0
5763 70.0
5764 70.0
5765 70.0
5766 70.0
5767 70.0
5768 70.0
5769 70.0
5770 70.0
5771 70.0
5772 70.0
5773 70.0
5774 70.0
5775 70.0
5776 70.0
5777 70.0
5778 70.0
5779 70.0
5780 70.0
5781 70.0
5782 70.0
5783 70.0
5784 70.0
5785 70.0
5786 70.0
5787 70.0
5788 70.0
5789 70.0
5790 70.0
5791 70.0
5792 70.0
5793 70.0
5794 70.0
5795 70.0
5796 70.0
5797 70.0
5798 70.0
5799 70.0
5800 70.0
5801 70.0
5802 70.0
5803 70.0
5804 70.0
5805 70.0
5806 70.0
5807 70.0
5808 70.0
5809 70.0
5810 70.0
5811 70.0
5812 70.0
5813 70.0
5814 70.0
5815 70.0
5816 70.0
5817 70.0
5818 70.0
5819 70.0
5820 70.0
5821 70.0
5822 70.0
5823 70.0
5824 70.0
5825 70.0
5826 70.0
5827 70.0
5828 70.0
5829 70.0
5830 70.0
5831 70.0
5832 70.0
5833 70.0
5834 70.0
5835 70.0
5836 70.0
5837 70.0
5838 70.0
5839 70.0
5840 70.0
5841 70.0
5842 70.0
5843 70.0
5844 70.0
5845 70.0
5846 70.0
5847 70.0
5848 70.0
5849 70.0
5850 70.0
5851 70.0
5852 70.0
5853 70.0
5854 70.0
5855 70.0
5856 70.0
5857 70.0
5858 70.0
5859 70.0
5860 70.0
5861 70.0
5862 70.0
5863 70.0
5864 70.0
5865 70.0
5866 70.0
5867 70.0
5868 70.0
5869 70.0
5870 70.0
5871 70.0
5872 70.0
5873 70.0
5874 70.0
5875 70.0
5876 70.0
5877 70.0
5878 70.0
5879 70.0
5880 70.0
5881 70.0
5882 70.0
5883 70.0
5884 70.0
5885 70.0
5886 70.0
5887 70.0
5888 70.0
5889 70.0
5890 70.0
5891 70.0
5892 70.0
5893 70.0
5894 70.0
5895 70.0
5896 70.0
5897 70.0
5898 70.0
5899 70.0
5900 70.0
5901 70.0
5902 70.0
5903 70.0
5904 70.0
5905 70.0
5906 70.0
5907 70.0
5908 70.0
5909 70.0
5910 70.0
5911 70.0
5912 70.0
5913 70.0
5914 70.0
5915 70.0
5916 70.0
5917 70.0
5918 70.0
5919 70.0
5920 70.0
5921 70.0
5922 70.0
5923 70.0
5924 70.0
5925 70.0
5926 70.0
5927 70.0
5928 70.0
5929 70.0
5930 70.0
5931 70.0
5932 70.0
5933 70.0
5934 70.0
5935 70.0
5936 70.0
5937 70.0
5938 70.0
5939 70.0
5940 70.0
5941 70.0
5942 70.0
5943 70.0
5944 70.0
5945 70.0
5946 70.0
5947 70.0
5948 70.0
5949 70.0
5950 70.0
5951 70.0
5952 70.0
5953 70.0
5954 70.0
5955 70.0
5956 70.0
5957 70.0
5958 70.0
5959 70.0
5960 70.0
5961 70.0
5962 70.0
5963 70.0
5964 70.0
5965 70.0
5966 70.0
5967 70.0
5968 70.0
5969 70.0
5970 70.0
5971 70.0
5972 70.0
5973 70.0
5974 70.0
5975 70.0
5976 70.0
5977 70.0
5978 70.0
5979 70.0
5980 70.0
5981 70.0
5982 70.0
5983 70.0
5984 70.0
5985 70.0
5986 70.0
5987 70.0
5988 70.0
5989 70.0
5990 70.0
5991 70.0
5992 70.0
5993 70.0
5994 70.0
5995 70.0
5996 70.0
5997 70.0
5998 70.0
5999 70.0
6000 70.0
6001 70.0
6002 70.0
6003 70.0
6004 70.0
6005 70.0
6006 70.0
6007 70.0
6008 70.0
6009 70.0
6010 70.0
6011 70.0
6012 70.0
6013 70.0
6014 70.0
6015 70.0
6016 70.0
6017 70.0
6018 70.0
6019 70.0
6020 70.0
6021 70.0
6022 70.0
6023 70.0
6024 70.0
6025 70.0
6026 70.0
6027 70.0
6028 70.0
6029 70.0
6030 70.0
6031 70.0
6032 70.0
6033 70.0
6034 70.0
6035 70.0
6036 70.0
6037 70.0
6038 70.0
6039 70.0
6040 70.0
6041 70.0
6042 70.0
6043 70.0
6044 70.0
6045 70.0
6046 70.0
6047 70.0
6048 70.0
6049 70.0
6050 70.0
6051 70.0
6052 70.0
6053 70.0
6054 70.0
6055 70.0
6056 70.0
6057 70.0
6058 70.0
6059 70.0
6060 70.0
6061 70.0
6062 70.0
6063 70.0
6064 70.0
6065 70.0
6066 70.0
6067 70.0
6068 70.0
6069 70.0
6070 70.0
6071 70.0
6072 70.0
6073 70.0
6074 70.0
6075 70.0
6076 70.0
6077 70.0
6078 70.0
6079 70.0
6080 70.0
6081 70.0
6082 70.0
6083 70.0
6084 70.0
6085 70.0
6086 70.0
6087 70.0
6088 70.0
6089 70.0
6090 70.0
6091 70.0
6092 70.0
6093 70.0
6094 70.0
6095 70.0
6096 70.0
6097 70.0
6098 70.0
6099 70.0
6100 70.0
6101 70.0
6102 70.0
6103 70.0
6104 70.0
6105 70.0
6106 70.0
6107 70.0
6108 70.0
6109 70.0
6110 70.0
6111 70.0
6112 70.0
6113 70.0
6114 70.0
6115 70.0
6116 70.0
6117 70.0
6118 70.0
6119 70.0
6120 70.0
6121 70.0
6122 70.0
6123 70.0
6124 70.0
6125 70.0
6126 70.0
6127 70.0
6128 70.0
6129 70.0
6130 70.0
6131 70.0
6132 70.0
6133 70.0
6134 70.0
6135 70.0
6136 70.0
6137 70.0
6138 70.0
6139 70.0
6140 70.0
6141 70.0
6142 70.0
6143 70.0
6144 70.0
6145 70.0
6146 70.0
6147 70.0
6148 70.0
6149 70.0
6150 70.0
6151 70.0
6152 70.0
6153 70.0
6154 70.0
6155 70.0
6156 70.0
6157 70.0
6158 70.0
6159 70.0
6160 70.0
6161 70.0
6162 70.0
6163 70.0
6164 70.0
6165 70.0
6166 70.0
6167 70.0
6168 70.0
6169 70.0
6170 70.0
6171 70.0
6172 70.0
6173 70.0
6174 70.0
6175 70.0
6176 70.0
6177 70.0
6178 70.0
6179 70.0
6180 70.0
6181 70.0
6182 70.0
6183 70.0
6184 70.0
6185 70.0
6186 70.0
6187 70.0
6188 70.0
6189 70.0
6190 70.0
6191 70.0
6192 70.0
6193 70.0
6194 70.0
6195 70.0
6196 70.0
6197 70.0
6198 70.0
6199 70.0
6200 70.0
6201 70.0
6202 70.0
6203 70.0
6204 70.0
6205 70.0
6206 70.0
6207 70.0
6208 70.0
6209 70.0
6210 70.0
6211 70.0
6212 70.0
6213 70.0
6214 70.0
6215 70.0
6216 70.0
6217 70.0
6218 70.0
6219 70.0
6220 70.0
6221 70.0
6222 70.0
6223 70.0
6224 70.0
6225 70.0
6226 70.0
6227 70.0
6228 70.0
6229 70.0
6230 70.0
6231 70.0
6232 70.0
6233 70.0
6234 70.0
6235 70.0
6236 70.0
6237 70.0
6238 70.0
6239 70.0
6240 70.0
6241 70.0
6242 70.0
6243 70.0
6244 70.0
6245 70.0
6246 70.0
6247 70.0
6248 70.0
6249 70.0
6250 70.0
6251 70.0
6252 70.0
6253 70.0
6254 70.0
6255 70.0
6256 70.0
6257 70.0
6258 70.0
6259 70.0
6260 70.0
6261 70.0
6262 70.0
6263 70.0
6264 70.0
6265 70.0
6266 70.0
6267 70.0
6268 70.0
6269 70.0
6270 70.0
6271 70.0
6272 70.0
6273 70.0
6274 70.0
6275 70.0
6276 70.0
6277 70.0
6278 70.0
6279 70.0
6280 70.0
6281 70.0
6282 70.0
6283 70.0
6284 70.0
6285 70.0
6286 70.0
6287 70.0
6288 70.0
6289 70.0
6290 70.0
6291 70.0
6292 70.0
6293 70.0
6294 70.0
6295 70.0
6296 70.0
6297 70.0
6298 70.0
6299 70.0
6300 70.0
6301 70.0
6302 70.0
6303 70.0
6304 70.0
6305 70.0
6306 70.0
6307 70.0
6308 70.0
6309 70.0
6310 70.0
6311 70.0
6312 70.0
6313 70.0
6314 70.0
6315 70.0
6316 70.0
6317 70.0
6318 70.0
6319 70.0
6320 70.0
6321 70.0
6322 70.0
6323 70.0
6324 70.0
6325 70.0
6326 70.0
6327 70.0
6328 70.0
6329 70.0
6330 70.0
6331 70.0
6332 70.0
6333 70.0
6334 70.0
6335 70.0
6336 70.0
6337 70.0
6338 70.0
6339 70.0
6340 70.0
6341 70.0
6342 70.0
6343 70.0
6344 70.0
6345 70.0
6346 70.0
6347 70.0
6348 70.0
6349 70.0
6350 70.0
6351 70.0
6352 70.0
6353 70.0
6354 70.0
6355 70.0
6356 70.0
6357 70.0
6358 70.0
6359 70.0
6360 70.0
6361 70.0
6362 70.0
6363 70.0
6364 70.0
6365 70.0
6366 70.0
6367 70.0
6368 70.0
6369 70.0
6370 70.0
6371 70.0
6372 70.0
6373 70.0
6374 70.0
6375 70.0
6376 70.0
6377 70.0
6378 70.0
6379 70.0
6380 70.0
6381 70.0
6382 70.0
6383 70.0
6384 70.0
6385 70.0
6386 70.0
6387 70.0
6388 70.0
6389 70.0
6390 70.0
6391 70.0
6392 70.0
6393 70.0
6394 70.0
6395 70.0
6396 70.0
6397 70.0
6398 70.0
6399 70.0
6400 70.0
6401 70.0
6402 70.0
6403 70.0
6404 70.0
6405 70.0
6406 70.0
6407 70.0
6408 70.0
6409 70.0
6410 70.0
6411 70.0
6412 70.0
6413 70.0
6414 70.0
6415 70.0
6416 70.0
6417 70.0
6418 70.0
6419 70.0
6420 70.0
6421 70.0
6422 70.0
6423 70.0
6424 70.0
6425 70.0
6426 70.0
6427 70.0
6428 70.0
6429 70.0
6430 70.0
6431 70.0
6432 70.0
6433 70.0
6434 70.0
6435 70.0
6436 70.0
6437 70.0
6438 70.0
6439 70.0
6440 70.0
6441 70.0
6442 70.0
6443 70.0
6444 70.0
6445 70.0
6446 70.0
6447 70.0
6448 70.0
6449 70.0
6450 70.0
6451 70.0
6452 70.0
6453 70.0
6454 70.0
6455 70.0
6456 70.0
6457 70.0
6458 70.0
6459 70.0
6460 70.0
6461 70.0
6462 70.0
6463 70.0
6464 70.0
6465 70.0
6466 70.0
6467 70.0
6468 70.0
6469 70.0
6470 70.0
6471 70.0
6472 70.0
6473 70.0
6474 70.0
6475 70.0
6476 70.0
6477 70.0
6478 70.0
6479 70.0
6480 70.0
6481 70.0
6482 70.0
6483 70.0
6484 70.0
6485 70.0
6486 70.0
6487 70.0
6488 70.0
6489 70.0
6490 70.0
6491 70.0
6492 70.0
6493 70.0
6494 70.0
6495 70.0
6496 70.0
6497 70.0
6498 70.0
6499 70.0
6500 70.0
6501 70.0
6502 70.0
6503 70.0
6504 70.0
6505 70.0
6506 70.0
6507 70.0
6508 70.0
6509 70.0
6510 70.0
6511 70.0
6512 70.0
6513 70.0
6514 70.0
6515 70.0
6516 70.0
6517 70.0
6518 70.0
6519 70.0
6520 70.0
6521 70.0
6522 70.0
6523 70.0
6524 70.0
6525 70.0
6526 70.0
6527 70.0
6528 70.0
6529 70.0
6530 70.0
6531 70.0
6532 70.0
6533 70.0
6534 70.0
6535 70.0
6536 70.0
6537 70.0
6538 70.0
6539 70.0
6540 70.0
6541 70.0
6542 70.0
6543 70.0
6544 70.0
6545 70.0
6546 70.0
6547 70.0
6548 70.0
6549 70.0
6550 70.0
6551 70.0
6552 70.0
6553 70.0
6554 70.0
6555 70.0
6556 70.0
6557 70.0
6558 70.0
6559 70.0
6560 70.0
6561 70.0
6562 70.0
6563 70.0
6564 70.0
6565 70.0
6566 70.0
6567 70.0
6568 70.0
6569 70.0
6570 70.0
6571 70.0
6572 70.0
6573 70.0
6574 70.0
6575 70.0
6576 70.0
6577 70.0
6578 70.0
6579 70.0
6580 70.0
6581 70.0
6582 70.0
6583 70.0
6584 70.0
6585 70.0
6586 70.0
6587 70.0
6588 70.0
6589 70.0
6590 70.0
6591 70.0
6592 70.0
6593 70.0
6594 70.0
6595 70.0
6596 70.0
6597 70.0
6598 70.0
6599 70.0
6600 70.0
6601 70.0
6602 70.0
6603 70.0
6604 70.0
6605 70.0
6606 70.0
6607 70.0
6608 70.0
6609 70.0
6610 70.0
6611 70.0
6612 70.0
6613 70.0
6614 70.0
6615 70.0
6616 70.0
6617 70.0
6618 70.0
6619 70.0
6620 70.0
6621 70.0
6622 70.0
6623 70.0
6624 70.0
6625 70.0
6626 70.0
6627 70.0
6628 70.0
6629 70.0
6630 70.0
6631 70.0
6632 70.0
6633 70.0
6634 70.0
6635 70.0
6636 70.0
6637 70.0
6638 70.0
6639 70.0
6640 70.0
6641 70.0
6642 70.0
6643 70.0
6644 70.0
6645 70.0
6646 70.0
6647 70.0
6648 70.0
6649 70.0
6650 70.0
6651 70.0
6652 70.0
6653 70.0
6654 70.0
6655 70.0
6656 70.0
6657 70.0
6658 70.0
6659 70.0
6660 70.0
6661 70.0
6662 70.0
6663 70.0
6664 70.0
6665 70.0
6666 70.0
6667 70.0
6668 70.0
6669 70.0
6670 70.0
6671 70.0
6672 70.0
6673 70.0
6674 70.0
6675 70.0
6676 70.0
6677 70.0
6678 70.0
6679 70.0
6680 70.0
6681 70.0
6682 70.0
6683 70.0
6684 70.0
6685 70.0
6686 70.0
6687 70.0
6688 70.0
6689 70.0
6690 70.0
6691 70.0
6692 70.0
6693 70.0
6694 70.0
6695 70.0
6696 70.0
6697 70.0
6698 70.0
6699 70.0
6700 70.0
6701 70.0
6702 70.0
6703 70.0
6704 70.0
6705 70.0
6706 70.0
6707 70.0
6708 70.0
6709 70.0
6710 70.0
6711 70.0
6712 70.0
6713 70.0
6714 70.0
6715 70.0
6716 70.0
6717 70.0
6718 70.0
6719 70.0
6720 70.0
6721 70.0
6722 70.0
6723 70.0
6724 70.0
6725 70.0
6726 70.0
6727 70.0
6728 70.0
6729 70.0
6730 70.0
6731 70.0
6732 70.0
6733 70.0
6734 70.0
6735 70.0
6736 70.0
6737 70.0
6738 70.0
6739 70.0
6740 70.0
6741 70.0
6742 70.0
6743 70.0
6744 70.0
6745 70.0
6746 70.0
6747 70.0
6748 70.0
6749 70.0
6750 70.0
6751 70.0
6752 70.0
6753 70.0
6754 70.0
6755 70.0
6756 70.0
6757 70.0
6758 70.0
6759 70.0
6760 70.0
6761 70.0
6762 70.0
6763 70.0
6764 70.0
6765 70.0
6766 70.0
6767 70.0
6768 70.0
6769 70.0
6770 70.0
6771 70.0
6772 70.0
6773 70.0
6774 70.0
6775 70.0
6776 70.0
6777 70.0
6778 70.0
6779 70.0
6780 70.0
6781 70.0
6782 70.0
6783 70.0
6784 70.0
6785 70.0
6786 70.0
6787 70.0
6788 70.0
6789 70.0
6790 70.0
6791 70.0
6792 70.0
6793 70.0
6794 70.0
6795 70.0
6796 70.0
6797 70.0
6798 70.0
6799 70.0
6800 70.0
6801 70.0
6802 70.0
6803 70.0
6804 70.0
6805 70.0
6806 70.0
6807 70.0
6808 70.0
6809 70.0
6810 70.0
6811 70.0
6812 70.0
6813 70.0
6814 70.0
6815 70.0
6816 70.0
6817 70.0
6818 70.0
6819 70.0
6820 70.0
6821 70.0
6822 70.0
6823 70.0
6824 70.0
6825 70.0
6826 70.0
6827 70.0
6828 70.0
6829 70.0
6830 70.0
6831 70.0
6832 70.0
6833 70.0
6834 70.0
6835 70.0
6836 70.0
6837 70.0
6838 70.0
6839 70.0
6840 70.0
6841 70.0
6842 70.0
6843 70.0
6844 70.0
6845 70.0
6846 70.0
6847 70.0
6848 70.0
6849 70.0
6850 70.0
6851 70.0
6852 70.0
6853 70.0
6854 70.0
6855 70.0
6856 70.0
6857 70.0
6858 70.0
6859 70.0
6860 70.0
6861 70.0
6862 70.0
6863 70.0
6864 70.0
6865 70.0
6866 70.0
6867 70.0
6868 70.0
6869 70.0
6870 70.0
6871 70.0
6872 70.0
6873 70.0
6874 70.0
6875 70.0
6876 70.0
6877 70.0
6878 70.0
6879 70.0
6880 70.0
6881 70.0
6882 70.0
6883 70.0
6884 70.0
6885 70.0
6886 70.0
6887 70.0
6888 70.0
6889 70.0
6890 70.0
6891 70.0
6892 70.0
6893 70.0
6894 70.0
6895 70.0
6896 70.0
6897 70.0
6898 70.0
6899 70.0
6900 70.0
6901 70.0
6902 70.0
6903 70.0
6904 70.0
6905 70.0
6906 70.0
6907 70.0
6908 70.0
6909 70.0
6910 70.0
6911 70.0
6912 70.0
6913 70.0
6914 70.0
6915 70.0
6916 70.0
6917 70.0
6918 70.0
6919 70.0
6920 70.0
6921 70.0
6922 70.0
6923 70.0
6924 70.0
6925 70.0
6926 70.0
6927 70.0
6928 70.0
6929 70.0
6930 70.0
6931 70.0
6932 70.0
6933 70.0
6934 70.0
6935 70.0
6936 70.0
6937 70.0
6938 70.0
6939 70.0
6940 70.0
6941 70.0
6942 70.0
6943 70.0
6944 70.0
6945 70.0
6946 70.0
6947 70.0
6948 70.0
6949 70.0
6950 70.0
6951 70.0
6952 70.0
6953 70.0
6954 70.0
6955 70.0
6956 70.0
6957 70.0
6958 70.0
6959 70.0
6960 70.0
6961 70.0
6962 70.0
6963 70.0
6964 70.0
6965 70.0
6966 70.0
6967 70.0
6968 70.0
6969 70.0
6970 70.0
6971 70.0
6972 70.0
6973 70.0
6974 70.0
6975 70.0
6976 70.0
6977 70.0
6978 70.0
6979 70.0
6980 70.0
6981 70.0
6982 70.0
6983 70.0
6984 70.0
6985 70.0
6986 70.0
6987 70.0
6988 70.0
6989 70.0
6990 70.0
6991 70.0
6992 70.0
6993 70.0
6994 70.0
6995 70.0
6996 70.0
6997 70.0
6998 70.0
6999 70.0
7000 70.0
7001 70.0
7002 70.0
7003 70.0
7004 70.0
7005 70.0
7006 70.0
7007 70.0
7008 70.0
7009 70.0
7010 70.0
7011 70.0
7012 70.0
7013 70.0
7014 70.0
7015 70.0
7016 70.0
7017 70.0
7018 70.0
7019 70.0
7020 70.0
7021 70.0
7022 70.0
7023 70.0
7024 70.0
7025 70.0
7026 70.0
7027 70.0
7028 70.0
7029 70.0
7030 70.0
7031 70.0
7032 70.0
7033 70.0
7034 70.0
7035 70.0
7036 70.0
7037 70.0
7038 70.0
7039 70.0
7040 70.0
7041 70.0
7042 70.0
7043 70.0
7044 70.0
7045 70.0
7046 70.0
7047 70.0
7048 70.0
7049 70.0
7050 70.0
7051 70.0
7052 70.0
7053 70.0
7054 70.0
7055 70.0
7056 70.0
7057 70.0
7058 70.0
7059 70.0
7060 70.0
7061 70.0
7062 70.0
7063 70.0
7064 70.0
7065 70.0
7066 70.0
7067 70.0
7068 70.0
7069 70.0
7070 70.0
7071 70.0
7072 70.0
7073 70.0
7074 70.0
7075 70.0
7076 70.0
7077 70.0
7078 70.0
7079 70.0
7080 70.0
7081 70.0
7082 70.0
7083 70.0
7084 70.0
7085 70.0
7086 70.0
7087 70.0
7088 70.0
7089 70.0
7090 70.0
7091 70.0
7092 70.0
7093 70.0
7094 70.0
7095 70.0
7096 70.0
7097 70.0
7098 70.0
7099 70.0
7100 70.0
7101 70.0
7102 70.0
7103 70.0
7104 70.0
7105 70.0
7106 70.0
7107 70.0
7108 70.0
7109 70.0
7110 70.0
7111 70.0
7112 70.0
7113 70.0
7114 70.0
7115 70.0
7116 70.0
7117 70.0
7118 70.0
7119 70.0
7120 70.0
7121 70.0
7122 70.0
7123 70.0
7124 70.0
7125 70.0
7126 70.0
7127 70.0
7128 70.0
7129 70.0
7130 70.0
7131 70.0
7132 70.0
7133 70.0
7134 70.0
7135 70.0
7136 70.0
7137 70.0
7138 70.0
7139 70.0
7140 70.0
7141 70.0
7142 70.0
7143 70.0
7144 70.0
7145 70.0
7146 70.0
7147 70.0
7148 70.0
7149 70.0
7150 70.0
7151 70.0
7152 70.0
7153 70.0
7154 70.0
7155 70.0
7156 70.0
7157 70.0
7158 70.0
7159 70.0
7160 70.0
7161 70.0
7162 70.0
7163 70.0
7164 70.0
7165 70.0
7166 70.0
7167 70.0
7168 70.0
7169 70.0
7170 70.0
7171 70.0
7172 70.0
7173 70.0
7174 70.0
7175 70.0
7176 70.0
7177 70.0
7178 70.0
7179 70.0
7180 70.0
7181 70.0
7182 70.0
7183 70.0
7184 70.0
7185 70.0
7186 70.0
7187 70.0
7188 70.0
7189 70.0
7190 70.0
7191 70.0
7192 70.0
7193 70.0
7194 70.0
7195 70.0
7196 70.0
7197 70.0
7198 70.0
7199 70.0
7200 70.0
7201 70.0
7202 70.0
7203 70.0
7204 70.0
7205 70.0
7206 70.0
7207 70.0
7208 70.0
7209 70.0
7210 70.0
7211 70.0
7212 70.0
7213 70.0
7214 70.0
7215 70.0
7216 70.0
7217 70.0
7218 70.0
7219 70.0
7220 70.0
7221 70.0
7222 70.0
7223 70.0
7224 70.0
7225 70.0
7226 70.0
7227 70.0
7228 70.0
7229 70.0
7230 70.0
7231 70.0
7232 70.0
7233 70.0
7234 70.0
7235 70.0
7236 70.0
7237 70.0
7238 70.0
7239 70.0
7240 70.0
7241 70.0
7242 70.0
7243 70.0
7244 70.0
7245 70.0
7246 70.0
7247 70.0
7248 70.0
7249 70.0
7250 70.0
7251 70.0
7252 70.0
7253 70.0
7254 70.0
7255 70.0
7256 70.0
7257 70.0
7258 70.0
7259 70.0
7260 70.0
7261 70.0
7262 70.0
7263 70.0
7264 70.0
7265 70.0
7266 70.0
7267 70.0
7268 70.0
7269 70.0
7270 70.0
7271 70.0
7272 70.0
7273 70.0
7274 70.0
7275 70.0
7276 70.0
7277 70.0
7278 70.0
7279 70.0
7280 70.0
7281 70.0
7282 70.0
7283 70.0
7284 70.0
7285 70.0
7286 70.0
7287 70.0
7288 70.0
7289 70.0
7290 70.0
7291 70.0
7292 70.0
7293 70.0
7294 70.0
7295 70.0
7296 70.0
7297 70.0
7298 70.0
7299 70.0
7300 70.0
7301 70.0
7302 70.0
7303 70.0
7304 70.0
7305 70.0
7306 70.0
7307 70.0
7308 70.0
7309 70.0
7310 70.0
7311 70.0
7312 70.0
7313 70.0
7314 70.0
7315 70.0
7316 70.0
7317 70.0
7318 70.0
7319 70.0
7320 70.0
7321 70.0
7322 70.0
7323 70.0
7324 70.0
7325 70.0
7326 70.0
7327 70.0
7328 70.0
7329 70.0
7330 70.0
7331 70.0
7332 70.0
7333 70.0
7334 70.0
7335 70.0
7336 70.0
7337 70.0
7338 70.0
7339 70.0
7340 70.0
7341 70.0
7342 70.0
7343 70.0
7344 70.0
7345 70.0
7346 70.0
7347 70.0
7348 70.0
7349 70.0
7350 70.0
7351 70.0
7352 70.0
7353 70.0
7354 70.0
7355 70.0
7356 70.0
7357 70.0
7358 70.0
7359 70.0
7360 70.0
7361 70.0
7362 70.0
7363 70.0
7364 70.0
7365 70.0
7366 70.0
7367 70.0
7368 70.0
7369 70.0
7370 70.0
7371 70.0
7372 70.0
7373 70.0
7374 70.0
7375 70.0
7376 70.0
7377 70.0
7378 70.0
7379 70.0
7380 70.0
7381 70.0
7382 70.0
7383 70.0
7384 70.0
7385 70.0
7386 70.0
7387 70.0
7388 70.0
7389 70.0
7390 70.0
7391 70.0
7392 70.0
7393 70.0
7394 70.0
7395 70.0
7396 70.0
7397 70.0
7398 70.0
7399 70.0
7400 70.0
7401 70.0
7402 70.0
7403 70.0
7404 70.0
7405 70.0
7406 70.0
7407 70.0
7408 70.0
7409 70.0
7410 70.0
7411 70.0
7412 70.0
7413 70.0
7414 70.0
7415 70.0
7416 70.0
7417 70.0
7418 70.0
7419 70.0
7420 70.0
7421 70.0
7422 70.0
7423 70.0
7424 70.0
7425 70.0
7426 70.0
7427 70.0
7428 70.0
7429 70.0
7430 70.0
7431 70.0
7432 70.0
7433 70.0
7434 70.0
7435 70.0
7436 70.0
7437 70.0
7438 70.0
7439 70.0
7440 70.0
7441 70.0
7442 70.0
7443 70.0
7444 70.0
7445 70.0
7446 70.0
7447 70.0
7448 70.0
7449 70.0
7450 70.0
7451 70.0
7452 70.0
7453 70.0
7454 70.0
7455 70.0
7456 70.0
7457 70.0
7458 70.0
7459 70.0
7460 70.0
7461 70.0
7462 70.0
7463 70.0
7464 70.0
7465 70.0
7466 70.0
7467 70.0
7468 70.0
7469 70.0
7470 70.0
7471 70.0
7472 70.0
7473 70.0
7474 70.0
7475 70.0
7476 70.0
7477 70.0
7478 70.0
7479 70.0
7480 70.0
7481 70.0
7482 70.0
7483 70.0
7484 70.0
7485 70.0
7486 70.0
7487 70.0
7488 70.0
7489 70.0
7490 70.0
7491 70.0
7492 70.0
7493 70.0
7494 70.0
7495 70.0
7496 70.0
7497 70.0
7498 70.0
7499 70.0
7500 70.0
7501 70.0
7502 70.0
7503 70.0
7504 70.0
7505 70.0
7506 70.0
7507 70.0
7508 70.0
7509 70.0
7510 70.0
7511 70.0
7512 70.0
7513 70.0
7514 70.0
7515 70.0
7516 70.0
7517 70.0
7518 70.0
7519 70.0
7520 70.0
7521 70.0
7522 70.0
7523 70.0
7524 70.0
7525 70.0
7526 70.0
7527 70.0
7528 70.0
7529 70.0
7530 70.0
7531 70.0
7532 70.0
7533 70.0
7534 70.0
7535 70.0
7536 70.0
7537 70.0
7538 70.0
7539 70.0
7540 70.0
7541 70.0
7542 70.0
7543 70.0
7544 70.0
7545 70.0
7546 70.0
7547 70.0
7548 70.0
7549 70.0
7550 70.0
7551 70.0
7552 70.0
7553 70.0
7554 70.0
7555 70.0
7556 70.0
7557 70.0
7558 70.0
7559 70.0
7560 70.0
7561 70.0
7562 70.0
7563 70.0
7564 70.0
7565 70.0
7566 70.0
7567 70.0
7568 70.0
7569 70.0
7570 70.0
7571 70.0
7572 70.0
7573 70.0
7574 70.0
7575 70.0
7576 70.0
7577 70.0
7578 70.0
7579 70.0
7580 70.0
7581 70.0
7582 70.0
7583 70.0
7584 70.0
7585 70.0
7586 70.0
7587 70.0
7588 70.0
7589 70.0
7590 70.0
7591 70.0
7592 70.0
7593 70.0
7594 70.0
7595 70.0
7596 70.0
7597 70.0
7598 70.0
7599 70.0
7600 70.0
7601 70.0
7602 70.0
7603 70.0
7604 70.0
7605 70.0
7606 70.0
7607 70.0
7608 70.0
7609 70.0
7610 70.0
7611 70.0
7612 70.0
7613 70.0
7614 70.0
7615 70.0
7616 70.0
7617 70.0
7618 70.0
7619 70.0
7620 70.0
7621 70.0
7622 70.0
7623 70.0
7624 70.0
7625 70.0
7626 70.0
7627 70.0
7628 70.0
7629 70.0
7630 70.0
7631 70.0
7632 70.0
7633 70.0
7634 70.0
7635 70.0
7636 70.0
7637 70.0
7638 70.0
7639 70.0
7640 70.0
7641 70.0
7642 70.0
7643 70.0
7644 70.0
7645 70.0
7646 70.0
7647 70.0
7648 70.0
7649 70.0
7650 70.0
7651 70.0
7652 70.0
7653 70.0
7654 70.0
7655 70.0
7656 70.0
7657 70.0
7658 70.0
7659 70.0
7660 70.0
7661 70.0
7662 70.0
7663 70.0
7664 70.0
7665 70.0
7666 70.0
7667 70.0
7668 70.0
7669 70.0
7670 70.0
7671 70.0
7672 70.0
7673 70.0
7674 70.0
7675 70.0
7676 70.0
7677 70.0
7678 70.0
7679 70.0
7680 70.0
7681 70.0
7682 70.0
7683 70.0
7684 70.0
7685 70.0
7686 70.0
7687 70.0
7688 70.0
7689 70.0
7690 70.0
7691 70.0
7692 70.0
7693 70.0
7694 70.0
7695 70.0
7696 70.0
7697 70.0
7698 70.0
7699 70.0
7700 70.0
7701 70.0
7702 70.0
7703 70.0
7704 70.0
7705 70.0
7706 70.0
7707 70.0
7708 70.0
7709 70.0
7710 70.0
7711 70.0
7712 70.0
7713 70.0
7714 70.0
7715 70.0
7716 70.0
7717 70.0
7718 70.0
7719 70.0
7720 70.0
7721 70.0
7722 70.0
7723 70.0
7724 70.0
7725 70.0
7726 70.0
7727 70.0
7728 70.0
7729 70.0
7730 70.0
7731 70.0
7732 70.0
7733 70.0
7734 70.0
7735 70.0
7736 70.0
7737 70.0
7738 70.0
7739 70.0
7740 70.0
7741 70.0
7742 70.0
7743 70.0
7744 70.0
7745 70.0
7746 70.0
7747 70.0
7748 70.0
7749 70.0
7750 70.0
7751 70.0
7752 70.0
7753 70.0
7754 70.0
7755 70.0
7756 70.0
7757 70.0
7758 70.0
7759 70.0
7760 70.0
7761 70.0
7762 70.0
7763 70.0
7764 70.0
7765 70.0
7766 70.0
7767 70.0
7768 70.0
7769 70.0
7770 70.0
7771 70.0
7772 70.0
7773 70.0
7774 70.0
7775 70.0
7776 70.0
7777 70.0
7778 70.0
7779 70.0
7780 70.0
7781 70.0
7782 70.0
7783 70.0
7784 70.0
7785 70.0
7786 70.0
7787 70.0
7788 70.0
7789 70.0
7790 70.0
7791 70.0
7792 70.0
7793 70.0
7794 70.0
7795 70.0
7796 70.0
7797 70.0
7798 70.0
7799 70.0
7800 70.0
7801 70.0
7802 70.0
7803 70.0
7804 70.0
7805 70.0
7806 70.0
7807 70.0
7808 70.0
7809 70.0
7810 70.0
7811 70.0
7812 70.0
7813 70.0
7814 70.0
7815 70.0
7816 70.0
7817 70.0
7818 70.0
7819 70.0
7820 70.0
7821 70.0
7822 70.0
7823 70.0
7824 70.0
7825 70.0
7826 70.0
7827 70.0
7828 70.0
7829 70.0
7830 70.0
7831 70.0
7832 70.0
7833 70.0
7834 70.0
7835 70.0
7836 70.0
7837 70.0
7838 70.0
7839 70.0
7840 70.0
7841 70.0
7842 70.0
7843 70.0
7844 70.0
7845 70.0
7846 70.0
7847 70.0
7848 70.0
7849 70.0
7850 70.0
7851 70.0
7852 70.0
7853 70.0
7854 70.0
7855 70.0
7856 70.0
7857 70.0
7858 70.0
7859 70.0
7860 70.0
7861 70.0
7862 70.0
7863 70.0
7864 70.0
7865 70.0
7866 70.0
7867 70.0
7868 70.0
7869 70.0
7870 70.0
7871 70.0
7872 70.0
7873 70.0
7874 70.0
7875 70.0
7876 70.0
7877 70.0
7878 70.0
7879 70.0
7880 70.0
7881 70.0
7882 70.0
7883 70.0
7884 70.0
7885 70.0
7886 70.0
7887 70.0
7888 70.0
7889 70.0
7890 70.0
7891 70.0
7892 70.0
7893 70.0
7894 70.0
7895 70.0
7896 70.0
7897 70.0
7898 70.0
7899 70.0
7900 70.0
7901 70.0
7902 70.0
7903 70.0
7904 70.0
7905 70.0
7906 70.0
7907 70.0
7908 70.0
7909 70.0
7910 70.0
7911 70.0
7912 70.0
7913 70.0
7914 70.0
7915 70.0
7916 70.0
7917 70.0
7918 70.0
7919 70.0
7920 70.0
7921 70.0
7922 70.0
7923 70.0
7924 70.0
7925 70.0
7926 70.0
7927 70.0
7928 70.0
7929 70.0
7930 70.0
7931 70.0
7932 70.0
7933 70.0
7934 70.0
7935 70.0
7936 70.0
7937 70.0
7938 70.0
7939 70.0
7940 70.0
7941 70.0
7942 70.0
7943 70.0
7944 70.0
7945 70.0
7946 70.0
7947 70.0
7948 70.0
7949 70.0
7950 70.0
7951 70.0
7952 70.0
7953 70.0
7954 70.0
7955 70.0
7956 70.0
7957 70.0
7958 70.0
7959 70.0
7960 70.0
7961 70.0
7962 70.0
7963 70.0
7964 70.0
7965 70.0
7966 70.0
7967 70.0
7968 70.0
7969 70.0
7970 70.0
7971 70.0
7972 70.0
7973 70.0
7974 70.0
7975 70.0
7976 70.0
7977 70.0
7978 70.0
7979 70.0
7980 70.0
7981 70.0
7982 70.0
7983 70.0
7984 70.0
7985 70.0
7986 70.0
7987 70.0
7988 70.0
7989 70.0
7990 70.0
7991 70.0
7992 70.0
7993 70.0
7994 70.0
7995 70.0
7996 70.0
7997 70.0
7998 70.0
7999 70.0
8000 70.0
8001 70.0
8002 70.0
8003 70.0
8004 70.0
8005 70.0
8006 70.0
8007 70.0
8008 70.0
8009 70.0
8010 70.0
8011 70.0
8012 70.0
8013 70.0
8014 70.0
8015 70.0
8016 70.0
8017 70.0
8018 70.0
8019 70.0
8020 70.0
8021 70.0
8022 70.0
8023 70.0
8024 70.0
8025 70.0
8026 70.0
8027 70.0
8028 70.0
8029 70.0
8030 70.0
8031 70.0
8032 70.0
8033 70.0
8034 70.0
8035 70.0
8036 70.0
8037 70.0
8038 70.0
8039 70.0
8040 70.0
8041 70.0
8042 70.0
8043 70.0
8044 70.0
8045 70.0
8046 70.0
8047 70.0
8048 70.0
8049 70.0
8050 70.0
8051 70.0
8052 70.0
8053 70.0
8054 70.0
8055 70.0
8056 70.0
8057 70.0
8058 70.0
8059 70.0
8060 70.0
8061 70.0
8062 70.0
8063 70.0
8064 70.0
8065 70.0
8066 70.0
8067 70.0
8068 70.0
8069 70.0
8070 70.0
8071 70.0
8072 70.0
8073 70.0
8074 70.0
8075 70.0
8076 70.0
8077 70.0
8078 70.0
8079 70.0
8080 70.0
8081 70.0
8082 70.0
8083 70.0
8084 70.0
8085 70.0
8086 70.0
8087 70.0
8088 70.0
8089 70.0
8090 70.0
8091 70.0
8092 70.0
8093 70.0
8094 70.0
8095 70.0
8096 70.0
8097 70.0
8098 70.0
8099 70.0
8100 70.0
8101 70.0
8102 70.0
8103 70.0
8104 70.0
8105 70.0
8106 70.0
8107 70.0
8108 70.0
8109 70.0
8110 70.0
8111 70.0
8112 70.0
8113 70.0
8114 70.0
8115 70.0
8116 70.0
8117 70.0
8118 70.0
8119 70.0
8120 70.0
8121 70.0
8122 70.0
8123 70.0
8124 70.0
8125 70.0
8126 70.0
8127 70.0
8128 70.0
8129 70.0
8130 70.0
8131 70.0
8132 70.0
8133 70.0
8134 70.0
8135 70.0
8136 70.0
8137 70.0
8138 70.0
8139 70.0
8140 70.0
8141 70.0
8142 70.0
8143 70.0
8144 70.0
8145 70.0
8146 70.0
8147 70.0
8148 70.0
8149 70.0
8150 70.0
8151 70.0
8152 70.0
8153 70.0
8154 70.0
8155 70.0
8156 70.0
8157 70.0
8158 70.0
8159 70.0
8160 70.0
8161 70.0
8162 70.0
8163 70.0
8164 70.0
8165 70.0
8166 70.0
8167 70.0
8168 70.0
8169 70.0
8170 70.0
8171 70.0
8172 70.0
8173 70.0
8174 70.0
8175 70.0
8176 70.0
8177 70.0
8178 70.0
8179 70.0
8180 70.0
8181 70.0
8182 70.0
8183 70.0
8184 70.0
8185 70.0
8186 70.0
8187 70.0
8188 70.0
8189 70.0
8190 70.0
8191 70.0
8192 70.0
8193 70.0
8194 70.0
8195 70.0
8196 70.0
8197 70.0
8198 70.0
8199 70.0
8200 70.0
8201 70.0
8202 70.0
8203 70.0
8204 70.0
8205 70.0
8206 70.0
8207 70.0
8208 70.0
8209 70.0
8210 70.0
8211 70.0
8212 70.0
8213 70.0
8214 70.0
8215 70.0
8216 70.0
8217 70.0
8218 70.0
8219 70.0
8220 70.0
8221 70.0
8222 70.0
8223 70.0
8224 70.0
8225 70.0
8226 70.0
8227 70.0
8228 70.0
8229 70.0
8230 70.0
8231 70.0
8232 70.0
8233 70.0
8234 70.0
8235 70.0
8236 70.0
8237 70.0
8238 70.0
8239 70.0
8240 70.0
8241 70.0
8242 70.0
8243 70.0
8244 70.0
8245 70.0
8246 70.0
8247 70.0
8248 70.0
8249 70.0
8250 70.0
8251 70.0
8252 70.0
8253 70.0
8254 70.0
8255 70.0
8256 70.0
8257 70.0
8258 70.0
8259 70.0
8260 70.0
8261 70.0
8262 70.0
8263 70.0
8264 70.0
8265 70.0
8266 70.0
8267 70.0
8268 70.0
8269 70.0
8270 70.0
8271 70.0
8272 70.0
8273 70.0
8274 70.0
8275 70.0
8276 70.0
8277 70.0
8278 70.0
8279 70.0
8280 70.0
8281 70.0
8282 70.0
8283 70.0
8284 70.0
8285 70.0
8286 70.0
8287 70.0
8288 70.0
8289 70.0
8290 70.0
8291 70.0
8292 70.0
8293 70.0
8294 70.0
8295 70.0
8296 70.0
8297 70.0
8298 70.0
8299 70.0
8300 70.0
8301 70.0
8302 70.0
8303 70.0
8304 70.0
8305 70.0
8306 70.0
8307 70.0
8308 70.0
8309 70.0
8310 70.0
8311 70.0
8312 70.0
8313 70.0
8314 70.0
8315 70.0
8316 70.0
8317 70.0
8318 70.0
8319 70.0
8320 70.0
8321 70.0
8322 70.0
8323 70.0
8324 70.0
8325 70.0
8326 70.0
8327 70.0
8328 70.0
8329 70.0
8330 70.0
8331 70.0
8332 70.0
8333 70.0
8334 70.0
8335 70.0
8336 70.0
8337 70.0
8338 70.0
8339 70.0
8340 70.0
8341 70.0
8342 70.0
8343 70.0
8344 70.0
8345 70.0
8346 70.0
8347 70.0
8348 70.0
8349 70.0
8350 70.0
8351 70.0
8352 70.0
8353 70.0
8354 70.0
8355 70.0
8356 70.0
8357 70.0
8358 70.0
8359 70.0
8360 70.0
8361 70.0
8362 70.0
8363 70.0
8364 70.0
8365 70.0
8366 70.0
8367 70.0
8368 70.0
8369 70.0
8370 70.0
8371 70.0
8372 70.0
8373 70.0
8374 70.0
8375 70.0
8376 70.0
8377 70.0
8378 70.0
8379 70.0
8380 70.0
8381 70.0
8382 70.0
8383 70.0
8384 70.0
8385 70.0
8386 70.0
8387 70.0
8388 70.0
8389 70.0
8390 70.0
8391 70.0
8392 70.0
8393 70.0
8394 70.0
8395 70.0
8396 70.0
8397 70.0
8398 70.0
8399 70.0
8400 70.0
8401 70.0
8402 70.0
8403 70.0
8404 70.0
8405 70.0
8406 70.0
8407 70.0
8408 70.0
8409 70.0
8410 70.0
8411 70.0
8412 70.0
8413 70.0
8414 70.0
8415 70.0
8416 70.0
8417 70.0
8418 70.0
8419 70.0
8420 70.0
8421 70.0
8422 70.0
8423 70.0
8424 70.0
8425 70.0
8426 70.0
8427 70.0
8428 70.0
8429 70.0
8430 70.0
8431 70.0
8432 70.0
8433 70.0
8434 70.0
8435 70.0
8436 70.0
8437 70.0
8438 70.0
8439 70.0
8440 70.0
8441 70.0
8442 70.0
8443 70.0
8444 70.0
8445 70.0
8446 70.0
8447 70.0
8448 70.0
8449 70.0
8450 70.0
8451 70.0
8452 70.0
8453 70.0
8454 70.0
8455 70.0
8456 70.0
8457 70.0
8458 70.0
8459 70.0
8460 70.0
8461 70.0
8462 70.0
8463 70.0
8464 70.0
8465 70.0
8466 70.0
8467 70.0
8468 70.0
8469 70.0
8470 70.0
8471 70.0
8472 70.0
8473 70.0
8474 70.0
8475 70.0
8476 70.0
8477 70.0
8478 70.0
8479 70.0
8480 70.0
8481 70.0
8482 70.0
8483 70.0
8484 70.0
8485 70.0
8486 70.0
8487 70.0
8488 70.0
8489 70.0
8490 70.0
8491 70.0
8492 70.0
8493 70.0
8494 70.0
8495 70.0
8496 70.0
8497 70.0
8498 70.0
8499 70.0
8500 70.0
8501 70.0
8502 70.0
8503 70.0
8504 70.0
8505 70.0
8506 70.0
8507 70.0
8508 70.0
8509 70.0
8510 70.0
8511 70.0
8512 70.0
8513 70.0
8514 70.0
8515 70.0
8516 70.0
8517 70.0
8518 70.0
8519 70.0
8520 70.0
8521 70.0
8522 70.0
8523 70.0
8524 70.0
8525 70.0
8526 70.0
8527 70.0
8528 70.0
8529 70.0
8530 70.0
8531 70.0
8532 70.0
8533 70.0
8534 70.0
8535 70.0
8536 70.0
8537 70.0
8538 70.0
8539 70.0
8540 70.0
8541 70.0
8542 70.0
8543 70.0
8544 70.0
8545 70.0
8546 70.0
8547 70.0
8548 70.0
8549 70.0
8550 70.0
8551 70.0
8552 70.0
8553 70.0
8554 70.0
8555 70.0
8556 70.0
8557 70.0
8558 70.0
8559 70.0
8560 70.0
8561 70.0
8562 70.0
8563 70.0
8564 70.0
8565 70.0
8566 70.0
8567 70.0
8568 70.0
8569 70.0
8570 70.0
8571 70.0
8572 70.0
8573 70.0
8574 70.0
8575 70.0
8576 70.0
8577 70.0
8578 70.0
8579 70.0
8580 70.0
8581 70.0
8582 70.0
8583 70.0
8584 70.0
8585 70.0
8586 70.0
8587 70.0
8588 70.0
8589 70.0
8590 70.0
8591 70.0
8592 70.0
8593 70.0
8594 70.0
8595 70.0
8596 70.0
8597 70.0
8598 70.0
8599 70.0
8600 70.0
8601 70.0
8602 70.0
8603 70.0
8604 70.0
8605 70.0
8606 70.0
8607 70.0
8608 70.0
8609 70.0
8610 70.0
8611 70.0
8612 70.0
8613 70.0
8614 70.0
8615 70.0
8616 70.0
8617 70.0
8618 70.0
8619 70.0
8620 70.0
8621 70.0
8622 70.0
8623 70.0
8624 70.0
8625 70.0
8626 70.0
8627 70.0
8628 70.0
8629 70.0
8630 70.0
8631 70.0
8632 70.0
8633 70.0
8634 70.0
8635 70.0
8636 70.0
8637 70.0
8638 70.0
8639 70.0
8640 70.0
8641 70.0
8642 70.0
8643 70.0
8644 70.0
8645 70.0
8646 70.0
8647 70.0
8648 70.0
8649 70.0
8650 70.0
8651 70.0
8652 70.0
8653 70.0
8654 70.0
8655 70.0
8656 70.0
8657 70.0
8658 70.0
8659 70.0
8660 70.0
8661 70.0
8662 70.0
8663 70.0
8664 70.0
8665 70.0
8666 70.0
8667 70.0
8668 70.0
8669 70.0
8670 70.0
8671 70.0
8672 70.0
8673 70.0
8674 70.0
8675 70.0
8676 70.0
8677 70.0
8678 70.0
8679 70.0
8680 70.0
8681 70.0
8682 70.0
8683 70.0
8684 70.0
8685 70.0
8686 70.0
8687 70.0
8688 70.0
8689 70.0
8690 70.0
8691 70.0
8692 70.0
8693 70.0
8694 70.0
8695 70.0
8696 70.0
8697 70.0
8698 70.0
8699 70.0
8700 70.0
8701 70.0
8702 70.0
8703 70.0
8704 70.0
8705 70.0
8706 70.0
8707 70.0
8708 70.0
8709 70.0
8710 70.0
8711 70.0
8712 70.0
8713 70.0
8714 70.0
8715 70.0
8716 70.0
8717 70.0
8718 70.0
8719 70.0
8720 70.0
8721 70.0
8722 70.0
8723 70.0
8724 70.0
8725 70.0
8726 70.0
8727 70.0
8728 70.0
8729 70.0
8730 70.0
8731 70.0
8732 70.0
8733 70.0
8734 70.0
8735 70.0
8736 70.0
8737 70.0
8738 70.0
8739 70.0
8740 70.0
8741 70.0
8742 70.0
8743 70.0
8744 70.0
8745 70.0
8746 70.0
8747 70.0
8748 70.0
8749 70.0
8750 70.0
8751 70.0
8752 70.0
8753 70.0
8754 70.0
8755 70.0
8756 70.0
8757 70.0
8758 70.0
8759 70.0
8760 70.0
8761 70.0
8762 70.0
8763 70.0
8764 70.0
8765 70.0
8766 70.0
8767 70.0
8768 70.0
8769 70.0
8770 70.0
8771 70.0
8772 70.0
8773 70.0
8774 70.0
8775 70.0
8776 70.0
8777 70.0
8778 70.0
8779 70.0
8780 70.0
8781 70.0
8782 70.0
8783 70.0
8784 70.0
8785 70.0
8786 70.0
8787 70.0
8788 70.0
8789 70.0
8790 70.0
8791 70.0
8792 70.0
8793 70.0
8794 70.0
8795 70.0
8796 70.0
8797 70.0
8798 70.0
8799 70.0
8800 70.0
8801 70.0
8802 70.0
8803 70.0
8804 70.0
8805 70.0
8806 70.0
8807 70.0
8808 70.0
8809 70.0
8810 70.0
8811 70.0
8812 70.0
8813 70.0
8814 70.0
8815 70.0
8816 70.0
8817 70.0
8818 70.0
8819 70.0
8820 70.0
8821 70.0
8822 70.0
8823 70.0
8824 70.0
8825 70.0
8826 70.0
8827 70.0
8828 70.0
8829 70.0
8830 70.0
8831 70.0
8832 70.0
8833 70.0
8834 70.0
8835 70.0
8836 70.0
8837 70.0
8838 70.0
8839 70.0
8840 70.0
8841 70.0
8842 70.0
8843 70.0
8844 70.0
8845 70.0
8846 70.0
8847 70.0
8848 70.0
8849 70.0
8850 70.0
8851 70.0
8852 70.0
8853 70.0
8854 70.0
8855 70.0
8856 70.0
8857 70.0
8858 70.0
8859 70.0
8860 70.0
8861 70.0
8862 70.0
8863 70.0
8864 70.0
8865 70.0
8866 70.0
8867 70.0
8868 70.0
8869 70.0
8870 70.0
8871 70.0
8872 70.0
8873 70.0
8874 70.0
8875 70.0
8876 70.0
8877 70.0
8878 70.0
8879 70.0
8880 70.0
8881 70.0
8882 70.0
8883 70.0
8884 70.0
8885 70.0
8886 70.0
8887 70.0
8888 70.0
8889 70.0
8890 70.0
8891 70.0
8892 70.0
8893 70.0
8894 70.0
8895 70.0
8896 70.0
8897 70.0
8898 70.0
8899 70.0
8900 70.0
8901 70.0
8902 70.0
8903 70.0
8904 70.0
8905 70.0
8906 70.0
8907 70.0
8908 70.0
8909 70.0
8910 70.0
8911 70.0
8912 70.0
8913 70.0
8914 70.0
8915 70.0
8916 70.0
8917 70.0
8918 70.0
8919 70.0
8920 70.0
8921 70.0
8922 70.0
8923 70.0
8924 70.0
8925 70.0
8926 70.0
8927 70.0
8928 70.0
8929 70.0
8930 70.0
8931 70.0
8932 70.0
8933 70.0
8934 70.0
8935 70.0
8936 70.0
8937 70.0
8938 70.0
8939 70.0
8940 70.0
8941 70.0
8942 70.0
8943 70.0
8944 70.0
8945 70.0
8946 70.0
8947 70.0
8948 70.0
8949 70.0
8950 70.0
8951 70.0
8952 70.0
8953 70.0
8954 70.0
8955 70.0
8956 70.0
8957 70.0
8958 70.0
8959 70.0
8960 70.0
8961 70.0
8962 70.0
8963 70.0
8964 70.0
8965 70.0
8966 70.0
8967 70.0
8968 70.0
8969 70.0
8970 70.0
8971 70.0
8972 70.0
8973 70.0
8974 70.0
8975 70.0
8976 70.0
8977 70.0
8978 70.0
8979 70.0
8980 70.0
8981 70.0
8982 70.0
8983 70.0
8984 70.0
8985 70.0
8986 70.0
8987 70.0
8988 70.0
8989 70.0
8990 70.0
8991 70.0
8992 70.0
8993 70.0
8994 70.0
8995 70.0
8996 70.0
8997 70.0
8998 70.0
8999 70.0
9000 70.0
9001 70.0
9002 70.0
9003 70.0
9004 70.0
9005 70.0
9006 70.0
9007 70.0
9008 70.0
9009 70.0
9010 70.0
9011 70.0
9012 70.0
9013 70.0
9014 70.0
9015 70.0
9016 70.0
9017 70.0
9018 70.0
9019 70.0
9020 70.0
9021 70.0
9022 70.0
9023 70.0
9024 70.0
9025 70.0
9026 70.0
9027 70.0
9028 70.0
9029 70.0
9030 70.0
9031 70.0
9032 70.0
9033 70.0
9034 70.0
9035 70.0
9036 70.0
9037 70.0
9038 70.0
9039 70.0
9040 70.0
9041 70.0
9042 70.0
9043 70.0
9044 70.0
9045 70.0
9046 70.0
9047 70.0
9048 70.0
9049 70.0
9050 70.0
9051 70.0
9052 70.0
9053 70.0
9054 70.0
9055 70.0
9056 70.0
9057 70.0
9058 70.0
9059 70.0
9060 70.0
9061 70.0
9062 70.0
9063 70.0
9064 70.0
9065 70.0
9066 70.0
9067 70.0
9068 70.0
9069 70.0
9070 70.0
9071 70.0
9072 70.0
9073 70.0
9074 70.0
9075 70.0
9076 70.0
9077 70.0
9078 70.0
9079 70.0
9080 70.0
9081 70.0
9082 70.0
9083 70.0
9084 70.0
9085 70.0
9086 70.0
9087 70.0
9088 70.0
9089 70.0
9090 70.0
9091 70.0
9092 70.0
9093 70.0
9094 70.0
9095 70.0
9096 70.0
9097 70.0
9098 70.0
9099 70.0
9100 70.0
9101 70.0
9102 70.0
9103 70.0
9104 70.0
9105 70.0
9106 70.0
9107 70.0
9108 70.0
9109 70.0
9110 70.0
9111 70.0
9112 70.0
9113 70.0
9114 70.0
9115 70.0
9116 70.0
9117 70.0
9118 70.0
9119 70.0
9120 70.0
9121 70.0
9122 70.0
9123 70.0
9124 70.0
9125 70.0
9126 70.0
9127 70.0
9128 70.0
9129 70.0
9130 70.0
9131 70.0
9132 70.0
9133 70.0
9134 70.0
9135 70.0
9136 70.0
9137 70.0
9138 70.0
9139 70.0
9140 70.0
9141 70.0
9142 70.0
9143 70.0
9144 70.0
9145 70.0
9146 70.0
9147 70.0
9148 70.0
9149 70.0
9150 70.0
9151 70.0
9152 70.0
9153 70.0
9154 70.0
9155 70.0
9156 70.0
9157 70.0
9158 70.0
9159 70.0
9160 70.0
9161 70.0
9162 70.0
9163 70.0
9164 70.0
9165 70.0
9166 70.0
9167 70.0
9168 70.0
9169 70.0
9170 70.0
9171 70.0
9172 70.0
9173 70.0
9174 70.0
9175 70.0
9176 70.0
9177 70.0
9178 70.0
9179 70.0
9180 70.0
9181 70.0
9182 70.0
9183 70.0
9184 70.0
9185 70.0
9186 70.0
9187 70.0
9188 70.0
9189 70.0
9190 70.0
9191 70.0
9192 70.0
9193 70.0
9194 70.0
9195 70.0
9196 70.0
9197 70.0
9198 70.0
9199 70.0
9200 70.0
9201 70.0
9202 70.0
9203 70.0
9204 70.0
9205 70.0
9206 70.0
9207 70.0
9208 70.0
9209 70.0
9210 70.0
9211 70.0
9212 70.0
9213 70.0
9214 70.0
9215 70.0
9216 70.0
9217 70.0
9218 70.0
9219 70.0
9220 70.0
9221 70.0
9222 70.0
9223 70.0
9224 70.0
9225 70.0
9226 70.0
9227 70.0
9228 70.0
9229 70.0
9230 70.0
9231 70.0
9232 70.0
9233 70.0
9234 70.0
9235 70.0
9236 70.0
9237 70.0
9238 70.0
9239 70.0
9240 70.0
9241 70.0
9242 70.0
9243 70.0
9244 70.0
9245 70.0
9246 70.0
9247 70.0
9248 70.0
9249 70.0
9250 70.0
9251 70.0
9252 70.0
9253 70.0
9254 70.0
9255 70.0
9256 70.0
9257 70.0
9258 70.0
9259 70.0
9260 70.0
9261 70.0
9262 70.0
9263 70.0
9264 70.0
9265 70.0
9266 70.0
9267 70.0
9268 70.0
9269 70.0
9270 70.0
9271 70.0
9272 70.0
9273 70.0
9274 70.0
9275 70.0
9276 70.0
9277 70.0
9278 70.0
9279 70.0
9280 70.0
9281 70.0
9282 70.0
9283 70.0
9284 70.0
9285 70.0
9286 70.0
9287 70.0
9288 70.0
9289 70.0
9290 70.0
9291 70.0
9292 70.0
9293 70.0
9294 70.0
9295 70.0
9296 70.0
9297 70.0
9298 70.0
9299 70.0
9300 70.0
9301 70.0
9302 70.0
9303 70.0
9304 70.0
9305 70.0
9306 70.0
9307 70.0
9308 70.0
9309 70.0
9310 70.0
9311 70.0
9312 70.0
9313 70.0
9314 70.0
9315 70.0
9316 70.0
9317 70.0
9318 70.0
9319 70.0
9320 70.0
9321 70.0
9322 70.0
9323 70.0
9324 70.0
9325 70.0
9326 70.0
9327 70.0
9328 70.0
9329 70.0
9330 70.0
9331 70.0
9332 70.0
9333 70.0
9334 70.0
9335 70.0
9336 70.0
9337 70.0
9338 70.0
9339 70.0
9340 70.0
9341 70.0
9342 70.0
9343 70.0
9344 70.0
9345 70.0
9346 70.0
9347 70.0
9348 70.0
9349 70.0
9350 70.0
9351 70.0
9352 70.0
9353 70.0
9354 70.0
9355 70.0
9356 70.0
9357 70.0
9358 70.0
9359 70.0
9360 70.0
9361 70.0
9362 70.0
9363 70.0
9364 70.0
9365 70.0
9366 70.0
9367 70.0
9368 70.0
9369 70.0
9370 70.0
9371 70.0
9372 70.0
9373 70.0
9374 70.0
9375 70.0
9376 70.0
9377 70.0
9378 70.0
9379 70.0
9380 70.0
9381 70.0
9382 70.0
9383 70.0
9384 70.0
9385 70.0
9386 70.0
9387 70.0
9388 70.0
9389 70.0
9390 70.0
9391 70.0
9392 70.0
9393 70.0
9394 70.0
9395 70.0
9396 70.0
9397 70.0
9398 70.0
9399 70.0
9400 70.0
9401 70.0
9402 70.0
9403 70.0
9404 70.0
9405 70.0
9406 70.0
9407 70.0
9408 70.0
9409 70.0
9410 70.0
9411 70.0
9412 70.0
9413 70.0
9414 70.0
9415 70.0
9416 70.0
9417 70.0
9418 70.0
9419 70.0
9420 70.0
9421 70.0
9422 70.0
9423 70.0
9424 70.0
9425 70.0
9426 70.0
9427 70.0
9428 70.0
9429 70.0
9430 70.0
9431 70.0
9432 70.0
9433 70.0
9434 70.0
9435 70.0
9436 70.0
9437 70.0
9438 70.0
9439 70.0
9440 70.0
9441 70.0
9442 70.0
9443 70.0
9444 70.0
9445 70.0
9446 70.0
9447 70.0
9448 70.0
9449 70.0
9450 70.0
9451 70.0
9452 70.0
9453 70.0
9454 70.0
9455 70.0
9456 70.0
9457 70.0
9458 70.0
9459 70.0
9460 70.0
9461 70.0
9462 70.0
9463 70.0
9464 70.0
9465 70.0
9466 70.0
9467 70.0
9468 70.0
9469 70.0
9470 70.0
9471 70.0
9472 70.0
9473 70.0
9474 70.0
9475 70.0
9476 70.0
9477 70.0
9478 70.0
9479 70.0
9480 70.0
9481 70.0
9482 70.0
9483 70.0
9484 70.0
9485 70.0
9486 70.0
9487 70.0
9488 70.0
9489 70.0
9490 70.0
9491 70.0
9492 70.0
9493 70.0
9494 70.0
9495 70.0
9496 70.0
9497 70.0
9498 70.0
9499 70.0
9500 70.0
9501 70.0
9502 70.0
9503 70.0
9504 70.0
9505 70.0
9506 70.0
9507 70.0
9508 70.0
9509 70.0
9510 70.0
9511 70.0
9512 70.0
9513 70.0
9514 70.0
9515 70.0
9516 70.0
9517 70.0
9518 70.0
9519 70.0
9520 70.0
9521 70.0
9522 70.0
9523 70.0
9524 70.0
9525 70.0
9526 70.0
9527 70.0
9528 70.0
9529 70.0
9530 70.0
9531 70.0
9532 70.0
9533 70.0
9534 70.0
9535 70.0
9536 70.0
9537 70.0
9538 70.0
9539 70.0
9540 70.0
9541 70.0
9542 70.0
9543 70.0
9544 70.0
9545 70.0
9546 70.0
9547 70.0
9548 70.0
9549 70.0
9550 70.0
9551 70.0
9552 70.0
9553 70.0
9554 70.0
9555 70.0
9556 70.0
9557 70.0
9558 70.0
9559 70.0
9560 70.0
9561 70.0
9562 70.0
9563 70.0
9564 70.0
9565 70.0
9566 70.0
9567 70.0
9568 70.0
9569 70.0
9570 70.0
9571 70.0
9572 70.0
9573 70.0
9574 70.0
9575 70.0
9576 70.0
9577 70.0
9578 70.0
9579 70.0
9580 70.0
9581 70.0
9582 70.0
9583 70.0
9584 70.0
9585 70.0
9586 70.0
9587 70.0
9588 70.0
9589 70.0
9590 70.0
9591 70.0
9592 70.0
9593 70.0
9594 70.0
9595 70.0
9596 70.0
9597 70.0
9598 70.0
9599 70.0
9600 70.0
9601 70.0
9602 70.0
9603 70.0
9604 70.0
9605 70.0
9606 70.0
9607 70.0
9608 70.0
9609 70.0
9610 70.0
9611 70.0
9612 70.0
9613 70.0
9614 70.0
9615 70.0
9616 70.0
9617 70.0
9618 70.0
9619 70.0
9620 70.0
9621 70.0
9622 70.0
9623 70.0
9624 70.0
9625 70.0
9626 70.0
9627 70.0
9628 70.0
9629 70.0
9630 70.0
9631 70.0
9632 70.0
9633 70.0
9634 70.0
9635 70.0
9636 70.0
9637 70.0
9638 70.0
9639 70.0
9640 70.0
9641 70.0
9642 70.0
9643 70.0
9644 70.0
9645 70.0
9646 70.0
9647 70.0
9648 70.0
9649 70.0
9650 70.0
9651 70.0
9652 70.0
9653 70.0
9654 70.0
9655 70.0
9656 70.0
9657 70.0
9658 70.0
9659 70.0
9660 70.0
9661 70.0
9662 70.0
9663 70.0
9664 70.0
9665 70.0
9666 70.0
9667 70.0
9668 70.0
9669 70.0
9670 70.0
9671 70.0
9672 70.0
9673 70.0
9674 70.0
9675 70.0
9676 70.0
9677 70.0
9678 70.0
9679 70.0
9680 70.0
9681 70.0
9682 70.0
9683 70.0
9684 70.0
9685 70.0
9686 70.0
9687 70.0
9688 70.0
9689 70.0
9690 70.0
9691 70.0
9692 70.0
9693 70.0
9694 70.0
9695 70.0
9696 70.0
9697 70.0
9698 70.0
9699 70.0
9700 70.0
9701 70.0
9702 70.0
9703 70.0
9704 70.0
9705 70.0
9706 70.0
9707 70.0
9708 70.0
9709 70.0
9710 70.0
9711 70.0
9712 70.0
9713 70.0
9714 70.0
9715 70.0
9716 70.0
9717 70.0
9718 70.0
9719 70.0
9720 70.0
9721 70.0
9722 70.0
9723 70.0
9724 70.0
9725 70.0
9726 70.0
9727 70.0
9728 70.0
9729 70.0
9730 70.0
9731 70.0
9732 70.0
9733 70.0
9734 70.0
9735 70.0
9736 70.0
9737 70.0
9738 70.0
9739 70.0
9740 70.0
9741 70.0
9742 70.0
9743 70.0
9744 70.0
9745 70.0
9746 70.0
9747 70.0
9748 70.0
9749 70.0
9750 70.0
9751 70.0
9752 70.0
9753 70.0
9754 70.0
9755 70.0
9756 70.0
9757 70.0
9758 70.0
9759 70.0
9760 70.0
9761 70.0
9762 70.0
9763 70.0
9764 70.0
9765 70.0
9766 70.0
9767 70.0
9768 70.0
9769 70.0
9770 70.0
9771 70.0
9772 70.0
9773 70.0
9774 70.0
9775 70.0
9776 70.0
9777 70.0
9778 70.0
9779 70.0
9780 70.0
9781 70.0
9782 70.0
9783 70.0
9784 70.0
9785 70.0
9786 70.0
9787 70.0
9788 70.0
9789 70.0
9790 70.0
9791 70.0
9792 70.0
9793 70.0
9794 70.0
9795 70.0
9796 70.0
9797 70.0
9798 70.0
9799 70.0
9800 70.0
9801 70.0
9802 70.0
9803 70.0
9804 70.0
9805 70.0
9806 70.0
9807 70.0
9808 70.0
9809 70.0
9810 70.0
9811 70.0
9812 70.0
9813 70.0
9814 70.0
9815 70.0
9816 70.0
9817 70.0
9818 70.0
9819 70.0
9820 70.0
9821 70.0
9822 70.0
9823 70.0
9824 70.0
9825 70.0
9826 70.0
9827 70.0
9828 70.0
9829 70.0
9830 70.0
9831 70.0
9832 70.0
9833 70.0
9834 70.0
9835 70.0
9836 70.0
9837 70.0
9838 70.0
9839 70.0
9840 70.0
9841 70.0
9842 70.0
9843 70.0
9844 70.0
9845 70.0
9846 70.0
9847 70.0
9848 70.0
9849 70.0
9850 70.0
9851 70.0
9852 70.0
9853 70.0
9854 70.0
9855 70.0
9856 70.0
9857 70.0
9858 70.0
9859 70.0
9860 70.0
9861 70.0
9862 70.0
9863 70.0
9864 70.0
9865 70.0
9866 70.0
9867 70.0
9868 70.0
9869 70.0
9870 70.0
9871 70.0
9872 70.0
9873 70.0
9874 70.0
9875 70.0
9876 70.0
9877 70.0
9878 70.0
9879 70.0
9880 70.0
9881 70.0
9882 70.0
9883 70.0
9884 70.0
9885 70.0
9886 70.0
9887 70.0
9888 70.0
9889 70.0
9890 70.0
9891 70.0
9892 70.0
9893 70.0
9894 70.0
9895 70.0
9896 70.0
9897 70.0
9898 70.0
9899 70.0
9900 70.0
9901 70.0
9902 70.0
9903 70.0
9904 70.0
9905 70.0
9906 70.0
9907 70.0
9908 70.0
9909 70.0
9910 70.0
9911 70.0
9912 70.0
9913 70.0
9914 70.0
9915 70.0
9916 70.0
9917 70.0
9918 70.0
9919 70.0
9920 70.0
9921 70.0
9922 70.0
9923 70.0
9924 70.0
9925 70.0
9926 70.0
9927 70.0
9928 70.0
9929 70.0
9930 70.0
9931 70.0
9932 70.0
9933 70.0
9934 70.0
9935 70.0
9936 70.0
9937 70.0
9938 70.0
9939 70.0
9940 70.0
9941 70.0
9942 70.0
9943 70.0
9944 70.0
9945 70.0
9946 70.0
9947 70.0
9948 70.0
9949 70.0
9950 70.0
9951 70.0
9952 70.0
9953 70.0
9954 70.0
9955 70.0
9956 70.0
9957 70.0
9958 70.0
9959 70.0
9960 70.0
9961 70.0
9962 70.0
9963 70.0
9964 70.0
9965 70.0
9966 70.0
9967 70.0
9968 70.0
9969 70.0
9970 70.0
9971 70.0
9972 70.0
9973 70.0
9974 70.0
9975 70.0
9976 70.0
9977 70.0
9978 70.0
9979 70.0
9980 70.0
9981 70.0
9982 70.0
9983 70.0
9984 70.0
9985 70.0
9986 70.0
9987 70.0
9988 70.0
9989 70.0
9990 70.0
9991 70.0
9992 70.0
9993 70.0
9994 70.0
9995 70.0
9996 70.0
9997 70.0
9998 70.0
9999 70.0
10000 70.0
10001 70.0
10002 70.0
