evaluations raw_y
1 -2129813.0000000005
3 -2128804.0000000005
7 -2127797.0000000005
12 -2126791.0000000005
13 -2125787.0000000005
14 -2124783.0000000005
16 -2123775.0000000005
17 -2122771.0000000005
20 -2121771.0000000005
23 -2120764.0000000005
24 -2119759.0000000005
30 -2118754.0000000005
33 -2117754.0000000005
35 -2116754.0000000005
36 -2115750.0000000005
37 -2114745.0000000005
39 -2113740.0000000005
42 -2112736.0000000005
43 -2111732.0000000005
44 -2110725.0000000005
45 -2109719.0000000005
46 -2108714.0000000005
50 -2107714.0000000005
51 -2106713.0000000005
52 -2105707.0000000005
55 -2104704.0000000005
56 -2103703.0000000005
61 -2102703.0000000005
63 -2101696.0000000005
64 -2100687.0000000005
68 -2099683.0000000005
69 -2098682.0000000005
74 -2097673.0000000005
76 -2096671.0000000005
78 -2095667.0000000005
79 -2094661.0000000005
81 -2093652.0000000005
84 -2092648.0000000005
85 -2091641.0000000005
86 -2090640.0000000005
99 -2089635.0000000005
100 -2088632.0000000005
101 -2087628.0000000005
104 -2086628.0000000005
107 -2085624.0000000005
111 -2084618.0000000005
112 -2083609.0000000005
115 -2082607.0000000005
118 -2081601.0000000005
119 -2080593.0000000005
120 -2079590.0000000005
124 -2078583.0000000005
125 -2077582.0000000005
126 -2076575.0000000005
128 -2075566.0000000005
129 -2074559.0000000005
130 -2073550.0000000005
131 308331.9227955763
223 308366.3931560492
224 309134.4442023158
464 309145.8303454524
465 310061.5537214583
514 310075.3041709692
515 310934.3072142323
620 310966.8326877736
621 311592.6488323098
763 311600.1535514798
764 312427.3830056193
1202 312440.9634345622
1203 312749.9755955052
1239 312759.7633020860
1240 313600.3893832049
1407 313606.6557300235
1409 313739.9879080290
2068 313779.3638923971
2069 314570.3464726539
2442 314586.8499721780
2445 314980.4309067817
2624 315014.3446527224
2625 315057.4729884419
2661 315072.5642015681
2666 315230.6945011516
2863 315244.1309692500
2866 315651.9540528426
3060 315670.3106550397
3064 315997.1719061275
3429 316005.1918412480
3430 316578.6518750275
4089 316601.0674787396
4091 317436.2035631610
10000 317393.7208629152
evaluations raw_y
1 -2102732.0000000005
2 -2101732.0000000005
3 -2100723.0000000005
5 -2099715.0000000005
7 -2098707.0000000005
10 -2097704.0000000005
12 -2096703.0000000005
14 -2095699.0000000005
15 -2094698.0000000005
17 -2093697.0000000005
20 -2092695.0000000005
21 -2091694.0000000005
22 -2090693.0000000005
24 -2089692.0000000005
26 -2088692.0000000005
28 -2087690.0000000005
30 -2086681.0000000005
33 -2085673.0000000005
35 -2084667.0000000005
37 -2083661.0000000005
39 -2082658.0000000005
40 -2081649.0000000005
44 -2080645.0000000005
47 -2079640.0000000005
48 -2078632.0000000005
49 -2077623.0000000005
50 -2076618.0000000005
52 -2075610.0000000005
53 -2074601.0000000005
55 -2073601.0000000005
56 308111.5051245479
378 308137.5847103504
380 308149.1688401179
389 308176.4882493186
391 308557.8939557264
417 308572.5605662024
418 308928.9156029150
422 308945.5917727113
423 309072.0938647619
494 309084.1607654698
496 309320.7395455069
510 309326.4271440554
511 309596.4298501131
792 309606.3306868732
794 309643.5523835464
833 309646.3971498598
837 310202.5792203611
1152 310209.8603413186
1156 310737.7525858109
1490 310757.2653553226
1492 310762.7800749043
1662 310771.5557289370
1665 311730.2243763648
2468 311739.5954979760
2469 312387.2752859821
5351 312387.3572202901
5353 313089.4598886605
10000 -2073595.0000000005
evaluations raw_y
1 -2158956.0000000005
2 -2157949.0000000005
3 -2156943.0000000005
13 -2155937.0000000005
14 -2154934.0000000005
15 -2153929.0000000005
16 -2152924.0000000005
17 -2151920.0000000005
18 -2150917.0000000005
19 -2149913.0000000005
20 -2148908.0000000005
21 -2147908.0000000005
23 -2146906.0000000005
24 -2145903.0000000005
26 -2144896.0000000005
29 -2143889.0000000005
31 -2142886.0000000005
32 -2141882.0000000005
33 -2140881.0000000005
37 -2139875.0000000005
39 -2138869.0000000005
41 -2137868.0000000005
42 -2136867.0000000005
46 -2135859.0000000005
47 -2134854.0000000005
49 -2133853.0000000005
54 -2132853.0000000005
62 -2131845.0000000005
63 -2130836.0000000005
66 -2129835.0000000005
67 -2128832.0000000005
68 -2127831.0000000005
71 -2126827.0000000005
73 -2125827.0000000005
74 -2124822.0000000005
75 -2123822.0000000005
77 -2122816.0000000005
78 -2121816.0000000005
79 -2120811.0000000005
83 -2119803.0000000005
85 -2118798.0000000005
86 -2117795.0000000005
89 -2116795.0000000005
90 -2115786.0000000005
91 -2114778.0000000005
93 -2113773.0000000005
94 -2112769.0000000005
95 -2111761.0000000005
98 -2110757.0000000005
105 -2109757.0000000005
106 -2108750.0000000005
107 -2107750.0000000005
108 -2106744.0000000005
109 -2105743.0000000005
110 -2104736.0000000005
112 -2103733.0000000005
113 -2102726.0000000005
114 -2101726.0000000005
115 -2100719.0000000005
116 -2099716.0000000005
117 -2098707.0000000005
118 -2097702.0000000005
119 -2096701.0000000005
121 -2095693.0000000005
125 -2094690.0000000005
132 -2093683.0000000005
133 -2092674.0000000005
134 -2091674.0000000005
135 -2090669.0000000005
139 -2089662.0000000005
140 -2088661.0000000005
141 -2087655.0000000005
143 -2086654.0000000005
149 -2085654.0000000005
150 -2084646.0000000005
153 -2083646.0000000005
154 -2082638.0000000005
157 -2081634.0000000005
158 -2080632.0000000005
160 -2079631.0000000005
162 -2078623.0000000005
163 -2077616.0000000005
164 -2076616.0000000005
165 -2075612.0000000005
168 -2074609.0000000005
169 -2073602.0000000005
171 304156.8579712943
179 304191.3601049217
180 305092.1293963622
197 305098.1563070753
199 305513.2115364374
328 305544.0570659445
331 306377.8412299202
332 306385.6396465726
336 306864.1076572270
545 306866.2024284892
546 307765.9247372839
720 307780.0551269888
721 307868.7013193503
724 307880.7969819472
725 308534.7062925270
1416 308543.8070546833
1417 308770.7504395089
1470 308786.9299419080
1471 309428.4457178802
1492 309441.5478142136
1493 309613.1545039261
1571 309624.5059768006
1576 310139.4785321036
1605 310161.5818589124
1608 310571.9304998491
1979 310595.2940937983
1981 311303.4587478422
2154 311303.5179235921
2155 311323.8566543396
2263 311334.1451502966
2265 311855.0675846714
2567 311855.1956893152
2569 312784.3604821754
2815 312810.2591795872
2817 313360.5518881843
4155 313378.6795456281
4157 313410.3313647032
4503 313429.9170653728
4504 314108.1670535663
10000 -2073597.0000000005
evaluations raw_y
1 -2130897.0000000005
3 -2129897.0000000005
7 -2128892.0000000005
8 -2127886.0000000005
9 -2126877.0000000005
10 -2125877.0000000005
13 -2124874.0000000005
15 -2123873.0000000005
17 -2122868.0000000005
22 -2121862.0000000005
24 -2120862.0000000005
27 -2119858.0000000005
33 -2118853.0000000005
35 -2117844.0000000005
36 -2116839.0000000005
38 -2115834.0000000005
40 -2114832.0000000005
42 -2113830.0000000005
47 -2112823.0000000005
51 -2111823.0000000005
53 -2110823.0000000005
54 -2109820.0000000005
55 -2108812.0000000005
59 -2107804.0000000005
60 -2106795.0000000005
61 -2105792.0000000005
62 -2104789.0000000005
63 -2103782.0000000005
64 -2102781.0000000005
70 -2101774.0000000005
71 -2100770.0000000005
72 -2099770.0000000005
75 -2098764.0000000005
76 -2097759.0000000005
77 -2096752.0000000005
79 -2095749.0000000005
83 -2094747.0000000005
84 -2093740.0000000005
85 -2092737.0000000005
88 -2091734.0000000005
90 -2090730.0000000005
98 -2089723.0000000005
100 -2088716.0000000005
103 -2087707.0000000005
104 -2086706.0000000005
105 -2085705.0000000005
106 -2084696.0000000005
107 -2083689.0000000005
109 -2082686.0000000005
117 -2081682.0000000005
118 -2080677.0000000005
119 -2079668.0000000005
124 -2078667.0000000005
125 -2077663.0000000005
126 -2076663.0000000005
128 -2075659.0000000005
129 -2074653.0000000005
130 -2073650.0000000005
131 307602.6678760650
182 307621.8185059607
183 308333.8625794966
265 308345.9846216785
268 308960.9822165401
277 309004.6249058468
279 309856.0987510521
313 309862.9374655178
314 310515.3643556468
335 310530.5510584009
337 310641.0452437543
450 310657.1292941073
452 311129.7934669480
476 311131.1972898108
479 311448.9441720695
572 311487.7420927620
573 311860.9998068303
1031 311872.5966054488
1032 312333.2899242156
1951 312369.9201802897
1952 313305.1980692397
2160 313339.7111759938
2163 313929.6153905092
2300 313942.8004920402
2303 314888.2913908350
2422 314925.8467839045
2423 315577.7571251077
5281 315600.0606688474
5282 316251.3021261322
10000 315437.5838947294
evaluations raw_y
1 -2143942.0000000005
2 -2142941.0000000005
3 -2141935.0000000005
7 -2140935.0000000005
8 -2139926.0000000005
10 -2138925.0000000005
11 -2137923.0000000005
15 -2136920.0000000005
16 -2135919.0000000005
17 -2134915.0000000005
19 -2133913.0000000005
21 -2132904.0000000005
22 -2131903.0000000005
23 -2130895.0000000005
24 -2129895.0000000005
26 -2128887.0000000005
29 -2127883.0000000005
30 -2126880.0000000005
31 -2125872.0000000005
32 -2124864.0000000005
34 -2123857.0000000005
36 -2122849.0000000005
39 -2121848.0000000005
40 -2120840.0000000005
41 -2119839.0000000005
43 -2118838.0000000005
48 -2117830.0000000005
50 -2116827.0000000005
52 -2115822.0000000005
54 -2114817.0000000005
55 -2113813.0000000005
57 -2112808.0000000005
58 -2111799.0000000005
59 -2110796.0000000005
60 -2109793.0000000005
61 -2108793.0000000005
62 -2107784.0000000005
63 -2106779.0000000005
64 -2105779.0000000005
65 -2104776.0000000005
67 -2103774.0000000005
68 -2102767.0000000005
69 -2101762.0000000005
71 -2100762.0000000005
73 -2099757.0000000005
75 -2098751.0000000005
77 -2097745.0000000005
80 -2096736.0000000005
82 -2095728.0000000005
84 -2094728.0000000005
85 -2093722.0000000005
88 -2092719.0000000005
92 -2091712.0000000005
97 -2090705.0000000005
98 -2089700.0000000005
101 -2088695.0000000005
102 -2087688.0000000005
103 -2086681.0000000005
104 -2085681.0000000005
105 -2084677.0000000005
110 -2083676.0000000005
113 -2082667.0000000005
114 -2081659.0000000005
118 -2080652.0000000005
121 -2079650.0000000005
124 -2078642.0000000005
125 -2077633.0000000005
127 -2076631.0000000005
128 -2075624.0000000005
130 -2074620.0000000005
133 -2073619.0000000005
135 304381.8986235276
195 304405.0767298046
199 305130.0048693779
284 305138.9063002151
285 305292.2275793247
290 305332.5641373886
291 305531.6615099777
370 305560.6357900568
371 306201.7436120047
435 306222.6440209489
436 306626.0456483069
498 306651.8711435702
499 307280.6026209411
551 307298.0392599028
553 307659.8010957399
589 307676.8987673217
591 308093.1429165758
594 308106.5653871135
595 308290.6519856838
947 308328.3060969181
949 308936.9471762108
1235 308939.0954995381
1237 309121.5018018890
1338 309159.7602783818
1339 309691.4631044030
1478 309697.1076347716
1480 309993.0558178456
1524 309994.1839421434
1529 310427.7106460810
1755 310439.5660079595
1756 311303.3689286101
2080 311316.1249290794
2083 312186.6487576714
2184 312208.9901856004
2185 312426.1931519621
2266 312446.7201238365
2273 313253.2758243821
2604 313290.7662507824
2605 313551.7428668140
3025 313554.9204399509
3026 314009.1961864479
10000 -2073620.0000000005
evaluations raw_y
1 -2157991.0000000005
4 -2156988.0000000005
5 -2155988.0000000005
6 -2154982.0000000005
7 -2153975.0000000005
9 -2152966.0000000005
11 -2151963.0000000005
12 -2150956.0000000005
14 -2149949.0000000005
15 -2148948.0000000005
17 -2147943.0000000005
18 -2146936.0000000005
20 -2145929.0000000005
21 -2144928.0000000005
22 -2143920.0000000005
27 -2142916.0000000005
28 -2141915.0000000005
31 -2140912.0000000005
33 -2139912.0000000005
35 -2138903.0000000005
37 -2137903.0000000005
38 -2136894.0000000005
39 -2135887.0000000005
40 -2134886.0000000005
41 -2133881.0000000005
42 -2132879.0000000005
45 -2131876.0000000005
46 -2130874.0000000005
47 -2129867.0000000005
49 -2128860.0000000005
50 -2127853.0000000005
51 -2126852.0000000005
53 -2125845.0000000005
54 -2124839.0000000005
56 -2123837.0000000005
58 -2122835.0000000005
60 -2121834.0000000005
61 -2120827.0000000005
66 -2119825.0000000005
68 -2118819.0000000005
69 -2117810.0000000005
72 -2116806.0000000005
79 -2115806.0000000005
81 -2114798.0000000005
82 -2113794.0000000005
84 -2112785.0000000005
85 -2111782.0000000005
86 -2110779.0000000005
87 -2109773.0000000005
94 -2108767.0000000005
96 -2107765.0000000005
97 -2106760.0000000005
102 -2105756.0000000005
106 -2104748.0000000005
110 -2103739.0000000005
111 -2102738.0000000005
114 -2101738.0000000005
116 -2100733.0000000005
117 -2099725.0000000005
118 -2098718.0000000005
131 -2097713.0000000005
132 -2096707.0000000005
138 -2095706.0000000005
140 -2094706.0000000005
142 -2093700.0000000005
143 -2092696.0000000005
145 -2091687.0000000005
146 -2090681.0000000005
149 -2089677.0000000005
152 -2088676.0000000005
153 -2087670.0000000005
154 -2086667.0000000005
156 -2085659.0000000005
157 -2084650.0000000005
158 -2083644.0000000005
159 -2082637.0000000005
161 -2081630.0000000005
162 -2080624.0000000005
164 -2079621.0000000005
167 -2078612.0000000005
173 -2077606.0000000005
175 -2076600.0000000005
178 -2075596.0000000005
179 -2074592.0000000005
184 -2073590.0000000005
186 302776.4531678457
213 302794.0769616814
214 302900.5811408710
304 302914.6127674425
305 303173.9324200691
309 303204.2242621927
311 303659.2740543525
314 303675.2528381382
315 304093.9039189471
373 304093.9229132157
374 304774.8315041338
529 304797.8031312838
530 304976.1628684102
537 304996.5416592610
539 305040.7500184012
610 305056.1944856571
611 305716.8248459448
625 305718.4845308689
626 306313.2743951108
657 306351.5905766957
658 306904.8242351240
1527 306922.5652216920
1529 307453.7281314874
1584 307494.1367621957
1585 308293.4862630626
2861 308302.4466518839
2866 308897.4049291586
2941 308933.9698432797
2943 309208.7769104349
3323 309220.4209367019
3324 309593.7372998415
3393 309606.2697510946
3395 309660.4947391883
4187 309660.6632431931
4190 310041.6153085480
5923 310062.9695641949
5924 310279.0365311324
10000 -2073615.0000000005
evaluations raw_y
1 -2120800.0000000005
2 -2119793.0000000005
7 -2118784.0000000005
8 -2117784.0000000005
10 -2116778.0000000005
12 -2115771.0000000005
14 -2114763.0000000005
15 -2113757.0000000005
17 -2112750.0000000005
18 -2111745.0000000005
20 -2110738.0000000005
21 -2109733.0000000005
22 -2108728.0000000005
23 -2107726.0000000005
25 -2106725.0000000005
27 -2105716.0000000005
28 -2104709.0000000005
32 -2103708.0000000005
34 -2102706.0000000005
35 -2101706.0000000005
36 -2100706.0000000005
37 -2099699.0000000005
38 -2098690.0000000005
41 -2097682.0000000005
42 -2096682.0000000005
43 -2095682.0000000005
45 -2094682.0000000005
49 -2093682.0000000005
51 -2092678.0000000005
53 -2091674.0000000005
54 -2090668.0000000005
56 -2089666.0000000005
57 -2088659.0000000005
60 -2087652.0000000005
62 -2086652.0000000005
63 -2085646.0000000005
64 -2084643.0000000005
65 -2083638.0000000005
66 -2082632.0000000005
68 -2081630.0000000005
69 -2080622.0000000005
71 -2079620.0000000005
72 -2078612.0000000005
74 -2077606.0000000005
78 -2076605.0000000005
79 -2075597.0000000005
80 -2074589.0000000005
82 -2073585.0000000005
83 313257.1242502248
141 313274.6303242965
144 313597.7955891003
282 313631.5327415715
286 313881.7580389823
371 313895.9042641350
372 314482.4096296909
410 314490.9043777748
411 315342.9722792379
524 315352.9563213295
527 315591.0799109529
548 315593.9874357397
549 316225.6447580507
660 316234.6211462949
665 316251.2343006000
689 316292.0834285451
693 316892.8286424340
701 316899.5944270383
702 316991.5135582021
710 317001.4540847489
712 317456.3312466940
924 317491.7368499247
925 318314.0443298903
965 318345.8278076416
966 318778.7403567736
1100 318788.4228594474
1102 319528.7802576865
1366 319544.0882107712
1367 320309.3537450455
1396 320343.8748160929
1397 320645.1637012390
1512 320645.4222458930
1514 321144.2189833212
1644 321171.9772415427
1646 321208.7310137807
1749 321243.6724375000
1750 322142.8028370619
2099 322148.8707753265
2100 322759.6414169553
2452 322794.5445610766
2453 323052.2740320733
2682 323063.4445578756
2683 323797.8019591933
2835 323798.7805112466
2837 324090.7215955416
10000 323625.0349861584
evaluations raw_y
1 -2168953.0000000005
2 -2167947.0000000005
3 -2166946.0000000005
6 -2165945.0000000005
8 -2164942.0000000005
10 -2163936.0000000005
11 -2162929.0000000005
14 -2161920.0000000005
15 -2160916.0000000005
17 -2159912.0000000005
19 -2158903.0000000005
23 -2157902.0000000005
24 -2156894.0000000005
25 -2155887.0000000005
28 -2154887.0000000005
29 -2153880.0000000005
30 -2152880.0000000005
31 -2151880.0000000005
33 -2150875.0000000005
34 -2149872.0000000005
35 -2148865.0000000005
36 -2147863.0000000005
39 -2146856.0000000005
40 -2145848.0000000005
41 -2144844.0000000005
43 -2143843.0000000005
45 -2142840.0000000005
46 -2141834.0000000005
47 -2140834.0000000005
48 -2139826.0000000005
49 -2138825.0000000005
53 -2137818.0000000005
56 -2136811.0000000005
58 -2135811.0000000005
60 -2134803.0000000005
63 -2133803.0000000005
65 -2132800.0000000005
67 -2131800.0000000005
68 -2130795.0000000005
69 -2129794.0000000005
70 -2128794.0000000005
72 -2127786.0000000005
73 -2126781.0000000005
77 -2125779.0000000005
78 -2124777.0000000005
79 -2123770.0000000005
80 -2122770.0000000005
81 -2121769.0000000005
82 -2120761.0000000005
83 -2119760.0000000005
84 -2118758.0000000005
85 -2117757.0000000005
86 -2116748.0000000005
89 -2115743.0000000005
90 -2114738.0000000005
92 -2113732.0000000005
93 -2112723.0000000005
98 -2111721.0000000005
99 -2110718.0000000005
104 -2109716.0000000005
106 -2108716.0000000005
107 -2107716.0000000005
109 -2106712.0000000005
110 -2105706.0000000005
112 -2104698.0000000005
113 -2103697.0000000005
114 -2102689.0000000005
116 -2101687.0000000005
117 -2100678.0000000005
118 -2099672.0000000005
119 -2098665.0000000005
120 -2097660.0000000005
121 -2096656.0000000005
123 -2095652.0000000005
124 -2094644.0000000005
126 -2093643.0000000005
127 -2092639.0000000005
128 -2091637.0000000005
129 -2090637.0000000005
130 -2089629.0000000005
131 -2088623.0000000005
133 -2087620.0000000005
135 -2086615.0000000005
136 -2085612.0000000005
137 -2084607.0000000005
141 -2083601.0000000005
146 -2082601.0000000005
150 -2081596.0000000005
151 -2080592.0000000005
152 -2079587.0000000005
158 -2078585.0000000005
161 -2077581.0000000005
164 -2076581.0000000005
166 -2075577.0000000005
167 -2074571.0000000005
168 -2073562.0000000005
169 297423.4248923695
185 297446.8550428512
186 298291.4700530797
222 298294.7616097638
225 298740.9823916666
359 298776.4406107040
365 299152.8111016583
444 299152.8423863928
445 299598.0452189896
577 299622.3637339449
578 299965.1939699827
739 299999.1063700431
741 300058.2160020324
764 300073.1751080765
765 301030.9637892652
887 301051.0002876273
891 301426.9645519119
962 301439.7500698323
965 301883.8348914416
1167 301893.8232146976
1174 302633.9260154517
1205 302635.1562762375
1207 302956.2616591158
1258 302967.6816564926
1259 303568.4595077463
1656 303568.9215885980
1657 304474.8597171636
1904 304485.4731297668
1905 304597.3955037427
2075 304610.0577877159
2076 305321.5644801323
2431 305331.7669135394
2432 305788.4849435424
2494 305789.3399538187
2495 305905.4620091424
2763 305923.6784165112
2767 306544.4959865934
2781 306558.1074129108
2783 307383.9558840234
3492 307407.5680463430
3498 307664.9541377943
3792 307701.1639399597
3794 308439.8348474641
4127 308447.9012825041
4132 308528.8987469886
4788 308564.1987579769
4790 309340.3727727343
4839 309346.0551640262
4844 310173.9501010695
10000 309393.5403242722
evaluations raw_y
1 -2117798.0000000005
2 -2116793.0000000005
3 -2115785.0000000005
6 -2114776.0000000005
7 -2113769.0000000005
8 -2112768.0000000005
10 -2111767.0000000005
13 -2110763.0000000005
15 -2109756.0000000005
16 -2108754.0000000005
17 -2107749.0000000005
21 -2106745.0000000005
22 -2105744.0000000005
24 -2104738.0000000005
26 -2103738.0000000005
28 -2102738.0000000005
30 -2101731.0000000005
32 -2100726.0000000005
33 -2099718.0000000005
35 -2098709.0000000005
39 -2097702.0000000005
40 -2096699.0000000005
41 -2095691.0000000005
43 -2094687.0000000005
44 -2093683.0000000005
48 -2092674.0000000005
50 -2091673.0000000005
52 -2090667.0000000005
53 -2089664.0000000005
54 -2088661.0000000005
55 -2087654.0000000005
62 -2086647.0000000005
63 -2085641.0000000005
64 -2084641.0000000005
66 -2083639.0000000005
68 -2082639.0000000005
69 -2081638.0000000005
75 -2080635.0000000005
76 -2079632.0000000005
77 -2078624.0000000005
82 -2077624.0000000005
83 -2076615.0000000005
84 -2075612.0000000005
87 -2074607.0000000005
89 -2073607.0000000005
91 305699.0062024500
171 305708.0009139889
173 306369.7960319296
325 306388.5237456547
326 307156.5461675136
408 307182.9841244048
418 307886.0412588911
444 307900.2900951993
445 308364.6791464827
603 308395.0335643312
604 308493.9684743171
668 308499.9286887416
669 309376.4943484425
945 309399.5676631666
946 309403.8165545912
947 310051.5234708922
949 310571.9646099104
1119 310595.2584550173
1120 311249.1274723610
1176 311285.5190554013
1178 311789.2823110196
1696 311808.4478062799
1698 312216.1093370237
2177 312249.4507233641
2178 312404.1093370237
2187 312438.7906558945
2189 313050.8806574731
2707 313084.6642472323
2709 313177.5109010190
3131 313186.0616699127
3134 313697.3069462705
3228 313699.4283284121
3229 314381.2900070200
3684 314415.5723277637
3687 315293.5665433890
7746 315333.6219937793
7748 316191.7666851281
10000 315805.7448370524
evaluations raw_y
1 -2131858.0000000005
4 -2130856.0000000005
5 -2129855.0000000005
7 -2128846.0000000005
8 -2127846.0000000005
10 -2126839.0000000005
11 -2125836.0000000005
16 -2124831.0000000005
17 -2123823.0000000005
19 -2122822.0000000005
20 -2121822.0000000005
22 -2120817.0000000005
24 -2119810.0000000005
25 -2118804.0000000005
27 -2117803.0000000005
29 -2116798.0000000005
30 -2115791.0000000005
31 -2114787.0000000005
33 -2113781.0000000005
34 -2112780.0000000005
41 -2111780.0000000005
43 -2110778.0000000005
44 -2109777.0000000005
46 -2108768.0000000005
47 -2107766.0000000005
48 -2106760.0000000005
49 -2105759.0000000005
50 -2104758.0000000005
51 -2103749.0000000005
55 -2102747.0000000005
59 -2101738.0000000005
61 -2100730.0000000005
63 -2099725.0000000005
65 -2098717.0000000005
66 -2097714.0000000005
67 -2096712.0000000005
68 -2095710.0000000005
71 -2094708.0000000005
72 -2093706.0000000005
73 -2092706.0000000005
74 -2091706.0000000005
75 -2090703.0000000005
76 -2089697.0000000005
77 -2088691.0000000005
82 -2087687.0000000005
84 -2086681.0000000005
85 -2085674.0000000005
87 -2084666.0000000005
91 -2083666.0000000005
101 -2082664.0000000005
102 -2081663.0000000005
103 -2080655.0000000005
104 -2079654.0000000005
108 -2078647.0000000005
110 -2077647.0000000005
111 -2076641.0000000005
115 -2075636.0000000005
116 -2074631.0000000005
123 -2073626.0000000005
126 307707.5772953832
175 307723.9452915230
176 308219.9351503824
181 308226.0027427614
183 308965.9840311410
288 308991.2952606985
289 309828.2720185062
318 309830.2528283703
319 310154.4580329134
390 310160.3911350780
391 310601.5876241239
476 310629.7889277385
479 310901.6612149689
522 310924.7249466341
524 311075.7023884187
831 311115.6844550238
832 311927.1082597720
994 311946.6584552215
996 312892.1804484425
1101 312934.7571822238
1103 313580.4986021968
1223 313585.6047156910
1226 313871.6833885767
1480 313886.3115961141
1484 314611.6378426005
1780 314631.0958974324
1781 315365.5746661765
2029 315380.6840638412
2031 316315.7368930709
2269 316317.3354300954
2270 316698.1512776664
2327 316717.0779539131
2328 317591.5904327862
2749 317631.1701998470
2751 317967.8469517758
5035 317980.1957663339
5036 318218.1485372331
10000 317441.9526749933
evaluations raw_y
1 -2156035.0000000005
2 -2155035.0000000005
3 -2154033.0000000005
5 -2153026.0000000005
6 -2152019.0000000005
8 -2151018.0000000005
9 -2150017.0000000005
11 -2149017.0000000005
13 -2148008.0000000005
15 -2146999.0000000005
18 -2145990.0000000005
22 -2144987.0000000005
27 -2143982.0000000005
28 -2142975.0000000005
29 -2141969.0000000005
30 -2140967.0000000005
32 -2139962.0000000005
35 -2138959.0000000005
37 -2137957.0000000005
38 -2136957.0000000005
39 -2135957.0000000005
41 -2134948.0000000005
42 -2133948.0000000005
43 -2132939.0000000005
45 -2131934.0000000005
48 -2130934.0000000005
50 -2129927.0000000005
52 -2128918.0000000005
53 -2127911.0000000005
55 -2126908.0000000005
56 -2125907.0000000005
58 -2124905.0000000005
61 -2123900.0000000005
62 -2122891.0000000005
67 -2121891.0000000005
69 -2120886.0000000005
71 -2119880.0000000005
72 -2118875.0000000005
73 -2117868.0000000005
74 -2116863.0000000005
75 -2115862.0000000005
76 -2114855.0000000005
79 -2113849.0000000005
80 -2112844.0000000005
81 -2111842.0000000005
82 -2110838.0000000005
83 -2109834.0000000005
84 -2108833.0000000005
88 -2107824.0000000005
91 -2106820.0000000005
93 -2105820.0000000005
95 -2104820.0000000005
97 -2103814.0000000005
99 -2102809.0000000005
100 -2101808.0000000005
101 -2100807.0000000005
103 -2099798.0000000005
104 -2098791.0000000005
106 -2097786.0000000005
107 -2096778.0000000005
108 -2095775.0000000005
114 -2094767.0000000005
118 -2093762.0000000005
120 -2092760.0000000005
121 -2091760.0000000005
122 -2090757.0000000005
123 -2089753.0000000005
124 -2088748.0000000005
127 -2087747.0000000005
128 -2086740.0000000005
130 -2085736.0000000005
131 -2084729.0000000005
132 -2083722.0000000005
135 -2082720.0000000005
136 -2081718.0000000005
138 -2080714.0000000005
140 -2079711.0000000005
141 -2078705.0000000005
144 -2077701.0000000005
146 -2076700.0000000005
148 -2075697.0000000005
150 -2074691.0000000005
153 -2073688.0000000005
154 -2072686.0000000005
156 307656.1729880602
292 307663.6266312213
293 308081.8559268530
324 308115.5801579752
325 308951.9200917272
406 308953.9750652494
407 309109.9060887079
452 309118.6767504044
453 310006.5468167308
632 310024.1491693751
635 310197.8404025019
839 310214.5801681859
843 310878.5073606265
907 310900.0664691302
908 311645.7978801112
938 311685.2897980019
940 311990.8010481822
961 312811.0921727848
1072 312817.1189408685
1074 313320.4586500451
1383 313335.0907330810
1384 314266.3473780439
1518 314301.4721263874
1524 314756.6483446697
1821 314783.6716016594
1823 315246.3179024170
2027 315265.9068144223
2028 315286.3542047759
2073 315305.3825092052
2075 315778.8757584824
2098 315811.8257597861
2099 315817.4180411939
2310 315840.9170588964
2311 316732.3971731335
2871 316763.4161159300
2872 317006.7162483254
3232 317006.9412768738
3233 317586.2706444353
4153 317612.2072551959
4154 318056.2508002546
10000 -2073673.0000000005
evaluations raw_y
1 -2135826.0000000005
2 -2134822.0000000005
3 -2133822.0000000005
6 -2132820.0000000005
8 -2131820.0000000005
9 -2130816.0000000005
10 -2129808.0000000005
12 -2128799.0000000005
18 -2127799.0000000005
20 -2126793.0000000005
22 -2125790.0000000005
23 -2124789.0000000005
25 -2123784.0000000005
28 -2122778.0000000005
32 -2121778.0000000005
33 -2120772.0000000005
34 -2119768.0000000005
36 -2118761.0000000005
38 -2117752.0000000005
39 -2116751.0000000005
40 -2115746.0000000005
41 -2114746.0000000005
42 -2113742.0000000005
46 -2112734.0000000005
48 -2111734.0000000005
52 -2110727.0000000005
54 -2109720.0000000005
58 -2108718.0000000005
59 -2107710.0000000005
60 -2106705.0000000005
67 -2105704.0000000005
68 -2104703.0000000005
70 -2103698.0000000005
71 -2102696.0000000005
73 -2101696.0000000005
74 -2100693.0000000005
75 -2099684.0000000005
76 -2098680.0000000005
77 -2097675.0000000005
78 -2096667.0000000005
83 -2095664.0000000005
86 -2094660.0000000005
87 -2093658.0000000005
88 -2092651.0000000005
91 -2091649.0000000005
92 -2090640.0000000005
93 -2089639.0000000005
95 -2088631.0000000005
97 -2087630.0000000005
98 -2086623.0000000005
102 -2085622.0000000005
103 -2084614.0000000005
105 -2083611.0000000005
108 -2082611.0000000005
111 -2081602.0000000005
112 -2080601.0000000005
113 -2079598.0000000005
115 -2078591.0000000005
116 -2077590.0000000005
119 -2076589.0000000005
123 -2075587.0000000005
124 -2074583.0000000005
125 -2073580.0000000005
126 303983.9490869605
171 303993.0325597237
173 304598.0222561522
176 304603.3949994739
178 304605.1600300653
179 304619.1203739817
180 305381.1391866565
269 305404.5771140584
272 305860.8693771281
317 305895.9151761599
320 306285.7698414333
331 306309.6227469268
332 306593.4550716870
338 306600.4829815940
339 307042.1020259255
507 307074.7098155945
509 307983.9652605994
521 307994.0369893142
522 308220.9893929835
596 308232.3674075655
598 308448.6591074386
712 308467.4767168358
716 308969.8091197420
887 309003.6061283653
889 309209.6042188443
955 309227.8749312081
958 310127.4693597612
1340 310163.9454319343
1341 310376.8425414278
1539 310390.1011147751
1540 311048.1852292505
1551 311062.1017988142
1553 311676.2406558580
2008 311684.0538164506
2010 311964.2382901374
2956 311964.2640586069
2961 312128.6564670400
3074 312129.0856952648
3075 312215.0999333416
3100 312255.5120455944
3101 312545.2986372001
10000 -2073583.0000000005
evaluations raw_y
1 -2146018.0000000005
9 -2145013.0000000005
10 -2144012.0000000005
13 -2143008.0000000005
14 -2142001.0000000005
15 -2140998.0000000005
17 -2139994.0000000005
18 -2138988.0000000005
21 -2137983.0000000005
23 -2136974.0000000005
24 -2135972.0000000005
28 -2134972.0000000005
31 -2133963.0000000005
33 -2132961.0000000005
34 -2131957.0000000005
35 -2130953.0000000005
36 -2129952.0000000005
37 -2128950.0000000005
38 -2127949.0000000005
50 -2126948.0000000005
52 -2125939.0000000005
56 -2124937.0000000005
57 -2123937.0000000005
59 -2122936.0000000005
62 -2121933.0000000005
64 -2120933.0000000005
65 -2119932.0000000005
66 -2118929.0000000005
67 -2117925.0000000005
68 -2116924.0000000005
69 -2115918.0000000005
70 -2114915.0000000005
71 -2113914.0000000005
73 -2112914.0000000005
76 -2111913.0000000005
77 -2110913.0000000005
78 -2109910.0000000005
79 -2108909.0000000005
81 -2107903.0000000005
82 -2106894.0000000005
86 -2105889.0000000005
88 -2104888.0000000005
90 -2103882.0000000005
91 -2102882.0000000005
92 -2101880.0000000005
93 -2100880.0000000005
94 -2099878.0000000005
96 -2098876.0000000005
97 -2097868.0000000005
98 -2096859.0000000005
101 -2095853.0000000005
102 -2094852.0000000005
103 -2093844.0000000005
104 -2092839.0000000005
106 -2091834.0000000005
107 -2090829.0000000005
118 -2089823.0000000005
121 -2088817.0000000005
124 -2087814.0000000005
125 -2086807.0000000005
128 -2085807.0000000005
130 -2084802.0000000005
131 -2083800.0000000005
132 -2082792.0000000005
134 -2081783.0000000005
137 -2080776.0000000005
139 -2079771.0000000005
142 -2078766.0000000005
143 -2077762.0000000005
150 -2076754.0000000005
152 -2075745.0000000005
153 -2074736.0000000005
154 -2073734.0000000005
156 -2072726.0000000005
158 300515.9023705099
236 300539.8917232249
237 300907.5765149359
457 300938.6370520189
458 301623.1762409661
525 301637.2261110148
526 302101.0832884078
742 302134.5749421663
743 302839.8536613858
963 302846.1144204367
964 303453.6905946006
1022 303483.2993488557
1023 303693.9811238449
1734 303710.1820738255
1737 304226.8938059369
1768 304232.1254857159
1772 304651.1068079660
1784 304661.0474567054
1786 305319.9540514752
1882 305357.4628650710
1886 305736.0165404371
1898 305741.6766498300
1899 305952.9660139239
3458 305984.7129243250
3459 306339.5160770238
5284 306371.6636597131
5285 306458.7381962438
10000 305903.9703148449
evaluations raw_y
1 -2101760.0000000005
2 -2100753.0000000005
3 -2099745.0000000005
4 -2098738.0000000005
5 -2097733.0000000005
7 -2096729.0000000005
8 -2095720.0000000005
9 -2094712.0000000005
11 -2093710.0000000005
14 -2092709.0000000005
15 -2091707.0000000005
17 -2090703.0000000005
18 -2089695.0000000005
20 -2088691.0000000005
21 -2087687.0000000005
23 -2086682.0000000005
28 -2085674.0000000005
29 -2084671.0000000005
30 -2083667.0000000005
31 -2082661.0000000005
33 -2081654.0000000005
34 -2080650.0000000005
35 -2079641.0000000005
36 -2078632.0000000005
40 -2077631.0000000005
43 -2076629.0000000005
44 -2075626.0000000005
49 -2074618.0000000005
50 -2073609.0000000005
51 311303.9186703886
78 311313.8170662898
79 311968.8765429285
167 311974.6492042376
170 312322.8823213092
239 312335.9204469815
240 312369.7141298017
428 312387.2157952080
434 313139.6972672612
490 313155.8435353282
491 313487.3706039106
502 313506.2905316468
504 313912.8920276461
510 313922.0509621983
511 314124.9133769275
528 314165.2955153004
529 314384.9407778171
597 314390.1403403591
598 314392.1973443459
824 314425.7724798940
825 315171.6513606283
902 315173.9973805788
903 315421.4759841762
950 315456.3867259021
951 316112.5516764952
1545 316139.3697949097
1546 317033.0341712216
1572 317047.0712409246
1585 317935.8029733410
1896 317972.3589325130
1897 318448.9650905684
2730 318460.3610968174
2731 319336.3508510499
2833 319370.2722991726
2834 320120.8253191935
10000 -2073596.0000000005
evaluations raw_y
1 -2151020.0000000005
4 -2150019.0000000005
5 -2149017.0000000005
6 -2148017.0000000005
11 -2147012.0000000005
12 -2146007.0000000005
14 -2145003.0000000005
19 -2143999.0000000005
21 -2142994.0000000005
22 -2141994.0000000005
23 -2140994.0000000005
24 -2139990.0000000005
25 -2138982.0000000005
26 -2137979.0000000005
27 -2136972.0000000005
28 -2135963.0000000005
30 -2134959.0000000005
32 -2133951.0000000005
33 -2132946.0000000005
34 -2131940.0000000005
37 -2130933.0000000005
40 -2129932.0000000005
41 -2128926.0000000005
42 -2127917.0000000005
43 -2126908.0000000005
44 -2125903.0000000005
45 -2124897.0000000005
47 -2123896.0000000005
50 -2122890.0000000005
51 -2121885.0000000005
55 -2120882.0000000005
56 -2119879.0000000005
59 -2118874.0000000005
63 -2117874.0000000005
66 -2116868.0000000005
67 -2115859.0000000005
70 -2114856.0000000005
73 -2113856.0000000005
74 -2112855.0000000005
75 -2111855.0000000005
77 -2110848.0000000005
79 -2109847.0000000005
80 -2108840.0000000005
83 -2107837.0000000005
85 -2106834.0000000005
86 -2105826.0000000005
88 -2104823.0000000005
90 -2103815.0000000005
92 -2102814.0000000005
95 -2101811.0000000005
97 -2100808.0000000005
99 -2099802.0000000005
100 -2098800.0000000005
101 -2097798.0000000005
104 -2096797.0000000005
106 -2095794.0000000005
107 -2094785.0000000005
109 -2093779.0000000005
113 -2092770.0000000005
117 -2091769.0000000005
118 -2090768.0000000005
120 -2089760.0000000005
122 -2088760.0000000005
127 -2087754.0000000005
130 -2086751.0000000005
133 -2085742.0000000005
136 -2084736.0000000005
139 -2083735.0000000005
141 -2082729.0000000005
144 -2081722.0000000005
146 -2080715.0000000005
148 -2079712.0000000005
150 -2078711.0000000005
152 -2077705.0000000005
153 -2076702.0000000005
154 -2075696.0000000005
155 -2074694.0000000005
156 -2073689.0000000005
157 -2072681.0000000005
161 303572.1719496106
188 303579.0616069177
191 303875.4885569162
193 304485.9841824142
235 304495.8461654834
236 305352.6675425211
372 305386.2256630528
373 305877.8660615170
393 305896.4871844267
394 306146.0364370829
420 306157.8661030270
423 306955.5125424545
855 306974.3988009292
856 307730.8608106272
942 307756.9493002243
944 308075.7602167411
998 308075.8352201500
999 308151.3459745180
1048 308159.1320088409
1050 308536.8410223951
1191 308545.6514968548
1194 308631.4635268435
1220 308645.1602728341
1223 309168.6838300682
1634 309191.3703449741
1635 309355.5703828674
2248 309372.7215864590
2249 310105.1159783463
2372 310138.1152239760
2373 310620.4248937931
2542 310621.7283959820
2544 311461.6022918516
2718 311494.9004743862
2720 311593.4303062846
3464 311632.5337645554
3466 312548.8348990157
4114 312569.9282493954
4117 313382.3783384612
10000 -2073661.0000000005
evaluations raw_y
1 -2108773.0000000005
2 -2107771.0000000005
3 -2106763.0000000005
7 -2105763.0000000005
8 -2104754.0000000005
9 -2103750.0000000005
10 -2102741.0000000005
11 -2101740.0000000005
12 -2100734.0000000005
13 -2099728.0000000005
16 -2098720.0000000005
17 -2097720.0000000005
19 -2096720.0000000005
21 -2095720.0000000005
23 -2094711.0000000005
25 -2093703.0000000005
28 -2092697.0000000005
30 -2091693.0000000005
31 -2090686.0000000005
33 -2089679.0000000005
34 -2088672.0000000005
40 -2087670.0000000005
43 -2086662.0000000005
46 -2085654.0000000005
47 -2084649.0000000005
54 -2083642.0000000005
55 -2082635.0000000005
57 -2081626.0000000005
58 -2080623.0000000005
61 -2079616.0000000005
67 -2078609.0000000005
69 -2077604.0000000005
70 -2076598.0000000005
71 -2075597.0000000005
78 -2074591.0000000005
87 -2073585.0000000005
92 306364.5285301610
100 306393.6662821396
101 306673.2641835533
125 306677.3169619846
126 307300.1375287497
309 307304.0955328865
312 308187.3714654512
347 308210.9372538324
351 308903.8020526139
443 308923.2315960273
444 308980.8410759301
496 308983.9637476661
499 309515.4221611791
627 309553.2089236999
630 310406.0739875595
644 310427.1639676818
650 310775.9398862803
743 310789.1684368966
747 311101.8699952607
877 311119.4340943987
878 311252.4718446659
1083 311259.4496446180
1084 311911.6262541608
1095 311955.6396862644
1096 312206.3403325739
1224 312240.7084361857
1226 313176.7590098535
1441 313192.7285840355
1442 313761.3425356192
1997 313797.8567571683
1998 314111.1823535213
2021 314149.8795109013
2022 314757.7925795723
2844 314768.3516565845
2845 315440.2014101835
2934 315451.6131236848
2935 315823.8185689923
3333 315846.3205867771
3334 316015.5415020777
3590 316053.3420361291
3591 316875.2880789693
10000 -2073589.0000000005
evaluations raw_y
1 -2103771.0000000005
4 -2102763.0000000005
5 -2101757.0000000005
8 -2100753.0000000005
9 -2099750.0000000005
10 -2098743.0000000005
13 -2097738.0000000005
15 -2096734.0000000005
17 -2095725.0000000005
21 -2094716.0000000005
25 -2093707.0000000005
28 -2092705.0000000005
31 -2091702.0000000005
32 -2090698.0000000005
35 -2089697.0000000005
40 -2088693.0000000005
42 -2087692.0000000005
44 -2086685.0000000005
45 -2085685.0000000005
47 -2084677.0000000005
48 -2083677.0000000005
51 -2082671.0000000005
53 -2081666.0000000005
55 -2080657.0000000005
56 -2079655.0000000005
57 -2078655.0000000005
60 -2077649.0000000005
61 -2076644.0000000005
64 -2075643.0000000005
65 -2074641.0000000005
67 -2073636.0000000005
70 307353.3168217345
79 307357.6531638867
83 307604.0133691878
95 307619.8029747969
98 308330.4492288940
107 308372.7048737261
110 308733.6076376304
127 308734.7813952612
131 309289.3919033039
154 309315.8753511773
157 310124.4441039039
160 310148.1392570521
163 310982.5408325082
206 310983.9992261065
207 311722.4478268382
212 311757.6288522620
214 312470.1127242627
487 312481.1627911073
488 312765.1100072381
568 312789.7878877985
570 313100.6158518350
695 313115.8704553422
697 314017.2564880523
793 314051.5189675991
794 314361.5206676380
821 314371.4469194774
822 315160.5632575133
1327 315162.0211947757
1328 316101.2103515839
1392 316102.3404242077
1394 316766.0915050139
1643 316793.9686519192
1646 317118.7124547595
1698 317133.6107222221
1699 317257.8429695638
1778 317276.3903837150
1782 318071.6320019434
2704 318106.7369454181
2706 318838.7796736644
3552 318862.1744513852
3559 319081.6017319230
10000 -2073624.0000000005
evaluations raw_y
1 -2132892.0000000005
2 -2131892.0000000005
5 -2130891.0000000005
6 -2129886.0000000005
7 -2128886.0000000005
8 -2127880.0000000005
11 -2126879.0000000005
15 -2125873.0000000005
17 -2124867.0000000005
18 -2123859.0000000005
19 -2122851.0000000005
21 -2121842.0000000005
23 -2120834.0000000005
24 -2119833.0000000005
25 -2118824.0000000005
29 -2117816.0000000005
32 -2116812.0000000005
34 -2115807.0000000005
36 -2114798.0000000005
37 -2113789.0000000005
39 -2112787.0000000005
41 -2111784.0000000005
42 -2110781.0000000005
46 -2109776.0000000005
47 -2108771.0000000005
49 -2107763.0000000005
52 -2106763.0000000005
53 -2105757.0000000005
54 -2104757.0000000005
55 -2103753.0000000005
56 -2102745.0000000005
57 -2101745.0000000005
61 -2100738.0000000005
62 -2099735.0000000005
63 -2098732.0000000005
64 -2097725.0000000005
65 -2096720.0000000005
66 -2095712.0000000005
68 -2094704.0000000005
72 -2093696.0000000005
74 -2092695.0000000005
76 -2091691.0000000005
79 -2090685.0000000005
81 -2089680.0000000005
82 -2088673.0000000005
84 -2087673.0000000005
86 -2086670.0000000005
88 -2085662.0000000005
90 -2084657.0000000005
93 -2083657.0000000005
95 -2082656.0000000005
96 -2081653.0000000005
97 -2080648.0000000005
98 -2079646.0000000005
100 -2078639.0000000005
107 -2077636.0000000005
109 -2076629.0000000005
110 -2075629.0000000005
111 -2074629.0000000005
112 -2073628.0000000005
115 303903.9186952083
167 303923.2491557706
168 304790.5593774864
219 304808.7992019943
220 305347.2085784442
233 305384.0806145456
235 305384.5028402428
236 305742.6571531306
237 306005.0539225428
242 306024.5069837407
244 306412.4577177396
247 306414.2507388133
250 307369.7337693830
270 307394.0570332889
271 307851.5349568313
492 307887.0509657168
493 308830.1569075275
508 308843.5444303861
509 309038.6300816830
586 309049.9880781789
587 309060.0232737006
589 309855.1677160833
590 310703.1909068443
617 310731.9073223997
619 311372.7141297035
645 311409.0564015901
647 311737.2746531215
941 311746.8312609919
942 312073.5649147033
1104 312112.0298995358
1105 312844.5169284972
1272 312850.9205015904
1273 313398.5462394789
1325 313422.1271798404
1326 313541.3812451799
10000 -2073610.0000000005
evaluations raw_y
1 -2152952.0000000005
3 -2151951.0000000005
4 -2150947.0000000005
9 -2149941.0000000005
12 -2148936.0000000005
14 -2147928.0000000005
15 -2146925.0000000005
16 -2145916.0000000005
21 -2144907.0000000005
25 -2143902.0000000005
26 -2142898.0000000005
27 -2141893.0000000005
29 -2140888.0000000005
30 -2139887.0000000005
31 -2138880.0000000005
32 -2137877.0000000005
35 -2136868.0000000005
36 -2135864.0000000005
37 -2134856.0000000005
38 -2133855.0000000005
39 -2132853.0000000005
40 -2131851.0000000005
41 -2130842.0000000005
43 -2129842.0000000005
44 -2128835.0000000005
46 -2127827.0000000005
47 -2126821.0000000005
48 -2125815.0000000005
52 -2124814.0000000005
54 -2123813.0000000005
56 -2122805.0000000005
63 -2121801.0000000005
64 -2120796.0000000005
65 -2119788.0000000005
66 -2118782.0000000005
70 -2117779.0000000005
71 -2116773.0000000005
72 -2115771.0000000005
73 -2114769.0000000005
74 -2113760.0000000005
76 -2112757.0000000005
79 -2111757.0000000005
80 -2110751.0000000005
84 -2109742.0000000005
85 -2108733.0000000005
89 -2107728.0000000005
91 -2106719.0000000005
92 -2105710.0000000005
93 -2104710.0000000005
94 -2103710.0000000005
95 -2102705.0000000005
97 -2101702.0000000005
101 -2100694.0000000005
102 -2099689.0000000005
105 -2098680.0000000005
107 -2097672.0000000005
111 -2096663.0000000005
114 -2095656.0000000005
115 -2094654.0000000005
116 -2093649.0000000005
118 -2092641.0000000005
119 -2091636.0000000005
121 -2090629.0000000005
127 -2089623.0000000005
128 -2088616.0000000005
131 -2087608.0000000005
132 -2086601.0000000005
139 -2085600.0000000005
140 -2084594.0000000005
142 -2083594.0000000005
144 -2082590.0000000005
146 -2081582.0000000005
150 -2080573.0000000005
151 -2079567.0000000005
154 -2078567.0000000005
155 -2077562.0000000005
158 -2076555.0000000005
161 -2075549.0000000005
163 -2074544.0000000005
164 -2073535.0000000005
166 313557.5322403146
170 313566.3526733944
172 314198.0977678957
200 314203.6302246974
202 314315.0948078980
357 314342.2822620941
358 314597.3562112866
384 314614.7334413038
385 315470.1579150837
521 315504.0608538104
522 316143.0789863004
528 316177.3867237266
529 317107.9032134307
562 317123.5307984705
563 317739.8226056033
633 317780.5475727943
637 318181.7713006696
657 318199.2132929803
659 319010.5108668311
743 319045.8253405503
746 319452.8827607376
786 319453.2453786063
787 319815.1703155282
948 319829.0976809998
949 320662.2735337078
1278 320681.9679234606
1279 321629.5783852366
3027 321641.9181937182
3029 321890.1629464901
3459 321912.6372081107
3460 322243.0257278138
10000 -2073543.0000000005
evaluations raw_y
1 -2132830.0000000005
4 -2131829.0000000005
6 -2130824.0000000005
9 -2129818.0000000005
11 -2128811.0000000005
12 -2127811.0000000005
14 -2126802.0000000005
15 -2125798.0000000005
17 -2124794.0000000005
18 -2123785.0000000005
20 -2122776.0000000005
21 -2121771.0000000005
23 -2120771.0000000005
24 -2119764.0000000005
25 -2118756.0000000005
26 -2117755.0000000005
27 -2116747.0000000005
28 -2115738.0000000005
32 -2114732.0000000005
38 -2113723.0000000005
39 -2112716.0000000005
40 -2111712.0000000005
42 -2110710.0000000005
44 -2109708.0000000005
45 -2108704.0000000005
48 -2107696.0000000005
51 -2106689.0000000005
57 -2105687.0000000005
59 -2104685.0000000005
62 -2103684.0000000005
64 -2102682.0000000005
65 -2101675.0000000005
70 -2100671.0000000005
73 -2099663.0000000005
76 -2098662.0000000005
77 -2097659.0000000005
78 -2096659.0000000005
79 -2095655.0000000005
83 -2094649.0000000005
85 -2093643.0000000005
86 -2092642.0000000005
89 -2091639.0000000005
91 -2090630.0000000005
98 -2089621.0000000005
100 -2088618.0000000005
105 -2087609.0000000005
107 -2086609.0000000005
109 -2085600.0000000005
110 -2084594.0000000005
112 -2083592.0000000005
113 -2082592.0000000005
114 -2081583.0000000005
115 -2080574.0000000005
116 -2079572.0000000005
118 -2078563.0000000005
120 -2077557.0000000005
121 -2076557.0000000005
127 -2075551.0000000005
129 -2074548.0000000005
132 -2073541.0000000005
135 308838.3796953225
274 308842.4821021259
275 309663.8095930512
320 309674.3457172098
321 309933.4250285438
513 309946.1230279111
514 310511.2677570304
664 310546.7568049080
665 310713.5568115973
1139 310734.8222748191
1140 311190.3726342061
1331 311208.5864418719
1332 311917.6358297869
1608 311929.9434861071
1610 312032.3274455870
1718 312071.4159416688
1720 312191.3233938965
1922 312192.3478473027
1926 312436.5693442206
1951 312453.0067922979
1953 312522.8202874305
2317 312535.5728099614
2320 312698.6868966086
2653 312728.3454690417
2654 312761.3091444284
3431 312778.8957838982
3434 313017.1307482120
10000 312740.4001768981
evaluations raw_y
1 -2130799.0000000005
4 -2129797.0000000005
7 -2128797.0000000005
11 -2127793.0000000005
12 -2126791.0000000005
14 -2125783.0000000005
15 -2124780.0000000005
16 -2123780.0000000005
17 -2122779.0000000005
20 -2121774.0000000005
23 -2120771.0000000005
24 -2119766.0000000005
28 -2118760.0000000005
29 -2117754.0000000005
30 -2116750.0000000005
33 -2115744.0000000005
36 -2114742.0000000005
37 -2113738.0000000005
40 -2112730.0000000005
41 -2111723.0000000005
43 -2110722.0000000005
44 -2109715.0000000005
52 -2108707.0000000005
55 -2107700.0000000005
58 -2106700.0000000005
61 -2105698.0000000005
62 -2104694.0000000005
63 -2103694.0000000005
64 -2102692.0000000005
65 -2101690.0000000005
67 -2100688.0000000005
69 -2099679.0000000005
71 -2098679.0000000005
73 -2097679.0000000005
77 -2096677.0000000005
78 -2095674.0000000005
80 -2094674.0000000005
82 -2093669.0000000005
84 -2092665.0000000005
85 -2091662.0000000005
90 -2090660.0000000005
94 -2089659.0000000005
95 -2088652.0000000005
98 -2087650.0000000005
99 -2086641.0000000005
100 -2085633.0000000005
101 -2084633.0000000005
105 -2083628.0000000005
106 -2082620.0000000005
107 -2081615.0000000005
109 -2080610.0000000005
110 -2079610.0000000005
111 -2078605.0000000005
112 -2077604.0000000005
114 -2076603.0000000005
116 -2075597.0000000005
119 -2074591.0000000005
121 -2073587.0000000005
123 297220.6991543230
125 297235.7170630217
129 297859.0170492845
136 297885.7022226515
141 298068.7079957922
168 298074.6580044340
169 298627.6733573911
256 298645.0646717682
266 299291.5012113716
719 299292.5892718938
721 299696.6296414752
1075 299708.6594942687
1081 299967.1638581642
1181 299968.9216908978
1182 300467.9114362525
1212 300474.4433648167
1214 300903.1327417987
1442 300916.4795400762
1443 301787.1629519064
1511 301796.5460054514
1512 301905.4153034132
1571 301918.4412312108
1573 302729.9335974651
2054 302730.8850184974
2058 303349.3205491002
2202 303386.4947013551
2203 304013.3490131760
2284 304044.5625914249
2286 304624.6256734681
2561 304647.8168129208
2562 304741.2893964163
2896 304761.9658291480
2902 305384.8484683632
3261 305399.6538290409
3262 306098.1260475723
3308 306133.3965679838
3309 306273.9049481189
4026 306286.1588067031
4027 306816.4491034563
7237 306857.6337389782
7239 307069.2079371645
10000 -2073567.0000000005
evaluations raw_y
1 -2132880.0000000005
2 -2131871.0000000005
3 -2130865.0000000005
5 -2129856.0000000005
6 -2128851.0000000005
7 -2127845.0000000005
10 -2126841.0000000005
13 -2125835.0000000005
14 -2124834.0000000005
17 -2123825.0000000005
18 -2122821.0000000005
19 -2121820.0000000005
20 -2120816.0000000005
21 -2119812.0000000005
22 -2118805.0000000005
27 -2117799.0000000005
39 -2116797.0000000005
40 -2115795.0000000005
41 -2114792.0000000005
42 -2113789.0000000005
43 -2112783.0000000005
45 -2111778.0000000005
47 -2110775.0000000005
51 -2109767.0000000005
53 -2108766.0000000005
56 -2107763.0000000005
59 -2106756.0000000005
62 -2105752.0000000005
65 -2104744.0000000005
67 -2103735.0000000005
71 -2102731.0000000005
72 -2101728.0000000005
73 -2100726.0000000005
75 -2099721.0000000005
78 -2098721.0000000005
81 -2097712.0000000005
83 -2096705.0000000005
90 -2095697.0000000005
92 -2094689.0000000005
96 -2093688.0000000005
97 -2092686.0000000005
98 -2091680.0000000005
99 -2090671.0000000005
101 -2089670.0000000005
103 -2088664.0000000005
104 -2087660.0000000005
108 -2086659.0000000005
113 -2085657.0000000005
119 -2084657.0000000005
120 -2083649.0000000005
121 -2082647.0000000005
123 -2081639.0000000005
131 -2080635.0000000005
132 -2079634.0000000005
139 -2078627.0000000005
140 -2077626.0000000005
141 -2076623.0000000005
143 -2075614.0000000005
144 -2074607.0000000005
145 -2073605.0000000005
147 313765.6373768252
439 313803.2973052786
440 313895.5256987019
811 313923.3096605295
812 314772.8387450461
953 314787.8367076685
954 314905.8395217194
1012 314919.3317729399
1013 315317.5734689533
1031 315319.0245969734
1032 316145.7965058939
1191 316165.5173084486
1195 316222.0673028735
1235 316259.6120980505
1236 317009.7809564794
1312 317048.2187236758
1316 317484.2647789777
1329 317520.5299904632
1331 318337.8994388836
1633 318360.8155184663
1634 318956.3059425128
1648 318973.5358641139
1652 319245.3408225049
1789 319260.1564479123
1793 320008.1378070959
1823 320008.4084328259
1824 320260.5742174284
1951 320276.9765941831
1957 320449.6602359227
2001 320460.0329766335
2003 320517.5725510903
2104 320523.9771072328
2108 321184.1128013674
2613 321221.1939913403
2616 321988.3654031692
2795 321999.5276978656
2797 322103.1128140815
2851 322128.9070534606
2853 323026.6163397855
3481 323060.0438133437
3485 323567.8851442122
10000 323498.5892387012
evaluations raw_y
1 -2121735.0000000005
3 -2120727.0000000005
4 -2119722.0000000005
10 -2118720.0000000005
12 -2117711.0000000005
15 -2116709.0000000005
17 -2115705.0000000005
19 -2114701.0000000005
20 -2113692.0000000005
21 -2112686.0000000005
24 -2111677.0000000005
25 -2110668.0000000005
26 -2109663.0000000005
29 -2108663.0000000005
32 -2107661.0000000005
34 -2106656.0000000005
36 -2105656.0000000005
38 -2104654.0000000005
39 -2103652.0000000005
40 -2102651.0000000005
41 -2101643.0000000005
43 -2100637.0000000005
45 -2099634.0000000005
46 -2098633.0000000005
48 -2097632.0000000005
49 -2096630.0000000005
51 -2095622.0000000005
52 -2094621.0000000005
53 -2093614.0000000005
57 -2092609.0000000005
59 -2091606.0000000005
60 -2090603.0000000005
61 -2089597.0000000005
63 -2088593.0000000005
64 -2087585.0000000005
67 -2086583.0000000005
69 -2085576.0000000005
72 -2084569.0000000005
73 -2083566.0000000005
74 -2082564.0000000005
76 -2081562.0000000005
83 -2080556.0000000005
86 -2079551.0000000005
88 -2078548.0000000005
90 -2077547.0000000005
91 -2076538.0000000005
93 -2075534.0000000005
94 -2074527.0000000005
97 -2073518.0000000005
101 307942.2761658012
110 307961.5792991314
112 308229.5158223369
116 308243.1123202904
117 309070.5733529677
177 309084.4608771894
178 309690.4726951998
440 309697.6275255642
442 310502.2676413665
495 310509.9797498039
496 310689.7714029989
523 310711.3474073164
525 311001.2740477129
656 311016.6808401325
657 311788.7282115779
824 311814.8141715445
825 312296.8570815275
897 312304.8281506631
899 313202.7017750045
1143 313238.3569933096
1145 314018.3922135158
1313 314030.7040625850
1315 314421.5803506310
1560 314454.7184915545
1568 314981.3757694802
1822 314992.5888415743
1824 315616.5139831930
2884 315646.5785895501
2886 316134.3210088741
4105 316151.1076567156
4108 316835.1347709838
10000 -2073523.0000000005
evaluations raw_y
1 -2124819.0000000005
3 -2123817.0000000005
4 -2122817.0000000005
5 -2121812.0000000005
8 -2120806.0000000005
9 -2119797.0000000005
10 -2118794.0000000005
12 -2117794.0000000005
13 -2116791.0000000005
14 -2115783.0000000005
18 -2114777.0000000005
25 -2113776.0000000005
26 -2112768.0000000005
27 -2111767.0000000005
32 -2110759.0000000005
35 -2109755.0000000005
36 -2108752.0000000005
38 -2107744.0000000005
39 -2106739.0000000005
42 -2105732.0000000005
44 -2104727.0000000005
45 -2103720.0000000005
47 -2102720.0000000005
53 -2101720.0000000005
54 -2100719.0000000005
59 -2099719.0000000005
60 -2098712.0000000005
61 -2097707.0000000005
63 -2096706.0000000005
65 -2095697.0000000005
67 -2094693.0000000005
68 -2093692.0000000005
70 -2092692.0000000005
71 -2091688.0000000005
72 -2090679.0000000005
73 -2089678.0000000005
74 -2088672.0000000005
76 -2087665.0000000005
81 -2086665.0000000005
83 -2085663.0000000005
86 -2084659.0000000005
90 -2083650.0000000005
93 -2082649.0000000005
94 -2081649.0000000005
95 -2080644.0000000005
96 -2079644.0000000005
97 -2078642.0000000005
99 -2077638.0000000005
101 -2076630.0000000005
105 -2075629.0000000005
106 -2074620.0000000005
107 -2073617.0000000005
108 313481.2368417157
145 313506.5644757147
146 314379.5278585097
195 314400.0251570892
197 314418.3033000203
201 315071.8515417292
202 315145.8110494799
225 315146.6483620458
226 315888.5815154402
238 315926.4059429229
240 316309.6031985319
283 316324.8611376680
284 316946.0191036740
322 316952.3053614835
325 317864.3101071227
344 317907.7965998497
346 318321.4626350263
380 318351.4672481095
381 318371.4453109382
420 318374.3538874277
421 318549.1607734596
538 318562.5546456116
542 319306.6855842869
543 319335.0437054297
544 320193.2447800586
606 320196.1758697436
608 320240.7202471604
696 320277.7791807069
698 320426.2817052350
742 320428.6539038617
745 321055.4937197088
833 321070.5272563883
834 321294.4178368683
857 321332.0465942082
858 321551.0295264599
873 321561.9604654998
874 321760.6718152256
932 321794.6133463069
934 322330.9618134305
1089 322350.8007242235
1090 322952.5728436983
1111 322977.5898843853
1113 323249.8062283035
1243 323250.0513647879
1245 324145.7448361315
1316 324163.2001463379
1317 324489.4507298479
2517 324489.4684889372
2521 325132.6648740992
4260 325144.6854069907
4261 325831.0017971111
5202 325848.3561910998
5203 326044.2417940706
10000 -2073564.0000000005
evaluations raw_y
1 -2112797.0000000005
3 -2111792.0000000005
6 -2110786.0000000005
7 -2109777.0000000005
8 -2108776.0000000005
11 -2107775.0000000005
12 -2106770.0000000005
13 -2105763.0000000005
20 -2104762.0000000005
21 -2103754.0000000005
27 -2102753.0000000005
36 -2101746.0000000005
37 -2100738.0000000005
38 -2099732.0000000005
39 -2098732.0000000005
40 -2097723.0000000005
42 -2096721.0000000005
45 -2095716.0000000005
46 -2094707.0000000005
47 -2093699.0000000005
48 -2092699.0000000005
49 -2091694.0000000005
50 -2090687.0000000005
51 -2089687.0000000005
52 -2088686.0000000005
54 -2087686.0000000005
61 -2086684.0000000005
62 -2085679.0000000005
63 -2084673.0000000005
73 -2083664.0000000005
77 -2082659.0000000005
78 -2081655.0000000005
80 -2080648.0000000005
82 -2079640.0000000005
89 -2078631.0000000005
92 -2077622.0000000005
99 -2076618.0000000005
101 -2075618.0000000005
103 -2074618.0000000005
104 -2073616.0000000005
105 310985.2653241745
174 311001.0826760416
175 311815.2208059991
176 311820.0239992058
178 312515.4944895341
228 312551.4843503837
229 313215.2053576566
268 313240.3498356657
269 313699.7002113996
272 313706.9230277586
274 313946.7154910482
318 313959.0504868705
319 314049.8622511298
337 314061.3235310445
342 314098.9836063564
415 314100.8114338034
418 314990.2912438273
616 315032.3201368561
620 315917.9173910369
628 315926.4459104270
629 316555.8579765565
933 316557.6077241601
934 317416.1217714411
1084 317444.6564123853
1085 318224.2576527799
1165 318256.6641227178
1168 318617.0336666482
1253 318627.0190683032
1256 319087.8990391432
1265 319114.5125602439
1266 319989.0424280050
1613 320025.1036551209
1614 320378.0762129461
1663 320378.5541020229
1667 321006.7330496361
2708 321027.3505797823
2710 321231.6522187233
2898 321241.1672886562
2900 321980.7901043240
3068 321981.7782109866
3069 322825.8623710920
4254 322839.2275829338
4255 323231.5495592839
10000 -2073640.0000000005
evaluations raw_y
1 -2165039.0000000005
3 -2164031.0000000005
8 -2163031.0000000005
9 -2162022.0000000005
11 -2161020.0000000005
12 -2160011.0000000005
13 -2159006.0000000005
16 -2158002.0000000005
19 -2157002.0000000005
22 -2155995.0000000005
24 -2154990.0000000005
29 -2153987.0000000005
30 -2152981.0000000005
31 -2151978.0000000005
32 -2150969.0000000005
33 -2149969.0000000005
36 -2148966.0000000005
39 -2147965.0000000005
44 -2146961.0000000005
46 -2145957.0000000005
49 -2144954.0000000005
51 -2143947.0000000005
52 -2142939.0000000005
59 -2141935.0000000005
60 -2140935.0000000005
63 -2139935.0000000005
64 -2138934.0000000005
66 -2137927.0000000005
68 -2136919.0000000005
71 -2135912.0000000005
73 -2134910.0000000005
74 -2133902.0000000005
77 -2132895.0000000005
80 -2131890.0000000005
81 -2130882.0000000005
82 -2129876.0000000005
84 -2128871.0000000005
85 -2127865.0000000005
87 -2126857.0000000005
89 -2125853.0000000005
90 -2124848.0000000005
91 -2123841.0000000005
92 -2122839.0000000005
93 -2121830.0000000005
94 -2120824.0000000005
96 -2119818.0000000005
97 -2118810.0000000005
100 -2117804.0000000005
103 -2116801.0000000005
104 -2115796.0000000005
105 -2114791.0000000005
108 -2113787.0000000005
109 -2112783.0000000005
113 -2111783.0000000005
118 -2110781.0000000005
119 -2109781.0000000005
121 -2108773.0000000005
122 -2107772.0000000005
124 -2106772.0000000005
125 -2105766.0000000005
127 -2104765.0000000005
132 -2103760.0000000005
134 -2102755.0000000005
135 -2101748.0000000005
137 -2100748.0000000005
139 -2099742.0000000005
140 -2098736.0000000005
143 -2097734.0000000005
146 -2096731.0000000005
149 -2095727.0000000005
151 -2094726.0000000005
152 -2093719.0000000005
154 -2092712.0000000005
155 -2091712.0000000005
157 -2090709.0000000005
161 -2089706.0000000005
163 -2088699.0000000005
165 -2087697.0000000005
167 -2086688.0000000005
168 -2085685.0000000005
169 -2084685.0000000005
170 -2083677.0000000005
171 -2082668.0000000005
172 -2081664.0000000005
173 -2080657.0000000005
174 -2079649.0000000005
177 -2078644.0000000005
178 -2077642.0000000005
179 -2076642.0000000005
181 -2075633.0000000005
182 -2074629.0000000005
184 -2073623.0000000005
186 306911.9451195507
243 306918.4335552477
246 307773.2255744414
249 307793.4408960437
252 308034.2076374285
274 308035.4242875132
277 308100.9038117006
333 308101.3341505225
334 308877.6392833976
367 308887.1655754359
368 309755.6146832944
496 309765.7478472608
497 310585.5536883141
513 310600.4240652642
514 310703.7544784825
812 310718.9997952943
814 310804.4948158491
966 310805.8143794497
968 311503.0206769018
1135 311515.4074689320
1136 312111.2886956492
1449 312148.7215142013
1450 312425.2496421304
1541 312452.8989404853
1543 312741.1256958780
1722 312774.6884815454
1725 313604.1162116011
2307 313639.4109063659
2308 313821.3824396032
3436 313846.0714508668
3441 314088.8909242824
4202 314097.6619936356
4203 314197.9496433384
4854 314229.7339697852
4856 315182.0149959559
4991 315205.9335141527
4992 315309.8683328014
10000 314493.2627824882
evaluations raw_y
1 -2126777.0000000005
2 -2125777.0000000005
4 -2124775.0000000005
7 -2123770.0000000005
8 -2122767.0000000005
10 -2121761.0000000005
16 -2120758.0000000005
18 -2119751.0000000005
19 -2118750.0000000005
20 -2117743.0000000005
21 -2116737.0000000005
24 -2115730.0000000005
28 -2114729.0000000005
30 -2113723.0000000005
33 -2112720.0000000005
37 -2111714.0000000005
42 -2110709.0000000005
43 -2109701.0000000005
45 -2108692.0000000005
46 -2107685.0000000005
47 -2106685.0000000005
50 -2105681.0000000005
53 -2104673.0000000005
55 -2103666.0000000005
56 -2102660.0000000005
59 -2101655.0000000005
60 -2100651.0000000005
62 -2099650.0000000005
63 -2098646.0000000005
64 -2097637.0000000005
65 -2096637.0000000005
66 -2095637.0000000005
69 -2094631.0000000005
72 -2093624.0000000005
73 -2092616.0000000005
74 -2091610.0000000005
75 -2090601.0000000005
77 -2089596.0000000005
80 -2088595.0000000005
81 -2087589.0000000005
82 -2086582.0000000005
83 -2085574.0000000005
86 -2084573.0000000005
87 -2083572.0000000005
88 -2082564.0000000005
90 -2081563.0000000005
92 -2080558.0000000005
93 -2079558.0000000005
94 -2078549.0000000005
96 -2077546.0000000005
97 -2076541.0000000005
98 -2075536.0000000005
99 -2074527.0000000005
101 -2073522.0000000005
102 321612.4275660822
463 321648.4076102704
464 321693.8107898435
600 321718.6922321498
602 322371.3025222971
615 322407.7006088061
617 322646.8518179864
708 322662.5493036521
709 323264.6113448808
720 323276.7621465501
723 323618.2103340551
956 323629.1358840647
964 323746.7459536496
990 323753.6440018475
991 324044.2027390652
2040 324052.7038231498
2042 324234.7507126972
2928 324270.0163364823
2929 324984.7224545046
3297 325021.3291554436
3303 325749.9522053485
5381 325761.0426730437
5382 325916.1967843156
10000 -2073522.0000000005
evaluations raw_y
1 -2166071.0000000005
3 -2165063.0000000005
4 -2164058.0000000005
5 -2163052.0000000005
6 -2162046.0000000005
8 -2161038.0000000005
11 -2160036.0000000005
12 -2159027.0000000005
13 -2158023.0000000005
14 -2157019.0000000005
16 -2156015.0000000005
18 -2155013.0000000005
20 -2154007.0000000005
23 -2153005.0000000005
24 -2152002.0000000005
25 -2150996.0000000005
26 -2149988.0000000005
29 -2148981.0000000005
31 -2147977.0000000005
36 -2146973.0000000005
37 -2145973.0000000005
40 -2144970.0000000005
47 -2143961.0000000005
51 -2142955.0000000005
54 -2141948.0000000005
57 -2140939.0000000005
58 -2139936.0000000005
63 -2138929.0000000005
64 -2137927.0000000005
65 -2136921.0000000005
66 -2135916.0000000005
67 -2134907.0000000005
68 -2133906.0000000005
69 -2132898.0000000005
71 -2131896.0000000005
75 -2130893.0000000005
79 -2129886.0000000005
80 -2128879.0000000005
83 -2127879.0000000005
84 -2126874.0000000005
85 -2125865.0000000005
86 -2124860.0000000005
87 -2123858.0000000005
88 -2122850.0000000005
92 -2121843.0000000005
94 -2120841.0000000005
95 -2119834.0000000005
98 -2118828.0000000005
99 -2117827.0000000005
100 -2116820.0000000005
101 -2115811.0000000005
103 -2114810.0000000005
106 -2113809.0000000005
107 -2112806.0000000005
112 -2111805.0000000005
116 -2110798.0000000005
117 -2109791.0000000005
120 -2108782.0000000005
123 -2107781.0000000005
124 -2106780.0000000005
125 -2105773.0000000005
127 -2104773.0000000005
128 -2103772.0000000005
129 -2102771.0000000005
131 -2101762.0000000005
135 -2100754.0000000005
136 -2099749.0000000005
137 -2098741.0000000005
141 -2097736.0000000005
145 -2096735.0000000005
146 -2095734.0000000005
147 -2094726.0000000005
151 -2093724.0000000005
154 -2092718.0000000005
155 -2091718.0000000005
157 -2090710.0000000005
160 -2089705.0000000005
166 -2088699.0000000005
167 -2087695.0000000005
168 -2086691.0000000005
170 -2085690.0000000005
171 -2084685.0000000005
175 -2083682.0000000005
176 -2082680.0000000005
177 -2081672.0000000005
182 -2080664.0000000005
185 -2079657.0000000005
186 -2078654.0000000005
188 -2077647.0000000005
191 -2076640.0000000005
192 -2075639.0000000005
194 -2074639.0000000005
195 -2073637.0000000005
202 310680.8956864408
313 310704.5621824072
314 310837.8506843331
454 310843.3698681106
455 311025.8961965210
903 311034.9909085358
907 311964.0207771853
995 311978.8008521899
996 312878.7774944281
1186 312889.4416412746
1187 313576.4884270008
1259 313590.2380861494
1260 314191.8109083058
1298 314211.4221118123
1299 315095.0222813337
1522 315101.9945842690
1523 315777.4668139456
1694 315800.0388842135
1695 316440.8337927707
1707 316454.7919009964
1710 317074.1395975720
1804 317093.4417950442
1805 317357.3026373617
2124 317374.0226121466
2126 317967.0170953537
2391 317967.3866271786
2393 318785.4412292899
2516 318819.7118946750
2519 319254.1537270833
2541 319260.1902903148
2542 319302.9753528803
2652 319303.2750744915
2654 319844.6432797262
2822 319854.1831458007
2824 320437.9256762862
4047 320452.4837269336
4048 320692.9582559064
10000 320132.6212396966
evaluations raw_y
1 -2127756.0000000005
3 -2126748.0000000005
4 -2125740.0000000005
6 -2124732.0000000005
7 -2123732.0000000005
9 -2122730.0000000005
15 -2121724.0000000005
16 -2120724.0000000005
17 -2119719.0000000005
18 -2118715.0000000005
26 -2117707.0000000005
27 -2116704.0000000005
28 -2115698.0000000005
29 -2114698.0000000005
31 -2113694.0000000005
34 -2112693.0000000005
36 -2111685.0000000005
38 -2110679.0000000005
43 -2109679.0000000005
44 -2108670.0000000005
45 -2107667.0000000005
46 -2106661.0000000005
48 -2105659.0000000005
49 -2104659.0000000005
50 -2103653.0000000005
51 -2102644.0000000005
52 -2101637.0000000005
53 -2100629.0000000005
54 -2099622.0000000005
55 -2098614.0000000005
57 -2097613.0000000005
59 -2096608.0000000005
60 -2095605.0000000005
61 -2094599.0000000005
62 -2093592.0000000005
67 -2092583.0000000005
68 -2091575.0000000005
70 -2090575.0000000005
71 -2089573.0000000005
72 -2088573.0000000005
73 -2087573.0000000005
75 -2086564.0000000005
76 -2085564.0000000005
77 -2084561.0000000005
78 -2083561.0000000005
79 -2082560.0000000005
80 -2081552.0000000005
84 -2080551.0000000005
87 -2079551.0000000005
90 -2078546.0000000005
91 -2077541.0000000005
93 -2076533.0000000005
94 -2075532.0000000005
97 -2074523.0000000005
98 -2073523.0000000005
99 295077.2888127278
214 295114.3016795254
215 295832.8054089264
340 295867.0050117939
342 296210.8681850980
442 296212.0140953510
445 297169.3818534699
498 297183.5429380907
503 297713.4007628780
551 297738.1227837203
555 298569.8541438589
615 298580.3665987623
616 299070.9143407250
748 299086.1519947243
750 299230.9703103763
1378 299240.6622520377
1379 299615.7766149571
1438 299631.2790266999
1439 300057.3228625008
1521 300083.7761908591
1522 300832.4647922142
1611 300867.6791125113
1612 301478.6627063829
1616 301479.4571225662
1619 302189.0038830898
1776 302201.8138426065
1778 302982.0981499622
1970 302990.6996932029
1971 303281.7239166843
2414 303292.6553747677
2419 303555.6810312827
2452 303570.3399754016
2453 304381.3378353448
2551 304401.0391846988
2552 304921.3023197723
2559 304927.1469572079
2561 305459.7785155476
3609 305494.4475213413
3610 305567.7631356523
3778 305587.8266394748
3780 306523.0946689459
3956 306563.8944044966
3959 306785.4955606770
10000 -2073480.0000000005
evaluations raw_y
1 -2142920.0000000005
2 -2141913.0000000005
4 -2140906.0000000005
7 -2139906.0000000005
8 -2138904.0000000005
9 -2137902.0000000005
10 -2136900.0000000005
12 -2135893.0000000005
16 -2134887.0000000005
17 -2133884.0000000005
19 -2132881.0000000005
21 -2131875.0000000005
22 -2130874.0000000005
24 -2129873.0000000005
26 -2128864.0000000005
29 -2127856.0000000005
30 -2126850.0000000005
31 -2125842.0000000005
32 -2124842.0000000005
34 -2123836.0000000005
38 -2122833.0000000005
39 -2121828.0000000005
40 -2120823.0000000005
41 -2119815.0000000005
42 -2118808.0000000005
43 -2117806.0000000005
44 -2116799.0000000005
45 -2115791.0000000005
50 -2114788.0000000005
52 -2113779.0000000005
54 -2112778.0000000005
58 -2111778.0000000005
59 -2110770.0000000005
64 -2109766.0000000005
66 -2108766.0000000005
67 -2107761.0000000005
70 -2106752.0000000005
75 -2105748.0000000005
76 -2104748.0000000005
77 -2103742.0000000005
78 -2102741.0000000005
79 -2101737.0000000005
82 -2100736.0000000005
84 -2099731.0000000005
86 -2098724.0000000005
87 -2097716.0000000005
92 -2096714.0000000005
94 -2095705.0000000005
95 -2094704.0000000005
97 -2093700.0000000005
99 -2092695.0000000005
102 -2091690.0000000005
104 -2090681.0000000005
107 -2089677.0000000005
109 -2088670.0000000005
122 -2087666.0000000005
123 -2086657.0000000005
125 -2085649.0000000005
126 -2084646.0000000005
128 -2083646.0000000005
129 -2082638.0000000005
131 -2081634.0000000005
133 -2080630.0000000005
134 -2079623.0000000005
135 -2078617.0000000005
140 -2077610.0000000005
141 -2076607.0000000005
143 -2075601.0000000005
145 -2074599.0000000005
146 -2073593.0000000005
147 299790.2330012032
200 299814.6897948477
201 299819.4866285346
404 299832.7868906726
405 300145.4797914468
467 300146.6807831003
468 300915.0547720567
557 300947.6769494303
558 301406.9445738920
663 301436.1852558702
664 301500.9371384417
708 301535.9720199184
711 301996.0255666766
759 302003.8568074268
760 302740.2803336999
792 302747.7231845621
793 302755.4113499760
867 302767.6104456552
868 303410.1917949370
941 303426.8358622064
944 303899.9057695089
1218 303932.9451373558
1219 303970.2389898726
1317 303988.1606949536
1318 304876.8968943693
1333 304883.1879938558
1334 305201.4775344829
2333 305211.4650592095
2334 305875.2193654288
2412 305887.8005844183
2414 306439.8736129581
2629 306460.7704051817
2630 307046.6340895308
2653 307068.6184194326
2654 307619.9703304205
3299 307630.5873744516
3300 307708.9680031134
3458 307740.2204526061
3461 307750.6715002978
3715 307783.1056461150
3719 307967.3997116601
4402 307972.6641138364
4403 308865.8594075560
4764 308880.4853931135
4765 309388.2212085632
10000 309128.7046604379
