evaluations raw_y
1 686160.6851871090
8 686872.7164372060
12 687289.3959416711
13 688003.4643806069
14 688360.7191075684
15 689148.4008069065
17 689552.9928889751
18 690481.4693564577
20 690580.1650263304
22 691512.2764131068
26 692015.5973701542
30 694041.6466967980
31 694057.0990072659
34 694323.8667539153
35 694565.9180574430
37 694622.7168567975
38 695737.1249921356
40 695949.0556373917
41 696657.4647413663
42 697693.6185221934
43 698586.0794945512
47 698657.6271918153
51 699272.8038673650
55 700706.4470120996
57 701582.9963750757
59 701749.0073376369
61 702690.5035232586
62 703269.0876541003
63 703763.4761268010
64 705215.9698657987
65 705653.4568366061
70 706265.0202133523
71 707224.8883908096
73 707329.5520293629
74 708077.2464824058
75 708685.2167042316
76 709527.5112111400
77 709976.9262439843
78 710929.7991697061
81 711042.0001298535
83 711491.1650393764
84 712351.2862758323
87 712891.5259032001
88 713418.6690793687
89 714029.5440414037
90 714631.2241554327
94 715095.7162586051
98 716712.0843438134
105 717261.1898481859
108 717889.7062999454
109 718541.1381437326
112 718765.2511592490
113 719425.2210312797
116 720001.6659646564
117 720181.6740314985
118 720374.6622399464
119 721212.2822924599
120 721447.2383001823
123 722025.3977321506
124 722406.3281081194
127 723111.6798707107
128 724491.8566211161
129 725017.3991721579
130 725872.8404375397
131 726508.6217909814
132 726739.4587095497
134 727049.2941295502
135 727173.5630282729
136 727757.2495206128
137 728078.7138235555
138 728675.4267628641
139 729211.0939500787
141 730141.5744563933
143 730501.4081533743
145 731501.3062813056
147 731793.4053311397
152 731970.0409649006
157 732799.0018370674
158 732818.4743284065
159 733362.9562545356
162 733397.7453707678
163 733517.5137355602
164 733525.0107309807
165 734076.4557229311
171 734305.6978971966
172 735252.0310735943
173 735398.6279344588
174 735830.8828846258
175 736239.6164355158
176 736263.5832328341
177 736307.3140133300
181 737295.7267744505
183 738201.7561628380
184 738564.2905326590
185 738747.1393083171
186 739080.8792369958
187 739083.3611321910
189 739884.8436318344
190 740294.8618029119
192 740410.7864593739
193 741172.0353477822
198 742046.9588462674
200 742699.3089428452
206 742876.6447201163
213 743841.4174467198
217 744241.5087604959
218 744597.2946023761
219 745033.0842678290
221 745591.3857258117
224 746151.4077493248
226 746458.3147085768
227 747124.0029661085
229 747126.2059609110
231 747283.1342921720
232 747746.0059280634
234 747761.3888395060
235 748187.2614893599
244 748998.5094067344
247 749240.8647634236
248 749255.8656523961
250 749967.8378992368
251 750410.1277684310
253 751362.8191357328
255 751699.4789970579
256 752630.1062910691
257 753906.9592893877
258 754694.8291396527
261 755116.7626887842
263 755668.5906580824
265 755904.7428724288
267 755969.6586980829
268 756170.5840614566
271 756925.9265032624
276 757441.5849171632
278 757633.8783784426
280 758362.4433711589
283 758842.1935911952
284 759776.4829255935
286 760313.8280944489
290 760989.2489932054
294 761950.1327329471
299 762441.4991235024
303 762523.0709595996
304 762904.7473475110
305 763590.9820226351
306 764521.8162980471
310 765201.4530140914
312 766043.4322125190
314 766517.7363345486
315 767665.4278186203
316 768349.4533179961
322 769210.6092625414
323 769993.1214603734
325 770576.9486727142
327 771084.7553745792
328 771434.5685458243
329 771690.7797198562
332 771974.4028182727
334 772218.7828269936
335 772374.5966696448
340 772871.0261536447
341 773520.7044485778
342 774870.5842834797
343 775663.8487394942
347 776335.2586014059
348 776961.6858781568
351 777033.2941166821
354 777471.3210441857
359 778087.0491652633
360 778755.9963793801
362 779253.5945750683
366 780008.9375160324
367 780654.1532340071
368 781221.9864433095
370 781750.5446291264
373 781904.6916666293
375 782025.6139998342
376 782881.9398387689
378 783500.8770885291
382 783718.1388516407
384 784651.5968949386
386 785001.2452339001
388 785976.9479074964
389 786913.2146331058
391 787686.8590807820
396 787695.9640264077
397 787782.4303473376
398 787835.0739101063
399 788252.4861620802
401 788961.9883340900
404 789347.8670816339
405 789385.6335517010
406 789785.7597165711
407 790667.4880855444
408 791275.2559226416
409 792001.2641274696
413 792337.4113746858
414 792981.8408599581
418 793681.6463450759
419 794208.0817312845
423 794819.7915965550
426 794978.9071972704
427 795203.7655939157
428 795619.3553992882
429 795712.5417693594
431 796600.2185842406
436 796845.7895383218
438 797155.4280194714
439 797794.3569537753
441 798416.2283269106
444 798851.6607676597
449 799140.1462917957
451 799255.5286270004
452 799996.3910507412
455 800448.8982991624
459 800958.5981817371
461 801556.7477785086
462 802171.9468507350
466 802255.8876618843
467 803239.4224361528
470 804127.2079014010
472 804622.9541165233
474 805300.7488188597
475 805459.7250325081
477 806143.9345640170
478 806259.7670906594
479 806762.2581956651
484 806863.7206133098
487 807610.6410554305
489 808290.5670699710
491 809151.8877735194
492 809383.9724173896
493 809927.3089389193
496 810214.6962027691
498 810851.4018592169
499 811629.1012393131
500 812765.7258131962
502 813164.3292192031
504 813466.6615798228
506 814040.2005439220
507 814455.7664069004
508 815447.2199939643
509 816625.3872935206
510 817414.4839771158
513 818036.2760454395
516 818144.8146159672
518 818170.9692787109
521 818870.2826982706
522 818921.3909782630
523 819912.9572093488
529 820758.8672477491
533 821240.1092131968
534 821275.9732073469
535 821527.3439922312
537 821599.9530417651
538 822212.4683350262
541 822237.9759729686
546 822280.9977960683
551 822460.4565716665
552 822585.1485198773
554 822786.0456661417
558 823729.6365779280
559 823960.4288196797
560 824256.9721644559
561 824520.3157298203
563 825178.2524987700
565 825711.4196813559
568 825820.1880917647
569 826655.2665826647
570 826935.6636934968
572 826986.9727636733
573 827003.0885304441
576 827252.0645096587
579 827392.9614234441
580 827802.8854235015
584 828082.8887582277
591 828978.1430262828
592 829052.7328781190
594 829178.7371120186
596 829334.9980427094
600 830057.9822966155
605 830726.3360624331
606 831455.3872710533
607 832331.6096068305
610 832873.1712339051
612 833834.0096815235
613 834074.0474105651
614 834258.1176856721
617 834480.0530857180
620 835392.9421999888
621 835708.9091170306
626 836558.5211890818
630 836817.6846982060
631 837110.7842843261
632 838059.4067855015
633 838472.2571840925
634 838792.1247087157
635 839761.3897984228
636 839767.1130615243
637 840261.9805085342
638 840533.6426920652
640 840704.7143995222
644 841532.3711320413
649 842218.8931976801
650 842848.2886514091
654 843247.5579675846
664 844226.8815222641
667 844425.6013300557
670 845011.2697011426
671 845191.2289907407
676 845515.6132107667
677 846165.3059144050
680 846601.2623874508
682 847192.0415880120
689 847304.2259641823
694 847479.5624638948
700 848413.9335098586
703 848920.9156630799
705 849393.2047753470
706 850282.1864526747
707 850304.9813033475
708 850725.8538810841
709 851497.6551006129
710 852243.7353042107
711 852938.5661770229
712 853429.6480468855
713 853820.2457423807
715 854241.1981740873
719 855619.2375997307
721 856012.5713390179
722 856568.7714576726
724 856722.7530915047
726 857576.4061355873
730 858499.3564738436
731 859148.7108679913
732 860045.3679699580
735 861144.0079251481
740 861436.7232648762
741 861931.1629489638
752 862518.7413002577
755 862732.9157068111
762 863422.2743212056
763 863610.3125900045
764 863938.8015883761
766 863955.9067290373
767 863979.0832632434
769 864938.9257455242
775 865204.5849475493
782 865317.1385154657
783 865735.5675446757
785 866398.3734332477
787 866610.3802701953
791 866614.2240814877
794 866889.5583120803
795 867840.6133748805
797 868836.9554680255
799 869078.3950588123
802 869086.6743827860
808 869274.4764197443
810 869592.7897803566
811 869760.7653942556
812 870737.4131138755
813 870922.9767838576
814 870976.4309803029
815 870994.9457990825
816 871702.4578099818
823 872414.8283281033
826 873273.2703066496
827 873570.5923330422
828 873854.0062198682
831 874815.1433478633
833 874878.2141180105
835 875124.1761600098
837 876054.4304694069
839 876825.3327849462
840 877401.0351717566
844 877861.7241620568
848 878015.9455522983
852 878568.9416544661
857 878882.5091795418
858 879148.3945093722
859 879219.1339555633
861 879227.9324752743
862 880016.7074924083
863 880489.7783234121
864 880938.3453423750
879 881255.2576750055
881 882054.9758371917
884 882841.6693891146
885 883223.9583332734
887 883500.8051173378
894 884140.6921237052
895 885137.1434863731
897 885712.7571322593
899 886444.9194725541
901 886974.9527242460
903 887812.6280459382
904 888514.3329682552
907 889028.6858668512
908 889975.8274495308
910 891118.9970100570
912 891626.1827090522
916 892208.8293150888
919 892585.3896706975
924 892590.1094539687
927 892817.6214662767
930 893719.3684612587
932 893979.9527738943
933 894350.6818242683
935 894941.1685152957
936 895125.5825154919
941 895655.0367157172
943 895686.4367681714
946 896495.3746730796
947 897114.7709046456
948 897873.7669336114
952 898561.5629949908
953 899173.6574139924
955 900092.1389554348
956 900692.7736148532
969 901679.3479715718
971 901895.7717370379
975 902558.6192556818
976 902707.4667204728
977 902808.4587510175
978 903292.6329443090
979 903700.5486589423
981 904245.7028936859
988 904751.1816899471
990 905178.0404880403
992 905937.0882238410
995 907358.1152715642
996 907602.9496228034
999 907892.2152651959
1004 908742.9772525601
1006 908982.0376850534
1010 909125.1816301721
1011 909941.8237964563
1012 910037.5125023689
1017 910149.1064061308
1019 910728.0431785570
1021 911053.2369367100
1026 911054.6432401236
1031 911455.4932864518
1033 912255.7812138376
1040 912455.5393009632
1041 912871.5247024851
1046 913437.4404724208
1049 914248.0409706873
1051 914324.3523707545
1052 915046.1683587939
1055 915731.0185293582
1057 916579.5488586057
1059 916930.4768787549
1063 917258.1931104389
1067 917541.1013629856
1068 918151.4826935364
1073 918780.6292730971
1074 920825.1661421012
1075 921014.6292015774
1079 921116.1039326064
1083 921712.6584923964
1084 922906.4198276232
1087 922919.8491490444
1088 922929.0032825678
1090 922989.6414603743
1092 923006.0972963530
1095 923077.0468285858
1096 923973.1688404169
1101 924514.8045222121
1105 925022.5170093763
1107 925311.1737815783
1112 925503.6193437944
1116 926035.6744025197
1117 926753.6430266140
1120 927167.4198717126
1121 927848.0666914769
1123 927950.0206920230
1127 928006.7384912206
1128 928975.8049665508
1132 929337.3721039781
1134 929672.1998560483
1135 930581.8042074093
1140 930893.7722647273
1143 931231.3371910567
1145 931351.0943020600
1147 931514.2255424683
1150 931572.6492017384
1155 931956.8149134947
1157 932350.5057530742
1165 933342.2203108986
1169 933469.5877807321
1176 933911.6896848023
1177 934484.1612976053
1178 935013.2759805685
1180 935902.1093969018
1187 935932.0275799492
1188 936905.1844157103
1191 937818.2610367717
1192 938282.9860801352
1196 939181.1422115718
1201 939795.2213802721
1203 939882.8796499928
1209 940141.8475481055
1211 940606.2954828145
1214 940850.2971409431
1217 941681.1872499010
1220 941965.1729746242
1221 942051.6172481660
1223 942898.9340040644
1225 943435.5874228964
1227 944068.4513871017
1229 944369.2119928462
1231 945316.8883354205
1234 945607.1349257845
1236 945696.9898543772
1239 946287.2099790985
1242 946639.4525537395
1247 947147.8833688501
1249 947494.8043043778
1251 948030.6690769944
1255 948383.5271052985
1259 948420.8529371270
1261 949183.9881906111
1262 950136.4087968594
1275 951557.7027786253
1276 951566.3122998883
1277 951733.7192488046
1279 952144.6277078140
1283 952234.5757152566
1285 952382.3972666605
1287 953015.6985905450
1291 953542.0602683621
1297 954492.5401518571
1299 954882.2814982703
1301 955095.0804919313
1302 955904.9321159284
1305 956892.8104797334
1306 957305.4643735236
1307 958257.3248089025
1308 959113.9058469669
1309 959749.6264160010
1313 960203.2163751426
1317 960311.9421711277
1320 961138.3600189739
1323 961300.9999541871
1324 961600.2001059284
1326 961716.5586618412
1329 962275.1935997749
1336 962731.3469179848
1339 963087.3084882768
1343 963131.4663429018
1345 963254.3718252053
1347 963366.0059295251
1349 964170.3061765675
1350 964662.7889902167
1354 965383.8724813170
1358 965625.1220470590
1361 965915.8060267696
1362 966152.6012671249
1367 966736.8985821726
1373 967396.8233773183
1376 967789.1103900094
1378 968457.3893049234
1379 969302.8419293792
1384 970180.4458717558
1385 970913.2715587283
1386 971571.7979617155
1387 971619.4557759208
1393 971899.8005733022
1397 972830.6862606370
1400 973814.2675851902
1401 974438.0960902709
1405 974944.8285489274
1410 975081.4646758480
1414 975147.8282393755
1424 975353.5439795133
1428 976041.2469552255
1430 977157.8960800382
1435 977958.7996221972
1439 978136.8626083772
1445 978560.9386798474
1454 978649.9004375499
1455 979111.2239275430
1462 979586.2347815844
1464 979804.8259120415
1467 979941.4365185889
1471 980192.1488432557
1478 980947.6531415763
1480 981352.2101520962
1481 982181.4347979120
1483 982182.4764593459
1484 982249.8362546774
1486 983013.7123843875
1491 983828.5283839176
1492 984348.4467869679
1499 984948.9589330468
1503 985045.8797267370
1505 985854.1751778554
1507 986319.4253662955
1511 987193.9731264607
1512 987269.2943881281
1519 988021.4591789286
1520 988595.8092460720
1521 988601.0813775958
1522 989018.5213796957
1525 989189.9893551416
1528 989323.9430683103
1531 990251.8562597405
1538 990452.2343434192
1540 990903.6342611315
1543 991703.3401481851
1544 992447.0333379020
1546 992587.4036336795
1549 992852.1339665641
1550 993452.7007657856
1551 993462.0590701893
1554 993873.5727874587
1559 994629.2976222472
1564 995111.7194079133
1565 995823.1633195304
1570 996795.7876856835
1577 997207.0677861742
1584 998025.9897324860
1590 998639.7926310760
1591 999550.9859839900
1598 999561.9750459888
1599 999827.8402059391
1604 1000286.8334278555
1606 1000554.9944657768
1607 1001026.2136080430
1608 1001466.2142218605
1609 1001571.8399387610
1612 1002320.7346640982
1624 1002950.8266682031
1628 1003726.4504192699
1632 1004715.4310693218
1635 1004880.9349277377
1638 1005735.8791098822
1643 1006695.8050645927
1649 1007520.9870457025
1651 1007563.2799150859
1652 1007599.4892393429
1659 1007885.0005660080
1660 1008115.5593009215
1662 1008805.4520237492
1664 1009660.1031557849
1672 1009877.9103408518
1675 1010012.4934258037
1680 1010555.1432710428
1682 1011052.6036130948
1685 1011330.6903725271
1689 1011512.2389723539
1691 1011552.3042314606
1694 1011555.3301839910
1696 1012420.6499200617
1698 1012576.4119167561
1701 1012966.1131868036
1706 1012981.8238457784
1707 1013913.0738095477
1709 1014624.0437546365
1711 1014795.4745774834
1712 1015656.5112313110
1715 1016578.0327153306
1728 1016977.1813618898
1730 1017155.3697378420
1731 1018719.7516572240
1732 1019789.0157450903
1734 1019837.5281902658
1738 1019872.3060950681
1746 1020563.6942761573
1749 1020891.7510539627
1750 1021352.4073852225
1753 1022122.4718841173
1755 1022511.8136286547
1756 1023073.2529183293
1757 1023287.8561040302
1760 1023464.4210926368
1771 1023923.5945174461
1772 1024697.7225064966
1775 1025111.1845011755
1780 1025840.3435593465
1783 1025918.9776613902
1786 1025982.7146814765
1789 1026839.4703708085
1790 1027074.8642058440
1792 1027447.9171006272
1798 1028176.5221234501
1801 1028402.8132577296
1803 1029009.7448233686
1806 1029161.2322938092
1809 1029163.1695385514
1811 1029587.7643539406
1828 1030130.6851651857
1833 1030891.1978002830
1836 1031059.8021113317
1838 1031362.6286698014
1844 1032049.6127245602
1846 1032398.3219091295
1847 1032680.1719917132
1861 1033365.0807961012
1864 1033446.0213412958
1866 1034053.9591685815
1875 1034769.7596954937
1878 1034811.3066046105
1886 1036533.9271849901
1887 1036853.0153905869
1893 1036889.9902450576
1897 1037196.9219528020
1904 1038093.3422964826
1908 1039220.9302614752
1911 1039979.9608166385
1924 1040703.3871359265
1927 1040910.9079149265
1929 1041586.1658226837
1930 1042447.6678601899
1938 1042999.0634919736
1953 1043355.4644803640
1954 1043890.3360062850
1955 1044396.1434697137
1956 1044485.4436879973
1965 1044734.3464158047
1966 1045519.8605463300
1971 1045839.9664241092
1983 1046744.6302634571
1987 1047636.7597240035
1988 1048241.0377138283
1991 1050059.4829276223
1993 1050437.0820581408
1994 1051321.3804187516
1996 1051443.8631618635
2010 1052031.4354886592
2011 1052249.5470267267
2013 1052542.7939838469
2017 1052635.9619983081
2020 1052716.8497417611
2024 1053198.6102253410
2028 1053324.7696702613
2032 1053547.9627988031
2038 1053810.7368133145
2043 1054506.9063422973
2044 1054783.9459329047
2058 1055227.9250514659
2063 1055360.2799025197
2064 1055498.1034787111
2066 1056268.3152756670
2070 1056846.4542632487
2073 1057835.0979077891
2079 1058022.7642711720
2085 1058041.0713877783
2086 1058176.0229677912
2094 1058452.6607491788
2101 1058933.0252087067
2102 1059816.0568243193
2115 1060377.3536066373
2124 1061048.9571644743
2130 1061567.4541381076
2133 1061601.7437818961
2143 1061697.7411856384
2144 1062128.1106956662
2145 1062209.8035340379
2148 1062724.7807523746
2151 1063347.3375216571
2170 1063469.5872018961
2173 1063704.3706843285
2175 1063817.2029486108
2186 1064581.3916977383
2189 1065085.0363267222
2191 1065345.3710034650
2192 1065345.7686826484
2198 1065836.6587752146
2206 1066380.7318284733
2211 1067205.6579984385
2214 1068131.8956913422
2219 1068476.1458351223
2226 1068480.2795128990
2230 1069203.7233556679
2232 1069697.4797249506
2238 1070675.6813960837
2245 1070748.7890527581
2246 1071095.5589808328
2249 1071104.1736128135
2252 1071145.3997665804
2253 1071487.8223751534
2264 1071744.2600865958
2265 1071747.9545786984
2270 1072603.0456017873
2272 1072651.0661172606
2278 1072931.0669806085
2283 1073914.3286942134
2288 1074726.5748716975
2298 1075283.0158789628
2305 1075370.8316896635
2309 1075840.4705732558
2312 1076262.7687625261
2318 1077223.5115776679
2322 1077227.6228055062
2330 1077292.3417027313
2331 1077421.6995046570
2333 1077554.9200796138
2335 1077718.7511678294
2339 1078302.1639434015
2353 1079292.4104836814
2357 1079978.4922113379
2359 1080680.7155511237
2360 1080889.4886488752
2369 1081376.7090517902
2370 1081436.0468941070
2379 1082087.8437896781
2382 1082313.1737207212
2386 1083030.1418493700
2388 1083484.2705037168
2389 1083700.4140453276
2394 1083991.8597582977
2404 1084236.6065700606
2415 1085229.1931906617
2419 1085272.1876603705
2430 1085496.1330424112
2439 1086317.4833964403
2444 1086911.1323928114
2449 1087602.9241589247
2451 1087740.7708212256
2454 1087991.0775368116
2467 1088687.4640344051
2468 1089681.0771350923
2473 1089698.6352989092
2478 1090312.2439376740
2482 1090426.5357217048
2484 1090723.7299457069
2490 1090775.6105126932
2495 1090839.9874908875
2500 1092317.2287442479
2505 1092630.4278522304
2506 1092830.0851142409
2507 1092856.2447653108
2508 1093256.9948935052
2537 1093845.8993221368
2542 1094233.6160109227
2549 1094711.8010480003
2551 1094874.1226795607
2553 1095112.0823823309
2557 1095476.8320818471
2566 1096407.3371309852
2567 1097345.4160445235
2574 1097899.0012367861
2592 1097985.4784617319
2593 1098503.1811008013
2601 1099259.4613917451
2607 1100018.4633637082
2609 1100235.3141991831
2615 1100754.4114864056
2616 1100826.1478764771
2619 1101086.3914702549
2621 1101181.3095463000
2623 1101381.9631746653
2638 1101726.9649772611
2643 1102183.1823204937
2647 1102745.2803638673
2652 1103499.0994629075
2654 1103763.6348317927
2655 1104049.7544834726
2660 1104171.7357323742
2670 1104811.9952838824
2671 1105249.4521236587
2679 1105570.3638910255
2685 1105796.5683160503
2691 1106164.2762738185
2694 1107127.1366600343
2700 1107257.8794615739
2709 1107519.4111946453
2710 1107697.4582581529
2712 1107947.9222640288
2716 1107966.7269648139
2717 1108874.5460182233
2720 1109526.3683007513
2725 1109616.7554047322
2726 1110185.4799077942
2730 1111334.5762660860
2732 1112244.1739361619
2735 1112601.3448417408
2738 1112848.7964982935
2741 1113065.7048581776
2742 1113505.2116490526
2744 1114422.6393675443
2745 1115185.8875622903
2747 1115950.5634786312
2768 1116255.8200722968
2770 1117214.0104621870
2790 1117661.4521834217
2793 1118322.9794524673
2805 1119238.8178784121
2806 1119710.1873339799
2820 1119743.5124462985
2826 1120517.1959412312
2827 1120675.1808833540
2832 1120784.3916618500
2844 1120785.7069736458
2860 1121434.2295087578
2862 1121638.6903788380
2865 1121776.5823667655
2866 1122579.9657374045
2867 1122804.4283173876
2872 1123098.5493498622
2874 1123504.2248581590
2880 1124449.0120312003
2887 1124508.6323989215
2889 1125021.5056212954
2891 1125815.2902205738
2896 1125876.8478541204
2899 1126489.0024981836
2906 1127041.8345920308
2908 1127379.3210272081
2915 1127487.1670178482
2921 1127816.6934291674
2924 1128001.1430779127
2928 1128274.1859815451
2931 1128368.9330237391
2934 1129053.3253593326
2935 1130870.5742068812
2943 1130987.9120478132
2955 1131293.1334159444
2961 1131308.4243502610
2972 1132255.6266610834
2974 1133663.2074860011
2979 1134652.2473082868
2980 1135561.1303538461
2988 1135602.0650652128
2991 1135993.2926494831
2994 1136688.6687758227
3002 1137549.7479013125
3003 1137589.7440337776
3007 1138399.4492629846
3013 1138614.8155022983
3015 1139606.8278390116
3017 1139655.7521484757
3018 1140612.9203583861
3023 1141444.3937209358
3025 1142288.3698725435
3030 1142412.4532139022
3039 1142728.8541684044
3043 1142810.5611238598
3044 1143038.6237337675
3046 1143566.4915943507
3054 1143975.3104226608
3057 1144156.8833065482
3063 1144491.0910845816
3067 1144686.5544965358
3069 1144797.8743799676
3083 1145425.3266989198
3085 1145909.3387145507
3088 1146712.1459273389
3092 1147305.1006968727
3099 1147887.0028719830
3103 1148277.1758299100
3117 1148571.3953782127
3122 1148673.8715420992
3124 1149373.9542269758
3126 1149467.2761284444
3127 1149999.0018342987
3128 1150287.9990374791
3139 1150625.4332025505
3155 1151445.0301859507
3159 1151691.9936967830
3162 1152378.2017740575
3166 1153022.4964424151
3174 1153496.2424352439
3176 1154463.7096550069
3183 1154510.3014470956
3184 1154814.6918685082
3189 1155125.7712215837
3193 1156016.5537783951
3201 1156045.8342303063
3203 1156161.2463405929
3208 1156383.7931552224
3223 1156903.8532690397
3225 1157838.4671213625
3227 1158236.9289991318
3228 1158954.4639180687
3237 1159695.5603672641
3241 1159798.5496981053
3242 1159903.7542230762
3245 1160547.4560521841
3250 1161339.1774131914
3262 1161506.3382819432
3265 1162055.2248011779
3269 1162290.5694458997
3272 1162792.9707644398
3279 1163298.8916142585
3284 1163728.7670293206
3286 1164367.1479369781
3287 1164997.3942365898
3292 1165649.7393380899
3294 1166234.4250904382
3300 1166462.8837924425
3301 1167066.1954105080
3305 1167500.3137247907
3309 1167560.6820059454
3317 1168029.6395475771
3319 1168786.0759907656
3325 1169670.5734670679
3328 1169855.1781187830
3336 1170596.6212597608
3367 1171501.3701782695
3378 1172438.2792342100
3380 1172639.2465608714
3382 1172941.4416431156
3384 1173799.5697363168
3385 1174101.2497365342
3386 1174345.1995279393
3401 1174613.2512581244
3411 1175051.1036518211
3425 1175380.7162054074
3439 1175582.9636770117
3440 1176444.0244735086
3445 1177002.5628086473
3460 1177657.5616636164
3465 1177877.9078508012
3468 1178539.9912667694
3479 1178900.6548363056
3481 1178977.7882550333
3482 1179299.6718196694
3491 1180156.7988846584
3495 1180824.4801134570
3510 1180826.6691208114
3511 1181569.1106006461
3513 1182187.1782229631
3515 1182762.4607760166
3525 1183810.1656995909
3530 1184585.9281200741
3531 1184778.3884929956
3541 1185018.2212819094
3545 1185030.6507355880
3547 1185253.4112097044
3557 1185465.7481885927
3561 1185718.3354374398
3579 1186480.0087284495
3597 1186850.6724993670
3621 1187139.2443462124
3629 1187744.7601230124
3644 1188324.5566518062
3646 1189119.0782464843
3662 1189634.2790144002
3671 1190040.9346605309
3680 1190640.2180224506
3682 1190729.4898830310
3683 1191434.0183023459
3686 1192219.5735733930
3700 1192576.7371007770
3709 1192840.8850488970
3711 1192957.9031019858
3716 1193401.3737381410
3724 1194161.7742735466
3744 1194857.0549458619
3773 1194973.7005157415
3775 1195568.6410592888
3791 1196422.3113467309
3792 1197316.5119763226
3797 1197533.2439876874
3813 1198030.2432311836
3815 1198111.5867626681
3822 1198747.8774067715
3840 1199558.0795733142
3846 1200087.2351507032
3850 1200663.6726199491
3858 1200856.3106705300
3889 1200937.8126535036
3893 1201907.5541517690
3895 1202401.4150231096
3896 1202568.2228220080
3898 1203286.7239350511
3903 1203709.3086376886
3921 1204625.1392227542
3923 1205485.5866188682
3929 1205544.6426834485
3932 1206082.9122306763
3934 1206740.6232925626
3935 1207099.7936418087
3943 1207796.4482809973
3951 1208555.3998691000
3954 1209308.5914576293
3969 1209649.2061509211
3972 1210039.0208412779
3981 1210584.7398093261
3983 1210928.3945304600
3988 1211829.1032883376
3996 1211858.9985638589
3998 1212005.2922858270
4014 1212690.1302450949
4015 1212712.3664166539
4018 1213307.9634016294
4025 1213899.0493171171
4028 1214514.7684360275
4034 1214516.9467880037
4035 1215113.0048093116
4046 1215611.9087827757
4047 1216124.9219883261
4058 1216546.1045979115
4059 1216831.4415729034
4066 1217400.3298608081
4070 1217740.8348936622
4073 1217949.3579839368
4093 1217994.3224865089
4101 1219236.3651209935
4124 1219970.3523145164
4136 1220507.4888977322
4142 1221109.1176593415
4145 1222079.9780552413
4153 1222954.9089528774
4155 1223610.7249467182
4157 1223766.6326082714
4162 1223767.0418998436
4175 1223931.0199189594
4185 1224251.3921039822
4197 1224635.4711771724
4201 1225211.0018504551
4203 1225792.9219300146
4206 1226179.9671531615
4210 1226854.5778727983
4221 1227091.2448344869
4234 1227238.4604267294
4237 1227481.1554548941
4244 1228425.9547215647
4245 1229202.4799773516
4255 1229519.2791894616
4273 1230072.0638125639
4295 1230667.7339809884
4302 1231072.7165385545
4319 1231872.6404684840
4336 1231958.5195429993
4338 1232792.1846111775
4359 1232964.9866776098
4373 1233895.9927847842
4382 1234019.2514196269
4390 1234430.5907273483
4410 1235096.7435570306
4415 1235261.4961462934
4416 1235354.7297366383
4419 1235398.9232196808
4425 1236357.3377697284
4427 1236600.8637310944
4429 1236740.9411971685
4441 1236835.8671286760
4459 1237376.0821901823
4472 1237644.8231663259
4478 1237738.0538858445
4491 1237915.6658675517
4494 1237957.0094511486
4500 1238064.9473283354
4515 1238369.1678919243
4526 1238970.9992027907
4530 1239623.8553822725
4537 1240489.1681987906
4543 1240801.7643482094
4581 1241664.8811106025
4591 1241893.2081359078
4596 1242688.9924882490
4609 1243841.1720384934
4611 1244184.7706650258
4629 1244739.3673259872
4646 1245055.9948546318
4648 1245057.2309662262
4655 1245079.2848369293
4667 1245847.9258917903
4674 1245965.1389635408
4676 1246498.1258671067
4680 1246714.0785749259
4685 1247020.6084337935
4699 1247818.3515934979
4717 1248044.6696424098
4726 1248367.9449982711
4740 1248917.0302145660
4761 1249197.1181760535
4767 1249468.7493107002
4782 1250070.3856050372
4788 1250419.4671457496
4789 1251085.0218340971
4802 1251523.9254981983
4810 1252320.6685859901
4816 1252497.3349716975
4817 1253488.1626474175
4823 1253498.1604241778
4826 1253666.2793414132
4835 1254010.8522248396
4839 1254978.1148080425
4840 1255146.9800664585
4875 1255552.5280087418
4876 1255808.6679825936
4894 1256688.9171582423
4896 1256933.1917315687
4908 1256965.4117399296
4910 1257177.4751502657
4915 1257846.1083050305
4920 1258215.0080901436
4926 1258621.9943929843
4937 1258706.3335935585
4939 1258805.5760568499
4946 1258851.4837875352
4950 1258898.7868330723
4982 1259129.7876865838
4992 1260072.2325015767
5005 1260081.1915262053
5024 1260171.3714743340
5043 1261063.2464340210
5044 1261710.3239471263
5074 1261745.1392543807
5093 1261874.4611630838
5099 1262374.4932610975
5107 1262589.6552472557
5115 1263312.9075060338
5160 1263501.3183865517
5164 1264385.7008183871
5166 1264387.2760154386
5172 1264578.7690745899
5179 1264865.3536886994
5208 1265349.3180788003
5219 1265898.8047667101
5233 1265928.9619124052
5234 1266680.7286459154
5241 1266986.0394717578
5248 1267392.6655224767
5258 1267896.6015055163
5260 1268294.3783794818
5274 1268603.6096988244
5277 1268697.9098686541
5279 1268847.6727125305
5294 1269046.3633034891
5299 1269478.1771651313
5323 1269914.2131115713
5327 1270179.6321898005
5332 1270501.6327457230
5335 1270705.0264545672
5347 1271119.1107397431
5356 1271596.8684742546
5358 1271715.1971205862
5363 1271922.5541753038
5365 1272541.6290399837
5371 1272972.3663327298
5373 1272985.0358830488
5384 1273248.5850849319
5396 1273953.1587327053
5408 1273967.2958631909
5421 1274125.3737770342
5441 1274176.2128454761
5467 1274289.2806063751
5470 1274820.9226537559
5475 1275216.9878281953
5498 1275231.1996807223
5508 1275312.1587028238
5511 1275869.4339474163
5519 1275968.4324054103
5554 1276259.2841793867
5555 1277105.2518897713
5571 1277221.5301082118
5576 1277269.1960617860
5587 1277301.2808444300
5588 1277774.9367596551
5589 1277779.2307592391
5590 1277779.3894214043
5619 1278226.6632503346
5635 1278329.4604970147
5656 1278395.0336801785
5660 1278517.4125871914
5663 1278609.1685562865
5676 1278954.7183061547
5708 1279230.5244806551
5709 1279413.5492998946
5712 1280265.2582679794
5715 1280729.5818328743
5741 1281141.5623214555
5762 1281185.8217066787
5784 1281267.3761462583
5789 1281438.0354796075
5802 1281612.8679088682
5803 1282563.9277113732
5807 1283429.6464484544
5814 1284361.1088208838
5827 1284576.8897314915
5887 1285078.3237381687
5906 1285464.6239347691
5933 1286035.3101000488
5943 1286068.6576932361
5945 1286718.3671323329
5947 1287309.4612804998
5985 1287627.0297294140
5988 1287785.3444554077
5992 1287789.5136420361
6002 1288084.2801348639
6005 1288623.9449702653
6010 1289235.1239785571
6024 1289646.3128714799
6028 1289763.8212361292
6057 1290160.4434430071
6059 1290203.2615945814
6060 1290462.7675298806
6073 1291051.8156491504
6148 1291347.9363202266
6156 1291350.1815156224
6158 1291659.7603745207
6184 1291878.2900396576
6191 1292570.8479497277
6219 1293059.3976088997
6304 1293615.5025228907
6463 1293618.0459667554
6511 1293706.8149015699
6569 1293797.1999514017
6597 1293823.0056701852
6649 1294279.3316288260
6650 1294572.5480897531
6669 1294574.9376412041
6670 1294621.1427677867
6706 1295140.7301091731
6791 1295460.5134666429
6977 1295702.3057862539
6998 1296121.4562639627
7078 1296571.1183103314
7124 1296572.4740481144
7129 1297109.9674442415
7161 1297140.3931531017
7172 1297329.6361206300
7174 1297690.9202340941
7213 1298044.0260956923
7241 1298295.2399800553
7328 1298617.2082285043
7406 1298621.4386416508
7410 1298653.3293435774
7418 1299191.7418045963
7428 1299473.5826743518
7435 1299914.1037016334
7602 1300244.5094887330
7673 1300480.0972886728
7674 1300912.9726907276
7678 1301313.5535038793
7731 1301420.2779480387
7754 1301889.0337802281
7772 1302230.1761150197
7773 1302768.8877474035
7784 1302851.3934002828
7824 1303734.0405397310
7976 1304131.0478610555
7978 1304722.3855545984
8027 1305076.6488991342
8117 1305784.5066368491
8122 1306044.3485865500
8124 1306194.9367430508
8224 1306688.6639684467
8234 1306868.7465443828
8339 1307007.5708524762
8356 1307519.1436608396
8388 1308064.8965198079
8765 1308066.1114000531
8791 1308307.8261748985
8797 1308587.2085123789
8835 1308609.3241387035
8836 1308785.7045428618
8925 1308785.8563871770
8928 1309033.6161760469
8965 1309416.3358671183
8975 1309638.3022128970
9111 1309724.5271490007
9157 1310503.2441881585
9179 1310718.5763808866
9182 1310934.1978916063
9223 1311224.3782014046
9243 1311519.0676345900
9547 1311623.6733905806
9568 1311629.4571535380
9585 1312192.3126232980
9591 1312337.7132914283
9770 1312551.0840326315
9832 1312733.8484404774
9837 1313561.0448858321
9936 1313643.7442219742
9956 1313827.6386637434
9961 1313858.5789581281
9974 1314097.2711590612
10000 1313182.5123934683
