# evaluation best
1 25.0
2 29.0
3 41.0
4 41.0
5 41.0
6 41.0
7 41.0
8 41.0
9 41.0
10 41.0
11 41.0
12 41.0
13 41.0
14 41.0
15 41.0
16 41.0
17 41.0
18 41.0
19 41.0
20 41.0
21 41.0
22 41.0
23 41.0
24 41.0
25 41.0
26 41.0
27 41.0
28 41.0
29 41.0
30 41.0
31 41.0
32 41.0
33 41.0
34 41.0
35 41.0
36 41.0
37 41.0
38 41.0
39 41.0
40 41.0
41 41.0
42 41.0
43 41.0
44 41.0
45 41.0
46 41.0
47 41.0
48 41.0
49 41.0
50 41.0
51 41.0
52 41.0
53 41.0
54 41.0
55 41.0
56 41.0
57 41.0
58 41.0
59 41.0
60 41.0
61 41.0
62 41.0
63 41.0
64 41.0
65 41.0
66 41.0
67 41.0
68 41.0
69 41.0
70 41.0
71 41.0
72 41.0
73 41.0
74 41.0
75 41.0
76 41.0
77 41.0
78 41.0
79 52.0
80 52.0
81 52.0
82 52.0
83 52.0
84 52.0
85 52.0
86 52.0
87 52.0
88 52.0
89 52.0
90 52.0
91 52.0
92 52.0
93 52.0
94 52.0
95 52.0
96 52.0
97 52.0
98 52.0
99 52.0
100 52.0
101 52.0
102 52.0
103 52.0
104 52.0
105 52.0
106 52.0
107 52.0
108 52.0
109 52.0
110 52.0
111 52.0
112 52.0
113 52.0
114 52.0
115 52.0
116 52.0
117 52.0
118 52.0
119 52.0
120 52.0
121 52.0
122 52.0
123 52.0
124 52.0
125 52.0
126 52.0
127 52.0
128 52.0
129 52.0
130 52.0
131 52.0
132 52.0
133 52.0
134 52.0
135 52.0
136 52.0
137 52.0
138 52.0
139 52.0
140 52.0
141 52.0
142 52.0
143 52.0
144 52.0
145 52.0
146 52.0
147 52.0
148 52.0
149 52.0
150 52.0
151 52.0
152 52.0
153 52.0
154 52.0
155 52.0
156 52.0
157 52.0
158 52.0
159 52.0
160 52.0
161 52.0
162 52.0
163 52.0
164 52.0
165 52.0
166 52.0
167 52.0
168 52.0
169 52.0
170 52.0
171 52.0
172 52.0
173 52.0
174 52.0
175 52.0
176 52.0
177 52.0
178 52.0
179 52.0
180 52.0
181 52.0
182 52.0
183 52.0
184 52.0
185 52.0
186 52.0
187 52.0
188 52.0
189 52.0
190 52.0
191 52.0
192 52.0
193 52.0
194 52.0
195 52.0
196 52.0
197 52.0
198 52.0
199 52.0
200 52.0
201 52.0
202 52.0
203 52.0
204 52.0
205 52.0
206 52.0
207 52.0
208 52.0
209 52.0
210 52.0
211 52.0
212 52.0
213 52.0
214 52.0
215 52.0
216 52.0
217 52.0
218 52.0
219 52.0
220 52.0
221 52.0
222 52.0
223 52.0
224 52.0
225 52.0
226 52.0
227 52.0
228 52.0
229 52.0
230 52.0
231 52.0
232 52.0
233 52.0
234 52.0
235 52.0
236 52.0
237 52.0
238 52.0
239 52.0
240 52.0
241 52.0
242 52.0
243 52.0
244 52.0
245 52.0
246 52.0
247 52.0
248 52.0
249 52.0
250 52.0
251 52.0
252 52.0
253 52.0
254 52.0
255 52.0
256 52.0
257 52.0
258 52.0
259 52.0
260 52.0
261 52.0
262 52.0
263 52.0
264 52.0
265 52.0
266 52.0
267 52.0
268 52.0
269 52.0
270 52.0
271 52.0
272 52.0
273 52.0
274 52.0
275 52.0
276 52.0
277 52.0
278 52.0
279 52.0
280 52.0
281 52.0
282 52.0
283 52.0
284 52.0
285 52.0
286 52.0
287 52.0
288 52.0
289 52.0
290 52.0
291 52.0
292 52.0
293 52.0
294 52.0
295 52.0
296 52.0
297 52.0
298 52.0
299 52.0
300 52.0
301 52.0
302 52.0
303 52.0
304 52.0
305 52.0
306 52.0
307 52.0
308 52.0
309 52.0
310 52.0
311 52.0
312 52.0
313 52.0
314 52.0
315 52.0
316 52.0
317 52.0
318 52.0
319 52.0
320 52.0
321 52.0
322 52.0
323 52.0
324 52.0
325 52.0
326 52.0
327 52.0
328 52.0
329 52.0
330 52.0
331 52.0
332 52.0
333 52.0
334 52.0
335 52.0
336 52.0
337 52.0
338 52.0
339 52.0
340 52.0
341 52.0
342 52.0
343 52.0
344 52.0
345 52.0
346 52.0
347 52.0
348 66.0
349 66.0
350 66.0
351 66.0
352 66.0
353 66.0
354 66.0
355 66.0
356 66.0
357 66.0
358 66.0
359 66.0
360 66.0
361 66.0
362 66.0
363 66.0
364 66.0
365 66.0
366 66.0
367 66.0
368 66.0
369 66.0
370 66.0
371 66.0
372 66.0
373 66.0
374 66.0
375 66.0
376 66.0
377 66.0
378 66.0
379 66.0
380 66.0
381 66.0
382 66.0
383 66.0
384 66.0
385 66.0
386 66.0
387 66.0
388 66.0
389 66.0
390 66.0
391 66.0
392 66.0
393 66.0
394 66.0
395 66.0
396 66.0
397 66.0
398 66.0
399 66.0
400 66.0
401 66.0
402 66.0
403 66.0
404 66.0
405 66.0
406 66.0
407 66.0
408 66.0
409 66.0
410 66.0
411 66.0
412 66.0
413 66.0
414 66.0
415 66.0
416 66.0
417 66.0
418 66.0
419 66.0
420 66.0
421 66.0
422 66.0
423 66.0
424 66.0
425 66.0
426 66.0
427 66.0
428 66.0
429 66.0
430 66.0
431 66.0
432 66.0
433 66.0
434 66.0
435 66.0
436 66.0
437 66.0
438 66.0
439 66.0
440 66.0
441 66.0
442 66.0
443 66.0
444 66.0
445 66.0
446 66.0
447 66.0
448 66.0
449 66.0
450 66.0
451 66.0
452 66.0
453 66.0
454 66.0
455 66.0
456 66.0
457 66.0
458 66.0
459 66.0
460 66.0
461 66.0
462 66.0
463 66.0
464 66.0
465 66.0
466 66.0
467 66.0
468 66.0
469 66.0
470 66.0
471 66.0
472 66.0
473 66.0
474 66.0
475 66.0
476 66.0
477 66.0
478 66.0
479 66.0
480 66.0
481 66.0
482 66.0
483 66.0
484 66.0
485 66.0
486 66.0
487 66.0
488 66.0
489 66.0
490 66.0
491 66.0
492 66.0
493 66.0
494 66.0
495 66.0
496 66.0
497 66.0
498 66.0
499 66.0
500 66.0
501 66.0
502 66.0
503 66.0
504 66.0
505 66.0
506 66.0
507 66.0
508 66.0
509 66.0
510 66.0
511 66.0
512 66.0
513 66.0
514 66.0
515 66.0
516 66.0
517 66.0
518 66.0
519 66.0
520 66.0
521 66.0
522 66.0
523 66.0
524 66.0
525 66.0
526 66.0
527 66.0
528 66.0
529 66.0
530 66.0
531 66.0
532 66.0
533 66.0
534 66.0
535 66.0
536 66.0
537 66.0
538 66.0
539 66.0
540 66.0
541 66.0
542 66.0
543 66.0
544 66.0
545 66.0
546 66.0
547 66.0
548 66.0
549 66.0
550 66.0
551 66.0
552 66.0
553 66.0
554 66.0
555 66.0
556 66.0
557 66.0
558 66.0
559 66.0
560 66.0
561 66.0
562 66.0
563 66.0
564 66.0
565 66.0
566 66.0
567 66.0
568 66.0
569 66.0
570 66.0
571 66.0
572 66.0
573 66.0
574 66.0
575 66.0
576 66.0
577 66.0
578 66.0
579 66.0
580 66.0
581 66.0
582 66.0
583 66.0
584 66.0
585 66.0
586 66.0
587 66.0
588 66.0
589 66.0
590 66.0
591 66.0
592 66.0
593 66.0
594 66.0
595 66.0
596 66.0
597 66.0
598 66.0
599 66.0
600 66.0
601 66.0
602 66.0
603 66.0
604 66.0
605 66.0
606 66.0
607 66.0
608 66.0
609 66.0
610 66.0
611 66.0
612 66.0
613 66.0
614 66.0
615 66.0
616 66.0
617 66.0
618 66.0
619 66.0
620 66.0
621 66.0
622 66.0
623 66.0
624 66.0
625 66.0
626 66.0
627 66.0
628 66.0
629 66.0
630 66.0
631 66.0
632 66.0
633 66.0
634 66.0
635 66.0
636 66.0
637 66.0
638 66.0
639 66.0
640 66.0
641 66.0
642 66.0
643 66.0
644 66.0
645 66.0
646 66.0
647 66.0
648 66.0
649 66.0
650 66.0
651 66.0
652 66.0
653 66.0
654 66.0
655 66.0
656 66.0
657 66.0
658 66.0
659 66.0
660 66.0
661 66.0
662 66.0
663 66.0
664 66.0
665 66.0
666 66.0
667 66.0
668 66.0
669 66.0
670 66.0
671 66.0
672 66.0
673 66.0
674 66.0
675 66.0
676 66.0
677 66.0
678 66.0
679 66.0
680 66.0
681 66.0
682 66.0
683 66.0
684 66.0
685 66.0
686 66.0
687 66.0
688 66.0
689 66.0
690 66.0
691 66.0
692 66.0
693 66.0
694 66.0
695 66.0
696 66.0
697 66.0
698 66.0
699 66.0
700 66.0
701 66.0
702 66.0
703 66.0
704 66.0
705 66.0
706 66.0
707 66.0
708 66.0
709 66.0
710 66.0
711 66.0
712 66.0
713 66.0
714 66.0
715 66.0
716 66.0
717 66.0
718 66.0
719 66.0
720 66.0
721 66.0
722 66.0
723 66.0
724 66.0
725 66.0
726 66.0
727 66.0
728 66.0
729 66.0
730 66.0
731 66.0
732 66.0
733 66.0
734 66.0
735 66.0
736 66.0
737 66.0
738 66.0
739 66.0
740 66.0
741 66.0
742 66.0
743 66.0
744 66.0
745 66.0
746 66.0
747 66.0
748 66.0
749 66.0
750 66.0
751 66.0
752 66.0
753 66.0
754 66.0
755 66.0
756 66.0
757 66.0
758 66.0
759 66.0
760 66.0
761 66.0
762 66.0
763 66.0
764 66.0
765 66.0
766 66.0
767 66.0
768 66.0
769 66.0
770 66.0
771 66.0
772 66.0
773 66.0
774 66.0
775 66.0
776 66.0
777 66.0
778 66.0
779 66.0
780 66.0
781 66.0
782 66.0
783 66.0
784 66.0
785 66.0
786 66.0
787 66.0
788 66.0
789 66.0
790 66.0
791 66.0
792 66.0
793 66.0
794 66.0
795 66.0
796 66.0
797 66.0
798 66.0
799 66.0
800 66.0
801 66.0
802 66.0
803 66.0
804 66.0
805 66.0
806 66.0
807 66.0
808 66.0
809 66.0
810 66.0
811 66.0
812 66.0
813 66.0
814 66.0
815 66.0
816 66.0
817 66.0
818 66.0
819 66.0
820 66.0
821 66.0
822 66.0
823 66.0
824 66.0
825 66.0
826 66.0
827 66.0
828 66.0
829 66.0
830 66.0
831 66.0
832 66.0
833 66.0
834 66.0
835 66.0
836 66.0
837 66.0
838 66.0
839 66.0
840 66.0
841 66.0
842 66.0
843 66.0
844 66.0
845 66.0
846 66.0
847 66.0
848 66.0
849 66.0
850 66.0
851 66.0
852 66.0
853 66.0
854 66.0
855 66.0
856 66.0
857 66.0
858 66.0
859 66.0
860 66.0
861 66.0
862 66.0
863 66.0
864 66.0
865 66.0
866 66.0
867 66.0
868 66.0
869 66.0
870 66.0
871 66.0
872 66.0
873 66.0
874 66.0
875 66.0
876 66.0
877 66.0
878 66.0
879 66.0
880 66.0
881 66.0
882 66.0
883 66.0
884 66.0
885 66.0
886 66.0
887 66.0
888 66.0
889 66.0
890 66.0
891 66.0
892 66.0
893 66.0
894 66.0
895 66.0
896 66.0
897 66.0
898 66.0
899 66.0
900 66.0
901 66.0
902 66.0
903 66.0
904 66.0
905 66.0
906 66.0
907 66.0
908 66.0
909 66.0
910 66.0
911 66.0
912 66.0
913 66.0
914 66.0
915 66.0
916 66.0
917 66.0
918 66.0
919 66.0
920 66.0
921 66.0
922 66.0
923 66.0
924 66.0
925 66.0
926 66.0
927 66.0
928 66.0
929 66.0
930 66.0
931 66.0
932 66.0
933 66.0
934 66.0
935 66.0
936 66.0
937 66.0
938 66.0
939 66.0
940 66.0
941 66.0
942 66.0
943 66.0
944 66.0
945 66.0
946 66.0
947 66.0
948 66.0
949 66.0
950 66.0
951 66.0
952 66.0
953 66.0
954 66.0
955 66.0
956 66.0
957 66.0
958 66.0
959 66.0
960 66.0
961 66.0
962 66.0
963 66.0
964 66.0
965 66.0
966 66.0
967 66.0
968 66.0
969 66.0
970 66.0
971 66.0
972 66.0
973 66.0
974 66.0
975 66.0
976 66.0
977 66.0
978 66.0
979 66.0
980 66.0
981 66.0
982 66.0
983 66.0
984 66.0
985 66.0
986 66.0
987 66.0
988 66.0
989 66.0
990 66.0
991 66.0
992 66.0
993 66.0
994 66.0
995 66.0
996 66.0
997 66.0
998 66.0
999 66.0
1000 66.0
1001 66.0
1002 66.0
1003 66.0
1004 66.0
1005 66.0
1006 66.0
1007 66.0
1008 66.0
1009 66.0
1010 66.0
1011 66.0
1012 66.0
1013 66.0
1014 66.0
1015 66.0
1016 66.0
1017 66.0
1018 66.0
1019 66.0
1020 66.0
1021 66.0
1022 66.0
1023 66.0
1024 66.0
1025 66.0
1026 66.0
1027 66.0
1028 66.0
1029 66.0
1030 66.0
1031 66.0
1032 66.0
1033 66.0
1034 66.0
1035 66.0
1036 66.0
1037 66.0
1038 66.0
1039 66.0
1040 66.0
1041 66.0
1042 66.0
1043 66.0
1044 66.0
1045 66.0
1046 66.0
1047 66.0
1048 66.0
1049 66.0
1050 66.0
1051 66.0
1052 66.0
1053 66.0
1054 66.0
1055 66.0
1056 66.0
1057 66.0
1058 66.0
1059 66.0
1060 66.0
1061 66.0
1062 66.0
1063 66.0
1064 66.0
1065 66.0
1066 66.0
1067 66.0
1068 66.0
1069 66.0
1070 66.0
1071 66.0
1072 66.0
1073 66.0
1074 66.0
1075 66.0
1076 66.0
1077 66.0
1078 66.0
1079 66.0
1080 66.0
1081 66.0
1082 66.0
1083 66.0
1084 66.0
1085 66.0
1086 66.0
1087 66.0
1088 66.0
1089 66.0
1090 66.0
1091 66.0
1092 66.0
1093 66.0
1094 66.0
1095 66.0
1096 66.0
1097 66.0
1098 66.0
1099 66.0
1100 66.0
1101 66.0
1102 66.0
1103 66.0
1104 66.0
1105 66.0
1106 66.0
1107 66.0
1108 66.0
1109 66.0
1110 66.0
1111 66.0
1112 66.0
1113 66.0
1114 66.0
1115 66.0
1116 66.0
1117 66.0
1118 66.0
1119 66.0
1120 66.0
1121 66.0
1122 66.0
1123 66.0
1124 66.0
1125 66.0
1126 66.0
1127 66.0
1128 66.0
1129 66.0
1130 66.0
1131 66.0
1132 66.0
1133 66.0
1134 66.0
1135 66.0
1136 66.0
1137 66.0
1138 66.0
1139 66.0
1140 66.0
1141 66.0
1142 66.0
1143 66.0
1144 66.0
1145 66.0
1146 66.0
1147 66.0
1148 66.0
1149 66.0
1150 66.0
1151 66.0
1152 66.0
1153 66.0
1154 66.0
1155 66.0
1156 66.0
1157 66.0
1158 66.0
1159 66.0
1160 66.0
1161 66.0
1162 66.0
1163 66.0
1164 66.0
1165 66.0
1166 66.0
1167 66.0
1168 66.0
1169 66.0
1170 66.0
1171 66.0
1172 66.0
1173 66.0
1174 66.0
1175 66.0
1176 66.0
1177 66.0
1178 66.0
1179 66.0
1180 66.0
1181 66.0
1182 66.0
1183 66.0
1184 66.0
1185 66.0
1186 66.0
1187 66.0
1188 66.0
1189 66.0
1190 66.0
1191 66.0
1192 66.0
1193 66.0
1194 66.0
1195 66.0
1196 66.0
1197 66.0
1198 66.0
1199 66.0
1200 66.0
1201 66.0
1202 66.0
1203 66.0
1204 66.0
1205 66.0
1206 66.0
1207 66.0
1208 66.0
1209 66.0
1210 66.0
1211 66.0
1212 66.0
1213 66.0
1214 66.0
1215 66.0
1216 66.0
1217 66.0
1218 66.0
1219 66.0
1220 66.0
1221 66.0
1222 66.0
1223 66.0
1224 66.0
1225 66.0
1226 66.0
1227 66.0
1228 66.0
1229 66.0
1230 66.0
1231 66.0
1232 66.0
1233 66.0
1234 66.0
1235 66.0
1236 66.0
1237 66.0
1238 66.0
1239 66.0
1240 66.0
1241 66.0
1242 66.0
1243 66.0
1244 66.0
1245 66.0
1246 66.0
1247 66.0
1248 66.0
1249 66.0
1250 66.0
1251 66.0
1252 66.0
1253 66.0
1254 66.0
1255 66.0
1256 66.0
1257 66.0
1258 66.0
1259 66.0
1260 66.0
1261 66.0
1262 66.0
1263 66.0
1264 66.0
1265 66.0
1266 66.0
1267 66.0
1268 66.0
1269 66.0
1270 66.0
1271 66.0
1272 66.0
1273 66.0
1274 66.0
1275 66.0
1276 66.0
1277 66.0
1278 66.0
1279 66.0
1280 66.0
1281 66.0
1282 66.0
1283 66.0
1284 66.0
1285 66.0
1286 66.0
1287 66.0
1288 66.0
1289 66.0
1290 66.0
1291 66.0
1292 66.0
1293 66.0
1294 66.0
1295 66.0
1296 66.0
1297 66.0
1298 66.0
1299 66.0
1300 66.0
1301 66.0
1302 66.0
1303 66.0
1304 66.0
1305 66.0
1306 66.0
1307 66.0
1308 66.0
1309 66.0
1310 66.0
1311 66.0
1312 66.0
1313 66.0
1314 66.0
1315 66.0
1316 66.0
1317 66.0
1318 66.0
1319 66.0
1320 66.0
1321 66.0
1322 66.0
1323 66.0
1324 66.0
1325 66.0
1326 66.0
1327 66.0
1328 66.0
1329 66.0
1330 66.0
1331 66.0
1332 66.0
1333 66.0
1334 66.0
1335 66.0
1336 66.0
1337 66.0
1338 66.0
1339 66.0
1340 66.0
1341 66.0
1342 66.0
1343 66.0
1344 66.0
1345 66.0
1346 66.0
1347 66.0
1348 66.0
1349 66.0
1350 66.0
1351 66.0
1352 66.0
1353 66.0
1354 66.0
1355 66.0
1356 66.0
1357 66.0
1358 66.0
1359 66.0
1360 66.0
1361 66.0
1362 66.0
1363 66.0
1364 66.0
1365 66.0
1366 66.0
1367 66.0
1368 66.0
1369 66.0
1370 66.0
1371 66.0
1372 66.0
1373 66.0
1374 66.0
1375 66.0
1376 66.0
1377 66.0
1378 66.0
1379 66.0
1380 66.0
1381 66.0
1382 66.0
1383 66.0
1384 66.0
1385 66.0
1386 66.0
1387 66.0
1388 66.0
1389 66.0
1390 66.0
1391 66.0
1392 66.0
1393 66.0
1394 66.0
1395 66.0
1396 66.0
1397 66.0
1398 66.0
1399 66.0
1400 66.0
1401 66.0
1402 66.0
1403 66.0
1404 66.0
1405 66.0
1406 66.0
1407 66.0
1408 66.0
1409 66.0
1410 66.0
1411 66.0
1412 66.0
1413 66.0
1414 66.0
1415 66.0
1416 66.0
1417 66.0
1418 66.0
1419 66.0
1420 66.0
1421 66.0
1422 66.0
1423 66.0
1424 66.0
1425 66.0
1426 66.0
1427 66.0
1428 66.0
1429 66.0
1430 66.0
1431 66.0
1432 66.0
1433 66.0
1434 66.0
1435 66.0
1436 66.0
1437 66.0
1438 66.0
1439 66.0
1440 66.0
1441 66.0
1442 66.0
1443 66.0
1444 66.0
1445 66.0
1446 66.0
1447 66.0
1448 66.0
1449 66.0
1450 66.0
1451 66.0
1452 66.0
1453 66.0
1454 66.0
1455 66.0
1456 66.0
1457 66.0
1458 66.0
1459 66.0
1460 66.0
1461 66.0
1462 66.0
1463 66.0
1464 66.0
1465 66.0
1466 66.0
1467 66.0
1468 66.0
1469 66.0
1470 66.0
1471 66.0
1472 66.0
1473 66.0
1474 66.0
1475 66.0
1476 66.0
1477 66.0
1478 66.0
1479 66.0
1480 66.0
1481 66.0
1482 66.0
1483 66.0
1484 66.0
1485 66.0
1486 66.0
1487 66.0
1488 66.0
1489 66.0
1490 66.0
1491 66.0
1492 66.0
1493 66.0
1494 66.0
1495 66.0
1496 66.0
1497 66.0
1498 66.0
1499 66.0
1500 66.0
1501 66.0
1502 66.0
1503 66.0
1504 66.0
1505 66.0
1506 66.0
1507 66.0
1508 66.0
1509 66.0
1510 66.0
1511 66.0
1512 66.0
1513 66.0
1514 66.0
1515 66.0
1516 66.0
1517 66.0
1518 66.0
1519 66.0
1520 66.0
1521 66.0
1522 66.0
1523 66.0
1524 66.0
1525 66.0
1526 66.0
1527 66.0
1528 66.0
1529 66.0
1530 66.0
1531 66.0
1532 66.0
1533 66.0
1534 66.0
1535 66.0
1536 66.0
1537 66.0
1538 66.0
1539 66.0
1540 66.0
1541 66.0
1542 66.0
1543 66.0
1544 66.0
1545 66.0
1546 66.0
1547 66.0
1548 66.0
1549 66.0
1550 66.0
1551 66.0
1552 66.0
1553 66.0
1554 66.0
1555 66.0
1556 66.0
1557 66.0
1558 66.0
1559 66.0
1560 66.0
1561 66.0
1562 66.0
1563 66.0
1564 66.0
1565 66.0
1566 66.0
1567 66.0
1568 66.0
1569 66.0
1570 66.0
1571 66.0
1572 66.0
1573 66.0
1574 66.0
1575 66.0
1576 66.0
1577 66.0
1578 66.0
1579 66.0
1580 66.0
1581 66.0
1582 66.0
1583 66.0
1584 66.0
1585 66.0
1586 66.0
1587 66.0
1588 66.0
1589 66.0
1590 66.0
1591 66.0
1592 66.0
1593 66.0
1594 66.0
1595 66.0
1596 66.0
1597 66.0
1598 66.0
1599 66.0
1600 66.0
1601 66.0
1602 66.0
1603 66.0
1604 66.0
1605 66.0
1606 66.0
1607 66.0
1608 66.0
1609 66.0
1610 66.0
1611 66.0
1612 66.0
1613 66.0
1614 66.0
1615 66.0
1616 66.0
1617 66.0
1618 66.0
1619 66.0
1620 66.0
1621 66.0
1622 66.0
1623 66.0
1624 66.0
1625 66.0
1626 66.0
1627 66.0
1628 66.0
1629 66.0
1630 66.0
1631 66.0
1632 66.0
1633 66.0
1634 66.0
1635 66.0
1636 66.0
1637 66.0
1638 66.0
1639 66.0
1640 66.0
1641 66.0
1642 66.0
1643 66.0
1644 66.0
1645 66.0
1646 66.0
1647 66.0
1648 66.0
1649 66.0
1650 66.0
1651 66.0
1652 66.0
1653 66.0
1654 66.0
1655 66.0
1656 66.0
1657 66.0
1658 66.0
1659 66.0
1660 66.0
1661 66.0
1662 66.0
1663 66.0
1664 66.0
1665 66.0
1666 66.0
1667 66.0
1668 66.0
1669 66.0
1670 66.0
1671 66.0
1672 66.0
1673 66.0
1674 66.0
1675 66.0
1676 66.0
1677 66.0
1678 66.0
1679 66.0
1680 66.0
1681 66.0
1682 66.0
1683 66.0
1684 66.0
1685 66.0
1686 66.0
1687 66.0
1688 66.0
1689 66.0
1690 66.0
1691 66.0
1692 66.0
1693 66.0
1694 66.0
1695 66.0
1696 66.0
1697 66.0
1698 66.0
1699 66.0
1700 66.0
1701 66.0
1702 66.0
1703 66.0
1704 66.0
1705 66.0
1706 66.0
1707 66.0
1708 66.0
1709 66.0
1710 66.0
1711 66.0
1712 66.0
1713 66.0
1714 66.0
1715 66.0
1716 66.0
1717 66.0
1718 66.0
1719 66.0
1720 66.0
1721 66.0
1722 66.0
1723 66.0
1724 66.0
1725 66.0
1726 66.0
1727 66.0
1728 66.0
1729 66.0
1730 66.0
1731 66.0
1732 66.0
1733 66.0
1734 66.0
1735 66.0
1736 66.0
1737 66.0
1738 66.0
1739 66.0
1740 66.0
1741 66.0
1742 66.0
1743 66.0
1744 66.0
1745 66.0
1746 66.0
1747 66.0
1748 66.0
1749 66.0
1750 66.0
1751 66.0
1752 66.0
1753 66.0
1754 66.0
1755 66.0
1756 66.0
1757 66.0
1758 66.0
1759 66.0
1760 66.0
1761 66.0
1762 66.0
1763 66.0
1764 66.0
1765 66.0
1766 66.0
1767 66.0
1768 66.0
1769 66.0
1770 66.0
1771 66.0
1772 66.0
1773 66.0
1774 66.0
1775 66.0
1776 66.0
1777 66.0
1778 66.0
1779 66.0
1780 66.0
1781 66.0
1782 66.0
1783 66.0
1784 66.0
1785 66.0
1786 66.0
1787 66.0
1788 66.0
1789 66.0
1790 66.0
1791 66.0
1792 66.0
1793 66.0
1794 66.0
1795 66.0
1796 66.0
1797 66.0
1798 66.0
1799 66.0
1800 66.0
1801 66.0
1802 66.0
1803 66.0
1804 66.0
1805 66.0
1806 66.0
1807 66.0
1808 66.0
1809 66.0
1810 66.0
1811 66.0
1812 66.0
1813 66.0
1814 66.0
1815 66.0
1816 66.0
1817 66.0
1818 66.0
1819 66.0
1820 66.0
1821 66.0
1822 66.0
1823 66.0
1824 66.0
1825 66.0
1826 66.0
1827 66.0
1828 66.0
1829 66.0
1830 66.0
1831 66.0
1832 66.0
1833 66.0
1834 66.0
1835 66.0
1836 66.0
1837 66.0
1838 66.0
1839 66.0
1840 66.0
1841 66.0
1842 66.0
1843 66.0
1844 66.0
1845 66.0
1846 66.0
1847 66.0
1848 66.0
1849 66.0
1850 66.0
1851 66.0
1852 66.0
1853 66.0
1854 66.0
1855 66.0
1856 66.0
1857 66.0
1858 66.0
1859 66.0
1860 66.0
1861 66.0
1862 66.0
1863 66.0
1864 66.0
1865 66.0
1866 66.0
1867 66.0
1868 66.0
1869 66.0
1870 66.0
1871 66.0
1872 66.0
1873 66.0
1874 66.0
1875 66.0
1876 66.0
1877 66.0
1878 66.0
1879 66.0
1880 66.0
1881 66.0
1882 66.0
1883 66.0
1884 66.0
1885 66.0
1886 66.0
1887 66.0
1888 66.0
1889 66.0
1890 66.0
1891 66.0
1892 66.0
1893 66.0
1894 66.0
1895 66.0
1896 66.0
1897 66.0
1898 66.0
1899 66.0
1900 66.0
1901 66.0
1902 66.0
1903 66.0
1904 66.0
1905 66.0
1906 66.0
1907 66.0
1908 66.0
1909 66.0
1910 66.0
1911 66.0
1912 66.0
1913 66.0
1914 66.0
1915 66.0
1916 66.0
1917 66.0
1918 66.0
1919 66.0
1920 66.0
1921 66.0
1922 66.0
1923 66.0
1924 66.0
1925 66.0
1926 66.0
1927 66.0
1928 66.0
1929 66.0
1930 66.0
1931 66.0
1932 66.0
1933 66.0
1934 66.0
1935 66.0
1936 66.0
1937 66.0
1938 66.0
1939 66.0
1940 66.0
1941 66.0
1942 66.0
1943 66.0
1944 66.0
1945 66.0
1946 66.0
1947 66.0
1948 66.0
1949 66.0
1950 66.0
1951 66.0
1952 66.0
1953 66.0
1954 66.0
1955 66.0
1956 66.0
1957 66.0
1958 66.0
1959 66.0
1960 66.0
1961 66.0
1962 66.0
1963 66.0
1964 66.0
1965 66.0
1966 66.0
1967 66.0
1968 66.0
1969 66.0
1970 66.0
1971 66.0
1972 66.0
1973 66.0
1974 66.0
1975 66.0
1976 66.0
1977 66.0
1978 66.0
1979 66.0
1980 66.0
1981 66.0
1982 66.0
1983 66.0
1984 66.0
1985 66.0
1986 66.0
1987 66.0
1988 66.0
1989 66.0
1990 66.0
1991 66.0
1992 66.0
1993 66.0
1994 66.0
1995 66.0
1996 66.0
1997 66.0
1998 66.0
1999 66.0
2000 66.0
2001 66.0
2002 66.0
2003 66.0
2004 66.0
2005 66.0
2006 66.0
2007 66.0
2008 66.0
2009 66.0
2010 66.0
2011 66.0
2012 66.0
2013 66.0
2014 66.0
2015 66.0
2016 66.0
2017 66.0
2018 66.0
2019 66.0
2020 66.0
2021 66.0
2022 66.0
2023 66.0
2024 66.0
2025 66.0
2026 66.0
2027 66.0
2028 66.0
2029 66.0
2030 66.0
2031 66.0
2032 66.0
2033 66.0
2034 66.0
2035 66.0
2036 66.0
2037 66.0
2038 66.0
2039 66.0
2040 66.0
2041 66.0
2042 66.0
2043 66.0
2044 66.0
2045 66.0
2046 66.0
2047 66.0
2048 66.0
2049 66.0
2050 66.0
2051 66.0
2052 66.0
2053 66.0
2054 66.0
2055 66.0
2056 66.0
2057 66.0
2058 66.0
2059 66.0
2060 66.0
2061 66.0
2062 66.0
2063 66.0
2064 66.0
2065 66.0
2066 66.0
2067 66.0
2068 66.0
2069 66.0
2070 66.0
2071 66.0
2072 66.0
2073 66.0
2074 66.0
2075 66.0
2076 66.0
2077 66.0
2078 66.0
2079 66.0
2080 66.0
2081 66.0
2082 66.0
2083 66.0
2084 66.0
2085 66.0
2086 66.0
2087 66.0
2088 66.0
2089 66.0
2090 66.0
2091 66.0
2092 66.0
2093 66.0
2094 66.0
2095 66.0
2096 66.0
2097 66.0
2098 66.0
2099 66.0
2100 66.0
2101 66.0
2102 66.0
2103 66.0
2104 66.0
2105 66.0
2106 66.0
2107 66.0
2108 66.0
2109 66.0
2110 66.0
2111 66.0
2112 66.0
2113 66.0
2114 66.0
2115 66.0
2116 66.0
2117 66.0
2118 66.0
2119 66.0
2120 66.0
2121 66.0
2122 66.0
2123 66.0
2124 66.0
2125 66.0
2126 66.0
2127 66.0
2128 66.0
2129 66.0
2130 66.0
2131 66.0
2132 66.0
2133 66.0
2134 66.0
2135 66.0
2136 66.0
2137 66.0
2138 66.0
2139 66.0
2140 66.0
2141 66.0
2142 66.0
2143 66.0
2144 66.0
2145 66.0
2146 66.0
2147 66.0
2148 66.0
2149 66.0
2150 66.0
2151 66.0
2152 66.0
2153 66.0
2154 66.0
2155 66.0
2156 66.0
2157 66.0
2158 66.0
2159 66.0
2160 66.0
2161 66.0
2162 66.0
2163 66.0
2164 66.0
2165 66.0
2166 66.0
2167 66.0
2168 66.0
2169 66.0
2170 66.0
2171 66.0
2172 66.0
2173 66.0
2174 66.0
2175 66.0
2176 66.0
2177 66.0
2178 66.0
2179 66.0
2180 66.0
2181 66.0
2182 66.0
2183 66.0
2184 66.0
2185 66.0
2186 66.0
2187 66.0
2188 66.0
2189 66.0
2190 66.0
2191 66.0
2192 66.0
2193 66.0
2194 66.0
2195 66.0
2196 66.0
2197 66.0
2198 66.0
2199 66.0
2200 66.0
2201 66.0
2202 66.0
2203 66.0
2204 66.0
2205 66.0
2206 66.0
2207 66.0
2208 66.0
2209 66.0
2210 66.0
2211 66.0
2212 66.0
2213 66.0
2214 66.0
2215 66.0
2216 66.0
2217 66.0
2218 66.0
2219 66.0
2220 66.0
2221 66.0
2222 66.0
2223 66.0
2224 66.0
2225 66.0
2226 66.0
2227 66.0
2228 66.0
2229 66.0
2230 66.0
2231 66.0
2232 66.0
2233 66.0
2234 66.0
2235 66.0
2236 66.0
2237 66.0
2238 66.0
2239 66.0
2240 66.0
2241 66.0
2242 66.0
2243 66.0
2244 66.0
2245 66.0
2246 66.0
2247 66.0
2248 66.0
2249 66.0
2250 66.0
2251 66.0
2252 66.0
2253 66.0
2254 66.0
2255 66.0
2256 66.0
2257 66.0
2258 66.0
2259 66.0
2260 66.0
2261 66.0
2262 66.0
2263 66.0
2264 66.0
2265 66.0
2266 66.0
2267 66.0
2268 66.0
2269 66.0
2270 66.0
2271 66.0
2272 66.0
2273 66.0
2274 66.0
2275 66.0
2276 66.0
2277 66.0
2278 66.0
2279 66.0
2280 66.0
2281 66.0
2282 66.0
2283 66.0
2284 66.0
2285 66.0
2286 66.0
2287 66.0
2288 66.0
2289 66.0
2290 66.0
2291 66.0
2292 66.0
2293 66.0
2294 66.0
2295 66.0
2296 66.0
2297 66.0
2298 66.0
2299 66.0
2300 66.0
2301 66.0
2302 66.0
2303 66.0
2304 66.0
2305 66.0
2306 66.0
2307 66.0
2308 66.0
2309 66.0
2310 66.0
2311 66.0
2312 66.0
2313 66.0
2314 66.0
2315 66.0
2316 66.0
2317 66.0
2318 66.0
2319 66.0
2320 66.0
2321 66.0
2322 66.0
2323 66.0
2324 66.0
2325 66.0
2326 66.0
2327 66.0
2328 66.0
2329 66.0
2330 66.0
2331 66.0
2332 66.0
2333 66.0
2334 66.0
2335 66.0
2336 66.0
2337 66.0
2338 66.0
2339 66.0
2340 66.0
2341 66.0
2342 66.0
2343 66.0
2344 66.0
2345 66.0
2346 66.0
2347 66.0
2348 66.0
2349 66.0
2350 66.0
2351 66.0
2352 66.0
2353 66.0
2354 66.0
2355 66.0
2356 66.0
2357 66.0
2358 66.0
2359 66.0
2360 66.0
2361 66.0
2362 66.0
2363 66.0
2364 66.0
2365 66.0
2366 66.0
2367 66.0
2368 66.0
2369 66.0
2370 66.0
2371 66.0
2372 66.0
2373 66.0
2374 66.0
2375 66.0
2376 66.0
2377 66.0
2378 66.0
2379 66.0
2380 66.0
2381 66.0
2382 66.0
2383 66.0
2384 66.0
2385 66.0
2386 66.0
2387 66.0
2388 66.0
2389 66.0
2390 66.0
2391 66.0
2392 66.0
2393 66.0
2394 66.0
2395 66.0
2396 66.0
2397 66.0
2398 66.0
2399 66.0
2400 66.0
2401 66.0
2402 66.0
2403 66.0
2404 66.0
2405 66.0
2406 66.0
2407 66.0
2408 66.0
2409 66.0
2410 66.0
2411 66.0
2412 66.0
2413 66.0
2414 67.0
2415 67.0
2416 67.0
2417 67.0
2418 67.0
2419 67.0
2420 67.0
2421 67.0
2422 67.0
2423 67.0
2424 67.0
2425 67.0
2426 67.0
2427 67.0
2428 67.0
2429 67.0
2430 67.0
2431 67.0
2432 67.0
2433 67.0
2434 67.0
2435 67.0
2436 67.0
2437 67.0
2438 67.0
2439 67.0
2440 67.0
2441 67.0
2442 67.0
2443 67.0
2444 67.0
2445 67.0
2446 67.0
2447 67.0
2448 67.0
2449 67.0
2450 67.0
2451 67.0
2452 67.0
2453 67.0
2454 67.0
2455 67.0
2456 67.0
2457 67.0
2458 67.0
2459 67.0
2460 67.0
2461 67.0
2462 67.0
2463 67.0
2464 67.0
2465 67.0
2466 67.0
2467 67.0
2468 67.0
2469 67.0
2470 67.0
2471 67.0
2472 67.0
2473 67.0
2474 67.0
2475 67.0
2476 67.0
2477 67.0
2478 67.0
2479 67.0
2480 67.0
2481 67.0
2482 67.0
2483 67.0
2484 67.0
2485 67.0
2486 67.0
2487 67.0
2488 67.0
2489 67.0
2490 67.0
2491 67.0
2492 67.0
2493 67.0
2494 67.0
2495 67.0
2496 67.0
2497 67.0
2498 67.0
2499 67.0
2500 67.0
2501 67.0
2502 67.0
2503 67.0
2504 67.0
2505 67.0
2506 67.0
2507 67.0
2508 67.0
2509 67.0
2510 67.0
2511 67.0
2512 67.0
2513 67.0
2514 67.0
2515 67.0
2516 67.0
2517 67.0
2518 67.0
2519 67.0
2520 67.0
2521 67.0
2522 67.0
2523 67.0
2524 67.0
2525 67.0
2526 67.0
2527 67.0
2528 67.0
2529 67.0
2530 67.0
2531 67.0
2532 67.0
2533 67.0
2534 67.0
2535 67.0
2536 67.0
2537 67.0
2538 67.0
2539 67.0
2540 67.0
2541 67.0
2542 67.0
2543 67.0
2544 67.0
2545 67.0
2546 67.0
2547 67.0
2548 67.0
2549 67.0
2550 67.0
2551 67.0
2552 67.0
2553 67.0
2554 67.0
2555 67.0
2556 67.0
2557 67.0
2558 67.0
2559 67.0
2560 67.0
2561 67.0
2562 67.0
2563 67.0
2564 67.0
2565 67.0
2566 67.0
2567 67.0
2568 67.0
2569 67.0
2570 67.0
2571 67.0
2572 67.0
2573 67.0
2574 67.0
2575 67.0
2576 67.0
2577 67.0
2578 67.0
2579 67.0
2580 67.0
2581 67.0
2582 67.0
2583 67.0
2584 67.0
2585 67.0
2586 67.0
2587 67.0
2588 67.0
2589 67.0
2590 67.0
2591 67.0
2592 67.0
2593 67.0
2594 67.0
2595 67.0
2596 67.0
2597 67.0
2598 67.0
2599 67.0
2600 67.0
2601 67.0
2602 67.0
2603 67.0
2604 67.0
2605 67.0
2606 67.0
2607 67.0
2608 67.0
2609 67.0
2610 67.0
2611 67.0
2612 67.0
2613 67.0
2614 67.0
2615 67.0
2616 67.0
2617 67.0
2618 67.0
2619 67.0
2620 67.0
2621 67.0
2622 67.0
2623 67.0
2624 67.0
2625 67.0
2626 67.0
2627 67.0
2628 67.0
2629 67.0
2630 67.0
2631 67.0
2632 67.0
2633 67.0
2634 67.0
2635 67.0
2636 67.0
2637 67.0
2638 67.0
2639 67.0
2640 67.0
2641 67.0
2642 67.0
2643 67.0
2644 67.0
2645 67.0
2646 67.0
2647 67.0
2648 67.0
2649 67.0
2650 67.0
2651 67.0
2652 67.0
2653 67.0
2654 67.0
2655 67.0
2656 67.0
2657 67.0
2658 67.0
2659 67.0
2660 67.0
2661 67.0
2662 67.0
2663 67.0
2664 67.0
2665 67.0
2666 67.0
2667 67.0
2668 67.0
2669 67.0
2670 67.0
2671 67.0
2672 67.0
2673 67.0
2674 67.0
2675 67.0
2676 67.0
2677 67.0
2678 67.0
2679 67.0
2680 67.0
2681 67.0
2682 67.0
2683 67.0
2684 67.0
2685 67.0
2686 67.0
2687 67.0
2688 67.0
2689 67.0
2690 67.0
2691 67.0
2692 67.0
2693 67.0
2694 67.0
2695 67.0
2696 67.0
2697 67.0
2698 67.0
2699 67.0
2700 67.0
2701 67.0
2702 67.0
2703 67.0
2704 67.0
2705 67.0
2706 67.0
2707 67.0
2708 67.0
2709 67.0
2710 67.0
2711 67.0
2712 67.0
2713 67.0
2714 67.0
2715 67.0
2716 67.0
2717 67.0
2718 67.0
2719 67.0
2720 67.0
2721 67.0
2722 67.0
2723 67.0
2724 67.0
2725 67.0
2726 67.0
2727 67.0
2728 67.0
2729 67.0
2730 67.0
2731 67.0
2732 67.0
2733 67.0
2734 67.0
2735 67.0
2736 67.0
2737 67.0
2738 67.0
2739 67.0
2740 67.0
2741 67.0
2742 67.0
2743 67.0
2744 67.0
2745 67.0
2746 67.0
2747 67.0
2748 67.0
2749 67.0
2750 67.0
2751 67.0
2752 67.0
2753 67.0
2754 67.0
2755 67.0
2756 67.0
2757 67.0
2758 67.0
2759 67.0
2760 67.0
2761 67.0
2762 67.0
2763 67.0
2764 67.0
2765 67.0
2766 67.0
2767 67.0
2768 67.0
2769 67.0
2770 67.0
2771 67.0
2772 67.0
2773 67.0
2774 67.0
2775 67.0
2776 67.0
2777 67.0
2778 67.0
2779 67.0
2780 67.0
2781 67.0
2782 67.0
2783 67.0
2784 67.0
2785 67.0
2786 67.0
2787 67.0
2788 67.0
2789 67.0
2790 67.0
2791 67.0
2792 67.0
2793 67.0
2794 67.0
2795 67.0
2796 67.0
2797 67.0
2798 67.0
2799 67.0
2800 67.0
2801 67.0
2802 67.0
2803 67.0
2804 67.0
2805 67.0
2806 67.0
2807 67.0
2808 67.0
2809 67.0
2810 67.0
2811 67.0
2812 67.0
2813 67.0
2814 67.0
2815 67.0
2816 67.0
2817 67.0
2818 67.0
2819 67.0
2820 67.0
2821 67.0
2822 67.0
2823 67.0
2824 67.0
2825 67.0
2826 67.0
2827 67.0
2828 67.0
2829 67.0
2830 67.0
2831 67.0
2832 67.0
2833 67.0
2834 67.0
2835 67.0
2836 67.0
2837 67.0
2838 67.0
2839 67.0
2840 67.0
2841 67.0
2842 67.0
2843 67.0
2844 67.0
2845 67.0
2846 67.0
2847 67.0
2848 67.0
2849 67.0
2850 67.0
2851 67.0
2852 67.0
2853 67.0
2854 67.0
2855 67.0
2856 67.0
2857 67.0
2858 67.0
2859 67.0
2860 67.0
2861 67.0
2862 67.0
2863 67.0
2864 67.0
2865 67.0
2866 67.0
2867 67.0
2868 67.0
2869 67.0
2870 67.0
2871 67.0
2872 67.0
2873 67.0
2874 67.0
2875 67.0
2876 67.0
2877 67.0
2878 67.0
2879 67.0
2880 67.0
2881 67.0
2882 67.0
2883 67.0
2884 67.0
2885 67.0
2886 67.0
2887 67.0
2888 67.0
2889 67.0
2890 67.0
2891 67.0
2892 67.0
2893 67.0
2894 67.0
2895 67.0
2896 67.0
2897 67.0
2898 67.0
2899 67.0
2900 67.0
2901 67.0
2902 67.0
2903 67.0
2904 67.0
2905 67.0
2906 67.0
2907 67.0
2908 67.0
2909 67.0
2910 67.0
2911 67.0
2912 67.0
2913 67.0
2914 67.0
2915 67.0
2916 67.0
2917 67.0
2918 67.0
2919 67.0
2920 67.0
2921 67.0
2922 67.0
2923 67.0
2924 67.0
2925 67.0
2926 67.0
2927 67.0
2928 67.0
2929 67.0
2930 67.0
2931 67.0
2932 67.0
2933 67.0
2934 67.0
2935 67.0
2936 67.0
2937 67.0
2938 67.0
2939 67.0
2940 67.0
2941 67.0
2942 67.0
2943 67.0
2944 67.0
2945 67.0
2946 67.0
2947 67.0
2948 67.0
2949 67.0
2950 67.0
2951 67.0
2952 67.0
2953 67.0
2954 67.0
2955 67.0
2956 67.0
2957 67.0
2958 67.0
2959 67.0
2960 67.0
2961 67.0
2962 67.0
2963 67.0
2964 67.0
2965 67.0
2966 67.0
2967 67.0
2968 67.0
2969 67.0
2970 67.0
2971 67.0
2972 67.0
2973 67.0
2974 67.0
2975 67.0
2976 67.0
2977 67.0
2978 67.0
2979 67.0
2980 67.0
2981 67.0
2982 67.0
2983 67.0
2984 67.0
2985 67.0
2986 67.0
2987 67.0
2988 67.0
2989 67.0
2990 67.0
2991 67.0
2992 67.0
2993 67.0
2994 67.0
2995 67.0
2996 67.0
2997 67.0
2998 67.0
2999 67.0
3000 67.0
3001 67.0
3002 67.0
3003 67.0
3004 67.0
3005 67.0
3006 67.0
3007 67.0
3008 67.0
3009 67.0
3010 67.0
3011 67.0
3012 67.0
3013 67.0
3014 67.0
3015 67.0
3016 67.0
3017 67.0
3018 67.0
3019 67.0
3020 67.0
3021 67.0
3022 67.0
3023 67.0
3024 67.0
3025 67.0
3026 67.0
3027 67.0
3028 67.0
3029 67.0
3030 67.0
3031 67.0
3032 67.0
3033 67.0
3034 67.0
3035 67.0
3036 67.0
3037 67.0
3038 67.0
3039 67.0
3040 67.0
3041 67.0
3042 67.0
3043 67.0
3044 67.0
3045 67.0
3046 67.0
3047 67.0
3048 67.0
3049 67.0
3050 67.0
3051 67.0
3052 67.0
3053 67.0
3054 67.0
3055 67.0
3056 67.0
3057 67.0
3058 67.0
3059 67.0
3060 67.0
3061 67.0
3062 67.0
3063 67.0
3064 67.0
3065 67.0
3066 67.0
3067 67.0
3068 67.0
3069 67.0
3070 67.0
3071 67.0
3072 67.0
3073 67.0
3074 67.0
3075 67.0
3076 67.0
3077 67.0
3078 67.0
3079 67.0
3080 67.0
3081 67.0
3082 67.0
3083 67.0
3084 67.0
3085 67.0
3086 67.0
3087 67.0
3088 67.0
3089 67.0
3090 67.0
3091 67.0
3092 67.0
3093 67.0
3094 67.0
3095 67.0
3096 67.0
3097 67.0
3098 67.0
3099 67.0
3100 67.0
3101 67.0
3102 67.0
3103 67.0
3104 67.0
3105 67.0
3106 67.0
3107 67.0
3108 67.0
3109 67.0
3110 67.0
3111 67.0
3112 67.0
3113 67.0
3114 67.0
3115 67.0
3116 67.0
3117 67.0
3118 67.0
3119 67.0
3120 67.0
3121 67.0
3122 67.0
3123 67.0
3124 67.0
3125 67.0
3126 67.0
3127 67.0
3128 67.0
3129 67.0
3130 67.0
3131 67.0
3132 67.0
3133 67.0
3134 67.0
3135 67.0
3136 67.0
3137 67.0
3138 67.0
3139 67.0
3140 67.0
3141 67.0
3142 67.0
3143 67.0
3144 67.0
3145 67.0
3146 67.0
3147 67.0
3148 67.0
3149 67.0
3150 67.0
3151 67.0
3152 67.0
3153 67.0
3154 67.0
3155 67.0
3156 67.0
3157 67.0
3158 67.0
3159 67.0
3160 67.0
3161 67.0
3162 67.0
3163 67.0
3164 67.0
3165 67.0
3166 67.0
3167 67.0
3168 67.0
3169 67.0
3170 67.0
3171 67.0
3172 67.0
3173 67.0
3174 67.0
3175 67.0
3176 67.0
3177 67.0
3178 67.0
3179 67.0
3180 67.0
3181 67.0
3182 67.0
3183 67.0
3184 67.0
3185 67.0
3186 67.0
3187 67.0
3188 67.0
3189 67.0
3190 67.0
3191 67.0
3192 67.0
3193 67.0
3194 67.0
3195 67.0
3196 67.0
3197 67.0
3198 67.0
3199 67.0
3200 67.0
3201 67.0
3202 67.0
3203 67.0
3204 67.0
3205 67.0
3206 67.0
3207 67.0
3208 67.0
3209 67.0
3210 67.0
3211 67.0
3212 67.0
3213 67.0
3214 67.0
3215 67.0
3216 67.0
3217 67.0
3218 67.0
3219 67.0
3220 67.0
3221 67.0
3222 67.0
3223 67.0
3224 67.0
3225 67.0
3226 67.0
3227 67.0
3228 67.0
3229 67.0
3230 67.0
3231 67.0
3232 67.0
3233 67.0
3234 67.0
3235 67.0
3236 67.0
3237 67.0
3238 67.0
3239 67.0
3240 67.0
3241 67.0
3242 67.0
3243 67.0
3244 67.0
3245 67.0
3246 67.0
3247 67.0
3248 67.0
3249 67.0
3250 67.0
3251 67.0
3252 67.0
3253 67.0
3254 67.0
3255 67.0
3256 67.0
3257 67.0
3258 67.0
3259 67.0
3260 67.0
3261 67.0
3262 67.0
3263 67.0
3264 67.0
3265 67.0
3266 67.0
3267 67.0
3268 67.0
3269 67.0
3270 67.0
3271 67.0
3272 67.0
3273 67.0
3274 67.0
3275 67.0
3276 67.0
3277 67.0
3278 67.0
3279 67.0
3280 67.0
3281 67.0
3282 67.0
3283 67.0
3284 67.0
3285 67.0
3286 67.0
3287 67.0
3288 67.0
3289 67.0
3290 67.0
3291 67.0
3292 67.0
3293 67.0
3294 67.0
3295 67.0
3296 67.0
3297 67.0
3298 67.0
3299 67.0
3300 67.0
3301 67.0
3302 67.0
3303 67.0
3304 67.0
3305 67.0
3306 67.0
3307 67.0
3308 67.0
3309 67.0
3310 67.0
3311 67.0
3312 67.0
3313 67.0
3314 67.0
3315 67.0
3316 67.0
3317 67.0
3318 67.0
3319 67.0
3320 67.0
3321 67.0
3322 67.0
3323 67.0
3324 67.0
3325 67.0
3326 67.0
3327 67.0
3328 67.0
3329 67.0
3330 67.0
3331 67.0
3332 67.0
3333 67.0
3334 67.0
3335 67.0
3336 67.0
3337 67.0
3338 67.0
3339 67.0
3340 67.0
3341 67.0
3342 67.0
3343 67.0
3344 67.0
3345 67.0
3346 67.0
3347 67.0
3348 67.0
3349 67.0
3350 67.0
3351 67.0
3352 67.0
3353 67.0
3354 67.0
3355 67.0
3356 67.0
3357 67.0
3358 67.0
3359 67.0
3360 67.0
3361 67.0
3362 67.0
3363 67.0
3364 67.0
3365 67.0
3366 67.0
3367 67.0
3368 67.0
3369 67.0
3370 67.0
3371 67.0
3372 67.0
3373 67.0
3374 67.0
3375 67.0
3376 67.0
3377 67.0
3378 67.0
3379 67.0
3380 67.0
3381 67.0
3382 67.0
3383 67.0
3384 67.0
3385 67.0
3386 67.0
3387 67.0
3388 67.0
3389 67.0
3390 67.0
3391 67.0
3392 67.0
3393 67.0
3394 67.0
3395 67.0
3396 67.0
3397 67.0
3398 67.0
3399 67.0
3400 67.0
3401 67.0
3402 67.0
3403 67.0
3404 67.0
3405 67.0
3406 67.0
3407 67.0
3408 67.0
3409 67.0
3410 67.0
3411 67.0
3412 67.0
3413 67.0
3414 67.0
3415 67.0
3416 67.0
3417 67.0
3418 67.0
3419 67.0
3420 67.0
3421 67.0
3422 67.0
3423 67.0
3424 67.0
3425 67.0
3426 67.0
3427 67.0
3428 67.0
3429 67.0
3430 67.0
3431 67.0
3432 67.0
3433 67.0
3434 67.0
3435 67.0
3436 67.0
3437 67.0
3438 67.0
3439 67.0
3440 67.0
3441 67.0
3442 67.0
3443 67.0
3444 67.0
3445 68.0
3446 68.0
3447 68.0
3448 68.0
3449 68.0
3450 68.0
3451 68.0
3452 68.0
3453 68.0
3454 68.0
3455 68.0
3456 68.0
3457 68.0
3458 68.0
3459 68.0
3460 68.0
3461 68.0
3462 68.0
3463 68.0
3464 68.0
3465 68.0
3466 68.0
3467 68.0
3468 68.0
3469 68.0
3470 68.0
3471 68.0
3472 68.0
3473 68.0
3474 68.0
3475 68.0
3476 68.0
3477 68.0
3478 68.0
3479 68.0
3480 68.0
3481 68.0
3482 68.0
3483 68.0
3484 68.0
3485 68.0
3486 68.0
3487 68.0
3488 68.0
3489 68.0
3490 68.0
3491 68.0
3492 68.0
3493 68.0
3494 68.0
3495 68.0
3496 68.0
3497 68.0
3498 68.0
3499 68.0
3500 68.0
3501 68.0
3502 68.0
3503 68.0
3504 68.0
3505 68.0
3506 68.0
3507 68.0
3508 68.0
3509 68.0
3510 68.0
3511 68.0
3512 68.0
3513 68.0
3514 68.0
3515 68.0
3516 68.0
3517 68.0
3518 68.0
3519 68.0
3520 68.0
3521 68.0
3522 68.0
3523 68.0
3524 68.0
3525 68.0
3526 68.0
3527 68.0
3528 68.0
3529 68.0
3530 68.0
3531 68.0
3532 68.0
3533 68.0
3534 68.0
3535 68.0
3536 68.0
3537 68.0
3538 68.0
3539 68.0
3540 68.0
3541 68.0
3542 68.0
3543 68.0
3544 68.0
3545 68.0
3546 68.0
3547 68.0
3548 68.0
3549 68.0
3550 68.0
3551 68.0
3552 68.0
3553 68.0
3554 68.0
3555 68.0
3556 68.0
3557 68.0
3558 68.0
3559 68.0
3560 68.0
3561 68.0
3562 68.0
3563 68.0
3564 68.0
3565 68.0
3566 68.0
3567 68.0
3568 68.0
3569 68.0
3570 68.0
3571 68.0
3572 68.0
3573 68.0
3574 68.0
3575 68.0
3576 68.0
3577 68.0
3578 68.0
3579 68.0
3580 68.0
3581 68.0
3582 68.0
3583 68.0
3584 68.0
3585 68.0
3586 68.0
3587 68.0
3588 68.0
3589 68.0
3590 68.0
3591 68.0
3592 68.0
3593 68.0
3594 68.0
3595 68.0
3596 68.0
3597 68.0
3598 68.0
3599 68.0
3600 68.0
3601 68.0
3602 68.0
3603 68.0
3604 68.0
3605 68.0
3606 68.0
3607 68.0
3608 68.0
3609 68.0
3610 68.0
3611 68.0
3612 68.0
3613 68.0
3614 68.0
3615 68.0
3616 68.0
3617 68.0
3618 68.0
3619 68.0
3620 68.0
3621 68.0
3622 68.0
3623 68.0
3624 68.0
3625 68.0
3626 68.0
3627 68.0
3628 68.0
3629 68.0
3630 68.0
3631 68.0
3632 68.0
3633 68.0
3634 68.0
3635 68.0
3636 68.0
3637 68.0
3638 68.0
3639 68.0
3640 68.0
3641 68.0
3642 68.0
3643 68.0
3644 68.0
3645 68.0
3646 68.0
3647 68.0
3648 68.0
3649 68.0
3650 68.0
3651 68.0
3652 68.0
3653 68.0
3654 68.0
3655 68.0
3656 68.0
3657 68.0
3658 68.0
3659 68.0
3660 68.0
3661 68.0
3662 68.0
3663 68.0
3664 68.0
3665 68.0
3666 68.0
3667 68.0
3668 68.0
3669 68.0
3670 68.0
3671 68.0
3672 68.0
3673 68.0
3674 68.0
3675 68.0
3676 68.0
3677 68.0
3678 68.0
3679 68.0
3680 68.0
3681 68.0
3682 68.0
3683 68.0
3684 68.0
3685 68.0
3686 68.0
3687 68.0
3688 68.0
3689 68.0
3690 68.0
3691 68.0
3692 68.0
3693 68.0
3694 68.0
3695 68.0
3696 68.0
3697 68.0
3698 68.0
3699 68.0
3700 68.0
3701 68.0
3702 68.0
3703 68.0
3704 68.0
3705 68.0
3706 68.0
3707 68.0
3708 68.0
3709 68.0
3710 68.0
3711 68.0
3712 68.0
3713 68.0
3714 68.0
3715 68.0
3716 68.0
3717 68.0
3718 68.0
3719 68.0
3720 68.0
3721 68.0
3722 68.0
3723 68.0
3724 68.0
3725 68.0
3726 68.0
3727 68.0
3728 68.0
3729 68.0
3730 68.0
3731 68.0
3732 68.0
3733 68.0
3734 68.0
3735 68.0
3736 68.0
3737 68.0
3738 68.0
3739 68.0
3740 68.0
3741 68.0
3742 68.0
3743 68.0
3744 68.0
3745 68.0
3746 68.0
3747 68.0
3748 68.0
3749 68.0
3750 68.0
3751 68.0
3752 68.0
3753 68.0
3754 68.0
3755 68.0
3756 68.0
3757 68.0
3758 68.0
3759 68.0
3760 68.0
3761 68.0
3762 68.0
3763 68.0
3764 68.0
3765 68.0
3766 68.0
3767 68.0
3768 68.0
3769 68.0
3770 68.0
3771 68.0
3772 68.0
3773 68.0
3774 68.0
3775 68.0
3776 68.0
3777 68.0
3778 68.0
3779 68.0
3780 68.0
3781 68.0
3782 68.0
3783 68.0
3784 68.0
3785 68.0
3786 68.0
3787 68.0
3788 68.0
3789 68.0
3790 68.0
3791 68.0
3792 68.0
3793 68.0
3794 68.0
3795 68.0
3796 68.0
3797 68.0
3798 68.0
3799 68.0
3800 68.0
3801 68.0
3802 68.0
3803 68.0
3804 68.0
3805 68.0
3806 68.0
3807 68.0
3808 68.0
3809 68.0
3810 68.0
3811 68.0
3812 68.0
3813 68.0
3814 68.0
3815 68.0
3816 68.0
3817 68.0
3818 68.0
3819 68.0
3820 68.0
3821 68.0
3822 68.0
3823 68.0
3824 68.0
3825 68.0
3826 68.0
3827 68.0
3828 68.0
3829 68.0
3830 68.0
3831 68.0
3832 68.0
3833 68.0
3834 68.0
3835 68.0
3836 68.0
3837 68.0
3838 68.0
3839 68.0
3840 68.0
3841 68.0
3842 68.0
3843 68.0
3844 68.0
3845 68.0
3846 68.0
3847 68.0
3848 68.0
3849 68.0
3850 68.0
3851 68.0
3852 68.0
3853 68.0
3854 68.0
3855 68.0
3856 68.0
3857 68.0
3858 68.0
3859 68.0
3860 68.0
3861 68.0
3862 68.0
3863 68.0
3864 68.0
3865 68.0
3866 68.0
3867 68.0
3868 68.0
3869 68.0
3870 68.0
3871 68.0
3872 68.0
3873 68.0
3874 68.0
3875 68.0
3876 68.0
3877 68.0
3878 68.0
3879 68.0
3880 68.0
3881 68.0
3882 68.0
3883 68.0
3884 68.0
3885 68.0
3886 68.0
3887 68.0
3888 68.0
3889 68.0
3890 68.0
3891 68.0
3892 68.0
3893 68.0
3894 68.0
3895 68.0
3896 68.0
3897 68.0
3898 68.0
3899 68.0
3900 68.0
3901 68.0
3902 68.0
3903 68.0
3904 68.0
3905 68.0
3906 68.0
3907 68.0
3908 68.0
3909 68.0
3910 68.0
3911 68.0
3912 68.0
3913 68.0
3914 68.0
3915 68.0
3916 68.0
3917 68.0
3918 68.0
3919 68.0
3920 68.0
3921 68.0
3922 68.0
3923 68.0
3924 68.0
3925 68.0
3926 68.0
3927 68.0
3928 68.0
3929 68.0
3930 68.0
3931 68.0
3932 68.0
3933 68.0
3934 68.0
3935 68.0
3936 68.0
3937 68.0
3938 68.0
3939 68.0
3940 68.0
3941 68.0
3942 68.0
3943 68.0
3944 68.0
3945 68.0
3946 68.0
3947 68.0
3948 68.0
3949 68.0
3950 68.0
3951 68.0
3952 68.0
3953 68.0
3954 68.0
3955 68.0
3956 68.0
3957 68.0
3958 68.0
3959 68.0
3960 68.0
3961 68.0
3962 68.0
3963 68.0
3964 68.0
3965 68.0
3966 68.0
3967 68.0
3968 68.0
3969 68.0
3970 68.0
3971 68.0
3972 68.0
3973 68.0
3974 68.0
3975 68.0
3976 68.0
3977 68.0
3978 68.0
3979 68.0
3980 68.0
3981 68.0
3982 68.0
3983 68.0
3984 68.0
3985 68.0
3986 68.0
3987 68.0
3988 68.0
3989 68.0
3990 68.0
3991 68.0
3992 68.0
3993 68.0
3994 68.0
3995 68.0
3996 68.0
3997 68.0
3998 68.0
3999 68.0
4000 68.0
4001 68.0
4002 68.0
4003 68.0
4004 68.0
4005 68.0
4006 68.0
4007 68.0
4008 68.0
4009 68.0
4010 68.0
4011 68.0
4012 68.0
4013 68.0
4014 68.0
4015 68.0
4016 68.0
4017 68.0
4018 68.0
4019 68.0
4020 68.0
4021 68.0
4022 68.0
4023 68.0
4024 68.0
4025 68.0
4026 68.0
4027 68.0
4028 68.0
4029 68.0
4030 68.0
4031 68.0
4032 68.0
4033 68.0
4034 68.0
4035 68.0
4036 68.0
4037 68.0
4038 68.0
4039 68.0
4040 68.0
4041 68.0
4042 68.0
4043 68.0
4044 68.0
4045 68.0
4046 68.0
4047 68.0
4048 68.0
4049 68.0
4050 68.0
4051 68.0
4052 68.0
4053 68.0
4054 68.0
4055 68.0
4056 68.0
4057 68.0
4058 68.0
4059 68.0
4060 68.0
4061 68.0
4062 68.0
4063 68.0
4064 68.0
4065 68.0
4066 68.0
4067 68.0
4068 68.0
4069 68.0
4070 68.0
4071 68.0
4072 68.0
4073 68.0
4074 68.0
4075 68.0
4076 68.0
4077 68.0
4078 68.0
4079 68.0
4080 68.0
4081 68.0
4082 68.0
4083 68.0
4084 68.0
4085 68.0
4086 68.0
4087 68.0
4088 68.0
4089 68.0
4090 68.0
4091 68.0
4092 68.0
4093 68.0
4094 68.0
4095 68.0
4096 68.0
4097 68.0
4098 68.0
4099 68.0
4100 68.0
4101 68.0
4102 68.0
4103 68.0
4104 68.0
4105 68.0
4106 68.0
4107 68.0
4108 68.0
4109 68.0
4110 68.0
4111 68.0
4112 68.0
4113 68.0
4114 68.0
4115 68.0
4116 68.0
4117 68.0
4118 68.0
4119 68.0
4120 68.0
4121 68.0
4122 68.0
4123 68.0
4124 68.0
4125 68.0
4126 68.0
4127 68.0
4128 68.0
4129 68.0
4130 68.0
4131 68.0
4132 68.0
4133 68.0
4134 68.0
4135 68.0
4136 68.0
4137 68.0
4138 68.0
4139 68.0
4140 68.0
4141 68.0
4142 68.0
4143 68.0
4144 68.0
4145 68.0
4146 68.0
4147 68.0
4148 68.0
4149 68.0
4150 68.0
4151 68.0
4152 68.0
4153 68.0
4154 68.0
4155 68.0
4156 68.0
4157 68.0
4158 68.0
4159 68.0
4160 68.0
4161 68.0
4162 68.0
4163 68.0
4164 68.0
4165 68.0
4166 68.0
4167 68.0
4168 68.0
4169 68.0
4170 68.0
4171 68.0
4172 68.0
4173 68.0
4174 68.0
4175 68.0
4176 68.0
4177 68.0
4178 68.0
4179 68.0
4180 68.0
4181 68.0
4182 68.0
4183 68.0
4184 68.0
4185 68.0
4186 68.0
4187 68.0
4188 68.0
4189 68.0
4190 68.0
4191 68.0
4192 68.0
4193 68.0
4194 68.0
4195 68.0
4196 68.0
4197 68.0
4198 68.0
4199 68.0
4200 68.0
4201 68.0
4202 68.0
4203 68.0
4204 68.0
4205 68.0
4206 68.0
4207 68.0
4208 68.0
4209 68.0
4210 68.0
4211 68.0
4212 68.0
4213 68.0
4214 68.0
4215 68.0
4216 68.0
4217 68.0
4218 68.0
4219 68.0
4220 68.0
4221 68.0
4222 68.0
4223 68.0
4224 68.0
4225 68.0
4226 68.0
4227 68.0
4228 68.0
4229 68.0
4230 68.0
4231 68.0
4232 68.0
4233 68.0
4234 68.0
4235 68.0
4236 68.0
4237 68.0
4238 68.0
4239 68.0
4240 68.0
4241 68.0
4242 68.0
4243 68.0
4244 68.0
4245 68.0
4246 68.0
4247 68.0
4248 68.0
4249 68.0
4250 68.0
4251 68.0
4252 68.0
4253 68.0
4254 68.0
4255 68.0
4256 68.0
4257 68.0
4258 68.0
4259 68.0
4260 68.0
4261 68.0
4262 68.0
4263 68.0
4264 68.0
4265 68.0
4266 68.0
4267 68.0
4268 68.0
4269 68.0
4270 68.0
4271 68.0
4272 68.0
4273 68.0
4274 68.0
4275 68.0
4276 68.0
4277 68.0
4278 68.0
4279 68.0
4280 68.0
4281 68.0
4282 68.0
4283 68.0
4284 68.0
4285 68.0
4286 68.0
4287 68.0
4288 68.0
4289 68.0
4290 68.0
4291 68.0
4292 68.0
4293 68.0
4294 68.0
4295 68.0
4296 68.0
4297 68.0
4298 68.0
4299 68.0
4300 68.0
4301 68.0
4302 68.0
4303 68.0
4304 68.0
4305 68.0
4306 68.0
4307 68.0
4308 68.0
4309 68.0
4310 68.0
4311 68.0
4312 68.0
4313 68.0
4314 68.0
4315 68.0
4316 68.0
4317 68.0
4318 68.0
4319 68.0
4320 68.0
4321 68.0
4322 68.0
4323 68.0
4324 68.0
4325 68.0
4326 68.0
4327 68.0
4328 68.0
4329 68.0
4330 68.0
4331 68.0
4332 68.0
4333 68.0
4334 68.0
4335 68.0
4336 68.0
4337 68.0
4338 68.0
4339 68.0
4340 68.0
4341 68.0
4342 68.0
4343 68.0
4344 68.0
4345 68.0
4346 68.0
4347 68.0
4348 68.0
4349 68.0
4350 68.0
4351 68.0
4352 68.0
4353 68.0
4354 68.0
4355 68.0
4356 68.0
4357 68.0
4358 68.0
4359 68.0
4360 68.0
4361 68.0
4362 68.0
4363 68.0
4364 68.0
4365 68.0
4366 68.0
4367 68.0
4368 68.0
4369 68.0
4370 68.0
4371 68.0
4372 68.0
4373 68.0
4374 68.0
4375 68.0
4376 68.0
4377 68.0
4378 68.0
4379 68.0
4380 68.0
4381 68.0
4382 68.0
4383 68.0
4384 68.0
4385 68.0
4386 68.0
4387 68.0
4388 68.0
4389 68.0
4390 68.0
4391 68.0
4392 68.0
4393 68.0
4394 68.0
4395 68.0
4396 68.0
4397 68.0
4398 68.0
4399 68.0
4400 68.0
4401 68.0
4402 68.0
4403 68.0
4404 68.0
4405 68.0
4406 68.0
4407 68.0
4408 68.0
4409 68.0
4410 68.0
4411 68.0
4412 68.0
4413 68.0
4414 68.0
4415 68.0
4416 68.0
4417 68.0
4418 68.0
4419 68.0
4420 68.0
4421 68.0
4422 68.0
4423 68.0
4424 68.0
4425 68.0
4426 68.0
4427 68.0
4428 68.0
4429 68.0
4430 68.0
4431 68.0
4432 68.0
4433 68.0
4434 68.0
4435 68.0
4436 68.0
4437 68.0
4438 68.0
4439 68.0
4440 68.0
4441 68.0
4442 68.0
4443 68.0
4444 68.0
4445 68.0
4446 68.0
4447 68.0
4448 68.0
4449 68.0
4450 68.0
4451 68.0
4452 68.0
4453 68.0
4454 68.0
4455 68.0
4456 68.0
4457 68.0
4458 68.0
4459 68.0
4460 68.0
4461 68.0
4462 68.0
4463 68.0
4464 68.0
4465 68.0
4466 68.0
4467 68.0
4468 68.0
4469 68.0
4470 68.0
4471 68.0
4472 68.0
4473 68.0
4474 68.0
4475 68.0
4476 68.0
4477 68.0
4478 68.0
4479 68.0
4480 68.0
4481 68.0
4482 68.0
4483 68.0
4484 68.0
4485 68.0
4486 68.0
4487 68.0
4488 68.0
4489 68.0
4490 68.0
4491 68.0
4492 68.0
4493 68.0
4494 68.0
4495 68.0
4496 68.0
4497 68.0
4498 68.0
4499 68.0
4500 68.0
4501 68.0
4502 68.0
4503 68.0
4504 68.0
4505 68.0
4506 68.0
4507 68.0
4508 68.0
4509 68.0
4510 68.0
4511 68.0
4512 68.0
4513 68.0
4514 68.0
4515 68.0
4516 68.0
4517 68.0
4518 68.0
4519 68.0
4520 68.0
4521 68.0
4522 68.0
4523 68.0
4524 68.0
4525 68.0
4526 68.0
4527 68.0
4528 68.0
4529 68.0
4530 68.0
4531 68.0
4532 68.0
4533 68.0
4534 68.0
4535 68.0
4536 68.0
4537 68.0
4538 68.0
4539 68.0
4540 68.0
4541 68.0
4542 68.0
4543 68.0
4544 68.0
4545 68.0
4546 68.0
4547 68.0
4548 68.0
4549 68.0
4550 68.0
4551 68.0
4552 68.0
4553 68.0
4554 68.0
4555 68.0
4556 68.0
4557 68.0
4558 68.0
4559 68.0
4560 68.0
4561 68.0
4562 68.0
4563 68.0
4564 68.0
4565 68.0
4566 68.0
4567 68.0
4568 68.0
4569 68.0
4570 68.0
4571 68.0
4572 68.0
4573 68.0
4574 68.0
4575 68.0
4576 68.0
4577 68.0
4578 68.0
4579 68.0
4580 68.0
4581 68.0
4582 68.0
4583 68.0
4584 68.0
4585 68.0
4586 68.0
4587 68.0
4588 68.0
4589 68.0
4590 68.0
4591 68.0
4592 68.0
4593 68.0
4594 68.0
4595 68.0
4596 68.0
4597 68.0
4598 68.0
4599 68.0
4600 68.0
4601 68.0
4602 68.0
4603 68.0
4604 68.0
4605 68.0
4606 68.0
4607 68.0
4608 68.0
4609 68.0
4610 68.0
4611 68.0
4612 68.0
4613 68.0
4614 68.0
4615 68.0
4616 68.0
4617 68.0
4618 68.0
4619 68.0
4620 68.0
4621 68.0
4622 68.0
4623 68.0
4624 68.0
4625 68.0
4626 68.0
4627 68.0
4628 68.0
4629 68.0
4630 68.0
4631 68.0
4632 68.0
4633 68.0
4634 68.0
4635 68.0
4636 68.0
4637 68.0
4638 68.0
4639 68.0
4640 68.0
4641 68.0
4642 68.0
4643 68.0
4644 68.0
4645 68.0
4646 68.0
4647 68.0
4648 68.0
4649 68.0
4650 68.0
4651 68.0
4652 68.0
4653 68.0
4654 68.0
4655 68.0
4656 68.0
4657 68.0
4658 68.0
4659 68.0
4660 68.0
4661 68.0
4662 68.0
4663 68.0
4664 68.0
4665 68.0
4666 68.0
4667 68.0
4668 68.0
4669 68.0
4670 68.0
4671 68.0
4672 68.0
4673 68.0
4674 68.0
4675 68.0
4676 68.0
4677 68.0
4678 68.0
4679 68.0
4680 68.0
4681 68.0
4682 68.0
4683 68.0
4684 68.0
4685 68.0
4686 68.0
4687 68.0
4688 68.0
4689 68.0
4690 68.0
4691 68.0
4692 68.0
4693 68.0
4694 68.0
4695 68.0
4696 68.0
4697 68.0
4698 68.0
4699 68.0
4700 68.0
4701 68.0
4702 68.0
4703 68.0
4704 68.0
4705 68.0
4706 68.0
4707 68.0
4708 68.0
4709 68.0
4710 68.0
4711 68.0
4712 68.0
4713 68.0
4714 68.0
4715 68.0
4716 68.0
4717 68.0
4718 68.0
4719 68.0
4720 68.0
4721 68.0
4722 68.0
4723 68.0
4724 68.0
4725 68.0
4726 68.0
4727 68.0
4728 68.0
4729 68.0
4730 68.0
4731 68.0
4732 68.0
4733 68.0
4734 68.0
4735 68.0
4736 68.0
4737 68.0
4738 68.0
4739 68.0
4740 68.0
4741 68.0
4742 68.0
4743 68.0
4744 68.0
4745 68.0
4746 68.0
4747 68.0
4748 68.0
4749 68.0
4750 68.0
4751 68.0
4752 68.0
4753 68.0
4754 68.0
4755 68.0
4756 68.0
4757 68.0
4758 68.0
4759 68.0
4760 68.0
4761 68.0
4762 68.0
4763 68.0
4764 68.0
4765 68.0
4766 68.0
4767 68.0
4768 68.0
4769 68.0
4770 68.0
4771 68.0
4772 68.0
4773 68.0
4774 68.0
4775 68.0
4776 68.0
4777 68.0
4778 68.0
4779 68.0
4780 68.0
4781 68.0
4782 68.0
4783 68.0
4784 68.0
4785 68.0
4786 68.0
4787 68.0
4788 68.0
4789 68.0
4790 68.0
4791 68.0
4792 68.0
4793 68.0
4794 68.0
4795 68.0
4796 68.0
4797 68.0
4798 68.0
4799 68.0
4800 68.0
4801 68.0
4802 68.0
4803 68.0
4804 68.0
4805 68.0
4806 68.0
4807 68.0
4808 68.0
4809 68.0
4810 68.0
4811 68.0
4812 68.0
4813 68.0
4814 68.0
4815 68.0
4816 68.0
4817 68.0
4818 68.0
4819 68.0
4820 68.0
4821 68.0
4822 68.0
4823 68.0
4824 68.0
4825 68.0
4826 68.0
4827 68.0
4828 68.0
4829 68.0
4830 68.0
4831 68.0
4832 68.0
4833 68.0
4834 68.0
4835 68.0
4836 68.0
4837 68.0
4838 68.0
4839 68.0
4840 68.0
4841 68.0
4842 68.0
4843 68.0
4844 68.0
4845 68.0
4846 68.0
4847 68.0
4848 68.0
4849 68.0
4850 68.0
4851 68.0
4852 68.0
4853 68.0
4854 68.0
4855 68.0
4856 68.0
4857 68.0
4858 68.0
4859 68.0
4860 68.0
4861 68.0
4862 68.0
4863 68.0
4864 68.0
4865 68.0
4866 68.0
4867 68.0
4868 68.0
4869 68.0
4870 68.0
4871 68.0
4872 68.0
4873 68.0
4874 68.0
4875 68.0
4876 68.0
4877 68.0
4878 68.0
4879 68.0
4880 68.0
4881 68.0
4882 68.0
4883 68.0
4884 68.0
4885 68.0
4886 68.0
4887 68.0
4888 68.0
4889 68.0
4890 68.0
4891 68.0
4892 68.0
4893 68.0
4894 68.0
4895 68.0
4896 68.0
4897 68.0
4898 68.0
4899 68.0
4900 68.0
4901 68.0
4902 68.0
4903 68.0
4904 68.0
4905 68.0
4906 68.0
4907 68.0
4908 68.0
4909 68.0
4910 68.0
4911 68.0
4912 68.0
4913 68.0
4914 68.0
4915 68.0
4916 68.0
4917 68.0
4918 68.0
4919 68.0
4920 68.0
4921 68.0
4922 68.0
4923 68.0
4924 68.0
4925 68.0
4926 68.0
4927 68.0
4928 68.0
4929 68.0
4930 68.0
4931 68.0
4932 68.0
4933 68.0
4934 68.0
4935 68.0
4936 68.0
4937 68.0
4938 68.0
4939 68.0
4940 68.0
4941 68.0
4942 68.0
4943 68.0
4944 68.0
4945 68.0
4946 68.0
4947 68.0
4948 68.0
4949 68.0
4950 68.0
4951 68.0
4952 68.0
4953 68.0
4954 68.0
4955 68.0
4956 68.0
4957 68.0
4958 68.0
4959 68.0
4960 68.0
4961 68.0
4962 68.0
4963 68.0
4964 68.0
4965 68.0
4966 68.0
4967 68.0
4968 68.0
4969 68.0
4970 68.0
4971 68.0
4972 68.0
4973 68.0
4974 68.0
4975 68.0
4976 68.0
4977 68.0
4978 68.0
4979 68.0
4980 68.0
4981 68.0
4982 68.0
4983 68.0
4984 68.0
4985 68.0
4986 68.0
4987 68.0
4988 68.0
4989 68.0
4990 68.0
4991 68.0
4992 68.0
4993 68.0
4994 68.0
4995 68.0
4996 68.0
4997 68.0
4998 68.0
4999 68.0
5000 68.0
5001 68.0
5002 68.0
5003 68.0
5004 68.0
5005 68.0
5006 68.0
5007 68.0
5008 68.0
5009 68.0
5010 68.0
5011 68.0
5012 68.0
5013 68.0
5014 68.0
5015 68.0
5016 68.0
5017 68.0
5018 68.0
5019 68.0
5020 68.0
5021 68.0
5022 68.0
5023 68.0
5024 68.0
5025 68.0
5026 68.0
5027 68.0
5028 68.0
5029 68.0
5030 68.0
5031 68.0
5032 68.0
5033 68.0
5034 68.0
5035 68.0
5036 68.0
5037 68.0
5038 68.0
5039 68.0
5040 68.0
5041 68.0
5042 68.0
5043 68.0
5044 68.0
5045 68.0
5046 68.0
5047 68.0
5048 68.0
5049 68.0
5050 68.0
5051 68.0
5052 68.0
5053 68.0
5054 68.0
5055 68.0
5056 68.0
5057 68.0
5058 68.0
5059 68.0
5060 68.0
5061 68.0
5062 68.0
5063 68.0
5064 68.0
5065 68.0
5066 68.0
5067 68.0
5068 68.0
5069 68.0
5070 68.0
5071 68.0
5072 68.0
5073 68.0
5074 68.0
5075 68.0
5076 68.0
5077 68.0
5078 68.0
5079 68.0
5080 68.0
5081 68.0
5082 68.0
5083 68.0
5084 68.0
5085 68.0
5086 68.0
5087 68.0
5088 68.0
5089 68.0
5090 68.0
5091 68.0
5092 68.0
5093 68.0
5094 68.0
5095 68.0
5096 68.0
5097 68.0
5098 68.0
5099 68.0
5100 68.0
5101 68.0
5102 68.0
5103 68.0
5104 68.0
5105 68.0
5106 68.0
5107 68.0
5108 68.0
5109 68.0
5110 68.0
5111 68.0
5112 68.0
5113 68.0
5114 68.0
5115 68.0
5116 68.0
5117 68.0
5118 68.0
5119 68.0
5120 68.0
5121 68.0
5122 68.0
5123 68.0
5124 68.0
5125 68.0
5126 68.0
5127 68.0
5128 68.0
5129 68.0
5130 68.0
5131 68.0
5132 68.0
5133 68.0
5134 68.0
5135 68.0
5136 68.0
5137 68.0
5138 68.0
5139 68.0
5140 68.0
5141 68.0
5142 68.0
5143 68.0
5144 68.0
5145 68.0
5146 68.0
5147 68.0
5148 68.0
5149 68.0
5150 68.0
5151 68.0
5152 68.0
5153 68.0
5154 68.0
5155 68.0
5156 68.0
5157 68.0
5158 68.0
5159 68.0
5160 68.0
5161 68.0
5162 68.0
5163 68.0
5164 68.0
5165 68.0
5166 68.0
5167 68.0
5168 68.0
5169 68.0
5170 68.0
5171 68.0
5172 68.0
5173 68.0
5174 68.0
5175 68.0
5176 68.0
5177 68.0
5178 68.0
5179 68.0
5180 68.0
5181 68.0
5182 68.0
5183 68.0
5184 68.0
5185 68.0
5186 68.0
5187 68.0
5188 68.0
5189 68.0
5190 68.0
5191 68.0
5192 68.0
5193 68.0
5194 68.0
5195 68.0
5196 68.0
5197 68.0
5198 68.0
5199 68.0
5200 68.0
5201 68.0
5202 68.0
5203 68.0
5204 68.0
5205 68.0
5206 68.0
5207 68.0
5208 68.0
5209 68.0
5210 68.0
5211 68.0
5212 68.0
5213 68.0
5214 68.0
5215 68.0
5216 68.0
5217 68.0
5218 68.0
5219 68.0
5220 68.0
5221 68.0
5222 68.0
5223 68.0
5224 68.0
5225 68.0
5226 68.0
5227 68.0
5228 68.0
5229 68.0
5230 68.0
5231 68.0
5232 68.0
5233 68.0
5234 68.0
5235 68.0
5236 68.0
5237 68.0
5238 68.0
5239 68.0
5240 68.0
5241 68.0
5242 68.0
5243 68.0
5244 68.0
5245 68.0
5246 68.0
5247 68.0
5248 68.0
5249 68.0
5250 68.0
5251 68.0
5252 68.0
5253 68.0
5254 68.0
5255 68.0
5256 68.0
5257 68.0
5258 68.0
5259 68.0
5260 68.0
5261 68.0
5262 68.0
5263 68.0
5264 68.0
5265 68.0
5266 68.0
5267 68.0
5268 68.0
5269 68.0
5270 68.0
5271 68.0
5272 68.0
5273 68.0
5274 68.0
5275 68.0
5276 68.0
5277 68.0
5278 68.0
5279 68.0
5280 68.0
5281 68.0
5282 68.0
5283 68.0
5284 68.0
5285 68.0
5286 68.0
5287 68.0
5288 68.0
5289 68.0
5290 68.0
5291 68.0
5292 68.0
5293 68.0
5294 68.0
5295 68.0
5296 68.0
5297 68.0
5298 68.0
5299 68.0
5300 68.0
5301 68.0
5302 68.0
5303 68.0
5304 68.0
5305 68.0
5306 68.0
5307 68.0
5308 68.0
5309 68.0
5310 68.0
5311 68.0
5312 68.0
5313 68.0
5314 68.0
5315 68.0
5316 68.0
5317 68.0
5318 68.0
5319 68.0
5320 68.0
5321 68.0
5322 68.0
5323 68.0
5324 68.0
5325 68.0
5326 68.0
5327 68.0
5328 68.0
5329 68.0
5330 68.0
5331 68.0
5332 68.0
5333 68.0
5334 68.0
5335 68.0
5336 68.0
5337 68.0
5338 68.0
5339 68.0
5340 68.0
5341 68.0
5342 68.0
5343 68.0
5344 68.0
5345 68.0
5346 68.0
5347 68.0
5348 68.0
5349 68.0
5350 68.0
5351 68.0
5352 68.0
5353 68.0
5354 68.0
5355 68.0
5356 68.0
5357 68.0
5358 68.0
5359 68.0
5360 68.0
5361 68.0
5362 68.0
5363 68.0
5364 68.0
5365 68.0
5366 68.0
5367 68.0
5368 68.0
5369 68.0
5370 68.0
5371 68.0
5372 68.0
5373 68.0
5374 68.0
5375 68.0
5376 68.0
5377 68.0
5378 68.0
5379 68.0
5380 68.0
5381 68.0
5382 68.0
5383 68.0
5384 68.0
5385 68.0
5386 68.0
5387 68.0
5388 68.0
5389 68.0
5390 68.0
5391 68.0
5392 68.0
5393 68.0
5394 68.0
5395 68.0
5396 68.0
5397 68.0
5398 68.0
5399 68.0
5400 68.0
5401 68.0
5402 68.0
5403 68.0
5404 68.0
5405 68.0
5406 68.0
5407 68.0
5408 68.0
5409 68.0
5410 68.0
5411 68.0
5412 68.0
5413 68.0
5414 68.0
5415 68.0
5416 68.0
5417 68.0
5418 68.0
5419 68.0
5420 68.0
5421 68.0
5422 68.0
5423 68.0
5424 68.0
5425 68.0
5426 68.0
5427 68.0
5428 68.0
5429 68.0
5430 68.0
5431 68.0
5432 68.0
5433 68.0
5434 68.0
5435 68.0
5436 68.0
5437 68.0
5438 68.0
5439 68.0
5440 68.0
5441 68.0
5442 68.0
5443 68.0
5444 68.0
5445 68.0
5446 68.0
5447 68.0
5448 68.0
5449 68.0
5450 68.0
5451 68.0
5452 68.0
5453 68.0
5454 68.0
5455 68.0
5456 68.0
5457 68.0
5458 68.0
5459 68.0
5460 68.0
5461 68.0
5462 68.0
5463 68.0
5464 68.0
5465 68.0
5466 68.0
5467 68.0
5468 68.0
5469 68.0
5470 68.0
5471 68.0
5472 68.0
5473 68.0
5474 68.0
5475 68.0
5476 68.0
5477 68.0
5478 68.0
5479 68.0
5480 68.0
5481 68.0
5482 68.0
5483 68.0
5484 68.0
5485 68.0
5486 68.0
5487 68.0
5488 68.0
5489 68.0
5490 68.0
5491 68.0
5492 68.0
5493 68.0
5494 68.0
5495 68.0
5496 68.0
5497 68.0
5498 68.0
5499 68.0
5500 68.0
5501 68.0
5502 68.0
5503 68.0
5504 68.0
5505 68.0
5506 68.0
5507 68.0
5508 68.0
5509 68.0
5510 68.0
5511 68.0
5512 68.0
5513 68.0
5514 68.0
5515 68.0
5516 68.0
5517 68.0
5518 68.0
5519 68.0
5520 68.0
5521 68.0
5522 68.0
5523 68.0
5524 68.0
5525 68.0
5526 68.0
5527 68.0
5528 68.0
5529 68.0
5530 68.0
5531 68.0
5532 68.0
5533 68.0
5534 68.0
5535 68.0
5536 68.0
5537 68.0
5538 68.0
5539 68.0
5540 68.0
5541 68.0
5542 68.0
5543 68.0
5544 68.0
5545 68.0
5546 68.0
5547 68.0
5548 68.0
5549 68.0
5550 68.0
5551 68.0
5552 68.0
5553 68.0
5554 68.0
5555 68.0
5556 68.0
5557 68.0
5558 68.0
5559 68.0
5560 68.0
5561 68.0
5562 68.0
5563 68.0
5564 68.0
5565 68.0
5566 68.0
5567 68.0
5568 68.0
5569 68.0
5570 68.0
5571 68.0
5572 68.0
5573 68.0
5574 68.0
5575 68.0
5576 68.0
5577 68.0
5578 68.0
5579 68.0
5580 68.0
5581 68.0
5582 68.0
5583 68.0
5584 68.0
5585 68.0
5586 68.0
5587 68.0
5588 68.0
5589 68.0
5590 68.0
5591 68.0
5592 68.0
5593 68.0
5594 68.0
5595 68.0
5596 68.0
5597 68.0
5598 68.0
5599 68.0
5600 68.0
5601 68.0
5602 68.0
5603 68.0
5604 68.0
5605 68.0
5606 68.0
5607 68.0
5608 68.0
5609 68.0
5610 68.0
5611 68.0
5612 68.0
5613 68.0
5614 68.0
5615 68.0
5616 68.0
5617 68.0
5618 68.0
5619 68.0
5620 68.0
5621 68.0
5622 68.0
5623 68.0
5624 68.0
5625 68.0
5626 68.0
5627 68.0
5628 68.0
5629 68.0
5630 68.0
5631 68.0
5632 68.0
5633 68.0
5634 68.0
5635 68.0
5636 68.0
5637 68.0
5638 68.0
5639 68.0
5640 68.0
5641 68.0
5642 68.0
5643 68.0
5644 68.0
5645 68.0
5646 68.0
5647 68.0
5648 68.0
5649 68.0
5650 68.0
5651 68.0
5652 68.0
5653 68.0
5654 68.0
5655 68.0
5656 68.0
5657 68.0
5658 68.0
5659 68.0
5660 68.0
5661 68.0
5662 68.0
5663 68.0
5664 68.0
5665 68.0
5666 68.0
5667 68.0
5668 68.0
5669 68.0
5670 68.0
5671 68.0
5672 68.0
5673 68.0
5674 68.0
5675 68.0
5676 68.0
5677 68.0
5678 68.0
5679 68.0
5680 68.0
5681 68.0
5682 68.0
5683 68.0
5684 68.0
5685 68.0
5686 68.0
5687 68.0
5688 68.0
5689 68.0
5690 68.0
5691 68.0
5692 68.0
5693 68.0
5694 68.0
5695 68.0
5696 68.0
5697 68.0
5698 68.0
5699 68.0
5700 68.0
5701 68.0
5702 68.0
5703 68.0
5704 68.0
5705 68.0
5706 68.0
5707 68.0
5708 68.0
5709 68.0
5710 68.0
5711 68.0
5712 68.0
5713 68.0
5714 68.0
5715 68.0
5716 68.0
5717 68.0
5718 68.0
5719 68.0
5720 68.0
5721 68.0
5722 68.0
5723 68.0
5724 68.0
5725 68.0
5726 68.0
5727 68.0
5728 68.0
5729 68.0
5730 68.0
5731 68.0
5732 68.0
5733 68.0
5734 68.0
5735 68.0
5736 68.0
5737 68.0
5738 68.0
5739 68.0
5740 68.0
5741 68.0
5742 68.0
5743 68.0
5744 68.0
5745 68.0
5746 68.0
5747 68.0
5748 68.0
5749 68.0
5750 68.0
5751 68.0
5752 68.0
5753 68.0
5754 68.0
5755 68.0
5756 68.0
5757 68.0
5758 68.0
5759 68.0
5760 68.0
5761 68.0
5762 68.0
5763 68.0
5764 68.0
5765 68.0
5766 68.0
5767 68.0
5768 68.0
5769 68.0
5770 68.0
5771 68.0
5772 68.0
5773 68.0
5774 68.0
5775 68.0
5776 68.0
5777 68.0
5778 68.0
5779 68.0
5780 68.0
5781 68.0
5782 68.0
5783 68.0
5784 68.0
5785 68.0
5786 68.0
5787 68.0
5788 68.0
5789 68.0
5790 68.0
5791 68.0
5792 68.0
5793 68.0
5794 68.0
5795 68.0
5796 68.0
5797 68.0
5798 68.0
5799 68.0
5800 68.0
5801 68.0
5802 68.0
5803 68.0
5804 68.0
5805 68.0
5806 68.0
5807 68.0
5808 68.0
5809 68.0
5810 68.0
5811 68.0
5812 68.0
5813 68.0
5814 68.0
5815 68.0
5816 68.0
5817 68.0
5818 68.0
5819 68.0
5820 68.0
5821 68.0
5822 68.0
5823 68.0
5824 68.0
5825 68.0
5826 68.0
5827 68.0
5828 68.0
5829 68.0
5830 68.0
5831 68.0
5832 68.0
5833 68.0
5834 68.0
5835 68.0
5836 68.0
5837 68.0
5838 68.0
5839 68.0
5840 68.0
5841 68.0
5842 68.0
5843 68.0
5844 68.0
5845 68.0
5846 68.0
5847 68.0
5848 68.0
5849 68.0
5850 68.0
5851 68.0
5852 68.0
5853 68.0
5854 68.0
5855 68.0
5856 68.0
5857 68.0
5858 68.0
5859 68.0
5860 68.0
5861 68.0
5862 68.0
5863 68.0
5864 68.0
5865 68.0
5866 68.0
5867 68.0
5868 68.0
5869 68.0
5870 68.0
5871 68.0
5872 68.0
5873 68.0
5874 68.0
5875 68.0
5876 68.0
5877 68.0
5878 68.0
5879 68.0
5880 68.0
5881 68.0
5882 68.0
5883 68.0
5884 68.0
5885 68.0
5886 68.0
5887 68.0
5888 68.0
5889 68.0
5890 68.0
5891 68.0
5892 68.0
5893 68.0
5894 68.0
5895 68.0
5896 68.0
5897 68.0
5898 68.0
5899 68.0
5900 68.0
5901 68.0
5902 68.0
5903 68.0
5904 68.0
5905 68.0
5906 68.0
5907 68.0
5908 68.0
5909 68.0
5910 68.0
5911 68.0
5912 68.0
5913 68.0
5914 68.0
5915 68.0
5916 68.0
5917 68.0
5918 68.0
5919 68.0
5920 68.0
5921 68.0
5922 68.0
5923 68.0
5924 68.0
5925 68.0
5926 68.0
5927 68.0
5928 68.0
5929 68.0
5930 68.0
5931 68.0
5932 68.0
5933 68.0
5934 68.0
5935 68.0
5936 68.0
5937 68.0
5938 68.0
5939 68.0
5940 68.0
5941 68.0
5942 68.0
5943 68.0
5944 68.0
5945 68.0
5946 68.0
5947 68.0
5948 68.0
5949 68.0
5950 68.0
5951 68.0
5952 68.0
5953 68.0
5954 68.0
5955 68.0
5956 68.0
5957 68.0
5958 68.0
5959 68.0
5960 68.0
5961 68.0
5962 68.0
5963 68.0
5964 68.0
5965 68.0
5966 68.0
5967 68.0
5968 68.0
5969 68.0
5970 68.0
5971 68.0
5972 68.0
5973 68.0
5974 68.0
5975 68.0
5976 68.0
5977 68.0
5978 68.0
5979 68.0
5980 68.0
5981 68.0
5982 68.0
5983 68.0
5984 68.0
5985 68.0
5986 68.0
5987 68.0
5988 68.0
5989 68.0
5990 68.0
5991 68.0
5992 68.0
5993 68.0
5994 68.0
5995 68.0
5996 68.0
5997 68.0
5998 68.0
5999 68.0
6000 68.0
6001 68.0
6002 68.0
6003 68.0
6004 68.0
6005 68.0
6006 68.0
6007 68.0
6008 68.0
6009 68.0
6010 68.0
6011 68.0
6012 68.0
6013 68.0
6014 68.0
6015 68.0
6016 68.0
6017 68.0
6018 68.0
6019 68.0
6020 68.0
6021 68.0
6022 68.0
6023 68.0
6024 68.0
6025 68.0
6026 68.0
6027 68.0
6028 68.0
6029 68.0
6030 68.0
6031 68.0
6032 68.0
6033 68.0
6034 68.0
6035 68.0
6036 68.0
6037 68.0
6038 68.0
6039 68.0
6040 68.0
6041 68.0
6042 68.0
6043 68.0
6044 68.0
6045 68.0
6046 68.0
6047 68.0
6048 68.0
6049 68.0
6050 68.0
6051 68.0
6052 68.0
6053 68.0
6054 68.0
6055 68.0
6056 68.0
6057 68.0
6058 68.0
6059 68.0
6060 68.0
6061 68.0
6062 68.0
6063 68.0
6064 68.0
6065 68.0
6066 68.0
6067 68.0
6068 68.0
6069 68.0
6070 68.0
6071 68.0
6072 68.0
6073 68.0
6074 68.0
6075 68.0
6076 68.0
6077 68.0
6078 68.0
6079 68.0
6080 68.0
6081 68.0
6082 68.0
6083 68.0
6084 68.0
6085 68.0
6086 68.0
6087 68.0
6088 68.0
6089 68.0
6090 68.0
6091 68.0
6092 68.0
6093 68.0
6094 68.0
6095 68.0
6096 68.0
6097 68.0
6098 68.0
6099 68.0
6100 68.0
6101 68.0
6102 68.0
6103 68.0
6104 68.0
6105 68.0
6106 68.0
6107 68.0
6108 68.0
6109 68.0
6110 68.0
6111 68.0
6112 68.0
6113 68.0
6114 68.0
6115 68.0
6116 68.0
6117 68.0
6118 68.0
6119 68.0
6120 68.0
6121 68.0
6122 68.0
6123 68.0
6124 68.0
6125 68.0
6126 68.0
6127 68.0
6128 68.0
6129 68.0
6130 68.0
6131 68.0
6132 68.0
6133 68.0
6134 68.0
6135 68.0
6136 68.0
6137 68.0
6138 68.0
6139 68.0
6140 68.0
6141 68.0
6142 68.0
6143 68.0
6144 68.0
6145 70.0
6146 70.0
6147 70.0
6148 70.0
6149 70.0
6150 70.0
6151 70.0
6152 70.0
6153 70.0
6154 70.0
6155 70.0
6156 70.0
6157 70.0
6158 70.0
6159 70.0
6160 70.0
6161 70.0
6162 70.0
6163 70.0
6164 70.0
6165 70.0
6166 70.0
6167 70.0
6168 70.0
6169 70.0
6170 70.0
6171 70.0
6172 70.0
6173 70.0
6174 70.0
6175 70.0
6176 70.0
6177 70.0
6178 70.0
6179 70.0
6180 70.0
6181 70.0
6182 70.0
6183 70.0
6184 70.0
6185 70.0
6186 70.0
6187 70.0
6188 70.0
6189 70.0
6190 70.0
6191 70.0
6192 70.0
6193 70.0
6194 70.0
6195 70.0
6196 70.0
6197 70.0
6198 70.0
6199 70.0
6200 70.0
6201 70.0
6202 70.0
6203 70.0
6204 70.0
6205 70.0
6206 70.0
6207 70.0
6208 70.0
6209 70.0
6210 70.0
6211 70.0
6212 70.0
6213 70.0
6214 70.0
6215 70.0
6216 70.0
6217 70.0
6218 70.0
6219 70.0
6220 70.0
6221 70.0
6222 70.0
6223 70.0
6224 70.0
6225 70.0
6226 70.0
6227 70.0
6228 70.0
6229 70.0
6230 70.0
6231 70.0
6232 70.0
6233 70.0
6234 70.0
6235 70.0
6236 70.0
6237 70.0
6238 70.0
6239 70.0
6240 70.0
6241 70.0
6242 70.0
6243 70.0
6244 70.0
6245 70.0
6246 70.0
6247 70.0
6248 70.0
6249 70.0
6250 70.0
6251 70.0
6252 70.0
6253 70.0
6254 70.0
6255 70.0
6256 70.0
6257 70.0
6258 70.0
6259 70.0
6260 70.0
6261 70.0
6262 70.0
6263 70.0
6264 70.0
6265 70.0
6266 70.0
6267 70.0
6268 70.0
6269 70.0
6270 70.0
6271 70.0
6272 70.0
6273 70.0
6274 70.0
6275 70.0
6276 70.0
6277 70.0
6278 70.0
6279 70.0
6280 70.0
6281 70.0
6282 70.0
6283 70.0
6284 70.0
6285 70.0
6286 70.0
6287 70.0
6288 70.0
6289 70.0
6290 70.0
6291 70.0
6292 70.0
6293 70.0
6294 70.0
6295 70.0
6296 70.0
6297 70.0
6298 70.0
6299 70.0
6300 70.0
6301 70.0
6302 70.0
6303 70.0
6304 70.0
6305 70.0
6306 70.0
6307 70.0
6308 70.0
6309 70.0
6310 70.0
6311 70.0
6312 70.0
6313 70.0
6314 70.0
6315 70.0
6316 70.0
6317 70.0
6318 70.0
6319 70.0
6320 70.0
6321 70.0
6322 70.0
6323 70.0
6324 70.0
6325 70.0
6326 70.0
6327 70.0
6328 70.0
6329 70.0
6330 70.0
6331 70.0
6332 70.0
6333 70.0
6334 70.0
6335 70.0
6336 70.0
6337 70.0
6338 70.0
6339 70.0
6340 70.0
6341 70.0
6342 70.0
6343 70.0
6344 70.0
6345 70.0
6346 70.0
6347 70.0
6348 70.0
6349 70.0
6350 70.0
6351 70.0
6352 70.0
6353 70.0
6354 70.0
6355 70.0
6356 70.0
6357 70.0
6358 70.0
6359 70.0
6360 70.0
6361 70.0
6362 70.0
6363 70.0
6364 70.0
6365 70.0
6366 70.0
6367 70.0
6368 70.0
6369 70.0
6370 70.0
6371 70.0
6372 70.0
6373 70.0
6374 70.0
6375 70.0
6376 70.0
6377 70.0
6378 70.0
6379 70.0
6380 70.0
6381 70.0
6382 70.0
6383 70.0
6384 70.0
6385 70.0
6386 70.0
6387 70.0
6388 70.0
6389 70.0
6390 70.0
6391 70.0
6392 70.0
6393 70.0
6394 70.0
6395 70.0
6396 70.0
6397 70.0
6398 70.0
6399 70.0
6400 70.0
6401 70.0
6402 70.0
6403 70.0
6404 70.0
6405 70.0
6406 70.0
6407 70.0
6408 70.0
6409 70.0
6410 70.0
6411 70.0
6412 70.0
6413 70.0
6414 70.0
6415 70.0
6416 70.0
6417 70.0
6418 70.0
6419 70.0
6420 70.0
6421 70.0
6422 70.0
6423 70.0
6424 70.0
6425 70.0
6426 70.0
6427 70.0
6428 70.0
6429 70.0
6430 70.0
6431 70.0
6432 70.0
6433 70.0
6434 70.0
6435 70.0
6436 70.0
6437 70.0
6438 70.0
6439 70.0
6440 70.0
6441 70.0
6442 70.0
6443 70.0
6444 70.0
6445 70.0
6446 70.0
6447 70.0
6448 70.0
6449 70.0
6450 70.0
6451 70.0
6452 70.0
6453 70.0
6454 70.0
6455 70.0
6456 70.0
6457 70.0
6458 70.0
6459 70.0
6460 70.0
6461 70.0
6462 70.0
6463 70.0
6464 70.0
6465 70.0
6466 70.0
6467 70.0
6468 70.0
6469 70.0
6470 70.0
6471 70.0
6472 70.0
6473 70.0
6474 70.0
6475 70.0
6476 70.0
6477 70.0
6478 70.0
6479 70.0
6480 70.0
6481 70.0
6482 70.0
6483 70.0
6484 70.0
6485 70.0
6486 70.0
6487 70.0
6488 70.0
6489 70.0
6490 70.0
6491 70.0
6492 70.0
6493 70.0
6494 70.0
6495 70.0
6496 70.0
6497 70.0
6498 70.0
6499 70.0
6500 70.0
6501 70.0
6502 70.0
6503 70.0
6504 70.0
6505 70.0
6506 70.0
6507 70.0
6508 70.0
6509 70.0
6510 70.0
6511 70.0
6512 70.0
6513 70.0
6514 70.0
6515 70.0
6516 70.0
6517 70.0
6518 70.0
6519 70.0
6520 70.0
6521 70.0
6522 70.0
6523 70.0
6524 70.0
6525 70.0
6526 70.0
6527 70.0
6528 70.0
6529 70.0
6530 70.0
6531 70.0
6532 70.0
6533 70.0
6534 70.0
6535 70.0
6536 70.0
6537 70.0
6538 70.0
6539 70.0
6540 70.0
6541 70.0
6542 70.0
6543 70.0
6544 70.0
6545 70.0
6546 70.0
6547 70.0
6548 70.0
6549 70.0
6550 70.0
6551 70.0
6552 70.0
6553 70.0
6554 70.0
6555 70.0
6556 70.0
6557 70.0
6558 70.0
6559 70.0
6560 70.0
6561 70.0
6562 70.0
6563 70.0
6564 70.0
6565 70.0
6566 70.0
6567 70.0
6568 70.0
6569 70.0
6570 70.0
6571 70.0
6572 70.0
6573 70.0
6574 70.0
6575 70.0
6576 70.0
6577 70.0
6578 70.0
6579 70.0
6580 70.0
6581 70.0
6582 70.0
6583 70.0
6584 70.0
6585 70.0
6586 70.0
6587 70.0
6588 70.0
6589 70.0
6590 70.0
6591 70.0
6592 70.0
6593 70.0
6594 70.0
6595 70.0
6596 70.0
6597 70.0
6598 70.0
6599 70.0
6600 70.0
6601 70.0
6602 70.0
6603 70.0
6604 70.0
6605 70.0
6606 70.0
6607 70.0
6608 70.0
6609 70.0
6610 70.0
6611 70.0
6612 70.0
6613 70.0
6614 70.0
6615 70.0
6616 70.0
6617 70.0
6618 70.0
6619 70.0
6620 70.0
6621 70.0
6622 70.0
6623 70.0
6624 70.0
6625 70.0
6626 70.0
6627 70.0
6628 70.0
6629 70.0
6630 70.0
6631 70.0
6632 70.0
6633 70.0
6634 70.0
6635 70.0
6636 70.0
6637 70.0
6638 70.0
6639 70.0
6640 70.0
6641 70.0
6642 70.0
6643 70.0
6644 70.0
6645 70.0
6646 70.0
6647 70.0
6648 70.0
6649 70.0
6650 70.0
6651 70.0
6652 70.0
6653 70.0
6654 70.0
6655 70.0
6656 70.0
6657 70.0
6658 70.0
6659 70.0
6660 70.0
6661 70.0
6662 70.0
6663 70.0
6664 70.0
6665 70.0
6666 70.0
6667 70.0
6668 70.0
6669 70.0
6670 70.0
6671 70.0
6672 70.0
6673 70.0
6674 70.0
6675 70.0
6676 70.0
6677 70.0
6678 70.0
6679 70.0
6680 70.0
6681 70.0
6682 70.0
6683 70.0
6684 70.0
6685 70.0
6686 70.0
6687 70.0
6688 70.0
6689 70.0
6690 70.0
6691 70.0
6692 70.0
6693 70.0
6694 70.0
6695 70.0
6696 70.0
6697 70.0
6698 70.0
6699 70.0
6700 70.0
6701 70.0
6702 70.0
6703 70.0
6704 70.0
6705 70.0
6706 70.0
6707 70.0
6708 70.0
6709 70.0
6710 70.0
6711 70.0
6712 70.0
6713 70.0
6714 70.0
6715 70.0
6716 70.0
6717 70.0
6718 70.0
6719 70.0
6720 70.0
6721 70.0
6722 70.0
6723 70.0
6724 70.0
6725 70.0
6726 70.0
6727 70.0
6728 70.0
6729 70.0
6730 70.0
6731 70.0
6732 70.0
6733 70.0
6734 70.0
6735 70.0
6736 70.0
6737 70.0
6738 70.0
6739 70.0
6740 70.0
6741 70.0
6742 70.0
6743 70.0
6744 70.0
6745 70.0
6746 70.0
6747 70.0
6748 70.0
6749 70.0
6750 70.0
6751 70.0
6752 70.0
6753 70.0
6754 70.0
6755 70.0
6756 70.0
6757 70.0
6758 70.0
6759 70.0
6760 70.0
6761 70.0
6762 70.0
6763 70.0
6764 70.0
6765 70.0
6766 70.0
6767 70.0
6768 70.0
6769 70.0
6770 70.0
6771 70.0
6772 70.0
6773 70.0
6774 70.0
6775 70.0
6776 70.0
6777 70.0
6778 70.0
6779 70.0
6780 70.0
6781 70.0
6782 70.0
6783 70.0
6784 70.0
6785 70.0
6786 70.0
6787 70.0
6788 70.0
6789 70.0
6790 70.0
6791 70.0
6792 70.0
6793 70.0
6794 70.0
6795 70.0
6796 70.0
6797 70.0
6798 70.0
6799 70.0
6800 70.0
6801 70.0
6802 70.0
6803 70.0
6804 70.0
6805 70.0
6806 70.0
6807 70.0
6808 70.0
6809 70.0
6810 70.0
6811 70.0
6812 70.0
6813 70.0
6814 70.0
6815 70.0
6816 70.0
6817 70.0
6818 70.0
6819 70.0
6820 70.0
6821 70.0
6822 70.0
6823 70.0
6824 70.0
6825 70.0
6826 70.0
6827 70.0
6828 70.0
6829 70.0
6830 70.0
6831 70.0
6832 70.0
6833 70.0
6834 70.0
6835 70.0
6836 70.0
6837 70.0
6838 70.0
6839 70.0
6840 70.0
6841 70.0
6842 70.0
6843 70.0
6844 70.0
6845 70.0
6846 70.0
6847 70.0
6848 70.0
6849 70.0
6850 70.0
6851 70.0
6852 70.0
6853 70.0
6854 70.0
6855 70.0
6856 70.0
6857 70.0
6858 70.0
6859 70.0
6860 70.0
6861 70.0
6862 70.0
6863 70.0
6864 70.0
6865 70.0
6866 70.0
6867 70.0
6868 70.0
6869 70.0
6870 70.0
6871 70.0
6872 70.0
6873 70.0
6874 70.0
6875 70.0
6876 70.0
6877 70.0
6878 70.0
6879 70.0
6880 70.0
6881 70.0
6882 70.0
6883 70.0
6884 70.0
6885 70.0
6886 70.0
6887 70.0
6888 70.0
6889 70.0
6890 70.0
6891 70.0
6892 70.0
6893 70.0
6894 70.0
6895 70.0
6896 70.0
6897 70.0
6898 70.0
6899 70.0
6900 70.0
6901 70.0
6902 70.0
6903 70.0
6904 70.0
6905 70.0
6906 70.0
6907 70.0
6908 70.0
6909 70.0
6910 70.0
6911 70.0
6912 70.0
6913 70.0
6914 70.0
6915 70.0
6916 70.0
6917 70.0
6918 70.0
6919 70.0
6920 70.0
6921 70.0
6922 70.0
6923 70.0
6924 70.0
6925 70.0
6926 70.0
6927 70.0
6928 70.0
6929 70.0
6930 70.0
6931 70.0
6932 70.0
6933 70.0
6934 70.0
6935 70.0
6936 70.0
6937 70.0
6938 70.0
6939 70.0
6940 70.0
6941 70.0
6942 70.0
6943 70.0
6944 70.0
6945 70.0
6946 70.0
6947 70.0
6948 70.0
6949 70.0
6950 70.0
6951 70.0
6952 70.0
6953 70.0
6954 70.0
6955 70.0
6956 70.0
6957 70.0
6958 70.0
6959 70.0
6960 70.0
6961 70.0
6962 70.0
6963 70.0
6964 70.0
6965 70.0
6966 70.0
6967 70.0
6968 70.0
6969 70.0
6970 70.0
6971 70.0
6972 70.0
6973 70.0
6974 70.0
6975 70.0
6976 70.0
6977 70.0
6978 70.0
6979 70.0
6980 70.0
6981 70.0
6982 70.0
6983 70.0
6984 70.0
6985 70.0
6986 70.0
6987 70.0
6988 70.0
6989 70.0
6990 70.0
6991 70.0
6992 70.0
6993 70.0
6994 70.0
6995 70.0
6996 70.0
6997 70.0
6998 70.0
6999 70.0
7000 70.0
7001 70.0
7002 70.0
7003 70.0
7004 70.0
7005 70.0
7006 70.0
7007 70.0
7008 70.0
7009 70.0
7010 70.0
7011 70.0
7012 70.0
7013 70.0
7014 70.0
7015 70.0
7016 70.0
7017 70.0
7018 70.0
7019 70.0
7020 70.0
7021 70.0
7022 70.0
7023 70.0
7024 70.0
7025 70.0
7026 70.0
7027 70.0
7028 70.0
7029 70.0
7030 70.0
7031 70.0
7032 70.0
7033 70.0
7034 70.0
7035 70.0
7036 70.0
7037 70.0
7038 70.0
7039 70.0
7040 70.0
7041 70.0
7042 70.0
7043 70.0
7044 70.0
7045 70.0
7046 70.0
7047 70.0
7048 70.0
7049 70.0
7050 70.0
7051 70.0
7052 70.0
7053 70.0
7054 70.0
7055 70.0
7056 70.0
7057 70.0
7058 70.0
7059 70.0
7060 70.0
7061 70.0
7062 70.0
7063 70.0
7064 70.0
7065 70.0
7066 70.0
7067 70.0
7068 70.0
7069 70.0
7070 70.0
7071 70.0
7072 70.0
7073 70.0
7074 70.0
7075 70.0
7076 70.0
7077 70.0
7078 70.0
7079 70.0
7080 70.0
7081 70.0
7082 70.0
7083 70.0
7084 70.0
7085 70.0
7086 70.0
7087 70.0
7088 70.0
7089 70.0
7090 70.0
7091 70.0
7092 70.0
7093 70.0
7094 70.0
7095 70.0
7096 70.0
7097 70.0
7098 70.0
7099 70.0
7100 70.0
7101 70.0
7102 70.0
7103 70.0
7104 70.0
7105 70.0
7106 70.0
7107 70.0
7108 70.0
7109 70.0
7110 70.0
7111 70.0
7112 70.0
7113 70.0
7114 70.0
7115 70.0
7116 70.0
7117 70.0
7118 70.0
7119 70.0
7120 70.0
7121 70.0
7122 70.0
7123 70.0
7124 70.0
7125 70.0
7126 70.0
7127 70.0
7128 70.0
7129 70.0
7130 70.0
7131 70.0
7132 70.0
7133 70.0
7134 70.0
7135 70.0
7136 70.0
7137 70.0
7138 70.0
7139 70.0
7140 70.0
7141 70.0
7142 70.0
7143 70.0
7144 70.0
7145 70.0
7146 70.0
7147 70.0
7148 70.0
7149 70.0
7150 70.0
7151 70.0
7152 70.0
7153 70.0
7154 70.0
7155 70.0
7156 70.0
7157 70.0
7158 70.0
7159 70.0
7160 70.0
7161 70.0
7162 70.0
7163 70.0
7164 70.0
7165 70.0
7166 70.0
7167 70.0
7168 70.0
7169 70.0
7170 70.0
7171 70.0
7172 70.0
7173 70.0
7174 70.0
7175 70.0
7176 70.0
7177 70.0
7178 70.0
7179 70.0
7180 70.0
7181 70.0
7182 70.0
7183 70.0
7184 70.0
7185 70.0
7186 70.0
7187 70.0
7188 70.0
7189 70.0
7190 70.0
7191 70.0
7192 70.0
7193 70.0
7194 70.0
7195 70.0
7196 70.0
7197 70.0
7198 70.0
7199 70.0
7200 70.0
7201 70.0
7202 70.0
7203 70.0
7204 70.0
7205 70.0
7206 70.0
7207 70.0
7208 70.0
7209 70.0
7210 70.0
7211 70.0
7212 70.0
7213 70.0
7214 70.0
7215 70.0
7216 70.0
7217 70.0
7218 70.0
7219 70.0
7220 70.0
7221 70.0
7222 70.0
7223 70.0
7224 70.0
7225 70.0
7226 70.0
7227 70.0
7228 70.0
7229 70.0
7230 70.0
7231 70.0
7232 70.0
7233 70.0
7234 70.0
7235 70.0
7236 70.0
7237 70.0
7238 70.0
7239 70.0
7240 70.0
7241 70.0
7242 70.0
7243 70.0
7244 70.0
7245 70.0
7246 70.0
7247 70.0
7248 70.0
7249 70.0
7250 70.0
7251 70.0
7252 70.0
7253 70.0
7254 70.0
7255 70.0
7256 70.0
7257 70.0
7258 70.0
7259 70.0
7260 70.0
7261 70.0
7262 70.0
7263 70.0
7264 70.0
7265 70.0
7266 70.0
7267 70.0
7268 70.0
7269 70.0
7270 70.0
7271 70.0
7272 70.0
7273 70.0
7274 70.0
7275 70.0
7276 70.0
7277 70.0
7278 70.0
7279 70.0
7280 70.0
7281 70.0
7282 70.0
7283 70.0
7284 70.0
7285 70.0
7286 70.0
7287 70.0
7288 70.0
7289 70.0
7290 70.0
7291 70.0
7292 70.0
7293 70.0
7294 70.0
7295 70.0
7296 70.0
7297 70.0
7298 70.0
7299 70.0
7300 70.0
7301 70.0
7302 70.0
7303 70.0
7304 70.0
7305 70.0
7306 70.0
7307 70.0
7308 70.0
7309 70.0
7310 70.0
7311 70.0
7312 70.0
7313 70.0
7314 70.0
7315 70.0
7316 70.0
7317 70.0
7318 70.0
7319 70.0
7320 70.0
7321 70.0
7322 70.0
7323 70.0
7324 70.0
7325 70.0
7326 70.0
7327 70.0
7328 70.0
7329 70.0
7330 70.0
7331 70.0
7332 70.0
7333 70.0
7334 70.0
7335 70.0
7336 70.0
7337 70.0
7338 70.0
7339 70.0
7340 70.0
7341 70.0
7342 70.0
7343 70.0
7344 70.0
7345 70.0
7346 70.0
7347 70.0
7348 70.0
7349 70.0
7350 70.0
7351 70.0
7352 70.0
7353 70.0
7354 70.0
7355 70.0
7356 70.0
7357 70.0
7358 70.0
7359 70.0
7360 70.0
7361 70.0
7362 70.0
7363 70.0
7364 70.0
7365 70.0
7366 70.0
7367 70.0
7368 70.0
7369 70.0
7370 70.0
7371 70.0
7372 70.0
7373 70.0
7374 70.0
7375 70.0
7376 70.0
7377 70.0
7378 70.0
7379 70.0
7380 70.0
7381 70.0
7382 70.0
7383 70.0
7384 70.0
7385 70.0
7386 70.0
7387 70.0
7388 70.0
7389 70.0
7390 70.0
7391 70.0
7392 70.0
7393 70.0
7394 70.0
7395 70.0
7396 70.0
7397 70.0
7398 70.0
7399 70.0
7400 70.0
7401 70.0
7402 70.0
7403 70.0
7404 70.0
7405 70.0
7406 70.0
7407 70.0
7408 70.0
7409 70.0
7410 70.0
7411 70.0
7412 70.0
7413 70.0
7414 70.0
7415 70.0
7416 70.0
7417 70.0
7418 70.0
7419 70.0
7420 70.0
7421 70.0
7422 70.0
7423 70.0
7424 70.0
7425 70.0
7426 70.0
7427 70.0
7428 70.0
7429 70.0
7430 70.0
7431 70.0
7432 70.0
7433 70.0
7434 70.0
7435 70.0
7436 70.0
7437 70.0
7438 70.0
7439 70.0
7440 70.0
7441 70.0
7442 70.0
7443 70.0
7444 70.0
7445 70.0
7446 70.0
7447 70.0
7448 70.0
7449 70.0
7450 70.0
7451 70.0
7452 70.0
7453 70.0
7454 70.0
7455 70.0
7456 70.0
7457 70.0
7458 70.0
7459 70.0
7460 70.0
7461 70.0
7462 70.0
7463 70.0
7464 70.0
7465 70.0
7466 70.0
7467 70.0
7468 70.0
7469 70.0
7470 70.0
7471 70.0
7472 70.0
7473 70.0
7474 70.0
7475 70.0
7476 70.0
7477 70.0
7478 70.0
7479 70.0
7480 70.0
7481 70.0
7482 70.0
7483 70.0
7484 70.0
7485 70.0
7486 70.0
7487 70.0
7488 70.0
7489 70.0
7490 70.0
7491 70.0
7492 70.0
7493 70.0
7494 70.0
7495 70.0
7496 70.0
7497 70.0
7498 70.0
7499 70.0
7500 70.0
7501 70.0
7502 70.0
7503 70.0
7504 70.0
7505 70.0
7506 70.0
7507 70.0
7508 70.0
7509 70.0
7510 70.0
7511 70.0
7512 70.0
7513 70.0
7514 70.0
7515 70.0
7516 70.0
7517 70.0
7518 70.0
7519 70.0
7520 70.0
7521 70.0
7522 70.0
7523 70.0
7524 70.0
7525 70.0
7526 70.0
7527 70.0
7528 70.0
7529 70.0
7530 70.0
7531 70.0
7532 70.0
7533 70.0
7534 70.0
7535 70.0
7536 70.0
7537 70.0
7538 70.0
7539 70.0
7540 70.0
7541 70.0
7542 70.0
7543 70.0
7544 70.0
7545 70.0
7546 70.0
7547 70.0
7548 70.0
7549 70.0
7550 70.0
7551 70.0
7552 70.0
7553 70.0
7554 70.0
7555 70.0
7556 70.0
7557 70.0
7558 70.0
7559 70.0
7560 70.0
7561 70.0
7562 70.0
7563 70.0
7564 70.0
7565 70.0
7566 70.0
7567 70.0
7568 70.0
7569 70.0
7570 70.0
7571 70.0
7572 70.0
7573 70.0
7574 70.0
7575 70.0
7576 70.0
7577 70.0
7578 70.0
7579 70.0
7580 70.0
7581 70.0
7582 70.0
7583 70.0
7584 70.0
7585 70.0
7586 70.0
7587 70.0
7588 70.0
7589 70.0
7590 70.0
7591 70.0
7592 70.0
7593 70.0
7594 70.0
7595 70.0
7596 70.0
7597 70.0
7598 70.0
7599 70.0
7600 70.0
7601 70.0
7602 70.0
7603 70.0
7604 70.0
7605 70.0
7606 70.0
7607 70.0
7608 70.0
7609 70.0
7610 70.0
7611 70.0
7612 70.0
7613 70.0
7614 70.0
7615 70.0
7616 70.0
7617 70.0
7618 70.0
7619 70.0
7620 70.0
7621 70.0
7622 70.0
7623 70.0
7624 70.0
7625 70.0
7626 70.0
7627 70.0
7628 70.0
7629 70.0
7630 70.0
7631 70.0
7632 70.0
7633 70.0
7634 70.0
7635 70.0
7636 70.0
7637 70.0
7638 70.0
7639 70.0
7640 70.0
7641 70.0
7642 70.0
7643 70.0
7644 70.0
7645 70.0
7646 70.0
7647 70.0
7648 70.0
7649 70.0
7650 70.0
7651 70.0
7652 70.0
7653 70.0
7654 70.0
7655 70.0
7656 70.0
7657 70.0
7658 70.0
7659 70.0
7660 70.0
7661 70.0
7662 70.0
7663 70.0
7664 70.0
7665 70.0
7666 70.0
7667 70.0
7668 70.0
7669 70.0
7670 70.0
7671 70.0
7672 70.0
7673 70.0
7674 70.0
7675 70.0
7676 70.0
7677 70.0
7678 70.0
7679 70.0
7680 70.0
7681 70.0
7682 70.0
7683 70.0
7684 70.0
7685 70.0
7686 70.0
7687 70.0
7688 70.0
7689 70.0
7690 70.0
7691 70.0
7692 70.0
7693 70.0
7694 70.0
7695 70.0
7696 70.0
7697 70.0
7698 70.0
7699 70.0
7700 70.0
7701 70.0
7702 70.0
7703 70.0
7704 70.0
7705 70.0
7706 70.0
7707 70.0
7708 70.0
7709 70.0
7710 70.0
7711 70.0
7712 70.0
7713 70.0
7714 70.0
7715 70.0
7716 70.0
7717 70.0
7718 70.0
7719 70.0
7720 70.0
7721 70.0
7722 70.0
7723 70.0
7724 70.0
7725 70.0
7726 70.0
7727 70.0
7728 70.0
7729 70.0
7730 70.0
7731 70.0
7732 70.0
7733 70.0
7734 70.0
7735 70.0
7736 70.0
7737 70.0
7738 70.0
7739 70.0
7740 70.0
7741 70.0
7742 70.0
7743 70.0
7744 70.0
7745 70.0
7746 70.0
7747 70.0
7748 70.0
7749 70.0
7750 70.0
7751 70.0
7752 70.0
7753 70.0
7754 70.0
7755 70.0
7756 70.0
7757 70.0
7758 70.0
7759 70.0
7760 70.0
7761 70.0
7762 70.0
7763 70.0
7764 70.0
7765 70.0
7766 70.0
7767 70.0
7768 70.0
7769 70.0
7770 70.0
7771 70.0
7772 70.0
7773 70.0
7774 70.0
7775 70.0
7776 70.0
7777 70.0
7778 70.0
7779 70.0
7780 70.0
7781 70.0
7782 70.0
7783 70.0
7784 70.0
7785 70.0
7786 70.0
7787 70.0
7788 70.0
7789 70.0
7790 70.0
7791 70.0
7792 70.0
7793 70.0
7794 70.0
7795 70.0
7796 70.0
7797 70.0
7798 70.0
7799 70.0
7800 70.0
7801 70.0
7802 70.0
7803 70.0
7804 70.0
7805 70.0
7806 70.0
7807 70.0
7808 70.0
7809 70.0
7810 70.0
7811 70.0
7812 70.0
7813 70.0
7814 70.0
7815 70.0
7816 70.0
7817 70.0
7818 70.0
7819 70.0
7820 70.0
7821 70.0
7822 70.0
7823 70.0
7824 70.0
7825 70.0
7826 70.0
7827 70.0
7828 70.0
7829 70.0
7830 70.0
7831 70.0
7832 70.0
7833 70.0
7834 70.0
7835 70.0
7836 70.0
7837 70.0
7838 70.0
7839 70.0
7840 70.0
7841 70.0
7842 70.0
7843 70.0
7844 70.0
7845 70.0
7846 70.0
7847 70.0
7848 70.0
7849 70.0
7850 70.0
7851 70.0
7852 70.0
7853 70.0
7854 70.0
7855 70.0
7856 70.0
7857 70.0
7858 70.0
7859 70.0
7860 70.0
7861 70.0
7862 70.0
7863 70.0
7864 70.0
7865 70.0
7866 70.0
7867 70.0
7868 70.0
7869 70.0
7870 70.0
7871 70.0
7872 70.0
7873 70.0
7874 70.0
7875 70.0
7876 70.0
7877 70.0
7878 70.0
7879 70.0
7880 70.0
7881 70.0
7882 70.0
7883 70.0
7884 70.0
7885 70.0
7886 70.0
7887 70.0
7888 70.0
7889 70.0
7890 70.0
7891 70.0
7892 70.0
7893 70.0
7894 70.0
7895 70.0
7896 70.0
7897 70.0
7898 70.0
7899 70.0
7900 70.0
7901 70.0
7902 70.0
7903 70.0
7904 70.0
7905 70.0
7906 70.0
7907 70.0
7908 70.0
7909 70.0
7910 70.0
7911 70.0
7912 70.0
7913 70.0
7914 70.0
7915 70.0
7916 70.0
7917 70.0
7918 70.0
7919 70.0
7920 70.0
7921 70.0
7922 70.0
7923 70.0
7924 70.0
7925 70.0
7926 70.0
7927 70.0
7928 70.0
7929 70.0
7930 70.0
7931 70.0
7932 70.0
7933 70.0
7934 70.0
7935 70.0
7936 70.0
7937 70.0
7938 70.0
7939 70.0
7940 70.0
7941 70.0
7942 70.0
7943 70.0
7944 70.0
7945 70.0
7946 70.0
7947 70.0
7948 70.0
7949 70.0
7950 70.0
7951 70.0
7952 70.0
7953 70.0
7954 70.0
7955 70.0
7956 70.0
7957 70.0
7958 70.0
7959 70.0
7960 70.0
7961 70.0
7962 70.0
7963 70.0
7964 70.0
7965 70.0
7966 70.0
7967 70.0
7968 70.0
7969 70.0
7970 70.0
7971 70.0
7972 70.0
7973 70.0
7974 70.0
7975 70.0
7976 70.0
7977 70.0
7978 70.0
7979 70.0
7980 70.0
7981 70.0
7982 70.0
7983 70.0
7984 70.0
7985 70.0
7986 70.0
7987 70.0
7988 70.0
7989 70.0
7990 70.0
7991 70.0
7992 70.0
7993 70.0
7994 70.0
7995 70.0
7996 70.0
7997 70.0
7998 70.0
7999 70.0
8000 70.0
8001 70.0
8002 70.0
8003 70.0
8004 70.0
8005 70.0
8006 70.0
8007 70.0
8008 70.0
8009 70.0
8010 70.0
8011 70.0
8012 70.0
8013 70.0
8014 70.0
8015 70.0
8016 70.0
8017 70.0
8018 70.0
8019 70.0
8020 70.0
8021 70.0
8022 70.0
8023 70.0
8024 70.0
8025 70.0
8026 70.0
8027 70.0
8028 70.0
8029 70.0
8030 70.0
8031 70.0
8032 70.0
8033 70.0
8034 70.0
8035 70.0
8036 70.0
8037 70.0
8038 70.0
8039 70.0
8040 70.0
8041 70.0
8042 70.0
8043 70.0
8044 70.0
8045 70.0
8046 70.0
8047 70.0
8048 70.0
8049 70.0
8050 70.0
8051 70.0
8052 70.0
8053 70.0
8054 70.0
8055 70.0
8056 70.0
8057 70.0
8058 70.0
8059 70.0
8060 70.0
8061 70.0
8062 70.0
8063 70.0
8064 70.0
8065 70.0
8066 70.0
8067 70.0
8068 70.0
8069 70.0
8070 70.0
8071 70.0
8072 70.0
8073 70.0
8074 70.0
8075 70.0
8076 70.0
8077 70.0
8078 70.0
8079 70.0
8080 70.0
8081 70.0
8082 70.0
8083 70.0
8084 70.0
8085 70.0
8086 70.0
8087 70.0
8088 70.0
8089 70.0
8090 70.0
8091 70.0
8092 70.0
8093 70.0
8094 70.0
8095 70.0
8096 70.0
8097 70.0
8098 70.0
8099 70.0
8100 70.0
8101 70.0
8102 70.0
8103 70.0
8104 70.0
8105 70.0
8106 70.0
8107 70.0
8108 70.0
8109 70.0
8110 70.0
8111 70.0
8112 70.0
8113 70.0
8114 70.0
8115 70.0
8116 70.0
8117 70.0
8118 70.0
8119 70.0
8120 70.0
8121 70.0
8122 70.0
8123 70.0
8124 70.0
8125 70.0
8126 70.0
8127 70.0
8128 70.0
8129 70.0
8130 70.0
8131 70.0
8132 70.0
8133 70.0
8134 70.0
8135 70.0
8136 70.0
8137 70.0
8138 70.0
8139 70.0
8140 70.0
8141 70.0
8142 70.0
8143 70.0
8144 70.0
8145 70.0
8146 70.0
8147 70.0
8148 70.0
8149 70.0
8150 70.0
8151 70.0
8152 70.0
8153 70.0
8154 70.0
8155 70.0
8156 70.0
8157 70.0
8158 70.0
8159 70.0
8160 70.0
8161 70.0
8162 70.0
8163 70.0
8164 70.0
8165 70.0
8166 70.0
8167 70.0
8168 70.0
8169 70.0
8170 70.0
8171 70.0
8172 70.0
8173 70.0
8174 70.0
8175 70.0
8176 70.0
8177 70.0
8178 70.0
8179 70.0
8180 70.0
8181 70.0
8182 70.0
8183 70.0
8184 70.0
8185 70.0
8186 70.0
8187 70.0
8188 70.0
8189 70.0
8190 70.0
8191 70.0
8192 70.0
8193 70.0
8194 70.0
8195 70.0
8196 70.0
8197 70.0
8198 70.0
8199 70.0
8200 70.0
8201 70.0
8202 70.0
8203 70.0
8204 70.0
8205 70.0
8206 70.0
8207 70.0
8208 70.0
8209 70.0
8210 70.0
8211 70.0
8212 70.0
8213 70.0
8214 70.0
8215 70.0
8216 70.0
8217 70.0
8218 70.0
8219 70.0
8220 70.0
8221 70.0
8222 70.0
8223 70.0
8224 70.0
8225 70.0
8226 70.0
8227 70.0
8228 70.0
8229 70.0
8230 70.0
8231 70.0
8232 70.0
8233 70.0
8234 70.0
8235 70.0
8236 70.0
8237 70.0
8238 70.0
8239 70.0
8240 70.0
8241 70.0
8242 70.0
8243 70.0
8244 70.0
8245 70.0
8246 70.0
8247 70.0
8248 70.0
8249 70.0
8250 70.0
8251 70.0
8252 70.0
8253 70.0
8254 70.0
8255 70.0
8256 70.0
8257 70.0
8258 70.0
8259 70.0
8260 70.0
8261 70.0
8262 70.0
8263 70.0
8264 70.0
8265 70.0
8266 70.0
8267 70.0
8268 70.0
8269 70.0
8270 70.0
8271 70.0
8272 70.0
8273 70.0
8274 70.0
8275 70.0
8276 70.0
8277 70.0
8278 70.0
8279 70.0
8280 70.0
8281 70.0
8282 70.0
8283 70.0
8284 70.0
8285 70.0
8286 70.0
8287 70.0
8288 70.0
8289 70.0
8290 70.0
8291 70.0
8292 70.0
8293 70.0
8294 70.0
8295 70.0
8296 70.0
8297 70.0
8298 70.0
8299 70.0
8300 70.0
8301 70.0
8302 70.0
8303 70.0
8304 70.0
8305 70.0
8306 70.0
8307 70.0
8308 70.0
8309 70.0
8310 70.0
8311 70.0
8312 70.0
8313 70.0
8314 70.0
8315 70.0
8316 70.0
8317 70.0
8318 70.0
8319 70.0
8320 70.0
8321 70.0
8322 70.0
8323 70.0
8324 70.0
8325 70.0
8326 70.0
8327 70.0
8328 70.0
8329 70.0
8330 70.0
8331 70.0
8332 70.0
8333 70.0
8334 70.0
8335 70.0
8336 70.0
8337 70.0
8338 70.0
8339 70.0
8340 70.0
8341 70.0
8342 70.0
8343 70.0
8344 70.0
8345 70.0
8346 70.0
8347 70.0
8348 70.0
8349 70.0
8350 70.0
8351 70.0
8352 70.0
8353 70.0
8354 70.0
8355 70.0
8356 70.0
8357 70.0
8358 70.0
8359 70.0
8360 70.0
8361 70.0
8362 70.0
8363 70.0
8364 70.0
8365 70.0
8366 70.0
8367 70.0
8368 70.0
8369 70.0
8370 70.0
8371 70.0
8372 70.0
8373 70.0
8374 70.0
8375 70.0
8376 70.0
8377 70.0
8378 70.0
8379 70.0
8380 70.0
8381 70.0
8382 70.0
8383 70.0
8384 70.0
8385 70.0
8386 70.0
8387 70.0
8388 70.0
8389 70.0
8390 70.0
8391 70.0
8392 70.0
8393 70.0
8394 70.0
8395 70.0
8396 70.0
8397 70.0
8398 70.0
8399 70.0
8400 70.0
8401 70.0
8402 70.0
8403 70.0
8404 70.0
8405 70.0
8406 70.0
8407 70.0
8408 70.0
8409 70.0
8410 70.0
8411 70.0
8412 70.0
8413 70.0
8414 70.0
8415 70.0
8416 70.0
8417 70.0
8418 70.0
8419 70.0
8420 70.0
8421 70.0
8422 70.0
8423 70.0
8424 70.0
8425 70.0
8426 70.0
8427 70.0
8428 70.0
8429 70.0
8430 70.0
8431 70.0
8432 70.0
8433 70.0
8434 70.0
8435 70.0
8436 70.0
8437 70.0
8438 70.0
8439 70.0
8440 70.0
8441 70.0
8442 70.0
8443 70.0
8444 70.0
8445 70.0
8446 70.0
8447 70.0
8448 70.0
8449 70.0
8450 70.0
8451 70.0
8452 70.0
8453 70.0
8454 70.0
8455 70.0
8456 70.0
8457 70.0
8458 70.0
8459 70.0
8460 70.0
8461 70.0
8462 70.0
8463 70.0
8464 70.0
8465 70.0
8466 70.0
8467 70.0
8468 70.0
8469 70.0
8470 70.0
8471 70.0
8472 70.0
8473 70.0
8474 70.0
8475 70.0
8476 70.0
8477 70.0
8478 70.0
8479 70.0
8480 70.0
8481 70.0
8482 70.0
8483 70.0
8484 70.0
8485 70.0
8486 70.0
8487 70.0
8488 70.0
8489 70.0
8490 70.0
8491 70.0
8492 70.0
8493 70.0
8494 70.0
8495 70.0
8496 70.0
8497 70.0
8498 70.0
8499 70.0
8500 70.0
8501 70.0
8502 70.0
8503 70.0
8504 70.0
8505 70.0
8506 70.0
8507 70.0
8508 70.0
8509 70.0
8510 70.0
8511 70.0
8512 70.0
8513 70.0
8514 70.0
8515 70.0
8516 70.0
8517 70.0
8518 70.0
8519 70.0
8520 70.0
8521 70.0
8522 70.0
8523 70.0
8524 70.0
8525 70.0
8526 70.0
8527 70.0
8528 70.0
8529 70.0
8530 70.0
8531 70.0
8532 70.0
8533 70.0
8534 70.0
8535 70.0
8536 70.0
8537 70.0
8538 70.0
8539 70.0
8540 70.0
8541 70.0
8542 70.0
8543 70.0
8544 70.0
8545 70.0
8546 70.0
8547 70.0
8548 70.0
8549 70.0
8550 70.0
8551 70.0
8552 70.0
8553 70.0
8554 70.0
8555 70.0
8556 70.0
8557 70.0
8558 70.0
8559 70.0
8560 70.0
8561 70.0
8562 70.0
8563 70.0
8564 70.0
8565 70.0
8566 70.0
8567 70.0
8568 70.0
8569 70.0
8570 70.0
8571 70.0
8572 70.0
8573 70.0
8574 70.0
8575 70.0
8576 70.0
8577 70.0
8578 70.0
8579 70.0
8580 70.0
8581 70.0
8582 70.0
8583 70.0
8584 70.0
8585 70.0
8586 70.0
8587 70.0
8588 70.0
8589 70.0
8590 70.0
8591 70.0
8592 70.0
8593 70.0
8594 70.0
8595 70.0
8596 70.0
8597 70.0
8598 70.0
8599 70.0
8600 70.0
8601 70.0
8602 70.0
8603 70.0
8604 70.0
8605 70.0
8606 70.0
8607 70.0
8608 70.0
8609 70.0
8610 70.0
8611 70.0
8612 70.0
8613 70.0
8614 70.0
8615 70.0
8616 70.0
8617 70.0
8618 70.0
8619 70.0
8620 70.0
8621 70.0
8622 70.0
8623 70.0
8624 70.0
8625 70.0
8626 70.0
8627 70.0
8628 70.0
8629 70.0
8630 70.0
8631 70.0
8632 70.0
8633 70.0
8634 70.0
8635 70.0
8636 70.0
8637 70.0
8638 70.0
8639 70.0
8640 70.0
8641 70.0
8642 70.0
8643 70.0
8644 70.0
8645 70.0
8646 70.0
8647 70.0
8648 70.0
8649 70.0
8650 70.0
8651 70.0
8652 70.0
8653 70.0
8654 70.0
8655 70.0
8656 70.0
8657 70.0
8658 70.0
8659 70.0
8660 70.0
8661 70.0
8662 70.0
8663 70.0
8664 70.0
8665 70.0
8666 70.0
8667 70.0
8668 70.0
8669 70.0
8670 70.0
8671 70.0
8672 70.0
8673 70.0
8674 70.0
8675 70.0
8676 70.0
8677 70.0
8678 70.0
8679 70.0
8680 70.0
8681 70.0
8682 70.0
8683 70.0
8684 70.0
8685 70.0
8686 70.0
8687 70.0
8688 70.0
8689 70.0
8690 70.0
8691 70.0
8692 70.0
8693 70.0
8694 70.0
8695 70.0
8696 70.0
8697 70.0
8698 70.0
8699 70.0
8700 70.0
8701 70.0
8702 70.0
8703 70.0
8704 70.0
8705 70.0
8706 70.0
8707 70.0
8708 70.0
8709 70.0
8710 70.0
8711 70.0
8712 70.0
8713 70.0
8714 70.0
8715 70.0
8716 70.0
8717 70.0
8718 70.0
8719 70.0
8720 70.0
8721 70.0
8722 70.0
8723 70.0
8724 70.0
8725 70.0
8726 70.0
8727 70.0
8728 70.0
8729 70.0
8730 70.0
8731 70.0
8732 70.0
8733 70.0
8734 70.0
8735 70.0
8736 70.0
8737 70.0
8738 70.0
8739 70.0
8740 70.0
8741 70.0
8742 70.0
8743 70.0
8744 70.0
8745 70.0
8746 70.0
8747 70.0
8748 70.0
8749 70.0
8750 70.0
8751 70.0
8752 70.0
8753 70.0
8754 70.0
8755 70.0
8756 70.0
8757 70.0
8758 70.0
8759 70.0
8760 70.0
8761 70.0
8762 70.0
8763 70.0
8764 70.0
8765 70.0
8766 70.0
8767 70.0
8768 70.0
8769 70.0
8770 70.0
8771 70.0
8772 70.0
8773 70.0
8774 70.0
8775 70.0
8776 70.0
8777 70.0
8778 70.0
8779 70.0
8780 70.0
8781 70.0
8782 70.0
8783 70.0
8784 70.0
8785 70.0
8786 70.0
8787 70.0
8788 70.0
8789 70.0
8790 70.0
8791 70.0
8792 70.0
8793 70.0
8794 70.0
8795 70.0
8796 70.0
8797 70.0
8798 70.0
8799 70.0
8800 70.0
8801 70.0
8802 70.0
8803 70.0
8804 70.0
8805 70.0
8806 70.0
8807 70.0
8808 70.0
8809 70.0
8810 70.0
8811 70.0
8812 70.0
8813 70.0
8814 70.0
8815 70.0
8816 70.0
8817 70.0
8818 70.0
8819 70.0
8820 70.0
8821 70.0
8822 70.0
8823 70.0
8824 70.0
8825 70.0
8826 70.0
8827 70.0
8828 70.0
8829 70.0
8830 70.0
8831 70.0
8832 70.0
8833 70.0
8834 70.0
8835 70.0
8836 70.0
8837 70.0
8838 70.0
8839 70.0
8840 70.0
8841 70.0
8842 70.0
8843 70.0
8844 70.0
8845 70.0
8846 70.0
8847 70.0
8848 70.0
8849 70.0
8850 70.0
8851 70.0
8852 70.0
8853 70.0
8854 70.0
8855 70.0
8856 70.0
8857 70.0
8858 70.0
8859 70.0
8860 70.0
8861 70.0
8862 70.0
8863 70.0
8864 70.0
8865 70.0
8866 70.0
8867 70.0
8868 70.0
8869 70.0
8870 70.0
8871 70.0
8872 70.0
8873 70.0
8874 70.0
8875 70.0
8876 70.0
8877 70.0
8878 70.0
8879 70.0
8880 70.0
8881 70.0
8882 70.0
8883 70.0
8884 70.0
8885 70.0
8886 70.0
8887 70.0
8888 70.0
8889 70.0
8890 70.0
8891 70.0
8892 70.0
8893 70.0
8894 70.0
8895 70.0
8896 70.0
8897 70.0
8898 70.0
8899 70.0
8900 70.0
8901 70.0
8902 70.0
8903 70.0
8904 70.0
8905 70.0
8906 70.0
8907 70.0
8908 70.0
8909 70.0
8910 70.0
8911 70.0
8912 70.0
8913 70.0
8914 70.0
8915 70.0
8916 70.0
8917 70.0
8918 70.0
8919 70.0
8920 70.0
8921 70.0
8922 70.0
8923 70.0
8924 70.0
8925 70.0
8926 70.0
8927 70.0
8928 70.0
8929 70.0
8930 70.0
8931 70.0
8932 70.0
8933 70.0
8934 70.0
8935 70.0
8936 70.0
8937 70.0
8938 70.0
8939 70.0
8940 70.0
8941 70.0
8942 70.0
8943 70.0
8944 70.0
8945 70.0
8946 70.0
8947 70.0
8948 70.0
8949 70.0
8950 70.0
8951 70.0
8952 70.0
8953 70.0
8954 70.0
8955 70.0
8956 70.0
8957 70.0
8958 70.0
8959 70.0
8960 70.0
8961 70.0
8962 70.0
8963 70.0
8964 70.0
8965 70.0
8966 70.0
8967 70.0
8968 70.0
8969 70.0
8970 70.0
8971 70.0
8972 70.0
8973 70.0
8974 70.0
8975 70.0
8976 70.0
8977 70.0
8978 70.0
8979 70.0
8980 70.0
8981 70.0
8982 70.0
8983 70.0
8984 70.0
8985 70.0
8986 70.0
8987 70.0
8988 70.0
8989 70.0
8990 70.0
8991 70.0
8992 70.0
8993 70.0
8994 70.0
8995 70.0
8996 70.0
8997 70.0
8998 70.0
8999 70.0
9000 70.0
9001 70.0
9002 70.0
9003 70.0
9004 70.0
9005 70.0
9006 70.0
9007 70.0
9008 70.0
9009 70.0
9010 70.0
9011 70.0
9012 70.0
9013 70.0
9014 70.0
9015 70.0
9016 70.0
9017 70.0
9018 70.0
9019 70.0
9020 70.0
9021 70.0
9022 70.0
9023 70.0
9024 70.0
9025 70.0
9026 70.0
9027 70.0
9028 70.0
9029 70.0
9030 70.0
9031 70.0
9032 70.0
9033 70.0
9034 70.0
9035 70.0
9036 70.0
9037 70.0
9038 70.0
9039 70.0
9040 70.0
9041 70.0
9042 70.0
9043 70.0
9044 70.0
9045 70.0
9046 70.0
9047 70.0
9048 70.0
9049 70.0
9050 70.0
9051 70.0
9052 70.0
9053 70.0
9054 70.0
9055 70.0
9056 70.0
9057 70.0
9058 70.0
9059 70.0
9060 70.0
9061 70.0
9062 70.0
9063 70.0
9064 70.0
9065 70.0
9066 70.0
9067 70.0
9068 70.0
9069 70.0
9070 70.0
9071 70.0
9072 70.0
9073 70.0
9074 70.0
9075 70.0
9076 70.0
9077 70.0
9078 70.0
9079 70.0
9080 70.0
9081 70.0
9082 70.0
9083 70.0
9084 70.0
9085 70.0
9086 70.0
9087 70.0
9088 70.0
9089 70.0
9090 70.0
9091 70.0
9092 70.0
9093 70.0
9094 70.0
9095 70.0
9096 70.0
9097 70.0
9098 70.0
9099 70.0
9100 70.0
9101 70.0
9102 70.0
9103 70.0
9104 70.0
9105 70.0
9106 70.0
9107 70.0
9108 70.0
9109 70.0
9110 70.0
9111 70.0
9112 70.0
9113 70.0
9114 70.0
9115 70.0
9116 70.0
9117 70.0
9118 70.0
9119 70.0
9120 70.0
9121 70.0
9122 70.0
9123 70.0
9124 70.0
9125 70.0
9126 70.0
9127 70.0
9128 70.0
9129 70.0
9130 70.0
9131 70.0
9132 70.0
9133 70.0
9134 70.0
9135 70.0
9136 70.0
9137 70.0
9138 70.0
9139 70.0
9140 70.0
9141 70.0
9142 70.0
9143 70.0
9144 70.0
9145 70.0
9146 70.0
9147 70.0
9148 70.0
9149 70.0
9150 70.0
9151 70.0
9152 70.0
9153 70.0
9154 70.0
9155 70.0
9156 70.0
9157 70.0
9158 70.0
9159 70.0
9160 70.0
9161 70.0
9162 70.0
9163 70.0
9164 70.0
9165 70.0
9166 70.0
9167 70.0
9168 70.0
9169 70.0
9170 70.0
9171 70.0
9172 70.0
9173 70.0
9174 70.0
9175 70.0
9176 70.0
9177 70.0
9178 70.0
9179 70.0
9180 70.0
9181 70.0
9182 70.0
9183 70.0
9184 70.0
9185 70.0
9186 70.0
9187 70.0
9188 70.0
9189 70.0
9190 70.0
9191 70.0
9192 70.0
9193 70.0
9194 70.0
9195 70.0
9196 70.0
9197 70.0
9198 70.0
9199 70.0
9200 70.0
9201 70.0
9202 70.0
9203 70.0
9204 70.0
9205 70.0
9206 70.0
9207 70.0
9208 70.0
9209 70.0
9210 70.0
9211 70.0
9212 70.0
9213 70.0
9214 70.0
9215 70.0
9216 70.0
9217 70.0
9218 70.0
9219 70.0
9220 70.0
9221 70.0
9222 70.0
9223 70.0
9224 70.0
9225 70.0
9226 70.0
9227 70.0
9228 70.0
9229 70.0
9230 70.0
9231 70.0
9232 70.0
9233 70.0
9234 70.0
9235 70.0
9236 70.0
9237 70.0
9238 70.0
9239 70.0
9240 70.0
9241 70.0
9242 70.0
9243 70.0
9244 70.0
9245 70.0
9246 70.0
9247 70.0
9248 70.0
9249 70.0
9250 70.0
9251 70.0
9252 70.0
9253 70.0
9254 70.0
9255 70.0
9256 70.0
9257 70.0
9258 70.0
9259 70.0
9260 70.0
9261 70.0
9262 70.0
9263 70.0
9264 70.0
9265 70.0
9266 70.0
9267 70.0
9268 70.0
9269 70.0
9270 70.0
9271 70.0
9272 70.0
9273 70.0
9274 70.0
9275 70.0
9276 70.0
9277 70.0
9278 70.0
9279 70.0
9280 70.0
9281 70.0
9282 70.0
9283 70.0
9284 70.0
9285 70.0
9286 70.0
9287 70.0
9288 70.0
9289 70.0
9290 70.0
9291 70.0
9292 70.0
9293 70.0
9294 70.0
9295 70.0
9296 70.0
9297 70.0
9298 70.0
9299 70.0
9300 70.0
9301 70.0
9302 70.0
9303 70.0
9304 70.0
9305 70.0
9306 70.0
9307 70.0
9308 70.0
9309 70.0
9310 70.0
9311 70.0
9312 70.0
9313 70.0
9314 70.0
9315 70.0
9316 70.0
9317 70.0
9318 70.0
9319 70.0
9320 70.0
9321 70.0
9322 70.0
9323 70.0
9324 70.0
9325 70.0
9326 70.0
9327 70.0
9328 70.0
9329 70.0
9330 70.0
9331 70.0
9332 70.0
9333 70.0
9334 70.0
9335 70.0
9336 70.0
9337 70.0
9338 70.0
9339 70.0
9340 70.0
9341 70.0
9342 70.0
9343 70.0
9344 70.0
9345 70.0
9346 70.0
9347 70.0
9348 70.0
9349 70.0
9350 70.0
9351 70.0
9352 70.0
9353 70.0
9354 70.0
9355 70.0
9356 70.0
9357 70.0
9358 70.0
9359 70.0
9360 70.0
9361 70.0
9362 70.0
9363 70.0
9364 70.0
9365 70.0
9366 70.0
9367 70.0
9368 70.0
9369 70.0
9370 70.0
9371 70.0
9372 70.0
9373 70.0
9374 70.0
9375 70.0
9376 70.0
9377 70.0
9378 70.0
9379 70.0
9380 70.0
9381 70.0
9382 70.0
9383 70.0
9384 70.0
9385 70.0
9386 70.0
9387 70.0
9388 70.0
9389 70.0
9390 70.0
9391 70.0
9392 70.0
9393 70.0
9394 70.0
9395 70.0
9396 70.0
9397 70.0
9398 70.0
9399 70.0
9400 70.0
9401 70.0
9402 70.0
9403 70.0
9404 70.0
9405 70.0
9406 70.0
9407 70.0
9408 70.0
9409 70.0
9410 70.0
9411 70.0
9412 70.0
9413 70.0
9414 70.0
9415 70.0
9416 70.0
9417 70.0
9418 70.0
9419 70.0
9420 70.0
9421 70.0
9422 70.0
9423 70.0
9424 70.0
9425 70.0
9426 70.0
9427 70.0
9428 70.0
9429 70.0
9430 70.0
9431 70.0
9432 70.0
9433 70.0
9434 70.0
9435 70.0
9436 70.0
9437 70.0
9438 70.0
9439 70.0
9440 70.0
9441 70.0
9442 70.0
9443 70.0
9444 70.0
9445 70.0
9446 70.0
9447 70.0
9448 70.0
9449 70.0
9450 70.0
9451 70.0
9452 70.0
9453 70.0
9454 70.0
9455 70.0
9456 70.0
9457 70.0
9458 70.0
9459 70.0
9460 70.0
9461 70.0
9462 70.0
9463 70.0
9464 70.0
9465 70.0
9466 70.0
9467 70.0
9468 70.0
9469 70.0
9470 70.0
9471 70.0
9472 70.0
9473 70.0
9474 70.0
9475 70.0
9476 70.0
9477 70.0
9478 70.0
9479 70.0
9480 70.0
9481 70.0
9482 70.0
9483 70.0
9484 70.0
9485 70.0
9486 70.0
9487 70.0
9488 70.0
9489 70.0
9490 70.0
9491 70.0
9492 70.0
9493 70.0
9494 70.0
9495 70.0
9496 70.0
9497 70.0
9498 70.0
9499 70.0
9500 70.0
9501 70.0
9502 70.0
9503 70.0
9504 70.0
9505 70.0
9506 70.0
9507 70.0
9508 70.0
9509 70.0
9510 70.0
9511 70.0
9512 70.0
9513 70.0
9514 70.0
9515 70.0
9516 70.0
9517 70.0
9518 70.0
9519 70.0
9520 70.0
9521 70.0
9522 70.0
9523 70.0
9524 70.0
9525 70.0
9526 70.0
9527 70.0
9528 70.0
9529 70.0
9530 70.0
9531 70.0
9532 70.0
9533 70.0
9534 70.0
9535 70.0
9536 70.0
9537 70.0
9538 70.0
9539 70.0
9540 70.0
9541 70.0
9542 70.0
9543 70.0
9544 70.0
9545 70.0
9546 70.0
9547 70.0
9548 70.0
9549 70.0
9550 70.0
9551 70.0
9552 70.0
9553 70.0
9554 70.0
9555 70.0
9556 70.0
9557 70.0
9558 70.0
9559 70.0
9560 70.0
9561 70.0
9562 70.0
9563 70.0
9564 70.0
9565 70.0
9566 70.0
9567 70.0
9568 70.0
9569 70.0
9570 70.0
9571 70.0
9572 70.0
9573 70.0
9574 70.0
9575 70.0
9576 70.0
9577 70.0
9578 70.0
9579 70.0
9580 70.0
9581 70.0
9582 70.0
9583 70.0
9584 70.0
9585 70.0
9586 70.0
9587 70.0
9588 70.0
9589 70.0
9590 70.0
9591 70.0
9592 70.0
9593 70.0
9594 70.0
9595 70.0
9596 70.0
9597 70.0
9598 70.0
9599 70.0
9600 70.0
9601 70.0
9602 70.0
9603 70.0
9604 70.0
9605 70.0
9606 70.0
9607 70.0
9608 70.0
9609 70.0
9610 70.0
9611 70.0
9612 70.0
9613 70.0
9614 70.0
9615 70.0
9616 70.0
9617 70.0
9618 70.0
9619 70.0
9620 70.0
9621 70.0
9622 70.0
9623 70.0
9624 70.0
9625 70.0
9626 70.0
9627 70.0
9628 70.0
9629 70.0
9630 70.0
9631 70.0
9632 70.0
9633 70.0
9634 70.0
9635 70.0
9636 70.0
9637 70.0
9638 70.0
9639 70.0
9640 70.0
9641 70.0
9642 70.0
9643 70.0
9644 70.0
9645 70.0
9646 70.0
9647 70.0
9648 70.0
9649 70.0
9650 70.0
9651 70.0
9652 70.0
9653 70.0
9654 70.0
9655 70.0
9656 70.0
9657 70.0
9658 70.0
9659 70.0
9660 70.0
9661 70.0
9662 70.0
9663 70.0
9664 70.0
9665 70.0
9666 70.0
9667 70.0
9668 70.0
9669 70.0
9670 70.0
9671 70.0
9672 70.0
9673 70.0
9674 70.0
9675 70.0
9676 70.0
9677 70.0
9678 70.0
9679 70.0
9680 70.0
9681 70.0
9682 70.0
9683 70.0
9684 70.0
9685 70.0
9686 70.0
9687 70.0
9688 70.0
9689 70.0
9690 70.0
9691 70.0
9692 70.0
9693 70.0
9694 70.0
9695 70.0
9696 70.0
9697 70.0
9698 70.0
9699 70.0
9700 70.0
9701 70.0
9702 70.0
9703 70.0
9704 70.0
9705 70.0
9706 70.0
9707 70.0
9708 70.0
9709 70.0
9710 70.0
9711 70.0
9712 70.0
9713 70.0
9714 70.0
9715 70.0
9716 70.0
9717 70.0
9718 70.0
9719 70.0
9720 70.0
9721 70.0
9722 70.0
9723 70.0
9724 70.0
9725 70.0
9726 70.0
9727 70.0
9728 70.0
9729 70.0
9730 70.0
9731 70.0
9732 70.0
9733 70.0
9734 70.0
9735 70.0
9736 70.0
9737 70.0
9738 70.0
9739 70.0
9740 70.0
9741 70.0
9742 70.0
9743 70.0
9744 70.0
9745 70.0
9746 70.0
9747 70.0
9748 70.0
9749 70.0
9750 70.0
9751 70.0
9752 70.0
9753 70.0
9754 70.0
9755 70.0
9756 70.0
9757 70.0
9758 70.0
9759 70.0
9760 70.0
9761 70.0
9762 70.0
9763 70.0
9764 70.0
9765 70.0
9766 70.0
9767 70.0
9768 70.0
9769 70.0
9770 70.0
9771 70.0
9772 70.0
9773 70.0
9774 70.0
9775 70.0
9776 70.0
9777 70.0
9778 70.0
9779 70.0
9780 70.0
9781 70.0
9782 70.0
9783 70.0
9784 70.0
9785 70.0
9786 70.0
9787 70.0
9788 70.0
9789 70.0
9790 70.0
9791 70.0
9792 70.0
9793 70.0
9794 70.0
9795 70.0
9796 70.0
9797 70.0
9798 70.0
9799 70.0
9800 70.0
9801 70.0
9802 70.0
9803 70.0
9804 70.0
9805 70.0
9806 70.0
9807 70.0
9808 70.0
9809 70.0
9810 70.0
9811 70.0
9812 70.0
9813 70.0
9814 70.0
9815 70.0
9816 70.0
9817 70.0
9818 70.0
9819 70.0
9820 70.0
9821 70.0
9822 70.0
9823 70.0
9824 70.0
9825 70.0
9826 70.0
9827 70.0
9828 70.0
9829 70.0
9830 70.0
9831 70.0
9832 70.0
9833 70.0
9834 70.0
9835 70.0
9836 70.0
9837 70.0
9838 70.0
9839 70.0
9840 70.0
9841 70.0
9842 70.0
9843 70.0
9844 70.0
9845 70.0
9846 70.0
9847 70.0
9848 70.0
9849 70.0
9850 70.0
9851 70.0
9852 70.0
9853 70.0
9854 70.0
9855 70.0
9856 70.0
9857 70.0
9858 70.0
9859 70.0
9860 70.0
9861 70.0
9862 70.0
9863 70.0
9864 70.0
9865 70.0
9866 70.0
9867 70.0
9868 70.0
9869 70.0
9870 70.0
9871 70.0
9872 70.0
9873 70.0
9874 70.0
9875 70.0
9876 70.0
9877 70.0
9878 70.0
9879 70.0
9880 70.0
9881 70.0
9882 70.0
9883 70.0
9884 70.0
9885 70.0
9886 70.0
9887 70.0
9888 70.0
9889 70.0
9890 70.0
9891 70.0
9892 70.0
9893 70.0
9894 70.0
9895 70.0
9896 70.0
9897 70.0
9898 70.0
9899 70.0
9900 70.0
9901 70.0
9902 70.0
9903 70.0
9904 70.0
9905 70.0
9906 70.0
9907 70.0
9908 70.0
9909 70.0
9910 70.0
9911 70.0
9912 70.0
9913 70.0
9914 70.0
9915 70.0
9916 70.0
9917 70.0
9918 70.0
9919 70.0
9920 70.0
9921 70.0
9922 70.0
9923 70.0
9924 70.0
9925 70.0
9926 70.0
9927 70.0
9928 70.0
9929 70.0
9930 70.0
9931 70.0
9932 70.0
9933 70.0
9934 70.0
9935 70.0
9936 70.0
9937 70.0
9938 70.0
9939 70.0
9940 70.0
9941 70.0
9942 70.0
9943 70.0
9944 70.0
9945 70.0
9946 70.0
9947 70.0
9948 70.0
9949 70.0
9950 70.0
9951 70.0
9952 70.0
9953 70.0
9954 70.0
9955 70.0
9956 70.0
9957 70.0
9958 70.0
9959 70.0
9960 70.0
9961 70.0
9962 70.0
9963 70.0
9964 70.0
9965 70.0
9966 70.0
9967 70.0
9968 70.0
9969 70.0
9970 70.0
9971 70.0
9972 70.0
9973 70.0
9974 70.0
9975 70.0
9976 70.0
9977 70.0
9978 70.0
9979 70.0
9980 70.0
9981 70.0
9982 70.0
9983 70.0
9984 70.0
9985 70.0
9986 70.0
9987 70.0
9988 70.0
9989 70.0
9990 70.0
9991 70.0
9992 70.0
9993 70.0
9994 70.0
9995 70.0
9996 70.0
9997 70.0
9998 70.0
9999 70.0
10000 70.0
10001 70.0
