# evaluation best
1 0.0
2 1.0
3 25.0
4 36.0
5 38.0
6 38.0
7 38.0
8 38.0
9 38.0
10 38.0
11 44.0
12 44.0
13 44.0
14 51.0
15 51.0
16 51.0
17 51.0
18 51.0
19 51.0
20 51.0
21 51.0
22 51.0
23 51.0
24 51.0
25 51.0
26 51.0
27 51.0
28 51.0
29 51.0
30 51.0
31 51.0
32 51.0
33 51.0
34 51.0
35 51.0
36 51.0
37 51.0
38 51.0
39 51.0
40 51.0
41 51.0
42 51.0
43 51.0
44 51.0
45 51.0
46 51.0
47 51.0
48 51.0
49 51.0
50 51.0
51 51.0
52 51.0
53 51.0
54 51.0
55 51.0
56 51.0
57 51.0
58 51.0
59 51.0
60 51.0
61 51.0
62 51.0
63 51.0
64 51.0
65 51.0
66 51.0
67 51.0
68 51.0
69 51.0
70 51.0
71 51.0
72 51.0
73 51.0
74 51.0
75 51.0
76 51.0
77 51.0
78 51.0
79 51.0
80 51.0
81 51.0
82 51.0
83 51.0
84 51.0
85 51.0
86 51.0
87 51.0
88 51.0
89 51.0
90 51.0
91 51.0
92 51.0
93 51.0
94 51.0
95 51.0
96 51.0
97 51.0
98 51.0
99 51.0
100 51.0
101 51.0
102 51.0
103 51.0
104 51.0
105 51.0
106 54.0
107 59.0
108 59.0
109 63.0
110 63.0
111 63.0
112 72.0
113 72.0
114 72.0
115 72.0
116 72.0
117 72.0
118 72.0
119 72.0
120 72.0
121 72.0
122 72.0
123 72.0
124 72.0
125 72.0
126 72.0
127 72.0
128 72.0
129 72.0
130 72.0
131 72.0
132 72.0
133 72.0
134 72.0
135 72.0
136 72.0
137 72.0
138 72.0
139 72.0
140 72.0
141 72.0
142 72.0
143 72.0
144 72.0
145 72.0
146 72.0
147 72.0
148 72.0
149 72.0
150 72.0
151 72.0
152 72.0
153 72.0
154 72.0
155 72.0
156 72.0
157 72.0
158 72.0
159 72.0
160 72.0
161 72.0
162 72.0
163 72.0
164 72.0
165 72.0
166 72.0
167 72.0
168 72.0
169 72.0
170 72.0
171 72.0
172 72.0
173 72.0
174 72.0
175 72.0
176 72.0
177 72.0
178 72.0
179 72.0
180 72.0
181 72.0
182 72.0
183 72.0
184 72.0
185 72.0
186 72.0
187 72.0
188 72.0
189 72.0
190 72.0
191 72.0
192 72.0
193 72.0
194 72.0
195 72.0
196 72.0
197 72.0
198 72.0
199 72.0
200 72.0
201 72.0
202 72.0
203 72.0
204 72.0
205 72.0
206 72.0
207 72.0
208 72.0
209 72.0
210 72.0
211 72.0
212 72.0
213 72.0
214 72.0
215 72.0
216 72.0
217 72.0
218 72.0
219 72.0
220 72.0
221 72.0
222 72.0
223 72.0
224 72.0
225 72.0
226 72.0
227 72.0
228 72.0
229 72.0
230 72.0
231 72.0
232 72.0
233 72.0
234 72.0
235 72.0
236 72.0
237 72.0
238 72.0
239 72.0
240 72.0
241 72.0
242 72.0
243 72.0
244 72.0
245 72.0
246 72.0
247 72.0
248 72.0
249 72.0
250 72.0
251 72.0
252 72.0
253 72.0
254 72.0
255 72.0
256 72.0
257 72.0
258 72.0
259 72.0
260 72.0
261 72.0
262 72.0
263 72.0
264 72.0
265 72.0
266 72.0
267 72.0
268 72.0
269 72.0
270 72.0
271 72.0
272 72.0
273 72.0
274 72.0
275 72.0
276 72.0
277 72.0
278 72.0
279 72.0
280 72.0
281 72.0
282 72.0
283 72.0
284 72.0
285 72.0
286 72.0
287 72.0
288 72.0
289 72.0
290 72.0
291 72.0
292 72.0
293 72.0
294 72.0
295 72.0
296 72.0
297 72.0
298 72.0
299 72.0
300 72.0
301 72.0
302 72.0
303 72.0
304 72.0
305 72.0
306 72.0
307 72.0
308 72.0
309 72.0
310 72.0
311 72.0
312 72.0
313 72.0
314 72.0
315 72.0
316 72.0
317 72.0
318 72.0
319 72.0
320 72.0
321 72.0
322 72.0
323 72.0
324 72.0
325 72.0
326 72.0
327 72.0
328 72.0
329 72.0
330 72.0
331 72.0
332 72.0
333 72.0
334 72.0
335 72.0
336 72.0
337 72.0
338 72.0
339 72.0
340 72.0
341 72.0
342 72.0
343 72.0
344 72.0
345 72.0
346 72.0
347 72.0
348 72.0
349 72.0
350 72.0
351 72.0
352 72.0
353 72.0
354 72.0
355 72.0
356 72.0
357 72.0
358 72.0
359 72.0
360 72.0
361 72.0
362 72.0
363 72.0
364 72.0
365 72.0
366 72.0
367 72.0
368 72.0
369 72.0
370 72.0
371 72.0
372 72.0
373 72.0
374 72.0
375 72.0
376 72.0
377 72.0
378 72.0
379 72.0
380 72.0
381 72.0
382 72.0
383 72.0
384 72.0
385 72.0
386 72.0
387 72.0
388 72.0
389 72.0
390 72.0
391 72.0
392 72.0
393 72.0
394 72.0
395 72.0
396 72.0
397 72.0
398 72.0
399 72.0
400 72.0
401 72.0
402 72.0
403 72.0
404 72.0
405 72.0
406 72.0
407 72.0
408 72.0
409 72.0
410 72.0
411 72.0
412 72.0
413 72.0
414 72.0
415 72.0
416 72.0
417 72.0
418 72.0
419 72.0
420 72.0
421 72.0
422 72.0
423 72.0
424 72.0
425 72.0
426 72.0
427 72.0
428 72.0
429 72.0
430 72.0
431 72.0
432 72.0
433 72.0
434 72.0
435 72.0
436 72.0
437 72.0
438 72.0
439 72.0
440 72.0
441 72.0
442 72.0
443 72.0
444 72.0
445 72.0
446 72.0
447 72.0
448 72.0
449 72.0
450 72.0
451 72.0
452 72.0
453 72.0
454 72.0
455 72.0
456 72.0
457 72.0
458 72.0
459 72.0
460 72.0
461 72.0
462 72.0
463 72.0
464 72.0
465 72.0
466 72.0
467 72.0
468 72.0
469 72.0
470 72.0
471 72.0
472 72.0
473 72.0
474 72.0
475 72.0
476 72.0
477 72.0
478 72.0
479 72.0
480 72.0
481 72.0
482 72.0
483 72.0
484 72.0
485 72.0
486 72.0
487 72.0
488 72.0
489 72.0
490 72.0
491 72.0
492 72.0
493 72.0
494 72.0
495 72.0
496 72.0
497 72.0
498 72.0
499 72.0
500 72.0
501 72.0
502 72.0
503 72.0
504 72.0
505 72.0
506 72.0
507 72.0
508 72.0
509 72.0
510 72.0
511 72.0
512 72.0
513 72.0
514 72.0
515 72.0
516 72.0
517 72.0
518 72.0
519 72.0
520 72.0
521 72.0
522 72.0
523 72.0
524 72.0
525 72.0
526 72.0
527 72.0
528 72.0
529 72.0
530 72.0
531 72.0
532 72.0
533 72.0
534 72.0
535 72.0
536 72.0
537 72.0
538 72.0
539 72.0
540 72.0
541 72.0
542 72.0
543 72.0
544 72.0
545 72.0
546 72.0
547 72.0
548 72.0
549 72.0
550 72.0
551 72.0
552 72.0
553 72.0
554 72.0
555 72.0
556 72.0
557 72.0
558 72.0
559 72.0
560 72.0
561 72.0
562 72.0
563 72.0
564 72.0
565 72.0
566 72.0
567 72.0
568 72.0
569 72.0
570 72.0
571 72.0
572 72.0
573 72.0
574 72.0
575 72.0
576 72.0
577 72.0
578 72.0
579 72.0
580 72.0
581 72.0
582 72.0
583 72.0
584 72.0
585 72.0
586 72.0
587 72.0
588 72.0
589 72.0
590 72.0
591 72.0
592 72.0
593 72.0
594 72.0
595 72.0
596 72.0
597 72.0
598 72.0
599 72.0
600 72.0
601 72.0
602 72.0
603 72.0
604 72.0
605 72.0
606 72.0
607 72.0
608 72.0
609 72.0
610 72.0
611 72.0
612 72.0
613 72.0
614 72.0
615 72.0
616 72.0
617 72.0
618 72.0
619 72.0
620 72.0
621 72.0
622 72.0
623 72.0
624 72.0
625 72.0
626 72.0
627 72.0
628 72.0
629 72.0
630 72.0
631 72.0
632 72.0
633 72.0
634 72.0
635 72.0
636 72.0
637 72.0
638 72.0
639 72.0
640 72.0
641 72.0
642 72.0
643 72.0
644 72.0
645 72.0
646 72.0
647 72.0
648 72.0
649 72.0
650 72.0
651 72.0
652 72.0
653 72.0
654 72.0
655 72.0
656 72.0
657 72.0
658 72.0
659 72.0
660 72.0
661 72.0
662 72.0
663 72.0
664 72.0
665 72.0
666 72.0
667 72.0
668 72.0
669 72.0
670 72.0
671 72.0
672 72.0
673 72.0
674 72.0
675 72.0
676 72.0
677 72.0
678 72.0
679 72.0
680 72.0
681 72.0
682 72.0
683 72.0
684 72.0
685 72.0
686 72.0
687 72.0
688 72.0
689 72.0
690 72.0
691 72.0
692 72.0
693 72.0
694 72.0
695 72.0
696 72.0
697 72.0
698 72.0
699 72.0
700 72.0
701 72.0
702 72.0
703 72.0
704 72.0
705 72.0
706 72.0
707 72.0
708 72.0
709 72.0
710 72.0
711 72.0
712 72.0
713 72.0
714 72.0
715 72.0
716 72.0
717 72.0
718 72.0
719 72.0
720 72.0
721 72.0
722 72.0
723 72.0
724 72.0
725 72.0
726 72.0
727 72.0
728 72.0
729 72.0
730 72.0
731 72.0
732 72.0
733 72.0
734 72.0
735 72.0
736 72.0
737 72.0
738 72.0
739 72.0
740 72.0
741 72.0
742 72.0
743 72.0
744 72.0
745 72.0
746 72.0
747 72.0
748 72.0
749 72.0
750 72.0
751 72.0
752 72.0
753 72.0
754 72.0
755 72.0
756 72.0
757 72.0
758 72.0
759 72.0
760 72.0
761 72.0
762 72.0
763 72.0
764 72.0
765 72.0
766 72.0
767 72.0
768 72.0
769 72.0
770 72.0
771 72.0
772 72.0
773 72.0
774 72.0
775 72.0
776 72.0
777 72.0
778 72.0
779 72.0
780 72.0
781 72.0
782 72.0
783 72.0
784 72.0
785 72.0
786 72.0
787 72.0
788 72.0
789 72.0
790 72.0
791 72.0
792 72.0
793 72.0
794 72.0
795 72.0
796 72.0
797 72.0
798 72.0
799 72.0
800 72.0
801 72.0
802 72.0
803 72.0
804 72.0
805 72.0
806 72.0
807 72.0
808 72.0
809 72.0
810 72.0
811 72.0
812 72.0
813 72.0
814 72.0
815 72.0
816 72.0
817 72.0
818 72.0
819 72.0
820 72.0
821 72.0
822 72.0
823 72.0
824 72.0
825 72.0
826 72.0
827 72.0
828 72.0
829 72.0
830 72.0
831 72.0
832 72.0
833 72.0
834 72.0
835 72.0
836 72.0
837 72.0
838 72.0
839 72.0
840 72.0
841 72.0
842 72.0
843 72.0
844 72.0
845 72.0
846 72.0
847 72.0
848 72.0
849 72.0
850 72.0
851 72.0
852 72.0
853 72.0
854 72.0
855 72.0
856 72.0
857 72.0
858 72.0
859 72.0
860 72.0
861 72.0
862 72.0
863 72.0
864 72.0
865 72.0
866 72.0
867 72.0
868 72.0
869 72.0
870 72.0
871 72.0
872 72.0
873 72.0
874 72.0
875 72.0
876 72.0
877 72.0
878 72.0
879 72.0
880 72.0
881 72.0
882 72.0
883 72.0
884 72.0
885 72.0
886 72.0
887 72.0
888 72.0
889 72.0
890 72.0
891 72.0
892 72.0
893 72.0
894 72.0
895 72.0
896 72.0
897 72.0
898 72.0
899 72.0
900 72.0
901 72.0
902 72.0
903 72.0
904 72.0
905 72.0
906 72.0
907 72.0
908 72.0
909 72.0
910 72.0
911 72.0
912 72.0
913 72.0
914 72.0
915 72.0
916 72.0
917 72.0
918 72.0
919 72.0
920 72.0
921 72.0
922 72.0
923 72.0
924 72.0
925 72.0
926 72.0
927 72.0
928 72.0
929 72.0
930 72.0
931 72.0
932 72.0
933 72.0
934 72.0
935 72.0
936 72.0
937 72.0
938 72.0
939 72.0
940 72.0
941 72.0
942 72.0
943 72.0
944 72.0
945 72.0
946 72.0
947 72.0
948 72.0
949 72.0
950 72.0
951 72.0
952 72.0
953 72.0
954 72.0
955 72.0
956 72.0
957 72.0
958 72.0
959 72.0
960 72.0
961 72.0
962 72.0
963 72.0
964 72.0
965 72.0
966 72.0
967 72.0
968 72.0
969 72.0
970 72.0
971 72.0
972 72.0
973 72.0
974 72.0
975 72.0
976 72.0
977 72.0
978 72.0
979 72.0
980 72.0
981 72.0
982 72.0
983 72.0
984 72.0
985 72.0
986 72.0
987 72.0
988 72.0
989 72.0
990 72.0
991 72.0
992 72.0
993 72.0
994 72.0
995 72.0
996 72.0
997 72.0
998 72.0
999 72.0
1000 72.0
1001 72.0
1002 72.0
1003 72.0
1004 72.0
1005 72.0
1006 72.0
1007 72.0
1008 72.0
1009 72.0
1010 72.0
1011 72.0
1012 72.0
1013 72.0
1014 72.0
1015 72.0
1016 72.0
1017 72.0
1018 72.0
1019 72.0
1020 72.0
1021 72.0
1022 72.0
1023 72.0
1024 72.0
1025 72.0
1026 72.0
1027 72.0
1028 72.0
1029 72.0
1030 72.0
1031 72.0
1032 72.0
1033 72.0
1034 72.0
1035 72.0
1036 72.0
1037 72.0
1038 72.0
1039 72.0
1040 72.0
1041 72.0
1042 72.0
1043 72.0
1044 72.0
1045 72.0
1046 72.0
1047 72.0
1048 72.0
1049 72.0
1050 72.0
1051 72.0
1052 72.0
1053 72.0
1054 72.0
1055 72.0
1056 72.0
1057 72.0
1058 72.0
1059 72.0
1060 72.0
1061 72.0
1062 72.0
1063 72.0
1064 72.0
1065 72.0
1066 72.0
1067 72.0
1068 72.0
1069 72.0
1070 72.0
1071 72.0
1072 72.0
1073 72.0
1074 72.0
1075 72.0
1076 72.0
1077 72.0
1078 72.0
1079 72.0
1080 72.0
1081 72.0
1082 72.0
1083 72.0
1084 72.0
1085 72.0
1086 72.0
1087 72.0
1088 72.0
1089 72.0
1090 72.0
1091 72.0
1092 72.0
1093 72.0
1094 72.0
1095 72.0
1096 72.0
1097 72.0
1098 72.0
1099 72.0
1100 72.0
1101 72.0
1102 72.0
1103 72.0
1104 72.0
1105 72.0
1106 72.0
1107 72.0
1108 72.0
1109 72.0
1110 72.0
1111 72.0
1112 72.0
1113 72.0
1114 72.0
1115 72.0
1116 72.0
1117 72.0
1118 72.0
1119 72.0
1120 72.0
1121 72.0
1122 72.0
1123 72.0
1124 72.0
1125 72.0
1126 72.0
1127 72.0
1128 72.0
1129 72.0
1130 72.0
1131 72.0
1132 72.0
1133 72.0
1134 72.0
1135 72.0
1136 72.0
1137 72.0
1138 72.0
1139 72.0
1140 72.0
1141 72.0
1142 72.0
1143 72.0
1144 72.0
1145 72.0
1146 72.0
1147 72.0
1148 72.0
1149 72.0
1150 72.0
1151 72.0
1152 72.0
1153 72.0
1154 72.0
1155 72.0
1156 72.0
1157 72.0
1158 72.0
1159 72.0
1160 72.0
1161 72.0
1162 72.0
1163 72.0
1164 72.0
1165 72.0
1166 72.0
1167 72.0
1168 72.0
1169 72.0
1170 72.0
1171 72.0
1172 72.0
1173 72.0
1174 72.0
1175 72.0
1176 72.0
1177 72.0
1178 72.0
1179 72.0
1180 72.0
1181 72.0
1182 72.0
1183 72.0
1184 72.0
1185 72.0
1186 72.0
1187 72.0
1188 72.0
1189 72.0
1190 72.0
1191 72.0
1192 72.0
1193 72.0
1194 72.0
1195 72.0
1196 72.0
1197 72.0
1198 72.0
1199 72.0
1200 72.0
1201 72.0
1202 72.0
1203 72.0
1204 72.0
1205 72.0
1206 72.0
1207 72.0
1208 72.0
1209 72.0
1210 72.0
1211 72.0
1212 72.0
1213 72.0
1214 72.0
1215 72.0
1216 72.0
1217 72.0
1218 72.0
1219 72.0
1220 72.0
1221 72.0
1222 72.0
1223 72.0
1224 72.0
1225 72.0
1226 72.0
1227 72.0
1228 72.0
1229 72.0
1230 72.0
1231 72.0
1232 72.0
1233 72.0
1234 72.0
1235 72.0
1236 72.0
1237 72.0
1238 72.0
1239 72.0
1240 72.0
1241 72.0
1242 72.0
1243 72.0
1244 72.0
1245 72.0
1246 72.0
1247 72.0
1248 72.0
1249 72.0
1250 72.0
1251 72.0
1252 72.0
1253 72.0
1254 72.0
1255 72.0
1256 72.0
1257 72.0
1258 72.0
1259 72.0
1260 72.0
1261 72.0
1262 72.0
1263 72.0
1264 72.0
1265 72.0
1266 72.0
1267 72.0
1268 72.0
1269 72.0
1270 72.0
1271 72.0
1272 72.0
1273 72.0
1274 72.0
1275 72.0
1276 72.0
1277 72.0
1278 72.0
1279 72.0
1280 72.0
1281 72.0
1282 72.0
1283 72.0
1284 72.0
1285 72.0
1286 72.0
1287 72.0
1288 72.0
1289 72.0
1290 72.0
1291 72.0
1292 72.0
1293 72.0
1294 72.0
1295 72.0
1296 72.0
1297 72.0
1298 72.0
1299 72.0
1300 72.0
1301 72.0
1302 72.0
1303 72.0
1304 72.0
1305 72.0
1306 72.0
1307 72.0
1308 72.0
1309 72.0
1310 72.0
1311 72.0
1312 72.0
1313 72.0
1314 72.0
1315 72.0
1316 72.0
1317 72.0
1318 72.0
1319 72.0
1320 72.0
1321 72.0
1322 72.0
1323 72.0
1324 72.0
1325 72.0
1326 72.0
1327 72.0
1328 72.0
1329 72.0
1330 72.0
1331 72.0
1332 72.0
1333 72.0
1334 72.0
1335 72.0
1336 72.0
1337 72.0
1338 72.0
1339 72.0
1340 72.0
1341 72.0
1342 72.0
1343 72.0
1344 72.0
1345 72.0
1346 72.0
1347 72.0
1348 72.0
1349 72.0
1350 72.0
1351 72.0
1352 72.0
1353 72.0
1354 72.0
1355 72.0
1356 72.0
1357 72.0
1358 72.0
1359 72.0
1360 72.0
1361 72.0
1362 72.0
1363 72.0
1364 72.0
1365 72.0
1366 72.0
1367 72.0
1368 72.0
1369 72.0
1370 72.0
1371 72.0
1372 72.0
1373 72.0
1374 72.0
1375 72.0
1376 72.0
1377 72.0
1378 72.0
1379 72.0
1380 72.0
1381 72.0
1382 72.0
1383 72.0
1384 72.0
1385 72.0
1386 72.0
1387 72.0
1388 72.0
1389 72.0
1390 72.0
1391 72.0
1392 72.0
1393 72.0
1394 72.0
1395 72.0
1396 72.0
1397 72.0
1398 72.0
1399 72.0
1400 72.0
1401 72.0
1402 72.0
1403 72.0
1404 72.0
1405 72.0
1406 72.0
1407 72.0
1408 72.0
1409 72.0
1410 72.0
1411 72.0
1412 72.0
1413 72.0
1414 72.0
1415 72.0
1416 72.0
1417 72.0
1418 72.0
1419 72.0
1420 72.0
1421 72.0
1422 72.0
1423 72.0
1424 72.0
1425 72.0
1426 72.0
1427 72.0
1428 72.0
1429 72.0
1430 72.0
1431 72.0
1432 72.0
1433 72.0
1434 72.0
1435 72.0
1436 72.0
1437 72.0
1438 72.0
1439 72.0
1440 72.0
1441 72.0
1442 72.0
1443 72.0
1444 72.0
1445 72.0
1446 72.0
1447 72.0
1448 72.0
1449 72.0
1450 72.0
1451 72.0
1452 72.0
1453 72.0
1454 72.0
1455 72.0
1456 72.0
1457 72.0
1458 72.0
1459 72.0
1460 72.0
1461 72.0
1462 72.0
1463 72.0
1464 72.0
1465 72.0
1466 72.0
1467 72.0
1468 72.0
1469 72.0
1470 72.0
1471 72.0
1472 72.0
1473 72.0
1474 72.0
1475 72.0
1476 72.0
1477 72.0
1478 72.0
1479 72.0
1480 72.0
1481 72.0
1482 72.0
1483 72.0
1484 72.0
1485 72.0
1486 72.0
1487 72.0
1488 72.0
1489 72.0
1490 72.0
1491 72.0
1492 72.0
1493 72.0
1494 72.0
1495 72.0
1496 72.0
1497 72.0
1498 72.0
1499 72.0
1500 72.0
1501 72.0
1502 72.0
1503 72.0
1504 72.0
1505 72.0
1506 72.0
1507 72.0
1508 72.0
1509 72.0
1510 72.0
1511 72.0
1512 72.0
1513 72.0
1514 72.0
1515 72.0
1516 72.0
1517 72.0
1518 72.0
1519 72.0
1520 72.0
1521 72.0
1522 72.0
1523 72.0
1524 72.0
1525 72.0
1526 72.0
1527 72.0
1528 72.0
1529 72.0
1530 72.0
1531 72.0
1532 72.0
1533 72.0
1534 72.0
1535 72.0
1536 72.0
1537 72.0
1538 72.0
1539 72.0
1540 72.0
1541 72.0
1542 72.0
1543 72.0
1544 72.0
1545 72.0
1546 72.0
1547 72.0
1548 72.0
1549 72.0
1550 72.0
1551 72.0
1552 72.0
1553 72.0
1554 72.0
1555 72.0
1556 72.0
1557 72.0
1558 72.0
1559 72.0
1560 72.0
1561 72.0
1562 72.0
1563 72.0
1564 72.0
1565 72.0
1566 72.0
1567 72.0
1568 72.0
1569 72.0
1570 72.0
1571 72.0
1572 72.0
1573 72.0
1574 72.0
1575 72.0
1576 72.0
1577 72.0
1578 72.0
1579 72.0
1580 72.0
1581 72.0
1582 72.0
1583 72.0
1584 72.0
1585 72.0
1586 72.0
1587 72.0
1588 72.0
1589 72.0
1590 72.0
1591 72.0
1592 72.0
1593 72.0
1594 72.0
1595 72.0
1596 72.0
1597 72.0
1598 72.0
1599 72.0
1600 72.0
1601 72.0
1602 72.0
1603 72.0
1604 72.0
1605 72.0
1606 72.0
1607 72.0
1608 72.0
1609 72.0
1610 72.0
1611 72.0
1612 72.0
1613 72.0
1614 72.0
1615 72.0
1616 72.0
1617 72.0
1618 72.0
1619 72.0
1620 72.0
1621 72.0
1622 72.0
1623 72.0
1624 72.0
1625 72.0
1626 72.0
1627 72.0
1628 72.0
1629 72.0
1630 72.0
1631 72.0
1632 72.0
1633 72.0
1634 72.0
1635 72.0
1636 72.0
1637 72.0
1638 72.0
1639 72.0
1640 72.0
1641 72.0
1642 72.0
1643 72.0
1644 72.0
1645 72.0
1646 72.0
1647 72.0
1648 72.0
1649 72.0
1650 72.0
1651 72.0
1652 72.0
1653 72.0
1654 72.0
1655 72.0
1656 72.0
1657 72.0
1658 72.0
1659 72.0
1660 72.0
1661 72.0
1662 72.0
1663 72.0
1664 72.0
1665 72.0
1666 72.0
1667 72.0
1668 72.0
1669 72.0
1670 72.0
1671 72.0
1672 72.0
1673 72.0
1674 72.0
1675 72.0
1676 72.0
1677 72.0
1678 72.0
1679 72.0
1680 72.0
1681 72.0
1682 72.0
1683 72.0
1684 72.0
1685 72.0
1686 72.0
1687 72.0
1688 72.0
1689 72.0
1690 72.0
1691 72.0
1692 72.0
1693 72.0
1694 72.0
1695 72.0
1696 72.0
1697 72.0
1698 72.0
1699 72.0
1700 72.0
1701 72.0
1702 72.0
1703 72.0
1704 72.0
1705 72.0
1706 72.0
1707 72.0
1708 72.0
1709 72.0
1710 72.0
1711 72.0
1712 72.0
1713 72.0
1714 72.0
1715 72.0
1716 72.0
1717 72.0
1718 72.0
1719 72.0
1720 72.0
1721 72.0
1722 72.0
1723 72.0
1724 72.0
1725 72.0
1726 72.0
1727 72.0
1728 72.0
1729 72.0
1730 72.0
1731 72.0
1732 72.0
1733 72.0
1734 72.0
1735 72.0
1736 72.0
1737 72.0
1738 72.0
1739 72.0
1740 72.0
1741 72.0
1742 72.0
1743 72.0
1744 72.0
1745 72.0
1746 72.0
1747 72.0
1748 72.0
1749 72.0
1750 72.0
1751 72.0
1752 72.0
1753 72.0
1754 72.0
1755 72.0
1756 72.0
1757 72.0
1758 72.0
1759 72.0
1760 72.0
1761 72.0
1762 72.0
1763 72.0
1764 72.0
1765 72.0
1766 72.0
1767 72.0
1768 72.0
1769 72.0
1770 72.0
1771 72.0
1772 72.0
1773 72.0
1774 72.0
1775 72.0
1776 72.0
1777 72.0
1778 72.0
1779 72.0
1780 72.0
1781 72.0
1782 72.0
1783 72.0
1784 72.0
1785 72.0
1786 72.0
1787 72.0
1788 72.0
1789 72.0
1790 72.0
1791 72.0
1792 72.0
1793 72.0
1794 72.0
1795 72.0
1796 72.0
1797 72.0
1798 72.0
1799 72.0
1800 72.0
1801 72.0
1802 72.0
1803 72.0
1804 72.0
1805 72.0
1806 72.0
1807 72.0
1808 72.0
1809 72.0
1810 72.0
1811 72.0
1812 72.0
1813 72.0
1814 72.0
1815 72.0
1816 72.0
1817 72.0
1818 72.0
1819 72.0
1820 72.0
1821 72.0
1822 72.0
1823 72.0
1824 72.0
1825 72.0
1826 72.0
1827 72.0
1828 72.0
1829 72.0
1830 72.0
1831 72.0
1832 72.0
1833 72.0
1834 72.0
1835 72.0
1836 72.0
1837 72.0
1838 72.0
1839 72.0
1840 72.0
1841 72.0
1842 72.0
1843 72.0
1844 72.0
1845 72.0
1846 72.0
1847 72.0
1848 72.0
1849 72.0
1850 72.0
1851 72.0
1852 72.0
1853 72.0
1854 72.0
1855 72.0
1856 72.0
1857 72.0
1858 72.0
1859 72.0
1860 72.0
1861 72.0
1862 72.0
1863 72.0
1864 72.0
1865 72.0
1866 72.0
1867 72.0
1868 72.0
1869 72.0
1870 72.0
1871 72.0
1872 72.0
1873 72.0
1874 72.0
1875 72.0
1876 72.0
1877 72.0
1878 72.0
1879 72.0
1880 72.0
1881 72.0
1882 72.0
1883 72.0
1884 72.0
1885 72.0
1886 72.0
1887 72.0
1888 72.0
1889 72.0
1890 72.0
1891 72.0
1892 72.0
1893 72.0
1894 72.0
1895 72.0
1896 72.0
1897 72.0
1898 72.0
1899 72.0
1900 72.0
1901 72.0
1902 72.0
1903 72.0
1904 72.0
1905 72.0
1906 72.0
1907 72.0
1908 72.0
1909 72.0
1910 72.0
1911 72.0
1912 72.0
1913 72.0
1914 72.0
1915 72.0
1916 72.0
1917 72.0
1918 72.0
1919 72.0
1920 72.0
1921 72.0
1922 72.0
1923 72.0
1924 72.0
1925 72.0
1926 72.0
1927 72.0
1928 72.0
1929 72.0
1930 72.0
1931 72.0
1932 72.0
1933 72.0
1934 72.0
1935 72.0
1936 72.0
1937 72.0
1938 72.0
1939 72.0
1940 72.0
1941 72.0
1942 72.0
1943 72.0
1944 72.0
1945 72.0
1946 72.0
1947 72.0
1948 72.0
1949 72.0
1950 72.0
1951 72.0
1952 72.0
1953 72.0
1954 72.0
1955 72.0
1956 72.0
1957 72.0
1958 72.0
1959 72.0
1960 72.0
1961 72.0
1962 72.0
1963 72.0
1964 72.0
1965 72.0
1966 72.0
1967 72.0
1968 72.0
1969 72.0
1970 72.0
1971 72.0
1972 72.0
1973 72.0
1974 72.0
1975 72.0
1976 72.0
1977 72.0
1978 72.0
1979 72.0
1980 72.0
1981 72.0
1982 72.0
1983 72.0
1984 72.0
1985 72.0
1986 72.0
1987 72.0
1988 72.0
1989 72.0
1990 72.0
1991 72.0
1992 72.0
1993 72.0
1994 72.0
1995 72.0
1996 72.0
1997 72.0
1998 72.0
1999 72.0
2000 72.0
2001 72.0
2002 72.0
2003 72.0
2004 72.0
2005 72.0
2006 72.0
2007 72.0
2008 72.0
2009 72.0
2010 72.0
2011 72.0
2012 72.0
2013 72.0
2014 72.0
2015 72.0
2016 72.0
2017 72.0
2018 72.0
2019 72.0
2020 72.0
2021 72.0
2022 72.0
2023 72.0
2024 72.0
2025 72.0
2026 72.0
2027 72.0
2028 72.0
2029 72.0
2030 72.0
2031 72.0
2032 72.0
2033 72.0
2034 72.0
2035 72.0
2036 72.0
2037 72.0
2038 72.0
2039 72.0
2040 72.0
2041 72.0
2042 72.0
2043 72.0
2044 72.0
2045 72.0
2046 72.0
2047 72.0
2048 72.0
2049 72.0
2050 72.0
2051 72.0
2052 72.0
2053 72.0
2054 72.0
2055 72.0
2056 72.0
2057 72.0
2058 72.0
2059 72.0
2060 72.0
2061 72.0
2062 72.0
2063 72.0
2064 72.0
2065 72.0
2066 72.0
2067 72.0
2068 72.0
2069 72.0
2070 72.0
2071 72.0
2072 72.0
2073 72.0
2074 72.0
2075 72.0
2076 72.0
2077 72.0
2078 72.0
2079 72.0
2080 72.0
2081 72.0
2082 72.0
2083 72.0
2084 72.0
2085 72.0
2086 72.0
2087 72.0
2088 72.0
2089 72.0
2090 72.0
2091 72.0
2092 72.0
2093 72.0
2094 72.0
2095 72.0
2096 72.0
2097 72.0
2098 72.0
2099 72.0
2100 72.0
2101 72.0
2102 72.0
2103 72.0
2104 72.0
2105 72.0
2106 72.0
2107 72.0
2108 72.0
2109 72.0
2110 72.0
2111 72.0
2112 72.0
2113 72.0
2114 72.0
2115 72.0
2116 72.0
2117 72.0
2118 72.0
2119 72.0
2120 72.0
2121 72.0
2122 72.0
2123 72.0
2124 72.0
2125 72.0
2126 72.0
2127 72.0
2128 72.0
2129 72.0
2130 72.0
2131 72.0
2132 72.0
2133 72.0
2134 72.0
2135 72.0
2136 72.0
2137 72.0
2138 72.0
2139 72.0
2140 72.0
2141 72.0
2142 72.0
2143 72.0
2144 72.0
2145 72.0
2146 72.0
2147 72.0
2148 72.0
2149 72.0
2150 72.0
2151 72.0
2152 72.0
2153 72.0
2154 72.0
2155 72.0
2156 72.0
2157 72.0
2158 72.0
2159 72.0
2160 72.0
2161 72.0
2162 72.0
2163 72.0
2164 72.0
2165 72.0
2166 72.0
2167 72.0
2168 72.0
2169 72.0
2170 72.0
2171 72.0
2172 72.0
2173 72.0
2174 72.0
2175 72.0
2176 72.0
2177 72.0
2178 72.0
2179 72.0
2180 72.0
2181 72.0
2182 72.0
2183 72.0
2184 72.0
2185 72.0
2186 72.0
2187 72.0
2188 72.0
2189 72.0
2190 72.0
2191 72.0
2192 72.0
2193 72.0
2194 72.0
2195 72.0
2196 72.0
2197 72.0
2198 72.0
2199 72.0
2200 72.0
2201 72.0
2202 72.0
2203 72.0
2204 72.0
2205 72.0
2206 72.0
2207 72.0
2208 72.0
2209 72.0
2210 72.0
2211 72.0
2212 72.0
2213 72.0
2214 72.0
2215 72.0
2216 72.0
2217 72.0
2218 72.0
2219 72.0
2220 72.0
2221 72.0
2222 72.0
2223 72.0
2224 72.0
2225 72.0
2226 72.0
2227 72.0
2228 72.0
2229 72.0
2230 72.0
2231 72.0
2232 72.0
2233 72.0
2234 72.0
2235 72.0
2236 72.0
2237 72.0
2238 72.0
2239 72.0
2240 72.0
2241 72.0
2242 72.0
2243 72.0
2244 72.0
2245 72.0
2246 72.0
2247 72.0
2248 72.0
2249 72.0
2250 72.0
2251 72.0
2252 72.0
2253 72.0
2254 72.0
2255 72.0
2256 72.0
2257 72.0
2258 72.0
2259 72.0
2260 72.0
2261 72.0
2262 72.0
2263 72.0
2264 72.0
2265 72.0
2266 72.0
2267 72.0
2268 72.0
2269 72.0
2270 72.0
2271 72.0
2272 72.0
2273 72.0
2274 72.0
2275 72.0
2276 72.0
2277 72.0
2278 72.0
2279 72.0
2280 72.0
2281 72.0
2282 72.0
2283 72.0
2284 72.0
2285 72.0
2286 72.0
2287 72.0
2288 72.0
2289 72.0
2290 72.0
2291 72.0
2292 72.0
2293 72.0
2294 72.0
2295 72.0
2296 72.0
2297 72.0
2298 72.0
2299 72.0
2300 72.0
2301 72.0
2302 72.0
2303 72.0
2304 72.0
2305 72.0
2306 72.0
2307 72.0
2308 72.0
2309 72.0
2310 72.0
2311 72.0
2312 72.0
2313 72.0
2314 72.0
2315 72.0
2316 72.0
2317 72.0
2318 72.0
2319 72.0
2320 72.0
2321 72.0
2322 72.0
2323 72.0
2324 72.0
2325 72.0
2326 72.0
2327 72.0
2328 72.0
2329 72.0
2330 72.0
2331 72.0
2332 72.0
2333 72.0
2334 72.0
2335 72.0
2336 72.0
2337 72.0
2338 72.0
2339 72.0
2340 72.0
2341 72.0
2342 72.0
2343 72.0
2344 72.0
2345 72.0
2346 72.0
2347 72.0
2348 72.0
2349 72.0
2350 72.0
2351 72.0
2352 72.0
2353 72.0
2354 72.0
2355 72.0
2356 72.0
2357 72.0
2358 72.0
2359 72.0
2360 72.0
2361 72.0
2362 72.0
2363 72.0
2364 72.0
2365 72.0
2366 72.0
2367 72.0
2368 72.0
2369 72.0
2370 72.0
2371 72.0
2372 72.0
2373 72.0
2374 72.0
2375 72.0
2376 72.0
2377 72.0
2378 72.0
2379 72.0
2380 72.0
2381 72.0
2382 72.0
2383 72.0
2384 72.0
2385 72.0
2386 72.0
2387 72.0
2388 72.0
2389 72.0
2390 72.0
2391 72.0
2392 72.0
2393 72.0
2394 72.0
2395 72.0
2396 72.0
2397 72.0
2398 72.0
2399 72.0
2400 72.0
2401 72.0
2402 72.0
2403 72.0
2404 72.0
2405 72.0
2406 72.0
2407 72.0
2408 72.0
2409 72.0
2410 72.0
2411 72.0
2412 72.0
2413 72.0
2414 72.0
2415 72.0
2416 72.0
2417 72.0
2418 72.0
2419 72.0
2420 72.0
2421 72.0
2422 72.0
2423 72.0
2424 72.0
2425 72.0
2426 72.0
2427 72.0
2428 72.0
2429 72.0
2430 72.0
2431 72.0
2432 72.0
2433 72.0
2434 72.0
2435 72.0
2436 72.0
2437 72.0
2438 72.0
2439 72.0
2440 72.0
2441 72.0
2442 72.0
2443 72.0
2444 72.0
2445 72.0
2446 72.0
2447 72.0
2448 72.0
2449 72.0
2450 72.0
2451 72.0
2452 72.0
2453 72.0
2454 72.0
2455 72.0
2456 72.0
2457 72.0
2458 72.0
2459 72.0
2460 72.0
2461 72.0
2462 72.0
2463 72.0
2464 72.0
2465 72.0
2466 72.0
2467 72.0
2468 72.0
2469 72.0
2470 72.0
2471 72.0
2472 72.0
2473 72.0
2474 72.0
2475 72.0
2476 72.0
2477 72.0
2478 72.0
2479 72.0
2480 72.0
2481 72.0
2482 72.0
2483 72.0
2484 72.0
2485 72.0
2486 72.0
2487 72.0
2488 72.0
2489 72.0
2490 72.0
2491 72.0
2492 72.0
2493 72.0
2494 72.0
2495 72.0
2496 72.0
2497 72.0
2498 72.0
2499 72.0
2500 72.0
2501 72.0
2502 72.0
2503 72.0
2504 72.0
2505 72.0
2506 72.0
2507 72.0
2508 72.0
2509 72.0
2510 72.0
2511 72.0
2512 72.0
2513 72.0
2514 72.0
2515 72.0
2516 72.0
2517 72.0
2518 72.0
2519 72.0
2520 72.0
2521 72.0
2522 72.0
2523 72.0
2524 72.0
2525 72.0
2526 72.0
2527 72.0
2528 72.0
2529 72.0
2530 72.0
2531 72.0
2532 72.0
2533 72.0
2534 72.0
2535 72.0
2536 72.0
2537 72.0
2538 72.0
2539 72.0
2540 72.0
2541 72.0
2542 72.0
2543 72.0
2544 72.0
2545 72.0
2546 72.0
2547 72.0
2548 72.0
2549 72.0
2550 72.0
2551 72.0
2552 72.0
2553 72.0
2554 72.0
2555 72.0
2556 72.0
2557 72.0
2558 72.0
2559 72.0
2560 72.0
2561 72.0
2562 72.0
2563 72.0
2564 72.0
2565 72.0
2566 72.0
2567 72.0
2568 72.0
2569 72.0
2570 72.0
2571 72.0
2572 72.0
2573 72.0
2574 72.0
2575 72.0
2576 72.0
2577 72.0
2578 72.0
2579 72.0
2580 72.0
2581 72.0
2582 72.0
2583 72.0
2584 72.0
2585 72.0
2586 72.0
2587 72.0
2588 72.0
2589 72.0
2590 72.0
2591 72.0
2592 72.0
2593 72.0
2594 72.0
2595 72.0
2596 72.0
2597 72.0
2598 72.0
2599 72.0
2600 72.0
2601 72.0
2602 72.0
2603 72.0
2604 72.0
2605 72.0
2606 72.0
2607 72.0
2608 72.0
2609 72.0
2610 72.0
2611 72.0
2612 72.0
2613 72.0
2614 72.0
2615 72.0
2616 72.0
2617 72.0
2618 72.0
2619 72.0
2620 72.0
2621 72.0
2622 72.0
2623 72.0
2624 72.0
2625 72.0
2626 72.0
2627 72.0
2628 72.0
2629 72.0
2630 72.0
2631 72.0
2632 72.0
2633 72.0
2634 72.0
2635 72.0
2636 72.0
2637 72.0
2638 72.0
2639 72.0
2640 72.0
2641 72.0
2642 72.0
2643 72.0
2644 72.0
2645 72.0
2646 72.0
2647 72.0
2648 72.0
2649 72.0
2650 72.0
2651 72.0
2652 72.0
2653 72.0
2654 72.0
2655 72.0
2656 72.0
2657 72.0
2658 72.0
2659 72.0
2660 72.0
2661 72.0
2662 72.0
2663 72.0
2664 72.0
2665 72.0
2666 72.0
2667 72.0
2668 72.0
2669 72.0
2670 72.0
2671 72.0
2672 72.0
2673 72.0
2674 72.0
2675 72.0
2676 72.0
2677 72.0
2678 72.0
2679 72.0
2680 72.0
2681 72.0
2682 72.0
2683 72.0
2684 72.0
2685 72.0
2686 72.0
2687 72.0
2688 72.0
2689 72.0
2690 72.0
2691 72.0
2692 72.0
2693 72.0
2694 72.0
2695 72.0
2696 72.0
2697 72.0
2698 72.0
2699 72.0
2700 72.0
2701 72.0
2702 72.0
2703 72.0
2704 72.0
2705 72.0
2706 72.0
2707 72.0
2708 72.0
2709 72.0
2710 72.0
2711 72.0
2712 72.0
2713 72.0
2714 72.0
2715 72.0
2716 72.0
2717 72.0
2718 72.0
2719 72.0
2720 72.0
2721 72.0
2722 72.0
2723 72.0
2724 72.0
2725 72.0
2726 72.0
2727 72.0
2728 72.0
2729 72.0
2730 72.0
2731 72.0
2732 72.0
2733 72.0
2734 72.0
2735 72.0
2736 72.0
2737 72.0
2738 72.0
2739 72.0
2740 72.0
2741 72.0
2742 72.0
2743 72.0
2744 72.0
2745 72.0
2746 72.0
2747 72.0
2748 72.0
2749 72.0
2750 72.0
2751 72.0
2752 72.0
2753 72.0
2754 72.0
2755 72.0
2756 72.0
2757 72.0
2758 72.0
2759 72.0
2760 72.0
2761 72.0
2762 72.0
2763 72.0
2764 72.0
2765 72.0
2766 72.0
2767 72.0
2768 72.0
2769 72.0
2770 72.0
2771 72.0
2772 72.0
2773 72.0
2774 72.0
2775 72.0
2776 72.0
2777 72.0
2778 72.0
2779 72.0
2780 72.0
2781 72.0
2782 72.0
2783 72.0
2784 72.0
2785 72.0
2786 72.0
2787 72.0
2788 72.0
2789 72.0
2790 72.0
2791 72.0
2792 72.0
2793 72.0
2794 72.0
2795 72.0
2796 72.0
2797 72.0
2798 72.0
2799 72.0
2800 72.0
2801 72.0
2802 72.0
2803 72.0
2804 72.0
2805 72.0
2806 72.0
2807 72.0
2808 72.0
2809 72.0
2810 72.0
2811 72.0
2812 72.0
2813 72.0
2814 72.0
2815 72.0
2816 72.0
2817 72.0
2818 72.0
2819 72.0
2820 72.0
2821 72.0
2822 72.0
2823 72.0
2824 72.0
2825 72.0
2826 72.0
2827 72.0
2828 72.0
2829 72.0
2830 72.0
2831 72.0
2832 72.0
2833 72.0
2834 72.0
2835 72.0
2836 72.0
2837 72.0
2838 72.0
2839 72.0
2840 72.0
2841 72.0
2842 72.0
2843 72.0
2844 72.0
2845 72.0
2846 72.0
2847 72.0
2848 72.0
2849 72.0
2850 72.0
2851 72.0
2852 72.0
2853 72.0
2854 72.0
2855 72.0
2856 72.0
2857 72.0
2858 72.0
2859 72.0
2860 72.0
2861 72.0
2862 72.0
2863 72.0
2864 72.0
2865 72.0
2866 72.0
2867 72.0
2868 72.0
2869 72.0
2870 72.0
2871 72.0
2872 72.0
2873 72.0
2874 72.0
2875 72.0
2876 72.0
2877 72.0
2878 72.0
2879 72.0
2880 72.0
2881 72.0
2882 72.0
2883 72.0
2884 72.0
2885 72.0
2886 72.0
2887 72.0
2888 72.0
2889 72.0
2890 72.0
2891 72.0
2892 72.0
2893 72.0
2894 72.0
2895 72.0
2896 72.0
2897 72.0
2898 72.0
2899 72.0
2900 72.0
2901 72.0
2902 72.0
2903 72.0
2904 72.0
2905 72.0
2906 72.0
2907 72.0
2908 72.0
2909 72.0
2910 72.0
2911 72.0
2912 72.0
2913 72.0
2914 72.0
2915 72.0
2916 72.0
2917 72.0
2918 72.0
2919 72.0
2920 72.0
2921 72.0
2922 72.0
2923 72.0
2924 72.0
2925 72.0
2926 72.0
2927 72.0
2928 72.0
2929 72.0
2930 72.0
2931 72.0
2932 72.0
2933 72.0
2934 72.0
2935 72.0
2936 72.0
2937 72.0
2938 72.0
2939 72.0
2940 72.0
2941 72.0
2942 72.0
2943 72.0
2944 72.0
2945 72.0
2946 72.0
2947 72.0
2948 72.0
2949 72.0
2950 72.0
2951 72.0
2952 72.0
2953 72.0
2954 72.0
2955 72.0
2956 72.0
2957 72.0
2958 72.0
2959 72.0
2960 72.0
2961 72.0
2962 72.0
2963 72.0
2964 72.0
2965 72.0
2966 72.0
2967 72.0
2968 72.0
2969 72.0
2970 72.0
2971 72.0
2972 72.0
2973 72.0
2974 72.0
2975 72.0
2976 72.0
2977 72.0
2978 72.0
2979 72.0
2980 72.0
2981 72.0
2982 72.0
2983 72.0
2984 72.0
2985 72.0
2986 72.0
2987 72.0
2988 72.0
2989 72.0
2990 72.0
2991 72.0
2992 72.0
2993 72.0
2994 72.0
2995 72.0
2996 72.0
2997 72.0
2998 72.0
2999 72.0
3000 72.0
3001 72.0
3002 72.0
3003 72.0
3004 72.0
3005 72.0
3006 72.0
3007 72.0
3008 72.0
3009 72.0
3010 72.0
3011 72.0
3012 72.0
3013 72.0
3014 72.0
3015 72.0
3016 72.0
3017 72.0
3018 72.0
3019 72.0
3020 72.0
3021 72.0
3022 72.0
3023 72.0
3024 72.0
3025 72.0
3026 72.0
3027 72.0
3028 72.0
3029 72.0
3030 72.0
3031 72.0
3032 72.0
3033 72.0
3034 72.0
3035 72.0
3036 72.0
3037 72.0
3038 72.0
3039 72.0
3040 72.0
3041 72.0
3042 72.0
3043 72.0
3044 72.0
3045 72.0
3046 72.0
3047 72.0
3048 72.0
3049 72.0
3050 72.0
3051 72.0
3052 72.0
3053 72.0
3054 72.0
3055 72.0
3056 72.0
3057 72.0
3058 72.0
3059 72.0
3060 72.0
3061 72.0
3062 72.0
3063 72.0
3064 72.0
3065 72.0
3066 72.0
3067 72.0
3068 72.0
3069 72.0
3070 72.0
3071 72.0
3072 72.0
3073 72.0
3074 72.0
3075 72.0
3076 72.0
3077 72.0
3078 72.0
3079 72.0
3080 72.0
3081 72.0
3082 72.0
3083 72.0
3084 72.0
3085 72.0
3086 72.0
3087 72.0
3088 72.0
3089 72.0
3090 72.0
3091 72.0
3092 72.0
3093 72.0
3094 72.0
3095 72.0
3096 72.0
3097 72.0
3098 72.0
3099 72.0
3100 72.0
3101 72.0
3102 72.0
3103 72.0
3104 72.0
3105 72.0
3106 72.0
3107 72.0
3108 72.0
3109 72.0
3110 72.0
3111 72.0
3112 72.0
3113 72.0
3114 72.0
3115 72.0
3116 72.0
3117 72.0
3118 72.0
3119 72.0
3120 72.0
3121 72.0
3122 72.0
3123 72.0
3124 72.0
3125 72.0
3126 72.0
3127 72.0
3128 72.0
3129 72.0
3130 72.0
3131 72.0
3132 72.0
3133 72.0
3134 72.0
3135 72.0
3136 72.0
3137 72.0
3138 72.0
3139 72.0
3140 72.0
3141 72.0
3142 72.0
3143 72.0
3144 72.0
3145 72.0
3146 72.0
3147 72.0
3148 72.0
3149 72.0
3150 72.0
3151 72.0
3152 72.0
3153 72.0
3154 72.0
3155 72.0
3156 72.0
3157 72.0
3158 72.0
3159 72.0
3160 72.0
3161 72.0
3162 72.0
3163 72.0
3164 72.0
3165 72.0
3166 72.0
3167 72.0
3168 72.0
3169 72.0
3170 72.0
3171 72.0
3172 72.0
3173 72.0
3174 72.0
3175 72.0
3176 72.0
3177 72.0
3178 72.0
3179 72.0
3180 72.0
3181 72.0
3182 72.0
3183 72.0
3184 72.0
3185 72.0
3186 72.0
3187 72.0
3188 72.0
3189 72.0
3190 72.0
3191 72.0
3192 72.0
3193 72.0
3194 72.0
3195 72.0
3196 72.0
3197 72.0
3198 72.0
3199 72.0
3200 72.0
3201 72.0
3202 72.0
3203 72.0
3204 72.0
3205 72.0
3206 72.0
3207 72.0
3208 72.0
3209 72.0
3210 72.0
3211 72.0
3212 72.0
3213 72.0
3214 72.0
3215 72.0
3216 72.0
3217 72.0
3218 72.0
3219 72.0
3220 72.0
3221 72.0
3222 72.0
3223 72.0
3224 72.0
3225 72.0
3226 72.0
3227 72.0
3228 72.0
3229 72.0
3230 72.0
3231 72.0
3232 72.0
3233 72.0
3234 72.0
3235 72.0
3236 72.0
3237 72.0
3238 72.0
3239 72.0
3240 72.0
3241 72.0
3242 72.0
3243 72.0
3244 72.0
3245 72.0
3246 72.0
3247 72.0
3248 72.0
3249 72.0
3250 72.0
3251 72.0
3252 72.0
3253 72.0
3254 72.0
3255 72.0
3256 72.0
3257 72.0
3258 72.0
3259 72.0
3260 72.0
3261 72.0
3262 72.0
3263 72.0
3264 72.0
3265 72.0
3266 72.0
3267 72.0
3268 72.0
3269 72.0
3270 72.0
3271 72.0
3272 72.0
3273 72.0
3274 72.0
3275 72.0
3276 72.0
3277 72.0
3278 72.0
3279 72.0
3280 72.0
3281 72.0
3282 72.0
3283 72.0
3284 72.0
3285 72.0
3286 72.0
3287 72.0
3288 72.0
3289 72.0
3290 72.0
3291 72.0
3292 72.0
3293 72.0
3294 72.0
3295 72.0
3296 72.0
3297 72.0
3298 72.0
3299 72.0
3300 72.0
3301 72.0
3302 72.0
3303 72.0
3304 72.0
3305 72.0
3306 72.0
3307 72.0
3308 72.0
3309 72.0
3310 72.0
3311 72.0
3312 72.0
3313 72.0
3314 72.0
3315 72.0
3316 72.0
3317 72.0
3318 72.0
3319 72.0
3320 72.0
3321 72.0
3322 72.0
3323 72.0
3324 72.0
3325 72.0
3326 72.0
3327 72.0
3328 72.0
3329 72.0
3330 72.0
3331 72.0
3332 72.0
3333 72.0
3334 72.0
3335 72.0
3336 72.0
3337 72.0
3338 72.0
3339 72.0
3340 72.0
3341 72.0
3342 72.0
3343 72.0
3344 72.0
3345 72.0
3346 72.0
3347 72.0
3348 72.0
3349 72.0
3350 72.0
3351 72.0
3352 72.0
3353 72.0
3354 72.0
3355 72.0
3356 72.0
3357 72.0
3358 72.0
3359 72.0
3360 72.0
3361 72.0
3362 72.0
3363 72.0
3364 72.0
3365 72.0
3366 72.0
3367 72.0
3368 72.0
3369 72.0
3370 72.0
3371 72.0
3372 72.0
3373 72.0
3374 72.0
3375 72.0
3376 72.0
3377 72.0
3378 72.0
3379 72.0
3380 72.0
3381 72.0
3382 72.0
3383 72.0
3384 72.0
3385 72.0
3386 72.0
3387 72.0
3388 72.0
3389 72.0
3390 72.0
3391 72.0
3392 72.0
3393 72.0
3394 72.0
3395 72.0
3396 72.0
3397 72.0
3398 72.0
3399 72.0
3400 72.0
3401 72.0
3402 72.0
3403 72.0
3404 72.0
3405 72.0
3406 72.0
3407 72.0
3408 72.0
3409 72.0
3410 72.0
3411 72.0
3412 72.0
3413 72.0
3414 72.0
3415 72.0
3416 72.0
3417 72.0
3418 72.0
3419 72.0
3420 72.0
3421 72.0
3422 72.0
3423 72.0
3424 72.0
3425 72.0
3426 72.0
3427 72.0
3428 72.0
3429 72.0
3430 72.0
3431 72.0
3432 72.0
3433 72.0
3434 72.0
3435 72.0
3436 72.0
3437 72.0
3438 72.0
3439 72.0
3440 72.0
3441 72.0
3442 72.0
3443 72.0
3444 72.0
3445 72.0
3446 72.0
3447 72.0
3448 72.0
3449 72.0
3450 72.0
3451 72.0
3452 72.0
3453 72.0
3454 72.0
3455 72.0
3456 72.0
3457 72.0
3458 72.0
3459 72.0
3460 72.0
3461 72.0
3462 72.0
3463 72.0
3464 72.0
3465 72.0
3466 72.0
3467 72.0
3468 72.0
3469 72.0
3470 72.0
3471 72.0
3472 72.0
3473 72.0
3474 72.0
3475 72.0
3476 72.0
3477 72.0
3478 72.0
3479 72.0
3480 72.0
3481 72.0
3482 72.0
3483 72.0
3484 72.0
3485 72.0
3486 72.0
3487 72.0
3488 72.0
3489 72.0
3490 72.0
3491 72.0
3492 72.0
3493 72.0
3494 72.0
3495 72.0
3496 72.0
3497 72.0
3498 72.0
3499 72.0
3500 72.0
3501 72.0
3502 72.0
3503 72.0
3504 72.0
3505 72.0
3506 72.0
3507 72.0
3508 72.0
3509 72.0
3510 72.0
3511 72.0
3512 72.0
3513 72.0
3514 72.0
3515 72.0
3516 72.0
3517 72.0
3518 72.0
3519 72.0
3520 72.0
3521 72.0
3522 72.0
3523 72.0
3524 72.0
3525 72.0
3526 72.0
3527 72.0
3528 72.0
3529 72.0
3530 72.0
3531 72.0
3532 72.0
3533 72.0
3534 72.0
3535 72.0
3536 72.0
3537 72.0
3538 72.0
3539 72.0
3540 72.0
3541 72.0
3542 72.0
3543 72.0
3544 72.0
3545 72.0
3546 72.0
3547 72.0
3548 72.0
3549 72.0
3550 72.0
3551 72.0
3552 72.0
3553 72.0
3554 72.0
3555 72.0
3556 72.0
3557 72.0
3558 72.0
3559 72.0
3560 72.0
3561 72.0
3562 72.0
3563 72.0
3564 72.0
3565 72.0
3566 72.0
3567 72.0
3568 72.0
3569 72.0
3570 72.0
3571 72.0
3572 72.0
3573 72.0
3574 72.0
3575 72.0
3576 72.0
3577 72.0
3578 72.0
3579 72.0
3580 72.0
3581 72.0
3582 72.0
3583 72.0
3584 72.0
3585 72.0
3586 72.0
3587 72.0
3588 72.0
3589 72.0
3590 72.0
3591 72.0
3592 72.0
3593 72.0
3594 72.0
3595 72.0
3596 72.0
3597 72.0
3598 72.0
3599 72.0
3600 72.0
3601 72.0
3602 72.0
3603 72.0
3604 72.0
3605 72.0
3606 72.0
3607 72.0
3608 72.0
3609 72.0
3610 72.0
3611 72.0
3612 72.0
3613 72.0
3614 72.0
3615 72.0
3616 72.0
3617 72.0
3618 72.0
3619 72.0
3620 72.0
3621 72.0
3622 72.0
3623 72.0
3624 72.0
3625 72.0
3626 72.0
3627 72.0
3628 72.0
3629 72.0
3630 72.0
3631 72.0
3632 72.0
3633 72.0
3634 72.0
3635 72.0
3636 72.0
3637 72.0
3638 72.0
3639 72.0
3640 72.0
3641 72.0
3642 72.0
3643 72.0
3644 72.0
3645 72.0
3646 72.0
3647 72.0
3648 72.0
3649 72.0
3650 72.0
3651 72.0
3652 72.0
3653 72.0
3654 72.0
3655 72.0
3656 72.0
3657 72.0
3658 72.0
3659 72.0
3660 72.0
3661 72.0
3662 72.0
3663 72.0
3664 72.0
3665 72.0
3666 72.0
3667 72.0
3668 72.0
3669 72.0
3670 72.0
3671 72.0
3672 72.0
3673 72.0
3674 72.0
3675 72.0
3676 72.0
3677 72.0
3678 72.0
3679 72.0
3680 72.0
3681 72.0
3682 72.0
3683 72.0
3684 72.0
3685 72.0
3686 72.0
3687 72.0
3688 72.0
3689 72.0
3690 72.0
3691 72.0
3692 72.0
3693 72.0
3694 72.0
3695 72.0
3696 72.0
3697 72.0
3698 72.0
3699 72.0
3700 72.0
3701 72.0
3702 72.0
3703 72.0
3704 72.0
3705 72.0
3706 72.0
3707 72.0
3708 72.0
3709 72.0
3710 72.0
3711 72.0
3712 72.0
3713 72.0
3714 72.0
3715 72.0
3716 72.0
3717 72.0
3718 72.0
3719 72.0
3720 72.0
3721 72.0
3722 72.0
3723 72.0
3724 72.0
3725 72.0
3726 72.0
3727 72.0
3728 72.0
3729 72.0
3730 72.0
3731 72.0
3732 72.0
3733 72.0
3734 72.0
3735 72.0
3736 72.0
3737 72.0
3738 72.0
3739 72.0
3740 72.0
3741 72.0
3742 72.0
3743 72.0
3744 72.0
3745 72.0
3746 72.0
3747 72.0
3748 72.0
3749 72.0
3750 72.0
3751 72.0
3752 72.0
3753 72.0
3754 72.0
3755 72.0
3756 72.0
3757 72.0
3758 72.0
3759 72.0
3760 72.0
3761 72.0
3762 72.0
3763 72.0
3764 72.0
3765 72.0
3766 72.0
3767 72.0
3768 72.0
3769 72.0
3770 72.0
3771 72.0
3772 72.0
3773 72.0
3774 72.0
3775 72.0
3776 72.0
3777 72.0
3778 72.0
3779 72.0
3780 72.0
3781 72.0
3782 72.0
3783 72.0
3784 72.0
3785 72.0
3786 72.0
3787 72.0
3788 72.0
3789 72.0
3790 72.0
3791 72.0
3792 72.0
3793 72.0
3794 72.0
3795 72.0
3796 72.0
3797 72.0
3798 72.0
3799 72.0
3800 72.0
3801 72.0
3802 72.0
3803 72.0
3804 72.0
3805 72.0
3806 72.0
3807 72.0
3808 72.0
3809 72.0
3810 72.0
3811 72.0
3812 72.0
3813 72.0
3814 72.0
3815 72.0
3816 72.0
3817 72.0
3818 72.0
3819 72.0
3820 72.0
3821 72.0
3822 72.0
3823 72.0
3824 72.0
3825 72.0
3826 72.0
3827 72.0
3828 72.0
3829 72.0
3830 72.0
3831 72.0
3832 72.0
3833 72.0
3834 72.0
3835 72.0
3836 72.0
3837 72.0
3838 72.0
3839 72.0
3840 72.0
3841 72.0
3842 72.0
3843 72.0
3844 72.0
3845 72.0
3846 72.0
3847 72.0
3848 72.0
3849 72.0
3850 72.0
3851 72.0
3852 72.0
3853 72.0
3854 72.0
3855 72.0
3856 72.0
3857 72.0
3858 72.0
3859 72.0
3860 72.0
3861 72.0
3862 72.0
3863 72.0
3864 72.0
3865 72.0
3866 72.0
3867 72.0
3868 72.0
3869 72.0
3870 72.0
3871 72.0
3872 72.0
3873 72.0
3874 72.0
3875 72.0
3876 72.0
3877 72.0
3878 72.0
3879 72.0
3880 72.0
3881 72.0
3882 72.0
3883 72.0
3884 72.0
3885 72.0
3886 72.0
3887 72.0
3888 72.0
3889 72.0
3890 72.0
3891 72.0
3892 72.0
3893 72.0
3894 72.0
3895 72.0
3896 72.0
3897 72.0
3898 72.0
3899 72.0
3900 72.0
3901 72.0
3902 72.0
3903 72.0
3904 72.0
3905 72.0
3906 72.0
3907 72.0
3908 72.0
3909 72.0
3910 72.0
3911 72.0
3912 72.0
3913 72.0
3914 72.0
3915 72.0
3916 72.0
3917 72.0
3918 72.0
3919 72.0
3920 72.0
3921 72.0
3922 72.0
3923 72.0
3924 72.0
3925 72.0
3926 72.0
3927 72.0
3928 72.0
3929 72.0
3930 72.0
3931 72.0
3932 72.0
3933 72.0
3934 72.0
3935 72.0
3936 72.0
3937 72.0
3938 72.0
3939 72.0
3940 72.0
3941 72.0
3942 72.0
3943 72.0
3944 72.0
3945 72.0
3946 72.0
3947 72.0
3948 72.0
3949 72.0
3950 72.0
3951 72.0
3952 72.0
3953 72.0
3954 72.0
3955 72.0
3956 72.0
3957 72.0
3958 72.0
3959 72.0
3960 72.0
3961 72.0
3962 72.0
3963 72.0
3964 72.0
3965 72.0
3966 72.0
3967 72.0
3968 72.0
3969 72.0
3970 72.0
3971 72.0
3972 72.0
3973 72.0
3974 72.0
3975 72.0
3976 72.0
3977 72.0
3978 72.0
3979 72.0
3980 72.0
3981 72.0
3982 72.0
3983 72.0
3984 72.0
3985 72.0
3986 72.0
3987 72.0
3988 72.0
3989 72.0
3990 72.0
3991 72.0
3992 72.0
3993 72.0
3994 72.0
3995 72.0
3996 72.0
3997 72.0
3998 72.0
3999 72.0
4000 72.0
4001 72.0
4002 72.0
4003 72.0
4004 72.0
4005 72.0
4006 72.0
4007 72.0
4008 72.0
4009 72.0
4010 72.0
4011 72.0
4012 72.0
4013 72.0
4014 72.0
4015 72.0
4016 72.0
4017 72.0
4018 72.0
4019 72.0
4020 72.0
4021 72.0
4022 72.0
4023 72.0
4024 72.0
4025 72.0
4026 72.0
4027 72.0
4028 72.0
4029 72.0
4030 72.0
4031 72.0
4032 72.0
4033 72.0
4034 72.0
4035 72.0
4036 72.0
4037 72.0
4038 72.0
4039 72.0
4040 72.0
4041 72.0
4042 72.0
4043 72.0
4044 72.0
4045 72.0
4046 72.0
4047 72.0
4048 72.0
4049 72.0
4050 72.0
4051 72.0
4052 72.0
4053 72.0
4054 72.0
4055 72.0
4056 72.0
4057 72.0
4058 72.0
4059 72.0
4060 72.0
4061 72.0
4062 72.0
4063 72.0
4064 72.0
4065 72.0
4066 72.0
4067 72.0
4068 72.0
4069 72.0
4070 72.0
4071 72.0
4072 72.0
4073 72.0
4074 72.0
4075 72.0
4076 72.0
4077 72.0
4078 72.0
4079 72.0
4080 72.0
4081 72.0
4082 72.0
4083 72.0
4084 72.0
4085 72.0
4086 72.0
4087 72.0
4088 72.0
4089 72.0
4090 72.0
4091 72.0
4092 72.0
4093 72.0
4094 72.0
4095 72.0
4096 72.0
4097 72.0
4098 72.0
4099 72.0
4100 72.0
4101 72.0
4102 72.0
4103 72.0
4104 72.0
4105 72.0
4106 72.0
4107 72.0
4108 72.0
4109 72.0
4110 72.0
4111 72.0
4112 72.0
4113 72.0
4114 72.0
4115 72.0
4116 72.0
4117 72.0
4118 72.0
4119 72.0
4120 72.0
4121 72.0
4122 72.0
4123 72.0
4124 72.0
4125 72.0
4126 72.0
4127 72.0
4128 72.0
4129 72.0
4130 72.0
4131 72.0
4132 72.0
4133 72.0
4134 72.0
4135 72.0
4136 72.0
4137 72.0
4138 72.0
4139 72.0
4140 72.0
4141 72.0
4142 72.0
4143 72.0
4144 72.0
4145 72.0
4146 72.0
4147 72.0
4148 72.0
4149 72.0
4150 72.0
4151 72.0
4152 72.0
4153 72.0
4154 72.0
4155 72.0
4156 72.0
4157 72.0
4158 72.0
4159 72.0
4160 72.0
4161 72.0
4162 72.0
4163 72.0
4164 72.0
4165 72.0
4166 72.0
4167 72.0
4168 72.0
4169 72.0
4170 72.0
4171 72.0
4172 72.0
4173 72.0
4174 72.0
4175 72.0
4176 72.0
4177 72.0
4178 72.0
4179 72.0
4180 72.0
4181 72.0
4182 72.0
4183 72.0
4184 72.0
4185 72.0
4186 72.0
4187 72.0
4188 72.0
4189 72.0
4190 72.0
4191 72.0
4192 72.0
4193 72.0
4194 72.0
4195 72.0
4196 72.0
4197 72.0
4198 72.0
4199 72.0
4200 72.0
4201 72.0
4202 72.0
4203 72.0
4204 72.0
4205 72.0
4206 72.0
4207 72.0
4208 72.0
4209 72.0
4210 72.0
4211 72.0
4212 72.0
4213 72.0
4214 72.0
4215 72.0
4216 72.0
4217 72.0
4218 72.0
4219 72.0
4220 72.0
4221 72.0
4222 72.0
4223 72.0
4224 72.0
4225 72.0
4226 72.0
4227 72.0
4228 72.0
4229 72.0
4230 72.0
4231 72.0
4232 72.0
4233 72.0
4234 72.0
4235 72.0
4236 72.0
4237 72.0
4238 72.0
4239 72.0
4240 72.0
4241 72.0
4242 72.0
4243 72.0
4244 72.0
4245 72.0
4246 72.0
4247 72.0
4248 72.0
4249 72.0
4250 72.0
4251 72.0
4252 72.0
4253 72.0
4254 72.0
4255 72.0
4256 72.0
4257 72.0
4258 72.0
4259 72.0
4260 72.0
4261 72.0
4262 72.0
4263 72.0
4264 72.0
4265 72.0
4266 72.0
4267 72.0
4268 72.0
4269 72.0
4270 72.0
4271 72.0
4272 72.0
4273 72.0
4274 72.0
4275 72.0
4276 72.0
4277 72.0
4278 72.0
4279 72.0
4280 72.0
4281 72.0
4282 72.0
4283 72.0
4284 72.0
4285 72.0
4286 72.0
4287 72.0
4288 72.0
4289 72.0
4290 72.0
4291 72.0
4292 72.0
4293 72.0
4294 72.0
4295 72.0
4296 72.0
4297 72.0
4298 72.0
4299 72.0
4300 72.0
4301 72.0
4302 72.0
4303 72.0
4304 72.0
4305 72.0
4306 72.0
4307 72.0
4308 72.0
4309 72.0
4310 72.0
4311 72.0
4312 72.0
4313 72.0
4314 72.0
4315 72.0
4316 72.0
4317 72.0
4318 72.0
4319 72.0
4320 72.0
4321 72.0
4322 72.0
4323 72.0
4324 72.0
4325 72.0
4326 72.0
4327 72.0
4328 72.0
4329 72.0
4330 72.0
4331 72.0
4332 72.0
4333 72.0
4334 72.0
4335 72.0
4336 72.0
4337 72.0
4338 72.0
4339 72.0
4340 72.0
4341 72.0
4342 72.0
4343 72.0
4344 72.0
4345 72.0
4346 72.0
4347 72.0
4348 72.0
4349 72.0
4350 72.0
4351 72.0
4352 72.0
4353 72.0
4354 72.0
4355 72.0
4356 72.0
4357 72.0
4358 72.0
4359 72.0
4360 72.0
4361 72.0
4362 72.0
4363 72.0
4364 72.0
4365 72.0
4366 72.0
4367 72.0
4368 72.0
4369 72.0
4370 72.0
4371 72.0
4372 72.0
4373 72.0
4374 72.0
4375 72.0
4376 72.0
4377 72.0
4378 72.0
4379 72.0
4380 72.0
4381 72.0
4382 72.0
4383 72.0
4384 72.0
4385 72.0
4386 72.0
4387 72.0
4388 72.0
4389 72.0
4390 72.0
4391 72.0
4392 72.0
4393 72.0
4394 72.0
4395 72.0
4396 72.0
4397 72.0
4398 72.0
4399 72.0
4400 72.0
4401 72.0
4402 72.0
4403 72.0
4404 72.0
4405 72.0
4406 72.0
4407 72.0
4408 72.0
4409 72.0
4410 72.0
4411 72.0
4412 72.0
4413 72.0
4414 72.0
4415 72.0
4416 72.0
4417 72.0
4418 72.0
4419 72.0
4420 72.0
4421 72.0
4422 72.0
4423 72.0
4424 72.0
4425 72.0
4426 72.0
4427 72.0
4428 72.0
4429 72.0
4430 72.0
4431 72.0
4432 72.0
4433 72.0
4434 72.0
4435 72.0
4436 72.0
4437 72.0
4438 72.0
4439 72.0
4440 72.0
4441 72.0
4442 72.0
4443 72.0
4444 72.0
4445 72.0
4446 72.0
4447 72.0
4448 72.0
4449 72.0
4450 72.0
4451 72.0
4452 72.0
4453 72.0
4454 72.0
4455 72.0
4456 72.0
4457 72.0
4458 72.0
4459 72.0
4460 72.0
4461 72.0
4462 72.0
4463 72.0
4464 72.0
4465 72.0
4466 72.0
4467 72.0
4468 72.0
4469 72.0
4470 72.0
4471 72.0
4472 72.0
4473 72.0
4474 72.0
4475 72.0
4476 72.0
4477 72.0
4478 72.0
4479 72.0
4480 72.0
4481 72.0
4482 72.0
4483 72.0
4484 72.0
4485 72.0
4486 72.0
4487 72.0
4488 72.0
4489 72.0
4490 72.0
4491 72.0
4492 72.0
4493 72.0
4494 72.0
4495 72.0
4496 72.0
4497 72.0
4498 72.0
4499 72.0
4500 72.0
4501 72.0
4502 72.0
4503 72.0
4504 72.0
4505 72.0
4506 72.0
4507 72.0
4508 72.0
4509 72.0
4510 72.0
4511 72.0
4512 72.0
4513 72.0
4514 72.0
4515 72.0
4516 72.0
4517 72.0
4518 72.0
4519 72.0
4520 72.0
4521 72.0
4522 72.0
4523 72.0
4524 72.0
4525 72.0
4526 72.0
4527 72.0
4528 72.0
4529 72.0
4530 72.0
4531 72.0
4532 72.0
4533 72.0
4534 72.0
4535 72.0
4536 72.0
4537 72.0
4538 72.0
4539 72.0
4540 72.0
4541 72.0
4542 72.0
4543 72.0
4544 72.0
4545 72.0
4546 72.0
4547 72.0
4548 72.0
4549 72.0
4550 72.0
4551 72.0
4552 72.0
4553 72.0
4554 72.0
4555 72.0
4556 72.0
4557 72.0
4558 72.0
4559 72.0
4560 72.0
4561 72.0
4562 72.0
4563 72.0
4564 72.0
4565 72.0
4566 72.0
4567 72.0
4568 72.0
4569 72.0
4570 72.0
4571 72.0
4572 72.0
4573 72.0
4574 72.0
4575 72.0
4576 72.0
4577 72.0
4578 72.0
4579 72.0
4580 72.0
4581 72.0
4582 72.0
4583 72.0
4584 72.0
4585 72.0
4586 72.0
4587 72.0
4588 72.0
4589 72.0
4590 72.0
4591 72.0
4592 72.0
4593 72.0
4594 72.0
4595 72.0
4596 72.0
4597 72.0
4598 72.0
4599 72.0
4600 72.0
4601 72.0
4602 72.0
4603 72.0
4604 72.0
4605 72.0
4606 72.0
4607 72.0
4608 72.0
4609 72.0
4610 72.0
4611 72.0
4612 72.0
4613 72.0
4614 72.0
4615 72.0
4616 72.0
4617 72.0
4618 72.0
4619 72.0
4620 72.0
4621 72.0
4622 72.0
4623 72.0
4624 72.0
4625 72.0
4626 72.0
4627 72.0
4628 72.0
4629 72.0
4630 72.0
4631 72.0
4632 72.0
4633 72.0
4634 72.0
4635 72.0
4636 72.0
4637 72.0
4638 72.0
4639 72.0
4640 72.0
4641 72.0
4642 72.0
4643 72.0
4644 72.0
4645 72.0
4646 72.0
4647 72.0
4648 72.0
4649 72.0
4650 72.0
4651 72.0
4652 72.0
4653 72.0
4654 72.0
4655 72.0
4656 72.0
4657 72.0
4658 72.0
4659 72.0
4660 72.0
4661 72.0
4662 72.0
4663 72.0
4664 72.0
4665 72.0
4666 72.0
4667 72.0
4668 72.0
4669 72.0
4670 72.0
4671 72.0
4672 72.0
4673 72.0
4674 72.0
4675 72.0
4676 72.0
4677 72.0
4678 72.0
4679 72.0
4680 72.0
4681 72.0
4682 72.0
4683 72.0
4684 72.0
4685 72.0
4686 72.0
4687 72.0
4688 72.0
4689 72.0
4690 72.0
4691 72.0
4692 72.0
4693 72.0
4694 72.0
4695 72.0
4696 72.0
4697 72.0
4698 72.0
4699 72.0
4700 72.0
4701 72.0
4702 72.0
4703 72.0
4704 72.0
4705 72.0
4706 72.0
4707 72.0
4708 72.0
4709 72.0
4710 72.0
4711 72.0
4712 72.0
4713 72.0
4714 72.0
4715 72.0
4716 72.0
4717 72.0
4718 72.0
4719 72.0
4720 72.0
4721 72.0
4722 72.0
4723 72.0
4724 72.0
4725 72.0
4726 72.0
4727 72.0
4728 72.0
4729 72.0
4730 72.0
4731 72.0
4732 72.0
4733 72.0
4734 72.0
4735 72.0
4736 72.0
4737 72.0
4738 72.0
4739 72.0
4740 72.0
4741 72.0
4742 72.0
4743 72.0
4744 72.0
4745 72.0
4746 72.0
4747 72.0
4748 72.0
4749 72.0
4750 72.0
4751 72.0
4752 72.0
4753 72.0
4754 72.0
4755 72.0
4756 72.0
4757 72.0
4758 72.0
4759 72.0
4760 72.0
4761 72.0
4762 72.0
4763 72.0
4764 72.0
4765 72.0
4766 72.0
4767 72.0
4768 72.0
4769 72.0
4770 72.0
4771 72.0
4772 72.0
4773 72.0
4774 72.0
4775 72.0
4776 72.0
4777 72.0
4778 72.0
4779 72.0
4780 72.0
4781 72.0
4782 72.0
4783 72.0
4784 72.0
4785 72.0
4786 72.0
4787 72.0
4788 72.0
4789 72.0
4790 72.0
4791 72.0
4792 72.0
4793 72.0
4794 72.0
4795 72.0
4796 72.0
4797 72.0
4798 72.0
4799 72.0
4800 72.0
4801 72.0
4802 72.0
4803 72.0
4804 72.0
4805 72.0
4806 72.0
4807 72.0
4808 72.0
4809 72.0
4810 72.0
4811 72.0
4812 72.0
4813 72.0
4814 72.0
4815 72.0
4816 72.0
4817 72.0
4818 72.0
4819 72.0
4820 72.0
4821 72.0
4822 72.0
4823 72.0
4824 72.0
4825 72.0
4826 72.0
4827 72.0
4828 72.0
4829 72.0
4830 72.0
4831 72.0
4832 72.0
4833 72.0
4834 72.0
4835 72.0
4836 72.0
4837 72.0
4838 72.0
4839 72.0
4840 72.0
4841 72.0
4842 72.0
4843 72.0
4844 72.0
4845 72.0
4846 72.0
4847 72.0
4848 72.0
4849 72.0
4850 72.0
4851 72.0
4852 72.0
4853 72.0
4854 72.0
4855 72.0
4856 72.0
4857 72.0
4858 72.0
4859 72.0
4860 72.0
4861 72.0
4862 72.0
4863 72.0
4864 72.0
4865 72.0
4866 72.0
4867 72.0
4868 72.0
4869 72.0
4870 72.0
4871 72.0
4872 72.0
4873 72.0
4874 72.0
4875 72.0
4876 72.0
4877 72.0
4878 72.0
4879 72.0
4880 72.0
4881 72.0
4882 72.0
4883 72.0
4884 72.0
4885 72.0
4886 72.0
4887 72.0
4888 72.0
4889 72.0
4890 72.0
4891 72.0
4892 72.0
4893 72.0
4894 72.0
4895 72.0
4896 72.0
4897 72.0
4898 72.0
4899 72.0
4900 72.0
4901 72.0
4902 72.0
4903 72.0
4904 72.0
4905 72.0
4906 72.0
4907 72.0
4908 72.0
4909 72.0
4910 72.0
4911 72.0
4912 72.0
4913 72.0
4914 72.0
4915 72.0
4916 72.0
4917 72.0
4918 72.0
4919 72.0
4920 72.0
4921 72.0
4922 72.0
4923 72.0
4924 72.0
4925 72.0
4926 72.0
4927 72.0
4928 72.0
4929 72.0
4930 72.0
4931 72.0
4932 72.0
4933 72.0
4934 72.0
4935 72.0
4936 72.0
4937 72.0
4938 72.0
4939 72.0
4940 72.0
4941 72.0
4942 72.0
4943 72.0
4944 72.0
4945 72.0
4946 72.0
4947 72.0
4948 72.0
4949 72.0
4950 72.0
4951 72.0
4952 72.0
4953 72.0
4954 72.0
4955 72.0
4956 72.0
4957 72.0
4958 72.0
4959 72.0
4960 72.0
4961 72.0
4962 72.0
4963 72.0
4964 72.0
4965 72.0
4966 72.0
4967 72.0
4968 72.0
4969 72.0
4970 72.0
4971 72.0
4972 72.0
4973 72.0
4974 72.0
4975 72.0
4976 72.0
4977 72.0
4978 72.0
4979 72.0
4980 72.0
4981 72.0
4982 72.0
4983 72.0
4984 72.0
4985 72.0
4986 72.0
4987 72.0
4988 72.0
4989 72.0
4990 72.0
4991 72.0
4992 72.0
4993 72.0
4994 72.0
4995 72.0
4996 72.0
4997 72.0
4998 72.0
4999 72.0
5000 72.0
5001 72.0
5002 72.0
5003 72.0
5004 72.0
5005 72.0
5006 72.0
5007 72.0
5008 72.0
5009 72.0
5010 72.0
5011 72.0
5012 72.0
5013 72.0
5014 72.0
5015 72.0
5016 72.0
5017 72.0
5018 72.0
5019 72.0
5020 72.0
5021 72.0
5022 72.0
5023 72.0
5024 72.0
5025 72.0
5026 72.0
5027 72.0
5028 72.0
5029 72.0
5030 72.0
5031 72.0
5032 72.0
5033 72.0
5034 72.0
5035 72.0
5036 72.0
5037 72.0
5038 72.0
5039 72.0
5040 72.0
5041 72.0
5042 72.0
5043 72.0
5044 72.0
5045 72.0
5046 72.0
5047 72.0
5048 72.0
5049 72.0
5050 72.0
5051 72.0
5052 72.0
5053 72.0
5054 72.0
5055 72.0
5056 72.0
5057 72.0
5058 72.0
5059 72.0
5060 72.0
5061 72.0
5062 72.0
5063 72.0
5064 72.0
5065 72.0
5066 72.0
5067 72.0
5068 72.0
5069 72.0
5070 72.0
5071 72.0
5072 72.0
5073 72.0
5074 72.0
5075 72.0
5076 72.0
5077 72.0
5078 72.0
5079 72.0
5080 72.0
5081 72.0
5082 72.0
5083 72.0
5084 72.0
5085 72.0
5086 72.0
5087 72.0
5088 72.0
5089 72.0
5090 72.0
5091 72.0
5092 72.0
5093 72.0
5094 72.0
5095 72.0
5096 72.0
5097 72.0
5098 72.0
5099 72.0
5100 72.0
5101 72.0
5102 72.0
5103 72.0
5104 72.0
5105 72.0
5106 72.0
5107 72.0
5108 72.0
5109 72.0
5110 72.0
5111 72.0
5112 72.0
5113 72.0
5114 72.0
5115 72.0
5116 72.0
5117 72.0
5118 72.0
5119 72.0
5120 72.0
5121 72.0
5122 72.0
5123 72.0
5124 72.0
5125 72.0
5126 72.0
5127 72.0
5128 72.0
5129 72.0
5130 72.0
5131 72.0
5132 72.0
5133 72.0
5134 72.0
5135 72.0
5136 72.0
5137 72.0
5138 72.0
5139 72.0
5140 72.0
5141 72.0
5142 72.0
5143 72.0
5144 72.0
5145 72.0
5146 72.0
5147 72.0
5148 72.0
5149 72.0
5150 72.0
5151 72.0
5152 72.0
5153 72.0
5154 72.0
5155 72.0
5156 72.0
5157 72.0
5158 72.0
5159 72.0
5160 72.0
5161 72.0
5162 72.0
5163 72.0
5164 72.0
5165 72.0
5166 72.0
5167 72.0
5168 72.0
5169 72.0
5170 72.0
5171 72.0
5172 72.0
5173 72.0
5174 72.0
5175 72.0
5176 72.0
5177 72.0
5178 72.0
5179 72.0
5180 72.0
5181 72.0
5182 72.0
5183 72.0
5184 72.0
5185 72.0
5186 72.0
5187 72.0
5188 72.0
5189 72.0
5190 72.0
5191 72.0
5192 72.0
5193 72.0
5194 72.0
5195 72.0
5196 72.0
5197 72.0
5198 72.0
5199 72.0
5200 72.0
5201 72.0
5202 72.0
5203 72.0
5204 72.0
5205 72.0
5206 72.0
5207 72.0
5208 72.0
5209 72.0
5210 72.0
5211 72.0
5212 72.0
5213 72.0
5214 72.0
5215 72.0
5216 72.0
5217 72.0
5218 72.0
5219 72.0
5220 72.0
5221 72.0
5222 72.0
5223 72.0
5224 72.0
5225 72.0
5226 72.0
5227 72.0
5228 72.0
5229 72.0
5230 72.0
5231 72.0
5232 72.0
5233 72.0
5234 72.0
5235 72.0
5236 72.0
5237 72.0
5238 72.0
5239 72.0
5240 72.0
5241 72.0
5242 72.0
5243 72.0
5244 72.0
5245 72.0
5246 72.0
5247 72.0
5248 72.0
5249 72.0
5250 72.0
5251 72.0
5252 72.0
5253 72.0
5254 72.0
5255 72.0
5256 72.0
5257 72.0
5258 72.0
5259 72.0
5260 72.0
5261 72.0
5262 72.0
5263 72.0
5264 72.0
5265 72.0
5266 72.0
5267 72.0
5268 72.0
5269 72.0
5270 72.0
5271 72.0
5272 72.0
5273 72.0
5274 72.0
5275 72.0
5276 72.0
5277 72.0
5278 72.0
5279 72.0
5280 72.0
5281 72.0
5282 72.0
5283 72.0
5284 72.0
5285 72.0
5286 72.0
5287 72.0
5288 72.0
5289 72.0
5290 72.0
5291 72.0
5292 72.0
5293 72.0
5294 72.0
5295 72.0
5296 72.0
5297 72.0
5298 72.0
5299 72.0
5300 72.0
5301 72.0
5302 72.0
5303 72.0
5304 72.0
5305 72.0
5306 72.0
5307 72.0
5308 72.0
5309 72.0
5310 72.0
5311 72.0
5312 72.0
5313 72.0
5314 72.0
5315 72.0
5316 72.0
5317 72.0
5318 72.0
5319 72.0
5320 72.0
5321 72.0
5322 72.0
5323 72.0
5324 72.0
5325 72.0
5326 72.0
5327 72.0
5328 72.0
5329 72.0
5330 72.0
5331 72.0
5332 72.0
5333 72.0
5334 72.0
5335 72.0
5336 72.0
5337 72.0
5338 72.0
5339 72.0
5340 72.0
5341 72.0
5342 72.0
5343 72.0
5344 72.0
5345 72.0
5346 72.0
5347 72.0
5348 72.0
5349 72.0
5350 72.0
5351 72.0
5352 72.0
5353 72.0
5354 72.0
5355 72.0
5356 72.0
5357 72.0
5358 72.0
5359 72.0
5360 72.0
5361 72.0
5362 72.0
5363 72.0
5364 72.0
5365 72.0
5366 72.0
5367 72.0
5368 72.0
5369 72.0
5370 72.0
5371 72.0
5372 72.0
5373 72.0
5374 72.0
5375 72.0
5376 72.0
5377 72.0
5378 72.0
5379 72.0
5380 72.0
5381 72.0
5382 72.0
5383 72.0
5384 72.0
5385 72.0
5386 72.0
5387 72.0
5388 72.0
5389 72.0
5390 72.0
5391 72.0
5392 72.0
5393 72.0
5394 72.0
5395 72.0
5396 72.0
5397 72.0
5398 72.0
5399 72.0
5400 72.0
5401 72.0
5402 72.0
5403 72.0
5404 72.0
5405 72.0
5406 72.0
5407 72.0
5408 72.0
5409 72.0
5410 72.0
5411 72.0
5412 72.0
5413 72.0
5414 72.0
5415 72.0
5416 72.0
5417 72.0
5418 72.0
5419 72.0
5420 72.0
5421 72.0
5422 72.0
5423 72.0
5424 72.0
5425 72.0
5426 72.0
5427 72.0
5428 72.0
5429 72.0
5430 72.0
5431 72.0
5432 72.0
5433 72.0
5434 72.0
5435 72.0
5436 72.0
5437 72.0
5438 72.0
5439 72.0
5440 72.0
5441 72.0
5442 72.0
5443 72.0
5444 72.0
5445 72.0
5446 72.0
5447 72.0
5448 72.0
5449 72.0
5450 72.0
5451 72.0
5452 72.0
5453 72.0
5454 72.0
5455 72.0
5456 72.0
5457 72.0
5458 72.0
5459 72.0
5460 72.0
5461 72.0
5462 72.0
5463 72.0
5464 72.0
5465 72.0
5466 72.0
5467 72.0
5468 72.0
5469 72.0
5470 72.0
5471 72.0
5472 72.0
5473 72.0
5474 72.0
5475 72.0
5476 72.0
5477 72.0
5478 72.0
5479 72.0
5480 72.0
5481 72.0
5482 72.0
5483 72.0
5484 72.0
5485 72.0
5486 72.0
5487 72.0
5488 72.0
5489 72.0
5490 72.0
5491 72.0
5492 72.0
5493 72.0
5494 72.0
5495 72.0
5496 72.0
5497 72.0
5498 72.0
5499 72.0
5500 72.0
5501 72.0
5502 72.0
5503 72.0
5504 72.0
5505 72.0
5506 72.0
5507 72.0
5508 72.0
5509 72.0
5510 72.0
5511 72.0
5512 72.0
5513 72.0
5514 72.0
5515 72.0
5516 72.0
5517 72.0
5518 72.0
5519 72.0
5520 72.0
5521 72.0
5522 72.0
5523 72.0
5524 72.0
5525 72.0
5526 72.0
5527 72.0
5528 72.0
5529 72.0
5530 72.0
5531 72.0
5532 72.0
5533 72.0
5534 72.0
5535 72.0
5536 72.0
5537 72.0
5538 72.0
5539 72.0
5540 72.0
5541 72.0
5542 72.0
5543 72.0
5544 72.0
5545 72.0
5546 72.0
5547 72.0
5548 72.0
5549 72.0
5550 72.0
5551 72.0
5552 72.0
5553 72.0
5554 72.0
5555 72.0
5556 72.0
5557 72.0
5558 72.0
5559 72.0
5560 72.0
5561 72.0
5562 72.0
5563 72.0
5564 72.0
5565 72.0
5566 72.0
5567 72.0
5568 72.0
5569 72.0
5570 72.0
5571 72.0
5572 72.0
5573 72.0
5574 72.0
5575 72.0
5576 72.0
5577 72.0
5578 72.0
5579 72.0
5580 72.0
5581 72.0
5582 72.0
5583 72.0
5584 72.0
5585 72.0
5586 72.0
5587 72.0
5588 72.0
5589 72.0
5590 72.0
5591 72.0
5592 72.0
5593 72.0
5594 72.0
5595 72.0
5596 72.0
5597 72.0
5598 72.0
5599 72.0
5600 72.0
5601 72.0
5602 72.0
5603 72.0
5604 72.0
5605 72.0
5606 72.0
5607 72.0
5608 72.0
5609 72.0
5610 72.0
5611 72.0
5612 72.0
5613 72.0
5614 72.0
5615 72.0
5616 72.0
5617 72.0
5618 72.0
5619 72.0
5620 72.0
5621 72.0
5622 72.0
5623 72.0
5624 72.0
5625 72.0
5626 72.0
5627 72.0
5628 72.0
5629 72.0
5630 72.0
5631 72.0
5632 72.0
5633 72.0
5634 72.0
5635 72.0
5636 72.0
5637 72.0
5638 72.0
5639 72.0
5640 72.0
5641 72.0
5642 72.0
5643 72.0
5644 72.0
5645 72.0
5646 72.0
5647 72.0
5648 72.0
5649 72.0
5650 72.0
5651 72.0
5652 72.0
5653 72.0
5654 72.0
5655 72.0
5656 72.0
5657 72.0
5658 72.0
5659 72.0
5660 72.0
5661 72.0
5662 72.0
5663 72.0
5664 72.0
5665 72.0
5666 72.0
5667 72.0
5668 72.0
5669 72.0
5670 72.0
5671 72.0
5672 72.0
5673 72.0
5674 72.0
5675 72.0
5676 72.0
5677 72.0
5678 72.0
5679 72.0
5680 72.0
5681 72.0
5682 72.0
5683 72.0
5684 72.0
5685 72.0
5686 72.0
5687 72.0
5688 72.0
5689 72.0
5690 72.0
5691 72.0
5692 72.0
5693 72.0
5694 72.0
5695 72.0
5696 72.0
5697 72.0
5698 72.0
5699 72.0
5700 72.0
5701 72.0
5702 72.0
5703 72.0
5704 72.0
5705 72.0
5706 72.0
5707 72.0
5708 72.0
5709 72.0
5710 72.0
5711 72.0
5712 72.0
5713 72.0
5714 72.0
5715 72.0
5716 72.0
5717 72.0
5718 72.0
5719 72.0
5720 72.0
5721 72.0
5722 72.0
5723 72.0
5724 72.0
5725 72.0
5726 72.0
5727 72.0
5728 72.0
5729 72.0
5730 72.0
5731 72.0
5732 72.0
5733 72.0
5734 72.0
5735 72.0
5736 72.0
5737 72.0
5738 72.0
5739 72.0
5740 72.0
5741 72.0
5742 72.0
5743 72.0
5744 72.0
5745 72.0
5746 72.0
5747 72.0
5748 72.0
5749 72.0
5750 72.0
5751 72.0
5752 72.0
5753 72.0
5754 72.0
5755 72.0
5756 72.0
5757 72.0
5758 72.0
5759 72.0
5760 72.0
5761 72.0
5762 72.0
5763 72.0
5764 72.0
5765 72.0
5766 72.0
5767 72.0
5768 72.0
5769 72.0
5770 72.0
5771 72.0
5772 72.0
5773 72.0
5774 72.0
5775 72.0
5776 72.0
5777 72.0
5778 72.0
5779 72.0
5780 72.0
5781 72.0
5782 72.0
5783 72.0
5784 72.0
5785 72.0
5786 72.0
5787 72.0
5788 72.0
5789 72.0
5790 72.0
5791 72.0
5792 72.0
5793 72.0
5794 72.0
5795 72.0
5796 72.0
5797 72.0
5798 72.0
5799 72.0
5800 72.0
5801 72.0
5802 72.0
5803 72.0
5804 72.0
5805 72.0
5806 72.0
5807 72.0
5808 72.0
5809 72.0
5810 72.0
5811 72.0
5812 72.0
5813 72.0
5814 72.0
5815 72.0
5816 72.0
5817 72.0
5818 72.0
5819 72.0
5820 72.0
5821 72.0
5822 72.0
5823 72.0
5824 72.0
5825 72.0
5826 72.0
5827 72.0
5828 72.0
5829 72.0
5830 72.0
5831 72.0
5832 72.0
5833 72.0
5834 72.0
5835 72.0
5836 72.0
5837 72.0
5838 72.0
5839 72.0
5840 72.0
5841 72.0
5842 72.0
5843 72.0
5844 72.0
5845 72.0
5846 72.0
5847 72.0
5848 72.0
5849 72.0
5850 72.0
5851 72.0
5852 72.0
5853 72.0
5854 72.0
5855 72.0
5856 72.0
5857 72.0
5858 72.0
5859 72.0
5860 72.0
5861 72.0
5862 72.0
5863 72.0
5864 72.0
5865 72.0
5866 72.0
5867 72.0
5868 72.0
5869 72.0
5870 72.0
5871 72.0
5872 72.0
5873 72.0
5874 72.0
5875 72.0
5876 72.0
5877 72.0
5878 72.0
5879 72.0
5880 72.0
5881 72.0
5882 72.0
5883 72.0
5884 72.0
5885 72.0
5886 72.0
5887 72.0
5888 72.0
5889 72.0
5890 72.0
5891 72.0
5892 72.0
5893 72.0
5894 72.0
5895 72.0
5896 72.0
5897 72.0
5898 72.0
5899 72.0
5900 72.0
5901 72.0
5902 72.0
5903 72.0
5904 72.0
5905 72.0
5906 72.0
5907 72.0
5908 72.0
5909 72.0
5910 72.0
5911 72.0
5912 72.0
5913 72.0
5914 72.0
5915 72.0
5916 72.0
5917 72.0
5918 72.0
5919 72.0
5920 72.0
5921 72.0
5922 72.0
5923 72.0
5924 72.0
5925 72.0
5926 72.0
5927 72.0
5928 72.0
5929 72.0
5930 72.0
5931 72.0
5932 72.0
5933 72.0
5934 72.0
5935 72.0
5936 72.0
5937 72.0
5938 72.0
5939 72.0
5940 72.0
5941 72.0
5942 72.0
5943 72.0
5944 72.0
5945 72.0
5946 72.0
5947 72.0
5948 72.0
5949 72.0
5950 72.0
5951 72.0
5952 72.0
5953 72.0
5954 72.0
5955 72.0
5956 72.0
5957 72.0
5958 72.0
5959 72.0
5960 72.0
5961 72.0
5962 72.0
5963 72.0
5964 72.0
5965 72.0
5966 72.0
5967 72.0
5968 72.0
5969 72.0
5970 72.0
5971 72.0
5972 72.0
5973 72.0
5974 72.0
5975 72.0
5976 72.0
5977 72.0
5978 72.0
5979 72.0
5980 72.0
5981 72.0
5982 72.0
5983 72.0
5984 72.0
5985 72.0
5986 72.0
5987 72.0
5988 72.0
5989 72.0
5990 72.0
5991 72.0
5992 72.0
5993 72.0
5994 72.0
5995 72.0
5996 72.0
5997 72.0
5998 72.0
5999 72.0
6000 72.0
6001 72.0
6002 72.0
6003 72.0
6004 72.0
6005 72.0
6006 72.0
6007 72.0
6008 72.0
6009 72.0
6010 72.0
6011 72.0
6012 72.0
6013 72.0
6014 72.0
6015 72.0
6016 72.0
6017 72.0
6018 72.0
6019 72.0
6020 72.0
6021 72.0
6022 72.0
6023 72.0
6024 72.0
6025 72.0
6026 72.0
6027 72.0
6028 72.0
6029 72.0
6030 72.0
6031 72.0
6032 72.0
6033 72.0
6034 72.0
6035 72.0
6036 72.0
6037 72.0
6038 72.0
6039 72.0
6040 72.0
6041 72.0
6042 72.0
6043 72.0
6044 72.0
6045 72.0
6046 72.0
6047 72.0
6048 72.0
6049 72.0
6050 72.0
6051 72.0
6052 72.0
6053 72.0
6054 72.0
6055 72.0
6056 72.0
6057 72.0
6058 72.0
6059 72.0
6060 72.0
6061 72.0
6062 72.0
6063 72.0
6064 72.0
6065 72.0
6066 72.0
6067 72.0
6068 72.0
6069 72.0
6070 72.0
6071 72.0
6072 72.0
6073 72.0
6074 72.0
6075 72.0
6076 72.0
6077 72.0
6078 72.0
6079 72.0
6080 72.0
6081 72.0
6082 72.0
6083 72.0
6084 72.0
6085 72.0
6086 72.0
6087 72.0
6088 72.0
6089 72.0
6090 72.0
6091 72.0
6092 72.0
6093 72.0
6094 72.0
6095 72.0
6096 72.0
6097 72.0
6098 72.0
6099 72.0
6100 72.0
6101 72.0
6102 72.0
6103 72.0
6104 72.0
6105 72.0
6106 72.0
6107 72.0
6108 72.0
6109 72.0
6110 72.0
6111 72.0
6112 72.0
6113 72.0
6114 72.0
6115 72.0
6116 72.0
6117 72.0
6118 72.0
6119 72.0
6120 72.0
6121 72.0
6122 72.0
6123 72.0
6124 72.0
6125 72.0
6126 72.0
6127 72.0
6128 72.0
6129 72.0
6130 72.0
6131 72.0
6132 72.0
6133 72.0
6134 72.0
6135 72.0
6136 72.0
6137 72.0
6138 72.0
6139 72.0
6140 72.0
6141 72.0
6142 72.0
6143 72.0
6144 72.0
6145 72.0
6146 72.0
6147 72.0
6148 72.0
6149 72.0
6150 72.0
6151 72.0
6152 72.0
6153 72.0
6154 72.0
6155 72.0
6156 72.0
6157 72.0
6158 72.0
6159 72.0
6160 72.0
6161 72.0
6162 72.0
6163 72.0
6164 72.0
6165 72.0
6166 72.0
6167 72.0
6168 72.0
6169 72.0
6170 72.0
6171 72.0
6172 72.0
6173 72.0
6174 72.0
6175 72.0
6176 72.0
6177 72.0
6178 72.0
6179 72.0
6180 72.0
6181 72.0
6182 72.0
6183 72.0
6184 72.0
6185 72.0
6186 72.0
6187 72.0
6188 72.0
6189 72.0
6190 72.0
6191 72.0
6192 72.0
6193 72.0
6194 72.0
6195 72.0
6196 72.0
6197 72.0
6198 72.0
6199 72.0
6200 72.0
6201 72.0
6202 72.0
6203 72.0
6204 72.0
6205 72.0
6206 72.0
6207 72.0
6208 72.0
6209 72.0
6210 72.0
6211 72.0
6212 72.0
6213 72.0
6214 72.0
6215 72.0
6216 72.0
6217 72.0
6218 72.0
6219 72.0
6220 72.0
6221 72.0
6222 72.0
6223 72.0
6224 72.0
6225 72.0
6226 72.0
6227 72.0
6228 72.0
6229 72.0
6230 72.0
6231 72.0
6232 72.0
6233 72.0
6234 72.0
6235 72.0
6236 72.0
6237 72.0
6238 72.0
6239 72.0
6240 72.0
6241 72.0
6242 72.0
6243 72.0
6244 72.0
6245 72.0
6246 72.0
6247 72.0
6248 72.0
6249 72.0
6250 72.0
6251 72.0
6252 72.0
6253 72.0
6254 72.0
6255 72.0
6256 72.0
6257 72.0
6258 72.0
6259 72.0
6260 72.0
6261 72.0
6262 72.0
6263 72.0
6264 72.0
6265 72.0
6266 72.0
6267 72.0
6268 72.0
6269 72.0
6270 72.0
6271 72.0
6272 72.0
6273 72.0
6274 72.0
6275 72.0
6276 72.0
6277 72.0
6278 72.0
6279 72.0
6280 72.0
6281 72.0
6282 72.0
6283 72.0
6284 72.0
6285 72.0
6286 72.0
6287 72.0
6288 72.0
6289 72.0
6290 72.0
6291 72.0
6292 72.0
6293 72.0
6294 72.0
6295 72.0
6296 72.0
6297 72.0
6298 72.0
6299 72.0
6300 72.0
6301 72.0
6302 72.0
6303 72.0
6304 72.0
6305 72.0
6306 72.0
6307 72.0
6308 72.0
6309 72.0
6310 72.0
6311 72.0
6312 72.0
6313 72.0
6314 72.0
6315 72.0
6316 72.0
6317 72.0
6318 72.0
6319 72.0
6320 72.0
6321 72.0
6322 72.0
6323 72.0
6324 72.0
6325 72.0
6326 72.0
6327 72.0
6328 72.0
6329 72.0
6330 72.0
6331 72.0
6332 72.0
6333 72.0
6334 72.0
6335 72.0
6336 72.0
6337 72.0
6338 72.0
6339 72.0
6340 72.0
6341 72.0
6342 72.0
6343 72.0
6344 72.0
6345 72.0
6346 72.0
6347 72.0
6348 72.0
6349 72.0
6350 72.0
6351 72.0
6352 72.0
6353 72.0
6354 72.0
6355 72.0
6356 72.0
6357 72.0
6358 72.0
6359 72.0
6360 72.0
6361 72.0
6362 72.0
6363 72.0
6364 72.0
6365 72.0
6366 72.0
6367 72.0
6368 72.0
6369 72.0
6370 72.0
6371 72.0
6372 72.0
6373 72.0
6374 72.0
6375 72.0
6376 72.0
6377 72.0
6378 72.0
6379 72.0
6380 72.0
6381 72.0
6382 72.0
6383 72.0
6384 72.0
6385 72.0
6386 72.0
6387 72.0
6388 72.0
6389 72.0
6390 72.0
6391 72.0
6392 72.0
6393 72.0
6394 72.0
6395 72.0
6396 72.0
6397 72.0
6398 72.0
6399 72.0
6400 72.0
6401 72.0
6402 72.0
6403 72.0
6404 72.0
6405 72.0
6406 72.0
6407 72.0
6408 72.0
6409 72.0
6410 72.0
6411 72.0
6412 72.0
6413 72.0
6414 72.0
6415 72.0
6416 72.0
6417 72.0
6418 72.0
6419 72.0
6420 72.0
6421 72.0
6422 72.0
6423 72.0
6424 72.0
6425 72.0
6426 72.0
6427 72.0
6428 72.0
6429 72.0
6430 72.0
6431 72.0
6432 72.0
6433 72.0
6434 72.0
6435 72.0
6436 72.0
6437 72.0
6438 72.0
6439 72.0
6440 72.0
6441 72.0
6442 72.0
6443 72.0
6444 72.0
6445 72.0
6446 72.0
6447 72.0
6448 72.0
6449 72.0
6450 72.0
6451 72.0
6452 72.0
6453 72.0
6454 72.0
6455 72.0
6456 72.0
6457 72.0
6458 72.0
6459 72.0
6460 72.0
6461 72.0
6462 72.0
6463 72.0
6464 72.0
6465 72.0
6466 72.0
6467 72.0
6468 72.0
6469 72.0
6470 72.0
6471 72.0
6472 72.0
6473 72.0
6474 72.0
6475 72.0
6476 72.0
6477 72.0
6478 72.0
6479 72.0
6480 72.0
6481 72.0
6482 72.0
6483 72.0
6484 72.0
6485 72.0
6486 72.0
6487 72.0
6488 72.0
6489 72.0
6490 72.0
6491 72.0
6492 72.0
6493 72.0
6494 72.0
6495 72.0
6496 72.0
6497 72.0
6498 72.0
6499 72.0
6500 72.0
6501 72.0
6502 72.0
6503 72.0
6504 72.0
6505 72.0
6506 72.0
6507 72.0
6508 72.0
6509 72.0
6510 72.0
6511 72.0
6512 72.0
6513 72.0
6514 72.0
6515 72.0
6516 72.0
6517 72.0
6518 72.0
6519 72.0
6520 72.0
6521 72.0
6522 72.0
6523 72.0
6524 72.0
6525 72.0
6526 72.0
6527 72.0
6528 72.0
6529 72.0
6530 72.0
6531 72.0
6532 72.0
6533 72.0
6534 72.0
6535 72.0
6536 72.0
6537 72.0
6538 72.0
6539 72.0
6540 72.0
6541 72.0
6542 72.0
6543 72.0
6544 72.0
6545 72.0
6546 72.0
6547 72.0
6548 72.0
6549 72.0
6550 72.0
6551 72.0
6552 72.0
6553 72.0
6554 72.0
6555 72.0
6556 72.0
6557 72.0
6558 72.0
6559 72.0
6560 72.0
6561 72.0
6562 72.0
6563 72.0
6564 72.0
6565 72.0
6566 72.0
6567 72.0
6568 72.0
6569 72.0
6570 72.0
6571 72.0
6572 72.0
6573 72.0
6574 72.0
6575 72.0
6576 72.0
6577 72.0
6578 72.0
6579 72.0
6580 72.0
6581 72.0
6582 72.0
6583 72.0
6584 72.0
6585 72.0
6586 72.0
6587 72.0
6588 72.0
6589 72.0
6590 72.0
6591 72.0
6592 72.0
6593 72.0
6594 72.0
6595 72.0
6596 72.0
6597 72.0
6598 72.0
6599 72.0
6600 72.0
6601 72.0
6602 72.0
6603 72.0
6604 72.0
6605 72.0
6606 72.0
6607 72.0
6608 72.0
6609 72.0
6610 72.0
6611 72.0
6612 72.0
6613 72.0
6614 72.0
6615 72.0
6616 72.0
6617 72.0
6618 72.0
6619 72.0
6620 72.0
6621 72.0
6622 72.0
6623 72.0
6624 72.0
6625 72.0
6626 72.0
6627 72.0
6628 72.0
6629 72.0
6630 72.0
6631 72.0
6632 72.0
6633 72.0
6634 72.0
6635 72.0
6636 72.0
6637 72.0
6638 72.0
6639 72.0
6640 72.0
6641 72.0
6642 72.0
6643 72.0
6644 72.0
6645 72.0
6646 72.0
6647 72.0
6648 72.0
6649 72.0
6650 72.0
6651 72.0
6652 72.0
6653 72.0
6654 72.0
6655 72.0
6656 72.0
6657 72.0
6658 72.0
6659 72.0
6660 72.0
6661 72.0
6662 72.0
6663 72.0
6664 72.0
6665 72.0
6666 72.0
6667 72.0
6668 72.0
6669 72.0
6670 72.0
6671 72.0
6672 72.0
6673 72.0
6674 72.0
6675 72.0
6676 72.0
6677 72.0
6678 72.0
6679 72.0
6680 72.0
6681 72.0
6682 72.0
6683 72.0
6684 72.0
6685 72.0
6686 72.0
6687 72.0
6688 72.0
6689 72.0
6690 72.0
6691 72.0
6692 72.0
6693 72.0
6694 72.0
6695 72.0
6696 72.0
6697 72.0
6698 72.0
6699 72.0
6700 72.0
6701 72.0
6702 72.0
6703 72.0
6704 72.0
6705 72.0
6706 72.0
6707 72.0
6708 72.0
6709 72.0
6710 72.0
6711 72.0
6712 72.0
6713 72.0
6714 72.0
6715 72.0
6716 72.0
6717 72.0
6718 72.0
6719 72.0
6720 72.0
6721 72.0
6722 72.0
6723 72.0
6724 72.0
6725 72.0
6726 72.0
6727 72.0
6728 72.0
6729 72.0
6730 72.0
6731 72.0
6732 72.0
6733 72.0
6734 72.0
6735 72.0
6736 72.0
6737 72.0
6738 72.0
6739 72.0
6740 72.0
6741 72.0
6742 72.0
6743 72.0
6744 72.0
6745 72.0
6746 72.0
6747 72.0
6748 72.0
6749 72.0
6750 72.0
6751 72.0
6752 72.0
6753 72.0
6754 72.0
6755 72.0
6756 72.0
6757 72.0
6758 72.0
6759 72.0
6760 72.0
6761 72.0
6762 72.0
6763 72.0
6764 72.0
6765 72.0
6766 72.0
6767 72.0
6768 72.0
6769 72.0
6770 72.0
6771 72.0
6772 72.0
6773 72.0
6774 72.0
6775 72.0
6776 72.0
6777 72.0
6778 72.0
6779 72.0
6780 72.0
6781 72.0
6782 72.0
6783 72.0
6784 72.0
6785 72.0
6786 72.0
6787 72.0
6788 72.0
6789 72.0
6790 72.0
6791 72.0
6792 72.0
6793 72.0
6794 72.0
6795 72.0
6796 72.0
6797 72.0
6798 72.0
6799 72.0
6800 72.0
6801 72.0
6802 72.0
6803 72.0
6804 72.0
6805 72.0
6806 72.0
6807 72.0
6808 72.0
6809 72.0
6810 72.0
6811 72.0
6812 72.0
6813 72.0
6814 72.0
6815 72.0
6816 72.0
6817 72.0
6818 72.0
6819 72.0
6820 72.0
6821 72.0
6822 72.0
6823 72.0
6824 72.0
6825 72.0
6826 72.0
6827 72.0
6828 72.0
6829 72.0
6830 72.0
6831 72.0
6832 72.0
6833 72.0
6834 72.0
6835 72.0
6836 72.0
6837 72.0
6838 72.0
6839 72.0
6840 72.0
6841 72.0
6842 72.0
6843 72.0
6844 72.0
6845 72.0
6846 72.0
6847 72.0
6848 72.0
6849 72.0
6850 72.0
6851 72.0
6852 72.0
6853 72.0
6854 72.0
6855 72.0
6856 72.0
6857 72.0
6858 72.0
6859 72.0
6860 72.0
6861 72.0
6862 72.0
6863 72.0
6864 72.0
6865 72.0
6866 72.0
6867 72.0
6868 72.0
6869 72.0
6870 72.0
6871 72.0
6872 72.0
6873 72.0
6874 72.0
6875 72.0
6876 72.0
6877 72.0
6878 72.0
6879 72.0
6880 72.0
6881 72.0
6882 72.0
6883 72.0
6884 72.0
6885 72.0
6886 72.0
6887 72.0
6888 72.0
6889 72.0
6890 72.0
6891 72.0
6892 72.0
6893 72.0
6894 72.0
6895 72.0
6896 72.0
6897 72.0
6898 72.0
6899 72.0
6900 72.0
6901 72.0
6902 72.0
6903 72.0
6904 72.0
6905 72.0
6906 72.0
6907 72.0
6908 72.0
6909 72.0
6910 72.0
6911 72.0
6912 72.0
6913 72.0
6914 72.0
6915 72.0
6916 72.0
6917 72.0
6918 72.0
6919 72.0
6920 72.0
6921 72.0
6922 72.0
6923 72.0
6924 72.0
6925 72.0
6926 72.0
6927 72.0
6928 72.0
6929 72.0
6930 72.0
6931 72.0
6932 72.0
6933 72.0
6934 72.0
6935 72.0
6936 72.0
6937 72.0
6938 72.0
6939 72.0
6940 72.0
6941 72.0
6942 72.0
6943 72.0
6944 72.0
6945 72.0
6946 72.0
6947 72.0
6948 72.0
6949 72.0
6950 72.0
6951 72.0
6952 72.0
6953 72.0
6954 72.0
6955 72.0
6956 72.0
6957 72.0
6958 72.0
6959 72.0
6960 72.0
6961 72.0
6962 72.0
6963 72.0
6964 72.0
6965 72.0
6966 72.0
6967 72.0
6968 72.0
6969 72.0
6970 72.0
6971 72.0
6972 72.0
6973 72.0
6974 72.0
6975 72.0
6976 72.0
6977 72.0
6978 72.0
6979 72.0
6980 72.0
6981 72.0
6982 72.0
6983 72.0
6984 72.0
6985 72.0
6986 72.0
6987 72.0
6988 72.0
6989 72.0
6990 72.0
6991 72.0
6992 72.0
6993 72.0
6994 72.0
6995 72.0
6996 72.0
6997 72.0
6998 72.0
6999 72.0
7000 72.0
7001 72.0
7002 72.0
7003 72.0
7004 72.0
7005 72.0
7006 72.0
7007 72.0
7008 72.0
7009 72.0
7010 72.0
7011 72.0
7012 72.0
7013 72.0
7014 72.0
7015 72.0
7016 72.0
7017 72.0
7018 72.0
7019 72.0
7020 72.0
7021 72.0
7022 72.0
7023 72.0
7024 72.0
7025 72.0
7026 72.0
7027 72.0
7028 72.0
7029 72.0
7030 72.0
7031 72.0
7032 72.0
7033 72.0
7034 72.0
7035 72.0
7036 72.0
7037 72.0
7038 72.0
7039 72.0
7040 72.0
7041 72.0
7042 72.0
7043 72.0
7044 72.0
7045 72.0
7046 72.0
7047 72.0
7048 72.0
7049 72.0
7050 72.0
7051 72.0
7052 72.0
7053 72.0
7054 72.0
7055 72.0
7056 72.0
7057 72.0
7058 72.0
7059 72.0
7060 72.0
7061 72.0
7062 72.0
7063 72.0
7064 72.0
7065 72.0
7066 72.0
7067 72.0
7068 72.0
7069 72.0
7070 72.0
7071 72.0
7072 72.0
7073 72.0
7074 72.0
7075 72.0
7076 72.0
7077 72.0
7078 72.0
7079 72.0
7080 72.0
7081 72.0
7082 72.0
7083 72.0
7084 72.0
7085 72.0
7086 72.0
7087 72.0
7088 72.0
7089 72.0
7090 72.0
7091 72.0
7092 72.0
7093 72.0
7094 72.0
7095 72.0
7096 72.0
7097 72.0
7098 72.0
7099 72.0
7100 72.0
7101 72.0
7102 72.0
7103 72.0
7104 72.0
7105 72.0
7106 72.0
7107 72.0
7108 72.0
7109 72.0
7110 72.0
7111 72.0
7112 72.0
7113 72.0
7114 72.0
7115 72.0
7116 72.0
7117 72.0
7118 72.0
7119 72.0
7120 72.0
7121 72.0
7122 72.0
7123 72.0
7124 72.0
7125 72.0
7126 72.0
7127 72.0
7128 72.0
7129 72.0
7130 72.0
7131 72.0
7132 72.0
7133 72.0
7134 72.0
7135 72.0
7136 72.0
7137 72.0
7138 72.0
7139 72.0
7140 72.0
7141 72.0
7142 72.0
7143 72.0
7144 72.0
7145 72.0
7146 72.0
7147 72.0
7148 72.0
7149 72.0
7150 72.0
7151 72.0
7152 72.0
7153 72.0
7154 72.0
7155 72.0
7156 72.0
7157 72.0
7158 72.0
7159 72.0
7160 72.0
7161 72.0
7162 72.0
7163 72.0
7164 72.0
7165 72.0
7166 72.0
7167 72.0
7168 72.0
7169 72.0
7170 72.0
7171 72.0
7172 72.0
7173 72.0
7174 72.0
7175 72.0
7176 72.0
7177 72.0
7178 72.0
7179 72.0
7180 72.0
7181 72.0
7182 72.0
7183 72.0
7184 72.0
7185 72.0
7186 72.0
7187 72.0
7188 72.0
7189 72.0
7190 72.0
7191 72.0
7192 72.0
7193 72.0
7194 72.0
7195 72.0
7196 72.0
7197 72.0
7198 72.0
7199 72.0
7200 72.0
7201 72.0
7202 72.0
7203 72.0
7204 72.0
7205 72.0
7206 72.0
7207 72.0
7208 72.0
7209 72.0
7210 72.0
7211 72.0
7212 72.0
7213 72.0
7214 72.0
7215 72.0
7216 72.0
7217 72.0
7218 72.0
7219 72.0
7220 72.0
7221 72.0
7222 72.0
7223 72.0
7224 72.0
7225 72.0
7226 72.0
7227 72.0
7228 72.0
7229 72.0
7230 72.0
7231 72.0
7232 72.0
7233 72.0
7234 72.0
7235 72.0
7236 72.0
7237 72.0
7238 72.0
7239 72.0
7240 72.0
7241 72.0
7242 72.0
7243 72.0
7244 72.0
7245 72.0
7246 72.0
7247 72.0
7248 72.0
7249 72.0
7250 72.0
7251 72.0
7252 72.0
7253 72.0
7254 72.0
7255 72.0
7256 72.0
7257 72.0
7258 72.0
7259 72.0
7260 72.0
7261 72.0
7262 72.0
7263 72.0
7264 72.0
7265 72.0
7266 72.0
7267 72.0
7268 72.0
7269 72.0
7270 72.0
7271 72.0
7272 72.0
7273 72.0
7274 72.0
7275 72.0
7276 72.0
7277 72.0
7278 72.0
7279 72.0
7280 72.0
7281 72.0
7282 72.0
7283 72.0
7284 72.0
7285 72.0
7286 72.0
7287 72.0
7288 72.0
7289 72.0
7290 72.0
7291 72.0
7292 72.0
7293 72.0
7294 72.0
7295 72.0
7296 72.0
7297 72.0
7298 72.0
7299 72.0
7300 72.0
7301 72.0
7302 72.0
7303 72.0
7304 72.0
7305 72.0
7306 72.0
7307 72.0
7308 72.0
7309 72.0
7310 72.0
7311 72.0
7312 72.0
7313 72.0
7314 72.0
7315 72.0
7316 72.0
7317 72.0
7318 72.0
7319 72.0
7320 72.0
7321 72.0
7322 72.0
7323 72.0
7324 72.0
7325 72.0
7326 72.0
7327 72.0
7328 72.0
7329 72.0
7330 72.0
7331 72.0
7332 72.0
7333 72.0
7334 72.0
7335 72.0
7336 72.0
7337 72.0
7338 72.0
7339 72.0
7340 72.0
7341 72.0
7342 72.0
7343 72.0
7344 72.0
7345 72.0
7346 72.0
7347 72.0
7348 72.0
7349 72.0
7350 72.0
7351 72.0
7352 72.0
7353 72.0
7354 72.0
7355 72.0
7356 72.0
7357 72.0
7358 72.0
7359 72.0
7360 72.0
7361 72.0
7362 72.0
7363 72.0
7364 72.0
7365 76.0
7366 76.0
7367 76.0
7368 76.0
7369 76.0
7370 76.0
7371 76.0
7372 76.0
7373 76.0
7374 76.0
7375 76.0
7376 76.0
7377 76.0
7378 76.0
7379 76.0
7380 76.0
7381 76.0
7382 76.0
7383 76.0
7384 76.0
7385 76.0
7386 76.0
7387 76.0
7388 76.0
7389 76.0
7390 76.0
7391 76.0
7392 76.0
7393 76.0
7394 76.0
7395 76.0
7396 76.0
7397 76.0
7398 76.0
7399 76.0
7400 76.0
7401 76.0
7402 76.0
7403 76.0
7404 76.0
7405 76.0
7406 76.0
7407 76.0
7408 76.0
7409 76.0
7410 76.0
7411 76.0
7412 76.0
7413 76.0
7414 76.0
7415 76.0
7416 76.0
7417 76.0
7418 76.0
7419 76.0
7420 76.0
7421 76.0
7422 76.0
7423 76.0
7424 76.0
7425 76.0
7426 76.0
7427 76.0
7428 76.0
7429 76.0
7430 76.0
7431 76.0
7432 76.0
7433 76.0
7434 76.0
7435 76.0
7436 76.0
7437 76.0
7438 76.0
7439 76.0
7440 76.0
7441 76.0
7442 76.0
7443 76.0
7444 76.0
7445 76.0
7446 76.0
7447 76.0
7448 76.0
7449 76.0
7450 76.0
7451 76.0
7452 76.0
7453 76.0
7454 76.0
7455 76.0
7456 76.0
7457 76.0
7458 76.0
7459 76.0
7460 76.0
7461 76.0
7462 76.0
7463 76.0
7464 76.0
7465 76.0
7466 76.0
7467 76.0
7468 76.0
7469 76.0
7470 76.0
7471 76.0
7472 76.0
7473 76.0
7474 76.0
7475 76.0
7476 76.0
7477 76.0
7478 76.0
7479 76.0
7480 76.0
7481 76.0
7482 76.0
7483 76.0
7484 76.0
7485 76.0
7486 76.0
7487 76.0
7488 76.0
7489 76.0
7490 76.0
7491 76.0
7492 76.0
7493 76.0
7494 76.0
7495 76.0
7496 76.0
7497 76.0
7498 76.0
7499 76.0
7500 76.0
7501 76.0
7502 76.0
7503 76.0
7504 76.0
7505 76.0
7506 76.0
7507 76.0
7508 76.0
7509 76.0
7510 76.0
7511 76.0
7512 76.0
7513 76.0
7514 76.0
7515 76.0
7516 76.0
7517 76.0
7518 76.0
7519 76.0
7520 76.0
7521 76.0
7522 76.0
7523 76.0
7524 76.0
7525 76.0
7526 76.0
7527 76.0
7528 76.0
7529 76.0
7530 76.0
7531 76.0
7532 76.0
7533 76.0
7534 76.0
7535 76.0
7536 76.0
7537 76.0
7538 76.0
7539 76.0
7540 76.0
7541 76.0
7542 76.0
7543 76.0
7544 76.0
7545 76.0
7546 76.0
7547 76.0
7548 76.0
7549 76.0
7550 76.0
7551 76.0
7552 76.0
7553 76.0
7554 76.0
7555 76.0
7556 76.0
7557 76.0
7558 76.0
7559 76.0
7560 76.0
7561 76.0
7562 76.0
7563 76.0
7564 76.0
7565 76.0
7566 76.0
7567 76.0
7568 76.0
7569 76.0
7570 76.0
7571 76.0
7572 76.0
7573 76.0
7574 76.0
7575 76.0
7576 76.0
7577 76.0
7578 76.0
7579 76.0
7580 76.0
7581 76.0
7582 76.0
7583 76.0
7584 76.0
7585 76.0
7586 76.0
7587 76.0
7588 76.0
7589 76.0
7590 76.0
7591 76.0
7592 76.0
7593 76.0
7594 76.0
7595 76.0
7596 76.0
7597 76.0
7598 76.0
7599 76.0
7600 76.0
7601 76.0
7602 76.0
7603 76.0
7604 76.0
7605 76.0
7606 76.0
7607 76.0
7608 76.0
7609 76.0
7610 76.0
7611 76.0
7612 76.0
7613 76.0
7614 76.0
7615 76.0
7616 76.0
7617 76.0
7618 76.0
7619 76.0
7620 76.0
7621 76.0
7622 76.0
7623 76.0
7624 76.0
7625 76.0
7626 76.0
7627 76.0
7628 76.0
7629 76.0
7630 76.0
7631 76.0
7632 76.0
7633 76.0
7634 76.0
7635 76.0
7636 76.0
7637 76.0
7638 76.0
7639 76.0
7640 76.0
7641 76.0
7642 76.0
7643 76.0
7644 76.0
7645 76.0
7646 76.0
7647 76.0
7648 76.0
7649 76.0
7650 76.0
7651 76.0
7652 76.0
7653 76.0
7654 76.0
7655 76.0
7656 76.0
7657 76.0
7658 76.0
7659 76.0
7660 76.0
7661 76.0
7662 76.0
7663 76.0
7664 76.0
7665 76.0
7666 76.0
7667 76.0
7668 76.0
7669 76.0
7670 76.0
7671 76.0
7672 76.0
7673 76.0
7674 76.0
7675 76.0
7676 76.0
7677 76.0
7678 76.0
7679 76.0
7680 76.0
7681 76.0
7682 76.0
7683 76.0
7684 76.0
7685 76.0
7686 76.0
7687 76.0
7688 76.0
7689 76.0
7690 76.0
7691 76.0
7692 76.0
7693 76.0
7694 76.0
7695 76.0
7696 76.0
7697 76.0
7698 76.0
7699 76.0
7700 76.0
7701 76.0
7702 76.0
7703 76.0
7704 76.0
7705 76.0
7706 76.0
7707 76.0
7708 76.0
7709 76.0
7710 76.0
7711 76.0
7712 76.0
7713 76.0
7714 76.0
7715 76.0
7716 76.0
7717 76.0
7718 76.0
7719 76.0
7720 76.0
7721 76.0
7722 76.0
7723 76.0
7724 76.0
7725 76.0
7726 76.0
7727 76.0
7728 76.0
7729 76.0
7730 76.0
7731 76.0
7732 76.0
7733 76.0
7734 76.0
7735 76.0
7736 76.0
7737 76.0
7738 76.0
7739 76.0
7740 76.0
7741 76.0
7742 76.0
7743 76.0
7744 76.0
7745 76.0
7746 76.0
7747 76.0
7748 76.0
7749 76.0
7750 76.0
7751 76.0
7752 76.0
7753 76.0
7754 76.0
7755 76.0
7756 76.0
7757 76.0
7758 76.0
7759 76.0
7760 76.0
7761 76.0
7762 76.0
7763 76.0
7764 76.0
7765 76.0
7766 76.0
7767 76.0
7768 76.0
7769 76.0
7770 76.0
7771 76.0
7772 76.0
7773 76.0
7774 76.0
7775 76.0
7776 76.0
7777 76.0
7778 76.0
7779 76.0
7780 76.0
7781 76.0
7782 76.0
7783 76.0
7784 76.0
7785 76.0
7786 76.0
7787 76.0
7788 76.0
7789 76.0
7790 76.0
7791 76.0
7792 76.0
7793 76.0
7794 76.0
7795 76.0
7796 76.0
7797 76.0
7798 76.0
7799 76.0
7800 76.0
7801 76.0
7802 76.0
7803 76.0
7804 76.0
7805 76.0
7806 76.0
7807 76.0
7808 76.0
7809 76.0
7810 76.0
7811 76.0
7812 76.0
7813 76.0
7814 76.0
7815 76.0
7816 76.0
7817 76.0
7818 76.0
7819 76.0
7820 76.0
7821 76.0
7822 76.0
7823 76.0
7824 76.0
7825 76.0
7826 76.0
7827 76.0
7828 76.0
7829 76.0
7830 76.0
7831 76.0
7832 76.0
7833 76.0
7834 76.0
7835 76.0
7836 76.0
7837 76.0
7838 76.0
7839 76.0
7840 76.0
7841 76.0
7842 76.0
7843 76.0
7844 76.0
7845 76.0
7846 76.0
7847 76.0
7848 76.0
7849 76.0
7850 76.0
7851 76.0
7852 76.0
7853 76.0
7854 76.0
7855 76.0
7856 76.0
7857 76.0
7858 76.0
7859 76.0
7860 76.0
7861 76.0
7862 76.0
7863 76.0
7864 76.0
7865 76.0
7866 76.0
7867 76.0
7868 76.0
7869 76.0
7870 76.0
7871 76.0
7872 76.0
7873 76.0
7874 76.0
7875 76.0
7876 76.0
7877 76.0
7878 76.0
7879 76.0
7880 76.0
7881 76.0
7882 76.0
7883 76.0
7884 76.0
7885 76.0
7886 76.0
7887 76.0
7888 76.0
7889 76.0
7890 76.0
7891 76.0
7892 76.0
7893 76.0
7894 76.0
7895 76.0
7896 76.0
7897 76.0
7898 76.0
7899 76.0
7900 76.0
7901 76.0
7902 76.0
7903 76.0
7904 76.0
7905 76.0
7906 76.0
7907 76.0
7908 76.0
7909 76.0
7910 76.0
7911 76.0
7912 76.0
7913 76.0
7914 76.0
7915 76.0
7916 76.0
7917 76.0
7918 76.0
7919 76.0
7920 76.0
7921 76.0
7922 76.0
7923 76.0
7924 76.0
7925 76.0
7926 76.0
7927 76.0
7928 76.0
7929 76.0
7930 76.0
7931 76.0
7932 76.0
7933 76.0
7934 76.0
7935 76.0
7936 76.0
7937 76.0
7938 76.0
7939 76.0
7940 76.0
7941 76.0
7942 76.0
7943 76.0
7944 76.0
7945 76.0
7946 76.0
7947 76.0
7948 76.0
7949 76.0
7950 76.0
7951 76.0
7952 76.0
7953 76.0
7954 76.0
7955 76.0
7956 76.0
7957 76.0
7958 76.0
7959 76.0
7960 76.0
7961 76.0
7962 76.0
7963 76.0
7964 76.0
7965 76.0
7966 76.0
7967 76.0
7968 76.0
7969 76.0
7970 76.0
7971 76.0
7972 76.0
7973 76.0
7974 76.0
7975 76.0
7976 76.0
7977 76.0
7978 76.0
7979 76.0
7980 76.0
7981 76.0
7982 76.0
7983 76.0
7984 76.0
7985 76.0
7986 76.0
7987 76.0
7988 76.0
7989 76.0
7990 76.0
7991 76.0
7992 76.0
7993 76.0
7994 76.0
7995 76.0
7996 76.0
7997 76.0
7998 76.0
7999 76.0
8000 76.0
8001 76.0
8002 76.0
8003 76.0
8004 76.0
8005 76.0
8006 76.0
8007 76.0
8008 76.0
8009 76.0
8010 76.0
8011 76.0
8012 76.0
8013 76.0
8014 76.0
8015 76.0
8016 76.0
8017 76.0
8018 76.0
8019 76.0
8020 76.0
8021 76.0
8022 76.0
8023 76.0
8024 76.0
8025 76.0
8026 76.0
8027 76.0
8028 76.0
8029 76.0
8030 76.0
8031 76.0
8032 76.0
8033 76.0
8034 76.0
8035 76.0
8036 76.0
8037 76.0
8038 76.0
8039 76.0
8040 76.0
8041 76.0
8042 76.0
8043 76.0
8044 76.0
8045 76.0
8046 76.0
8047 76.0
8048 76.0
8049 76.0
8050 76.0
8051 76.0
8052 76.0
8053 76.0
8054 76.0
8055 76.0
8056 76.0
8057 76.0
8058 76.0
8059 76.0
8060 76.0
8061 76.0
8062 76.0
8063 76.0
8064 76.0
8065 76.0
8066 76.0
8067 76.0
8068 76.0
8069 76.0
8070 76.0
8071 76.0
8072 76.0
8073 76.0
8074 76.0
8075 76.0
8076 76.0
8077 76.0
8078 76.0
8079 76.0
8080 76.0
8081 76.0
8082 76.0
8083 76.0
8084 76.0
8085 76.0
8086 76.0
8087 76.0
8088 76.0
8089 76.0
8090 76.0
8091 76.0
8092 76.0
8093 76.0
8094 76.0
8095 76.0
8096 76.0
8097 76.0
8098 76.0
8099 76.0
8100 76.0
8101 76.0
8102 76.0
8103 76.0
8104 76.0
8105 76.0
8106 76.0
8107 76.0
8108 76.0
8109 76.0
8110 76.0
8111 76.0
8112 76.0
8113 76.0
8114 76.0
8115 76.0
8116 76.0
8117 76.0
8118 76.0
8119 76.0
8120 76.0
8121 76.0
8122 76.0
8123 76.0
8124 76.0
8125 76.0
8126 76.0
8127 76.0
8128 76.0
8129 76.0
8130 76.0
8131 76.0
8132 76.0
8133 76.0
8134 76.0
8135 76.0
8136 76.0
8137 76.0
8138 76.0
8139 76.0
8140 76.0
8141 76.0
8142 76.0
8143 76.0
8144 76.0
8145 76.0
8146 76.0
8147 76.0
8148 76.0
8149 76.0
8150 76.0
8151 76.0
8152 76.0
8153 76.0
8154 76.0
8155 76.0
8156 76.0
8157 76.0
8158 76.0
8159 76.0
8160 76.0
8161 76.0
8162 76.0
8163 76.0
8164 76.0
8165 76.0
8166 76.0
8167 76.0
8168 76.0
8169 76.0
8170 76.0
8171 76.0
8172 76.0
8173 76.0
8174 76.0
8175 76.0
8176 76.0
8177 76.0
8178 76.0
8179 76.0
8180 76.0
8181 76.0
8182 76.0
8183 76.0
8184 76.0
8185 76.0
8186 76.0
8187 76.0
8188 76.0
8189 76.0
8190 76.0
8191 76.0
8192 76.0
8193 76.0
8194 76.0
8195 76.0
8196 76.0
8197 76.0
8198 76.0
8199 76.0
8200 76.0
8201 76.0
8202 76.0
8203 76.0
8204 76.0
8205 76.0
8206 76.0
8207 76.0
8208 76.0
8209 76.0
8210 76.0
8211 76.0
8212 76.0
8213 76.0
8214 76.0
8215 76.0
8216 76.0
8217 76.0
8218 76.0
8219 76.0
8220 76.0
8221 76.0
8222 76.0
8223 76.0
8224 76.0
8225 76.0
8226 76.0
8227 76.0
8228 76.0
8229 76.0
8230 76.0
8231 76.0
8232 76.0
8233 76.0
8234 76.0
8235 76.0
8236 76.0
8237 76.0
8238 76.0
8239 76.0
8240 76.0
8241 76.0
8242 76.0
8243 76.0
8244 76.0
8245 76.0
8246 76.0
8247 76.0
8248 76.0
8249 76.0
8250 76.0
8251 76.0
8252 76.0
8253 76.0
8254 76.0
8255 76.0
8256 76.0
8257 76.0
8258 76.0
8259 76.0
8260 76.0
8261 76.0
8262 76.0
8263 76.0
8264 76.0
8265 76.0
8266 76.0
8267 76.0
8268 76.0
8269 76.0
8270 76.0
8271 76.0
8272 76.0
8273 76.0
8274 76.0
8275 76.0
8276 76.0
8277 76.0
8278 76.0
8279 76.0
8280 76.0
8281 76.0
8282 76.0
8283 76.0
8284 76.0
8285 76.0
8286 76.0
8287 76.0
8288 76.0
8289 76.0
8290 76.0
8291 76.0
8292 76.0
8293 76.0
8294 76.0
8295 76.0
8296 76.0
8297 76.0
8298 76.0
8299 76.0
8300 76.0
8301 76.0
8302 76.0
8303 76.0
8304 76.0
8305 76.0
8306 76.0
8307 76.0
8308 76.0
8309 76.0
8310 76.0
8311 76.0
8312 76.0
8313 76.0
8314 76.0
8315 76.0
8316 76.0
8317 76.0
8318 76.0
8319 76.0
8320 76.0
8321 76.0
8322 76.0
8323 76.0
8324 76.0
8325 76.0
8326 76.0
8327 76.0
8328 76.0
8329 76.0
8330 76.0
8331 76.0
8332 76.0
8333 76.0
8334 76.0
8335 76.0
8336 76.0
8337 76.0
8338 76.0
8339 76.0
8340 76.0
8341 76.0
8342 76.0
8343 76.0
8344 76.0
8345 76.0
8346 76.0
8347 76.0
8348 76.0
8349 76.0
8350 76.0
8351 76.0
8352 76.0
8353 76.0
8354 76.0
8355 76.0
8356 76.0
8357 76.0
8358 76.0
8359 76.0
8360 76.0
8361 76.0
8362 76.0
8363 76.0
8364 76.0
8365 76.0
8366 76.0
8367 76.0
8368 76.0
8369 76.0
8370 76.0
8371 76.0
8372 76.0
8373 76.0
8374 76.0
8375 76.0
8376 76.0
8377 76.0
8378 76.0
8379 76.0
8380 76.0
8381 76.0
8382 76.0
8383 76.0
8384 76.0
8385 76.0
8386 76.0
8387 76.0
8388 76.0
8389 76.0
8390 76.0
8391 76.0
8392 76.0
8393 76.0
8394 76.0
8395 76.0
8396 76.0
8397 76.0
8398 76.0
8399 76.0
8400 76.0
8401 76.0
8402 76.0
8403 76.0
8404 76.0
8405 76.0
8406 76.0
8407 76.0
8408 76.0
8409 76.0
8410 76.0
8411 76.0
8412 76.0
8413 76.0
8414 76.0
8415 76.0
8416 76.0
8417 76.0
8418 76.0
8419 76.0
8420 76.0
8421 76.0
8422 76.0
8423 76.0
8424 76.0
8425 76.0
8426 76.0
8427 76.0
8428 76.0
8429 76.0
8430 76.0
8431 76.0
8432 76.0
8433 76.0
8434 76.0
8435 76.0
8436 76.0
8437 76.0
8438 76.0
8439 76.0
8440 76.0
8441 76.0
8442 76.0
8443 76.0
8444 76.0
8445 76.0
8446 76.0
8447 76.0
8448 76.0
8449 76.0
8450 76.0
8451 76.0
8452 76.0
8453 76.0
8454 76.0
8455 76.0
8456 76.0
8457 76.0
8458 76.0
8459 76.0
8460 76.0
8461 76.0
8462 76.0
8463 76.0
8464 76.0
8465 76.0
8466 76.0
8467 76.0
8468 76.0
8469 76.0
8470 76.0
8471 76.0
8472 76.0
8473 76.0
8474 76.0
8475 76.0
8476 76.0
8477 76.0
8478 76.0
8479 76.0
8480 76.0
8481 76.0
8482 76.0
8483 76.0
8484 76.0
8485 76.0
8486 76.0
8487 76.0
8488 76.0
8489 76.0
8490 76.0
8491 76.0
8492 76.0
8493 76.0
8494 76.0
8495 76.0
8496 76.0
8497 76.0
8498 76.0
8499 76.0
8500 76.0
8501 76.0
8502 76.0
8503 76.0
8504 76.0
8505 76.0
8506 76.0
8507 76.0
8508 76.0
8509 76.0
8510 76.0
8511 76.0
8512 76.0
8513 76.0
8514 76.0
8515 76.0
8516 76.0
8517 76.0
8518 76.0
8519 76.0
8520 76.0
8521 76.0
8522 76.0
8523 76.0
8524 76.0
8525 76.0
8526 76.0
8527 76.0
8528 76.0
8529 76.0
8530 76.0
8531 76.0
8532 76.0
8533 76.0
8534 76.0
8535 76.0
8536 76.0
8537 76.0
8538 76.0
8539 76.0
8540 76.0
8541 76.0
8542 76.0
8543 76.0
8544 76.0
8545 76.0
8546 76.0
8547 76.0
8548 76.0
8549 76.0
8550 76.0
8551 76.0
8552 76.0
8553 76.0
8554 76.0
8555 76.0
8556 76.0
8557 76.0
8558 76.0
8559 76.0
8560 76.0
8561 76.0
8562 76.0
8563 76.0
8564 76.0
8565 76.0
8566 76.0
8567 76.0
8568 76.0
8569 76.0
8570 76.0
8571 76.0
8572 76.0
8573 76.0
8574 76.0
8575 76.0
8576 76.0
8577 76.0
8578 76.0
8579 76.0
8580 76.0
8581 76.0
8582 76.0
8583 76.0
8584 76.0
8585 76.0
8586 76.0
8587 76.0
8588 76.0
8589 76.0
8590 76.0
8591 76.0
8592 76.0
8593 76.0
8594 76.0
8595 76.0
8596 76.0
8597 76.0
8598 76.0
8599 76.0
8600 76.0
8601 76.0
8602 76.0
8603 76.0
8604 76.0
8605 76.0
8606 76.0
8607 76.0
8608 76.0
8609 76.0
8610 76.0
8611 76.0
8612 76.0
8613 76.0
8614 76.0
8615 76.0
8616 76.0
8617 76.0
8618 76.0
8619 76.0
8620 76.0
8621 76.0
8622 76.0
8623 76.0
8624 76.0
8625 76.0
8626 76.0
8627 76.0
8628 76.0
8629 76.0
8630 76.0
8631 76.0
8632 76.0
8633 76.0
8634 76.0
8635 76.0
8636 76.0
8637 76.0
8638 76.0
8639 76.0
8640 76.0
8641 76.0
8642 76.0
8643 76.0
8644 76.0
8645 76.0
8646 76.0
8647 76.0
8648 76.0
8649 76.0
8650 76.0
8651 76.0
8652 76.0
8653 76.0
8654 76.0
8655 76.0
8656 76.0
8657 76.0
8658 76.0
8659 76.0
8660 76.0
8661 76.0
8662 76.0
8663 76.0
8664 76.0
8665 76.0
8666 76.0
8667 76.0
8668 76.0
8669 76.0
8670 76.0
8671 76.0
8672 76.0
8673 76.0
8674 76.0
8675 76.0
8676 76.0
8677 76.0
8678 76.0
8679 76.0
8680 76.0
8681 76.0
8682 76.0
8683 76.0
8684 76.0
8685 76.0
8686 76.0
8687 76.0
8688 76.0
8689 76.0
8690 76.0
8691 76.0
8692 76.0
8693 76.0
8694 76.0
8695 76.0
8696 76.0
8697 76.0
8698 76.0
8699 76.0
8700 76.0
8701 76.0
8702 76.0
8703 76.0
8704 76.0
8705 76.0
8706 76.0
8707 76.0
8708 76.0
8709 76.0
8710 76.0
8711 76.0
8712 76.0
8713 76.0
8714 76.0
8715 76.0
8716 76.0
8717 76.0
8718 76.0
8719 76.0
8720 76.0
8721 76.0
8722 76.0
8723 76.0
8724 76.0
8725 76.0
8726 76.0
8727 76.0
8728 76.0
8729 76.0
8730 76.0
8731 76.0
8732 76.0
8733 76.0
8734 76.0
8735 76.0
8736 76.0
8737 76.0
8738 76.0
8739 76.0
8740 76.0
8741 76.0
8742 76.0
8743 76.0
8744 76.0
8745 76.0
8746 76.0
8747 76.0
8748 76.0
8749 76.0
8750 76.0
8751 76.0
8752 76.0
8753 76.0
8754 76.0
8755 76.0
8756 76.0
8757 76.0
8758 76.0
8759 76.0
8760 76.0
8761 76.0
8762 76.0
8763 76.0
8764 76.0
8765 76.0
8766 76.0
8767 76.0
8768 76.0
8769 76.0
8770 76.0
8771 76.0
8772 76.0
8773 76.0
8774 76.0
8775 76.0
8776 76.0
8777 76.0
8778 76.0
8779 76.0
8780 76.0
8781 76.0
8782 76.0
8783 76.0
8784 76.0
8785 76.0
8786 76.0
8787 76.0
8788 76.0
8789 76.0
8790 76.0
8791 76.0
8792 76.0
8793 76.0
8794 76.0
8795 76.0
8796 76.0
8797 76.0
8798 76.0
8799 76.0
8800 76.0
8801 76.0
8802 76.0
8803 76.0
8804 76.0
8805 76.0
8806 76.0
8807 76.0
8808 76.0
8809 76.0
8810 76.0
8811 76.0
8812 76.0
8813 76.0
8814 76.0
8815 76.0
8816 76.0
8817 76.0
8818 76.0
8819 76.0
8820 76.0
8821 76.0
8822 76.0
8823 76.0
8824 76.0
8825 76.0
8826 76.0
8827 76.0
8828 76.0
8829 76.0
8830 76.0
8831 76.0
8832 76.0
8833 76.0
8834 76.0
8835 76.0
8836 76.0
8837 76.0
8838 76.0
8839 76.0
8840 76.0
8841 76.0
8842 76.0
8843 76.0
8844 76.0
8845 76.0
8846 76.0
8847 76.0
8848 76.0
8849 76.0
8850 76.0
8851 76.0
8852 76.0
8853 76.0
8854 76.0
8855 76.0
8856 76.0
8857 76.0
8858 76.0
8859 76.0
8860 76.0
8861 76.0
8862 76.0
8863 76.0
8864 76.0
8865 76.0
8866 76.0
8867 76.0
8868 76.0
8869 76.0
8870 76.0
8871 76.0
8872 76.0
8873 76.0
8874 76.0
8875 76.0
8876 76.0
8877 76.0
8878 76.0
8879 76.0
8880 76.0
8881 76.0
8882 76.0
8883 76.0
8884 76.0
8885 76.0
8886 76.0
8887 76.0
8888 76.0
8889 76.0
8890 76.0
8891 76.0
8892 76.0
8893 76.0
8894 76.0
8895 76.0
8896 76.0
8897 76.0
8898 76.0
8899 76.0
8900 76.0
8901 76.0
8902 76.0
8903 76.0
8904 76.0
8905 76.0
8906 76.0
8907 76.0
8908 76.0
8909 76.0
8910 76.0
8911 76.0
8912 76.0
8913 76.0
8914 76.0
8915 76.0
8916 76.0
8917 76.0
8918 76.0
8919 76.0
8920 76.0
8921 76.0
8922 76.0
8923 76.0
8924 76.0
8925 76.0
8926 76.0
8927 76.0
8928 76.0
8929 76.0
8930 76.0
8931 76.0
8932 76.0
8933 76.0
8934 76.0
8935 76.0
8936 76.0
8937 76.0
8938 76.0
8939 76.0
8940 76.0
8941 76.0
8942 76.0
8943 76.0
8944 76.0
8945 76.0
8946 76.0
8947 76.0
8948 76.0
8949 76.0
8950 76.0
8951 76.0
8952 76.0
8953 76.0
8954 76.0
8955 76.0
8956 76.0
8957 76.0
8958 76.0
8959 76.0
8960 76.0
8961 76.0
8962 76.0
8963 76.0
8964 76.0
8965 76.0
8966 76.0
8967 76.0
8968 76.0
8969 76.0
8970 76.0
8971 76.0
8972 76.0
8973 76.0
8974 76.0
8975 76.0
8976 76.0
8977 76.0
8978 76.0
8979 76.0
8980 76.0
8981 76.0
8982 76.0
8983 76.0
8984 76.0
8985 76.0
8986 76.0
8987 76.0
8988 76.0
8989 76.0
8990 76.0
8991 76.0
8992 76.0
8993 76.0
8994 76.0
8995 76.0
8996 76.0
8997 76.0
8998 76.0
8999 76.0
9000 76.0
9001 76.0
9002 76.0
9003 76.0
9004 76.0
9005 76.0
9006 76.0
9007 76.0
9008 76.0
9009 76.0
9010 76.0
9011 76.0
9012 76.0
9013 76.0
9014 76.0
9015 76.0
9016 76.0
9017 76.0
9018 76.0
9019 76.0
9020 76.0
9021 76.0
9022 76.0
9023 76.0
9024 76.0
9025 76.0
9026 76.0
9027 76.0
9028 76.0
9029 76.0
9030 76.0
9031 76.0
9032 76.0
9033 76.0
9034 76.0
9035 76.0
9036 76.0
9037 76.0
9038 76.0
9039 76.0
9040 76.0
9041 76.0
9042 76.0
9043 76.0
9044 76.0
9045 76.0
9046 76.0
9047 76.0
9048 76.0
9049 76.0
9050 76.0
9051 76.0
9052 76.0
9053 76.0
9054 76.0
9055 76.0
9056 76.0
9057 76.0
9058 76.0
9059 76.0
9060 76.0
9061 76.0
9062 76.0
9063 76.0
9064 76.0
9065 76.0
9066 76.0
9067 76.0
9068 76.0
9069 76.0
9070 76.0
9071 76.0
9072 76.0
9073 76.0
9074 76.0
9075 76.0
9076 76.0
9077 76.0
9078 76.0
9079 76.0
9080 76.0
9081 76.0
9082 76.0
9083 76.0
9084 76.0
9085 76.0
9086 76.0
9087 76.0
9088 76.0
9089 76.0
9090 76.0
9091 76.0
9092 76.0
9093 76.0
9094 76.0
9095 76.0
9096 76.0
9097 76.0
9098 76.0
9099 76.0
9100 76.0
9101 76.0
9102 76.0
9103 76.0
9104 76.0
9105 76.0
9106 76.0
9107 76.0
9108 76.0
9109 76.0
9110 76.0
9111 76.0
9112 76.0
9113 76.0
9114 76.0
9115 76.0
9116 76.0
9117 76.0
9118 76.0
9119 76.0
9120 76.0
9121 76.0
9122 76.0
9123 76.0
9124 76.0
9125 76.0
9126 76.0
9127 76.0
9128 76.0
9129 76.0
9130 76.0
9131 76.0
9132 76.0
9133 76.0
9134 76.0
9135 76.0
9136 76.0
9137 76.0
9138 76.0
9139 76.0
9140 76.0
9141 76.0
9142 76.0
9143 76.0
9144 76.0
9145 76.0
9146 76.0
9147 76.0
9148 76.0
9149 76.0
9150 76.0
9151 76.0
9152 76.0
9153 76.0
9154 76.0
9155 76.0
9156 76.0
9157 76.0
9158 76.0
9159 76.0
9160 76.0
9161 76.0
9162 76.0
9163 76.0
9164 76.0
9165 76.0
9166 76.0
9167 76.0
9168 76.0
9169 76.0
9170 76.0
9171 76.0
9172 76.0
9173 76.0
9174 76.0
9175 76.0
9176 76.0
9177 76.0
9178 76.0
9179 76.0
9180 76.0
9181 76.0
9182 76.0
9183 76.0
9184 76.0
9185 76.0
9186 76.0
9187 76.0
9188 76.0
9189 76.0
9190 76.0
9191 76.0
9192 76.0
9193 76.0
9194 76.0
9195 76.0
9196 76.0
9197 76.0
9198 76.0
9199 76.0
9200 76.0
9201 76.0
9202 76.0
9203 76.0
9204 76.0
9205 76.0
9206 76.0
9207 76.0
9208 76.0
9209 76.0
9210 76.0
9211 76.0
9212 76.0
9213 76.0
9214 76.0
9215 76.0
9216 76.0
9217 76.0
9218 76.0
9219 76.0
9220 76.0
9221 76.0
9222 76.0
9223 76.0
9224 76.0
9225 76.0
9226 76.0
9227 76.0
9228 76.0
9229 76.0
9230 76.0
9231 76.0
9232 76.0
9233 76.0
9234 76.0
9235 76.0
9236 76.0
9237 76.0
9238 76.0
9239 76.0
9240 76.0
9241 76.0
9242 76.0
9243 76.0
9244 76.0
9245 76.0
9246 76.0
9247 76.0
9248 76.0
9249 76.0
9250 76.0
9251 76.0
9252 76.0
9253 76.0
9254 76.0
9255 76.0
9256 76.0
9257 76.0
9258 76.0
9259 76.0
9260 76.0
9261 76.0
9262 76.0
9263 76.0
9264 76.0
9265 76.0
9266 76.0
9267 76.0
9268 76.0
9269 76.0
9270 76.0
9271 76.0
9272 76.0
9273 76.0
9274 76.0
9275 76.0
9276 76.0
9277 76.0
9278 76.0
9279 76.0
9280 76.0
9281 76.0
9282 76.0
9283 76.0
9284 76.0
9285 76.0
9286 76.0
9287 76.0
9288 76.0
9289 76.0
9290 76.0
9291 76.0
9292 76.0
9293 76.0
9294 76.0
9295 76.0
9296 76.0
9297 76.0
9298 76.0
9299 76.0
9300 76.0
9301 76.0
9302 76.0
9303 76.0
9304 76.0
9305 76.0
9306 76.0
9307 76.0
9308 76.0
9309 76.0
9310 76.0
9311 76.0
9312 76.0
9313 76.0
9314 76.0
9315 76.0
9316 76.0
9317 76.0
9318 76.0
9319 76.0
9320 76.0
9321 76.0
9322 76.0
9323 76.0
9324 76.0
9325 76.0
9326 76.0
9327 76.0
9328 76.0
9329 76.0
9330 76.0
9331 76.0
9332 76.0
9333 76.0
9334 76.0
9335 76.0
9336 76.0
9337 76.0
9338 76.0
9339 76.0
9340 76.0
9341 76.0
9342 76.0
9343 76.0
9344 76.0
9345 76.0
9346 76.0
9347 76.0
9348 76.0
9349 76.0
9350 76.0
9351 76.0
9352 76.0
9353 76.0
9354 76.0
9355 76.0
9356 76.0
9357 76.0
9358 76.0
9359 76.0
9360 76.0
9361 76.0
9362 76.0
9363 76.0
9364 76.0
9365 76.0
9366 76.0
9367 76.0
9368 76.0
9369 76.0
9370 76.0
9371 76.0
9372 76.0
9373 76.0
9374 76.0
9375 76.0
9376 76.0
9377 76.0
9378 76.0
9379 76.0
9380 76.0
9381 76.0
9382 76.0
9383 76.0
9384 76.0
9385 76.0
9386 76.0
9387 76.0
9388 76.0
9389 76.0
9390 76.0
9391 76.0
9392 76.0
9393 76.0
9394 76.0
9395 76.0
9396 76.0
9397 76.0
9398 76.0
9399 76.0
9400 76.0
9401 76.0
9402 76.0
9403 76.0
9404 76.0
9405 76.0
9406 76.0
9407 76.0
9408 76.0
9409 76.0
9410 76.0
9411 76.0
9412 76.0
9413 76.0
9414 76.0
9415 76.0
9416 76.0
9417 76.0
9418 76.0
9419 76.0
9420 76.0
9421 76.0
9422 76.0
9423 76.0
9424 76.0
9425 76.0
9426 76.0
9427 76.0
9428 76.0
9429 76.0
9430 76.0
9431 76.0
9432 76.0
9433 76.0
9434 76.0
9435 76.0
9436 76.0
9437 76.0
9438 76.0
9439 76.0
9440 76.0
9441 76.0
9442 76.0
9443 76.0
9444 76.0
9445 76.0
9446 76.0
9447 76.0
9448 76.0
9449 76.0
9450 76.0
9451 76.0
9452 76.0
9453 76.0
9454 76.0
9455 76.0
9456 76.0
9457 76.0
9458 76.0
9459 76.0
9460 76.0
9461 76.0
9462 76.0
9463 76.0
9464 76.0
9465 76.0
9466 76.0
9467 76.0
9468 76.0
9469 76.0
9470 76.0
9471 76.0
9472 76.0
9473 76.0
9474 76.0
9475 76.0
9476 76.0
9477 76.0
9478 76.0
9479 76.0
9480 76.0
9481 76.0
9482 76.0
9483 76.0
9484 76.0
9485 76.0
9486 76.0
9487 76.0
9488 76.0
9489 76.0
9490 76.0
9491 76.0
9492 76.0
9493 76.0
9494 76.0
9495 76.0
9496 76.0
9497 76.0
9498 76.0
9499 76.0
9500 76.0
9501 76.0
9502 76.0
9503 76.0
9504 76.0
9505 76.0
9506 76.0
9507 76.0
9508 76.0
9509 76.0
9510 76.0
9511 76.0
9512 76.0
9513 76.0
9514 76.0
9515 76.0
9516 76.0
9517 76.0
9518 76.0
9519 76.0
9520 76.0
9521 76.0
9522 76.0
9523 76.0
9524 76.0
9525 76.0
9526 76.0
9527 76.0
9528 76.0
9529 76.0
9530 76.0
9531 76.0
9532 76.0
9533 76.0
9534 76.0
9535 76.0
9536 76.0
9537 76.0
9538 76.0
9539 76.0
9540 76.0
9541 76.0
9542 76.0
9543 76.0
9544 76.0
9545 76.0
9546 76.0
9547 76.0
9548 76.0
9549 76.0
9550 76.0
9551 76.0
9552 76.0
9553 76.0
9554 76.0
9555 76.0
9556 76.0
9557 76.0
9558 76.0
9559 76.0
9560 76.0
9561 76.0
9562 76.0
9563 76.0
9564 76.0
9565 76.0
9566 76.0
9567 76.0
9568 76.0
9569 76.0
9570 76.0
9571 76.0
9572 76.0
9573 76.0
9574 76.0
9575 76.0
9576 76.0
9577 76.0
9578 76.0
9579 76.0
9580 76.0
9581 76.0
9582 76.0
9583 76.0
9584 76.0
9585 76.0
9586 76.0
9587 76.0
9588 76.0
9589 76.0
9590 76.0
9591 76.0
9592 76.0
9593 76.0
9594 76.0
9595 76.0
9596 76.0
9597 76.0
9598 76.0
9599 76.0
9600 76.0
9601 76.0
9602 76.0
9603 76.0
9604 76.0
9605 76.0
9606 76.0
9607 76.0
9608 76.0
9609 76.0
9610 76.0
9611 76.0
9612 76.0
9613 76.0
9614 76.0
9615 76.0
9616 76.0
9617 76.0
9618 76.0
9619 76.0
9620 76.0
9621 76.0
9622 76.0
9623 76.0
9624 76.0
9625 76.0
9626 76.0
9627 76.0
9628 76.0
9629 76.0
9630 76.0
9631 76.0
9632 76.0
9633 76.0
9634 76.0
9635 76.0
9636 76.0
9637 76.0
9638 76.0
9639 76.0
9640 76.0
9641 76.0
9642 76.0
9643 76.0
9644 76.0
9645 76.0
9646 76.0
9647 76.0
9648 76.0
9649 76.0
9650 76.0
9651 76.0
9652 76.0
9653 76.0
9654 76.0
9655 76.0
9656 76.0
9657 76.0
9658 76.0
9659 76.0
9660 76.0
9661 76.0
9662 76.0
9663 76.0
9664 76.0
9665 76.0
9666 76.0
9667 76.0
9668 76.0
9669 76.0
9670 76.0
9671 76.0
9672 76.0
9673 76.0
9674 76.0
9675 76.0
9676 76.0
9677 76.0
9678 76.0
9679 76.0
9680 76.0
9681 76.0
9682 76.0
9683 76.0
9684 76.0
9685 76.0
9686 76.0
9687 76.0
9688 76.0
9689 76.0
9690 76.0
9691 76.0
9692 76.0
9693 76.0
9694 76.0
9695 76.0
9696 76.0
9697 76.0
9698 76.0
9699 76.0
9700 76.0
9701 76.0
9702 76.0
9703 76.0
9704 76.0
9705 76.0
9706 76.0
9707 76.0
9708 76.0
9709 76.0
9710 76.0
9711 76.0
9712 76.0
9713 76.0
9714 76.0
9715 76.0
9716 76.0
9717 76.0
9718 76.0
9719 76.0
9720 76.0
9721 76.0
9722 76.0
9723 76.0
9724 76.0
9725 76.0
9726 76.0
9727 76.0
9728 76.0
9729 76.0
9730 76.0
9731 76.0
9732 76.0
9733 76.0
9734 76.0
9735 76.0
9736 76.0
9737 76.0
9738 76.0
9739 76.0
9740 76.0
9741 76.0
9742 76.0
9743 76.0
9744 76.0
9745 76.0
9746 76.0
9747 76.0
9748 76.0
9749 76.0
9750 76.0
9751 76.0
9752 76.0
9753 76.0
9754 76.0
9755 76.0
9756 76.0
9757 76.0
9758 76.0
9759 76.0
9760 76.0
9761 76.0
9762 76.0
9763 76.0
9764 76.0
9765 76.0
9766 76.0
9767 76.0
9768 76.0
9769 76.0
9770 76.0
9771 76.0
9772 76.0
9773 76.0
9774 76.0
9775 76.0
9776 76.0
9777 76.0
9778 76.0
9779 76.0
9780 76.0
9781 76.0
9782 76.0
9783 76.0
9784 76.0
9785 76.0
9786 76.0
9787 76.0
9788 76.0
9789 76.0
9790 76.0
9791 76.0
9792 76.0
9793 76.0
9794 76.0
9795 76.0
9796 76.0
9797 76.0
9798 76.0
9799 76.0
9800 76.0
9801 76.0
9802 76.0
9803 76.0
9804 76.0
9805 76.0
9806 76.0
9807 76.0
9808 76.0
9809 76.0
9810 76.0
9811 76.0
9812 76.0
9813 76.0
9814 76.0
9815 76.0
9816 76.0
9817 76.0
9818 76.0
9819 76.0
9820 76.0
9821 76.0
9822 76.0
9823 76.0
9824 76.0
9825 76.0
9826 76.0
9827 76.0
9828 76.0
9829 76.0
9830 76.0
9831 76.0
9832 76.0
9833 76.0
9834 76.0
9835 76.0
9836 76.0
9837 76.0
9838 76.0
9839 76.0
9840 76.0
9841 76.0
9842 76.0
9843 76.0
9844 76.0
9845 76.0
9846 76.0
9847 76.0
9848 76.0
9849 76.0
9850 76.0
9851 76.0
9852 76.0
9853 76.0
9854 76.0
9855 76.0
9856 76.0
9857 76.0
9858 76.0
9859 76.0
9860 76.0
9861 76.0
9862 76.0
9863 76.0
9864 76.0
9865 76.0
9866 76.0
9867 76.0
9868 76.0
9869 76.0
9870 76.0
9871 76.0
9872 76.0
9873 76.0
9874 76.0
9875 76.0
9876 76.0
9877 76.0
9878 76.0
9879 76.0
9880 76.0
9881 76.0
9882 76.0
9883 76.0
9884 76.0
9885 76.0
9886 76.0
9887 76.0
9888 76.0
9889 76.0
9890 76.0
9891 76.0
9892 76.0
9893 76.0
9894 76.0
9895 76.0
9896 76.0
9897 76.0
9898 76.0
9899 76.0
9900 76.0
9901 76.0
9902 76.0
9903 76.0
9904 76.0
9905 76.0
9906 76.0
9907 76.0
9908 76.0
9909 76.0
9910 76.0
9911 76.0
9912 76.0
9913 76.0
9914 76.0
9915 76.0
9916 76.0
9917 76.0
9918 76.0
9919 76.0
9920 76.0
9921 76.0
9922 76.0
9923 76.0
9924 76.0
9925 76.0
9926 76.0
9927 76.0
9928 76.0
9929 76.0
9930 76.0
9931 76.0
9932 76.0
9933 76.0
9934 76.0
9935 76.0
9936 76.0
9937 76.0
9938 76.0
9939 76.0
9940 76.0
9941 76.0
9942 76.0
9943 76.0
9944 76.0
9945 76.0
9946 76.0
9947 76.0
9948 76.0
9949 76.0
9950 76.0
9951 76.0
9952 76.0
9953 76.0
9954 76.0
9955 76.0
9956 76.0
9957 76.0
9958 76.0
9959 76.0
9960 76.0
9961 76.0
9962 76.0
9963 76.0
9964 76.0
9965 76.0
9966 76.0
9967 76.0
9968 76.0
9969 76.0
9970 76.0
9971 76.0
9972 76.0
9973 76.0
9974 76.0
9975 76.0
9976 76.0
9977 76.0
9978 76.0
9979 76.0
9980 76.0
9981 76.0
9982 76.0
9983 76.0
9984 76.0
9985 76.0
9986 76.0
9987 76.0
9988 76.0
9989 76.0
9990 76.0
9991 76.0
9992 76.0
9993 76.0
9994 76.0
9995 76.0
9996 76.0
9997 76.0
9998 76.0
9999 76.0
10000 76.0
