# evaluation best
1 0.0
2 18.0
3 32.0
4 39.0
5 50.0
6 50.0
7 50.0
8 50.0
9 50.0
10 50.0
11 50.0
12 50.0
13 50.0
14 50.0
15 50.0
16 50.0
17 50.0
18 50.0
19 50.0
20 50.0
21 50.0
22 50.0
23 50.0
24 50.0
25 50.0
26 50.0
27 50.0
28 50.0
29 50.0
30 50.0
31 50.0
32 50.0
33 50.0
34 50.0
35 50.0
36 50.0
37 50.0
38 50.0
39 50.0
40 50.0
41 50.0
42 50.0
43 50.0
44 50.0
45 50.0
46 50.0
47 50.0
48 50.0
49 50.0
50 50.0
51 50.0
52 50.0
53 50.0
54 50.0
55 50.0
56 50.0
57 50.0
58 50.0
59 50.0
60 50.0
61 50.0
62 50.0
63 50.0
64 50.0
65 50.0
66 50.0
67 50.0
68 50.0
69 54.0
70 55.0
71 63.0
72 63.0
73 63.0
74 63.0
75 63.0
76 63.0
77 63.0
78 63.0
79 63.0
80 63.0
81 63.0
82 63.0
83 63.0
84 63.0
85 63.0
86 63.0
87 63.0
88 63.0
89 63.0
90 63.0
91 63.0
92 63.0
93 63.0
94 63.0
95 63.0
96 63.0
97 63.0
98 63.0
99 63.0
100 63.0
101 63.0
102 63.0
103 63.0
104 63.0
105 63.0
106 63.0
107 63.0
108 63.0
109 63.0
110 63.0
111 63.0
112 63.0
113 63.0
114 63.0
115 63.0
116 63.0
117 63.0
118 63.0
119 63.0
120 63.0
121 63.0
122 63.0
123 63.0
124 63.0
125 63.0
126 63.0
127 63.0
128 63.0
129 63.0
130 63.0
131 63.0
132 63.0
133 63.0
134 63.0
135 63.0
136 63.0
137 63.0
138 63.0
139 63.0
140 63.0
141 63.0
142 63.0
143 63.0
144 63.0
145 63.0
146 63.0
147 63.0
148 63.0
149 63.0
150 63.0
151 63.0
152 63.0
153 63.0
154 63.0
155 63.0
156 63.0
157 63.0
158 63.0
159 63.0
160 63.0
161 63.0
162 63.0
163 63.0
164 63.0
165 63.0
166 63.0
167 63.0
168 63.0
169 63.0
170 63.0
171 63.0
172 63.0
173 63.0
174 63.0
175 63.0
176 63.0
177 63.0
178 63.0
179 63.0
180 63.0
181 63.0
182 63.0
183 63.0
184 63.0
185 63.0
186 63.0
187 63.0
188 63.0
189 63.0
190 63.0
191 63.0
192 63.0
193 63.0
194 63.0
195 63.0
196 63.0
197 63.0
198 63.0
199 63.0
200 63.0
201 63.0
202 63.0
203 63.0
204 63.0
205 63.0
206 63.0
207 63.0
208 63.0
209 63.0
210 63.0
211 63.0
212 63.0
213 63.0
214 63.0
215 63.0
216 63.0
217 63.0
218 63.0
219 63.0
220 63.0
221 63.0
222 63.0
223 63.0
224 63.0
225 63.0
226 63.0
227 63.0
228 63.0
229 63.0
230 63.0
231 63.0
232 63.0
233 63.0
234 63.0
235 63.0
236 63.0
237 63.0
238 63.0
239 63.0
240 63.0
241 63.0
242 63.0
243 63.0
244 63.0
245 63.0
246 63.0
247 63.0
248 63.0
249 63.0
250 63.0
251 63.0
252 63.0
253 63.0
254 63.0
255 63.0
256 63.0
257 63.0
258 63.0
259 63.0
260 63.0
261 63.0
262 63.0
263 63.0
264 63.0
265 63.0
266 63.0
267 63.0
268 63.0
269 63.0
270 63.0
271 63.0
272 63.0
273 63.0
274 63.0
275 63.0
276 63.0
277 63.0
278 63.0
279 63.0
280 63.0
281 63.0
282 63.0
283 63.0
284 63.0
285 63.0
286 63.0
287 63.0
288 63.0
289 63.0
290 63.0
291 63.0
292 63.0
293 63.0
294 63.0
295 63.0
296 63.0
297 63.0
298 63.0
299 63.0
300 63.0
301 63.0
302 63.0
303 63.0
304 63.0
305 63.0
306 63.0
307 63.0
308 63.0
309 63.0
310 63.0
311 63.0
312 63.0
313 63.0
314 63.0
315 63.0
316 63.0
317 63.0
318 63.0
319 63.0
320 63.0
321 63.0
322 63.0
323 63.0
324 63.0
325 63.0
326 63.0
327 63.0
328 63.0
329 63.0
330 63.0
331 63.0
332 63.0
333 63.0
334 63.0
335 63.0
336 63.0
337 63.0
338 63.0
339 63.0
340 63.0
341 63.0
342 63.0
343 63.0
344 63.0
345 63.0
346 63.0
347 63.0
348 63.0
349 63.0
350 63.0
351 63.0
352 63.0
353 63.0
354 63.0
355 63.0
356 63.0
357 63.0
358 63.0
359 63.0
360 63.0
361 63.0
362 63.0
363 63.0
364 63.0
365 63.0
366 63.0
367 63.0
368 63.0
369 63.0
370 63.0
371 63.0
372 63.0
373 63.0
374 63.0
375 63.0
376 63.0
377 63.0
378 63.0
379 63.0
380 63.0
381 63.0
382 63.0
383 63.0
384 63.0
385 63.0
386 63.0
387 63.0
388 63.0
389 63.0
390 63.0
391 63.0
392 63.0
393 63.0
394 63.0
395 63.0
396 63.0
397 63.0
398 63.0
399 63.0
400 63.0
401 63.0
402 63.0
403 63.0
404 63.0
405 63.0
406 63.0
407 63.0
408 63.0
409 63.0
410 63.0
411 63.0
412 63.0
413 63.0
414 63.0
415 63.0
416 63.0
417 63.0
418 63.0
419 63.0
420 63.0
421 63.0
422 63.0
423 63.0
424 63.0
425 63.0
426 63.0
427 63.0
428 63.0
429 63.0
430 63.0
431 63.0
432 63.0
433 63.0
434 63.0
435 63.0
436 63.0
437 63.0
438 63.0
439 63.0
440 63.0
441 63.0
442 63.0
443 63.0
444 63.0
445 63.0
446 63.0
447 63.0
448 63.0
449 63.0
450 63.0
451 63.0
452 63.0
453 63.0
454 63.0
455 63.0
456 63.0
457 63.0
458 63.0
459 63.0
460 63.0
461 63.0
462 63.0
463 63.0
464 63.0
465 63.0
466 63.0
467 63.0
468 63.0
469 63.0
470 63.0
471 63.0
472 63.0
473 63.0
474 63.0
475 63.0
476 63.0
477 63.0
478 63.0
479 63.0
480 63.0
481 63.0
482 63.0
483 63.0
484 63.0
485 63.0
486 63.0
487 63.0
488 63.0
489 63.0
490 63.0
491 63.0
492 63.0
493 63.0
494 63.0
495 63.0
496 63.0
497 63.0
498 63.0
499 63.0
500 63.0
501 63.0
502 63.0
503 63.0
504 63.0
505 63.0
506 63.0
507 63.0
508 63.0
509 63.0
510 63.0
511 63.0
512 63.0
513 63.0
514 63.0
515 63.0
516 63.0
517 63.0
518 63.0
519 63.0
520 63.0
521 63.0
522 63.0
523 63.0
524 63.0
525 63.0
526 63.0
527 63.0
528 63.0
529 63.0
530 63.0
531 63.0
532 63.0
533 63.0
534 63.0
535 63.0
536 63.0
537 63.0
538 63.0
539 63.0
540 63.0
541 63.0
542 63.0
543 63.0
544 63.0
545 63.0
546 63.0
547 63.0
548 63.0
549 63.0
550 63.0
551 63.0
552 63.0
553 63.0
554 63.0
555 63.0
556 63.0
557 63.0
558 63.0
559 63.0
560 63.0
561 63.0
562 63.0
563 63.0
564 63.0
565 63.0
566 63.0
567 63.0
568 63.0
569 63.0
570 63.0
571 63.0
572 63.0
573 63.0
574 63.0
575 63.0
576 63.0
577 63.0
578 63.0
579 63.0
580 63.0
581 63.0
582 63.0
583 63.0
584 63.0
585 63.0
586 63.0
587 63.0
588 63.0
589 63.0
590 63.0
591 63.0
592 63.0
593 63.0
594 63.0
595 63.0
596 63.0
597 63.0
598 63.0
599 63.0
600 63.0
601 63.0
602 63.0
603 63.0
604 63.0
605 63.0
606 63.0
607 63.0
608 63.0
609 63.0
610 63.0
611 63.0
612 63.0
613 63.0
614 63.0
615 63.0
616 63.0
617 63.0
618 63.0
619 63.0
620 63.0
621 63.0
622 63.0
623 63.0
624 63.0
625 63.0
626 63.0
627 63.0
628 63.0
629 63.0
630 63.0
631 63.0
632 63.0
633 63.0
634 63.0
635 63.0
636 63.0
637 63.0
638 63.0
639 63.0
640 63.0
641 63.0
642 63.0
643 63.0
644 63.0
645 63.0
646 63.0
647 63.0
648 63.0
649 63.0
650 63.0
651 63.0
652 63.0
653 63.0
654 63.0
655 63.0
656 63.0
657 63.0
658 63.0
659 63.0
660 63.0
661 63.0
662 63.0
663 63.0
664 63.0
665 63.0
666 63.0
667 63.0
668 63.0
669 63.0
670 63.0
671 63.0
672 63.0
673 63.0
674 63.0
675 63.0
676 63.0
677 63.0
678 63.0
679 63.0
680 63.0
681 63.0
682 63.0
683 63.0
684 63.0
685 63.0
686 63.0
687 63.0
688 63.0
689 63.0
690 63.0
691 63.0
692 63.0
693 63.0
694 63.0
695 63.0
696 63.0
697 63.0
698 63.0
699 63.0
700 63.0
701 63.0
702 63.0
703 63.0
704 63.0
705 63.0
706 63.0
707 63.0
708 63.0
709 63.0
710 63.0
711 63.0
712 63.0
713 63.0
714 63.0
715 63.0
716 63.0
717 63.0
718 63.0
719 63.0
720 63.0
721 63.0
722 63.0
723 63.0
724 63.0
725 63.0
726 63.0
727 63.0
728 63.0
729 63.0
730 63.0
731 63.0
732 63.0
733 63.0
734 63.0
735 63.0
736 63.0
737 63.0
738 63.0
739 63.0
740 63.0
741 63.0
742 63.0
743 63.0
744 63.0
745 63.0
746 63.0
747 63.0
748 63.0
749 63.0
750 63.0
751 63.0
752 63.0
753 63.0
754 63.0
755 63.0
756 63.0
757 63.0
758 63.0
759 63.0
760 63.0
761 63.0
762 63.0
763 63.0
764 63.0
765 63.0
766 63.0
767 63.0
768 63.0
769 63.0
770 63.0
771 63.0
772 63.0
773 63.0
774 63.0
775 63.0
776 63.0
777 63.0
778 63.0
779 63.0
780 63.0
781 63.0
782 63.0
783 63.0
784 63.0
785 63.0
786 64.0
787 64.0
788 64.0
789 64.0
790 64.0
791 64.0
792 64.0
793 64.0
794 64.0
795 64.0
796 64.0
797 64.0
798 64.0
799 64.0
800 64.0
801 64.0
802 64.0
803 64.0
804 64.0
805 64.0
806 64.0
807 64.0
808 64.0
809 64.0
810 64.0
811 64.0
812 64.0
813 64.0
814 64.0
815 64.0
816 64.0
817 64.0
818 64.0
819 64.0
820 64.0
821 64.0
822 69.0
823 69.0
824 69.0
825 69.0
826 69.0
827 69.0
828 69.0
829 69.0
830 69.0
831 69.0
832 69.0
833 69.0
834 69.0
835 69.0
836 69.0
837 69.0
838 69.0
839 69.0
840 69.0
841 69.0
842 69.0
843 69.0
844 69.0
845 69.0
846 69.0
847 69.0
848 69.0
849 69.0
850 69.0
851 69.0
852 69.0
853 69.0
854 69.0
855 69.0
856 69.0
857 69.0
858 69.0
859 69.0
860 69.0
861 69.0
862 69.0
863 69.0
864 69.0
865 69.0
866 69.0
867 69.0
868 69.0
869 69.0
870 69.0
871 69.0
872 69.0
873 69.0
874 69.0
875 69.0
876 69.0
877 69.0
878 69.0
879 69.0
880 69.0
881 69.0
882 69.0
883 69.0
884 69.0
885 69.0
886 69.0
887 69.0
888 69.0
889 69.0
890 69.0
891 69.0
892 69.0
893 69.0
894 69.0
895 69.0
896 69.0
897 69.0
898 69.0
899 69.0
900 69.0
901 69.0
902 69.0
903 69.0
904 69.0
905 69.0
906 69.0
907 69.0
908 69.0
909 69.0
910 69.0
911 69.0
912 69.0
913 69.0
914 69.0
915 69.0
916 69.0
917 69.0
918 69.0
919 69.0
920 69.0
921 69.0
922 69.0
923 69.0
924 69.0
925 69.0
926 69.0
927 69.0
928 69.0
929 69.0
930 69.0
931 69.0
932 69.0
933 69.0
934 69.0
935 69.0
936 69.0
937 69.0
938 69.0
939 69.0
940 69.0
941 69.0
942 69.0
943 69.0
944 69.0
945 69.0
946 69.0
947 69.0
948 69.0
949 69.0
950 69.0
951 69.0
952 69.0
953 69.0
954 69.0
955 69.0
956 69.0
957 69.0
958 69.0
959 69.0
960 69.0
961 69.0
962 69.0
963 69.0
964 69.0
965 69.0
966 69.0
967 69.0
968 69.0
969 69.0
970 69.0
971 69.0
972 69.0
973 69.0
974 69.0
975 69.0
976 69.0
977 69.0
978 69.0
979 69.0
980 69.0
981 69.0
982 69.0
983 69.0
984 69.0
985 69.0
986 69.0
987 69.0
988 69.0
989 69.0
990 69.0
991 69.0
992 69.0
993 69.0
994 69.0
995 69.0
996 69.0
997 69.0
998 69.0
999 69.0
1000 69.0
1001 69.0
1002 69.0
1003 69.0
1004 69.0
1005 69.0
1006 69.0
1007 69.0
1008 69.0
1009 69.0
1010 69.0
1011 69.0
1012 69.0
1013 69.0
1014 69.0
1015 69.0
1016 69.0
1017 69.0
1018 69.0
1019 69.0
1020 69.0
1021 69.0
1022 69.0
1023 69.0
1024 69.0
1025 69.0
1026 69.0
1027 69.0
1028 69.0
1029 69.0
1030 69.0
1031 69.0
1032 69.0
1033 69.0
1034 69.0
1035 69.0
1036 69.0
1037 69.0
1038 69.0
1039 69.0
1040 69.0
1041 69.0
1042 69.0
1043 69.0
1044 69.0
1045 69.0
1046 69.0
1047 69.0
1048 69.0
1049 69.0
1050 69.0
1051 69.0
1052 69.0
1053 69.0
1054 69.0
1055 69.0
1056 69.0
1057 69.0
1058 69.0
1059 69.0
1060 69.0
1061 69.0
1062 69.0
1063 69.0
1064 69.0
1065 69.0
1066 69.0
1067 69.0
1068 69.0
1069 69.0
1070 69.0
1071 69.0
1072 69.0
1073 69.0
1074 69.0
1075 69.0
1076 69.0
1077 69.0
1078 69.0
1079 69.0
1080 69.0
1081 69.0
1082 69.0
1083 69.0
1084 69.0
1085 69.0
1086 69.0
1087 69.0
1088 69.0
1089 69.0
1090 69.0
1091 69.0
1092 69.0
1093 69.0
1094 69.0
1095 69.0
1096 69.0
1097 69.0
1098 69.0
1099 69.0
1100 69.0
1101 69.0
1102 69.0
1103 69.0
1104 69.0
1105 69.0
1106 69.0
1107 69.0
1108 69.0
1109 69.0
1110 69.0
1111 69.0
1112 69.0
1113 69.0
1114 69.0
1115 69.0
1116 69.0
1117 69.0
1118 69.0
1119 69.0
1120 69.0
1121 69.0
1122 69.0
1123 69.0
1124 69.0
1125 69.0
1126 69.0
1127 69.0
1128 69.0
1129 69.0
1130 69.0
1131 69.0
1132 69.0
1133 69.0
1134 69.0
1135 69.0
1136 69.0
1137 69.0
1138 69.0
1139 69.0
1140 69.0
1141 69.0
1142 69.0
1143 69.0
1144 69.0
1145 69.0
1146 69.0
1147 69.0
1148 69.0
1149 69.0
1150 69.0
1151 69.0
1152 69.0
1153 69.0
1154 69.0
1155 69.0
1156 69.0
1157 69.0
1158 69.0
1159 69.0
1160 69.0
1161 69.0
1162 69.0
1163 69.0
1164 69.0
1165 69.0
1166 69.0
1167 69.0
1168 69.0
1169 69.0
1170 69.0
1171 69.0
1172 69.0
1173 69.0
1174 69.0
1175 69.0
1176 69.0
1177 69.0
1178 69.0
1179 69.0
1180 69.0
1181 69.0
1182 69.0
1183 69.0
1184 69.0
1185 69.0
1186 69.0
1187 69.0
1188 69.0
1189 69.0
1190 69.0
1191 69.0
1192 69.0
1193 69.0
1194 69.0
1195 69.0
1196 69.0
1197 69.0
1198 69.0
1199 69.0
1200 69.0
1201 69.0
1202 69.0
1203 69.0
1204 69.0
1205 69.0
1206 69.0
1207 69.0
1208 69.0
1209 69.0
1210 69.0
1211 69.0
1212 69.0
1213 69.0
1214 69.0
1215 69.0
1216 69.0
1217 69.0
1218 69.0
1219 69.0
1220 69.0
1221 69.0
1222 69.0
1223 69.0
1224 69.0
1225 69.0
1226 69.0
1227 69.0
1228 69.0
1229 69.0
1230 69.0
1231 69.0
1232 69.0
1233 69.0
1234 69.0
1235 69.0
1236 69.0
1237 69.0
1238 69.0
1239 69.0
1240 69.0
1241 69.0
1242 69.0
1243 69.0
1244 69.0
1245 69.0
1246 69.0
1247 69.0
1248 69.0
1249 69.0
1250 69.0
1251 69.0
1252 69.0
1253 69.0
1254 69.0
1255 69.0
1256 69.0
1257 69.0
1258 69.0
1259 69.0
1260 69.0
1261 69.0
1262 69.0
1263 69.0
1264 69.0
1265 69.0
1266 69.0
1267 69.0
1268 69.0
1269 69.0
1270 69.0
1271 69.0
1272 69.0
1273 69.0
1274 69.0
1275 69.0
1276 69.0
1277 69.0
1278 69.0
1279 69.0
1280 69.0
1281 69.0
1282 69.0
1283 69.0
1284 69.0
1285 69.0
1286 69.0
1287 69.0
1288 69.0
1289 69.0
1290 69.0
1291 69.0
1292 69.0
1293 69.0
1294 69.0
1295 69.0
1296 69.0
1297 69.0
1298 69.0
1299 69.0
1300 69.0
1301 69.0
1302 69.0
1303 69.0
1304 69.0
1305 69.0
1306 69.0
1307 69.0
1308 69.0
1309 69.0
1310 69.0
1311 69.0
1312 69.0
1313 69.0
1314 69.0
1315 69.0
1316 69.0
1317 69.0
1318 69.0
1319 69.0
1320 69.0
1321 69.0
1322 69.0
1323 69.0
1324 69.0
1325 69.0
1326 69.0
1327 69.0
1328 69.0
1329 69.0
1330 69.0
1331 69.0
1332 69.0
1333 69.0
1334 69.0
1335 69.0
1336 69.0
1337 69.0
1338 69.0
1339 69.0
1340 69.0
1341 69.0
1342 69.0
1343 69.0
1344 69.0
1345 69.0
1346 69.0
1347 69.0
1348 69.0
1349 69.0
1350 69.0
1351 69.0
1352 69.0
1353 69.0
1354 69.0
1355 69.0
1356 69.0
1357 69.0
1358 69.0
1359 69.0
1360 69.0
1361 69.0
1362 69.0
1363 69.0
1364 69.0
1365 69.0
1366 69.0
1367 69.0
1368 69.0
1369 69.0
1370 69.0
1371 69.0
1372 69.0
1373 69.0
1374 69.0
1375 69.0
1376 69.0
1377 69.0
1378 69.0
1379 69.0
1380 69.0
1381 69.0
1382 69.0
1383 69.0
1384 69.0
1385 69.0
1386 69.0
1387 69.0
1388 69.0
1389 69.0
1390 69.0
1391 69.0
1392 69.0
1393 69.0
1394 69.0
1395 69.0
1396 69.0
1397 69.0
1398 69.0
1399 69.0
1400 69.0
1401 69.0
1402 69.0
1403 69.0
1404 69.0
1405 69.0
1406 69.0
1407 69.0
1408 69.0
1409 69.0
1410 69.0
1411 69.0
1412 69.0
1413 69.0
1414 69.0
1415 69.0
1416 69.0
1417 69.0
1418 69.0
1419 69.0
1420 69.0
1421 69.0
1422 69.0
1423 69.0
1424 69.0
1425 69.0
1426 69.0
1427 69.0
1428 69.0
1429 69.0
1430 69.0
1431 69.0
1432 69.0
1433 69.0
1434 69.0
1435 69.0
1436 69.0
1437 69.0
1438 69.0
1439 69.0
1440 69.0
1441 69.0
1442 69.0
1443 69.0
1444 69.0
1445 69.0
1446 69.0
1447 69.0
1448 69.0
1449 69.0
1450 69.0
1451 69.0
1452 69.0
1453 69.0
1454 69.0
1455 69.0
1456 69.0
1457 69.0
1458 69.0
1459 69.0
1460 69.0
1461 69.0
1462 69.0
1463 69.0
1464 69.0
1465 69.0
1466 69.0
1467 69.0
1468 69.0
1469 69.0
1470 69.0
1471 69.0
1472 69.0
1473 69.0
1474 69.0
1475 69.0
1476 69.0
1477 69.0
1478 69.0
1479 69.0
1480 69.0
1481 69.0
1482 69.0
1483 69.0
1484 69.0
1485 69.0
1486 69.0
1487 69.0
1488 69.0
1489 69.0
1490 69.0
1491 69.0
1492 69.0
1493 69.0
1494 69.0
1495 69.0
1496 69.0
1497 69.0
1498 69.0
1499 69.0
1500 69.0
1501 69.0
1502 69.0
1503 69.0
1504 69.0
1505 69.0
1506 69.0
1507 69.0
1508 69.0
1509 69.0
1510 69.0
1511 69.0
1512 69.0
1513 69.0
1514 69.0
1515 69.0
1516 69.0
1517 69.0
1518 69.0
1519 69.0
1520 69.0
1521 69.0
1522 69.0
1523 69.0
1524 69.0
1525 69.0
1526 69.0
1527 69.0
1528 69.0
1529 69.0
1530 69.0
1531 69.0
1532 69.0
1533 69.0
1534 69.0
1535 69.0
1536 69.0
1537 69.0
1538 69.0
1539 69.0
1540 69.0
1541 69.0
1542 69.0
1543 69.0
1544 69.0
1545 69.0
1546 69.0
1547 69.0
1548 69.0
1549 69.0
1550 69.0
1551 69.0
1552 69.0
1553 69.0
1554 69.0
1555 69.0
1556 69.0
1557 69.0
1558 69.0
1559 69.0
1560 69.0
1561 69.0
1562 69.0
1563 69.0
1564 69.0
1565 69.0
1566 69.0
1567 69.0
1568 69.0
1569 69.0
1570 69.0
1571 69.0
1572 69.0
1573 69.0
1574 69.0
1575 69.0
1576 69.0
1577 69.0
1578 69.0
1579 69.0
1580 69.0
1581 69.0
1582 69.0
1583 69.0
1584 69.0
1585 69.0
1586 69.0
1587 69.0
1588 69.0
1589 69.0
1590 69.0
1591 69.0
1592 69.0
1593 69.0
1594 69.0
1595 69.0
1596 69.0
1597 69.0
1598 69.0
1599 69.0
1600 69.0
1601 69.0
1602 69.0
1603 69.0
1604 69.0
1605 69.0
1606 69.0
1607 69.0
1608 69.0
1609 69.0
1610 69.0
1611 69.0
1612 69.0
1613 69.0
1614 69.0
1615 69.0
1616 69.0
1617 69.0
1618 69.0
1619 69.0
1620 69.0
1621 69.0
1622 69.0
1623 69.0
1624 69.0
1625 69.0
1626 69.0
1627 69.0
1628 69.0
1629 69.0
1630 69.0
1631 69.0
1632 69.0
1633 69.0
1634 69.0
1635 69.0
1636 69.0
1637 69.0
1638 69.0
1639 69.0
1640 69.0
1641 69.0
1642 69.0
1643 69.0
1644 69.0
1645 69.0
1646 69.0
1647 69.0
1648 69.0
1649 69.0
1650 69.0
1651 69.0
1652 69.0
1653 69.0
1654 69.0
1655 69.0
1656 69.0
1657 69.0
1658 69.0
1659 69.0
1660 69.0
1661 69.0
1662 69.0
1663 69.0
1664 69.0
1665 69.0
1666 69.0
1667 69.0
1668 69.0
1669 69.0
1670 69.0
1671 69.0
1672 69.0
1673 69.0
1674 69.0
1675 69.0
1676 69.0
1677 69.0
1678 69.0
1679 69.0
1680 69.0
1681 69.0
1682 69.0
1683 69.0
1684 69.0
1685 69.0
1686 69.0
1687 69.0
1688 69.0
1689 69.0
1690 69.0
1691 69.0
1692 69.0
1693 69.0
1694 69.0
1695 69.0
1696 69.0
1697 69.0
1698 69.0
1699 69.0
1700 69.0
1701 69.0
1702 69.0
1703 69.0
1704 69.0
1705 69.0
1706 69.0
1707 69.0
1708 69.0
1709 69.0
1710 69.0
1711 69.0
1712 69.0
1713 69.0
1714 69.0
1715 69.0
1716 69.0
1717 69.0
1718 69.0
1719 69.0
1720 69.0
1721 69.0
1722 69.0
1723 69.0
1724 69.0
1725 69.0
1726 69.0
1727 69.0
1728 69.0
1729 69.0
1730 69.0
1731 69.0
1732 69.0
1733 69.0
1734 69.0
1735 69.0
1736 69.0
1737 69.0
1738 69.0
1739 69.0
1740 69.0
1741 69.0
1742 69.0
1743 69.0
1744 69.0
1745 69.0
1746 69.0
1747 69.0
1748 69.0
1749 69.0
1750 69.0
1751 69.0
1752 69.0
1753 69.0
1754 69.0
1755 69.0
1756 69.0
1757 69.0
1758 69.0
1759 69.0
1760 69.0
1761 69.0
1762 69.0
1763 69.0
1764 69.0
1765 69.0
1766 69.0
1767 69.0
1768 69.0
1769 69.0
1770 69.0
1771 69.0
1772 69.0
1773 69.0
1774 69.0
1775 69.0
1776 69.0
1777 69.0
1778 69.0
1779 69.0
1780 69.0
1781 69.0
1782 69.0
1783 69.0
1784 69.0
1785 69.0
1786 69.0
1787 69.0
1788 69.0
1789 69.0
1790 69.0
1791 69.0
1792 69.0
1793 69.0
1794 69.0
1795 69.0
1796 69.0
1797 69.0
1798 69.0
1799 69.0
1800 69.0
1801 69.0
1802 69.0
1803 69.0
1804 69.0
1805 69.0
1806 69.0
1807 69.0
1808 69.0
1809 69.0
1810 69.0
1811 69.0
1812 69.0
1813 69.0
1814 69.0
1815 69.0
1816 69.0
1817 69.0
1818 69.0
1819 69.0
1820 69.0
1821 69.0
1822 69.0
1823 69.0
1824 69.0
1825 69.0
1826 69.0
1827 69.0
1828 69.0
1829 69.0
1830 69.0
1831 69.0
1832 69.0
1833 69.0
1834 69.0
1835 69.0
1836 69.0
1837 69.0
1838 69.0
1839 69.0
1840 69.0
1841 69.0
1842 69.0
1843 69.0
1844 69.0
1845 69.0
1846 69.0
1847 69.0
1848 69.0
1849 69.0
1850 69.0
1851 69.0
1852 69.0
1853 69.0
1854 69.0
1855 69.0
1856 69.0
1857 69.0
1858 69.0
1859 69.0
1860 69.0
1861 69.0
1862 69.0
1863 69.0
1864 69.0
1865 69.0
1866 69.0
1867 69.0
1868 69.0
1869 69.0
1870 69.0
1871 69.0
1872 69.0
1873 69.0
1874 69.0
1875 69.0
1876 69.0
1877 69.0
1878 69.0
1879 69.0
1880 69.0
1881 69.0
1882 69.0
1883 69.0
1884 69.0
1885 69.0
1886 69.0
1887 69.0
1888 69.0
1889 69.0
1890 69.0
1891 69.0
1892 69.0
1893 69.0
1894 69.0
1895 69.0
1896 69.0
1897 69.0
1898 69.0
1899 69.0
1900 69.0
1901 69.0
1902 69.0
1903 69.0
1904 69.0
1905 69.0
1906 69.0
1907 69.0
1908 69.0
1909 69.0
1910 69.0
1911 69.0
1912 69.0
1913 69.0
1914 69.0
1915 69.0
1916 71.0
1917 71.0
1918 71.0
1919 71.0
1920 71.0
1921 71.0
1922 71.0
1923 71.0
1924 71.0
1925 71.0
1926 71.0
1927 71.0
1928 71.0
1929 71.0
1930 71.0
1931 71.0
1932 71.0
1933 71.0
1934 71.0
1935 71.0
1936 71.0
1937 71.0
1938 71.0
1939 71.0
1940 71.0
1941 71.0
1942 71.0
1943 71.0
1944 71.0
1945 71.0
1946 71.0
1947 71.0
1948 71.0
1949 71.0
1950 71.0
1951 71.0
1952 71.0
1953 71.0
1954 71.0
1955 71.0
1956 71.0
1957 71.0
1958 71.0
1959 71.0
1960 71.0
1961 71.0
1962 71.0
1963 71.0
1964 71.0
1965 71.0
1966 71.0
1967 71.0
1968 71.0
1969 71.0
1970 71.0
1971 71.0
1972 71.0
1973 71.0
1974 71.0
1975 71.0
1976 71.0
1977 71.0
1978 71.0
1979 71.0
1980 71.0
1981 71.0
1982 71.0
1983 71.0
1984 71.0
1985 71.0
1986 71.0
1987 71.0
1988 71.0
1989 71.0
1990 71.0
1991 71.0
1992 71.0
1993 71.0
1994 71.0
1995 71.0
1996 71.0
1997 71.0
1998 71.0
1999 71.0
2000 71.0
2001 71.0
2002 71.0
2003 71.0
2004 71.0
2005 71.0
2006 71.0
2007 71.0
2008 71.0
2009 71.0
2010 71.0
2011 71.0
2012 71.0
2013 71.0
2014 71.0
2015 71.0
2016 71.0
2017 71.0
2018 71.0
2019 71.0
2020 71.0
2021 71.0
2022 71.0
2023 71.0
2024 71.0
2025 71.0
2026 71.0
2027 71.0
2028 71.0
2029 71.0
2030 71.0
2031 71.0
2032 71.0
2033 71.0
2034 71.0
2035 71.0
2036 71.0
2037 71.0
2038 71.0
2039 71.0
2040 71.0
2041 71.0
2042 71.0
2043 71.0
2044 71.0
2045 71.0
2046 71.0
2047 71.0
2048 71.0
2049 71.0
2050 71.0
2051 71.0
2052 71.0
2053 71.0
2054 71.0
2055 71.0
2056 71.0
2057 71.0
2058 71.0
2059 71.0
2060 71.0
2061 71.0
2062 71.0
2063 71.0
2064 71.0
2065 71.0
2066 71.0
2067 71.0
2068 71.0
2069 71.0
2070 71.0
2071 71.0
2072 71.0
2073 71.0
2074 71.0
2075 71.0
2076 71.0
2077 71.0
2078 71.0
2079 71.0
2080 71.0
2081 71.0
2082 71.0
2083 71.0
2084 71.0
2085 71.0
2086 71.0
2087 71.0
2088 71.0
2089 71.0
2090 71.0
2091 71.0
2092 71.0
2093 71.0
2094 71.0
2095 71.0
2096 71.0
2097 71.0
2098 71.0
2099 71.0
2100 71.0
2101 71.0
2102 71.0
2103 71.0
2104 71.0
2105 71.0
2106 71.0
2107 71.0
2108 71.0
2109 71.0
2110 71.0
2111 71.0
2112 71.0
2113 71.0
2114 71.0
2115 71.0
2116 71.0
2117 71.0
2118 71.0
2119 71.0
2120 71.0
2121 71.0
2122 71.0
2123 71.0
2124 71.0
2125 71.0
2126 71.0
2127 71.0
2128 71.0
2129 71.0
2130 71.0
2131 71.0
2132 71.0
2133 71.0
2134 71.0
2135 71.0
2136 71.0
2137 71.0
2138 71.0
2139 71.0
2140 71.0
2141 71.0
2142 71.0
2143 71.0
2144 71.0
2145 71.0
2146 71.0
2147 71.0
2148 71.0
2149 71.0
2150 71.0
2151 71.0
2152 71.0
2153 71.0
2154 71.0
2155 71.0
2156 71.0
2157 71.0
2158 71.0
2159 71.0
2160 71.0
2161 71.0
2162 71.0
2163 71.0
2164 71.0
2165 71.0
2166 71.0
2167 71.0
2168 71.0
2169 71.0
2170 71.0
2171 71.0
2172 71.0
2173 71.0
2174 71.0
2175 71.0
2176 71.0
2177 71.0
2178 71.0
2179 71.0
2180 71.0
2181 71.0
2182 71.0
2183 71.0
2184 71.0
2185 71.0
2186 71.0
2187 71.0
2188 71.0
2189 71.0
2190 71.0
2191 71.0
2192 71.0
2193 71.0
2194 71.0
2195 71.0
2196 71.0
2197 71.0
2198 71.0
2199 71.0
2200 71.0
2201 71.0
2202 71.0
2203 71.0
2204 71.0
2205 71.0
2206 71.0
2207 71.0
2208 71.0
2209 71.0
2210 71.0
2211 71.0
2212 71.0
2213 71.0
2214 71.0
2215 71.0
2216 71.0
2217 71.0
2218 71.0
2219 71.0
2220 71.0
2221 71.0
2222 71.0
2223 71.0
2224 71.0
2225 71.0
2226 71.0
2227 71.0
2228 71.0
2229 71.0
2230 71.0
2231 71.0
2232 71.0
2233 71.0
2234 71.0
2235 71.0
2236 71.0
2237 71.0
2238 71.0
2239 71.0
2240 71.0
2241 71.0
2242 71.0
2243 71.0
2244 71.0
2245 71.0
2246 71.0
2247 71.0
2248 71.0
2249 71.0
2250 71.0
2251 71.0
2252 71.0
2253 71.0
2254 71.0
2255 71.0
2256 71.0
2257 71.0
2258 71.0
2259 71.0
2260 71.0
2261 71.0
2262 71.0
2263 71.0
2264 71.0
2265 71.0
2266 71.0
2267 71.0
2268 71.0
2269 71.0
2270 71.0
2271 71.0
2272 71.0
2273 71.0
2274 71.0
2275 71.0
2276 71.0
2277 71.0
2278 71.0
2279 71.0
2280 71.0
2281 71.0
2282 71.0
2283 71.0
2284 71.0
2285 71.0
2286 71.0
2287 71.0
2288 71.0
2289 71.0
2290 71.0
2291 71.0
2292 71.0
2293 71.0
2294 71.0
2295 71.0
2296 71.0
2297 71.0
2298 71.0
2299 71.0
2300 71.0
2301 71.0
2302 71.0
2303 71.0
2304 71.0
2305 71.0
2306 71.0
2307 71.0
2308 71.0
2309 71.0
2310 71.0
2311 71.0
2312 71.0
2313 71.0
2314 71.0
2315 71.0
2316 71.0
2317 71.0
2318 71.0
2319 71.0
2320 71.0
2321 71.0
2322 71.0
2323 71.0
2324 71.0
2325 71.0
2326 71.0
2327 71.0
2328 71.0
2329 71.0
2330 71.0
2331 71.0
2332 71.0
2333 71.0
2334 71.0
2335 71.0
2336 71.0
2337 71.0
2338 71.0
2339 71.0
2340 71.0
2341 71.0
2342 71.0
2343 71.0
2344 71.0
2345 71.0
2346 71.0
2347 71.0
2348 71.0
2349 71.0
2350 71.0
2351 71.0
2352 71.0
2353 71.0
2354 71.0
2355 71.0
2356 71.0
2357 71.0
2358 71.0
2359 71.0
2360 71.0
2361 71.0
2362 71.0
2363 71.0
2364 71.0
2365 71.0
2366 71.0
2367 71.0
2368 71.0
2369 71.0
2370 71.0
2371 71.0
2372 71.0
2373 71.0
2374 71.0
2375 71.0
2376 71.0
2377 71.0
2378 71.0
2379 71.0
2380 71.0
2381 71.0
2382 71.0
2383 71.0
2384 71.0
2385 71.0
2386 71.0
2387 71.0
2388 71.0
2389 71.0
2390 71.0
2391 71.0
2392 71.0
2393 71.0
2394 71.0
2395 71.0
2396 71.0
2397 71.0
2398 71.0
2399 71.0
2400 71.0
2401 71.0
2402 71.0
2403 71.0
2404 71.0
2405 71.0
2406 71.0
2407 71.0
2408 71.0
2409 71.0
2410 71.0
2411 71.0
2412 71.0
2413 71.0
2414 71.0
2415 71.0
2416 71.0
2417 71.0
2418 71.0
2419 71.0
2420 71.0
2421 71.0
2422 71.0
2423 71.0
2424 71.0
2425 71.0
2426 71.0
2427 71.0
2428 71.0
2429 71.0
2430 71.0
2431 71.0
2432 71.0
2433 71.0
2434 71.0
2435 71.0
2436 71.0
2437 71.0
2438 71.0
2439 71.0
2440 71.0
2441 71.0
2442 71.0
2443 71.0
2444 71.0
2445 71.0
2446 71.0
2447 71.0
2448 71.0
2449 71.0
2450 71.0
2451 71.0
2452 71.0
2453 71.0
2454 71.0
2455 71.0
2456 71.0
2457 71.0
2458 71.0
2459 71.0
2460 71.0
2461 71.0
2462 71.0
2463 71.0
2464 71.0
2465 71.0
2466 71.0
2467 71.0
2468 71.0
2469 71.0
2470 71.0
2471 71.0
2472 71.0
2473 71.0
2474 71.0
2475 71.0
2476 71.0
2477 71.0
2478 71.0
2479 71.0
2480 71.0
2481 71.0
2482 71.0
2483 71.0
2484 71.0
2485 71.0
2486 71.0
2487 71.0
2488 71.0
2489 71.0
2490 71.0
2491 71.0
2492 71.0
2493 71.0
2494 71.0
2495 71.0
2496 71.0
2497 71.0
2498 71.0
2499 71.0
2500 71.0
2501 71.0
2502 71.0
2503 71.0
2504 71.0
2505 71.0
2506 71.0
2507 71.0
2508 71.0
2509 71.0
2510 71.0
2511 71.0
2512 71.0
2513 71.0
2514 71.0
2515 71.0
2516 71.0
2517 71.0
2518 71.0
2519 71.0
2520 71.0
2521 71.0
2522 71.0
2523 71.0
2524 71.0
2525 71.0
2526 71.0
2527 71.0
2528 71.0
2529 71.0
2530 71.0
2531 71.0
2532 71.0
2533 71.0
2534 71.0
2535 71.0
2536 71.0
2537 71.0
2538 71.0
2539 71.0
2540 71.0
2541 71.0
2542 71.0
2543 71.0
2544 71.0
2545 71.0
2546 71.0
2547 71.0
2548 71.0
2549 71.0
2550 71.0
2551 71.0
2552 71.0
2553 71.0
2554 71.0
2555 71.0
2556 71.0
2557 71.0
2558 71.0
2559 71.0
2560 71.0
2561 71.0
2562 71.0
2563 71.0
2564 71.0
2565 71.0
2566 71.0
2567 71.0
2568 71.0
2569 71.0
2570 71.0
2571 71.0
2572 71.0
2573 71.0
2574 71.0
2575 71.0
2576 71.0
2577 71.0
2578 71.0
2579 71.0
2580 71.0
2581 71.0
2582 71.0
2583 71.0
2584 71.0
2585 71.0
2586 71.0
2587 71.0
2588 71.0
2589 71.0
2590 71.0
2591 71.0
2592 71.0
2593 71.0
2594 71.0
2595 71.0
2596 71.0
2597 71.0
2598 71.0
2599 71.0
2600 71.0
2601 71.0
2602 71.0
2603 71.0
2604 71.0
2605 71.0
2606 71.0
2607 71.0
2608 71.0
2609 71.0
2610 71.0
2611 71.0
2612 71.0
2613 71.0
2614 71.0
2615 71.0
2616 71.0
2617 71.0
2618 71.0
2619 71.0
2620 71.0
2621 71.0
2622 71.0
2623 71.0
2624 71.0
2625 71.0
2626 71.0
2627 71.0
2628 71.0
2629 71.0
2630 71.0
2631 71.0
2632 71.0
2633 71.0
2634 71.0
2635 71.0
2636 71.0
2637 71.0
2638 71.0
2639 71.0
2640 71.0
2641 71.0
2642 71.0
2643 71.0
2644 71.0
2645 71.0
2646 71.0
2647 71.0
2648 71.0
2649 71.0
2650 71.0
2651 71.0
2652 71.0
2653 71.0
2654 71.0
2655 71.0
2656 75.0
2657 75.0
2658 79.0
2659 79.0
2660 79.0
2661 79.0
2662 79.0
2663 79.0
2664 79.0
2665 79.0
2666 79.0
2667 79.0
2668 79.0
2669 79.0
2670 79.0
2671 79.0
2672 79.0
2673 79.0
2674 79.0
2675 79.0
2676 79.0
2677 79.0
2678 79.0
2679 79.0
2680 79.0
2681 79.0
2682 79.0
2683 79.0
2684 79.0
2685 79.0
2686 79.0
2687 79.0
2688 79.0
2689 79.0
2690 79.0
2691 79.0
2692 79.0
2693 79.0
2694 79.0
2695 79.0
2696 79.0
2697 79.0
2698 79.0
2699 79.0
2700 79.0
2701 79.0
2702 79.0
2703 79.0
2704 79.0
2705 79.0
2706 79.0
2707 79.0
2708 79.0
2709 79.0
2710 79.0
2711 79.0
2712 79.0
2713 79.0
2714 79.0
2715 79.0
2716 79.0
2717 79.0
2718 79.0
2719 79.0
2720 79.0
2721 79.0
2722 79.0
2723 79.0
2724 79.0
2725 79.0
2726 79.0
2727 79.0
2728 79.0
2729 79.0
2730 79.0
2731 79.0
2732 79.0
2733 79.0
2734 79.0
2735 79.0
2736 79.0
2737 79.0
2738 79.0
2739 79.0
2740 79.0
2741 79.0
2742 79.0
2743 79.0
2744 79.0
2745 79.0
2746 79.0
2747 79.0
2748 79.0
2749 79.0
2750 79.0
2751 79.0
2752 79.0
2753 79.0
2754 79.0
2755 79.0
2756 79.0
2757 79.0
2758 79.0
2759 79.0
2760 79.0
2761 79.0
2762 79.0
2763 79.0
2764 79.0
2765 79.0
2766 79.0
2767 79.0
2768 79.0
2769 79.0
2770 79.0
2771 79.0
2772 79.0
2773 79.0
2774 79.0
2775 79.0
2776 79.0
2777 79.0
2778 79.0
2779 79.0
2780 79.0
2781 79.0
2782 79.0
2783 79.0
2784 79.0
2785 79.0
2786 79.0
2787 79.0
2788 79.0
2789 79.0
2790 79.0
2791 79.0
2792 79.0
2793 79.0
2794 79.0
2795 79.0
2796 79.0
2797 79.0
2798 79.0
2799 79.0
2800 79.0
2801 79.0
2802 79.0
2803 79.0
2804 79.0
2805 79.0
2806 79.0
2807 79.0
2808 79.0
2809 79.0
2810 79.0
2811 79.0
2812 79.0
2813 79.0
2814 79.0
2815 79.0
2816 79.0
2817 79.0
2818 79.0
2819 79.0
2820 79.0
2821 79.0
2822 79.0
2823 79.0
2824 79.0
2825 79.0
2826 79.0
2827 79.0
2828 79.0
2829 79.0
2830 79.0
2831 79.0
2832 79.0
2833 79.0
2834 79.0
2835 79.0
2836 79.0
2837 79.0
2838 79.0
2839 79.0
2840 79.0
2841 79.0
2842 79.0
2843 79.0
2844 79.0
2845 79.0
2846 79.0
2847 79.0
2848 79.0
2849 79.0
2850 79.0
2851 79.0
2852 79.0
2853 79.0
2854 79.0
2855 79.0
2856 79.0
2857 79.0
2858 79.0
2859 79.0
2860 79.0
2861 79.0
2862 79.0
2863 79.0
2864 79.0
2865 79.0
2866 79.0
2867 79.0
2868 79.0
2869 79.0
2870 79.0
2871 79.0
2872 79.0
2873 79.0
2874 79.0
2875 79.0
2876 79.0
2877 79.0
2878 79.0
2879 79.0
2880 79.0
2881 79.0
2882 79.0
2883 79.0
2884 79.0
2885 79.0
2886 79.0
2887 79.0
2888 79.0
2889 79.0
2890 79.0
2891 79.0
2892 79.0
2893 79.0
2894 79.0
2895 79.0
2896 79.0
2897 79.0
2898 79.0
2899 79.0
2900 79.0
2901 79.0
2902 79.0
2903 79.0
2904 79.0
2905 79.0
2906 79.0
2907 79.0
2908 79.0
2909 79.0
2910 79.0
2911 79.0
2912 79.0
2913 79.0
2914 79.0
2915 79.0
2916 79.0
2917 79.0
2918 79.0
2919 79.0
2920 79.0
2921 79.0
2922 79.0
2923 79.0
2924 79.0
2925 79.0
2926 79.0
2927 79.0
2928 79.0
2929 79.0
2930 79.0
2931 79.0
2932 79.0
2933 79.0
2934 79.0
2935 79.0
2936 79.0
2937 79.0
2938 79.0
2939 79.0
2940 79.0
2941 79.0
2942 79.0
2943 79.0
2944 79.0
2945 79.0
2946 79.0
2947 79.0
2948 79.0
2949 79.0
2950 79.0
2951 79.0
2952 79.0
2953 79.0
2954 79.0
2955 79.0
2956 79.0
2957 79.0
2958 79.0
2959 79.0
2960 79.0
2961 79.0
2962 79.0
2963 79.0
2964 79.0
2965 79.0
2966 79.0
2967 79.0
2968 79.0
2969 79.0
2970 79.0
2971 79.0
2972 79.0
2973 79.0
2974 79.0
2975 79.0
2976 79.0
2977 79.0
2978 79.0
2979 79.0
2980 79.0
2981 79.0
2982 79.0
2983 79.0
2984 79.0
2985 79.0
2986 79.0
2987 79.0
2988 79.0
2989 79.0
2990 79.0
2991 79.0
2992 79.0
2993 79.0
2994 79.0
2995 79.0
2996 79.0
2997 79.0
2998 79.0
2999 79.0
3000 79.0
3001 79.0
3002 79.0
3003 79.0
3004 79.0
3005 79.0
3006 79.0
3007 79.0
3008 79.0
3009 79.0
3010 79.0
3011 79.0
3012 79.0
3013 79.0
3014 79.0
3015 79.0
3016 79.0
3017 79.0
3018 79.0
3019 79.0
3020 79.0
3021 79.0
3022 79.0
3023 79.0
3024 79.0
3025 79.0
3026 79.0
3027 79.0
3028 79.0
3029 79.0
3030 79.0
3031 79.0
3032 79.0
3033 79.0
3034 79.0
3035 79.0
3036 79.0
3037 79.0
3038 79.0
3039 79.0
3040 79.0
3041 79.0
3042 79.0
3043 79.0
3044 79.0
3045 79.0
3046 79.0
3047 79.0
3048 79.0
3049 79.0
3050 79.0
3051 79.0
3052 79.0
3053 79.0
3054 79.0
3055 79.0
3056 79.0
3057 79.0
3058 79.0
3059 79.0
3060 79.0
3061 79.0
3062 79.0
3063 79.0
3064 79.0
3065 79.0
3066 79.0
3067 79.0
3068 79.0
3069 79.0
3070 79.0
3071 79.0
3072 79.0
3073 79.0
3074 79.0
3075 79.0
3076 79.0
3077 79.0
3078 79.0
3079 79.0
3080 79.0
3081 79.0
3082 79.0
3083 79.0
3084 79.0
3085 79.0
3086 79.0
3087 79.0
3088 79.0
3089 79.0
3090 79.0
3091 79.0
3092 79.0
3093 79.0
3094 79.0
3095 79.0
3096 79.0
3097 79.0
3098 79.0
3099 79.0
3100 79.0
3101 79.0
3102 79.0
3103 79.0
3104 79.0
3105 79.0
3106 79.0
3107 79.0
3108 79.0
3109 79.0
3110 79.0
3111 79.0
3112 79.0
3113 79.0
3114 79.0
3115 79.0
3116 79.0
3117 79.0
3118 79.0
3119 79.0
3120 79.0
3121 79.0
3122 79.0
3123 79.0
3124 79.0
3125 79.0
3126 79.0
3127 79.0
3128 79.0
3129 79.0
3130 79.0
3131 79.0
3132 79.0
3133 79.0
3134 79.0
3135 79.0
3136 79.0
3137 79.0
3138 79.0
3139 79.0
3140 79.0
3141 79.0
3142 79.0
3143 79.0
3144 79.0
3145 79.0
3146 79.0
3147 79.0
3148 79.0
3149 79.0
3150 79.0
3151 79.0
3152 79.0
3153 79.0
3154 79.0
3155 79.0
3156 79.0
3157 79.0
3158 79.0
3159 79.0
3160 79.0
3161 79.0
3162 79.0
3163 79.0
3164 79.0
3165 79.0
3166 79.0
3167 79.0
3168 79.0
3169 79.0
3170 79.0
3171 79.0
3172 79.0
3173 79.0
3174 79.0
3175 79.0
3176 79.0
3177 79.0
3178 79.0
3179 79.0
3180 79.0
3181 79.0
3182 79.0
3183 79.0
3184 79.0
3185 79.0
3186 79.0
3187 79.0
3188 79.0
3189 79.0
3190 79.0
3191 79.0
3192 79.0
3193 79.0
3194 79.0
3195 79.0
3196 79.0
3197 79.0
3198 79.0
3199 79.0
3200 79.0
3201 79.0
3202 79.0
3203 79.0
3204 79.0
3205 79.0
3206 79.0
3207 79.0
3208 79.0
3209 79.0
3210 79.0
3211 79.0
3212 79.0
3213 79.0
3214 79.0
3215 79.0
3216 79.0
3217 79.0
3218 79.0
3219 79.0
3220 79.0
3221 79.0
3222 79.0
3223 79.0
3224 79.0
3225 79.0
3226 79.0
3227 79.0
3228 79.0
3229 79.0
3230 79.0
3231 79.0
3232 79.0
3233 79.0
3234 79.0
3235 79.0
3236 79.0
3237 79.0
3238 79.0
3239 79.0
3240 79.0
3241 79.0
3242 79.0
3243 79.0
3244 79.0
3245 79.0
3246 79.0
3247 79.0
3248 79.0
3249 79.0
3250 79.0
3251 79.0
3252 79.0
3253 79.0
3254 79.0
3255 79.0
3256 79.0
3257 79.0
3258 79.0
3259 79.0
3260 79.0
3261 79.0
3262 79.0
3263 79.0
3264 79.0
3265 79.0
3266 79.0
3267 79.0
3268 79.0
3269 79.0
3270 79.0
3271 79.0
3272 79.0
3273 79.0
3274 79.0
3275 79.0
3276 79.0
3277 79.0
3278 79.0
3279 79.0
3280 79.0
3281 79.0
3282 79.0
3283 79.0
3284 79.0
3285 79.0
3286 79.0
3287 79.0
3288 79.0
3289 79.0
3290 79.0
3291 79.0
3292 79.0
3293 79.0
3294 79.0
3295 79.0
3296 79.0
3297 79.0
3298 79.0
3299 79.0
3300 79.0
3301 79.0
3302 79.0
3303 79.0
3304 79.0
3305 79.0
3306 79.0
3307 79.0
3308 79.0
3309 79.0
3310 79.0
3311 79.0
3312 79.0
3313 79.0
3314 79.0
3315 79.0
3316 79.0
3317 79.0
3318 79.0
3319 79.0
3320 79.0
3321 79.0
3322 79.0
3323 79.0
3324 79.0
3325 79.0
3326 79.0
3327 79.0
3328 79.0
3329 79.0
3330 79.0
3331 79.0
3332 79.0
3333 79.0
3334 79.0
3335 79.0
3336 79.0
3337 79.0
3338 79.0
3339 79.0
3340 79.0
3341 79.0
3342 79.0
3343 79.0
3344 79.0
3345 79.0
3346 79.0
3347 79.0
3348 79.0
3349 79.0
3350 79.0
3351 79.0
3352 79.0
3353 79.0
3354 79.0
3355 79.0
3356 79.0
3357 79.0
3358 79.0
3359 79.0
3360 79.0
3361 79.0
3362 79.0
3363 79.0
3364 79.0
3365 79.0
3366 79.0
3367 79.0
3368 79.0
3369 79.0
3370 79.0
3371 79.0
3372 79.0
3373 79.0
3374 79.0
3375 79.0
3376 79.0
3377 79.0
3378 79.0
3379 79.0
3380 79.0
3381 79.0
3382 79.0
3383 79.0
3384 79.0
3385 79.0
3386 79.0
3387 79.0
3388 79.0
3389 79.0
3390 79.0
3391 79.0
3392 79.0
3393 79.0
3394 79.0
3395 79.0
3396 79.0
3397 79.0
3398 79.0
3399 79.0
3400 79.0
3401 79.0
3402 79.0
3403 79.0
3404 79.0
3405 79.0
3406 79.0
3407 79.0
3408 79.0
3409 79.0
3410 79.0
3411 79.0
3412 79.0
3413 79.0
3414 79.0
3415 79.0
3416 79.0
3417 79.0
3418 79.0
3419 79.0
3420 79.0
3421 79.0
3422 79.0
3423 79.0
3424 79.0
3425 79.0
3426 79.0
3427 79.0
3428 79.0
3429 79.0
3430 79.0
3431 79.0
3432 79.0
3433 79.0
3434 79.0
3435 79.0
3436 79.0
3437 79.0
3438 79.0
3439 79.0
3440 79.0
3441 79.0
3442 79.0
3443 79.0
3444 79.0
3445 79.0
3446 79.0
3447 79.0
3448 79.0
3449 79.0
3450 79.0
3451 79.0
3452 79.0
3453 79.0
3454 79.0
3455 79.0
3456 79.0
3457 79.0
3458 79.0
3459 79.0
3460 79.0
3461 79.0
3462 79.0
3463 79.0
3464 79.0
3465 79.0
3466 79.0
3467 79.0
3468 79.0
3469 79.0
3470 79.0
3471 79.0
3472 79.0
3473 79.0
3474 79.0
3475 79.0
3476 79.0
3477 79.0
3478 79.0
3479 79.0
3480 79.0
3481 79.0
3482 79.0
3483 79.0
3484 79.0
3485 79.0
3486 79.0
3487 79.0
3488 79.0
3489 79.0
3490 79.0
3491 79.0
3492 79.0
3493 79.0
3494 79.0
3495 79.0
3496 79.0
3497 79.0
3498 79.0
3499 79.0
3500 79.0
3501 79.0
3502 79.0
3503 79.0
3504 79.0
3505 79.0
3506 79.0
3507 79.0
3508 79.0
3509 79.0
3510 79.0
3511 79.0
3512 79.0
3513 79.0
3514 79.0
3515 79.0
3516 79.0
3517 79.0
3518 79.0
3519 79.0
3520 79.0
3521 79.0
3522 79.0
3523 79.0
3524 79.0
3525 79.0
3526 79.0
3527 79.0
3528 79.0
3529 79.0
3530 79.0
3531 79.0
3532 79.0
3533 79.0
3534 79.0
3535 79.0
3536 79.0
3537 79.0
3538 79.0
3539 79.0
3540 79.0
3541 79.0
3542 79.0
3543 79.0
3544 79.0
3545 79.0
3546 79.0
3547 79.0
3548 79.0
3549 79.0
3550 79.0
3551 79.0
3552 79.0
3553 79.0
3554 79.0
3555 79.0
3556 79.0
3557 79.0
3558 79.0
3559 79.0
3560 79.0
3561 79.0
3562 79.0
3563 79.0
3564 79.0
3565 79.0
3566 79.0
3567 79.0
3568 79.0
3569 79.0
3570 79.0
3571 79.0
3572 79.0
3573 79.0
3574 79.0
3575 79.0
3576 79.0
3577 79.0
3578 79.0
3579 79.0
3580 79.0
3581 79.0
3582 79.0
3583 79.0
3584 79.0
3585 79.0
3586 79.0
3587 79.0
3588 79.0
3589 79.0
3590 79.0
3591 79.0
3592 79.0
3593 79.0
3594 79.0
3595 79.0
3596 79.0
3597 79.0
3598 79.0
3599 79.0
3600 79.0
3601 79.0
3602 79.0
3603 79.0
3604 79.0
3605 79.0
3606 79.0
3607 79.0
3608 79.0
3609 79.0
3610 79.0
3611 79.0
3612 79.0
3613 79.0
3614 79.0
3615 79.0
3616 79.0
3617 79.0
3618 79.0
3619 79.0
3620 79.0
3621 79.0
3622 79.0
3623 79.0
3624 79.0
3625 79.0
3626 79.0
3627 79.0
3628 79.0
3629 79.0
3630 79.0
3631 79.0
3632 79.0
3633 79.0
3634 79.0
3635 79.0
3636 79.0
3637 79.0
3638 79.0
3639 79.0
3640 79.0
3641 79.0
3642 79.0
3643 79.0
3644 79.0
3645 79.0
3646 79.0
3647 79.0
3648 79.0
3649 79.0
3650 79.0
3651 79.0
3652 79.0
3653 79.0
3654 79.0
3655 79.0
3656 79.0
3657 79.0
3658 79.0
3659 79.0
3660 79.0
3661 79.0
3662 79.0
3663 79.0
3664 79.0
3665 79.0
3666 79.0
3667 79.0
3668 79.0
3669 79.0
3670 79.0
3671 79.0
3672 79.0
3673 79.0
3674 79.0
3675 79.0
3676 79.0
3677 79.0
3678 79.0
3679 79.0
3680 79.0
3681 79.0
3682 79.0
3683 79.0
3684 79.0
3685 79.0
3686 79.0
3687 79.0
3688 79.0
3689 79.0
3690 79.0
3691 79.0
3692 79.0
3693 79.0
3694 79.0
3695 79.0
3696 79.0
3697 79.0
3698 79.0
3699 79.0
3700 79.0
3701 79.0
3702 79.0
3703 79.0
3704 82.0
3705 82.0
3706 82.0
3707 82.0
3708 82.0
3709 82.0
3710 82.0
3711 82.0
3712 82.0
3713 82.0
3714 82.0
3715 82.0
3716 82.0
3717 82.0
3718 82.0
3719 82.0
3720 82.0
3721 82.0
3722 82.0
3723 82.0
3724 82.0
3725 82.0
3726 82.0
3727 82.0
3728 82.0
3729 82.0
3730 82.0
3731 82.0
3732 82.0
3733 82.0
3734 82.0
3735 82.0
3736 82.0
3737 82.0
3738 82.0
3739 82.0
3740 82.0
3741 82.0
3742 82.0
3743 82.0
3744 82.0
3745 82.0
3746 82.0
3747 82.0
3748 82.0
3749 82.0
3750 82.0
3751 82.0
3752 82.0
3753 82.0
3754 82.0
3755 82.0
3756 82.0
3757 82.0
3758 82.0
3759 82.0
3760 82.0
3761 82.0
3762 82.0
3763 82.0
3764 82.0
3765 82.0
3766 82.0
3767 82.0
3768 82.0
3769 82.0
3770 82.0
3771 82.0
3772 82.0
3773 82.0
3774 82.0
3775 82.0
3776 82.0
3777 82.0
3778 82.0
3779 82.0
3780 82.0
3781 82.0
3782 82.0
3783 82.0
3784 82.0
3785 82.0
3786 82.0
3787 82.0
3788 82.0
3789 82.0
3790 82.0
3791 82.0
3792 82.0
3793 82.0
3794 82.0
3795 82.0
3796 82.0
3797 82.0
3798 82.0
3799 82.0
3800 82.0
3801 82.0
3802 82.0
3803 82.0
3804 82.0
3805 82.0
3806 82.0
3807 82.0
3808 82.0
3809 82.0
3810 82.0
3811 82.0
3812 82.0
3813 82.0
3814 82.0
3815 82.0
3816 82.0
3817 82.0
3818 82.0
3819 82.0
3820 82.0
3821 82.0
3822 82.0
3823 82.0
3824 82.0
3825 82.0
3826 82.0
3827 82.0
3828 82.0
3829 82.0
3830 82.0
3831 82.0
3832 82.0
3833 82.0
3834 82.0
3835 82.0
3836 82.0
3837 82.0
3838 82.0
3839 82.0
3840 82.0
3841 82.0
3842 82.0
3843 82.0
3844 82.0
3845 82.0
3846 82.0
3847 82.0
3848 82.0
3849 82.0
3850 82.0
3851 82.0
3852 82.0
3853 82.0
3854 82.0
3855 82.0
3856 82.0
3857 82.0
3858 82.0
3859 82.0
3860 82.0
3861 82.0
3862 82.0
3863 82.0
3864 82.0
3865 82.0
3866 82.0
3867 82.0
3868 82.0
3869 82.0
3870 82.0
3871 82.0
3872 82.0
3873 82.0
3874 82.0
3875 82.0
3876 82.0
3877 82.0
3878 82.0
3879 82.0
3880 82.0
3881 82.0
3882 82.0
3883 82.0
3884 82.0
3885 82.0
3886 82.0
3887 82.0
3888 82.0
3889 82.0
3890 82.0
3891 82.0
3892 82.0
3893 82.0
3894 82.0
3895 82.0
3896 82.0
3897 82.0
3898 82.0
3899 82.0
3900 82.0
3901 82.0
3902 82.0
3903 82.0
3904 82.0
3905 82.0
3906 82.0
3907 82.0
3908 82.0
3909 82.0
3910 82.0
3911 82.0
3912 82.0
3913 82.0
3914 82.0
3915 82.0
3916 82.0
3917 82.0
3918 82.0
3919 82.0
3920 82.0
3921 82.0
3922 82.0
3923 82.0
3924 82.0
3925 82.0
3926 82.0
3927 82.0
3928 82.0
3929 82.0
3930 82.0
3931 82.0
3932 82.0
3933 82.0
3934 82.0
3935 82.0
3936 82.0
3937 82.0
3938 82.0
3939 82.0
3940 82.0
3941 82.0
3942 82.0
3943 82.0
3944 82.0
3945 82.0
3946 82.0
3947 82.0
3948 82.0
3949 82.0
3950 82.0
3951 82.0
3952 82.0
3953 82.0
3954 82.0
3955 82.0
3956 82.0
3957 82.0
3958 82.0
3959 82.0
3960 82.0
3961 82.0
3962 82.0
3963 82.0
3964 82.0
3965 82.0
3966 82.0
3967 82.0
3968 82.0
3969 82.0
3970 82.0
3971 82.0
3972 82.0
3973 82.0
3974 82.0
3975 82.0
3976 82.0
3977 82.0
3978 82.0
3979 82.0
3980 82.0
3981 82.0
3982 82.0
3983 82.0
3984 82.0
3985 82.0
3986 82.0
3987 82.0
3988 82.0
3989 82.0
3990 82.0
3991 82.0
3992 82.0
3993 82.0
3994 82.0
3995 82.0
3996 82.0
3997 82.0
3998 82.0
3999 82.0
4000 82.0
4001 82.0
4002 82.0
4003 82.0
4004 82.0
4005 82.0
4006 82.0
4007 82.0
4008 82.0
4009 82.0
4010 82.0
4011 82.0
4012 82.0
4013 82.0
4014 82.0
4015 82.0
4016 82.0
4017 82.0
4018 82.0
4019 82.0
4020 82.0
4021 82.0
4022 82.0
4023 82.0
4024 82.0
4025 82.0
4026 82.0
4027 82.0
4028 82.0
4029 82.0
4030 82.0
4031 82.0
4032 82.0
4033 82.0
4034 82.0
4035 82.0
4036 82.0
4037 82.0
4038 82.0
4039 82.0
4040 82.0
4041 82.0
4042 82.0
4043 82.0
4044 82.0
4045 82.0
4046 82.0
4047 82.0
4048 82.0
4049 82.0
4050 82.0
4051 82.0
4052 82.0
4053 82.0
4054 82.0
4055 82.0
4056 82.0
4057 82.0
4058 82.0
4059 82.0
4060 82.0
4061 82.0
4062 82.0
4063 82.0
4064 82.0
4065 82.0
4066 82.0
4067 82.0
4068 82.0
4069 82.0
4070 82.0
4071 82.0
4072 82.0
4073 82.0
4074 82.0
4075 82.0
4076 82.0
4077 82.0
4078 82.0
4079 82.0
4080 82.0
4081 82.0
4082 82.0
4083 82.0
4084 82.0
4085 82.0
4086 82.0
4087 82.0
4088 82.0
4089 82.0
4090 82.0
4091 82.0
4092 82.0
4093 82.0
4094 82.0
4095 82.0
4096 82.0
4097 82.0
4098 82.0
4099 82.0
4100 82.0
4101 82.0
4102 82.0
4103 82.0
4104 82.0
4105 82.0
4106 82.0
4107 82.0
4108 82.0
4109 82.0
4110 82.0
4111 82.0
4112 82.0
4113 82.0
4114 82.0
4115 82.0
4116 82.0
4117 82.0
4118 82.0
4119 82.0
4120 82.0
4121 82.0
4122 82.0
4123 82.0
4124 82.0
4125 82.0
4126 82.0
4127 82.0
4128 82.0
4129 82.0
4130 82.0
4131 82.0
4132 82.0
4133 82.0
4134 82.0
4135 82.0
4136 82.0
4137 82.0
4138 82.0
4139 82.0
4140 82.0
4141 82.0
4142 82.0
4143 82.0
4144 82.0
4145 82.0
4146 82.0
4147 82.0
4148 82.0
4149 82.0
4150 82.0
4151 82.0
4152 82.0
4153 82.0
4154 82.0
4155 82.0
4156 82.0
4157 82.0
4158 82.0
4159 82.0
4160 82.0
4161 82.0
4162 82.0
4163 82.0
4164 82.0
4165 82.0
4166 82.0
4167 82.0
4168 82.0
4169 82.0
4170 82.0
4171 82.0
4172 82.0
4173 82.0
4174 82.0
4175 82.0
4176 82.0
4177 82.0
4178 82.0
4179 82.0
4180 82.0
4181 82.0
4182 82.0
4183 82.0
4184 82.0
4185 82.0
4186 82.0
4187 82.0
4188 82.0
4189 82.0
4190 82.0
4191 82.0
4192 82.0
4193 82.0
4194 82.0
4195 82.0
4196 82.0
4197 82.0
4198 82.0
4199 82.0
4200 82.0
4201 82.0
4202 82.0
4203 82.0
4204 82.0
4205 82.0
4206 82.0
4207 82.0
4208 82.0
4209 82.0
4210 82.0
4211 82.0
4212 82.0
4213 82.0
4214 82.0
4215 82.0
4216 82.0
4217 82.0
4218 82.0
4219 82.0
4220 82.0
4221 82.0
4222 82.0
4223 82.0
4224 82.0
4225 82.0
4226 82.0
4227 82.0
4228 82.0
4229 82.0
4230 82.0
4231 82.0
4232 82.0
4233 82.0
4234 82.0
4235 82.0
4236 82.0
4237 82.0
4238 82.0
4239 82.0
4240 82.0
4241 82.0
4242 82.0
4243 82.0
4244 82.0
4245 82.0
4246 82.0
4247 82.0
4248 82.0
4249 82.0
4250 82.0
4251 82.0
4252 82.0
4253 82.0
4254 82.0
4255 82.0
4256 82.0
4257 82.0
4258 82.0
4259 82.0
4260 82.0
4261 82.0
4262 82.0
4263 82.0
4264 82.0
4265 82.0
4266 82.0
4267 82.0
4268 82.0
4269 82.0
4270 82.0
4271 82.0
4272 82.0
4273 82.0
4274 82.0
4275 82.0
4276 82.0
4277 82.0
4278 82.0
4279 82.0
4280 82.0
4281 82.0
4282 82.0
4283 82.0
4284 82.0
4285 82.0
4286 82.0
4287 82.0
4288 82.0
4289 82.0
4290 82.0
4291 82.0
4292 82.0
4293 82.0
4294 82.0
4295 82.0
4296 82.0
4297 82.0
4298 82.0
4299 82.0
4300 82.0
4301 82.0
4302 82.0
4303 82.0
4304 82.0
4305 82.0
4306 82.0
4307 82.0
4308 82.0
4309 82.0
4310 82.0
4311 82.0
4312 82.0
4313 82.0
4314 82.0
4315 82.0
4316 82.0
4317 82.0
4318 82.0
4319 82.0
4320 82.0
4321 82.0
4322 82.0
4323 82.0
4324 82.0
4325 82.0
4326 82.0
4327 82.0
4328 82.0
4329 82.0
4330 82.0
4331 82.0
4332 82.0
4333 82.0
4334 82.0
4335 82.0
4336 82.0
4337 82.0
4338 82.0
4339 82.0
4340 82.0
4341 82.0
4342 82.0
4343 82.0
4344 82.0
4345 82.0
4346 82.0
4347 82.0
4348 82.0
4349 82.0
4350 82.0
4351 82.0
4352 82.0
4353 82.0
4354 82.0
4355 82.0
4356 82.0
4357 82.0
4358 82.0
4359 82.0
4360 82.0
4361 82.0
4362 82.0
4363 82.0
4364 82.0
4365 82.0
4366 82.0
4367 82.0
4368 82.0
4369 82.0
4370 82.0
4371 82.0
4372 82.0
4373 82.0
4374 82.0
4375 82.0
4376 82.0
4377 82.0
4378 82.0
4379 82.0
4380 82.0
4381 82.0
4382 82.0
4383 82.0
4384 82.0
4385 82.0
4386 82.0
4387 82.0
4388 82.0
4389 82.0
4390 82.0
4391 82.0
4392 82.0
4393 82.0
4394 82.0
4395 82.0
4396 82.0
4397 82.0
4398 82.0
4399 82.0
4400 82.0
4401 82.0
4402 82.0
4403 82.0
4404 82.0
4405 82.0
4406 82.0
4407 82.0
4408 82.0
4409 82.0
4410 82.0
4411 82.0
4412 82.0
4413 82.0
4414 82.0
4415 82.0
4416 82.0
4417 82.0
4418 82.0
4419 82.0
4420 82.0
4421 82.0
4422 82.0
4423 82.0
4424 82.0
4425 82.0
4426 82.0
4427 82.0
4428 82.0
4429 82.0
4430 82.0
4431 82.0
4432 82.0
4433 82.0
4434 82.0
4435 82.0
4436 82.0
4437 82.0
4438 82.0
4439 82.0
4440 82.0
4441 82.0
4442 82.0
4443 82.0
4444 82.0
4445 82.0
4446 82.0
4447 82.0
4448 82.0
4449 82.0
4450 82.0
4451 82.0
4452 82.0
4453 82.0
4454 82.0
4455 82.0
4456 82.0
4457 82.0
4458 82.0
4459 82.0
4460 82.0
4461 82.0
4462 82.0
4463 82.0
4464 82.0
4465 82.0
4466 82.0
4467 82.0
4468 82.0
4469 82.0
4470 82.0
4471 82.0
4472 82.0
4473 82.0
4474 82.0
4475 82.0
4476 82.0
4477 82.0
4478 82.0
4479 82.0
4480 82.0
4481 82.0
4482 82.0
4483 82.0
4484 82.0
4485 82.0
4486 82.0
4487 82.0
4488 82.0
4489 82.0
4490 82.0
4491 82.0
4492 82.0
4493 82.0
4494 82.0
4495 82.0
4496 82.0
4497 82.0
4498 82.0
4499 82.0
4500 82.0
4501 82.0
4502 82.0
4503 82.0
4504 82.0
4505 82.0
4506 82.0
4507 82.0
4508 82.0
4509 82.0
4510 82.0
4511 82.0
4512 82.0
4513 82.0
4514 82.0
4515 82.0
4516 82.0
4517 82.0
4518 82.0
4519 82.0
4520 82.0
4521 82.0
4522 82.0
4523 82.0
4524 82.0
4525 82.0
4526 82.0
4527 82.0
4528 82.0
4529 82.0
4530 82.0
4531 82.0
4532 82.0
4533 82.0
4534 82.0
4535 82.0
4536 82.0
4537 82.0
4538 82.0
4539 82.0
4540 82.0
4541 82.0
4542 82.0
4543 82.0
4544 82.0
4545 82.0
4546 82.0
4547 82.0
4548 82.0
4549 82.0
4550 82.0
4551 82.0
4552 82.0
4553 82.0
4554 82.0
4555 82.0
4556 82.0
4557 82.0
4558 82.0
4559 82.0
4560 82.0
4561 82.0
4562 82.0
4563 82.0
4564 82.0
4565 82.0
4566 82.0
4567 82.0
4568 82.0
4569 82.0
4570 82.0
4571 82.0
4572 82.0
4573 82.0
4574 82.0
4575 82.0
4576 82.0
4577 82.0
4578 82.0
4579 82.0
4580 82.0
4581 82.0
4582 82.0
4583 82.0
4584 82.0
4585 82.0
4586 82.0
4587 82.0
4588 82.0
4589 82.0
4590 82.0
4591 82.0
4592 82.0
4593 82.0
4594 82.0
4595 82.0
4596 82.0
4597 82.0
4598 82.0
4599 82.0
4600 82.0
4601 82.0
4602 82.0
4603 82.0
4604 82.0
4605 82.0
4606 82.0
4607 82.0
4608 82.0
4609 82.0
4610 82.0
4611 82.0
4612 82.0
4613 82.0
4614 82.0
4615 82.0
4616 82.0
4617 82.0
4618 82.0
4619 82.0
4620 82.0
4621 82.0
4622 82.0
4623 82.0
4624 82.0
4625 82.0
4626 82.0
4627 82.0
4628 82.0
4629 82.0
4630 82.0
4631 82.0
4632 82.0
4633 82.0
4634 82.0
4635 82.0
4636 82.0
4637 82.0
4638 82.0
4639 82.0
4640 82.0
4641 82.0
4642 82.0
4643 82.0
4644 82.0
4645 82.0
4646 82.0
4647 82.0
4648 82.0
4649 82.0
4650 82.0
4651 82.0
4652 82.0
4653 82.0
4654 82.0
4655 82.0
4656 82.0
4657 82.0
4658 82.0
4659 82.0
4660 82.0
4661 82.0
4662 82.0
4663 82.0
4664 82.0
4665 82.0
4666 82.0
4667 82.0
4668 82.0
4669 82.0
4670 82.0
4671 82.0
4672 82.0
4673 82.0
4674 82.0
4675 82.0
4676 82.0
4677 82.0
4678 82.0
4679 82.0
4680 82.0
4681 82.0
4682 82.0
4683 82.0
4684 82.0
4685 82.0
4686 82.0
4687 82.0
4688 82.0
4689 82.0
4690 82.0
4691 82.0
4692 82.0
4693 82.0
4694 82.0
4695 82.0
4696 82.0
4697 82.0
4698 82.0
4699 82.0
4700 82.0
4701 82.0
4702 82.0
4703 82.0
4704 82.0
4705 82.0
4706 82.0
4707 82.0
4708 82.0
4709 82.0
4710 82.0
4711 82.0
4712 82.0
4713 82.0
4714 82.0
4715 82.0
4716 82.0
4717 82.0
4718 82.0
4719 82.0
4720 82.0
4721 82.0
4722 82.0
4723 82.0
4724 82.0
4725 82.0
4726 82.0
4727 82.0
4728 82.0
4729 82.0
4730 82.0
4731 82.0
4732 82.0
4733 82.0
4734 82.0
4735 82.0
4736 82.0
4737 82.0
4738 82.0
4739 82.0
4740 82.0
4741 82.0
4742 82.0
4743 82.0
4744 82.0
4745 82.0
4746 82.0
4747 82.0
4748 82.0
4749 82.0
4750 82.0
4751 82.0
4752 82.0
4753 82.0
4754 82.0
4755 82.0
4756 82.0
4757 82.0
4758 82.0
4759 82.0
4760 82.0
4761 82.0
4762 82.0
4763 82.0
4764 82.0
4765 82.0
4766 82.0
4767 82.0
4768 82.0
4769 82.0
4770 82.0
4771 82.0
4772 82.0
4773 82.0
4774 82.0
4775 82.0
4776 82.0
4777 82.0
4778 82.0
4779 82.0
4780 82.0
4781 82.0
4782 82.0
4783 82.0
4784 82.0
4785 82.0
4786 82.0
4787 82.0
4788 82.0
4789 82.0
4790 82.0
4791 82.0
4792 82.0
4793 82.0
4794 82.0
4795 82.0
4796 82.0
4797 82.0
4798 82.0
4799 82.0
4800 82.0
4801 82.0
4802 82.0
4803 82.0
4804 82.0
4805 82.0
4806 82.0
4807 82.0
4808 82.0
4809 82.0
4810 82.0
4811 82.0
4812 82.0
4813 82.0
4814 82.0
4815 82.0
4816 82.0
4817 82.0
4818 82.0
4819 82.0
4820 82.0
4821 82.0
4822 82.0
4823 82.0
4824 82.0
4825 82.0
4826 82.0
4827 82.0
4828 82.0
4829 82.0
4830 82.0
4831 82.0
4832 82.0
4833 82.0
4834 82.0
4835 82.0
4836 82.0
4837 82.0
4838 82.0
4839 82.0
4840 82.0
4841 82.0
4842 82.0
4843 82.0
4844 82.0
4845 82.0
4846 82.0
4847 82.0
4848 82.0
4849 82.0
4850 82.0
4851 82.0
4852 82.0
4853 82.0
4854 82.0
4855 82.0
4856 82.0
4857 82.0
4858 82.0
4859 82.0
4860 82.0
4861 82.0
4862 82.0
4863 82.0
4864 82.0
4865 82.0
4866 82.0
4867 82.0
4868 82.0
4869 82.0
4870 82.0
4871 82.0
4872 82.0
4873 82.0
4874 82.0
4875 82.0
4876 82.0
4877 82.0
4878 82.0
4879 82.0
4880 82.0
4881 82.0
4882 82.0
4883 82.0
4884 82.0
4885 82.0
4886 82.0
4887 82.0
4888 82.0
4889 82.0
4890 82.0
4891 82.0
4892 82.0
4893 82.0
4894 82.0
4895 82.0
4896 82.0
4897 82.0
4898 82.0
4899 82.0
4900 82.0
4901 82.0
4902 82.0
4903 82.0
4904 82.0
4905 82.0
4906 82.0
4907 82.0
4908 82.0
4909 82.0
4910 82.0
4911 82.0
4912 82.0
4913 82.0
4914 82.0
4915 82.0
4916 82.0
4917 82.0
4918 82.0
4919 82.0
4920 82.0
4921 82.0
4922 82.0
4923 82.0
4924 82.0
4925 82.0
4926 82.0
4927 82.0
4928 82.0
4929 82.0
4930 82.0
4931 82.0
4932 82.0
4933 82.0
4934 82.0
4935 82.0
4936 82.0
4937 82.0
4938 82.0
4939 82.0
4940 82.0
4941 82.0
4942 82.0
4943 82.0
4944 82.0
4945 82.0
4946 82.0
4947 82.0
4948 82.0
4949 82.0
4950 82.0
4951 82.0
4952 82.0
4953 82.0
4954 82.0
4955 82.0
4956 82.0
4957 82.0
4958 82.0
4959 82.0
4960 82.0
4961 82.0
4962 82.0
4963 82.0
4964 82.0
4965 82.0
4966 82.0
4967 82.0
4968 82.0
4969 82.0
4970 82.0
4971 82.0
4972 82.0
4973 82.0
4974 82.0
4975 82.0
4976 82.0
4977 82.0
4978 82.0
4979 82.0
4980 82.0
4981 82.0
4982 82.0
4983 82.0
4984 82.0
4985 82.0
4986 82.0
4987 82.0
4988 82.0
4989 82.0
4990 82.0
4991 82.0
4992 82.0
4993 82.0
4994 82.0
4995 82.0
4996 82.0
4997 82.0
4998 82.0
4999 82.0
5000 82.0
5001 82.0
5002 82.0
5003 82.0
5004 82.0
5005 82.0
5006 82.0
5007 82.0
5008 82.0
5009 82.0
5010 82.0
5011 82.0
5012 82.0
5013 82.0
5014 82.0
5015 82.0
5016 82.0
5017 82.0
5018 82.0
5019 82.0
5020 82.0
5021 82.0
5022 82.0
5023 82.0
5024 82.0
5025 82.0
5026 82.0
5027 82.0
5028 82.0
5029 82.0
5030 82.0
5031 82.0
5032 82.0
5033 82.0
5034 82.0
5035 82.0
5036 82.0
5037 82.0
5038 82.0
5039 82.0
5040 82.0
5041 82.0
5042 82.0
5043 82.0
5044 82.0
5045 82.0
5046 82.0
5047 82.0
5048 82.0
5049 82.0
5050 82.0
5051 82.0
5052 82.0
5053 82.0
5054 82.0
5055 82.0
5056 82.0
5057 82.0
5058 82.0
5059 82.0
5060 82.0
5061 82.0
5062 82.0
5063 82.0
5064 82.0
5065 82.0
5066 82.0
5067 82.0
5068 82.0
5069 82.0
5070 82.0
5071 82.0
5072 82.0
5073 82.0
5074 82.0
5075 82.0
5076 82.0
5077 82.0
5078 82.0
5079 82.0
5080 82.0
5081 82.0
5082 82.0
5083 82.0
5084 82.0
5085 82.0
5086 82.0
5087 82.0
5088 82.0
5089 82.0
5090 82.0
5091 82.0
5092 82.0
5093 82.0
5094 82.0
5095 82.0
5096 82.0
5097 82.0
5098 82.0
5099 82.0
5100 82.0
5101 82.0
5102 82.0
5103 82.0
5104 82.0
5105 82.0
5106 82.0
5107 82.0
5108 82.0
5109 82.0
5110 82.0
5111 82.0
5112 82.0
5113 82.0
5114 82.0
5115 82.0
5116 82.0
5117 82.0
5118 82.0
5119 82.0
5120 82.0
5121 82.0
5122 82.0
5123 82.0
5124 82.0
5125 82.0
5126 82.0
5127 82.0
5128 82.0
5129 82.0
5130 82.0
5131 82.0
5132 82.0
5133 82.0
5134 82.0
5135 82.0
5136 82.0
5137 82.0
5138 82.0
5139 82.0
5140 82.0
5141 82.0
5142 82.0
5143 82.0
5144 82.0
5145 82.0
5146 82.0
5147 82.0
5148 82.0
5149 82.0
5150 82.0
5151 82.0
5152 82.0
5153 82.0
5154 82.0
5155 82.0
5156 82.0
5157 82.0
5158 82.0
5159 82.0
5160 82.0
5161 82.0
5162 82.0
5163 82.0
5164 82.0
5165 82.0
5166 82.0
5167 82.0
5168 82.0
5169 82.0
5170 82.0
5171 82.0
5172 82.0
5173 82.0
5174 82.0
5175 82.0
5176 82.0
5177 82.0
5178 82.0
5179 82.0
5180 82.0
5181 82.0
5182 82.0
5183 82.0
5184 82.0
5185 82.0
5186 82.0
5187 82.0
5188 82.0
5189 82.0
5190 82.0
5191 82.0
5192 82.0
5193 82.0
5194 82.0
5195 82.0
5196 82.0
5197 82.0
5198 82.0
5199 82.0
5200 82.0
5201 82.0
5202 82.0
5203 82.0
5204 82.0
5205 82.0
5206 82.0
5207 82.0
5208 82.0
5209 82.0
5210 82.0
5211 82.0
5212 82.0
5213 82.0
5214 82.0
5215 82.0
5216 82.0
5217 82.0
5218 82.0
5219 82.0
5220 82.0
5221 82.0
5222 82.0
5223 82.0
5224 82.0
5225 82.0
5226 82.0
5227 82.0
5228 82.0
5229 82.0
5230 82.0
5231 82.0
5232 82.0
5233 82.0
5234 82.0
5235 82.0
5236 82.0
5237 82.0
5238 82.0
5239 82.0
5240 82.0
5241 82.0
5242 82.0
5243 82.0
5244 82.0
5245 82.0
5246 82.0
5247 82.0
5248 82.0
5249 82.0
5250 82.0
5251 82.0
5252 82.0
5253 82.0
5254 82.0
5255 82.0
5256 82.0
5257 82.0
5258 82.0
5259 82.0
5260 82.0
5261 82.0
5262 82.0
5263 82.0
5264 82.0
5265 82.0
5266 82.0
5267 82.0
5268 82.0
5269 82.0
5270 82.0
5271 82.0
5272 82.0
5273 82.0
5274 82.0
5275 82.0
5276 82.0
5277 82.0
5278 82.0
5279 82.0
5280 82.0
5281 82.0
5282 82.0
5283 82.0
5284 82.0
5285 82.0
5286 82.0
5287 82.0
5288 82.0
5289 82.0
5290 82.0
5291 82.0
5292 82.0
5293 82.0
5294 82.0
5295 82.0
5296 82.0
5297 82.0
5298 82.0
5299 82.0
5300 82.0
5301 82.0
5302 82.0
5303 82.0
5304 82.0
5305 82.0
5306 82.0
5307 82.0
5308 82.0
5309 82.0
5310 82.0
5311 82.0
5312 82.0
5313 82.0
5314 82.0
5315 82.0
5316 82.0
5317 82.0
5318 82.0
5319 82.0
5320 82.0
5321 82.0
5322 82.0
5323 82.0
5324 82.0
5325 82.0
5326 82.0
5327 82.0
5328 82.0
5329 82.0
5330 82.0
5331 82.0
5332 82.0
5333 82.0
5334 82.0
5335 82.0
5336 82.0
5337 82.0
5338 82.0
5339 82.0
5340 82.0
5341 82.0
5342 82.0
5343 82.0
5344 82.0
5345 82.0
5346 82.0
5347 82.0
5348 82.0
5349 82.0
5350 82.0
5351 82.0
5352 82.0
5353 82.0
5354 82.0
5355 82.0
5356 82.0
5357 82.0
5358 82.0
5359 82.0
5360 82.0
5361 82.0
5362 82.0
5363 82.0
5364 82.0
5365 82.0
5366 82.0
5367 82.0
5368 82.0
5369 82.0
5370 82.0
5371 82.0
5372 82.0
5373 82.0
5374 82.0
5375 82.0
5376 82.0
5377 82.0
5378 82.0
5379 82.0
5380 82.0
5381 82.0
5382 82.0
5383 82.0
5384 82.0
5385 82.0
5386 82.0
5387 82.0
5388 82.0
5389 82.0
5390 82.0
5391 82.0
5392 82.0
5393 82.0
5394 82.0
5395 82.0
5396 82.0
5397 82.0
5398 82.0
5399 82.0
5400 82.0
5401 82.0
5402 82.0
5403 82.0
5404 82.0
5405 82.0
5406 82.0
5407 82.0
5408 82.0
5409 82.0
5410 82.0
5411 82.0
5412 82.0
5413 82.0
5414 82.0
5415 82.0
5416 82.0
5417 82.0
5418 82.0
5419 82.0
5420 82.0
5421 82.0
5422 82.0
5423 82.0
5424 82.0
5425 82.0
5426 82.0
5427 82.0
5428 82.0
5429 82.0
5430 82.0
5431 82.0
5432 82.0
5433 82.0
5434 82.0
5435 82.0
5436 82.0
5437 82.0
5438 82.0
5439 82.0
5440 82.0
5441 82.0
5442 82.0
5443 82.0
5444 82.0
5445 82.0
5446 82.0
5447 82.0
5448 82.0
5449 82.0
5450 82.0
5451 82.0
5452 82.0
5453 82.0
5454 82.0
5455 82.0
5456 82.0
5457 82.0
5458 82.0
5459 82.0
5460 82.0
5461 82.0
5462 82.0
5463 82.0
5464 82.0
5465 82.0
5466 82.0
5467 82.0
5468 82.0
5469 82.0
5470 82.0
5471 82.0
5472 82.0
5473 82.0
5474 82.0
5475 82.0
5476 82.0
5477 82.0
5478 82.0
5479 82.0
5480 82.0
5481 82.0
5482 82.0
5483 82.0
5484 82.0
5485 82.0
5486 82.0
5487 82.0
5488 82.0
5489 82.0
5490 82.0
5491 82.0
5492 82.0
5493 82.0
5494 82.0
5495 82.0
5496 82.0
5497 82.0
5498 82.0
5499 82.0
5500 82.0
5501 82.0
5502 82.0
5503 82.0
5504 82.0
5505 82.0
5506 82.0
5507 82.0
5508 82.0
5509 82.0
5510 82.0
5511 82.0
5512 82.0
5513 82.0
5514 82.0
5515 82.0
5516 82.0
5517 82.0
5518 82.0
5519 82.0
5520 82.0
5521 82.0
5522 82.0
5523 82.0
5524 82.0
5525 82.0
5526 82.0
5527 82.0
5528 82.0
5529 82.0
5530 82.0
5531 82.0
5532 82.0
5533 82.0
5534 82.0
5535 82.0
5536 82.0
5537 82.0
5538 82.0
5539 82.0
5540 82.0
5541 82.0
5542 82.0
5543 82.0
5544 82.0
5545 82.0
5546 82.0
5547 82.0
5548 82.0
5549 82.0
5550 82.0
5551 82.0
5552 82.0
5553 82.0
5554 82.0
5555 82.0
5556 82.0
5557 82.0
5558 82.0
5559 82.0
5560 82.0
5561 82.0
5562 82.0
5563 82.0
5564 82.0
5565 82.0
5566 82.0
5567 82.0
5568 82.0
5569 82.0
5570 82.0
5571 82.0
5572 82.0
5573 82.0
5574 82.0
5575 82.0
5576 82.0
5577 82.0
5578 82.0
5579 82.0
5580 82.0
5581 82.0
5582 82.0
5583 82.0
5584 82.0
5585 82.0
5586 82.0
5587 82.0
5588 82.0
5589 82.0
5590 82.0
5591 82.0
5592 82.0
5593 82.0
5594 82.0
5595 82.0
5596 82.0
5597 82.0
5598 82.0
5599 82.0
5600 82.0
5601 82.0
5602 82.0
5603 82.0
5604 82.0
5605 82.0
5606 82.0
5607 82.0
5608 82.0
5609 82.0
5610 82.0
5611 82.0
5612 82.0
5613 82.0
5614 82.0
5615 82.0
5616 82.0
5617 82.0
5618 82.0
5619 82.0
5620 82.0
5621 82.0
5622 82.0
5623 82.0
5624 82.0
5625 82.0
5626 82.0
5627 82.0
5628 82.0
5629 82.0
5630 82.0
5631 82.0
5632 82.0
5633 82.0
5634 82.0
5635 82.0
5636 82.0
5637 82.0
5638 82.0
5639 82.0
5640 82.0
5641 82.0
5642 82.0
5643 82.0
5644 82.0
5645 82.0
5646 82.0
5647 82.0
5648 82.0
5649 82.0
5650 82.0
5651 82.0
5652 82.0
5653 82.0
5654 82.0
5655 82.0
5656 82.0
5657 82.0
5658 82.0
5659 82.0
5660 82.0
5661 82.0
5662 82.0
5663 82.0
5664 82.0
5665 82.0
5666 82.0
5667 82.0
5668 82.0
5669 82.0
5670 82.0
5671 82.0
5672 82.0
5673 82.0
5674 82.0
5675 82.0
5676 82.0
5677 82.0
5678 82.0
5679 82.0
5680 82.0
5681 82.0
5682 82.0
5683 82.0
5684 82.0
5685 82.0
5686 82.0
5687 82.0
5688 82.0
5689 82.0
5690 82.0
5691 82.0
5692 82.0
5693 82.0
5694 82.0
5695 82.0
5696 82.0
5697 82.0
5698 82.0
5699 82.0
5700 82.0
5701 82.0
5702 82.0
5703 82.0
5704 82.0
5705 82.0
5706 82.0
5707 82.0
5708 82.0
5709 82.0
5710 82.0
5711 82.0
5712 82.0
5713 82.0
5714 82.0
5715 82.0
5716 82.0
5717 82.0
5718 82.0
5719 82.0
5720 82.0
5721 82.0
5722 82.0
5723 82.0
5724 82.0
5725 82.0
5726 82.0
5727 82.0
5728 82.0
5729 82.0
5730 82.0
5731 82.0
5732 82.0
5733 82.0
5734 82.0
5735 82.0
5736 82.0
5737 82.0
5738 82.0
5739 82.0
5740 82.0
5741 82.0
5742 82.0
5743 82.0
5744 82.0
5745 82.0
5746 82.0
5747 82.0
5748 82.0
5749 82.0
5750 82.0
5751 82.0
5752 82.0
5753 82.0
5754 82.0
5755 82.0
5756 82.0
5757 82.0
5758 82.0
5759 82.0
5760 82.0
5761 82.0
5762 82.0
5763 82.0
5764 82.0
5765 82.0
5766 82.0
5767 82.0
5768 82.0
5769 82.0
5770 82.0
5771 82.0
5772 82.0
5773 82.0
5774 82.0
5775 82.0
5776 82.0
5777 82.0
5778 82.0
5779 82.0
5780 82.0
5781 82.0
5782 82.0
5783 82.0
5784 82.0
5785 82.0
5786 82.0
5787 82.0
5788 82.0
5789 82.0
5790 82.0
5791 82.0
5792 82.0
5793 82.0
5794 82.0
5795 82.0
5796 82.0
5797 82.0
5798 82.0
5799 82.0
5800 82.0
5801 82.0
5802 82.0
5803 82.0
5804 82.0
5805 82.0
5806 82.0
5807 82.0
5808 82.0
5809 82.0
5810 82.0
5811 82.0
5812 82.0
5813 82.0
5814 82.0
5815 82.0
5816 82.0
5817 82.0
5818 82.0
5819 82.0
5820 82.0
5821 82.0
5822 82.0
5823 82.0
5824 82.0
5825 82.0
5826 82.0
5827 82.0
5828 82.0
5829 82.0
5830 82.0
5831 82.0
5832 82.0
5833 82.0
5834 82.0
5835 82.0
5836 82.0
5837 82.0
5838 82.0
5839 82.0
5840 82.0
5841 82.0
5842 82.0
5843 82.0
5844 82.0
5845 82.0
5846 82.0
5847 82.0
5848 82.0
5849 82.0
5850 82.0
5851 82.0
5852 82.0
5853 82.0
5854 82.0
5855 82.0
5856 82.0
5857 82.0
5858 82.0
5859 82.0
5860 82.0
5861 82.0
5862 82.0
5863 82.0
5864 82.0
5865 82.0
5866 82.0
5867 82.0
5868 82.0
5869 82.0
5870 82.0
5871 82.0
5872 82.0
5873 82.0
5874 82.0
5875 82.0
5876 82.0
5877 82.0
5878 82.0
5879 82.0
5880 82.0
5881 82.0
5882 82.0
5883 82.0
5884 82.0
5885 82.0
5886 82.0
5887 82.0
5888 82.0
5889 82.0
5890 82.0
5891 82.0
5892 82.0
5893 82.0
5894 82.0
5895 82.0
5896 82.0
5897 82.0
5898 82.0
5899 82.0
5900 82.0
5901 82.0
5902 82.0
5903 82.0
5904 82.0
5905 82.0
5906 82.0
5907 82.0
5908 82.0
5909 82.0
5910 82.0
5911 82.0
5912 82.0
5913 82.0
5914 82.0
5915 82.0
5916 82.0
5917 82.0
5918 82.0
5919 82.0
5920 82.0
5921 82.0
5922 82.0
5923 82.0
5924 82.0
5925 82.0
5926 82.0
5927 82.0
5928 82.0
5929 82.0
5930 82.0
5931 82.0
5932 82.0
5933 82.0
5934 82.0
5935 82.0
5936 82.0
5937 82.0
5938 82.0
5939 82.0
5940 82.0
5941 82.0
5942 82.0
5943 82.0
5944 82.0
5945 82.0
5946 82.0
5947 82.0
5948 82.0
5949 82.0
5950 82.0
5951 82.0
5952 82.0
5953 82.0
5954 82.0
5955 82.0
5956 82.0
5957 82.0
5958 82.0
5959 82.0
5960 82.0
5961 82.0
5962 82.0
5963 82.0
5964 82.0
5965 82.0
5966 82.0
5967 82.0
5968 82.0
5969 82.0
5970 82.0
5971 82.0
5972 82.0
5973 82.0
5974 82.0
5975 82.0
5976 82.0
5977 82.0
5978 82.0
5979 82.0
5980 82.0
5981 82.0
5982 82.0
5983 82.0
5984 82.0
5985 82.0
5986 82.0
5987 82.0
5988 82.0
5989 82.0
5990 82.0
5991 82.0
5992 82.0
5993 82.0
5994 82.0
5995 82.0
5996 82.0
5997 82.0
5998 82.0
5999 82.0
6000 82.0
6001 82.0
6002 82.0
6003 82.0
6004 82.0
6005 82.0
6006 82.0
6007 82.0
6008 82.0
6009 82.0
6010 82.0
6011 82.0
6012 82.0
6013 82.0
6014 82.0
6015 82.0
6016 82.0
6017 82.0
6018 82.0
6019 82.0
6020 82.0
6021 82.0
6022 82.0
6023 82.0
6024 82.0
6025 82.0
6026 82.0
6027 82.0
6028 82.0
6029 82.0
6030 82.0
6031 82.0
6032 82.0
6033 82.0
6034 82.0
6035 82.0
6036 82.0
6037 82.0
6038 82.0
6039 82.0
6040 82.0
6041 82.0
6042 82.0
6043 82.0
6044 82.0
6045 82.0
6046 82.0
6047 82.0
6048 82.0
6049 82.0
6050 82.0
6051 82.0
6052 82.0
6053 82.0
6054 82.0
6055 82.0
6056 82.0
6057 82.0
6058 82.0
6059 82.0
6060 82.0
6061 82.0
6062 82.0
6063 82.0
6064 82.0
6065 82.0
6066 82.0
6067 82.0
6068 82.0
6069 82.0
6070 82.0
6071 82.0
6072 82.0
6073 82.0
6074 82.0
6075 82.0
6076 82.0
6077 82.0
6078 82.0
6079 82.0
6080 82.0
6081 82.0
6082 82.0
6083 82.0
6084 82.0
6085 82.0
6086 82.0
6087 82.0
6088 82.0
6089 82.0
6090 82.0
6091 82.0
6092 82.0
6093 82.0
6094 82.0
6095 82.0
6096 82.0
6097 82.0
6098 82.0
6099 82.0
6100 82.0
6101 82.0
6102 82.0
6103 82.0
6104 82.0
6105 82.0
6106 82.0
6107 82.0
6108 82.0
6109 82.0
6110 82.0
6111 82.0
6112 82.0
6113 82.0
6114 82.0
6115 82.0
6116 82.0
6117 82.0
6118 82.0
6119 82.0
6120 82.0
6121 82.0
6122 82.0
6123 82.0
6124 82.0
6125 82.0
6126 82.0
6127 82.0
6128 82.0
6129 82.0
6130 82.0
6131 82.0
6132 82.0
6133 82.0
6134 82.0
6135 82.0
6136 82.0
6137 82.0
6138 82.0
6139 82.0
6140 82.0
6141 82.0
6142 82.0
6143 82.0
6144 82.0
6145 82.0
6146 82.0
6147 82.0
6148 82.0
6149 82.0
6150 82.0
6151 82.0
6152 82.0
6153 82.0
6154 82.0
6155 82.0
6156 82.0
6157 82.0
6158 82.0
6159 82.0
6160 82.0
6161 82.0
6162 82.0
6163 82.0
6164 82.0
6165 82.0
6166 82.0
6167 82.0
6168 82.0
6169 82.0
6170 82.0
6171 82.0
6172 82.0
6173 82.0
6174 82.0
6175 82.0
6176 82.0
6177 82.0
6178 82.0
6179 82.0
6180 82.0
6181 82.0
6182 82.0
6183 82.0
6184 82.0
6185 82.0
6186 82.0
6187 82.0
6188 82.0
6189 82.0
6190 82.0
6191 82.0
6192 82.0
6193 82.0
6194 82.0
6195 82.0
6196 82.0
6197 82.0
6198 82.0
6199 82.0
6200 82.0
6201 82.0
6202 82.0
6203 82.0
6204 82.0
6205 82.0
6206 82.0
6207 82.0
6208 82.0
6209 82.0
6210 82.0
6211 82.0
6212 82.0
6213 82.0
6214 82.0
6215 82.0
6216 82.0
6217 82.0
6218 82.0
6219 82.0
6220 82.0
6221 82.0
6222 82.0
6223 82.0
6224 82.0
6225 82.0
6226 82.0
6227 82.0
6228 82.0
6229 82.0
6230 82.0
6231 82.0
6232 82.0
6233 82.0
6234 82.0
6235 82.0
6236 82.0
6237 82.0
6238 82.0
6239 82.0
6240 82.0
6241 82.0
6242 82.0
6243 82.0
6244 82.0
6245 82.0
6246 82.0
6247 82.0
6248 82.0
6249 82.0
6250 82.0
6251 82.0
6252 82.0
6253 82.0
6254 82.0
6255 82.0
6256 82.0
6257 82.0
6258 82.0
6259 82.0
6260 82.0
6261 82.0
6262 82.0
6263 82.0
6264 82.0
6265 82.0
6266 82.0
6267 82.0
6268 82.0
6269 82.0
6270 82.0
6271 82.0
6272 82.0
6273 82.0
6274 82.0
6275 82.0
6276 82.0
6277 82.0
6278 82.0
6279 82.0
6280 82.0
6281 82.0
6282 82.0
6283 82.0
6284 82.0
6285 82.0
6286 82.0
6287 82.0
6288 82.0
6289 82.0
6290 82.0
6291 82.0
6292 82.0
6293 82.0
6294 82.0
6295 82.0
6296 82.0
6297 82.0
6298 82.0
6299 82.0
6300 82.0
6301 82.0
6302 82.0
6303 82.0
6304 82.0
6305 82.0
6306 82.0
6307 82.0
6308 82.0
6309 82.0
6310 82.0
6311 82.0
6312 82.0
6313 82.0
6314 82.0
6315 82.0
6316 82.0
6317 82.0
6318 82.0
6319 82.0
6320 82.0
6321 82.0
6322 82.0
6323 82.0
6324 82.0
6325 82.0
6326 82.0
6327 82.0
6328 82.0
6329 82.0
6330 82.0
6331 82.0
6332 82.0
6333 82.0
6334 82.0
6335 82.0
6336 82.0
6337 82.0
6338 82.0
6339 82.0
6340 82.0
6341 82.0
6342 82.0
6343 82.0
6344 82.0
6345 82.0
6346 82.0
6347 82.0
6348 82.0
6349 82.0
6350 82.0
6351 82.0
6352 82.0
6353 82.0
6354 82.0
6355 82.0
6356 82.0
6357 82.0
6358 82.0
6359 82.0
6360 82.0
6361 82.0
6362 82.0
6363 82.0
6364 82.0
6365 82.0
6366 82.0
6367 82.0
6368 82.0
6369 82.0
6370 82.0
6371 82.0
6372 82.0
6373 82.0
6374 82.0
6375 82.0
6376 82.0
6377 82.0
6378 82.0
6379 82.0
6380 82.0
6381 82.0
6382 82.0
6383 82.0
6384 82.0
6385 82.0
6386 82.0
6387 82.0
6388 82.0
6389 82.0
6390 82.0
6391 82.0
6392 82.0
6393 82.0
6394 82.0
6395 82.0
6396 82.0
6397 82.0
6398 82.0
6399 82.0
6400 82.0
6401 82.0
6402 82.0
6403 82.0
6404 82.0
6405 82.0
6406 82.0
6407 82.0
6408 82.0
6409 82.0
6410 82.0
6411 82.0
6412 82.0
6413 82.0
6414 82.0
6415 82.0
6416 82.0
6417 82.0
6418 82.0
6419 82.0
6420 82.0
6421 82.0
6422 82.0
6423 82.0
6424 82.0
6425 82.0
6426 82.0
6427 82.0
6428 82.0
6429 82.0
6430 82.0
6431 82.0
6432 82.0
6433 82.0
6434 82.0
6435 82.0
6436 82.0
6437 82.0
6438 82.0
6439 82.0
6440 82.0
6441 82.0
6442 82.0
6443 82.0
6444 82.0
6445 82.0
6446 82.0
6447 82.0
6448 82.0
6449 82.0
6450 82.0
6451 82.0
6452 82.0
6453 82.0
6454 82.0
6455 82.0
6456 82.0
6457 82.0
6458 82.0
6459 82.0
6460 82.0
6461 82.0
6462 82.0
6463 82.0
6464 82.0
6465 82.0
6466 82.0
6467 82.0
6468 82.0
6469 82.0
6470 82.0
6471 82.0
6472 82.0
6473 82.0
6474 82.0
6475 82.0
6476 82.0
6477 82.0
6478 82.0
6479 82.0
6480 82.0
6481 82.0
6482 82.0
6483 82.0
6484 82.0
6485 82.0
6486 82.0
6487 82.0
6488 82.0
6489 82.0
6490 82.0
6491 82.0
6492 82.0
6493 82.0
6494 82.0
6495 82.0
6496 82.0
6497 82.0
6498 82.0
6499 82.0
6500 82.0
6501 82.0
6502 82.0
6503 82.0
6504 82.0
6505 82.0
6506 82.0
6507 82.0
6508 82.0
6509 82.0
6510 82.0
6511 82.0
6512 82.0
6513 82.0
6514 82.0
6515 82.0
6516 82.0
6517 82.0
6518 82.0
6519 82.0
6520 82.0
6521 82.0
6522 82.0
6523 82.0
6524 82.0
6525 82.0
6526 82.0
6527 82.0
6528 82.0
6529 82.0
6530 82.0
6531 82.0
6532 82.0
6533 82.0
6534 82.0
6535 82.0
6536 82.0
6537 82.0
6538 82.0
6539 82.0
6540 82.0
6541 82.0
6542 82.0
6543 82.0
6544 82.0
6545 82.0
6546 82.0
6547 82.0
6548 82.0
6549 82.0
6550 82.0
6551 82.0
6552 82.0
6553 82.0
6554 82.0
6555 82.0
6556 82.0
6557 82.0
6558 82.0
6559 82.0
6560 82.0
6561 82.0
6562 82.0
6563 82.0
6564 82.0
6565 82.0
6566 82.0
6567 82.0
6568 82.0
6569 82.0
6570 82.0
6571 82.0
6572 82.0
6573 82.0
6574 82.0
6575 82.0
6576 82.0
6577 82.0
6578 82.0
6579 82.0
6580 82.0
6581 82.0
6582 82.0
6583 82.0
6584 82.0
6585 82.0
6586 82.0
6587 82.0
6588 82.0
6589 82.0
6590 82.0
6591 82.0
6592 82.0
6593 82.0
6594 82.0
6595 82.0
6596 82.0
6597 82.0
6598 82.0
6599 82.0
6600 82.0
6601 82.0
6602 82.0
6603 82.0
6604 82.0
6605 82.0
6606 82.0
6607 82.0
6608 82.0
6609 82.0
6610 82.0
6611 82.0
6612 82.0
6613 82.0
6614 82.0
6615 82.0
6616 82.0
6617 82.0
6618 82.0
6619 82.0
6620 82.0
6621 82.0
6622 82.0
6623 82.0
6624 82.0
6625 82.0
6626 82.0
6627 82.0
6628 82.0
6629 82.0
6630 82.0
6631 82.0
6632 82.0
6633 82.0
6634 82.0
6635 82.0
6636 82.0
6637 82.0
6638 82.0
6639 82.0
6640 82.0
6641 82.0
6642 82.0
6643 82.0
6644 82.0
6645 82.0
6646 82.0
6647 82.0
6648 82.0
6649 82.0
6650 82.0
6651 82.0
6652 82.0
6653 82.0
6654 82.0
6655 82.0
6656 82.0
6657 82.0
6658 82.0
6659 82.0
6660 82.0
6661 82.0
6662 82.0
6663 82.0
6664 82.0
6665 82.0
6666 82.0
6667 82.0
6668 82.0
6669 82.0
6670 82.0
6671 82.0
6672 82.0
6673 82.0
6674 82.0
6675 82.0
6676 82.0
6677 82.0
6678 82.0
6679 82.0
6680 82.0
6681 82.0
6682 82.0
6683 82.0
6684 82.0
6685 82.0
6686 82.0
6687 82.0
6688 82.0
6689 82.0
6690 82.0
6691 82.0
6692 82.0
6693 82.0
6694 82.0
6695 82.0
6696 82.0
6697 82.0
6698 82.0
6699 82.0
6700 82.0
6701 82.0
6702 82.0
6703 82.0
6704 82.0
6705 82.0
6706 82.0
6707 82.0
6708 82.0
6709 82.0
6710 82.0
6711 82.0
6712 82.0
6713 82.0
6714 82.0
6715 82.0
6716 82.0
6717 82.0
6718 82.0
6719 82.0
6720 82.0
6721 82.0
6722 82.0
6723 82.0
6724 82.0
6725 82.0
6726 82.0
6727 82.0
6728 82.0
6729 82.0
6730 82.0
6731 82.0
6732 82.0
6733 82.0
6734 82.0
6735 82.0
6736 82.0
6737 82.0
6738 82.0
6739 82.0
6740 82.0
6741 82.0
6742 82.0
6743 82.0
6744 82.0
6745 82.0
6746 82.0
6747 82.0
6748 82.0
6749 82.0
6750 82.0
6751 82.0
6752 82.0
6753 82.0
6754 82.0
6755 82.0
6756 82.0
6757 82.0
6758 82.0
6759 82.0
6760 82.0
6761 82.0
6762 82.0
6763 82.0
6764 82.0
6765 82.0
6766 82.0
6767 82.0
6768 82.0
6769 82.0
6770 82.0
6771 82.0
6772 82.0
6773 82.0
6774 82.0
6775 82.0
6776 82.0
6777 82.0
6778 82.0
6779 82.0
6780 82.0
6781 82.0
6782 82.0
6783 82.0
6784 82.0
6785 82.0
6786 82.0
6787 82.0
6788 82.0
6789 82.0
6790 82.0
6791 82.0
6792 82.0
6793 82.0
6794 82.0
6795 82.0
6796 82.0
6797 82.0
6798 82.0
6799 82.0
6800 82.0
6801 82.0
6802 82.0
6803 82.0
6804 82.0
6805 82.0
6806 82.0
6807 82.0
6808 82.0
6809 82.0
6810 82.0
6811 82.0
6812 82.0
6813 82.0
6814 82.0
6815 82.0
6816 82.0
6817 82.0
6818 82.0
6819 82.0
6820 82.0
6821 82.0
6822 82.0
6823 82.0
6824 82.0
6825 82.0
6826 82.0
6827 82.0
6828 82.0
6829 82.0
6830 82.0
6831 82.0
6832 82.0
6833 82.0
6834 82.0
6835 82.0
6836 82.0
6837 82.0
6838 82.0
6839 82.0
6840 82.0
6841 82.0
6842 82.0
6843 82.0
6844 82.0
6845 82.0
6846 82.0
6847 82.0
6848 82.0
6849 82.0
6850 82.0
6851 82.0
6852 82.0
6853 82.0
6854 82.0
6855 82.0
6856 82.0
6857 82.0
6858 82.0
6859 82.0
6860 82.0
6861 82.0
6862 82.0
6863 82.0
6864 82.0
6865 82.0
6866 82.0
6867 82.0
6868 82.0
6869 82.0
6870 82.0
6871 82.0
6872 82.0
6873 82.0
6874 82.0
6875 82.0
6876 82.0
6877 82.0
6878 82.0
6879 82.0
6880 82.0
6881 82.0
6882 82.0
6883 82.0
6884 82.0
6885 82.0
6886 82.0
6887 82.0
6888 82.0
6889 82.0
6890 82.0
6891 82.0
6892 82.0
6893 82.0
6894 82.0
6895 82.0
6896 82.0
6897 82.0
6898 82.0
6899 82.0
6900 82.0
6901 82.0
6902 82.0
6903 82.0
6904 82.0
6905 82.0
6906 82.0
6907 82.0
6908 82.0
6909 82.0
6910 82.0
6911 82.0
6912 82.0
6913 82.0
6914 82.0
6915 82.0
6916 82.0
6917 82.0
6918 82.0
6919 82.0
6920 82.0
6921 82.0
6922 82.0
6923 82.0
6924 82.0
6925 82.0
6926 82.0
6927 82.0
6928 82.0
6929 82.0
6930 82.0
6931 82.0
6932 82.0
6933 82.0
6934 82.0
6935 82.0
6936 82.0
6937 82.0
6938 82.0
6939 82.0
6940 82.0
6941 82.0
6942 82.0
6943 82.0
6944 82.0
6945 82.0
6946 82.0
6947 82.0
6948 82.0
6949 82.0
6950 82.0
6951 82.0
6952 82.0
6953 82.0
6954 82.0
6955 82.0
6956 82.0
6957 82.0
6958 82.0
6959 82.0
6960 82.0
6961 82.0
6962 82.0
6963 82.0
6964 82.0
6965 82.0
6966 82.0
6967 82.0
6968 82.0
6969 82.0
6970 82.0
6971 82.0
6972 82.0
6973 82.0
6974 82.0
6975 82.0
6976 82.0
6977 82.0
6978 82.0
6979 82.0
6980 82.0
6981 82.0
6982 82.0
6983 82.0
6984 82.0
6985 82.0
6986 82.0
6987 82.0
6988 82.0
6989 82.0
6990 82.0
6991 82.0
6992 82.0
6993 82.0
6994 82.0
6995 82.0
6996 82.0
6997 82.0
6998 82.0
6999 82.0
7000 82.0
7001 82.0
7002 82.0
7003 82.0
7004 82.0
7005 82.0
7006 82.0
7007 82.0
7008 82.0
7009 82.0
7010 82.0
7011 82.0
7012 82.0
7013 82.0
7014 82.0
7015 82.0
7016 82.0
7017 82.0
7018 82.0
7019 82.0
7020 82.0
7021 82.0
7022 82.0
7023 82.0
7024 82.0
7025 82.0
7026 82.0
7027 82.0
7028 82.0
7029 82.0
7030 82.0
7031 82.0
7032 82.0
7033 82.0
7034 82.0
7035 82.0
7036 82.0
7037 82.0
7038 82.0
7039 82.0
7040 82.0
7041 82.0
7042 82.0
7043 82.0
7044 82.0
7045 82.0
7046 82.0
7047 82.0
7048 82.0
7049 82.0
7050 82.0
7051 82.0
7052 82.0
7053 82.0
7054 82.0
7055 82.0
7056 82.0
7057 82.0
7058 82.0
7059 82.0
7060 82.0
7061 82.0
7062 82.0
7063 82.0
7064 82.0
7065 82.0
7066 82.0
7067 82.0
7068 82.0
7069 82.0
7070 82.0
7071 82.0
7072 82.0
7073 82.0
7074 82.0
7075 82.0
7076 82.0
7077 82.0
7078 82.0
7079 82.0
7080 82.0
7081 82.0
7082 82.0
7083 82.0
7084 82.0
7085 82.0
7086 82.0
7087 82.0
7088 82.0
7089 82.0
7090 82.0
7091 82.0
7092 82.0
7093 82.0
7094 82.0
7095 82.0
7096 82.0
7097 82.0
7098 82.0
7099 82.0
7100 82.0
7101 82.0
7102 82.0
7103 82.0
7104 82.0
7105 82.0
7106 82.0
7107 82.0
7108 82.0
7109 82.0
7110 82.0
7111 82.0
7112 82.0
7113 82.0
7114 82.0
7115 82.0
7116 82.0
7117 82.0
7118 82.0
7119 82.0
7120 82.0
7121 82.0
7122 82.0
7123 82.0
7124 82.0
7125 82.0
7126 82.0
7127 82.0
7128 82.0
7129 82.0
7130 82.0
7131 82.0
7132 82.0
7133 82.0
7134 82.0
7135 82.0
7136 82.0
7137 82.0
7138 82.0
7139 82.0
7140 82.0
7141 82.0
7142 82.0
7143 82.0
7144 82.0
7145 82.0
7146 82.0
7147 82.0
7148 82.0
7149 82.0
7150 82.0
7151 82.0
7152 82.0
7153 82.0
7154 82.0
7155 82.0
7156 82.0
7157 82.0
7158 82.0
7159 82.0
7160 82.0
7161 82.0
7162 82.0
7163 82.0
7164 82.0
7165 82.0
7166 82.0
7167 82.0
7168 82.0
7169 82.0
7170 82.0
7171 82.0
7172 82.0
7173 82.0
7174 82.0
7175 82.0
7176 82.0
7177 82.0
7178 82.0
7179 82.0
7180 82.0
7181 82.0
7182 82.0
7183 82.0
7184 82.0
7185 82.0
7186 82.0
7187 82.0
7188 82.0
7189 82.0
7190 82.0
7191 82.0
7192 82.0
7193 82.0
7194 82.0
7195 82.0
7196 82.0
7197 82.0
7198 82.0
7199 82.0
7200 82.0
7201 82.0
7202 82.0
7203 82.0
7204 82.0
7205 82.0
7206 82.0
7207 82.0
7208 82.0
7209 82.0
7210 82.0
7211 82.0
7212 82.0
7213 82.0
7214 82.0
7215 82.0
7216 82.0
7217 82.0
7218 82.0
7219 82.0
7220 82.0
7221 82.0
7222 82.0
7223 82.0
7224 82.0
7225 82.0
7226 82.0
7227 82.0
7228 82.0
7229 82.0
7230 82.0
7231 82.0
7232 82.0
7233 82.0
7234 82.0
7235 82.0
7236 82.0
7237 82.0
7238 82.0
7239 82.0
7240 82.0
7241 82.0
7242 82.0
7243 82.0
7244 82.0
7245 82.0
7246 82.0
7247 82.0
7248 82.0
7249 82.0
7250 82.0
7251 82.0
7252 82.0
7253 82.0
7254 82.0
7255 82.0
7256 82.0
7257 82.0
7258 82.0
7259 82.0
7260 82.0
7261 82.0
7262 82.0
7263 82.0
7264 82.0
7265 82.0
7266 82.0
7267 82.0
7268 82.0
7269 82.0
7270 82.0
7271 82.0
7272 82.0
7273 82.0
7274 82.0
7275 82.0
7276 82.0
7277 82.0
7278 82.0
7279 82.0
7280 82.0
7281 82.0
7282 82.0
7283 82.0
7284 82.0
7285 82.0
7286 82.0
7287 82.0
7288 82.0
7289 82.0
7290 82.0
7291 82.0
7292 82.0
7293 82.0
7294 82.0
7295 82.0
7296 82.0
7297 82.0
7298 82.0
7299 82.0
7300 82.0
7301 82.0
7302 82.0
7303 82.0
7304 82.0
7305 82.0
7306 82.0
7307 82.0
7308 82.0
7309 82.0
7310 82.0
7311 82.0
7312 82.0
7313 82.0
7314 82.0
7315 82.0
7316 82.0
7317 82.0
7318 82.0
7319 82.0
7320 82.0
7321 82.0
7322 82.0
7323 82.0
7324 82.0
7325 82.0
7326 82.0
7327 82.0
7328 82.0
7329 82.0
7330 82.0
7331 82.0
7332 82.0
7333 82.0
7334 82.0
7335 82.0
7336 82.0
7337 82.0
7338 82.0
7339 82.0
7340 82.0
7341 82.0
7342 82.0
7343 82.0
7344 82.0
7345 82.0
7346 82.0
7347 82.0
7348 82.0
7349 82.0
7350 82.0
7351 82.0
7352 82.0
7353 82.0
7354 82.0
7355 82.0
7356 82.0
7357 82.0
7358 82.0
7359 82.0
7360 82.0
7361 82.0
7362 82.0
7363 82.0
7364 82.0
7365 82.0
7366 82.0
7367 82.0
7368 82.0
7369 82.0
7370 82.0
7371 82.0
7372 82.0
7373 82.0
7374 82.0
7375 82.0
7376 82.0
7377 82.0
7378 82.0
7379 82.0
7380 82.0
7381 82.0
7382 82.0
7383 82.0
7384 82.0
7385 82.0
7386 82.0
7387 82.0
7388 82.0
7389 82.0
7390 82.0
7391 82.0
7392 82.0
7393 82.0
7394 82.0
7395 82.0
7396 82.0
7397 82.0
7398 82.0
7399 82.0
7400 82.0
7401 82.0
7402 82.0
7403 82.0
7404 82.0
7405 82.0
7406 82.0
7407 82.0
7408 82.0
7409 82.0
7410 82.0
7411 82.0
7412 82.0
7413 82.0
7414 82.0
7415 82.0
7416 82.0
7417 82.0
7418 82.0
7419 82.0
7420 82.0
7421 82.0
7422 82.0
7423 82.0
7424 82.0
7425 82.0
7426 82.0
7427 82.0
7428 82.0
7429 82.0
7430 82.0
7431 82.0
7432 82.0
7433 82.0
7434 82.0
7435 82.0
7436 82.0
7437 82.0
7438 82.0
7439 82.0
7440 82.0
7441 82.0
7442 82.0
7443 82.0
7444 82.0
7445 82.0
7446 82.0
7447 82.0
7448 82.0
7449 82.0
7450 82.0
7451 82.0
7452 82.0
7453 82.0
7454 82.0
7455 82.0
7456 82.0
7457 82.0
7458 82.0
7459 82.0
7460 82.0
7461 82.0
7462 82.0
7463 82.0
7464 82.0
7465 82.0
7466 82.0
7467 82.0
7468 82.0
7469 82.0
7470 82.0
7471 82.0
7472 82.0
7473 82.0
7474 82.0
7475 82.0
7476 82.0
7477 82.0
7478 82.0
7479 82.0
7480 82.0
7481 82.0
7482 82.0
7483 82.0
7484 82.0
7485 82.0
7486 82.0
7487 82.0
7488 82.0
7489 82.0
7490 82.0
7491 82.0
7492 82.0
7493 82.0
7494 82.0
7495 82.0
7496 82.0
7497 82.0
7498 82.0
7499 82.0
7500 82.0
7501 82.0
7502 82.0
7503 82.0
7504 82.0
7505 82.0
7506 82.0
7507 82.0
7508 82.0
7509 82.0
7510 82.0
7511 82.0
7512 82.0
7513 82.0
7514 82.0
7515 82.0
7516 82.0
7517 82.0
7518 82.0
7519 82.0
7520 82.0
7521 82.0
7522 82.0
7523 82.0
7524 82.0
7525 82.0
7526 82.0
7527 82.0
7528 82.0
7529 82.0
7530 82.0
7531 82.0
7532 82.0
7533 82.0
7534 82.0
7535 82.0
7536 82.0
7537 82.0
7538 82.0
7539 82.0
7540 82.0
7541 82.0
7542 82.0
7543 82.0
7544 82.0
7545 82.0
7546 82.0
7547 82.0
7548 82.0
7549 82.0
7550 82.0
7551 82.0
7552 82.0
7553 82.0
7554 82.0
7555 82.0
7556 82.0
7557 82.0
7558 82.0
7559 82.0
7560 82.0
7561 82.0
7562 82.0
7563 82.0
7564 82.0
7565 82.0
7566 82.0
7567 82.0
7568 82.0
7569 82.0
7570 82.0
7571 82.0
7572 82.0
7573 82.0
7574 82.0
7575 82.0
7576 82.0
7577 82.0
7578 82.0
7579 82.0
7580 82.0
7581 82.0
7582 82.0
7583 82.0
7584 82.0
7585 82.0
7586 82.0
7587 82.0
7588 82.0
7589 82.0
7590 82.0
7591 82.0
7592 82.0
7593 82.0
7594 82.0
7595 82.0
7596 82.0
7597 82.0
7598 82.0
7599 82.0
7600 82.0
7601 82.0
7602 82.0
7603 82.0
7604 82.0
7605 82.0
7606 82.0
7607 82.0
7608 82.0
7609 82.0
7610 82.0
7611 82.0
7612 82.0
7613 82.0
7614 82.0
7615 82.0
7616 82.0
7617 82.0
7618 82.0
7619 82.0
7620 82.0
7621 82.0
7622 82.0
7623 82.0
7624 82.0
7625 82.0
7626 82.0
7627 82.0
7628 82.0
7629 82.0
7630 82.0
7631 82.0
7632 82.0
7633 82.0
7634 82.0
7635 82.0
7636 82.0
7637 82.0
7638 82.0
7639 82.0
7640 82.0
7641 82.0
7642 82.0
7643 82.0
7644 82.0
7645 82.0
7646 82.0
7647 82.0
7648 82.0
7649 82.0
7650 82.0
7651 82.0
7652 82.0
7653 82.0
7654 82.0
7655 82.0
7656 82.0
7657 82.0
7658 82.0
7659 82.0
7660 82.0
7661 82.0
7662 82.0
7663 82.0
7664 82.0
7665 82.0
7666 82.0
7667 82.0
7668 82.0
7669 82.0
7670 82.0
7671 82.0
7672 82.0
7673 82.0
7674 82.0
7675 82.0
7676 82.0
7677 82.0
7678 82.0
7679 82.0
7680 82.0
7681 82.0
7682 82.0
7683 82.0
7684 82.0
7685 82.0
7686 82.0
7687 82.0
7688 82.0
7689 82.0
7690 82.0
7691 82.0
7692 82.0
7693 82.0
7694 82.0
7695 82.0
7696 82.0
7697 82.0
7698 82.0
7699 82.0
7700 82.0
7701 82.0
7702 82.0
7703 82.0
7704 82.0
7705 82.0
7706 82.0
7707 82.0
7708 82.0
7709 82.0
7710 82.0
7711 82.0
7712 82.0
7713 82.0
7714 82.0
7715 82.0
7716 82.0
7717 82.0
7718 82.0
7719 82.0
7720 82.0
7721 82.0
7722 82.0
7723 82.0
7724 82.0
7725 82.0
7726 82.0
7727 82.0
7728 82.0
7729 82.0
7730 82.0
7731 82.0
7732 82.0
7733 82.0
7734 82.0
7735 82.0
7736 82.0
7737 82.0
7738 82.0
7739 82.0
7740 82.0
7741 82.0
7742 82.0
7743 82.0
7744 82.0
7745 82.0
7746 82.0
7747 82.0
7748 82.0
7749 82.0
7750 82.0
7751 82.0
7752 82.0
7753 82.0
7754 82.0
7755 82.0
7756 82.0
7757 82.0
7758 82.0
7759 82.0
7760 82.0
7761 82.0
7762 82.0
7763 82.0
7764 82.0
7765 82.0
7766 82.0
7767 82.0
7768 82.0
7769 82.0
7770 82.0
7771 82.0
7772 82.0
7773 82.0
7774 82.0
7775 82.0
7776 82.0
7777 82.0
7778 82.0
7779 82.0
7780 82.0
7781 82.0
7782 82.0
7783 82.0
7784 82.0
7785 82.0
7786 82.0
7787 82.0
7788 82.0
7789 82.0
7790 82.0
7791 82.0
7792 82.0
7793 82.0
7794 82.0
7795 82.0
7796 82.0
7797 82.0
7798 82.0
7799 82.0
7800 82.0
7801 82.0
7802 82.0
7803 82.0
7804 82.0
7805 82.0
7806 82.0
7807 82.0
7808 82.0
7809 82.0
7810 82.0
7811 82.0
7812 82.0
7813 82.0
7814 82.0
7815 82.0
7816 82.0
7817 82.0
7818 82.0
7819 82.0
7820 82.0
7821 82.0
7822 82.0
7823 82.0
7824 82.0
7825 82.0
7826 82.0
7827 82.0
7828 82.0
7829 82.0
7830 82.0
7831 82.0
7832 82.0
7833 82.0
7834 82.0
7835 82.0
7836 82.0
7837 82.0
7838 82.0
7839 82.0
7840 82.0
7841 82.0
7842 82.0
7843 82.0
7844 82.0
7845 82.0
7846 82.0
7847 82.0
7848 82.0
7849 82.0
7850 82.0
7851 82.0
7852 82.0
7853 82.0
7854 82.0
7855 82.0
7856 82.0
7857 82.0
7858 82.0
7859 82.0
7860 82.0
7861 82.0
7862 82.0
7863 82.0
7864 82.0
7865 82.0
7866 82.0
7867 82.0
7868 82.0
7869 82.0
7870 82.0
7871 82.0
7872 82.0
7873 82.0
7874 82.0
7875 82.0
7876 82.0
7877 82.0
7878 82.0
7879 82.0
7880 82.0
7881 82.0
7882 82.0
7883 82.0
7884 82.0
7885 82.0
7886 82.0
7887 82.0
7888 82.0
7889 82.0
7890 82.0
7891 82.0
7892 82.0
7893 82.0
7894 82.0
7895 82.0
7896 82.0
7897 82.0
7898 82.0
7899 82.0
7900 82.0
7901 82.0
7902 82.0
7903 82.0
7904 82.0
7905 82.0
7906 82.0
7907 82.0
7908 82.0
7909 82.0
7910 82.0
7911 82.0
7912 82.0
7913 82.0
7914 82.0
7915 82.0
7916 82.0
7917 82.0
7918 82.0
7919 82.0
7920 82.0
7921 82.0
7922 82.0
7923 82.0
7924 82.0
7925 82.0
7926 82.0
7927 82.0
7928 82.0
7929 82.0
7930 82.0
7931 82.0
7932 82.0
7933 82.0
7934 82.0
7935 82.0
7936 82.0
7937 82.0
7938 82.0
7939 82.0
7940 82.0
7941 82.0
7942 82.0
7943 82.0
7944 82.0
7945 82.0
7946 82.0
7947 82.0
7948 82.0
7949 82.0
7950 82.0
7951 82.0
7952 82.0
7953 82.0
7954 82.0
7955 82.0
7956 82.0
7957 82.0
7958 82.0
7959 82.0
7960 82.0
7961 82.0
7962 82.0
7963 82.0
7964 82.0
7965 82.0
7966 82.0
7967 82.0
7968 82.0
7969 82.0
7970 82.0
7971 82.0
7972 82.0
7973 82.0
7974 82.0
7975 82.0
7976 82.0
7977 82.0
7978 82.0
7979 82.0
7980 82.0
7981 82.0
7982 82.0
7983 82.0
7984 82.0
7985 82.0
7986 82.0
7987 82.0
7988 82.0
7989 82.0
7990 82.0
7991 82.0
7992 82.0
7993 82.0
7994 82.0
7995 82.0
7996 82.0
7997 82.0
7998 82.0
7999 82.0
8000 82.0
8001 82.0
8002 82.0
8003 82.0
8004 82.0
8005 82.0
8006 82.0
8007 82.0
8008 82.0
8009 82.0
8010 82.0
8011 82.0
8012 82.0
8013 82.0
8014 82.0
8015 82.0
8016 82.0
8017 82.0
8018 82.0
8019 82.0
8020 82.0
8021 82.0
8022 82.0
8023 82.0
8024 82.0
8025 82.0
8026 82.0
8027 82.0
8028 82.0
8029 82.0
8030 82.0
8031 82.0
8032 82.0
8033 82.0
8034 82.0
8035 82.0
8036 82.0
8037 82.0
8038 82.0
8039 82.0
8040 82.0
8041 82.0
8042 82.0
8043 82.0
8044 82.0
8045 82.0
8046 82.0
8047 82.0
8048 82.0
8049 82.0
8050 82.0
8051 82.0
8052 82.0
8053 82.0
8054 82.0
8055 82.0
8056 82.0
8057 82.0
8058 82.0
8059 82.0
8060 82.0
8061 82.0
8062 82.0
8063 82.0
8064 82.0
8065 82.0
8066 82.0
8067 82.0
8068 82.0
8069 82.0
8070 82.0
8071 82.0
8072 82.0
8073 82.0
8074 82.0
8075 82.0
8076 82.0
8077 82.0
8078 82.0
8079 82.0
8080 82.0
8081 82.0
8082 82.0
8083 82.0
8084 82.0
8085 82.0
8086 82.0
8087 82.0
8088 82.0
8089 82.0
8090 82.0
8091 82.0
8092 82.0
8093 82.0
8094 82.0
8095 82.0
8096 82.0
8097 82.0
8098 82.0
8099 82.0
8100 82.0
8101 82.0
8102 82.0
8103 82.0
8104 82.0
8105 82.0
8106 82.0
8107 82.0
8108 82.0
8109 82.0
8110 82.0
8111 82.0
8112 82.0
8113 82.0
8114 82.0
8115 82.0
8116 82.0
8117 82.0
8118 82.0
8119 82.0
8120 82.0
8121 82.0
8122 82.0
8123 82.0
8124 82.0
8125 82.0
8126 82.0
8127 82.0
8128 82.0
8129 82.0
8130 82.0
8131 82.0
8132 82.0
8133 82.0
8134 82.0
8135 82.0
8136 82.0
8137 82.0
8138 82.0
8139 82.0
8140 82.0
8141 82.0
8142 82.0
8143 82.0
8144 82.0
8145 82.0
8146 82.0
8147 82.0
8148 82.0
8149 82.0
8150 82.0
8151 82.0
8152 82.0
8153 82.0
8154 82.0
8155 82.0
8156 82.0
8157 82.0
8158 82.0
8159 82.0
8160 82.0
8161 82.0
8162 82.0
8163 82.0
8164 82.0
8165 82.0
8166 82.0
8167 82.0
8168 82.0
8169 82.0
8170 82.0
8171 82.0
8172 82.0
8173 82.0
8174 82.0
8175 82.0
8176 82.0
8177 82.0
8178 82.0
8179 82.0
8180 82.0
8181 82.0
8182 82.0
8183 82.0
8184 82.0
8185 82.0
8186 82.0
8187 82.0
8188 82.0
8189 82.0
8190 82.0
8191 82.0
8192 82.0
8193 82.0
8194 82.0
8195 82.0
8196 82.0
8197 82.0
8198 82.0
8199 82.0
8200 82.0
8201 82.0
8202 82.0
8203 82.0
8204 82.0
8205 82.0
8206 82.0
8207 82.0
8208 82.0
8209 82.0
8210 82.0
8211 82.0
8212 82.0
8213 82.0
8214 82.0
8215 82.0
8216 82.0
8217 82.0
8218 82.0
8219 82.0
8220 82.0
8221 82.0
8222 82.0
8223 82.0
8224 82.0
8225 82.0
8226 82.0
8227 82.0
8228 82.0
8229 82.0
8230 82.0
8231 82.0
8232 82.0
8233 82.0
8234 82.0
8235 82.0
8236 82.0
8237 82.0
8238 82.0
8239 82.0
8240 82.0
8241 82.0
8242 82.0
8243 82.0
8244 82.0
8245 82.0
8246 82.0
8247 82.0
8248 82.0
8249 82.0
8250 82.0
8251 82.0
8252 82.0
8253 82.0
8254 82.0
8255 82.0
8256 82.0
8257 82.0
8258 82.0
8259 82.0
8260 82.0
8261 82.0
8262 82.0
8263 82.0
8264 82.0
8265 82.0
8266 82.0
8267 82.0
8268 82.0
8269 82.0
8270 82.0
8271 82.0
8272 82.0
8273 82.0
8274 82.0
8275 82.0
8276 82.0
8277 82.0
8278 82.0
8279 82.0
8280 82.0
8281 82.0
8282 82.0
8283 82.0
8284 82.0
8285 82.0
8286 82.0
8287 82.0
8288 82.0
8289 82.0
8290 82.0
8291 82.0
8292 82.0
8293 82.0
8294 82.0
8295 82.0
8296 82.0
8297 82.0
8298 82.0
8299 82.0
8300 82.0
8301 82.0
8302 82.0
8303 82.0
8304 82.0
8305 82.0
8306 82.0
8307 82.0
8308 82.0
8309 82.0
8310 82.0
8311 82.0
8312 82.0
8313 82.0
8314 82.0
8315 82.0
8316 82.0
8317 82.0
8318 82.0
8319 82.0
8320 82.0
8321 82.0
8322 82.0
8323 82.0
8324 82.0
8325 82.0
8326 82.0
8327 82.0
8328 82.0
8329 82.0
8330 82.0
8331 82.0
8332 82.0
8333 82.0
8334 82.0
8335 82.0
8336 82.0
8337 82.0
8338 82.0
8339 82.0
8340 82.0
8341 82.0
8342 82.0
8343 82.0
8344 82.0
8345 82.0
8346 82.0
8347 82.0
8348 82.0
8349 82.0
8350 82.0
8351 82.0
8352 82.0
8353 82.0
8354 82.0
8355 82.0
8356 82.0
8357 82.0
8358 82.0
8359 82.0
8360 82.0
8361 82.0
8362 82.0
8363 82.0
8364 82.0
8365 82.0
8366 82.0
8367 82.0
8368 82.0
8369 82.0
8370 82.0
8371 82.0
8372 82.0
8373 82.0
8374 82.0
8375 82.0
8376 82.0
8377 82.0
8378 82.0
8379 82.0
8380 82.0
8381 82.0
8382 82.0
8383 82.0
8384 82.0
8385 82.0
8386 82.0
8387 82.0
8388 82.0
8389 82.0
8390 82.0
8391 82.0
8392 82.0
8393 82.0
8394 82.0
8395 82.0
8396 82.0
8397 82.0
8398 82.0
8399 82.0
8400 82.0
8401 82.0
8402 82.0
8403 82.0
8404 82.0
8405 82.0
8406 82.0
8407 82.0
8408 82.0
8409 82.0
8410 82.0
8411 82.0
8412 82.0
8413 82.0
8414 82.0
8415 82.0
8416 82.0
8417 82.0
8418 82.0
8419 82.0
8420 82.0
8421 82.0
8422 82.0
8423 82.0
8424 82.0
8425 82.0
8426 82.0
8427 82.0
8428 82.0
8429 82.0
8430 82.0
8431 82.0
8432 82.0
8433 82.0
8434 82.0
8435 82.0
8436 82.0
8437 82.0
8438 82.0
8439 82.0
8440 82.0
8441 82.0
8442 82.0
8443 82.0
8444 82.0
8445 82.0
8446 82.0
8447 82.0
8448 82.0
8449 82.0
8450 82.0
8451 82.0
8452 82.0
8453 82.0
8454 82.0
8455 82.0
8456 82.0
8457 82.0
8458 82.0
8459 82.0
8460 82.0
8461 82.0
8462 82.0
8463 82.0
8464 82.0
8465 82.0
8466 82.0
8467 82.0
8468 82.0
8469 82.0
8470 82.0
8471 82.0
8472 82.0
8473 82.0
8474 82.0
8475 82.0
8476 82.0
8477 82.0
8478 82.0
8479 82.0
8480 82.0
8481 82.0
8482 82.0
8483 82.0
8484 82.0
8485 82.0
8486 82.0
8487 82.0
8488 82.0
8489 82.0
8490 82.0
8491 82.0
8492 82.0
8493 82.0
8494 82.0
8495 82.0
8496 82.0
8497 82.0
8498 82.0
8499 82.0
8500 82.0
8501 82.0
8502 82.0
8503 82.0
8504 82.0
8505 82.0
8506 82.0
8507 82.0
8508 82.0
8509 82.0
8510 82.0
8511 82.0
8512 82.0
8513 82.0
8514 82.0
8515 82.0
8516 82.0
8517 82.0
8518 82.0
8519 82.0
8520 82.0
8521 82.0
8522 82.0
8523 82.0
8524 82.0
8525 82.0
8526 82.0
8527 82.0
8528 82.0
8529 82.0
8530 82.0
8531 82.0
8532 82.0
8533 82.0
8534 82.0
8535 82.0
8536 82.0
8537 82.0
8538 82.0
8539 82.0
8540 82.0
8541 82.0
8542 82.0
8543 82.0
8544 82.0
8545 82.0
8546 82.0
8547 82.0
8548 82.0
8549 82.0
8550 82.0
8551 82.0
8552 82.0
8553 82.0
8554 82.0
8555 82.0
8556 82.0
8557 82.0
8558 82.0
8559 82.0
8560 82.0
8561 82.0
8562 82.0
8563 82.0
8564 82.0
8565 82.0
8566 82.0
8567 82.0
8568 82.0
8569 82.0
8570 82.0
8571 82.0
8572 82.0
8573 82.0
8574 82.0
8575 82.0
8576 82.0
8577 82.0
8578 82.0
8579 82.0
8580 82.0
8581 82.0
8582 82.0
8583 82.0
8584 82.0
8585 82.0
8586 82.0
8587 82.0
8588 82.0
8589 82.0
8590 82.0
8591 82.0
8592 82.0
8593 82.0
8594 82.0
8595 82.0
8596 82.0
8597 82.0
8598 82.0
8599 82.0
8600 82.0
8601 82.0
8602 82.0
8603 82.0
8604 82.0
8605 82.0
8606 82.0
8607 82.0
8608 82.0
8609 82.0
8610 82.0
8611 82.0
8612 82.0
8613 82.0
8614 82.0
8615 82.0
8616 82.0
8617 82.0
8618 82.0
8619 82.0
8620 82.0
8621 82.0
8622 82.0
8623 82.0
8624 82.0
8625 82.0
8626 82.0
8627 82.0
8628 82.0
8629 82.0
8630 82.0
8631 82.0
8632 82.0
8633 82.0
8634 82.0
8635 82.0
8636 82.0
8637 82.0
8638 82.0
8639 82.0
8640 82.0
8641 82.0
8642 82.0
8643 82.0
8644 82.0
8645 82.0
8646 82.0
8647 82.0
8648 82.0
8649 82.0
8650 82.0
8651 82.0
8652 82.0
8653 82.0
8654 82.0
8655 82.0
8656 82.0
8657 82.0
8658 82.0
8659 82.0
8660 82.0
8661 82.0
8662 82.0
8663 82.0
8664 82.0
8665 82.0
8666 82.0
8667 82.0
8668 82.0
8669 82.0
8670 82.0
8671 82.0
8672 82.0
8673 82.0
8674 82.0
8675 82.0
8676 82.0
8677 82.0
8678 82.0
8679 82.0
8680 82.0
8681 82.0
8682 82.0
8683 82.0
8684 82.0
8685 82.0
8686 82.0
8687 82.0
8688 82.0
8689 82.0
8690 82.0
8691 82.0
8692 82.0
8693 82.0
8694 82.0
8695 82.0
8696 82.0
8697 82.0
8698 82.0
8699 82.0
8700 82.0
8701 82.0
8702 82.0
8703 82.0
8704 82.0
8705 82.0
8706 82.0
8707 82.0
8708 82.0
8709 82.0
8710 82.0
8711 82.0
8712 82.0
8713 82.0
8714 82.0
8715 82.0
8716 82.0
8717 82.0
8718 82.0
8719 82.0
8720 82.0
8721 82.0
8722 82.0
8723 82.0
8724 82.0
8725 82.0
8726 82.0
8727 82.0
8728 82.0
8729 82.0
8730 82.0
8731 82.0
8732 82.0
8733 82.0
8734 82.0
8735 82.0
8736 82.0
8737 82.0
8738 82.0
8739 82.0
8740 82.0
8741 82.0
8742 82.0
8743 82.0
8744 82.0
8745 82.0
8746 82.0
8747 82.0
8748 82.0
8749 82.0
8750 82.0
8751 82.0
8752 82.0
8753 82.0
8754 82.0
8755 82.0
8756 82.0
8757 82.0
8758 82.0
8759 82.0
8760 82.0
8761 82.0
8762 82.0
8763 82.0
8764 82.0
8765 82.0
8766 82.0
8767 82.0
8768 82.0
8769 82.0
8770 82.0
8771 82.0
8772 82.0
8773 82.0
8774 82.0
8775 82.0
8776 82.0
8777 82.0
8778 82.0
8779 82.0
8780 82.0
8781 82.0
8782 82.0
8783 82.0
8784 82.0
8785 82.0
8786 82.0
8787 82.0
8788 82.0
8789 82.0
8790 82.0
8791 82.0
8792 82.0
8793 82.0
8794 82.0
8795 82.0
8796 82.0
8797 82.0
8798 82.0
8799 82.0
8800 82.0
8801 82.0
8802 82.0
8803 82.0
8804 82.0
8805 82.0
8806 82.0
8807 82.0
8808 82.0
8809 82.0
8810 82.0
8811 82.0
8812 82.0
8813 82.0
8814 82.0
8815 82.0
8816 82.0
8817 82.0
8818 82.0
8819 82.0
8820 82.0
8821 82.0
8822 82.0
8823 82.0
8824 82.0
8825 82.0
8826 82.0
8827 82.0
8828 82.0
8829 82.0
8830 82.0
8831 82.0
8832 82.0
8833 82.0
8834 82.0
8835 82.0
8836 82.0
8837 82.0
8838 82.0
8839 82.0
8840 82.0
8841 82.0
8842 82.0
8843 82.0
8844 82.0
8845 82.0
8846 82.0
8847 82.0
8848 82.0
8849 82.0
8850 82.0
8851 82.0
8852 82.0
8853 82.0
8854 82.0
8855 82.0
8856 82.0
8857 82.0
8858 82.0
8859 82.0
8860 82.0
8861 82.0
8862 82.0
8863 82.0
8864 82.0
8865 82.0
8866 82.0
8867 82.0
8868 82.0
8869 82.0
8870 82.0
8871 82.0
8872 82.0
8873 82.0
8874 82.0
8875 82.0
8876 82.0
8877 82.0
8878 82.0
8879 82.0
8880 82.0
8881 82.0
8882 82.0
8883 82.0
8884 82.0
8885 82.0
8886 82.0
8887 82.0
8888 82.0
8889 82.0
8890 82.0
8891 82.0
8892 82.0
8893 82.0
8894 82.0
8895 82.0
8896 82.0
8897 82.0
8898 82.0
8899 82.0
8900 82.0
8901 82.0
8902 82.0
8903 82.0
8904 82.0
8905 82.0
8906 82.0
8907 82.0
8908 82.0
8909 82.0
8910 82.0
8911 82.0
8912 82.0
8913 82.0
8914 82.0
8915 82.0
8916 82.0
8917 82.0
8918 82.0
8919 82.0
8920 82.0
8921 82.0
8922 82.0
8923 82.0
8924 82.0
8925 82.0
8926 82.0
8927 82.0
8928 82.0
8929 82.0
8930 82.0
8931 82.0
8932 82.0
8933 82.0
8934 82.0
8935 82.0
8936 82.0
8937 82.0
8938 82.0
8939 82.0
8940 82.0
8941 82.0
8942 82.0
8943 82.0
8944 82.0
8945 82.0
8946 82.0
8947 82.0
8948 82.0
8949 82.0
8950 82.0
8951 82.0
8952 82.0
8953 82.0
8954 82.0
8955 82.0
8956 82.0
8957 82.0
8958 82.0
8959 82.0
8960 82.0
8961 82.0
8962 82.0
8963 82.0
8964 82.0
8965 82.0
8966 82.0
8967 82.0
8968 82.0
8969 82.0
8970 82.0
8971 82.0
8972 82.0
8973 82.0
8974 82.0
8975 82.0
8976 82.0
8977 82.0
8978 82.0
8979 82.0
8980 82.0
8981 82.0
8982 82.0
8983 82.0
8984 82.0
8985 82.0
8986 82.0
8987 82.0
8988 82.0
8989 82.0
8990 82.0
8991 82.0
8992 82.0
8993 82.0
8994 82.0
8995 82.0
8996 82.0
8997 82.0
8998 82.0
8999 82.0
9000 82.0
9001 82.0
9002 82.0
9003 82.0
9004 82.0
9005 82.0
9006 82.0
9007 82.0
9008 82.0
9009 82.0
9010 82.0
9011 82.0
9012 82.0
9013 82.0
9014 82.0
9015 82.0
9016 82.0
9017 82.0
9018 82.0
9019 82.0
9020 82.0
9021 82.0
9022 82.0
9023 82.0
9024 82.0
9025 82.0
9026 82.0
9027 82.0
9028 82.0
9029 82.0
9030 82.0
9031 82.0
9032 82.0
9033 82.0
9034 82.0
9035 82.0
9036 82.0
9037 82.0
9038 82.0
9039 82.0
9040 82.0
9041 82.0
9042 82.0
9043 82.0
9044 82.0
9045 82.0
9046 82.0
9047 82.0
9048 82.0
9049 82.0
9050 82.0
9051 82.0
9052 82.0
9053 82.0
9054 82.0
9055 82.0
9056 82.0
9057 82.0
9058 82.0
9059 82.0
9060 82.0
9061 82.0
9062 82.0
9063 82.0
9064 82.0
9065 82.0
9066 82.0
9067 82.0
9068 82.0
9069 82.0
9070 82.0
9071 82.0
9072 82.0
9073 82.0
9074 82.0
9075 82.0
9076 82.0
9077 82.0
9078 82.0
9079 82.0
9080 82.0
9081 82.0
9082 82.0
9083 82.0
9084 82.0
9085 82.0
9086 82.0
9087 82.0
9088 82.0
9089 82.0
9090 82.0
9091 82.0
9092 82.0
9093 82.0
9094 82.0
9095 82.0
9096 82.0
9097 82.0
9098 82.0
9099 82.0
9100 82.0
9101 82.0
9102 82.0
9103 82.0
9104 82.0
9105 82.0
9106 82.0
9107 82.0
9108 82.0
9109 82.0
9110 82.0
9111 82.0
9112 82.0
9113 82.0
9114 82.0
9115 82.0
9116 82.0
9117 82.0
9118 82.0
9119 82.0
9120 82.0
9121 82.0
9122 82.0
9123 82.0
9124 82.0
9125 82.0
9126 82.0
9127 82.0
9128 82.0
9129 82.0
9130 82.0
9131 82.0
9132 82.0
9133 82.0
9134 82.0
9135 82.0
9136 82.0
9137 82.0
9138 82.0
9139 82.0
9140 82.0
9141 82.0
9142 82.0
9143 82.0
9144 82.0
9145 82.0
9146 82.0
9147 82.0
9148 82.0
9149 82.0
9150 82.0
9151 82.0
9152 82.0
9153 82.0
9154 82.0
9155 82.0
9156 82.0
9157 82.0
9158 82.0
9159 82.0
9160 82.0
9161 82.0
9162 82.0
9163 82.0
9164 82.0
9165 82.0
9166 82.0
9167 82.0
9168 82.0
9169 82.0
9170 82.0
9171 82.0
9172 82.0
9173 82.0
9174 82.0
9175 82.0
9176 82.0
9177 82.0
9178 82.0
9179 82.0
9180 82.0
9181 82.0
9182 82.0
9183 82.0
9184 82.0
9185 82.0
9186 82.0
9187 82.0
9188 82.0
9189 82.0
9190 82.0
9191 82.0
9192 82.0
9193 82.0
9194 82.0
9195 82.0
9196 82.0
9197 82.0
9198 82.0
9199 82.0
9200 82.0
9201 82.0
9202 82.0
9203 82.0
9204 82.0
9205 82.0
9206 82.0
9207 82.0
9208 82.0
9209 82.0
9210 82.0
9211 82.0
9212 82.0
9213 82.0
9214 82.0
9215 82.0
9216 82.0
9217 82.0
9218 82.0
9219 82.0
9220 82.0
9221 82.0
9222 82.0
9223 82.0
9224 82.0
9225 82.0
9226 82.0
9227 82.0
9228 82.0
9229 82.0
9230 82.0
9231 82.0
9232 82.0
9233 82.0
9234 82.0
9235 82.0
9236 82.0
9237 82.0
9238 82.0
9239 82.0
9240 82.0
9241 82.0
9242 82.0
9243 82.0
9244 82.0
9245 82.0
9246 82.0
9247 82.0
9248 82.0
9249 82.0
9250 82.0
9251 82.0
9252 82.0
9253 82.0
9254 82.0
9255 82.0
9256 82.0
9257 82.0
9258 82.0
9259 82.0
9260 82.0
9261 82.0
9262 82.0
9263 82.0
9264 82.0
9265 82.0
9266 82.0
9267 82.0
9268 82.0
9269 82.0
9270 82.0
9271 82.0
9272 82.0
9273 82.0
9274 82.0
9275 82.0
9276 82.0
9277 82.0
9278 82.0
9279 82.0
9280 82.0
9281 82.0
9282 82.0
9283 82.0
9284 82.0
9285 82.0
9286 82.0
9287 82.0
9288 82.0
9289 82.0
9290 82.0
9291 82.0
9292 82.0
9293 82.0
9294 82.0
9295 82.0
9296 82.0
9297 82.0
9298 82.0
9299 82.0
9300 82.0
9301 82.0
9302 82.0
9303 82.0
9304 82.0
9305 82.0
9306 82.0
9307 82.0
9308 82.0
9309 82.0
9310 82.0
9311 82.0
9312 82.0
9313 82.0
9314 82.0
9315 82.0
9316 82.0
9317 82.0
9318 82.0
9319 82.0
9320 82.0
9321 82.0
9322 82.0
9323 82.0
9324 82.0
9325 82.0
9326 82.0
9327 82.0
9328 82.0
9329 82.0
9330 82.0
9331 82.0
9332 82.0
9333 82.0
9334 82.0
9335 82.0
9336 82.0
9337 82.0
9338 82.0
9339 82.0
9340 82.0
9341 82.0
9342 82.0
9343 82.0
9344 82.0
9345 82.0
9346 82.0
9347 82.0
9348 82.0
9349 82.0
9350 82.0
9351 82.0
9352 82.0
9353 82.0
9354 82.0
9355 82.0
9356 82.0
9357 82.0
9358 82.0
9359 82.0
9360 82.0
9361 82.0
9362 82.0
9363 82.0
9364 82.0
9365 82.0
9366 82.0
9367 82.0
9368 82.0
9369 82.0
9370 82.0
9371 82.0
9372 82.0
9373 82.0
9374 82.0
9375 82.0
9376 82.0
9377 82.0
9378 82.0
9379 82.0
9380 82.0
9381 82.0
9382 82.0
9383 82.0
9384 82.0
9385 82.0
9386 82.0
9387 82.0
9388 82.0
9389 82.0
9390 82.0
9391 82.0
9392 82.0
9393 82.0
9394 82.0
9395 82.0
9396 82.0
9397 82.0
9398 82.0
9399 82.0
9400 82.0
9401 82.0
9402 82.0
9403 82.0
9404 82.0
9405 82.0
9406 82.0
9407 82.0
9408 82.0
9409 82.0
9410 82.0
9411 82.0
9412 82.0
9413 82.0
9414 82.0
9415 82.0
9416 82.0
9417 82.0
9418 82.0
9419 82.0
9420 82.0
9421 82.0
9422 82.0
9423 82.0
9424 82.0
9425 82.0
9426 82.0
9427 82.0
9428 82.0
9429 82.0
9430 82.0
9431 82.0
9432 82.0
9433 82.0
9434 82.0
9435 82.0
9436 82.0
9437 82.0
9438 82.0
9439 82.0
9440 82.0
9441 82.0
9442 82.0
9443 82.0
9444 82.0
9445 82.0
9446 82.0
9447 82.0
9448 82.0
9449 82.0
9450 82.0
9451 82.0
9452 82.0
9453 82.0
9454 82.0
9455 82.0
9456 82.0
9457 82.0
9458 82.0
9459 82.0
9460 82.0
9461 82.0
9462 82.0
9463 82.0
9464 82.0
9465 82.0
9466 82.0
9467 82.0
9468 82.0
9469 82.0
9470 82.0
9471 82.0
9472 82.0
9473 82.0
9474 82.0
9475 82.0
9476 82.0
9477 82.0
9478 82.0
9479 82.0
9480 82.0
9481 82.0
9482 82.0
9483 82.0
9484 82.0
9485 82.0
9486 82.0
9487 82.0
9488 82.0
9489 82.0
9490 82.0
9491 82.0
9492 82.0
9493 82.0
9494 82.0
9495 82.0
9496 82.0
9497 82.0
9498 82.0
9499 82.0
9500 82.0
9501 82.0
9502 82.0
9503 82.0
9504 82.0
9505 82.0
9506 82.0
9507 82.0
9508 82.0
9509 82.0
9510 82.0
9511 82.0
9512 82.0
9513 82.0
9514 82.0
9515 82.0
9516 82.0
9517 82.0
9518 82.0
9519 82.0
9520 82.0
9521 82.0
9522 82.0
9523 82.0
9524 82.0
9525 82.0
9526 82.0
9527 82.0
9528 82.0
9529 82.0
9530 82.0
9531 82.0
9532 82.0
9533 82.0
9534 82.0
9535 82.0
9536 82.0
9537 82.0
9538 82.0
9539 82.0
9540 82.0
9541 82.0
9542 82.0
9543 82.0
9544 82.0
9545 82.0
9546 82.0
9547 82.0
9548 82.0
9549 82.0
9550 82.0
9551 82.0
9552 82.0
9553 82.0
9554 82.0
9555 82.0
9556 82.0
9557 82.0
9558 82.0
9559 82.0
9560 82.0
9561 82.0
9562 82.0
9563 82.0
9564 82.0
9565 82.0
9566 82.0
9567 82.0
9568 82.0
9569 82.0
9570 82.0
9571 82.0
9572 82.0
9573 82.0
9574 82.0
9575 82.0
9576 82.0
9577 82.0
9578 82.0
9579 82.0
9580 82.0
9581 82.0
9582 82.0
9583 82.0
9584 82.0
9585 82.0
9586 82.0
9587 82.0
9588 82.0
9589 82.0
9590 82.0
9591 82.0
9592 82.0
9593 82.0
9594 82.0
9595 82.0
9596 82.0
9597 82.0
9598 82.0
9599 82.0
9600 82.0
9601 82.0
9602 82.0
9603 82.0
9604 82.0
9605 82.0
9606 82.0
9607 82.0
9608 82.0
9609 82.0
9610 82.0
9611 82.0
9612 82.0
9613 82.0
9614 82.0
9615 82.0
9616 82.0
9617 82.0
9618 82.0
9619 82.0
9620 82.0
9621 82.0
9622 82.0
9623 82.0
9624 82.0
9625 82.0
9626 82.0
9627 82.0
9628 82.0
9629 82.0
9630 82.0
9631 82.0
9632 82.0
9633 82.0
9634 82.0
9635 82.0
9636 82.0
9637 82.0
9638 82.0
9639 82.0
9640 82.0
9641 82.0
9642 82.0
9643 82.0
9644 82.0
9645 82.0
9646 82.0
9647 82.0
9648 82.0
9649 82.0
9650 82.0
9651 82.0
9652 82.0
9653 82.0
9654 82.0
9655 82.0
9656 82.0
9657 82.0
9658 82.0
9659 82.0
9660 82.0
9661 82.0
9662 82.0
9663 82.0
9664 82.0
9665 82.0
9666 82.0
9667 82.0
9668 82.0
9669 82.0
9670 82.0
9671 82.0
9672 82.0
9673 82.0
9674 82.0
9675 82.0
9676 82.0
9677 82.0
9678 82.0
9679 82.0
9680 82.0
9681 82.0
9682 82.0
9683 82.0
9684 82.0
9685 82.0
9686 82.0
9687 82.0
9688 82.0
9689 82.0
9690 82.0
9691 82.0
9692 82.0
9693 82.0
9694 82.0
9695 82.0
9696 82.0
9697 82.0
9698 82.0
9699 82.0
9700 82.0
9701 82.0
9702 82.0
9703 82.0
9704 82.0
9705 82.0
9706 82.0
9707 82.0
9708 82.0
9709 82.0
9710 82.0
9711 82.0
9712 82.0
9713 82.0
9714 82.0
9715 82.0
9716 82.0
9717 82.0
9718 82.0
9719 82.0
9720 82.0
9721 82.0
9722 82.0
9723 82.0
9724 82.0
9725 82.0
9726 82.0
9727 82.0
9728 82.0
9729 82.0
9730 82.0
9731 82.0
9732 82.0
9733 82.0
9734 82.0
9735 82.0
9736 82.0
9737 82.0
9738 82.0
9739 82.0
9740 82.0
9741 82.0
9742 82.0
9743 82.0
9744 82.0
9745 82.0
9746 82.0
9747 82.0
9748 82.0
9749 82.0
9750 82.0
9751 82.0
9752 82.0
9753 82.0
9754 82.0
9755 82.0
9756 82.0
9757 82.0
9758 82.0
9759 82.0
9760 82.0
9761 82.0
9762 82.0
9763 82.0
9764 82.0
9765 82.0
9766 82.0
9767 82.0
9768 82.0
9769 82.0
9770 82.0
9771 82.0
9772 82.0
9773 82.0
9774 82.0
9775 82.0
9776 82.0
9777 82.0
9778 82.0
9779 82.0
9780 82.0
9781 82.0
9782 82.0
9783 82.0
9784 82.0
9785 82.0
9786 82.0
9787 82.0
9788 82.0
9789 82.0
9790 82.0
9791 82.0
9792 82.0
9793 82.0
9794 82.0
9795 82.0
9796 82.0
9797 82.0
9798 82.0
9799 82.0
9800 82.0
9801 82.0
9802 82.0
9803 82.0
9804 82.0
9805 82.0
9806 82.0
9807 82.0
9808 82.0
9809 82.0
9810 82.0
9811 82.0
9812 82.0
9813 82.0
9814 82.0
9815 82.0
9816 82.0
9817 82.0
9818 82.0
9819 82.0
9820 82.0
9821 82.0
9822 82.0
9823 82.0
9824 82.0
9825 82.0
9826 82.0
9827 82.0
9828 82.0
9829 82.0
9830 82.0
9831 82.0
9832 82.0
9833 82.0
9834 82.0
9835 82.0
9836 82.0
9837 82.0
9838 82.0
9839 82.0
9840 82.0
9841 82.0
9842 82.0
9843 82.0
9844 82.0
9845 82.0
9846 82.0
9847 82.0
9848 82.0
9849 82.0
9850 82.0
9851 82.0
9852 82.0
9853 82.0
9854 82.0
9855 82.0
9856 82.0
9857 82.0
9858 82.0
9859 82.0
9860 82.0
9861 82.0
9862 82.0
9863 82.0
9864 82.0
9865 82.0
9866 82.0
9867 82.0
9868 82.0
9869 82.0
9870 82.0
9871 82.0
9872 82.0
9873 82.0
9874 82.0
9875 82.0
9876 82.0
9877 82.0
9878 82.0
9879 82.0
9880 82.0
9881 82.0
9882 82.0
9883 82.0
9884 82.0
9885 82.0
9886 82.0
9887 82.0
9888 82.0
9889 82.0
9890 82.0
9891 82.0
9892 82.0
9893 82.0
9894 82.0
9895 82.0
9896 82.0
9897 82.0
9898 82.0
9899 82.0
9900 82.0
9901 82.0
9902 82.0
9903 82.0
9904 82.0
9905 82.0
9906 82.0
9907 82.0
9908 82.0
9909 82.0
9910 82.0
9911 82.0
9912 82.0
9913 82.0
9914 82.0
9915 82.0
9916 82.0
9917 82.0
9918 82.0
9919 82.0
9920 82.0
9921 82.0
9922 82.0
9923 82.0
9924 82.0
9925 82.0
9926 82.0
9927 82.0
9928 82.0
9929 82.0
9930 82.0
9931 82.0
9932 82.0
9933 82.0
9934 82.0
9935 82.0
9936 82.0
9937 82.0
9938 82.0
9939 82.0
9940 82.0
9941 82.0
9942 82.0
9943 82.0
9944 82.0
9945 82.0
9946 82.0
9947 82.0
9948 82.0
9949 82.0
9950 82.0
9951 82.0
9952 82.0
9953 82.0
9954 82.0
9955 82.0
9956 82.0
9957 82.0
9958 82.0
9959 82.0
9960 82.0
9961 82.0
9962 82.0
9963 82.0
9964 82.0
9965 82.0
9966 82.0
9967 82.0
9968 82.0
9969 82.0
9970 82.0
9971 82.0
9972 82.0
9973 82.0
9974 82.0
9975 82.0
9976 82.0
9977 82.0
9978 82.0
9979 82.0
9980 82.0
9981 82.0
9982 82.0
9983 82.0
9984 82.0
9985 82.0
9986 82.0
9987 82.0
9988 82.0
9989 82.0
9990 82.0
9991 82.0
9992 82.0
9993 82.0
9994 82.0
9995 82.0
9996 82.0
9997 82.0
9998 82.0
9999 82.0
10000 82.0
