evaluations raw_y
1 708715.5196392597
4 709000.4065480259
5 709642.6425593094
7 710128.5952272541
10 710255.2652621554
14 711283.5102178063
15 711480.5898774636
17 712306.7496826561
19 712916.9916516645
20 713635.2441126389
21 714029.0803035323
23 714057.9335356257
24 714183.0321993487
25 716387.6409015491
27 717593.4131723767
30 718391.2336871484
31 718612.3529066060
32 718697.2654330285
33 719500.5664671693
36 720377.5922617281
39 720911.8763934703
42 721126.1375373645
45 721974.0316564229
46 722221.6649872100
47 722767.6404111548
51 724305.8594022895
53 724375.5856162331
55 724600.3548924968
57 724723.5421365034
58 725083.4413854450
59 726024.7021239508
63 726916.0991366450
65 727636.9008880565
66 727747.8820056976
67 728460.5783893735
69 728756.1465973698
74 729561.9856070788
75 730119.2330338813
76 730249.9212632414
77 730312.4131784376
80 730727.7750680735
82 731285.2013301445
83 732072.9047539055
84 732748.4906031298
91 733293.4835363013
92 734201.0262695506
96 734253.6046055559
99 735071.1913659042
100 735259.8542691228
102 735337.7692385603
103 735411.0200013078
104 735824.2833575448
105 736283.3517816128
108 737091.9771998961
111 737479.6310859616
114 738453.6359829095
115 738668.4661727046
117 739281.2673267765
118 739426.1660455836
119 739600.2605763556
121 740429.2162457857
122 740688.9158752431
123 741450.5947395117
124 742366.5344702252
125 742701.8600352778
128 743289.7957763399
131 743997.7701950688
135 745414.0290607763
139 746981.7073333634
140 747604.0882666232
143 748499.7355190520
144 748701.4149194481
145 749465.4045624349
147 749854.2383907982
148 749869.0230346329
149 750521.1996781662
150 751452.9401719973
151 752198.9943563655
152 752204.9030223640
161 752610.0899014502
162 753306.6978975278
163 754035.4778774896
164 754548.3390251222
165 755179.9304293562
167 755375.7298882281
170 755642.6195866754
173 755763.5823696991
175 756347.5725631557
177 756415.0485087404
178 757029.3046862391
180 757745.8665877372
187 758295.4307145930
190 758697.9712098480
193 759131.6899411151
195 759166.1169439426
197 759307.0241439166
198 759318.7382894723
200 759759.0928681265
203 760920.9917513175
204 761039.3356264480
207 761726.7621586361
211 762020.4676881022
214 762825.7593888699
215 763385.0068910227
216 764261.3558202250
217 764488.5595459361
220 764772.0257032888
222 764960.8762455957
224 765454.5402354208
226 765703.4764979901
231 766240.4111456246
233 766885.5863193074
234 767702.3577898340
238 768307.8523425278
243 769015.4469348155
244 769241.9643338892
245 769651.8900897916
246 770504.7192167151
250 770567.9869311815
251 770887.8608221305
252 771699.1529006418
253 772625.0150186458
257 773018.2073473094
260 773571.5181294597
262 774049.3448567997
263 774200.2608522127
268 774235.1422868067
273 775049.4239362348
275 776198.3829473745
276 776779.6767933933
278 776867.2957928145
283 777685.4514819590
284 778866.8710451184
285 779005.7856364402
286 779770.6366119661
289 780697.5453941837
302 782088.8174948370
303 783420.7742091343
304 784421.3396728348
305 785378.2930500751
306 785900.0007459988
309 786557.0574862834
316 787392.9083450772
317 787410.9722676332
320 788135.9340575618
321 788922.6846295074
324 789965.4248049910
327 790413.7712959748
330 790416.2120217027
331 790628.9754796505
333 790828.1992983932
337 791086.8285133911
343 792003.3632065563
344 792412.9110060416
347 792606.5964442475
348 794063.7716574254
350 794404.0822735392
351 794424.6934417837
352 795065.5321828101
353 795502.8427423454
354 795688.8837211124
355 797147.8385117817
356 797788.4200461470
359 798306.8613345788
362 798983.3740334108
369 799986.1243033635
370 800119.3461860043
371 800815.1097134975
375 801724.7859246711
381 802344.2655374258
383 802352.4816774982
384 802357.4529335586
391 802870.2939301294
392 803362.3153089797
394 803561.9862076528
395 804054.4364026911
396 804496.3064474097
397 805045.7310303692
398 805309.4673036446
405 805493.4024524546
409 805498.6838384307
410 805972.3376211883
412 807059.7964534666
413 807668.8897085073
414 808357.4506881305
415 808783.9877690416
416 809518.5030764447
419 809740.4308674290
421 809774.4704962713
423 810014.8412363105
425 810047.0007441798
426 810265.9043374801
429 810619.0879901772
431 811190.2996750149
433 811225.7308084390
434 812572.3319767609
435 813544.1803192388
436 814147.0736499742
437 814367.0221989952
439 814588.8762699338
446 815462.6327227229
447 815688.7264750755
448 816090.0893153409
449 816742.4631772122
450 817626.9164463864
452 818179.6901011142
453 818854.4360215025
455 819011.3492008165
456 819126.4555391052
458 819356.8436975220
460 819766.2921697136
464 819804.0195242835
467 819952.3803279656
468 820917.3033451708
470 821015.8117896102
474 821855.1469090028
475 822452.6257447706
479 822894.9253042513
482 823765.3133016103
489 824738.6591728204
490 824908.5389221869
491 825665.2102349084
494 826016.1346916507
497 826520.9901014043
499 826824.3742249799
502 827303.3602173151
504 828164.5691628606
505 828980.9483045161
507 829162.2930230006
509 829276.8681500764
515 829879.9738500796
519 831041.0553394725
520 831899.0565662936
521 832340.9946581128
524 832546.4968305448
526 833112.8016783274
527 834161.7544785814
529 834687.5543123726
530 836039.0187684717
531 836567.4890583601
532 837022.9614595866
537 837861.6093212084
538 838112.6359865956
541 839348.0384701353
542 839687.7073738783
546 840350.6056156853
552 840642.3181652330
553 840768.0396472159
557 841401.1475724557
558 842359.5659295861
564 843204.0564301121
565 844115.1676853631
568 844914.8705723338
572 845487.5008785941
582 846293.3094118562
585 846435.5829177320
587 846693.5188911526
588 847419.5970031972
594 847868.9268450928
595 849260.4819701315
598 849920.6425656726
599 850855.6482300606
600 851680.6376840897
601 852438.2302957212
602 852920.3387502874
603 853137.9885095638
605 854083.3786815514
606 855047.6206414979
608 855913.1570509552
610 856118.9183670421
611 856829.8195418136
613 856950.3464647597
614 857055.3882991087
616 857829.0546884149
617 857994.9243804147
620 858819.9488895469
622 859366.2791278928
624 860213.9183214727
626 860618.9737208463
628 860663.4019708612
630 861009.6048881143
631 861542.6174277378
632 861640.3645132753
642 862028.0416071466
646 862201.9921383985
651 862630.5424470467
653 862813.7462366103
654 863158.6201652695
655 863280.0784956105
660 863861.5966315247
664 864006.1020114322
668 864439.8740934153
669 864825.2073040617
670 865128.1067344791
671 865850.2822560297
672 866405.2520012658
677 866663.4683678081
678 866670.4216770873
680 867141.0978641374
682 867283.0939295486
684 868049.0577576512
688 869026.7135024812
690 869284.8040472920
691 869900.6936458744
692 870442.3638349018
694 870902.4666068889
698 870911.1661461940
704 872309.3010421993
706 872435.1937180973
711 873036.7163523072
712 873759.9502269535
713 873797.4363168962
716 874727.1948514752
718 875338.4772289337
720 876082.6261490237
721 876626.9732481168
722 876785.4204280934
725 876820.8706300836
729 877317.7892710799
730 877423.9270433551
731 878195.5293155637
732 878705.4404616745
733 878846.5554753729
737 879167.9377317574
738 879581.7169169661
739 881128.0920386062
741 881705.5425126139
743 882366.2366124388
745 882864.2179150415
750 883220.5453586680
751 883559.5450490881
755 883618.1495423004
756 883814.5980733680
758 884537.5817846415
759 884892.4310924174
761 885580.9590878764
764 885847.8539515107
767 886470.8875226448
775 887175.5256079155
778 887257.6323692561
779 887974.9831168145
780 888623.8069607407
784 889518.3463830696
790 890024.6523250658
791 890625.8987013504
792 891108.7307473571
794 891982.7835018218
806 892196.8298087590
816 892646.7454821905
819 892844.2409367817
820 893064.9144337710
823 893090.0275222863
826 893254.7203003602
831 893390.2843389073
832 894324.4738560239
833 895052.6365902094
834 895514.3063128418
836 896210.9493071861
839 896334.9196910403
841 897283.6028068671
843 898258.3721760171
844 898931.5173529364
845 899292.4384357872
846 899768.9120767380
849 900186.9250900048
851 900935.1098786450
853 901493.3318469635
855 902299.3725486753
856 902598.5325166883
859 903266.9757432558
860 903566.2185313273
861 903646.4881937151
863 903650.1290478031
866 904274.1893720507
869 905130.6908886791
871 905290.8157218748
872 905293.1001535864
882 906283.3328465568
887 906573.5184803647
889 907193.0144193162
890 907434.3263431856
891 907727.4420773024
893 908200.1829310585
895 909005.0999191807
896 909829.6534440706
897 911313.2597159873
903 911494.2921305203
904 912407.3903695416
906 913298.7387335416
907 914139.8544770854
908 914624.5469818757
909 915531.9734908916
912 915546.8704344482
916 915749.6342776926
917 916275.6884636313
918 916380.5174323039
920 916665.3540754339
923 916949.5509114042
925 917019.4621659032
928 918326.1831632326
930 918926.8120064981
935 919182.7101596316
947 919872.3399048343
955 920542.8564194902
957 920552.2240043317
959 921111.7859960226
967 922037.3314618627
971 924497.5304423545
973 924615.2098776274
975 924624.7471672533
978 925244.7518992877
985 925436.1094950658
986 925912.3542655071
987 926825.3621038430
989 928656.5841012879
994 929022.5984957487
999 929993.1342985923
1001 930300.5183507398
1004 930382.3226490004
1005 930391.2066173879
1007 930775.0791940764
1011 930902.3425015339
1012 931284.8393016403
1016 931345.5484093104
1027 932212.1087401048
1029 932536.3162833599
1031 932912.5498857861
1032 933705.4103056899
1033 934335.7382583998
1038 934962.6046671224
1039 935351.2345872463
1047 936144.0634922970
1048 936777.2352746011
1050 937016.6300216434
1052 937220.4150651036
1053 937348.6246127321
1055 938020.0142224451
1058 938195.8721254355
1064 938840.3808408353
1066 939581.3409242295
1074 940205.4663911730
1076 940627.6360836901
1078 941502.7613118305
1083 941529.6370648716
1085 942409.5213925675
1087 943045.0928177373
1090 943772.8582389753
1092 944128.8175062090
1094 945117.9555177520
1099 945451.6561897853
1103 946322.5337225746
1104 946551.7380580514
1114 946824.1151928334
1115 947011.8547116430
1121 947299.8479092419
1123 948231.4682078100
1130 948323.3026135336
1135 948459.6941717764
1136 949073.8830303801
1137 949081.4274913932
1141 949147.4840916478
1149 949782.4535446406
1155 950001.0965871660
1164 950919.3877042733
1167 951045.8878806753
1173 951494.1110993633
1179 951528.9173991102
1189 951893.3646676562
1191 952205.3244753425
1192 952440.8138794496
1196 953292.7440403374
1198 953841.7151453221
1199 954240.4273439479
1200 954592.5453621723
1201 954882.4983319137
1202 955390.2009736149
1209 955653.0368139544
1210 956253.5346228314
1213 956962.5880902095
1219 958410.9118482373
1221 959304.0087201750
1222 959485.9094218649
1224 959784.9356653761
1227 959875.0588788271
1228 959991.0336253775
1230 960046.3160335281
1239 960476.8025143165
1240 961232.1366649898
1246 961866.7096584470
1247 961907.8017613129
1250 961967.5448971421
1254 962710.3412250387
1259 963810.6701498542
1267 964571.6165987215
1269 964988.8779851462
1270 965662.2330806295
1272 966648.9121835748
1278 966700.6582770480
1284 966941.2508220443
1292 967199.5947251181
1297 968739.7849298561
1300 968783.6759917163
1302 969058.1417436133
1303 969251.9639601409
1308 969389.7747505218
1310 969918.2762631819
1318 970074.0701523739
1326 970164.7588241383
1330 970840.8253766790
1333 971205.8734537421
1335 971229.3505641164
1337 971254.5802737572
1339 971904.0777724901
1342 972467.6059541992
1344 972540.7324722449
1347 972859.1445994115
1350 973835.3229232151
1351 974575.9407967728
1352 974691.5865329658
1355 975059.6016273041
1357 975774.5358840990
1363 976443.0827442073
1365 977494.4730634366
1370 978423.6502733554
1371 979414.8301014978
1372 979833.0107133049
1374 980310.4212312822
1387 980768.6161728367
1390 981754.3059237509
1394 982465.6399767775
1395 983121.1261768700
1397 983289.8763141057
1398 983489.2661952634
1401 983878.3593902314
1402 984203.1515383553
1404 984831.1234407353
1406 985065.9375709863
1408 985356.1717527476
1409 986317.5775512985
1410 986979.2366378926
1418 987430.3229542123
1421 988250.8973346204
1422 988853.8208517350
1424 989451.8955420629
1428 990052.2307146981
1431 990275.1522544706
1440 990609.3288221229
1445 991278.8138125705
1447 992068.3101171850
1454 992427.7105310427
1455 992763.7703537421
1456 992921.6514036510
1462 993514.5071780791
1466 993776.8036507918
1467 994112.6095676008
1468 994974.7314892672
1473 995702.4086772087
1480 996219.3562995230
1481 997208.6490328438
1484 997422.3978873219
1486 997430.9622376973
1488 998003.8990025861
1489 998126.1383067159
1495 998217.8832321700
1499 998535.4744600313
1509 998724.7847820593
1517 998773.0475245501
1518 999572.5039701557
1521 999975.0358500999
1526 1000871.5519158581
1528 1001266.0929021669
1529 1001904.0479182644
1530 1004186.6587829096
1531 1004530.8249961424
1534 1004931.6085077045
1535 1004985.1533910127
1541 1005159.8923298352
1542 1005750.3816471285
1548 1007059.1430575728
1550 1007309.7281584837
1551 1008364.1976679123
1552 1008687.6844681713
1560 1008694.5566043010
1561 1009618.9246855342
1562 1009961.5772988048
1564 1010624.0379280575
1568 1011249.8369309056
1570 1011589.4663155095
1580 1012225.8015104012
1587 1013065.4265936756
1588 1013673.1454186415
1592 1013978.1294190172
1599 1014017.7471527574
1600 1014037.5801311270
1605 1014413.9533800909
1614 1014476.8420369604
1615 1014970.6958783637
1616 1016554.9273109961
1619 1017413.5156464120
1623 1018268.8475050300
1635 1019043.2846437916
1645 1019568.2702293318
1647 1019985.0667555967
1650 1020842.5949128984
1655 1021733.8252812788
1657 1022253.2937424177
1660 1022814.9608616823
1668 1023015.5465985407
1676 1023048.0162525676
1677 1023055.8465358013
1678 1023843.6596546210
1680 1023859.4233321694
1684 1024015.9087180073
1685 1024575.8682824987
1686 1024955.0060579370
1694 1025148.6518579177
1708 1025908.1107126332
1712 1026189.8334487972
1713 1026255.1755802948
1715 1026289.9605015307
1717 1026777.4534188712
1721 1027515.9016781076
1724 1027531.3597608045
1727 1027971.7771401393
1733 1028184.4732831727
1740 1028611.3348631243
1741 1028828.4642548921
1744 1029520.3147527438
1745 1029799.1945333445
1747 1030541.6895982753
1749 1031210.7928634455
1751 1031340.5611338991
1754 1032002.8205019066
1769 1032869.2885173168
1776 1033918.6578902004
1778 1034716.5614527533
1782 1035550.9898761637
1790 1035988.3684049476
1794 1036765.3280195839
1796 1037202.7358726858
1797 1037255.7405502207
1800 1037551.3166641119
1801 1038279.5567698986
1804 1039020.0471668596
1806 1039987.0496407038
1807 1040127.6314033007
1808 1041101.2287337434
1809 1041985.4131106508
1810 1042722.4173803499
1815 1043640.1198123076
1819 1044260.9354153288
1820 1044463.2458777946
1825 1044564.3468761251
1830 1045096.3550377560
1842 1045622.2636748055
1843 1046474.9372279542
1844 1046600.2041847019
1846 1046615.7689568098
1853 1046889.3078406501
1857 1047195.5770425639
1858 1047425.7710194781
1860 1048082.8245157530
1861 1048553.0693360376
1862 1048924.6013464103
1863 1049867.0557553712
1871 1050107.8796633589
1875 1050356.5741864271
1876 1050451.3973105408
1880 1051038.5372870767
1887 1051072.1039033518
1890 1051270.6187152087
1894 1051518.0986102093
1895 1052276.9101575082
1896 1052456.7922125426
1906 1052650.5123195671
1908 1052807.4184544850
1909 1053486.8732486393
1914 1053509.6173355440
1915 1053964.0511067973
1917 1054172.8133451231
1924 1054631.7700988911
1928 1055151.6974181663
1930 1055963.9723682536
1933 1056829.2720494706
1935 1057036.8101042679
1936 1057655.1638757002
1944 1057799.4923069645
1948 1058063.6170733892
1949 1058639.1039834272
1951 1058790.4935377496
1959 1059026.9098354264
1969 1059602.2319806844
1974 1060001.0891026189
1975 1060617.5137523147
1983 1061305.4370839270
1984 1061402.2039121229
1988 1061697.4681047129
1989 1061788.2282899912
2004 1061868.2407735076
2005 1062038.0462220886
2010 1062038.0526537641
2012 1062630.5056079142
2026 1063121.9471253064
2033 1063236.1764510460
2034 1063823.5287848641
2038 1064510.8626384798
2044 1065215.6464958286
2047 1065395.9743616539
2048 1066152.5407994869
2050 1066750.0562754208
2051 1067732.1558865882
2054 1068013.0366317772
2057 1068484.0093738656
2062 1068894.8194219212
2063 1069793.9919142174
2067 1069998.8838863382
2075 1070432.4230391623
2077 1070987.5872458580
2082 1071913.2431067342
2086 1072144.5307220994
2094 1072619.0081122797
2101 1072879.5006531985
2106 1072927.3479123197
2109 1073285.7830506542
2113 1073843.8269471768
2119 1074613.2343491586
2122 1075290.6264813328
2128 1075987.4513596809
2131 1076787.3830413122
2146 1077383.9352213121
2148 1077644.1844058887
2152 1078145.2989863942
2159 1078637.2741297139
2167 1078671.5956808503
2170 1078843.7530625083
2176 1079270.0422726052
2177 1080149.1014411799
2178 1080311.4649017549
2184 1081126.6005952405
2185 1081657.0714944710
2197 1082561.3132161212
2200 1083118.8679252816
2203 1083272.7695060861
2204 1083880.3756213391
2207 1084720.2299384018
2218 1085153.9729270055
2232 1085929.7806415420
2235 1085972.2479744845
2244 1086418.7110497525
2246 1086777.0429886139
2248 1086962.5150853747
2253 1087787.2611906289
2257 1087961.3655662865
2261 1088482.6974214565
2262 1089132.1463842371
2272 1089520.1970642481
2282 1090197.2119104350
2285 1090273.6790262884
2291 1090573.1088124411
2296 1090816.2620995336
2297 1091357.2133790907
2309 1091811.4081175781
2315 1092043.8166097619
2317 1092790.0445320215
2318 1092877.3249472079
2326 1093373.4638027039
2330 1093466.5662262379
2335 1094446.6835236328
2341 1095441.9001563529
2343 1095622.2577288630
2351 1096309.6576312464
2352 1097153.3201131632
2353 1097475.4716312892
2356 1097823.5152478532
2358 1097944.0377650096
2360 1098874.8942272945
2363 1099585.5857657946
2366 1099854.0153979906
2375 1100614.0136500418
2382 1101058.5687806928
2383 1101681.6865804503
2384 1102589.2640103027
2403 1103450.8030673275
2407 1103482.4545730236
2412 1104467.2529620503
2417 1104708.9018007377
2423 1105192.5818393314
2425 1105247.8527396806
2426 1105349.7135554703
2430 1105650.9187561504
2431 1106061.8875063921
2433 1106705.3605416913
2435 1106831.1672832104
2436 1106846.5842849358
2440 1106954.8858366625
2442 1107502.3642114196
2456 1108353.0913449612
2459 1108941.7435419220
2472 1109013.8241165807
2482 1109595.2325364365
2490 1110339.0164784773
2500 1110505.0534537537
2526 1111278.9907371504
2528 1111710.3273484728
2534 1112359.2498223982
2542 1112507.8246103467
2545 1113127.1449996976
2547 1113746.2111291550
2553 1113875.2056710199
2554 1113914.7647259184
2557 1114081.3535588779
2562 1114283.8788941498
2568 1114844.3490776343
2570 1115836.6813744230
2571 1116387.9760862200
2573 1116584.6571061627
2575 1117083.8425290443
2577 1117843.4698302143
2585 1118821.3512365932
2599 1119482.2265473404
2610 1119838.6233140694
2612 1120460.2588786427
2613 1121306.8115494431
2616 1121811.4953611761
2617 1122150.7696097232
2618 1122510.7320561407
2624 1123233.6685675131
2636 1123276.7934423727
2637 1123376.7275387496
2642 1124058.0882879132
2645 1124833.5729541981
2651 1124888.6288202361
2656 1125303.9797011199
2660 1126063.8838078794
2662 1126619.8064530629
2669 1127283.1471877869
2670 1127544.1114076327
2700 1128525.7667983880
2705 1129150.0180360491
2709 1130265.0970047656
2710 1130382.4185913079
2720 1131090.3309636649
2722 1131391.7312947174
2733 1131607.5707034268
2734 1132280.3747238140
2735 1132408.9344510054
2737 1133021.5317374631
2750 1133767.8818660020
2751 1133880.1214064120
2764 1134530.4424584676
2781 1135123.0772512029
2783 1136020.4887976432
2788 1136226.1170679214
2790 1136470.9759077001
2795 1137386.1291633958
2798 1137595.8956229936
2819 1138349.2598793288
2827 1138395.4786466560
2837 1139627.0011693414
2844 1139865.5189604892
2846 1139924.0789020332
2847 1140390.3881440293
2852 1140673.3784179380
2862 1140813.4372704478
2865 1140915.8706921483
2866 1141482.0137659519
2881 1141659.8392926990
2882 1141772.2001583993
2886 1142385.2833438895
2889 1142968.9746280198
2906 1143259.1590826553
2909 1144144.0506413407
2923 1144507.6311840380
2934 1144567.9629217507
2936 1145458.2743357259
2940 1146176.8935481012
2946 1146276.7815434004
2951 1146560.2833626994
2952 1147198.7092671606
2972 1147579.1117064855
2974 1148570.9084096071
2984 1149416.9719696499
2985 1149600.5719217337
2986 1150015.1059723254
2987 1150071.2454641154
2991 1150487.2157775052
3003 1150678.4997202943
3005 1150781.7008519513
3010 1151195.9470755623
3023 1151681.6509957619
3031 1152472.9760315106
3040 1153440.4241135244
3049 1153968.1342305534
3051 1154272.4238009884
3058 1155171.3822965587
3064 1155237.0838985264
3069 1155396.4659440862
3084 1156264.6062002308
3085 1156478.6487970648
3090 1157450.0453779211
3098 1157484.8289954027
3106 1157516.1174762149
3111 1158183.5036836006
3114 1158653.4691670048
3121 1159068.1614173569
3136 1159478.8157563515
3137 1160291.4133325401
3142 1160304.1250212148
3144 1160604.6398501478
3146 1161055.3814450572
3148 1161376.1407014432
3154 1161557.3234798766
3163 1162093.8615046288
3168 1162481.3428675490
3171 1162765.0864538359
3173 1163570.4174882129
3175 1164397.4536796298
3179 1164634.2015964214
3180 1164833.5299338067
3187 1164843.7089228223
3194 1164901.9203473378
3202 1165105.7393575292
3205 1165145.1764750697
3207 1165890.7799027057
3209 1166607.4411308356
3215 1166881.7585953271
3220 1167617.9563030738
3222 1168330.7533840386
3223 1168474.5532601301
3227 1168528.2863097449
3239 1168974.0684255003
3244 1169576.0663612490
3252 1169969.4834110946
3257 1170386.7627570319
3267 1171162.4833296635
3283 1171241.5227039563
3285 1171608.6863186331
3290 1172230.3139735367
3296 1172988.1469184810
3298 1173295.5750571173
3309 1173416.8096050965
3311 1174099.5176435746
3314 1174397.0418426257
3318 1175247.0807476505
3326 1176050.6322223954
3327 1176939.7377246853
3329 1177296.6697281823
3334 1177605.9220117924
3336 1178026.3405498248
3338 1178532.1356746966
3343 1179033.6259504468
3349 1179944.8329834079
3363 1181048.8644642676
3365 1181168.0407738334
3381 1181255.6123789933
3405 1181652.9657617477
3410 1181764.2924086305
3412 1181790.6061999295
3413 1181832.4242940124
3416 1182620.4852895455
3418 1182774.2036007824
3422 1183611.8731956875
3432 1184292.2493344101
3436 1184366.7229772541
3445 1185269.1135972156
3450 1185366.5622712728
3459 1185696.7195593396
3462 1185829.4892042147
3469 1186339.1872499583
3479 1186370.7828087085
3493 1187072.3602327423
3495 1187115.7863133447
3496 1187367.5955447268
3499 1187879.4242186616
3504 1188311.6951549768
3508 1188761.2803316372
3509 1189342.3852579496
3512 1189932.3674960327
3517 1190115.2633998678
3519 1190433.3557466643
3520 1190468.0249788056
3522 1190500.3208281153
3523 1190654.1350033737
3551 1190704.0771674602
3555 1191178.6928278091
3558 1192080.6589555396
3571 1192424.6644618076
3580 1192866.3606450730
3582 1193260.4907485107
3590 1193725.6739610469
3591 1194095.5369029173
3604 1194525.5672944812
3610 1194679.3083801814
3629 1194793.0101499704
3631 1195350.9358006231
3639 1195593.7747767691
3645 1196252.7759323840
3654 1196335.6155880028
3657 1196377.0793380549
3660 1197297.8657181030
3669 1198232.8991136709
3696 1198351.8445512466
3697 1198528.1673105943
3701 1198830.9850370213
3707 1199631.1657445596
3715 1199668.8890516390
3728 1200524.6016131553
3731 1201050.3722693415
3734 1201461.5044482804
3747 1201464.5200211329
3752 1202377.9476514426
3764 1203223.8283162829
3769 1203224.1304259857
3776 1203402.1910829111
3781 1204252.6876297381
3790 1204780.1279832423
3798 1205511.4218009030
3801 1205901.2616474447
3808 1206117.8355307754
3809 1206219.6793262484
3812 1207162.8472610060
3837 1207265.5734476456
3844 1207521.0128234595
3849 1207993.8880258340
3859 1208299.0274186563
3867 1208514.6553022105
3873 1209896.6665108011
3884 1210784.6351614962
3885 1210833.9338371484
3897 1211426.4525834559
3900 1212173.6855356095
3901 1212737.1476925737
3913 1213583.9658372873
3914 1214325.5319317817
3923 1214484.9786236866
3931 1214907.8452439567
3935 1215266.9217643058
3945 1215290.7873835908
3948 1215839.9643247896
3950 1216824.5133031707
3955 1217476.3302305851
3957 1218164.6800240760
3963 1218611.0642068624
3970 1219149.2134877068
3978 1219584.9225939247
3981 1220049.1152261882
3983 1220756.5155516877
3999 1221394.3423669979
4005 1221898.2089414622
4009 1222347.4330564030
4017 1222805.2393080026
4022 1222807.6916245972
4026 1222928.5477426124
4029 1222950.8793734587
4035 1223193.7285117465
4043 1223481.6573644930
4050 1224079.1816295101
4051 1224163.4888478261
4052 1224208.1663762450
4056 1224320.1509407873
4058 1224321.4899770725
4071 1224694.5441990315
4074 1224870.0554787519
4080 1225609.0243076303
4101 1225982.2920960358
4107 1225983.7762299697
4119 1226585.3665495841
4123 1226590.6635179727
4130 1227386.7658291596
4137 1227428.7150542720
4145 1227782.3007266361
4156 1228676.2039663116
4170 1228713.3229706276
4171 1229129.2450986751
4182 1229572.8596506983
4186 1230349.2231229036
4188 1230358.0284553128
4190 1231125.9276140206
4198 1231318.9520445743
4209 1231585.7742099389
4211 1232237.6480280345
4212 1232363.3910535881
4215 1232479.5847311234
4216 1233146.8125747563
4226 1233538.2029168650
4232 1233884.9412891944
4235 1234546.4983509984
4248 1234635.3618384479
4266 1234953.2365160852
4276 1235372.3838322344
4289 1235982.8183654840
4291 1236210.0448948070
4292 1236513.3327333767
4311 1237151.3867914602
4313 1237248.8098575331
4314 1238234.8986181600
4317 1238559.8257176485
4333 1238767.5505528499
4334 1239436.5303717502
4341 1239657.3340907765
4344 1240173.5733389612
4348 1241056.3637259388
4355 1241906.4957127476
4360 1243072.2118918409
4390 1243674.3696143487
4403 1243823.7123114660
4421 1244379.1084650883
4433 1245049.8179471944
4450 1245102.6767704561
4452 1245103.4488756892
4464 1245740.6965901752
4482 1245972.4238439777
4485 1246444.8015294760
4487 1246775.8129035626
4493 1246863.6545653422
4509 1247765.4101979141
4522 1248405.5059072676
4529 1248468.8597027040
4531 1248686.3938970808
4542 1249087.7581590195
4552 1249535.5949920362
4564 1249540.8525743678
4574 1250169.4607602067
4577 1250855.7823300608
4607 1251640.5763549143
4610 1251784.3713569508
4613 1252417.3422521770
4626 1252487.2569685264
4627 1252504.5339290579
4628 1252619.2131074080
4644 1252813.2863085980
4652 1252815.5725722972
4694 1252911.6399424977
4702 1253663.2395355750
4706 1253933.0060681687
4719 1254525.2460033079
4759 1255101.7769186085
4766 1255837.8716479463
4770 1256088.3243841683
4780 1256101.2119898009
4782 1256735.3160788554
4789 1257342.0935813379
4792 1257496.9711626614
4808 1257548.3254880549
4810 1257766.5302029408
4811 1257770.0046837605
4821 1258591.1338636393
4824 1259354.8565413784
4853 1259771.3074448113
4868 1260639.9582246409
4888 1261046.8514875679
4890 1261695.0616249845
4904 1262337.6465568643
4917 1262780.6082476415
4920 1263571.4081341201
4924 1264264.2945900464
4928 1264371.1873723334
4959 1264533.9991657929
4968 1264984.1515740156
4971 1265083.3437309184
4982 1265180.1550614354
4990 1265679.5687716575
4991 1266554.2355720142
5023 1266690.8037780558
5029 1267640.1324900212
5032 1267913.0425863157
5043 1268225.5049735154
5050 1268369.8949076007
5074 1268995.8081369938
5080 1268996.6331193582
5091 1269345.0459245436
5093 1270313.4102128120
5095 1270578.8769876375
5101 1271430.0179648967
5123 1271795.1190700328
5140 1272278.7987125372
5145 1272533.8913987551
5149 1272849.5895695735
5179 1273016.7230947479
5186 1273592.9073429713
5200 1274491.9117118276
5219 1275259.3620855722
5235 1275504.7210259894
5251 1275555.1671842968
5257 1275875.1191402734
5260 1276198.5537827511
5293 1276557.8557862341
5294 1276979.7504125014
5297 1277226.3955903847
5307 1278043.6647150817
5311 1278428.2054280019
5323 1278614.6663245179
5324 1278616.8593050686
5344 1279472.2561502834
5357 1279573.5607242088
5362 1279743.8336947879
5368 1279858.8524572479
5404 1279862.0265892055
5406 1280082.3939679188
5413 1280814.1041267144
5417 1281006.1587976702
5426 1281531.0848093377
5457 1282177.0059945004
5460 1282540.1617870321
5462 1282755.6604095479
5487 1283275.0604258026
5488 1283975.2513957052
5491 1284278.1770248250
5507 1284851.3040113731
5509 1285283.3604450375
5512 1285449.7665135958
5515 1285638.1834578477
5520 1285667.3190007526
5521 1285914.7500515280
5545 1286370.6540792938
5558 1287065.0556502794
5604 1287641.2840407533
5626 1288124.9651117248
5632 1288281.5219035186
5637 1289042.7186998648
5656 1289228.4112592551
5681 1289336.8412320369
5682 1289624.4793978257
5702 1290513.7340938286
5719 1290854.0676912817
5732 1291000.4640590423
5733 1291226.3192105312
5747 1291320.5850728315
5804 1291777.2651468029
5805 1291794.0570558726
5827 1291862.4985923360
5850 1292212.7490019884
5855 1292376.0827151700
5866 1292503.5131612811
5871 1293289.4035026652
5873 1293992.6977141036
5879 1294423.6380297488
5891 1294807.8723386531
5898 1294860.0241028389
5915 1295844.3998564596
5921 1295938.3453729639
5937 1296207.7074511854
5977 1297170.1253762420
6111 1297429.9475849944
6137 1297433.4493074445
6152 1297458.0537381433
6153 1297484.6747627892
6173 1297623.4752899108
6206 1298202.5579309319
6230 1298312.4256864858
6232 1298996.9329128636
6250 1299847.2678187352
6352 1300480.1400759311
6367 1300976.6447571772
6372 1301043.0735038035
6391 1301123.5376038128
6411 1301448.8341575000
6425 1301819.4125471103
6458 1301876.0167824416
6462 1302382.6756692769
6535 1302417.2455739726
6690 1302488.4736041254
6699 1302742.3588929595
6774 1302903.1025396748
6789 1302968.2659020519
6797 1303026.9845918589
6839 1303031.4298866147
6843 1303166.3235748592
6846 1303173.0309221549
6860 1303203.3228232979
6869 1303273.9911510651
6871 1303489.9381930465
6888 1304074.6697422909
6899 1304231.2011985807
6911 1305156.5729141503
6913 1305226.8648554818
6916 1305405.1062068241
6997 1305406.6951061508
7014 1305448.1091740634
7064 1305986.8305125963
7123 1305987.5105554946
7151 1306742.0413613487
7162 1307149.2849269570
7166 1307305.2720979911
7173 1307800.2336732587
7252 1308519.7444934500
7266 1308746.3940328630
7271 1308981.7452149428
7332 1309049.5529931309
7567 1309049.6809609584
7591 1309829.0221855959
7752 1309835.7961710312
7761 1309947.8358377365
7788 1310369.5931539247
7915 1310792.5046662530
7952 1310898.1153429139
8066 1311150.6646192668
8068 1311491.5849389734
8117 1311644.0023341596
8153 1311672.6054410862
8156 1312010.7850966724
8162 1312536.3547040578
8181 1313133.0694909759
8206 1313289.6794664438
8219 1313293.7889765101
8246 1313623.2598006232
8351 1313720.0860028181
8354 1313721.5308665629
8396 1313769.3527633769
8423 1314429.1106227997
8442 1314431.7244930558
8449 1314709.7049865662
8491 1314727.8670377154
8492 1315195.1553066412
8598 1315197.5783638055
8643 1315840.9247538215
8661 1316437.6894804833
8708 1316498.2620728053
8789 1316661.6261207580
8817 1316661.6613637023
8819 1316738.3561824015
8848 1316959.2110912874
8977 1316959.9386815769
9065 1317034.3672233103
9293 1317421.2863987735
9384 1318343.2737682099
9404 1318390.9200664370
9420 1318406.2703702615
9801 1318566.7482445575
9803 1319385.0456186649
9956 1319419.3656394901
9980 1319568.4423562118
9985 1319690.4402816133
10000 1319465.6115727245
