evaluations raw_y
1 720565.8743362200
2 720997.4575856254
3 721606.7472302903
5 721877.3590840949
11 722135.0111216883
13 722319.4423014163
15 722523.6638100205
17 722763.8911441891
18 723120.7807515286
19 723446.2068115044
20 723960.0469906487
23 724755.7114583135
24 724919.4464389150
25 725553.7032387319
26 725647.8110633915
27 726208.4415572765
28 726596.3784551008
29 726861.0933026008
30 726899.7866525848
34 727090.3193183427
40 727340.4008947071
41 728201.6270508799
44 728444.6118356423
47 728738.9358342119
48 729513.5796924916
50 729882.2454879923
54 730281.1155686964
55 730976.4989587216
57 731609.4771207916
58 732261.9091081893
59 733212.3604346699
60 733305.0627857168
61 733563.4282670929
66 734178.7843532377
68 734189.1254184558
70 734248.6502561445
71 735060.3471210490
73 735069.5112609757
76 735884.3080729020
77 736221.9963395788
79 737008.6992343841
81 737214.8416374649
84 737673.9394269793
91 737994.3397501999
93 738177.6031326104
95 738923.2232466022
96 739548.3984873954
97 740006.6048472578
99 740720.8953238718
101 741579.7084787498
104 741603.4734046881
105 742215.4385753770
106 743068.3189266892
107 743872.0854143621
108 744535.4121659802
110 744673.3767637180
113 744927.0454618415
114 745040.0208564171
117 745814.0238626646
118 746371.4781446507
119 746583.4606145881
121 747391.4002236344
122 748318.6932265749
123 749036.6374808275
125 749950.5598530116
127 750853.1010096516
129 751653.3099826293
131 752289.3353884828
132 752831.1277172196
135 753014.6641003008
137 753533.3993758064
138 754181.1963670617
139 754997.4998931014
141 755557.4851943188
143 756005.1291280097
144 756988.8853980928
147 757582.5792064036
148 758381.7193746655
151 758669.7456857604
152 759056.6662077659
156 759466.3463619186
160 760077.1997185015
161 760582.2399429139
164 760952.9686459869
169 761377.6763897428
170 762324.6482188003
172 762482.0802404105
175 763343.5837573227
176 763448.5478744966
177 763507.6063978345
179 764105.3802061620
180 764960.5426949298
182 765528.8510757990
183 766252.2037062503
185 766954.1274467007
189 767771.7318629090
191 768734.6949095088
192 769371.0580006990
193 769394.2379304301
197 769705.0464886187
199 770600.7030692729
205 771018.9844153901
206 771364.2101065766
208 771710.6071110228
209 771812.0107751219
210 772793.3863908057
211 773044.1669416253
213 773764.6876256026
214 773781.0399987347
220 774052.7575502534
221 774830.5420615592
222 775273.2877246926
225 775563.4519630610
229 776408.0306045895
232 777205.6229740070
233 777840.5632232189
234 778483.0899385294
236 779147.4662975561
237 779210.3347950205
244 779966.9535924270
245 780587.6298132273
248 781407.2918706542
250 781533.8634664174
252 781976.2564518634
253 782858.3202950949
254 783425.0052359636
255 784059.3065044258
256 784993.5516151345
257 785434.5208441120
258 785834.4372835379
261 786531.4004791382
264 786922.2711542740
267 786968.2502608423
268 787646.0395458367
269 788247.5010805130
277 788969.8167380671
278 789963.1481941908
285 790710.1367550375
288 791104.0148861054
289 791739.7561333748
299 792621.4806544570
300 792844.9718476408
303 793707.1743785440
305 794247.7742605258
306 794835.2313267536
313 795169.2632097144
314 795487.4204172631
315 795586.4750857216
317 796482.7627593795
319 796489.1670818997
323 797122.1606062573
324 797770.7575118075
325 798021.5663739068
326 798742.5799808303
332 798847.7919811941
333 799548.2332236572
334 800201.0406368218
336 800463.9395917094
337 801182.0863557616
338 801560.6107766619
339 801575.8961179251
345 801947.4321636636
347 801989.9565721763
349 802130.8610845859
350 802247.3702622508
352 803109.9514462004
354 803144.8409097401
359 803453.0776241529
362 803884.8989791836
365 804467.9263415873
367 805090.9736852209
369 805607.9498875852
371 806051.7158187724
373 806391.6971436100
374 806920.2309399183
375 807660.5854539730
377 808634.2540130713
379 808828.3636681256
382 808980.3107799847
385 809741.5749146253
387 810324.0481506718
388 811242.6553435996
389 811970.9683425882
391 812356.1714146638
392 812659.0952589879
394 813173.8654233405
396 813611.3895803358
397 814579.3800361094
399 814881.1550345809
400 815319.9341011309
401 815674.3979557686
404 816239.1511798101
408 816844.8445927585
409 816860.4383301175
413 817085.9341585480
414 817379.0096537777
415 818262.4658744576
420 818621.7362854588
422 819223.7140177184
423 819990.4837388168
424 820039.9582753357
426 820760.6530340923
431 820770.9793423897
435 821306.1062803349
436 822049.3491460483
443 822924.8026434415
446 823495.9573885757
447 823672.0129827898
453 823813.0258503474
454 824445.9299792956
457 824789.7549401845
458 825412.5771836260
460 825920.3648130039
462 826859.3527812943
464 827125.1211886711
465 827730.9722782510
466 828299.5456234604
470 829145.8507180396
472 830036.6774975243
474 830218.5029452813
477 830918.6790804685
480 831457.4958739463
482 831743.4175653121
485 831980.2115072352
489 832216.8563251037
492 832737.5605070421
497 833544.1585199561
499 833630.5556569608
500 834537.6459106223
503 834907.1790376998
508 835383.8757839643
510 835918.7391337213
514 836229.5435695197
516 837164.0179152113
518 837720.6871643639
519 837808.0051429976
520 838293.7721312771
522 838950.8447122566
525 839900.4879873787
527 840756.6665443857
531 841264.4462534474
538 841312.0557076947
543 842148.9658299027
547 842364.8281234840
549 843348.3427461387
551 843982.8577610109
552 844957.8538011760
561 845882.4161027707
563 846095.1725290049
567 847032.7543850325
568 847446.5814693704
571 847647.5491663523
575 848116.9032298998
576 848296.8497616904
577 848302.1287744293
579 848469.6953551674
580 848786.6173706667
585 848859.6457381570
591 849365.1385182824
594 850306.2126284349
596 850411.3586835706
598 851131.3529056642
601 851641.5984369398
605 852225.4543794119
611 852906.8437416242
614 852918.9043971116
615 853261.9840283211
616 854018.5763721098
617 854535.2470047331
618 855161.9899820344
619 856012.2057614430
620 856579.8929538333
623 856782.5528047476
624 857550.9234761439
625 857936.7713332515
631 858154.2626756962
633 859116.7666733912
634 859948.3920598280
635 859988.3161648349
640 860631.1634440442
643 860728.6214052471
644 860995.4836679262
647 861336.7580431188
648 861448.5480358171
649 862380.2825537693
650 862711.9265289716
651 863306.5810136230
652 863578.7360863598
653 863907.2235010674
655 864492.5432632037
657 865168.9590367589
660 866057.9400712729
663 866157.3891715043
664 866217.1927874452
665 867205.2439419141
669 868196.9790226113
671 868204.2567447408
674 868524.7209259161
681 869152.4742986710
682 869859.3711748044
685 870469.3985853510
689 871420.4185284670
692 871433.6941980741
695 872213.6008915919
700 872440.9548703821
701 873141.6683242504
707 873876.3379313211
709 874498.2426358523
710 875484.7238265052
715 876303.6756011803
720 876890.4063717111
721 877489.4799643629
725 878210.9865615333
728 878251.6273471303
729 878541.4101998926
732 878694.7958629287
739 878704.1648650541
742 879588.0338789731
745 879767.5684063294
750 880389.3299225521
751 880695.6265380096
752 881190.9218029968
753 881842.3277235840
754 882516.8671169966
757 882865.9187636226
759 883528.6930975528
760 884021.9279345217
763 884581.2419762878
765 885440.9055805809
767 886060.0240648624
768 886316.0637751989
772 886829.3297408138
775 886994.0763772624
780 887070.2035281791
782 887963.7702734647
783 887997.6011550776
784 888139.2019859048
785 888167.1070417851
789 888572.3837325597
792 889127.1718709018
797 889989.8126465793
801 890832.7191821119
805 891340.9465103814
808 891606.5028461794
814 891625.0779827072
816 891887.7190469461
817 891903.6951703109
818 892323.3839408751
820 892995.3291126423
821 892999.3582583766
823 893994.4043086910
825 894323.3327991058
826 894325.6374677095
829 894642.4642806901
830 894859.9613694262
831 895330.3640536115
832 895690.0162529270
835 896674.2490039109
839 897323.3102663351
842 898271.7253691617
843 899124.4948155980
848 899958.9935809597
853 900344.3306477545
856 900652.5179057510
857 900669.0843091793
859 901553.9170029587
861 901604.8794849202
862 901623.1111823306
865 901713.3977035529
866 901761.8670021649
873 902054.4893322453
875 902225.7938067369
876 902523.9078298951
886 902635.8292860570
891 902932.5309518012
892 903078.1040792690
895 903102.4742033770
896 903405.4140724540
897 903880.0696579244
898 904728.7631147538
901 905407.7460112798
902 906330.2174002873
903 907197.6913763694
906 907496.7132680319
908 908205.0547381194
909 908440.2323612460
914 908935.8385522773
918 909407.5226779735
921 910082.2054891346
922 910949.5316206855
926 911068.1871404249
929 911256.8022129062
931 911832.7160013344
932 912515.0530007831
937 913153.0344312306
939 914051.8245603426
940 914689.9371108382
942 915248.9154465698
944 915793.2221763915
945 916681.4841934410
948 916906.2708914169
953 916963.0496578425
957 917565.3222658192
959 918341.5438718341
967 918342.7280078317
968 918483.1724262672
969 919318.9729486147
976 919706.4162156727
978 920091.2064546909
981 920247.2040730315
986 920469.0142370020
988 920883.2446007940
990 921052.9254456713
992 921431.9500013848
993 921989.4196276589
997 922905.3351982405
1004 922991.7418020733
1006 923406.0769616605
1011 924236.3462803295
1014 924769.6582777256
1017 924777.5344924154
1018 925271.7410063725
1019 926129.3457925889
1020 926181.1761855574
1029 926397.1670581646
1030 927091.0741674862
1031 927990.9549293498
1032 928646.7770586652
1035 929462.9619379748
1042 930127.7057299676
1048 930636.1490501999
1049 930642.5777599494
1053 931627.7161684579
1057 932450.4503388418
1062 932511.8242154979
1072 933041.6543914753
1074 933123.6675666235
1080 933809.7683176459
1083 934232.3040609176
1090 934906.3844028065
1093 935085.4312059330
1095 935521.0550599406
1098 936398.0022843657
1099 937346.2686627830
1102 937856.7921929227
1104 938239.2656664536
1108 938415.0834228942
1113 939170.9813704919
1114 939714.3476906783
1117 939801.8749132653
1119 940389.3296678284
1121 940777.6656741122
1124 940987.0419489183
1127 940996.4585383366
1134 941113.0667715559
1135 941451.4667121653
1138 941566.1210493002
1139 941788.5782293691
1141 942597.1767907381
1142 943415.1230874896
1147 943887.5133441010
1149 944134.9459084600
1156 944334.8141097903
1161 945314.4026180565
1162 945436.1833298975
1164 945552.5594095454
1172 946400.2923156996
1174 947237.7073935490
1175 947375.1118350804
1178 947680.4274933743
1180 948276.2502471462
1181 948494.4195362546
1182 949184.9724095504
1183 949539.6283663348
1189 949895.8423241290
1190 949912.4639932078
1191 950168.5262866467
1193 950583.3966970402
1194 951139.2185489757
1196 951223.6552645784
1197 951584.4660512366
1198 951711.4884527288
1199 952027.4377460788
1200 952603.1149986861
1203 953175.4067464146
1207 953853.0582071613
1210 953933.2334911838
1217 954139.0162203190
1223 954216.1251811137
1225 954742.7148288732
1228 955481.4481798550
1235 955886.8098585578
1238 956596.1946042191
1243 957236.6765987579
1244 958042.1128943751
1246 958899.0623010956
1247 959496.7107314504
1255 960424.7829143250
1256 960967.3488451301
1258 961754.0566310342
1265 962047.5974357142
1266 962141.3094985663
1281 962574.8682523585
1283 962977.8028098897
1285 963973.5559829625
1288 964551.8629065400
1292 964798.1489120069
1293 965478.1670703096
1296 965633.3119958217
1299 966125.3100873643
1305 966478.6384658400
1306 967094.0704535441
1315 967887.5093657771
1316 968136.5644157452
1319 968479.6719802252
1323 969032.3252116054
1328 969329.4604303351
1330 969438.1635844669
1331 969734.6802087225
1334 969963.8698636044
1338 970088.7949973519
1339 970253.5441332972
1342 970334.8774035532
1345 970511.6957123369
1346 971095.5027469796
1348 971666.3753089394
1349 972330.2413068428
1351 973103.6191007240
1355 973985.8210431455
1356 974091.4999143492
1359 974196.9193691233
1360 974746.2699221416
1363 975196.5290303219
1364 975229.5318838920
1365 976083.8302655739
1368 976459.7400453415
1373 977103.4056720517
1374 978040.6890627033
1376 978818.3714368498
1379 979125.6465896775
1380 979238.3339339164
1381 979946.2469098818
1392 979965.3280784281
1395 980155.3779816432
1397 980370.8000776566
1399 980438.1258684237
1400 980726.1428047777
1402 980749.3020188502
1405 980906.1855420005
1407 981576.5751452057
1417 982172.3830771622
1430 982571.8865271977
1435 983418.4869781970
1444 983475.8031163852
1445 983950.7082510556
1447 983983.3606160855
1453 984147.2672817863
1456 984879.2043761105
1457 985081.5225197852
1458 985991.3730958651
1463 986169.9735451199
1467 987102.8274709535
1471 987237.8763694162
1473 987819.1998036961
1476 987999.2907465069
1477 988289.3592225594
1485 988993.6112544286
1486 989876.2017893608
1487 990729.6602643840
1491 990848.8398848426
1492 990903.8865957494
1493 991780.7014689210
1494 992100.7404680084
1496 992790.5062304972
1504 993411.5933666956
1511 994342.7894910395
1515 994649.5734430180
1522 995070.1917385802
1525 995576.6585647844
1529 996076.9698657024
1530 996529.4072764635
1539 996978.1018028388
1543 997895.7509821393
1544 998563.4949721463
1561 999363.6675726484
1562 999974.4990049817
1569 1000333.4007071534
1570 1001146.3374786451
1572 1001677.9118983923
1574 1002471.3175102588
1578 1002548.1703901506
1579 1003083.4646057617
1584 1003755.5780298391
1585 1004607.2619233190
1595 1005497.8956957988
1600 1006454.7690673711
1607 1006963.1413308381
1609 1007217.3840047696
1614 1007902.2949694517
1620 1008430.8290639410
1625 1009274.0267916990
1629 1009458.6485508635
1635 1009578.2922181699
1638 1009825.6674016461
1639 1010144.7512379657
1642 1010184.9596498996
1643 1010241.5213783721
1644 1010360.8069280296
1649 1011171.1899194025
1652 1011783.6791291818
1657 1012522.2388162495
1661 1012620.4781843037
1662 1013089.9133557163
1664 1013639.9383436904
1667 1014298.8228585153
1669 1015199.8785654989
1675 1015634.0165689730
1678 1015953.3539526120
1679 1016209.5078889959
1684 1016623.2267646404
1689 1017033.9409345755
1694 1017135.9593254428
1695 1017158.3066486770
1696 1018065.5561168952
1697 1018964.5286762699
1698 1019590.4945532875
1707 1020344.7296511228
1708 1020484.5934040102
1712 1021170.2928542183
1729 1022099.8994372180
1732 1022701.9226773821
1736 1023152.9748091430
1745 1023969.0487980440
1756 1024128.1179272770
1758 1024885.0384160589
1762 1025600.2971135341
1765 1025949.8575687190
1766 1026117.8094608965
1767 1026608.3827936957
1778 1027355.9798174870
1785 1027469.8413815146
1792 1028137.8130261595
1793 1028416.6911219551
1797 1028569.6350783621
1799 1028829.3437421558
1800 1029072.6796894032
1804 1029308.0721633844
1816 1030225.9889802887
1818 1031040.2442749146
1824 1031486.3437274524
1831 1031760.4423486412
1837 1031918.9144791088
1848 1032238.6870402372
1853 1032967.5763060359
1866 1033830.7324003335
1873 1034679.6627009049
1875 1035135.3173254618
1876 1035470.9103278527
1877 1035653.6201478929
1897 1035888.4875401031
1899 1036337.0756377144
1901 1036515.9873065564
1905 1037204.2384936974
1910 1037453.5662013289
1911 1038094.6942801788
1912 1038167.9342213469
1917 1039079.9985979600
1918 1039994.5870157573
1919 1040726.7830139218
1920 1041626.3580185425
1921 1042579.5883774143
1922 1043265.7014800475
1930 1043556.4230574396
1932 1043835.9952264620
1933 1044359.1568632828
1935 1044974.9709613543
1947 1045663.9564756398
1949 1045961.1295402825
1951 1046419.1713499979
1957 1046698.9575265825
1958 1047539.2548670466
1968 1048459.7244071823
1969 1048754.5056956834
1976 1049227.3607433261
1979 1049583.3239221654
1981 1049727.0136336996
1988 1050458.6209326594
1999 1050500.0677350485
2000 1051008.9181065166
2010 1051297.2128876757
2011 1051537.9349378948
2020 1052251.8408863961
2028 1052325.7806547205
2036 1053222.6271195586
2041 1053662.8999990586
2042 1054169.5662339674
2046 1054474.7740171393
2048 1055120.7768910455
2053 1056054.8955217062
2057 1056542.0878525586
2060 1057434.5584756802
2061 1057436.1864234095
2065 1058275.8408637813
2066 1058360.2633409919
2067 1058616.8881536755
2071 1058896.6455572923
2080 1059354.6366989405
2081 1059838.1633241521
2085 1060043.2782290089
2086 1060636.3830780492
2087 1061051.0796334441
2088 1061557.5153408728
2090 1062335.4603584216
2091 1063113.7651811915
2094 1064036.2692861569
2096 1064994.8401000241
2098 1065395.6042121276
2115 1066073.3978919224
2116 1066506.9176980557
2128 1066669.3727307450
2130 1067347.4979457189
2135 1067763.3373472181
2150 1068582.8082600925
2151 1068715.9883298492
2153 1069024.3121159880
2161 1069287.7607943679
2167 1069955.9446281749
2170 1070242.2087081925
2176 1070332.2970655947
2177 1070658.9531423873
2183 1071537.1578704359
2184 1071627.0401478668
2186 1072239.9455785218
2191 1072672.9612853320
2192 1073300.7628140065
2198 1073775.9458872981
2200 1074497.2788215897
2201 1075116.0460612951
2205 1075553.7422968638
2206 1075734.0281335625
2207 1076207.5176260537
2208 1076362.4069496936
2241 1076379.8060527816
2263 1076821.2792032480
2271 1077461.0976241904
2277 1077666.6621871286
2279 1078638.2089299776
2281 1078735.0213735292
2292 1079071.1861033379
2295 1079265.7189811487
2299 1080128.7188611049
2300 1080200.6917786428
2301 1080799.3834190480
2302 1081021.2116573623
2305 1081111.2894923850
2313 1081189.5972302123
2315 1081245.0023637221
2316 1081823.8769105591
2323 1082587.5058680947
2326 1082611.9315793968
2337 1082992.6420374534
2338 1083920.9949083575
2340 1084324.2449422230
2342 1085196.3995738036
2343 1085294.5074837185
2348 1085396.4146655994
2356 1086057.5811991566
2358 1086855.7737067565
2362 1087093.9385111544
2365 1087421.5167390907
2373 1088094.6960293911
2380 1088873.3227408503
2381 1089343.8760012165
2394 1089896.5468236196
2398 1090104.4675647505
2409 1090434.2263911688
2423 1090698.6169602631
2429 1090888.7340303850
2436 1091417.3938542816
2437 1091456.0960266255
2452 1091559.0302365262
2463 1091559.3138981324
2470 1091765.4664030476
2472 1091982.4260750352
2473 1092574.5058418366
2477 1092964.9896960210
2478 1093169.9486172060
2479 1093880.8281836633
2480 1094806.1896985278
2481 1095313.0995912622
2494 1095334.4676541896
2496 1096049.9823118742
2500 1096417.5405426233
2506 1096572.7471311968
2509 1097001.7679613822
2514 1097545.0124128219
2518 1098031.4716248685
2520 1098543.3587780688
2523 1099182.2176296785
2526 1099382.1639345442
2527 1100362.9764892021
2531 1101284.2374532176
2536 1102127.9334002214
2537 1102779.7649759834
2539 1102904.3157263214
2547 1103296.4349629567
2549 1103463.3002440142
2553 1103877.6893478134
2556 1104859.1783257367
2558 1105347.0876439856
2562 1106142.1312840586
2572 1106778.7777591241
2574 1107300.7128133720
2581 1108242.4245684342
2590 1109077.0407176088
2594 1109475.2215352096
2596 1109961.1903618933
2608 1110127.6737610197
2609 1110856.4625744864
2614 1111052.3958659326
2616 1111491.0258795591
2633 1111880.8411451939
2635 1112692.7557200114
2638 1113626.1838288507
2642 1114158.6186776834
2643 1114186.0807033891
2650 1114266.0032440401
2655 1114525.2654467016
2661 1114683.9803399798
2664 1114728.7231558731
2666 1115647.0109273547
2673 1116291.4188723855
2679 1117066.3599447799
2681 1117966.3051786465
2682 1118737.1497995246
2690 1118774.8432408057
2693 1119533.6942726141
2698 1119605.8151903152
2701 1119939.0956430049
2714 1120454.4071508897
2715 1120576.3838216085
2720 1121552.5686512084
2727 1122025.7062366123
2733 1122483.1114482009
2742 1123026.0933802826
2744 1123262.6572752132
2747 1124234.1595600240
2752 1125220.1724179464
2762 1125409.4552021893
2763 1125461.6156350796
2768 1126198.0030340359
2772 1126710.6479866968
2784 1126951.0970345878
2787 1127167.4238625013
2791 1127542.2160965602
2796 1127928.7446091701
2798 1128852.4973452890
2800 1129453.3395141005
2809 1129772.6451968870
2816 1130102.3150465037
2817 1130715.7374626233
2822 1131125.5557208129
2823 1131410.3920194728
2826 1131908.2645409009
2831 1132820.0785331421
2841 1133293.8944736503
2845 1134173.7610269899
2847 1134780.7555489973
2850 1135179.1813762849
2851 1135773.7660690986
2861 1136027.7577307278
2873 1136895.6758182405
2878 1137641.2902029217
2882 1138073.5178073156
2889 1138987.8905626023
2890 1138994.7745962606
2900 1139747.3562563162
2901 1140119.1269818691
2906 1140299.5927725569
2909 1140846.7723565362
2918 1141182.7911113859
2923 1141569.4499143215
2926 1142087.4088569663
2931 1142626.3935178341
2932 1142961.1490219680
2939 1143419.4906332691
2943 1143489.2558476620
2946 1144246.0511585975
2970 1144682.9572593281
2975 1145405.8712348770
2989 1145599.8918521572
2992 1146557.6021180712
2995 1146852.4538573304
2996 1147267.1359548157
2997 1147873.9971676213
3000 1148066.2155567131
3005 1148372.3559892103
3017 1149168.2617118491
3018 1149251.7742053277
3026 1149527.2954470080
3032 1150357.1224102485
3036 1150806.3321030126
3037 1151382.2133529410
3044 1151541.6827158420
3056 1151645.9776181770
3066 1152439.6681842445
3067 1153149.9493840956
3082 1153326.4227904964
3102 1153639.8071763224
3109 1154038.6930008694
3122 1154472.7098659433
3123 1154943.3852277684
3128 1155198.0301294948
3136 1156001.4857503979
3162 1156073.9520781029
3165 1156125.4198409412
3173 1156156.5979257231
3180 1156391.8481481904
3186 1157053.3198205000
3187 1157707.9185701241
3188 1158542.9271040249
3198 1159382.1058063975
3203 1160329.9752496334
3205 1160609.2142775571
3208 1160852.0768764068
3209 1161138.8479568607
3212 1161158.9890792244
3226 1161272.0792612180
3238 1162122.4660190495
3241 1162868.6927749678
3248 1163640.8483892221
3255 1164620.4524624995
3267 1164832.6775645660
3278 1165658.1697500490
3279 1166263.6472320990
3294 1166468.5788004291
3298 1166502.7546248198
3300 1167106.4732313645
3306 1167879.4262550867
3311 1168842.9760469133
3313 1169634.0638432181
3325 1170077.2649080644
3328 1170752.9085374132
3344 1171102.0312530810
3349 1172025.2051813912
3350 1172485.7692419887
3351 1173006.7138033167
3354 1173675.9406692090
3362 1174305.3752816820
3379 1175107.7575870911
3386 1175694.4779715035
3388 1176072.0144005197
3391 1176512.1562504396
3393 1177133.2284390936
3417 1178104.1643599623
3438 1178617.4752362673
3440 1178905.3080731162
3443 1179592.8653099593
3445 1180287.4087106457
3458 1180736.8164960667
3468 1181230.8900825840
3475 1181262.5407700948
3479 1181263.2865525028
3490 1181993.4290207957
3491 1182950.5961098636
3504 1182990.2999394706
3508 1183674.1070834713
3511 1183865.3488465413
3517 1183954.5645867924
3518 1183991.2791380386
3521 1184597.2689121468
3525 1184758.4962646130
3527 1185072.1760244844
3531 1185838.1665137347
3548 1185887.6009174054
3554 1186798.1824363319
3555 1187023.3997308479
3559 1187846.0744891600
3562 1187961.7290438092
3576 1188510.8207886952
3580 1189214.0444739379
3590 1189243.1148338579
3592 1189605.8905875117
3602 1190059.7202848301
3604 1190182.7706571405
3606 1190217.2748135647
3609 1190556.7105267881
3613 1190823.6952478560
3614 1191509.4835865751
3617 1192039.5917349220
3618 1192045.8078989165
3628 1192068.0580850933
3651 1193036.7205004198
3655 1193037.4773475872
3675 1193239.1151276424
3680 1194057.9984525715
3683 1194121.9154036336
3701 1194514.3095897790
3706 1194857.3465868500
3712 1194976.3317984934
3721 1195065.6360395704
3736 1195300.4490744544
3737 1195477.3423182019
3751 1196158.4189372063
3755 1196366.3592139266
3777 1197017.1860929225
3779 1197125.4721846704
3797 1197772.8931101204
3799 1198540.3772024801
3806 1198963.1413057516
3815 1199483.5970390474
3838 1200094.8011374972
3842 1200271.9059391529
3843 1200871.5479859039
3845 1201377.2558887433
3846 1202357.4154107964
3855 1202549.2784651371
3874 1203410.6466413499
3883 1203503.2607812898
3886 1203712.4920208044
3893 1204263.7650366181
3911 1204316.6154229727
3916 1204317.5263660850
3920 1204790.5487497598
3951 1205427.1615190459
3959 1205495.9442218281
3970 1206000.5492239804
3972 1206138.5259741803
3975 1206412.3618054416
3992 1207330.3094113856
4002 1207737.5967572399
4015 1208558.1008741986
4033 1209160.1193645489
4035 1209469.2805344067
4038 1210381.4114971994
4044 1211376.3143775521
4046 1211942.5166695560
4052 1212570.7795437658
4062 1213097.1854608629
4071 1213216.4969120426
4082 1214149.8528878433
4096 1214150.9528469155
4098 1215073.9360676249
4105 1216039.7624567370
4125 1216993.4474442510
4128 1217872.9427343525
4131 1217967.7512423506
4132 1218779.4449422327
4134 1219543.3904242076
4136 1219570.7145103503
4140 1220507.3063466300
4145 1220524.4059065494
4147 1220763.8349730128
4148 1221694.0954365542
4177 1222061.7445460618
4178 1222124.1732680954
4182 1222246.9151026127
4190 1222434.9864383209
4193 1222765.5724122142
4204 1223626.2454561421
4207 1224087.0768402591
4214 1224225.4885820893
4235 1224368.4967568074
4239 1225226.8307239276
4240 1225746.1280139147
4260 1225993.1442445435
4277 1226034.3276751470
4281 1226477.9782969384
4298 1226634.5386727965
4309 1227167.5923264544
4332 1227652.5047766501
4348 1227930.3630379061
4365 1228556.3469820435
4367 1229041.1214458935
4383 1229846.1717466738
4390 1230316.0449925454
4403 1231182.0750267387
4418 1231560.4207392239
4421 1231718.7853794824
4427 1231807.9671345418
4428 1232303.1392462382
4429 1232863.3254180793
4434 1233648.0190716542
4436 1234316.1919962121
4439 1234343.8241877998
4450 1234639.9897145543
4463 1235459.2278763028
4465 1235460.5445481273
4471 1236294.8362502335
4484 1236996.8507250296
4496 1237119.0548094907
4503 1237297.8799819243
4510 1237792.9505251725
4519 1238698.7391502759
4523 1238763.7931314898
4548 1239455.8435036468
4551 1239460.7049972173
4554 1239554.9288046400
4587 1240130.6268079686
4594 1240627.1882527571
4608 1240790.3962860219
4614 1241687.3210103884
4615 1241693.8694168611
4636 1242193.6200209742
4652 1242426.9903065667
4653 1243158.2722019828
4654 1243666.8662212726
4672 1244089.4218406223
4677 1244528.0937552727
4685 1244956.6612385160
4687 1245547.1763503216
4694 1245959.2194601812
4699 1246595.8306848879
4720 1246663.9950415378
4736 1247418.8046638146
4738 1247616.9900890309
4755 1247748.0463586347
4758 1248275.6847125185
4769 1248724.3701483537
4776 1249321.7565080852
4780 1250206.8739880524
4784 1250359.6443684676
4786 1250709.5626337698
4808 1251016.5281322056
4821 1251764.3484245015
4830 1251768.7815358511
4839 1251864.5151807559
4855 1252671.4056708352
4862 1252678.4305615968
4882 1253202.5623623487
4883 1254002.7181231019
4898 1254802.3279319694
4926 1254802.7101988925
4928 1255640.1421735496
4935 1255644.3599784488
4948 1256484.7092784136
4949 1256734.7698306188
4953 1256809.1004840829
4977 1256982.4931646721
5010 1257338.1392809157
5113 1257340.7102323289
5127 1257723.9232649738
5162 1258590.8976770854
5205 1258595.6574382768
5207 1259493.6786657698
5209 1260009.1218865095
5226 1260367.0921790504
5266 1260717.3064644998
5351 1260724.3158035793
5353 1261271.7757747194
5387 1262001.5181335350
5439 1262001.7722824770
5440 1262401.1997421882
5465 1262749.0630448747
5487 1262749.7549528664
5494 1263633.4028145070
5721 1263640.5388240914
5730 1264426.0500974301
5878 1264427.6350813713
5910 1264955.5378494312
5946 1265210.8389236457
6098 1265898.7807825566
6351 1266319.7497044464
6383 1266322.6527019048
6426 1266483.1767457458
6476 1266493.9901738593
6519 1266691.2275354159
6539 1266697.2289880991
6555 1267195.6975644969
6579 1267425.4563797233
6589 1267870.5096966447
6845 1267884.9161330932
6873 1268243.9356725877
6893 1269088.2889339959
6993 1269537.9428538750
7120 1269608.5355719982
7402 1269612.1898897679
7423 1270510.8931072918
7438 1271030.4726005814
7498 1271831.3680804400
7768 1272410.9680393487
8850 1272991.3292123894
8911 1272996.1903448412
8933 1273045.7260568219
8965 1273363.7102029782
9155 1273389.3570853472
9195 1273603.6153549729
9329 1273604.4257277814
9339 1274345.8432070464
9373 1274632.5216400831
9842 1274941.5387339843
10000 1274020.0266166695
