# evaluation best
1 0.0
2 15.0
3 24.0
4 36.0
5 37.0
6 45.0
7 59.0
8 59.0
9 61.0
10 61.0
11 61.0
12 61.0
13 61.0
14 61.0
15 61.0
16 61.0
17 67.0
18 67.0
19 67.0
20 67.0
21 67.0
22 67.0
23 67.0
24 67.0
25 67.0
26 67.0
27 67.0
28 67.0
29 67.0
30 67.0
31 67.0
32 67.0
33 67.0
34 67.0
35 67.0
36 67.0
37 67.0
38 67.0
39 67.0
40 67.0
41 67.0
42 67.0
43 67.0
44 67.0
45 67.0
46 67.0
47 67.0
48 67.0
49 67.0
50 67.0
51 67.0
52 67.0
53 67.0
54 67.0
55 67.0
56 67.0
57 67.0
58 67.0
59 67.0
60 67.0
61 67.0
62 67.0
63 67.0
64 67.0
65 67.0
66 67.0
67 67.0
68 67.0
69 67.0
70 67.0
71 67.0
72 67.0
73 67.0
74 67.0
75 67.0
76 67.0
77 67.0
78 67.0
79 67.0
80 67.0
81 67.0
82 67.0
83 67.0
84 67.0
85 67.0
86 67.0
87 67.0
88 67.0
89 67.0
90 67.0
91 67.0
92 67.0
93 67.0
94 67.0
95 67.0
96 67.0
97 67.0
98 67.0
99 67.0
100 67.0
101 67.0
102 67.0
103 67.0
104 67.0
105 67.0
106 67.0
107 67.0
108 67.0
109 67.0
110 67.0
111 67.0
112 67.0
113 67.0
114 67.0
115 67.0
116 67.0
117 67.0
118 67.0
119 67.0
120 67.0
121 67.0
122 67.0
123 67.0
124 67.0
125 67.0
126 67.0
127 67.0
128 67.0
129 67.0
130 67.0
131 67.0
132 67.0
133 67.0
134 67.0
135 67.0
136 67.0
137 67.0
138 67.0
139 67.0
140 67.0
141 67.0
142 67.0
143 67.0
144 67.0
145 67.0
146 67.0
147 67.0
148 67.0
149 67.0
150 67.0
151 67.0
152 67.0
153 67.0
154 67.0
155 67.0
156 67.0
157 67.0
158 67.0
159 67.0
160 67.0
161 67.0
162 67.0
163 67.0
164 67.0
165 67.0
166 67.0
167 67.0
168 67.0
169 67.0
170 67.0
171 67.0
172 67.0
173 67.0
174 67.0
175 67.0
176 67.0
177 67.0
178 67.0
179 67.0
180 67.0
181 67.0
182 67.0
183 67.0
184 67.0
185 67.0
186 72.0
187 72.0
188 72.0
189 72.0
190 72.0
191 72.0
192 72.0
193 72.0
194 72.0
195 72.0
196 72.0
197 72.0
198 72.0
199 72.0
200 72.0
201 72.0
202 72.0
203 72.0
204 72.0
205 72.0
206 72.0
207 72.0
208 72.0
209 72.0
210 72.0
211 72.0
212 72.0
213 72.0
214 72.0
215 72.0
216 72.0
217 72.0
218 72.0
219 72.0
220 72.0
221 72.0
222 72.0
223 72.0
224 72.0
225 72.0
226 72.0
227 72.0
228 72.0
229 72.0
230 72.0
231 72.0
232 72.0
233 72.0
234 72.0
235 72.0
236 72.0
237 72.0
238 72.0
239 72.0
240 72.0
241 72.0
242 72.0
243 72.0
244 72.0
245 72.0
246 72.0
247 72.0
248 72.0
249 72.0
250 72.0
251 72.0
252 72.0
253 72.0
254 72.0
255 72.0
256 72.0
257 72.0
258 72.0
259 72.0
260 72.0
261 72.0
262 72.0
263 72.0
264 72.0
265 72.0
266 72.0
267 72.0
268 72.0
269 72.0
270 72.0
271 72.0
272 72.0
273 72.0
274 72.0
275 72.0
276 72.0
277 72.0
278 72.0
279 72.0
280 72.0
281 72.0
282 72.0
283 72.0
284 72.0
285 72.0
286 72.0
287 72.0
288 72.0
289 72.0
290 72.0
291 72.0
292 72.0
293 72.0
294 72.0
295 72.0
296 72.0
297 72.0
298 72.0
299 72.0
300 72.0
301 72.0
302 72.0
303 72.0
304 72.0
305 72.0
306 72.0
307 72.0
308 72.0
309 72.0
310 72.0
311 72.0
312 72.0
313 72.0
314 72.0
315 72.0
316 72.0
317 72.0
318 72.0
319 72.0
320 72.0
321 72.0
322 72.0
323 72.0
324 72.0
325 72.0
326 72.0
327 72.0
328 72.0
329 72.0
330 72.0
331 72.0
332 72.0
333 72.0
334 72.0
335 72.0
336 72.0
337 72.0
338 72.0
339 72.0
340 72.0
341 72.0
342 72.0
343 72.0
344 72.0
345 72.0
346 72.0
347 72.0
348 72.0
349 72.0
350 72.0
351 72.0
352 72.0
353 72.0
354 72.0
355 72.0
356 72.0
357 72.0
358 72.0
359 72.0
360 72.0
361 72.0
362 72.0
363 72.0
364 72.0
365 72.0
366 72.0
367 72.0
368 72.0
369 72.0
370 72.0
371 72.0
372 72.0
373 72.0
374 72.0
375 72.0
376 72.0
377 72.0
378 72.0
379 72.0
380 72.0
381 72.0
382 72.0
383 72.0
384 72.0
385 80.0
386 80.0
387 80.0
388 80.0
389 80.0
390 80.0
391 80.0
392 80.0
393 80.0
394 80.0
395 83.0
396 83.0
397 83.0
398 83.0
399 83.0
400 83.0
401 83.0
402 83.0
403 83.0
404 83.0
405 83.0
406 83.0
407 83.0
408 83.0
409 83.0
410 83.0
411 83.0
412 83.0
413 83.0
414 83.0
415 83.0
416 83.0
417 83.0
418 83.0
419 83.0
420 83.0
421 83.0
422 83.0
423 83.0
424 83.0
425 83.0
426 83.0
427 83.0
428 83.0
429 83.0
430 83.0
431 83.0
432 83.0
433 83.0
434 83.0
435 83.0
436 83.0
437 83.0
438 83.0
439 83.0
440 83.0
441 83.0
442 83.0
443 83.0
444 83.0
445 83.0
446 83.0
447 83.0
448 83.0
449 83.0
450 83.0
451 83.0
452 83.0
453 83.0
454 83.0
455 83.0
456 83.0
457 83.0
458 83.0
459 83.0
460 83.0
461 83.0
462 83.0
463 83.0
464 83.0
465 83.0
466 83.0
467 83.0
468 83.0
469 83.0
470 83.0
471 83.0
472 83.0
473 83.0
474 83.0
475 83.0
476 83.0
477 83.0
478 83.0
479 83.0
480 83.0
481 83.0
482 83.0
483 83.0
484 83.0
485 83.0
486 83.0
487 83.0
488 83.0
489 83.0
490 83.0
491 83.0
492 83.0
493 83.0
494 83.0
495 83.0
496 83.0
497 83.0
498 83.0
499 83.0
500 83.0
501 83.0
502 83.0
503 83.0
504 83.0
505 83.0
506 83.0
507 83.0
508 83.0
509 83.0
510 83.0
511 83.0
512 83.0
513 83.0
514 83.0
515 83.0
516 83.0
517 83.0
518 83.0
519 83.0
520 83.0
521 83.0
522 83.0
523 83.0
524 83.0
525 83.0
526 83.0
527 83.0
528 83.0
529 83.0
530 83.0
531 83.0
532 83.0
533 83.0
534 83.0
535 83.0
536 83.0
537 83.0
538 83.0
539 83.0
540 83.0
541 83.0
542 83.0
543 83.0
544 83.0
545 83.0
546 83.0
547 83.0
548 83.0
549 83.0
550 83.0
551 83.0
552 83.0
553 83.0
554 83.0
555 83.0
556 83.0
557 83.0
558 83.0
559 83.0
560 83.0
561 83.0
562 83.0
563 83.0
564 83.0
565 83.0
566 83.0
567 83.0
568 83.0
569 83.0
570 83.0
571 83.0
572 83.0
573 83.0
574 83.0
575 83.0
576 83.0
577 83.0
578 83.0
579 83.0
580 83.0
581 83.0
582 83.0
583 83.0
584 83.0
585 83.0
586 83.0
587 83.0
588 83.0
589 83.0
590 83.0
591 83.0
592 83.0
593 83.0
594 83.0
595 83.0
596 83.0
597 83.0
598 83.0
599 83.0
600 83.0
601 83.0
602 83.0
603 83.0
604 83.0
605 83.0
606 83.0
607 83.0
608 83.0
609 83.0
610 83.0
611 83.0
612 83.0
613 83.0
614 83.0
615 83.0
616 83.0
617 83.0
618 83.0
619 83.0
620 83.0
621 83.0
622 83.0
623 83.0
624 83.0
625 83.0
626 83.0
627 83.0
628 83.0
629 83.0
630 83.0
631 83.0
632 83.0
633 83.0
634 83.0
635 83.0
636 83.0
637 83.0
638 83.0
639 83.0
640 83.0
641 83.0
642 83.0
643 83.0
644 83.0
645 83.0
646 83.0
647 83.0
648 83.0
649 83.0
650 83.0
651 83.0
652 83.0
653 83.0
654 83.0
655 83.0
656 83.0
657 83.0
658 83.0
659 83.0
660 83.0
661 83.0
662 83.0
663 83.0
664 83.0
665 83.0
666 83.0
667 83.0
668 83.0
669 83.0
670 83.0
671 83.0
672 83.0
673 83.0
674 83.0
675 83.0
676 83.0
677 83.0
678 83.0
679 83.0
680 83.0
681 83.0
682 83.0
683 83.0
684 83.0
685 83.0
686 83.0
687 83.0
688 83.0
689 83.0
690 83.0
691 83.0
692 83.0
693 83.0
694 83.0
695 83.0
696 83.0
697 83.0
698 83.0
699 83.0
700 83.0
701 83.0
702 83.0
703 83.0
704 83.0
705 83.0
706 83.0
707 83.0
708 83.0
709 83.0
710 83.0
711 83.0
712 83.0
713 83.0
714 83.0
715 83.0
716 83.0
717 83.0
718 83.0
719 83.0
720 83.0
721 83.0
722 83.0
723 83.0
724 83.0
725 83.0
726 83.0
727 83.0
728 83.0
729 83.0
730 83.0
731 83.0
732 83.0
733 83.0
734 83.0
735 83.0
736 83.0
737 83.0
738 83.0
739 83.0
740 83.0
741 83.0
742 83.0
743 83.0
744 83.0
745 83.0
746 83.0
747 83.0
748 83.0
749 83.0
750 83.0
751 83.0
752 83.0
753 83.0
754 83.0
755 83.0
756 83.0
757 83.0
758 83.0
759 83.0
760 83.0
761 83.0
762 83.0
763 83.0
764 83.0
765 83.0
766 83.0
767 83.0
768 83.0
769 83.0
770 83.0
771 83.0
772 83.0
773 83.0
774 83.0
775 83.0
776 83.0
777 83.0
778 83.0
779 83.0
780 83.0
781 83.0
782 83.0
783 83.0
784 83.0
785 83.0
786 83.0
787 83.0
788 83.0
789 83.0
790 83.0
791 83.0
792 83.0
793 83.0
794 83.0
795 83.0
796 83.0
797 83.0
798 83.0
799 83.0
800 83.0
801 83.0
802 83.0
803 83.0
804 83.0
805 83.0
806 83.0
807 83.0
808 83.0
809 83.0
810 83.0
811 83.0
812 83.0
813 83.0
814 83.0
815 83.0
816 83.0
817 83.0
818 83.0
819 83.0
820 83.0
821 83.0
822 83.0
823 83.0
824 83.0
825 83.0
826 83.0
827 83.0
828 83.0
829 83.0
830 83.0
831 83.0
832 83.0
833 83.0
834 83.0
835 83.0
836 83.0
837 83.0
838 83.0
839 83.0
840 83.0
841 83.0
842 83.0
843 83.0
844 83.0
845 83.0
846 83.0
847 83.0
848 83.0
849 83.0
850 83.0
851 83.0
852 83.0
853 83.0
854 83.0
855 83.0
856 83.0
857 83.0
858 83.0
859 83.0
860 83.0
861 83.0
862 83.0
863 83.0
864 83.0
865 83.0
866 83.0
867 83.0
868 83.0
869 83.0
870 83.0
871 83.0
872 83.0
873 83.0
874 83.0
875 83.0
876 83.0
877 83.0
878 83.0
879 83.0
880 83.0
881 83.0
882 83.0
883 83.0
884 83.0
885 83.0
886 83.0
887 83.0
888 83.0
889 83.0
890 83.0
891 83.0
892 83.0
893 83.0
894 83.0
895 83.0
896 83.0
897 83.0
898 83.0
899 83.0
900 83.0
901 83.0
902 83.0
903 83.0
904 83.0
905 83.0
906 83.0
907 83.0
908 83.0
909 83.0
910 83.0
911 83.0
912 83.0
913 83.0
914 83.0
915 83.0
916 83.0
917 83.0
918 83.0
919 83.0
920 83.0
921 83.0
922 83.0
923 83.0
924 83.0
925 83.0
926 83.0
927 83.0
928 83.0
929 83.0
930 83.0
931 83.0
932 83.0
933 83.0
934 83.0
935 83.0
936 83.0
937 83.0
938 83.0
939 83.0
940 83.0
941 83.0
942 83.0
943 83.0
944 83.0
945 83.0
946 83.0
947 83.0
948 83.0
949 83.0
950 83.0
951 83.0
952 83.0
953 83.0
954 83.0
955 83.0
956 83.0
957 83.0
958 83.0
959 83.0
960 83.0
961 83.0
962 83.0
963 83.0
964 83.0
965 83.0
966 83.0
967 83.0
968 83.0
969 83.0
970 83.0
971 83.0
972 83.0
973 83.0
974 83.0
975 83.0
976 83.0
977 83.0
978 83.0
979 83.0
980 83.0
981 83.0
982 83.0
983 83.0
984 83.0
985 83.0
986 83.0
987 83.0
988 83.0
989 83.0
990 83.0
991 83.0
992 83.0
993 83.0
994 83.0
995 83.0
996 83.0
997 83.0
998 83.0
999 83.0
1000 83.0
1001 83.0
1002 83.0
1003 83.0
1004 83.0
1005 83.0
1006 83.0
1007 83.0
1008 83.0
1009 83.0
1010 83.0
1011 83.0
1012 83.0
1013 83.0
1014 83.0
1015 83.0
1016 83.0
1017 83.0
1018 83.0
1019 83.0
1020 83.0
1021 83.0
1022 83.0
1023 83.0
1024 83.0
1025 83.0
1026 83.0
1027 83.0
1028 83.0
1029 83.0
1030 83.0
1031 83.0
1032 83.0
1033 83.0
1034 83.0
1035 83.0
1036 83.0
1037 83.0
1038 83.0
1039 83.0
1040 83.0
1041 83.0
1042 83.0
1043 83.0
1044 83.0
1045 83.0
1046 83.0
1047 83.0
1048 83.0
1049 83.0
1050 83.0
1051 83.0
1052 83.0
1053 83.0
1054 83.0
1055 83.0
1056 83.0
1057 83.0
1058 83.0
1059 83.0
1060 83.0
1061 83.0
1062 83.0
1063 83.0
1064 83.0
1065 83.0
1066 83.0
1067 83.0
1068 83.0
1069 83.0
1070 83.0
1071 83.0
1072 83.0
1073 83.0
1074 83.0
1075 83.0
1076 83.0
1077 83.0
1078 83.0
1079 83.0
1080 83.0
1081 83.0
1082 83.0
1083 83.0
1084 83.0
1085 83.0
1086 83.0
1087 83.0
1088 83.0
1089 83.0
1090 83.0
1091 83.0
1092 83.0
1093 83.0
1094 83.0
1095 83.0
1096 83.0
1097 83.0
1098 83.0
1099 83.0
1100 83.0
1101 83.0
1102 83.0
1103 83.0
1104 83.0
1105 83.0
1106 83.0
1107 83.0
1108 83.0
1109 83.0
1110 83.0
1111 83.0
1112 83.0
1113 83.0
1114 83.0
1115 83.0
1116 83.0
1117 83.0
1118 83.0
1119 83.0
1120 83.0
1121 83.0
1122 83.0
1123 83.0
1124 83.0
1125 83.0
1126 83.0
1127 83.0
1128 83.0
1129 83.0
1130 83.0
1131 83.0
1132 83.0
1133 83.0
1134 83.0
1135 83.0
1136 83.0
1137 83.0
1138 83.0
1139 83.0
1140 83.0
1141 83.0
1142 83.0
1143 83.0
1144 83.0
1145 83.0
1146 83.0
1147 83.0
1148 83.0
1149 83.0
1150 83.0
1151 83.0
1152 83.0
1153 83.0
1154 83.0
1155 83.0
1156 83.0
1157 83.0
1158 83.0
1159 83.0
1160 83.0
1161 83.0
1162 83.0
1163 83.0
1164 83.0
1165 83.0
1166 83.0
1167 83.0
1168 83.0
1169 83.0
1170 83.0
1171 83.0
1172 83.0
1173 83.0
1174 83.0
1175 83.0
1176 83.0
1177 83.0
1178 83.0
1179 83.0
1180 83.0
1181 83.0
1182 83.0
1183 83.0
1184 83.0
1185 83.0
1186 83.0
1187 83.0
1188 83.0
1189 83.0
1190 83.0
1191 83.0
1192 83.0
1193 83.0
1194 83.0
1195 83.0
1196 83.0
1197 83.0
1198 83.0
1199 83.0
1200 83.0
1201 83.0
1202 83.0
1203 83.0
1204 83.0
1205 83.0
1206 83.0
1207 83.0
1208 83.0
1209 83.0
1210 83.0
1211 83.0
1212 83.0
1213 83.0
1214 83.0
1215 83.0
1216 83.0
1217 83.0
1218 83.0
1219 83.0
1220 83.0
1221 83.0
1222 83.0
1223 83.0
1224 83.0
1225 83.0
1226 83.0
1227 83.0
1228 83.0
1229 83.0
1230 83.0
1231 83.0
1232 83.0
1233 83.0
1234 83.0
1235 83.0
1236 83.0
1237 83.0
1238 83.0
1239 83.0
1240 83.0
1241 83.0
1242 83.0
1243 83.0
1244 83.0
1245 83.0
1246 83.0
1247 83.0
1248 83.0
1249 83.0
1250 83.0
1251 83.0
1252 83.0
1253 83.0
1254 83.0
1255 83.0
1256 83.0
1257 83.0
1258 83.0
1259 83.0
1260 83.0
1261 83.0
1262 83.0
1263 83.0
1264 83.0
1265 83.0
1266 83.0
1267 83.0
1268 83.0
1269 83.0
1270 83.0
1271 83.0
1272 83.0
1273 83.0
1274 83.0
1275 83.0
1276 83.0
1277 83.0
1278 83.0
1279 83.0
1280 83.0
1281 83.0
1282 83.0
1283 83.0
1284 83.0
1285 83.0
1286 83.0
1287 83.0
1288 83.0
1289 83.0
1290 83.0
1291 83.0
1292 83.0
1293 83.0
1294 83.0
1295 83.0
1296 83.0
1297 83.0
1298 83.0
1299 83.0
1300 83.0
1301 83.0
1302 83.0
1303 83.0
1304 83.0
1305 83.0
1306 83.0
1307 83.0
1308 83.0
1309 83.0
1310 83.0
1311 83.0
1312 83.0
1313 83.0
1314 83.0
1315 83.0
1316 83.0
1317 83.0
1318 83.0
1319 83.0
1320 83.0
1321 83.0
1322 83.0
1323 83.0
1324 83.0
1325 83.0
1326 83.0
1327 83.0
1328 83.0
1329 83.0
1330 83.0
1331 83.0
1332 83.0
1333 83.0
1334 83.0
1335 83.0
1336 83.0
1337 83.0
1338 83.0
1339 83.0
1340 83.0
1341 83.0
1342 83.0
1343 83.0
1344 83.0
1345 83.0
1346 83.0
1347 83.0
1348 83.0
1349 83.0
1350 83.0
1351 83.0
1352 83.0
1353 83.0
1354 83.0
1355 83.0
1356 83.0
1357 83.0
1358 83.0
1359 83.0
1360 83.0
1361 83.0
1362 83.0
1363 83.0
1364 83.0
1365 83.0
1366 83.0
1367 83.0
1368 83.0
1369 83.0
1370 83.0
1371 83.0
1372 83.0
1373 83.0
1374 83.0
1375 83.0
1376 83.0
1377 83.0
1378 83.0
1379 83.0
1380 83.0
1381 83.0
1382 83.0
1383 83.0
1384 83.0
1385 83.0
1386 83.0
1387 83.0
1388 83.0
1389 83.0
1390 83.0
1391 83.0
1392 83.0
1393 83.0
1394 83.0
1395 83.0
1396 83.0
1397 83.0
1398 83.0
1399 83.0
1400 83.0
1401 83.0
1402 83.0
1403 83.0
1404 83.0
1405 83.0
1406 83.0
1407 83.0
1408 83.0
1409 83.0
1410 83.0
1411 83.0
1412 83.0
1413 83.0
1414 83.0
1415 83.0
1416 83.0
1417 83.0
1418 83.0
1419 83.0
1420 83.0
1421 83.0
1422 83.0
1423 83.0
1424 83.0
1425 83.0
1426 83.0
1427 83.0
1428 83.0
1429 83.0
1430 83.0
1431 83.0
1432 83.0
1433 83.0
1434 83.0
1435 83.0
1436 83.0
1437 83.0
1438 83.0
1439 83.0
1440 83.0
1441 83.0
1442 83.0
1443 83.0
1444 83.0
1445 83.0
1446 83.0
1447 83.0
1448 83.0
1449 83.0
1450 83.0
1451 83.0
1452 83.0
1453 83.0
1454 83.0
1455 83.0
1456 83.0
1457 83.0
1458 83.0
1459 83.0
1460 83.0
1461 83.0
1462 83.0
1463 83.0
1464 83.0
1465 83.0
1466 83.0
1467 83.0
1468 83.0
1469 83.0
1470 83.0
1471 83.0
1472 83.0
1473 83.0
1474 83.0
1475 83.0
1476 83.0
1477 83.0
1478 83.0
1479 83.0
1480 83.0
1481 83.0
1482 83.0
1483 83.0
1484 83.0
1485 83.0
1486 83.0
1487 83.0
1488 83.0
1489 83.0
1490 83.0
1491 83.0
1492 83.0
1493 83.0
1494 83.0
1495 83.0
1496 83.0
1497 83.0
1498 83.0
1499 83.0
1500 83.0
1501 83.0
1502 83.0
1503 83.0
1504 83.0
1505 83.0
1506 83.0
1507 83.0
1508 83.0
1509 83.0
1510 83.0
1511 83.0
1512 83.0
1513 83.0
1514 83.0
1515 83.0
1516 83.0
1517 83.0
1518 83.0
1519 83.0
1520 83.0
1521 83.0
1522 83.0
1523 83.0
1524 83.0
1525 83.0
1526 83.0
1527 83.0
1528 83.0
1529 83.0
1530 83.0
1531 83.0
1532 83.0
1533 83.0
1534 83.0
1535 83.0
1536 83.0
1537 83.0
1538 83.0
1539 83.0
1540 83.0
1541 83.0
1542 83.0
1543 83.0
1544 83.0
1545 83.0
1546 83.0
1547 83.0
1548 83.0
1549 83.0
1550 83.0
1551 83.0
1552 83.0
1553 83.0
1554 83.0
1555 83.0
1556 83.0
1557 83.0
1558 83.0
1559 83.0
1560 83.0
1561 83.0
1562 83.0
1563 83.0
1564 83.0
1565 83.0
1566 83.0
1567 83.0
1568 83.0
1569 83.0
1570 83.0
1571 83.0
1572 83.0
1573 83.0
1574 83.0
1575 83.0
1576 83.0
1577 83.0
1578 83.0
1579 83.0
1580 83.0
1581 83.0
1582 83.0
1583 83.0
1584 83.0
1585 83.0
1586 83.0
1587 83.0
1588 83.0
1589 83.0
1590 83.0
1591 83.0
1592 83.0
1593 83.0
1594 83.0
1595 83.0
1596 83.0
1597 83.0
1598 83.0
1599 83.0
1600 83.0
1601 83.0
1602 83.0
1603 83.0
1604 83.0
1605 83.0
1606 83.0
1607 83.0
1608 83.0
1609 83.0
1610 83.0
1611 83.0
1612 83.0
1613 83.0
1614 83.0
1615 83.0
1616 83.0
1617 83.0
1618 83.0
1619 83.0
1620 83.0
1621 83.0
1622 83.0
1623 83.0
1624 83.0
1625 83.0
1626 83.0
1627 83.0
1628 83.0
1629 83.0
1630 83.0
1631 83.0
1632 83.0
1633 83.0
1634 83.0
1635 83.0
1636 83.0
1637 83.0
1638 83.0
1639 83.0
1640 83.0
1641 83.0
1642 83.0
1643 83.0
1644 83.0
1645 83.0
1646 83.0
1647 83.0
1648 83.0
1649 83.0
1650 83.0
1651 83.0
1652 83.0
1653 83.0
1654 83.0
1655 83.0
1656 83.0
1657 83.0
1658 83.0
1659 83.0
1660 83.0
1661 83.0
1662 83.0
1663 83.0
1664 83.0
1665 83.0
1666 83.0
1667 83.0
1668 83.0
1669 83.0
1670 83.0
1671 83.0
1672 83.0
1673 83.0
1674 83.0
1675 83.0
1676 83.0
1677 83.0
1678 83.0
1679 83.0
1680 83.0
1681 83.0
1682 83.0
1683 83.0
1684 83.0
1685 83.0
1686 83.0
1687 83.0
1688 83.0
1689 83.0
1690 83.0
1691 83.0
1692 83.0
1693 83.0
1694 83.0
1695 83.0
1696 83.0
1697 83.0
1698 83.0
1699 83.0
1700 83.0
1701 83.0
1702 83.0
1703 83.0
1704 83.0
1705 83.0
1706 83.0
1707 83.0
1708 83.0
1709 83.0
1710 83.0
1711 83.0
1712 83.0
1713 83.0
1714 83.0
1715 83.0
1716 83.0
1717 83.0
1718 83.0
1719 83.0
1720 83.0
1721 83.0
1722 83.0
1723 83.0
1724 83.0
1725 83.0
1726 83.0
1727 83.0
1728 83.0
1729 83.0
1730 83.0
1731 83.0
1732 83.0
1733 83.0
1734 83.0
1735 83.0
1736 83.0
1737 83.0
1738 83.0
1739 83.0
1740 83.0
1741 83.0
1742 83.0
1743 83.0
1744 83.0
1745 83.0
1746 83.0
1747 83.0
1748 83.0
1749 83.0
1750 83.0
1751 83.0
1752 83.0
1753 83.0
1754 83.0
1755 83.0
1756 83.0
1757 83.0
1758 83.0
1759 83.0
1760 83.0
1761 83.0
1762 83.0
1763 83.0
1764 83.0
1765 83.0
1766 83.0
1767 83.0
1768 83.0
1769 83.0
1770 83.0
1771 83.0
1772 83.0
1773 83.0
1774 83.0
1775 83.0
1776 83.0
1777 83.0
1778 83.0
1779 83.0
1780 83.0
1781 83.0
1782 83.0
1783 83.0
1784 83.0
1785 83.0
1786 83.0
1787 83.0
1788 83.0
1789 83.0
1790 83.0
1791 83.0
1792 83.0
1793 83.0
1794 83.0
1795 83.0
1796 83.0
1797 83.0
1798 83.0
1799 83.0
1800 83.0
1801 83.0
1802 83.0
1803 83.0
1804 83.0
1805 83.0
1806 83.0
1807 83.0
1808 83.0
1809 83.0
1810 83.0
1811 83.0
1812 83.0
1813 83.0
1814 83.0
1815 83.0
1816 83.0
1817 83.0
1818 83.0
1819 83.0
1820 83.0
1821 83.0
1822 83.0
1823 83.0
1824 83.0
1825 83.0
1826 83.0
1827 83.0
1828 83.0
1829 83.0
1830 83.0
1831 83.0
1832 83.0
1833 83.0
1834 83.0
1835 83.0
1836 83.0
1837 83.0
1838 83.0
1839 83.0
1840 83.0
1841 83.0
1842 83.0
1843 83.0
1844 83.0
1845 83.0
1846 83.0
1847 83.0
1848 83.0
1849 83.0
1850 83.0
1851 83.0
1852 83.0
1853 83.0
1854 83.0
1855 83.0
1856 83.0
1857 83.0
1858 83.0
1859 83.0
1860 83.0
1861 83.0
1862 83.0
1863 83.0
1864 83.0
1865 83.0
1866 83.0
1867 83.0
1868 83.0
1869 83.0
1870 83.0
1871 83.0
1872 83.0
1873 83.0
1874 83.0
1875 83.0
1876 83.0
1877 83.0
1878 83.0
1879 83.0
1880 83.0
1881 83.0
1882 83.0
1883 83.0
1884 83.0
1885 83.0
1886 83.0
1887 83.0
1888 83.0
1889 83.0
1890 83.0
1891 83.0
1892 83.0
1893 83.0
1894 83.0
1895 83.0
1896 83.0
1897 83.0
1898 83.0
1899 83.0
1900 83.0
1901 83.0
1902 83.0
1903 83.0
1904 83.0
1905 83.0
1906 83.0
1907 83.0
1908 83.0
1909 83.0
1910 83.0
1911 83.0
1912 83.0
1913 83.0
1914 83.0
1915 83.0
1916 83.0
1917 83.0
1918 83.0
1919 83.0
1920 83.0
1921 83.0
1922 83.0
1923 83.0
1924 83.0
1925 83.0
1926 83.0
1927 83.0
1928 83.0
1929 83.0
1930 83.0
1931 83.0
1932 83.0
1933 83.0
1934 83.0
1935 83.0
1936 83.0
1937 83.0
1938 83.0
1939 83.0
1940 83.0
1941 83.0
1942 83.0
1943 83.0
1944 83.0
1945 83.0
1946 83.0
1947 83.0
1948 83.0
1949 83.0
1950 83.0
1951 83.0
1952 83.0
1953 83.0
1954 83.0
1955 83.0
1956 83.0
1957 83.0
1958 83.0
1959 83.0
1960 83.0
1961 83.0
1962 83.0
1963 83.0
1964 83.0
1965 83.0
1966 83.0
1967 83.0
1968 83.0
1969 83.0
1970 83.0
1971 83.0
1972 83.0
1973 83.0
1974 83.0
1975 83.0
1976 83.0
1977 83.0
1978 83.0
1979 83.0
1980 83.0
1981 83.0
1982 83.0
1983 83.0
1984 83.0
1985 83.0
1986 83.0
1987 83.0
1988 83.0
1989 83.0
1990 83.0
1991 83.0
1992 83.0
1993 83.0
1994 83.0
1995 83.0
1996 83.0
1997 83.0
1998 83.0
1999 83.0
2000 83.0
2001 83.0
2002 83.0
2003 83.0
2004 83.0
2005 83.0
2006 83.0
2007 83.0
2008 83.0
2009 83.0
2010 83.0
2011 83.0
2012 83.0
2013 83.0
2014 83.0
2015 83.0
2016 83.0
2017 83.0
2018 83.0
2019 83.0
2020 83.0
2021 83.0
2022 83.0
2023 83.0
2024 83.0
2025 83.0
2026 83.0
2027 83.0
2028 83.0
2029 83.0
2030 83.0
2031 83.0
2032 83.0
2033 83.0
2034 83.0
2035 83.0
2036 83.0
2037 83.0
2038 83.0
2039 83.0
2040 83.0
2041 83.0
2042 83.0
2043 83.0
2044 83.0
2045 83.0
2046 83.0
2047 83.0
2048 83.0
2049 83.0
2050 83.0
2051 83.0
2052 83.0
2053 83.0
2054 83.0
2055 83.0
2056 83.0
2057 83.0
2058 83.0
2059 83.0
2060 83.0
2061 83.0
2062 83.0
2063 83.0
2064 83.0
2065 83.0
2066 83.0
2067 83.0
2068 83.0
2069 83.0
2070 83.0
2071 83.0
2072 83.0
2073 83.0
2074 83.0
2075 83.0
2076 83.0
2077 83.0
2078 83.0
2079 83.0
2080 83.0
2081 83.0
2082 83.0
2083 83.0
2084 83.0
2085 83.0
2086 83.0
2087 83.0
2088 83.0
2089 83.0
2090 83.0
2091 83.0
2092 83.0
2093 83.0
2094 83.0
2095 83.0
2096 83.0
2097 83.0
2098 83.0
2099 83.0
2100 83.0
2101 83.0
2102 83.0
2103 83.0
2104 83.0
2105 83.0
2106 83.0
2107 83.0
2108 83.0
2109 83.0
2110 83.0
2111 83.0
2112 83.0
2113 83.0
2114 83.0
2115 83.0
2116 83.0
2117 83.0
2118 83.0
2119 83.0
2120 83.0
2121 83.0
2122 83.0
2123 83.0
2124 83.0
2125 83.0
2126 83.0
2127 83.0
2128 83.0
2129 83.0
2130 83.0
2131 83.0
2132 83.0
2133 83.0
2134 83.0
2135 83.0
2136 83.0
2137 83.0
2138 83.0
2139 83.0
2140 83.0
2141 83.0
2142 83.0
2143 83.0
2144 83.0
2145 83.0
2146 83.0
2147 83.0
2148 83.0
2149 83.0
2150 83.0
2151 83.0
2152 83.0
2153 83.0
2154 83.0
2155 83.0
2156 83.0
2157 83.0
2158 83.0
2159 83.0
2160 83.0
2161 83.0
2162 83.0
2163 83.0
2164 83.0
2165 83.0
2166 83.0
2167 83.0
2168 83.0
2169 83.0
2170 83.0
2171 83.0
2172 83.0
2173 83.0
2174 83.0
2175 83.0
2176 83.0
2177 83.0
2178 83.0
2179 83.0
2180 83.0
2181 83.0
2182 83.0
2183 83.0
2184 83.0
2185 83.0
2186 83.0
2187 83.0
2188 83.0
2189 83.0
2190 83.0
2191 83.0
2192 83.0
2193 83.0
2194 83.0
2195 83.0
2196 83.0
2197 83.0
2198 83.0
2199 83.0
2200 83.0
2201 83.0
2202 83.0
2203 83.0
2204 83.0
2205 83.0
2206 83.0
2207 83.0
2208 83.0
2209 83.0
2210 83.0
2211 83.0
2212 83.0
2213 83.0
2214 83.0
2215 83.0
2216 83.0
2217 83.0
2218 83.0
2219 83.0
2220 83.0
2221 83.0
2222 83.0
2223 83.0
2224 83.0
2225 83.0
2226 83.0
2227 83.0
2228 83.0
2229 83.0
2230 83.0
2231 83.0
2232 83.0
2233 83.0
2234 83.0
2235 83.0
2236 83.0
2237 83.0
2238 83.0
2239 83.0
2240 83.0
2241 83.0
2242 83.0
2243 83.0
2244 83.0
2245 83.0
2246 83.0
2247 83.0
2248 83.0
2249 83.0
2250 83.0
2251 83.0
2252 83.0
2253 83.0
2254 83.0
2255 83.0
2256 83.0
2257 83.0
2258 83.0
2259 83.0
2260 83.0
2261 83.0
2262 83.0
2263 83.0
2264 83.0
2265 83.0
2266 83.0
2267 83.0
2268 83.0
2269 83.0
2270 83.0
2271 83.0
2272 83.0
2273 83.0
2274 83.0
2275 83.0
2276 83.0
2277 83.0
2278 83.0
2279 83.0
2280 83.0
2281 83.0
2282 83.0
2283 83.0
2284 83.0
2285 83.0
2286 83.0
2287 83.0
2288 83.0
2289 83.0
2290 83.0
2291 83.0
2292 83.0
2293 83.0
2294 83.0
2295 83.0
2296 83.0
2297 83.0
2298 83.0
2299 83.0
2300 83.0
2301 83.0
2302 83.0
2303 83.0
2304 83.0
2305 83.0
2306 83.0
2307 83.0
2308 83.0
2309 83.0
2310 83.0
2311 83.0
2312 83.0
2313 83.0
2314 83.0
2315 83.0
2316 83.0
2317 83.0
2318 83.0
2319 83.0
2320 83.0
2321 83.0
2322 83.0
2323 83.0
2324 83.0
2325 83.0
2326 83.0
2327 83.0
2328 83.0
2329 83.0
2330 83.0
2331 83.0
2332 83.0
2333 83.0
2334 83.0
2335 83.0
2336 83.0
2337 83.0
2338 83.0
2339 83.0
2340 83.0
2341 83.0
2342 83.0
2343 83.0
2344 83.0
2345 83.0
2346 83.0
2347 83.0
2348 83.0
2349 83.0
2350 83.0
2351 83.0
2352 83.0
2353 83.0
2354 83.0
2355 83.0
2356 83.0
2357 83.0
2358 83.0
2359 83.0
2360 83.0
2361 83.0
2362 83.0
2363 83.0
2364 83.0
2365 83.0
2366 83.0
2367 83.0
2368 83.0
2369 83.0
2370 83.0
2371 83.0
2372 83.0
2373 83.0
2374 83.0
2375 83.0
2376 83.0
2377 83.0
2378 83.0
2379 83.0
2380 83.0
2381 83.0
2382 83.0
2383 83.0
2384 83.0
2385 83.0
2386 83.0
2387 83.0
2388 83.0
2389 83.0
2390 83.0
2391 83.0
2392 83.0
2393 83.0
2394 83.0
2395 83.0
2396 83.0
2397 83.0
2398 83.0
2399 83.0
2400 83.0
2401 83.0
2402 83.0
2403 83.0
2404 83.0
2405 83.0
2406 83.0
2407 83.0
2408 83.0
2409 83.0
2410 83.0
2411 83.0
2412 83.0
2413 83.0
2414 83.0
2415 83.0
2416 83.0
2417 83.0
2418 83.0
2419 83.0
2420 83.0
2421 83.0
2422 83.0
2423 83.0
2424 83.0
2425 83.0
2426 83.0
2427 83.0
2428 83.0
2429 83.0
2430 83.0
2431 83.0
2432 83.0
2433 83.0
2434 83.0
2435 83.0
2436 83.0
2437 83.0
2438 83.0
2439 83.0
2440 83.0
2441 83.0
2442 83.0
2443 83.0
2444 83.0
2445 83.0
2446 83.0
2447 83.0
2448 83.0
2449 83.0
2450 83.0
2451 83.0
2452 83.0
2453 83.0
2454 83.0
2455 83.0
2456 83.0
2457 83.0
2458 83.0
2459 83.0
2460 83.0
2461 83.0
2462 83.0
2463 83.0
2464 83.0
2465 83.0
2466 83.0
2467 83.0
2468 83.0
2469 83.0
2470 83.0
2471 83.0
2472 83.0
2473 83.0
2474 83.0
2475 83.0
2476 83.0
2477 83.0
2478 83.0
2479 83.0
2480 83.0
2481 83.0
2482 83.0
2483 83.0
2484 83.0
2485 83.0
2486 83.0
2487 83.0
2488 83.0
2489 83.0
2490 83.0
2491 83.0
2492 83.0
2493 83.0
2494 83.0
2495 83.0
2496 83.0
2497 83.0
2498 83.0
2499 83.0
2500 83.0
2501 83.0
2502 83.0
2503 83.0
2504 83.0
2505 83.0
2506 83.0
2507 83.0
2508 83.0
2509 83.0
2510 83.0
2511 83.0
2512 83.0
2513 83.0
2514 83.0
2515 83.0
2516 83.0
2517 83.0
2518 83.0
2519 83.0
2520 83.0
2521 83.0
2522 83.0
2523 83.0
2524 83.0
2525 83.0
2526 83.0
2527 83.0
2528 83.0
2529 83.0
2530 83.0
2531 83.0
2532 83.0
2533 83.0
2534 83.0
2535 83.0
2536 83.0
2537 83.0
2538 83.0
2539 83.0
2540 83.0
2541 83.0
2542 83.0
2543 83.0
2544 83.0
2545 83.0
2546 83.0
2547 83.0
2548 83.0
2549 83.0
2550 83.0
2551 83.0
2552 83.0
2553 83.0
2554 83.0
2555 83.0
2556 83.0
2557 83.0
2558 83.0
2559 83.0
2560 83.0
2561 83.0
2562 83.0
2563 83.0
2564 83.0
2565 83.0
2566 83.0
2567 83.0
2568 83.0
2569 83.0
2570 83.0
2571 83.0
2572 83.0
2573 83.0
2574 83.0
2575 83.0
2576 83.0
2577 83.0
2578 83.0
2579 83.0
2580 83.0
2581 83.0
2582 83.0
2583 83.0
2584 83.0
2585 83.0
2586 83.0
2587 83.0
2588 83.0
2589 83.0
2590 83.0
2591 83.0
2592 83.0
2593 83.0
2594 83.0
2595 83.0
2596 83.0
2597 83.0
2598 83.0
2599 83.0
2600 83.0
2601 83.0
2602 83.0
2603 83.0
2604 83.0
2605 83.0
2606 83.0
2607 83.0
2608 83.0
2609 83.0
2610 83.0
2611 83.0
2612 83.0
2613 83.0
2614 83.0
2615 83.0
2616 83.0
2617 83.0
2618 83.0
2619 83.0
2620 83.0
2621 83.0
2622 83.0
2623 83.0
2624 83.0
2625 83.0
2626 83.0
2627 83.0
2628 83.0
2629 83.0
2630 83.0
2631 83.0
2632 83.0
2633 83.0
2634 83.0
2635 83.0
2636 83.0
2637 83.0
2638 83.0
2639 83.0
2640 83.0
2641 83.0
2642 83.0
2643 83.0
2644 83.0
2645 83.0
2646 83.0
2647 83.0
2648 83.0
2649 83.0
2650 83.0
2651 83.0
2652 83.0
2653 83.0
2654 83.0
2655 83.0
2656 83.0
2657 83.0
2658 83.0
2659 83.0
2660 83.0
2661 83.0
2662 83.0
2663 83.0
2664 83.0
2665 83.0
2666 83.0
2667 83.0
2668 83.0
2669 83.0
2670 83.0
2671 83.0
2672 83.0
2673 83.0
2674 83.0
2675 83.0
2676 83.0
2677 83.0
2678 83.0
2679 83.0
2680 83.0
2681 83.0
2682 83.0
2683 83.0
2684 83.0
2685 83.0
2686 83.0
2687 83.0
2688 83.0
2689 83.0
2690 83.0
2691 83.0
2692 83.0
2693 83.0
2694 83.0
2695 83.0
2696 83.0
2697 83.0
2698 83.0
2699 83.0
2700 83.0
2701 83.0
2702 83.0
2703 83.0
2704 83.0
2705 83.0
2706 83.0
2707 83.0
2708 83.0
2709 83.0
2710 83.0
2711 83.0
2712 83.0
2713 83.0
2714 83.0
2715 83.0
2716 83.0
2717 83.0
2718 83.0
2719 83.0
2720 83.0
2721 83.0
2722 83.0
2723 83.0
2724 83.0
2725 83.0
2726 83.0
2727 83.0
2728 83.0
2729 83.0
2730 83.0
2731 83.0
2732 83.0
2733 83.0
2734 83.0
2735 83.0
2736 83.0
2737 83.0
2738 83.0
2739 83.0
2740 83.0
2741 83.0
2742 83.0
2743 83.0
2744 83.0
2745 83.0
2746 83.0
2747 83.0
2748 83.0
2749 83.0
2750 83.0
2751 83.0
2752 83.0
2753 83.0
2754 83.0
2755 83.0
2756 83.0
2757 83.0
2758 83.0
2759 83.0
2760 83.0
2761 83.0
2762 83.0
2763 83.0
2764 83.0
2765 83.0
2766 83.0
2767 83.0
2768 83.0
2769 83.0
2770 83.0
2771 83.0
2772 83.0
2773 83.0
2774 83.0
2775 83.0
2776 83.0
2777 83.0
2778 83.0
2779 83.0
2780 83.0
2781 83.0
2782 83.0
2783 83.0
2784 83.0
2785 83.0
2786 83.0
2787 83.0
2788 83.0
2789 83.0
2790 83.0
2791 83.0
2792 83.0
2793 83.0
2794 83.0
2795 83.0
2796 83.0
2797 83.0
2798 83.0
2799 83.0
2800 83.0
2801 83.0
2802 83.0
2803 83.0
2804 83.0
2805 83.0
2806 83.0
2807 83.0
2808 83.0
2809 83.0
2810 83.0
2811 83.0
2812 83.0
2813 83.0
2814 83.0
2815 83.0
2816 83.0
2817 83.0
2818 83.0
2819 83.0
2820 83.0
2821 83.0
2822 83.0
2823 83.0
2824 83.0
2825 83.0
2826 83.0
2827 83.0
2828 83.0
2829 83.0
2830 83.0
2831 83.0
2832 83.0
2833 83.0
2834 83.0
2835 83.0
2836 83.0
2837 83.0
2838 83.0
2839 83.0
2840 83.0
2841 83.0
2842 83.0
2843 83.0
2844 83.0
2845 83.0
2846 83.0
2847 83.0
2848 83.0
2849 83.0
2850 83.0
2851 83.0
2852 83.0
2853 83.0
2854 83.0
2855 83.0
2856 83.0
2857 83.0
2858 83.0
2859 83.0
2860 83.0
2861 83.0
2862 83.0
2863 83.0
2864 83.0
2865 83.0
2866 83.0
2867 83.0
2868 83.0
2869 83.0
2870 83.0
2871 83.0
2872 83.0
2873 83.0
2874 83.0
2875 83.0
2876 83.0
2877 83.0
2878 83.0
2879 83.0
2880 83.0
2881 83.0
2882 83.0
2883 83.0
2884 83.0
2885 83.0
2886 83.0
2887 83.0
2888 83.0
2889 83.0
2890 83.0
2891 83.0
2892 83.0
2893 83.0
2894 83.0
2895 83.0
2896 83.0
2897 83.0
2898 83.0
2899 83.0
2900 83.0
2901 83.0
2902 83.0
2903 83.0
2904 83.0
2905 83.0
2906 83.0
2907 83.0
2908 83.0
2909 83.0
2910 83.0
2911 83.0
2912 83.0
2913 83.0
2914 83.0
2915 83.0
2916 83.0
2917 83.0
2918 83.0
2919 83.0
2920 83.0
2921 83.0
2922 83.0
2923 83.0
2924 83.0
2925 83.0
2926 83.0
2927 83.0
2928 83.0
2929 83.0
2930 83.0
2931 83.0
2932 83.0
2933 83.0
2934 83.0
2935 83.0
2936 83.0
2937 83.0
2938 83.0
2939 83.0
2940 83.0
2941 83.0
2942 83.0
2943 83.0
2944 83.0
2945 83.0
2946 83.0
2947 83.0
2948 83.0
2949 83.0
2950 83.0
2951 83.0
2952 83.0
2953 83.0
2954 83.0
2955 83.0
2956 83.0
2957 83.0
2958 83.0
2959 83.0
2960 83.0
2961 83.0
2962 83.0
2963 83.0
2964 83.0
2965 83.0
2966 83.0
2967 83.0
2968 83.0
2969 83.0
2970 83.0
2971 83.0
2972 83.0
2973 83.0
2974 83.0
2975 83.0
2976 83.0
2977 83.0
2978 83.0
2979 83.0
2980 83.0
2981 83.0
2982 83.0
2983 83.0
2984 83.0
2985 83.0
2986 83.0
2987 83.0
2988 83.0
2989 83.0
2990 83.0
2991 83.0
2992 83.0
2993 83.0
2994 83.0
2995 83.0
2996 83.0
2997 83.0
2998 83.0
2999 83.0
3000 83.0
3001 83.0
3002 83.0
3003 83.0
3004 83.0
3005 83.0
3006 83.0
3007 83.0
3008 83.0
3009 83.0
3010 83.0
3011 83.0
3012 83.0
3013 83.0
3014 83.0
3015 83.0
3016 83.0
3017 83.0
3018 83.0
3019 83.0
3020 83.0
3021 83.0
3022 83.0
3023 83.0
3024 83.0
3025 83.0
3026 83.0
3027 83.0
3028 83.0
3029 83.0
3030 83.0
3031 83.0
3032 83.0
3033 83.0
3034 83.0
3035 83.0
3036 83.0
3037 83.0
3038 83.0
3039 83.0
3040 83.0
3041 83.0
3042 83.0
3043 83.0
3044 83.0
3045 83.0
3046 83.0
3047 83.0
3048 83.0
3049 83.0
3050 83.0
3051 83.0
3052 83.0
3053 83.0
3054 83.0
3055 83.0
3056 83.0
3057 83.0
3058 83.0
3059 83.0
3060 83.0
3061 83.0
3062 83.0
3063 83.0
3064 83.0
3065 83.0
3066 83.0
3067 83.0
3068 83.0
3069 83.0
3070 83.0
3071 83.0
3072 83.0
3073 83.0
3074 83.0
3075 83.0
3076 83.0
3077 83.0
3078 83.0
3079 83.0
3080 83.0
3081 83.0
3082 83.0
3083 83.0
3084 83.0
3085 83.0
3086 83.0
3087 83.0
3088 83.0
3089 83.0
3090 83.0
3091 83.0
3092 83.0
3093 83.0
3094 83.0
3095 83.0
3096 83.0
3097 83.0
3098 83.0
3099 83.0
3100 83.0
3101 83.0
3102 83.0
3103 83.0
3104 83.0
3105 83.0
3106 83.0
3107 83.0
3108 83.0
3109 83.0
3110 83.0
3111 83.0
3112 83.0
3113 83.0
3114 83.0
3115 83.0
3116 83.0
3117 83.0
3118 83.0
3119 83.0
3120 83.0
3121 83.0
3122 83.0
3123 83.0
3124 83.0
3125 83.0
3126 83.0
3127 83.0
3128 83.0
3129 83.0
3130 83.0
3131 83.0
3132 83.0
3133 83.0
3134 83.0
3135 83.0
3136 83.0
3137 83.0
3138 83.0
3139 83.0
3140 83.0
3141 83.0
3142 83.0
3143 83.0
3144 83.0
3145 83.0
3146 83.0
3147 83.0
3148 83.0
3149 83.0
3150 83.0
3151 83.0
3152 83.0
3153 83.0
3154 83.0
3155 83.0
3156 83.0
3157 83.0
3158 83.0
3159 83.0
3160 83.0
3161 83.0
3162 83.0
3163 83.0
3164 83.0
3165 83.0
3166 83.0
3167 83.0
3168 83.0
3169 83.0
3170 83.0
3171 83.0
3172 83.0
3173 83.0
3174 83.0
3175 83.0
3176 83.0
3177 83.0
3178 83.0
3179 83.0
3180 83.0
3181 83.0
3182 83.0
3183 83.0
3184 83.0
3185 83.0
3186 83.0
3187 83.0
3188 83.0
3189 83.0
3190 83.0
3191 83.0
3192 83.0
3193 83.0
3194 83.0
3195 83.0
3196 83.0
3197 83.0
3198 83.0
3199 83.0
3200 83.0
3201 83.0
3202 83.0
3203 83.0
3204 83.0
3205 83.0
3206 83.0
3207 83.0
3208 83.0
3209 83.0
3210 83.0
3211 83.0
3212 83.0
3213 83.0
3214 83.0
3215 83.0
3216 83.0
3217 83.0
3218 83.0
3219 83.0
3220 83.0
3221 83.0
3222 83.0
3223 83.0
3224 83.0
3225 83.0
3226 83.0
3227 83.0
3228 83.0
3229 83.0
3230 83.0
3231 83.0
3232 83.0
3233 83.0
3234 83.0
3235 83.0
3236 83.0
3237 83.0
3238 83.0
3239 83.0
3240 83.0
3241 83.0
3242 83.0
3243 83.0
3244 83.0
3245 83.0
3246 83.0
3247 83.0
3248 83.0
3249 83.0
3250 83.0
3251 83.0
3252 83.0
3253 83.0
3254 83.0
3255 83.0
3256 83.0
3257 83.0
3258 83.0
3259 83.0
3260 83.0
3261 83.0
3262 83.0
3263 83.0
3264 83.0
3265 83.0
3266 83.0
3267 83.0
3268 83.0
3269 83.0
3270 83.0
3271 83.0
3272 83.0
3273 83.0
3274 83.0
3275 83.0
3276 83.0
3277 83.0
3278 83.0
3279 83.0
3280 83.0
3281 83.0
3282 83.0
3283 83.0
3284 83.0
3285 83.0
3286 83.0
3287 83.0
3288 83.0
3289 83.0
3290 83.0
3291 83.0
3292 83.0
3293 83.0
3294 83.0
3295 83.0
3296 83.0
3297 83.0
3298 83.0
3299 83.0
3300 83.0
3301 83.0
3302 83.0
3303 83.0
3304 83.0
3305 83.0
3306 83.0
3307 83.0
3308 83.0
3309 83.0
3310 83.0
3311 83.0
3312 83.0
3313 83.0
3314 83.0
3315 83.0
3316 83.0
3317 83.0
3318 83.0
3319 83.0
3320 83.0
3321 83.0
3322 83.0
3323 83.0
3324 83.0
3325 83.0
3326 83.0
3327 83.0
3328 83.0
3329 83.0
3330 83.0
3331 83.0
3332 83.0
3333 83.0
3334 83.0
3335 83.0
3336 83.0
3337 83.0
3338 83.0
3339 83.0
3340 83.0
3341 83.0
3342 83.0
3343 83.0
3344 83.0
3345 83.0
3346 83.0
3347 83.0
3348 83.0
3349 83.0
3350 83.0
3351 83.0
3352 83.0
3353 83.0
3354 83.0
3355 83.0
3356 83.0
3357 83.0
3358 83.0
3359 83.0
3360 83.0
3361 83.0
3362 83.0
3363 83.0
3364 83.0
3365 83.0
3366 83.0
3367 83.0
3368 83.0
3369 83.0
3370 83.0
3371 83.0
3372 83.0
3373 83.0
3374 83.0
3375 83.0
3376 83.0
3377 83.0
3378 83.0
3379 83.0
3380 83.0
3381 83.0
3382 83.0
3383 83.0
3384 83.0
3385 83.0
3386 83.0
3387 83.0
3388 83.0
3389 83.0
3390 83.0
3391 83.0
3392 83.0
3393 83.0
3394 83.0
3395 83.0
3396 83.0
3397 83.0
3398 83.0
3399 83.0
3400 83.0
3401 83.0
3402 83.0
3403 83.0
3404 83.0
3405 83.0
3406 83.0
3407 83.0
3408 83.0
3409 83.0
3410 83.0
3411 83.0
3412 83.0
3413 83.0
3414 83.0
3415 83.0
3416 83.0
3417 83.0
3418 83.0
3419 83.0
3420 83.0
3421 83.0
3422 83.0
3423 83.0
3424 83.0
3425 83.0
3426 83.0
3427 83.0
3428 83.0
3429 83.0
3430 83.0
3431 83.0
3432 83.0
3433 83.0
3434 83.0
3435 83.0
3436 83.0
3437 83.0
3438 83.0
3439 83.0
3440 83.0
3441 83.0
3442 83.0
3443 83.0
3444 83.0
3445 83.0
3446 83.0
3447 83.0
3448 83.0
3449 83.0
3450 83.0
3451 83.0
3452 83.0
3453 83.0
3454 83.0
3455 83.0
3456 83.0
3457 83.0
3458 83.0
3459 83.0
3460 83.0
3461 83.0
3462 83.0
3463 83.0
3464 83.0
3465 83.0
3466 83.0
3467 83.0
3468 83.0
3469 83.0
3470 83.0
3471 83.0
3472 83.0
3473 83.0
3474 83.0
3475 83.0
3476 83.0
3477 83.0
3478 83.0
3479 83.0
3480 83.0
3481 83.0
3482 83.0
3483 83.0
3484 83.0
3485 83.0
3486 83.0
3487 83.0
3488 83.0
3489 83.0
3490 83.0
3491 83.0
3492 83.0
3493 83.0
3494 83.0
3495 83.0
3496 83.0
3497 83.0
3498 83.0
3499 83.0
3500 83.0
3501 83.0
3502 83.0
3503 83.0
3504 83.0
3505 83.0
3506 83.0
3507 83.0
3508 83.0
3509 83.0
3510 83.0
3511 83.0
3512 83.0
3513 83.0
3514 83.0
3515 83.0
3516 83.0
3517 83.0
3518 83.0
3519 83.0
3520 83.0
3521 83.0
3522 83.0
3523 83.0
3524 83.0
3525 83.0
3526 83.0
3527 83.0
3528 83.0
3529 83.0
3530 83.0
3531 83.0
3532 83.0
3533 83.0
3534 83.0
3535 83.0
3536 83.0
3537 83.0
3538 83.0
3539 83.0
3540 83.0
3541 83.0
3542 83.0
3543 83.0
3544 83.0
3545 83.0
3546 83.0
3547 83.0
3548 83.0
3549 83.0
3550 83.0
3551 83.0
3552 83.0
3553 83.0
3554 83.0
3555 83.0
3556 83.0
3557 83.0
3558 83.0
3559 83.0
3560 83.0
3561 83.0
3562 83.0
3563 83.0
3564 83.0
3565 83.0
3566 83.0
3567 83.0
3568 83.0
3569 83.0
3570 83.0
3571 83.0
3572 83.0
3573 83.0
3574 83.0
3575 83.0
3576 83.0
3577 83.0
3578 83.0
3579 83.0
3580 83.0
3581 83.0
3582 83.0
3583 83.0
3584 83.0
3585 83.0
3586 83.0
3587 83.0
3588 83.0
3589 83.0
3590 83.0
3591 83.0
3592 83.0
3593 83.0
3594 83.0
3595 83.0
3596 83.0
3597 83.0
3598 83.0
3599 83.0
3600 83.0
3601 83.0
3602 83.0
3603 83.0
3604 83.0
3605 83.0
3606 83.0
3607 83.0
3608 83.0
3609 83.0
3610 83.0
3611 83.0
3612 83.0
3613 83.0
3614 83.0
3615 83.0
3616 83.0
3617 83.0
3618 83.0
3619 83.0
3620 83.0
3621 83.0
3622 83.0
3623 83.0
3624 83.0
3625 83.0
3626 83.0
3627 83.0
3628 83.0
3629 83.0
3630 83.0
3631 83.0
3632 83.0
3633 83.0
3634 83.0
3635 83.0
3636 83.0
3637 83.0
3638 83.0
3639 83.0
3640 83.0
3641 83.0
3642 83.0
3643 83.0
3644 83.0
3645 83.0
3646 83.0
3647 83.0
3648 83.0
3649 83.0
3650 83.0
3651 83.0
3652 83.0
3653 83.0
3654 83.0
3655 83.0
3656 83.0
3657 83.0
3658 83.0
3659 83.0
3660 83.0
3661 83.0
3662 83.0
3663 83.0
3664 83.0
3665 83.0
3666 83.0
3667 83.0
3668 83.0
3669 83.0
3670 83.0
3671 83.0
3672 83.0
3673 83.0
3674 83.0
3675 83.0
3676 83.0
3677 83.0
3678 83.0
3679 83.0
3680 83.0
3681 83.0
3682 83.0
3683 83.0
3684 83.0
3685 83.0
3686 83.0
3687 83.0
3688 83.0
3689 83.0
3690 83.0
3691 83.0
3692 83.0
3693 83.0
3694 83.0
3695 83.0
3696 83.0
3697 83.0
3698 83.0
3699 83.0
3700 83.0
3701 83.0
3702 83.0
3703 83.0
3704 83.0
3705 83.0
3706 83.0
3707 83.0
3708 83.0
3709 83.0
3710 83.0
3711 83.0
3712 83.0
3713 83.0
3714 83.0
3715 83.0
3716 83.0
3717 83.0
3718 83.0
3719 83.0
3720 83.0
3721 83.0
3722 83.0
3723 83.0
3724 83.0
3725 83.0
3726 83.0
3727 83.0
3728 83.0
3729 83.0
3730 83.0
3731 83.0
3732 83.0
3733 83.0
3734 83.0
3735 83.0
3736 83.0
3737 83.0
3738 83.0
3739 83.0
3740 83.0
3741 83.0
3742 83.0
3743 83.0
3744 83.0
3745 83.0
3746 83.0
3747 83.0
3748 83.0
3749 83.0
3750 83.0
3751 83.0
3752 83.0
3753 83.0
3754 83.0
3755 83.0
3756 83.0
3757 83.0
3758 83.0
3759 83.0
3760 83.0
3761 83.0
3762 83.0
3763 83.0
3764 83.0
3765 83.0
3766 83.0
3767 83.0
3768 83.0
3769 83.0
3770 83.0
3771 83.0
3772 83.0
3773 83.0
3774 83.0
3775 83.0
3776 83.0
3777 83.0
3778 83.0
3779 83.0
3780 83.0
3781 83.0
3782 83.0
3783 83.0
3784 83.0
3785 83.0
3786 83.0
3787 83.0
3788 83.0
3789 83.0
3790 83.0
3791 83.0
3792 83.0
3793 83.0
3794 83.0
3795 83.0
3796 83.0
3797 83.0
3798 83.0
3799 83.0
3800 83.0
3801 83.0
3802 83.0
3803 83.0
3804 83.0
3805 83.0
3806 83.0
3807 83.0
3808 83.0
3809 83.0
3810 83.0
3811 83.0
3812 83.0
3813 83.0
3814 83.0
3815 83.0
3816 83.0
3817 83.0
3818 83.0
3819 83.0
3820 83.0
3821 83.0
3822 83.0
3823 83.0
3824 83.0
3825 83.0
3826 83.0
3827 83.0
3828 83.0
3829 83.0
3830 83.0
3831 83.0
3832 83.0
3833 83.0
3834 83.0
3835 83.0
3836 83.0
3837 83.0
3838 83.0
3839 83.0
3840 83.0
3841 83.0
3842 83.0
3843 83.0
3844 83.0
3845 83.0
3846 83.0
3847 83.0
3848 83.0
3849 83.0
3850 83.0
3851 83.0
3852 83.0
3853 83.0
3854 83.0
3855 83.0
3856 83.0
3857 83.0
3858 83.0
3859 83.0
3860 83.0
3861 83.0
3862 83.0
3863 83.0
3864 83.0
3865 83.0
3866 83.0
3867 83.0
3868 83.0
3869 83.0
3870 83.0
3871 83.0
3872 83.0
3873 83.0
3874 83.0
3875 83.0
3876 83.0
3877 83.0
3878 83.0
3879 83.0
3880 83.0
3881 83.0
3882 83.0
3883 83.0
3884 83.0
3885 83.0
3886 83.0
3887 83.0
3888 83.0
3889 83.0
3890 83.0
3891 83.0
3892 83.0
3893 83.0
3894 83.0
3895 83.0
3896 83.0
3897 83.0
3898 83.0
3899 83.0
3900 83.0
3901 83.0
3902 83.0
3903 83.0
3904 83.0
3905 83.0
3906 83.0
3907 83.0
3908 83.0
3909 83.0
3910 83.0
3911 83.0
3912 83.0
3913 83.0
3914 83.0
3915 83.0
3916 83.0
3917 83.0
3918 83.0
3919 83.0
3920 83.0
3921 83.0
3922 83.0
3923 83.0
3924 83.0
3925 83.0
3926 83.0
3927 83.0
3928 83.0
3929 83.0
3930 83.0
3931 83.0
3932 83.0
3933 83.0
3934 83.0
3935 83.0
3936 83.0
3937 83.0
3938 83.0
3939 83.0
3940 83.0
3941 83.0
3942 83.0
3943 83.0
3944 83.0
3945 83.0
3946 83.0
3947 83.0
3948 83.0
3949 83.0
3950 83.0
3951 83.0
3952 83.0
3953 83.0
3954 83.0
3955 83.0
3956 83.0
3957 83.0
3958 83.0
3959 83.0
3960 83.0
3961 83.0
3962 83.0
3963 83.0
3964 83.0
3965 83.0
3966 83.0
3967 83.0
3968 83.0
3969 83.0
3970 83.0
3971 83.0
3972 83.0
3973 83.0
3974 83.0
3975 83.0
3976 83.0
3977 83.0
3978 83.0
3979 83.0
3980 83.0
3981 83.0
3982 83.0
3983 83.0
3984 83.0
3985 83.0
3986 83.0
3987 83.0
3988 83.0
3989 83.0
3990 83.0
3991 83.0
3992 83.0
3993 83.0
3994 83.0
3995 83.0
3996 83.0
3997 83.0
3998 83.0
3999 83.0
4000 83.0
4001 83.0
4002 83.0
4003 83.0
4004 83.0
4005 83.0
4006 83.0
4007 83.0
4008 83.0
4009 83.0
4010 83.0
4011 83.0
4012 83.0
4013 83.0
4014 83.0
4015 83.0
4016 83.0
4017 83.0
4018 83.0
4019 83.0
4020 83.0
4021 83.0
4022 83.0
4023 83.0
4024 83.0
4025 83.0
4026 83.0
4027 83.0
4028 83.0
4029 83.0
4030 83.0
4031 83.0
4032 83.0
4033 83.0
4034 83.0
4035 83.0
4036 83.0
4037 83.0
4038 83.0
4039 83.0
4040 83.0
4041 83.0
4042 83.0
4043 83.0
4044 83.0
4045 83.0
4046 83.0
4047 83.0
4048 83.0
4049 83.0
4050 83.0
4051 83.0
4052 83.0
4053 83.0
4054 83.0
4055 83.0
4056 83.0
4057 83.0
4058 83.0
4059 83.0
4060 83.0
4061 83.0
4062 83.0
4063 83.0
4064 83.0
4065 83.0
4066 83.0
4067 83.0
4068 83.0
4069 83.0
4070 83.0
4071 83.0
4072 83.0
4073 83.0
4074 83.0
4075 83.0
4076 83.0
4077 83.0
4078 83.0
4079 83.0
4080 83.0
4081 83.0
4082 83.0
4083 83.0
4084 83.0
4085 83.0
4086 83.0
4087 83.0
4088 83.0
4089 83.0
4090 83.0
4091 83.0
4092 83.0
4093 83.0
4094 83.0
4095 83.0
4096 83.0
4097 83.0
4098 83.0
4099 83.0
4100 83.0
4101 83.0
4102 83.0
4103 83.0
4104 83.0
4105 83.0
4106 83.0
4107 83.0
4108 83.0
4109 83.0
4110 83.0
4111 83.0
4112 83.0
4113 83.0
4114 83.0
4115 83.0
4116 83.0
4117 83.0
4118 83.0
4119 83.0
4120 83.0
4121 83.0
4122 83.0
4123 83.0
4124 83.0
4125 83.0
4126 83.0
4127 83.0
4128 83.0
4129 83.0
4130 83.0
4131 83.0
4132 83.0
4133 83.0
4134 83.0
4135 83.0
4136 83.0
4137 83.0
4138 83.0
4139 83.0
4140 83.0
4141 83.0
4142 83.0
4143 83.0
4144 83.0
4145 83.0
4146 83.0
4147 83.0
4148 83.0
4149 83.0
4150 83.0
4151 83.0
4152 83.0
4153 83.0
4154 83.0
4155 83.0
4156 83.0
4157 83.0
4158 83.0
4159 83.0
4160 83.0
4161 83.0
4162 83.0
4163 83.0
4164 83.0
4165 83.0
4166 83.0
4167 83.0
4168 83.0
4169 83.0
4170 83.0
4171 83.0
4172 83.0
4173 83.0
4174 83.0
4175 83.0
4176 83.0
4177 83.0
4178 83.0
4179 83.0
4180 83.0
4181 83.0
4182 83.0
4183 83.0
4184 83.0
4185 83.0
4186 83.0
4187 83.0
4188 83.0
4189 83.0
4190 83.0
4191 83.0
4192 83.0
4193 83.0
4194 83.0
4195 83.0
4196 83.0
4197 83.0
4198 83.0
4199 83.0
4200 83.0
4201 83.0
4202 83.0
4203 83.0
4204 83.0
4205 83.0
4206 83.0
4207 83.0
4208 83.0
4209 83.0
4210 83.0
4211 83.0
4212 83.0
4213 83.0
4214 83.0
4215 83.0
4216 83.0
4217 83.0
4218 83.0
4219 83.0
4220 83.0
4221 83.0
4222 83.0
4223 83.0
4224 83.0
4225 83.0
4226 83.0
4227 83.0
4228 83.0
4229 83.0
4230 83.0
4231 83.0
4232 83.0
4233 83.0
4234 83.0
4235 83.0
4236 83.0
4237 83.0
4238 83.0
4239 83.0
4240 83.0
4241 83.0
4242 83.0
4243 83.0
4244 83.0
4245 83.0
4246 83.0
4247 83.0
4248 83.0
4249 83.0
4250 83.0
4251 83.0
4252 83.0
4253 83.0
4254 83.0
4255 83.0
4256 83.0
4257 83.0
4258 83.0
4259 83.0
4260 83.0
4261 83.0
4262 83.0
4263 83.0
4264 83.0
4265 83.0
4266 83.0
4267 83.0
4268 83.0
4269 83.0
4270 83.0
4271 83.0
4272 83.0
4273 83.0
4274 83.0
4275 83.0
4276 83.0
4277 83.0
4278 83.0
4279 83.0
4280 83.0
4281 83.0
4282 83.0
4283 83.0
4284 83.0
4285 83.0
4286 83.0
4287 83.0
4288 83.0
4289 83.0
4290 83.0
4291 83.0
4292 83.0
4293 83.0
4294 83.0
4295 83.0
4296 83.0
4297 83.0
4298 83.0
4299 83.0
4300 83.0
4301 83.0
4302 83.0
4303 83.0
4304 83.0
4305 83.0
4306 83.0
4307 83.0
4308 83.0
4309 83.0
4310 83.0
4311 83.0
4312 83.0
4313 83.0
4314 83.0
4315 83.0
4316 83.0
4317 83.0
4318 83.0
4319 83.0
4320 83.0
4321 83.0
4322 83.0
4323 83.0
4324 83.0
4325 83.0
4326 83.0
4327 83.0
4328 83.0
4329 83.0
4330 83.0
4331 83.0
4332 83.0
4333 83.0
4334 83.0
4335 83.0
4336 83.0
4337 83.0
4338 83.0
4339 83.0
4340 83.0
4341 83.0
4342 83.0
4343 83.0
4344 83.0
4345 83.0
4346 83.0
4347 83.0
4348 83.0
4349 83.0
4350 83.0
4351 83.0
4352 83.0
4353 83.0
4354 83.0
4355 83.0
4356 83.0
4357 83.0
4358 83.0
4359 83.0
4360 83.0
4361 83.0
4362 83.0
4363 83.0
4364 83.0
4365 83.0
4366 83.0
4367 83.0
4368 83.0
4369 83.0
4370 83.0
4371 83.0
4372 83.0
4373 83.0
4374 83.0
4375 83.0
4376 83.0
4377 83.0
4378 83.0
4379 83.0
4380 83.0
4381 83.0
4382 83.0
4383 83.0
4384 83.0
4385 83.0
4386 83.0
4387 83.0
4388 83.0
4389 83.0
4390 83.0
4391 83.0
4392 83.0
4393 83.0
4394 83.0
4395 83.0
4396 83.0
4397 83.0
4398 83.0
4399 83.0
4400 83.0
4401 83.0
4402 83.0
4403 83.0
4404 83.0
4405 83.0
4406 83.0
4407 83.0
4408 83.0
4409 83.0
4410 83.0
4411 83.0
4412 83.0
4413 83.0
4414 83.0
4415 83.0
4416 83.0
4417 83.0
4418 83.0
4419 83.0
4420 83.0
4421 83.0
4422 83.0
4423 83.0
4424 83.0
4425 83.0
4426 83.0
4427 83.0
4428 83.0
4429 83.0
4430 83.0
4431 83.0
4432 83.0
4433 83.0
4434 83.0
4435 83.0
4436 83.0
4437 83.0
4438 83.0
4439 83.0
4440 83.0
4441 83.0
4442 83.0
4443 83.0
4444 83.0
4445 83.0
4446 83.0
4447 83.0
4448 83.0
4449 83.0
4450 83.0
4451 83.0
4452 83.0
4453 83.0
4454 83.0
4455 83.0
4456 83.0
4457 83.0
4458 83.0
4459 83.0
4460 83.0
4461 83.0
4462 83.0
4463 83.0
4464 83.0
4465 83.0
4466 83.0
4467 83.0
4468 83.0
4469 83.0
4470 83.0
4471 83.0
4472 83.0
4473 83.0
4474 83.0
4475 83.0
4476 83.0
4477 83.0
4478 83.0
4479 83.0
4480 83.0
4481 83.0
4482 83.0
4483 83.0
4484 83.0
4485 83.0
4486 83.0
4487 83.0
4488 83.0
4489 83.0
4490 83.0
4491 83.0
4492 83.0
4493 83.0
4494 83.0
4495 83.0
4496 83.0
4497 83.0
4498 83.0
4499 83.0
4500 83.0
4501 83.0
4502 83.0
4503 83.0
4504 83.0
4505 83.0
4506 83.0
4507 83.0
4508 83.0
4509 83.0
4510 83.0
4511 83.0
4512 83.0
4513 83.0
4514 83.0
4515 83.0
4516 83.0
4517 83.0
4518 83.0
4519 83.0
4520 83.0
4521 83.0
4522 83.0
4523 83.0
4524 83.0
4525 83.0
4526 83.0
4527 83.0
4528 83.0
4529 83.0
4530 83.0
4531 83.0
4532 83.0
4533 83.0
4534 83.0
4535 83.0
4536 83.0
4537 83.0
4538 83.0
4539 83.0
4540 83.0
4541 83.0
4542 83.0
4543 83.0
4544 83.0
4545 83.0
4546 83.0
4547 83.0
4548 83.0
4549 83.0
4550 83.0
4551 83.0
4552 83.0
4553 83.0
4554 83.0
4555 83.0
4556 83.0
4557 83.0
4558 83.0
4559 83.0
4560 83.0
4561 83.0
4562 83.0
4563 83.0
4564 83.0
4565 83.0
4566 83.0
4567 83.0
4568 83.0
4569 83.0
4570 83.0
4571 83.0
4572 83.0
4573 83.0
4574 83.0
4575 83.0
4576 83.0
4577 83.0
4578 83.0
4579 83.0
4580 83.0
4581 83.0
4582 83.0
4583 83.0
4584 83.0
4585 83.0
4586 83.0
4587 83.0
4588 83.0
4589 83.0
4590 83.0
4591 83.0
4592 83.0
4593 83.0
4594 83.0
4595 83.0
4596 83.0
4597 83.0
4598 83.0
4599 83.0
4600 83.0
4601 83.0
4602 83.0
4603 83.0
4604 83.0
4605 83.0
4606 83.0
4607 83.0
4608 83.0
4609 83.0
4610 83.0
4611 83.0
4612 83.0
4613 83.0
4614 83.0
4615 83.0
4616 83.0
4617 83.0
4618 83.0
4619 83.0
4620 83.0
4621 83.0
4622 83.0
4623 83.0
4624 83.0
4625 83.0
4626 83.0
4627 83.0
4628 83.0
4629 83.0
4630 83.0
4631 83.0
4632 83.0
4633 83.0
4634 83.0
4635 83.0
4636 83.0
4637 83.0
4638 83.0
4639 83.0
4640 83.0
4641 83.0
4642 83.0
4643 83.0
4644 83.0
4645 83.0
4646 83.0
4647 83.0
4648 83.0
4649 83.0
4650 83.0
4651 83.0
4652 83.0
4653 83.0
4654 83.0
4655 83.0
4656 83.0
4657 83.0
4658 83.0
4659 83.0
4660 83.0
4661 83.0
4662 83.0
4663 83.0
4664 83.0
4665 83.0
4666 83.0
4667 83.0
4668 83.0
4669 83.0
4670 83.0
4671 83.0
4672 83.0
4673 83.0
4674 83.0
4675 83.0
4676 83.0
4677 83.0
4678 83.0
4679 83.0
4680 83.0
4681 83.0
4682 83.0
4683 83.0
4684 83.0
4685 83.0
4686 83.0
4687 83.0
4688 83.0
4689 83.0
4690 83.0
4691 83.0
4692 83.0
4693 83.0
4694 83.0
4695 83.0
4696 83.0
4697 83.0
4698 83.0
4699 83.0
4700 83.0
4701 83.0
4702 83.0
4703 83.0
4704 83.0
4705 83.0
4706 83.0
4707 83.0
4708 83.0
4709 83.0
4710 83.0
4711 83.0
4712 83.0
4713 83.0
4714 83.0
4715 83.0
4716 83.0
4717 83.0
4718 83.0
4719 83.0
4720 83.0
4721 83.0
4722 83.0
4723 83.0
4724 83.0
4725 83.0
4726 83.0
4727 83.0
4728 83.0
4729 83.0
4730 83.0
4731 83.0
4732 83.0
4733 83.0
4734 83.0
4735 83.0
4736 83.0
4737 83.0
4738 83.0
4739 83.0
4740 83.0
4741 83.0
4742 83.0
4743 83.0
4744 83.0
4745 83.0
4746 83.0
4747 83.0
4748 83.0
4749 83.0
4750 83.0
4751 83.0
4752 83.0
4753 83.0
4754 83.0
4755 83.0
4756 83.0
4757 83.0
4758 83.0
4759 83.0
4760 83.0
4761 83.0
4762 83.0
4763 83.0
4764 83.0
4765 83.0
4766 83.0
4767 83.0
4768 83.0
4769 83.0
4770 83.0
4771 83.0
4772 83.0
4773 83.0
4774 83.0
4775 83.0
4776 83.0
4777 83.0
4778 83.0
4779 83.0
4780 83.0
4781 83.0
4782 83.0
4783 83.0
4784 83.0
4785 83.0
4786 83.0
4787 83.0
4788 83.0
4789 83.0
4790 83.0
4791 83.0
4792 83.0
4793 83.0
4794 83.0
4795 83.0
4796 83.0
4797 83.0
4798 83.0
4799 83.0
4800 83.0
4801 83.0
4802 83.0
4803 83.0
4804 83.0
4805 83.0
4806 83.0
4807 83.0
4808 83.0
4809 83.0
4810 83.0
4811 83.0
4812 83.0
4813 83.0
4814 83.0
4815 83.0
4816 83.0
4817 83.0
4818 83.0
4819 83.0
4820 83.0
4821 83.0
4822 83.0
4823 83.0
4824 83.0
4825 83.0
4826 83.0
4827 83.0
4828 83.0
4829 83.0
4830 83.0
4831 83.0
4832 83.0
4833 83.0
4834 83.0
4835 83.0
4836 83.0
4837 83.0
4838 83.0
4839 83.0
4840 83.0
4841 83.0
4842 83.0
4843 83.0
4844 83.0
4845 83.0
4846 83.0
4847 83.0
4848 83.0
4849 83.0
4850 83.0
4851 83.0
4852 83.0
4853 83.0
4854 83.0
4855 83.0
4856 83.0
4857 83.0
4858 83.0
4859 83.0
4860 83.0
4861 83.0
4862 83.0
4863 83.0
4864 83.0
4865 83.0
4866 83.0
4867 83.0
4868 83.0
4869 83.0
4870 83.0
4871 83.0
4872 83.0
4873 83.0
4874 83.0
4875 83.0
4876 83.0
4877 83.0
4878 83.0
4879 83.0
4880 83.0
4881 83.0
4882 83.0
4883 83.0
4884 83.0
4885 83.0
4886 83.0
4887 83.0
4888 83.0
4889 83.0
4890 83.0
4891 83.0
4892 83.0
4893 83.0
4894 83.0
4895 83.0
4896 83.0
4897 83.0
4898 83.0
4899 83.0
4900 83.0
4901 83.0
4902 83.0
4903 83.0
4904 83.0
4905 83.0
4906 83.0
4907 83.0
4908 83.0
4909 83.0
4910 83.0
4911 83.0
4912 83.0
4913 83.0
4914 83.0
4915 83.0
4916 83.0
4917 83.0
4918 83.0
4919 83.0
4920 83.0
4921 83.0
4922 83.0
4923 83.0
4924 83.0
4925 83.0
4926 83.0
4927 83.0
4928 83.0
4929 83.0
4930 83.0
4931 83.0
4932 83.0
4933 83.0
4934 83.0
4935 83.0
4936 83.0
4937 83.0
4938 83.0
4939 83.0
4940 83.0
4941 83.0
4942 83.0
4943 83.0
4944 83.0
4945 83.0
4946 83.0
4947 83.0
4948 83.0
4949 83.0
4950 83.0
4951 83.0
4952 83.0
4953 83.0
4954 83.0
4955 83.0
4956 83.0
4957 83.0
4958 83.0
4959 83.0
4960 83.0
4961 83.0
4962 83.0
4963 83.0
4964 83.0
4965 83.0
4966 83.0
4967 83.0
4968 83.0
4969 83.0
4970 83.0
4971 83.0
4972 83.0
4973 83.0
4974 83.0
4975 83.0
4976 83.0
4977 83.0
4978 83.0
4979 83.0
4980 83.0
4981 83.0
4982 83.0
4983 83.0
4984 83.0
4985 83.0
4986 83.0
4987 83.0
4988 83.0
4989 83.0
4990 83.0
4991 83.0
4992 83.0
4993 83.0
4994 83.0
4995 83.0
4996 83.0
4997 83.0
4998 83.0
4999 83.0
5000 83.0
5001 83.0
5002 83.0
5003 83.0
5004 83.0
5005 83.0
5006 83.0
5007 83.0
5008 83.0
5009 83.0
5010 83.0
5011 83.0
5012 83.0
5013 83.0
5014 83.0
5015 83.0
5016 83.0
5017 83.0
5018 83.0
5019 83.0
5020 83.0
5021 83.0
5022 83.0
5023 83.0
5024 83.0
5025 83.0
5026 83.0
5027 83.0
5028 83.0
5029 83.0
5030 83.0
5031 83.0
5032 83.0
5033 83.0
5034 83.0
5035 83.0
5036 83.0
5037 83.0
5038 83.0
5039 83.0
5040 83.0
5041 83.0
5042 83.0
5043 83.0
5044 83.0
5045 83.0
5046 83.0
5047 83.0
5048 83.0
5049 83.0
5050 83.0
5051 83.0
5052 83.0
5053 83.0
5054 83.0
5055 83.0
5056 83.0
5057 83.0
5058 83.0
5059 83.0
5060 83.0
5061 83.0
5062 83.0
5063 83.0
5064 83.0
5065 83.0
5066 83.0
5067 83.0
5068 83.0
5069 83.0
5070 83.0
5071 83.0
5072 83.0
5073 83.0
5074 83.0
5075 83.0
5076 83.0
5077 83.0
5078 83.0
5079 83.0
5080 83.0
5081 83.0
5082 83.0
5083 83.0
5084 83.0
5085 83.0
5086 83.0
5087 83.0
5088 83.0
5089 83.0
5090 83.0
5091 83.0
5092 83.0
5093 83.0
5094 83.0
5095 83.0
5096 83.0
5097 83.0
5098 83.0
5099 83.0
5100 83.0
5101 83.0
5102 83.0
5103 83.0
5104 83.0
5105 83.0
5106 83.0
5107 83.0
5108 83.0
5109 83.0
5110 83.0
5111 83.0
5112 83.0
5113 83.0
5114 83.0
5115 83.0
5116 83.0
5117 83.0
5118 83.0
5119 83.0
5120 83.0
5121 83.0
5122 83.0
5123 83.0
5124 83.0
5125 83.0
5126 83.0
5127 83.0
5128 83.0
5129 83.0
5130 83.0
5131 83.0
5132 83.0
5133 83.0
5134 83.0
5135 83.0
5136 83.0
5137 83.0
5138 83.0
5139 83.0
5140 83.0
5141 83.0
5142 83.0
5143 83.0
5144 83.0
5145 83.0
5146 83.0
5147 83.0
5148 83.0
5149 83.0
5150 83.0
5151 83.0
5152 83.0
5153 83.0
5154 83.0
5155 83.0
5156 83.0
5157 83.0
5158 83.0
5159 83.0
5160 83.0
5161 83.0
5162 83.0
5163 83.0
5164 83.0
5165 83.0
5166 83.0
5167 83.0
5168 83.0
5169 83.0
5170 83.0
5171 83.0
5172 83.0
5173 83.0
5174 83.0
5175 83.0
5176 83.0
5177 83.0
5178 83.0
5179 83.0
5180 83.0
5181 83.0
5182 83.0
5183 83.0
5184 83.0
5185 83.0
5186 83.0
5187 83.0
5188 83.0
5189 83.0
5190 83.0
5191 83.0
5192 83.0
5193 83.0
5194 83.0
5195 83.0
5196 83.0
5197 83.0
5198 83.0
5199 83.0
5200 83.0
5201 83.0
5202 83.0
5203 83.0
5204 83.0
5205 83.0
5206 83.0
5207 83.0
5208 83.0
5209 83.0
5210 83.0
5211 83.0
5212 83.0
5213 83.0
5214 83.0
5215 83.0
5216 83.0
5217 83.0
5218 83.0
5219 83.0
5220 83.0
5221 83.0
5222 83.0
5223 83.0
5224 83.0
5225 83.0
5226 83.0
5227 83.0
5228 83.0
5229 83.0
5230 83.0
5231 83.0
5232 83.0
5233 83.0
5234 83.0
5235 83.0
5236 83.0
5237 83.0
5238 83.0
5239 83.0
5240 83.0
5241 83.0
5242 83.0
5243 83.0
5244 83.0
5245 83.0
5246 83.0
5247 83.0
5248 83.0
5249 83.0
5250 83.0
5251 83.0
5252 83.0
5253 83.0
5254 83.0
5255 83.0
5256 83.0
5257 83.0
5258 83.0
5259 83.0
5260 83.0
5261 83.0
5262 83.0
5263 83.0
5264 83.0
5265 83.0
5266 83.0
5267 83.0
5268 83.0
5269 83.0
5270 83.0
5271 83.0
5272 83.0
5273 83.0
5274 83.0
5275 83.0
5276 83.0
5277 83.0
5278 83.0
5279 83.0
5280 83.0
5281 83.0
5282 83.0
5283 83.0
5284 83.0
5285 83.0
5286 83.0
5287 83.0
5288 83.0
5289 83.0
5290 83.0
5291 83.0
5292 83.0
5293 83.0
5294 83.0
5295 83.0
5296 83.0
5297 83.0
5298 83.0
5299 83.0
5300 83.0
5301 83.0
5302 83.0
5303 83.0
5304 83.0
5305 83.0
5306 83.0
5307 83.0
5308 83.0
5309 83.0
5310 83.0
5311 83.0
5312 83.0
5313 83.0
5314 83.0
5315 83.0
5316 83.0
5317 83.0
5318 83.0
5319 83.0
5320 83.0
5321 83.0
5322 83.0
5323 83.0
5324 83.0
5325 83.0
5326 83.0
5327 83.0
5328 83.0
5329 83.0
5330 83.0
5331 83.0
5332 83.0
5333 83.0
5334 83.0
5335 83.0
5336 83.0
5337 83.0
5338 83.0
5339 83.0
5340 83.0
5341 83.0
5342 83.0
5343 83.0
5344 83.0
5345 83.0
5346 83.0
5347 83.0
5348 83.0
5349 83.0
5350 83.0
5351 83.0
5352 83.0
5353 83.0
5354 83.0
5355 83.0
5356 83.0
5357 83.0
5358 83.0
5359 83.0
5360 83.0
5361 83.0
5362 83.0
5363 83.0
5364 83.0
5365 83.0
5366 83.0
5367 83.0
5368 83.0
5369 83.0
5370 83.0
5371 83.0
5372 83.0
5373 83.0
5374 83.0
5375 83.0
5376 83.0
5377 83.0
5378 83.0
5379 83.0
5380 83.0
5381 83.0
5382 83.0
5383 83.0
5384 83.0
5385 83.0
5386 83.0
5387 83.0
5388 83.0
5389 83.0
5390 83.0
5391 83.0
5392 83.0
5393 83.0
5394 83.0
5395 83.0
5396 83.0
5397 83.0
5398 83.0
5399 83.0
5400 83.0
5401 83.0
5402 83.0
5403 83.0
5404 83.0
5405 83.0
5406 83.0
5407 83.0
5408 83.0
5409 83.0
5410 83.0
5411 83.0
5412 83.0
5413 83.0
5414 83.0
5415 83.0
5416 83.0
5417 83.0
5418 83.0
5419 83.0
5420 83.0
5421 83.0
5422 83.0
5423 83.0
5424 83.0
5425 83.0
5426 83.0
5427 83.0
5428 83.0
5429 83.0
5430 83.0
5431 83.0
5432 83.0
5433 83.0
5434 83.0
5435 83.0
5436 83.0
5437 83.0
5438 83.0
5439 83.0
5440 83.0
5441 83.0
5442 83.0
5443 83.0
5444 83.0
5445 83.0
5446 83.0
5447 83.0
5448 83.0
5449 83.0
5450 83.0
5451 83.0
5452 83.0
5453 83.0
5454 83.0
5455 83.0
5456 83.0
5457 83.0
5458 83.0
5459 83.0
5460 83.0
5461 83.0
5462 83.0
5463 83.0
5464 83.0
5465 83.0
5466 83.0
5467 83.0
5468 83.0
5469 83.0
5470 83.0
5471 83.0
5472 83.0
5473 83.0
5474 83.0
5475 83.0
5476 83.0
5477 83.0
5478 83.0
5479 83.0
5480 83.0
5481 83.0
5482 83.0
5483 83.0
5484 83.0
5485 83.0
5486 83.0
5487 83.0
5488 83.0
5489 83.0
5490 83.0
5491 83.0
5492 83.0
5493 83.0
5494 83.0
5495 83.0
5496 83.0
5497 83.0
5498 83.0
5499 83.0
5500 83.0
5501 83.0
5502 83.0
5503 83.0
5504 83.0
5505 83.0
5506 83.0
5507 83.0
5508 83.0
5509 83.0
5510 83.0
5511 83.0
5512 83.0
5513 83.0
5514 83.0
5515 83.0
5516 83.0
5517 83.0
5518 83.0
5519 83.0
5520 83.0
5521 83.0
5522 83.0
5523 83.0
5524 83.0
5525 83.0
5526 83.0
5527 83.0
5528 83.0
5529 83.0
5530 83.0
5531 83.0
5532 83.0
5533 83.0
5534 83.0
5535 83.0
5536 83.0
5537 83.0
5538 83.0
5539 83.0
5540 83.0
5541 83.0
5542 83.0
5543 83.0
5544 83.0
5545 83.0
5546 83.0
5547 83.0
5548 83.0
5549 83.0
5550 83.0
5551 83.0
5552 83.0
5553 83.0
5554 83.0
5555 83.0
5556 83.0
5557 83.0
5558 83.0
5559 83.0
5560 83.0
5561 83.0
5562 83.0
5563 83.0
5564 83.0
5565 83.0
5566 83.0
5567 83.0
5568 83.0
5569 83.0
5570 83.0
5571 83.0
5572 83.0
5573 83.0
5574 83.0
5575 83.0
5576 83.0
5577 83.0
5578 83.0
5579 83.0
5580 83.0
5581 83.0
5582 83.0
5583 83.0
5584 83.0
5585 83.0
5586 83.0
5587 83.0
5588 83.0
5589 83.0
5590 83.0
5591 83.0
5592 83.0
5593 83.0
5594 83.0
5595 83.0
5596 83.0
5597 83.0
5598 83.0
5599 83.0
5600 83.0
5601 83.0
5602 83.0
5603 83.0
5604 83.0
5605 83.0
5606 83.0
5607 83.0
5608 83.0
5609 83.0
5610 83.0
5611 83.0
5612 83.0
5613 83.0
5614 83.0
5615 83.0
5616 83.0
5617 83.0
5618 83.0
5619 83.0
5620 83.0
5621 83.0
5622 83.0
5623 83.0
5624 83.0
5625 83.0
5626 83.0
5627 83.0
5628 83.0
5629 83.0
5630 83.0
5631 83.0
5632 83.0
5633 83.0
5634 83.0
5635 83.0
5636 83.0
5637 83.0
5638 83.0
5639 83.0
5640 83.0
5641 83.0
5642 83.0
5643 83.0
5644 83.0
5645 83.0
5646 83.0
5647 83.0
5648 83.0
5649 83.0
5650 83.0
5651 83.0
5652 83.0
5653 83.0
5654 83.0
5655 83.0
5656 83.0
5657 83.0
5658 83.0
5659 83.0
5660 83.0
5661 83.0
5662 83.0
5663 83.0
5664 83.0
5665 83.0
5666 83.0
5667 83.0
5668 83.0
5669 83.0
5670 83.0
5671 83.0
5672 83.0
5673 83.0
5674 83.0
5675 83.0
5676 83.0
5677 83.0
5678 83.0
5679 83.0
5680 83.0
5681 83.0
5682 83.0
5683 83.0
5684 83.0
5685 83.0
5686 83.0
5687 83.0
5688 83.0
5689 83.0
5690 83.0
5691 83.0
5692 83.0
5693 83.0
5694 83.0
5695 83.0
5696 83.0
5697 83.0
5698 83.0
5699 83.0
5700 83.0
5701 83.0
5702 83.0
5703 83.0
5704 83.0
5705 83.0
5706 83.0
5707 83.0
5708 83.0
5709 83.0
5710 83.0
5711 83.0
5712 83.0
5713 83.0
5714 83.0
5715 83.0
5716 83.0
5717 83.0
5718 83.0
5719 83.0
5720 83.0
5721 83.0
5722 83.0
5723 83.0
5724 83.0
5725 83.0
5726 83.0
5727 83.0
5728 83.0
5729 83.0
5730 83.0
5731 83.0
5732 83.0
5733 83.0
5734 83.0
5735 83.0
5736 83.0
5737 83.0
5738 83.0
5739 83.0
5740 83.0
5741 83.0
5742 83.0
5743 83.0
5744 83.0
5745 83.0
5746 83.0
5747 83.0
5748 83.0
5749 83.0
5750 83.0
5751 83.0
5752 83.0
5753 83.0
5754 83.0
5755 83.0
5756 83.0
5757 83.0
5758 83.0
5759 83.0
5760 83.0
5761 83.0
5762 83.0
5763 83.0
5764 83.0
5765 83.0
5766 83.0
5767 83.0
5768 83.0
5769 83.0
5770 83.0
5771 83.0
5772 83.0
5773 83.0
5774 83.0
5775 83.0
5776 83.0
5777 83.0
5778 83.0
5779 83.0
5780 83.0
5781 83.0
5782 83.0
5783 83.0
5784 83.0
5785 83.0
5786 83.0
5787 83.0
5788 83.0
5789 83.0
5790 83.0
5791 83.0
5792 83.0
5793 83.0
5794 83.0
5795 83.0
5796 83.0
5797 83.0
5798 83.0
5799 83.0
5800 83.0
5801 83.0
5802 83.0
5803 83.0
5804 83.0
5805 83.0
5806 83.0
5807 83.0
5808 83.0
5809 83.0
5810 83.0
5811 83.0
5812 83.0
5813 83.0
5814 83.0
5815 83.0
5816 83.0
5817 83.0
5818 83.0
5819 83.0
5820 83.0
5821 83.0
5822 83.0
5823 83.0
5824 83.0
5825 83.0
5826 83.0
5827 83.0
5828 83.0
5829 83.0
5830 83.0
5831 83.0
5832 83.0
5833 83.0
5834 83.0
5835 83.0
5836 83.0
5837 83.0
5838 83.0
5839 83.0
5840 83.0
5841 83.0
5842 83.0
5843 83.0
5844 83.0
5845 83.0
5846 83.0
5847 83.0
5848 83.0
5849 83.0
5850 83.0
5851 83.0
5852 83.0
5853 83.0
5854 83.0
5855 83.0
5856 83.0
5857 83.0
5858 83.0
5859 83.0
5860 83.0
5861 83.0
5862 83.0
5863 83.0
5864 83.0
5865 83.0
5866 83.0
5867 83.0
5868 83.0
5869 83.0
5870 83.0
5871 83.0
5872 83.0
5873 83.0
5874 83.0
5875 83.0
5876 83.0
5877 83.0
5878 83.0
5879 83.0
5880 83.0
5881 83.0
5882 83.0
5883 83.0
5884 83.0
5885 83.0
5886 83.0
5887 83.0
5888 83.0
5889 83.0
5890 83.0
5891 83.0
5892 83.0
5893 83.0
5894 83.0
5895 83.0
5896 83.0
5897 83.0
5898 83.0
5899 83.0
5900 83.0
5901 83.0
5902 83.0
5903 83.0
5904 83.0
5905 83.0
5906 83.0
5907 83.0
5908 83.0
5909 83.0
5910 83.0
5911 83.0
5912 83.0
5913 83.0
5914 83.0
5915 83.0
5916 83.0
5917 83.0
5918 83.0
5919 83.0
5920 83.0
5921 83.0
5922 83.0
5923 83.0
5924 83.0
5925 83.0
5926 83.0
5927 83.0
5928 83.0
5929 83.0
5930 83.0
5931 83.0
5932 83.0
5933 83.0
5934 83.0
5935 83.0
5936 83.0
5937 83.0
5938 83.0
5939 83.0
5940 83.0
5941 83.0
5942 83.0
5943 83.0
5944 83.0
5945 83.0
5946 83.0
5947 83.0
5948 83.0
5949 83.0
5950 83.0
5951 83.0
5952 83.0
5953 83.0
5954 83.0
5955 83.0
5956 83.0
5957 83.0
5958 83.0
5959 83.0
5960 83.0
5961 83.0
5962 83.0
5963 83.0
5964 83.0
5965 83.0
5966 83.0
5967 83.0
5968 83.0
5969 83.0
5970 83.0
5971 83.0
5972 83.0
5973 83.0
5974 83.0
5975 83.0
5976 83.0
5977 83.0
5978 83.0
5979 83.0
5980 83.0
5981 83.0
5982 83.0
5983 83.0
5984 83.0
5985 83.0
5986 83.0
5987 83.0
5988 83.0
5989 83.0
5990 83.0
5991 83.0
5992 83.0
5993 83.0
5994 83.0
5995 83.0
5996 83.0
5997 83.0
5998 83.0
5999 83.0
6000 83.0
6001 83.0
6002 83.0
6003 83.0
6004 83.0
6005 83.0
6006 83.0
6007 83.0
6008 83.0
6009 83.0
6010 83.0
6011 83.0
6012 83.0
6013 83.0
6014 83.0
6015 83.0
6016 83.0
6017 83.0
6018 83.0
6019 83.0
6020 83.0
6021 83.0
6022 83.0
6023 83.0
6024 83.0
6025 83.0
6026 83.0
6027 83.0
6028 83.0
6029 83.0
6030 83.0
6031 83.0
6032 83.0
6033 83.0
6034 83.0
6035 83.0
6036 83.0
6037 83.0
6038 83.0
6039 83.0
6040 83.0
6041 83.0
6042 83.0
6043 83.0
6044 83.0
6045 83.0
6046 83.0
6047 83.0
6048 83.0
6049 83.0
6050 83.0
6051 83.0
6052 83.0
6053 83.0
6054 83.0
6055 83.0
6056 83.0
6057 83.0
6058 83.0
6059 83.0
6060 83.0
6061 83.0
6062 83.0
6063 83.0
6064 83.0
6065 83.0
6066 83.0
6067 83.0
6068 83.0
6069 83.0
6070 83.0
6071 83.0
6072 83.0
6073 83.0
6074 83.0
6075 83.0
6076 83.0
6077 83.0
6078 83.0
6079 83.0
6080 83.0
6081 83.0
6082 83.0
6083 83.0
6084 83.0
6085 83.0
6086 83.0
6087 83.0
6088 83.0
6089 83.0
6090 83.0
6091 83.0
6092 83.0
6093 83.0
6094 83.0
6095 83.0
6096 83.0
6097 83.0
6098 83.0
6099 83.0
6100 83.0
6101 83.0
6102 83.0
6103 83.0
6104 83.0
6105 83.0
6106 83.0
6107 83.0
6108 83.0
6109 83.0
6110 83.0
6111 83.0
6112 83.0
6113 83.0
6114 83.0
6115 83.0
6116 83.0
6117 83.0
6118 83.0
6119 83.0
6120 83.0
6121 83.0
6122 83.0
6123 83.0
6124 83.0
6125 83.0
6126 83.0
6127 83.0
6128 83.0
6129 83.0
6130 83.0
6131 83.0
6132 83.0
6133 83.0
6134 83.0
6135 83.0
6136 83.0
6137 83.0
6138 83.0
6139 83.0
6140 83.0
6141 83.0
6142 83.0
6143 83.0
6144 83.0
6145 83.0
6146 83.0
6147 83.0
6148 83.0
6149 83.0
6150 83.0
6151 83.0
6152 83.0
6153 83.0
6154 83.0
6155 83.0
6156 83.0
6157 83.0
6158 83.0
6159 83.0
6160 83.0
6161 83.0
6162 83.0
6163 83.0
6164 83.0
6165 83.0
6166 83.0
6167 83.0
6168 83.0
6169 83.0
6170 83.0
6171 83.0
6172 83.0
6173 83.0
6174 83.0
6175 83.0
6176 83.0
6177 83.0
6178 83.0
6179 83.0
6180 83.0
6181 83.0
6182 83.0
6183 83.0
6184 83.0
6185 83.0
6186 83.0
6187 83.0
6188 83.0
6189 83.0
6190 83.0
6191 83.0
6192 83.0
6193 83.0
6194 83.0
6195 83.0
6196 83.0
6197 83.0
6198 83.0
6199 83.0
6200 83.0
6201 83.0
6202 83.0
6203 83.0
6204 83.0
6205 83.0
6206 83.0
6207 83.0
6208 83.0
6209 83.0
6210 83.0
6211 83.0
6212 83.0
6213 83.0
6214 83.0
6215 83.0
6216 83.0
6217 83.0
6218 83.0
6219 83.0
6220 83.0
6221 83.0
6222 83.0
6223 83.0
6224 83.0
6225 83.0
6226 83.0
6227 83.0
6228 83.0
6229 83.0
6230 83.0
6231 83.0
6232 83.0
6233 83.0
6234 83.0
6235 83.0
6236 83.0
6237 83.0
6238 83.0
6239 83.0
6240 83.0
6241 83.0
6242 83.0
6243 83.0
6244 83.0
6245 83.0
6246 83.0
6247 83.0
6248 83.0
6249 83.0
6250 83.0
6251 83.0
6252 83.0
6253 83.0
6254 83.0
6255 83.0
6256 83.0
6257 83.0
6258 83.0
6259 83.0
6260 83.0
6261 83.0
6262 83.0
6263 83.0
6264 83.0
6265 83.0
6266 83.0
6267 83.0
6268 83.0
6269 83.0
6270 83.0
6271 83.0
6272 83.0
6273 83.0
6274 83.0
6275 83.0
6276 83.0
6277 83.0
6278 83.0
6279 83.0
6280 83.0
6281 83.0
6282 83.0
6283 83.0
6284 83.0
6285 83.0
6286 83.0
6287 83.0
6288 83.0
6289 83.0
6290 83.0
6291 83.0
6292 83.0
6293 83.0
6294 83.0
6295 83.0
6296 83.0
6297 83.0
6298 83.0
6299 83.0
6300 83.0
6301 83.0
6302 83.0
6303 83.0
6304 83.0
6305 83.0
6306 83.0
6307 83.0
6308 83.0
6309 83.0
6310 83.0
6311 83.0
6312 83.0
6313 83.0
6314 83.0
6315 83.0
6316 83.0
6317 83.0
6318 83.0
6319 83.0
6320 83.0
6321 83.0
6322 83.0
6323 83.0
6324 83.0
6325 83.0
6326 83.0
6327 83.0
6328 83.0
6329 83.0
6330 83.0
6331 83.0
6332 83.0
6333 83.0
6334 83.0
6335 83.0
6336 83.0
6337 83.0
6338 83.0
6339 83.0
6340 83.0
6341 83.0
6342 83.0
6343 83.0
6344 83.0
6345 83.0
6346 83.0
6347 83.0
6348 83.0
6349 83.0
6350 83.0
6351 83.0
6352 83.0
6353 83.0
6354 83.0
6355 83.0
6356 83.0
6357 83.0
6358 83.0
6359 83.0
6360 83.0
6361 83.0
6362 83.0
6363 83.0
6364 83.0
6365 83.0
6366 83.0
6367 83.0
6368 83.0
6369 83.0
6370 83.0
6371 83.0
6372 83.0
6373 83.0
6374 83.0
6375 83.0
6376 83.0
6377 83.0
6378 83.0
6379 83.0
6380 83.0
6381 83.0
6382 83.0
6383 83.0
6384 83.0
6385 83.0
6386 83.0
6387 83.0
6388 83.0
6389 83.0
6390 83.0
6391 83.0
6392 83.0
6393 83.0
6394 83.0
6395 83.0
6396 83.0
6397 83.0
6398 83.0
6399 83.0
6400 83.0
6401 83.0
6402 83.0
6403 83.0
6404 83.0
6405 83.0
6406 83.0
6407 83.0
6408 83.0
6409 83.0
6410 83.0
6411 83.0
6412 83.0
6413 83.0
6414 83.0
6415 83.0
6416 83.0
6417 83.0
6418 83.0
6419 83.0
6420 83.0
6421 83.0
6422 83.0
6423 83.0
6424 83.0
6425 83.0
6426 83.0
6427 83.0
6428 83.0
6429 83.0
6430 83.0
6431 83.0
6432 83.0
6433 83.0
6434 83.0
6435 83.0
6436 83.0
6437 83.0
6438 83.0
6439 83.0
6440 83.0
6441 83.0
6442 83.0
6443 83.0
6444 83.0
6445 83.0
6446 83.0
6447 83.0
6448 83.0
6449 83.0
6450 83.0
6451 83.0
6452 83.0
6453 83.0
6454 83.0
6455 83.0
6456 83.0
6457 83.0
6458 83.0
6459 83.0
6460 83.0
6461 83.0
6462 83.0
6463 83.0
6464 83.0
6465 83.0
6466 83.0
6467 83.0
6468 83.0
6469 83.0
6470 83.0
6471 83.0
6472 83.0
6473 83.0
6474 83.0
6475 83.0
6476 83.0
6477 83.0
6478 83.0
6479 83.0
6480 83.0
6481 83.0
6482 83.0
6483 83.0
6484 83.0
6485 83.0
6486 83.0
6487 83.0
6488 83.0
6489 83.0
6490 83.0
6491 83.0
6492 83.0
6493 83.0
6494 83.0
6495 83.0
6496 83.0
6497 83.0
6498 83.0
6499 83.0
6500 83.0
6501 83.0
6502 83.0
6503 83.0
6504 83.0
6505 83.0
6506 83.0
6507 83.0
6508 83.0
6509 83.0
6510 83.0
6511 83.0
6512 83.0
6513 83.0
6514 83.0
6515 83.0
6516 83.0
6517 83.0
6518 83.0
6519 83.0
6520 83.0
6521 83.0
6522 83.0
6523 83.0
6524 83.0
6525 83.0
6526 83.0
6527 83.0
6528 83.0
6529 83.0
6530 83.0
6531 83.0
6532 83.0
6533 83.0
6534 83.0
6535 83.0
6536 83.0
6537 83.0
6538 83.0
6539 83.0
6540 83.0
6541 83.0
6542 83.0
6543 83.0
6544 83.0
6545 83.0
6546 83.0
6547 83.0
6548 83.0
6549 83.0
6550 83.0
6551 83.0
6552 83.0
6553 83.0
6554 83.0
6555 83.0
6556 83.0
6557 83.0
6558 83.0
6559 83.0
6560 83.0
6561 83.0
6562 83.0
6563 83.0
6564 83.0
6565 83.0
6566 83.0
6567 83.0
6568 83.0
6569 83.0
6570 83.0
6571 83.0
6572 83.0
6573 83.0
6574 83.0
6575 83.0
6576 83.0
6577 83.0
6578 83.0
6579 83.0
6580 83.0
6581 83.0
6582 83.0
6583 83.0
6584 83.0
6585 83.0
6586 83.0
6587 83.0
6588 83.0
6589 83.0
6590 83.0
6591 83.0
6592 83.0
6593 83.0
6594 83.0
6595 83.0
6596 83.0
6597 83.0
6598 83.0
6599 83.0
6600 83.0
6601 83.0
6602 83.0
6603 83.0
6604 83.0
6605 83.0
6606 83.0
6607 83.0
6608 83.0
6609 83.0
6610 83.0
6611 83.0
6612 83.0
6613 83.0
6614 83.0
6615 83.0
6616 83.0
6617 83.0
6618 83.0
6619 83.0
6620 83.0
6621 83.0
6622 83.0
6623 83.0
6624 83.0
6625 83.0
6626 83.0
6627 83.0
6628 83.0
6629 83.0
6630 83.0
6631 83.0
6632 83.0
6633 83.0
6634 83.0
6635 83.0
6636 83.0
6637 83.0
6638 83.0
6639 83.0
6640 83.0
6641 83.0
6642 83.0
6643 83.0
6644 83.0
6645 83.0
6646 83.0
6647 83.0
6648 83.0
6649 83.0
6650 83.0
6651 83.0
6652 83.0
6653 83.0
6654 83.0
6655 83.0
6656 83.0
6657 83.0
6658 83.0
6659 83.0
6660 83.0
6661 83.0
6662 83.0
6663 83.0
6664 83.0
6665 83.0
6666 83.0
6667 83.0
6668 83.0
6669 83.0
6670 83.0
6671 83.0
6672 83.0
6673 83.0
6674 83.0
6675 83.0
6676 83.0
6677 83.0
6678 83.0
6679 83.0
6680 83.0
6681 83.0
6682 83.0
6683 83.0
6684 83.0
6685 83.0
6686 83.0
6687 83.0
6688 83.0
6689 83.0
6690 83.0
6691 83.0
6692 83.0
6693 83.0
6694 83.0
6695 83.0
6696 83.0
6697 83.0
6698 83.0
6699 83.0
6700 83.0
6701 83.0
6702 83.0
6703 83.0
6704 83.0
6705 83.0
6706 83.0
6707 83.0
6708 83.0
6709 83.0
6710 83.0
6711 83.0
6712 83.0
6713 83.0
6714 83.0
6715 83.0
6716 83.0
6717 83.0
6718 83.0
6719 83.0
6720 83.0
6721 83.0
6722 83.0
6723 83.0
6724 83.0
6725 83.0
6726 83.0
6727 83.0
6728 83.0
6729 83.0
6730 83.0
6731 83.0
6732 83.0
6733 83.0
6734 83.0
6735 83.0
6736 83.0
6737 83.0
6738 83.0
6739 83.0
6740 83.0
6741 83.0
6742 83.0
6743 83.0
6744 83.0
6745 83.0
6746 83.0
6747 83.0
6748 83.0
6749 83.0
6750 83.0
6751 83.0
6752 83.0
6753 83.0
6754 83.0
6755 83.0
6756 83.0
6757 83.0
6758 83.0
6759 83.0
6760 83.0
6761 83.0
6762 83.0
6763 83.0
6764 83.0
6765 83.0
6766 83.0
6767 83.0
6768 83.0
6769 83.0
6770 83.0
6771 83.0
6772 83.0
6773 83.0
6774 83.0
6775 83.0
6776 83.0
6777 83.0
6778 83.0
6779 83.0
6780 83.0
6781 83.0
6782 83.0
6783 83.0
6784 83.0
6785 83.0
6786 83.0
6787 83.0
6788 83.0
6789 83.0
6790 83.0
6791 83.0
6792 83.0
6793 83.0
6794 83.0
6795 83.0
6796 83.0
6797 83.0
6798 83.0
6799 83.0
6800 83.0
6801 83.0
6802 83.0
6803 83.0
6804 83.0
6805 83.0
6806 83.0
6807 83.0
6808 83.0
6809 83.0
6810 83.0
6811 83.0
6812 83.0
6813 83.0
6814 83.0
6815 83.0
6816 83.0
6817 83.0
6818 83.0
6819 83.0
6820 83.0
6821 83.0
6822 83.0
6823 83.0
6824 83.0
6825 83.0
6826 83.0
6827 83.0
6828 83.0
6829 83.0
6830 83.0
6831 83.0
6832 83.0
6833 83.0
6834 83.0
6835 83.0
6836 83.0
6837 83.0
6838 83.0
6839 83.0
6840 83.0
6841 83.0
6842 83.0
6843 83.0
6844 83.0
6845 83.0
6846 83.0
6847 83.0
6848 83.0
6849 83.0
6850 83.0
6851 83.0
6852 83.0
6853 83.0
6854 83.0
6855 83.0
6856 83.0
6857 83.0
6858 83.0
6859 83.0
6860 83.0
6861 83.0
6862 83.0
6863 83.0
6864 83.0
6865 83.0
6866 83.0
6867 83.0
6868 83.0
6869 83.0
6870 83.0
6871 83.0
6872 83.0
6873 83.0
6874 83.0
6875 83.0
6876 83.0
6877 83.0
6878 83.0
6879 83.0
6880 83.0
6881 83.0
6882 83.0
6883 83.0
6884 83.0
6885 83.0
6886 83.0
6887 83.0
6888 83.0
6889 83.0
6890 83.0
6891 83.0
6892 83.0
6893 83.0
6894 83.0
6895 83.0
6896 83.0
6897 83.0
6898 83.0
6899 83.0
6900 83.0
6901 83.0
6902 83.0
6903 83.0
6904 83.0
6905 83.0
6906 83.0
6907 83.0
6908 83.0
6909 83.0
6910 83.0
6911 83.0
6912 83.0
6913 83.0
6914 83.0
6915 83.0
6916 83.0
6917 83.0
6918 83.0
6919 83.0
6920 83.0
6921 83.0
6922 83.0
6923 83.0
6924 83.0
6925 83.0
6926 83.0
6927 83.0
6928 83.0
6929 83.0
6930 83.0
6931 83.0
6932 83.0
6933 83.0
6934 83.0
6935 83.0
6936 83.0
6937 83.0
6938 83.0
6939 83.0
6940 83.0
6941 83.0
6942 83.0
6943 83.0
6944 83.0
6945 83.0
6946 83.0
6947 83.0
6948 83.0
6949 83.0
6950 83.0
6951 83.0
6952 83.0
6953 83.0
6954 83.0
6955 83.0
6956 83.0
6957 83.0
6958 83.0
6959 83.0
6960 83.0
6961 83.0
6962 83.0
6963 83.0
6964 83.0
6965 83.0
6966 83.0
6967 83.0
6968 83.0
6969 83.0
6970 83.0
6971 83.0
6972 83.0
6973 83.0
6974 83.0
6975 83.0
6976 83.0
6977 83.0
6978 83.0
6979 83.0
6980 83.0
6981 83.0
6982 83.0
6983 83.0
6984 83.0
6985 83.0
6986 83.0
6987 83.0
6988 83.0
6989 83.0
6990 83.0
6991 83.0
6992 83.0
6993 83.0
6994 83.0
6995 83.0
6996 83.0
6997 83.0
6998 83.0
6999 83.0
7000 83.0
7001 83.0
7002 83.0
7003 83.0
7004 83.0
7005 83.0
7006 83.0
7007 83.0
7008 83.0
7009 83.0
7010 83.0
7011 83.0
7012 83.0
7013 83.0
7014 83.0
7015 83.0
7016 83.0
7017 83.0
7018 83.0
7019 83.0
7020 83.0
7021 83.0
7022 83.0
7023 83.0
7024 83.0
7025 83.0
7026 83.0
7027 83.0
7028 83.0
7029 83.0
7030 83.0
7031 83.0
7032 83.0
7033 83.0
7034 83.0
7035 83.0
7036 83.0
7037 83.0
7038 83.0
7039 83.0
7040 83.0
7041 83.0
7042 83.0
7043 83.0
7044 83.0
7045 83.0
7046 83.0
7047 83.0
7048 83.0
7049 83.0
7050 83.0
7051 83.0
7052 83.0
7053 83.0
7054 83.0
7055 83.0
7056 83.0
7057 83.0
7058 83.0
7059 83.0
7060 83.0
7061 83.0
7062 83.0
7063 83.0
7064 83.0
7065 83.0
7066 83.0
7067 83.0
7068 83.0
7069 83.0
7070 83.0
7071 83.0
7072 83.0
7073 83.0
7074 83.0
7075 83.0
7076 83.0
7077 83.0
7078 83.0
7079 83.0
7080 83.0
7081 83.0
7082 83.0
7083 83.0
7084 83.0
7085 83.0
7086 83.0
7087 83.0
7088 83.0
7089 83.0
7090 83.0
7091 83.0
7092 83.0
7093 83.0
7094 83.0
7095 83.0
7096 83.0
7097 83.0
7098 83.0
7099 83.0
7100 83.0
7101 83.0
7102 83.0
7103 83.0
7104 83.0
7105 83.0
7106 83.0
7107 83.0
7108 83.0
7109 83.0
7110 83.0
7111 83.0
7112 83.0
7113 83.0
7114 83.0
7115 83.0
7116 83.0
7117 83.0
7118 83.0
7119 83.0
7120 83.0
7121 83.0
7122 83.0
7123 83.0
7124 83.0
7125 83.0
7126 83.0
7127 83.0
7128 83.0
7129 83.0
7130 83.0
7131 83.0
7132 83.0
7133 83.0
7134 83.0
7135 83.0
7136 83.0
7137 83.0
7138 83.0
7139 83.0
7140 83.0
7141 83.0
7142 83.0
7143 83.0
7144 83.0
7145 83.0
7146 83.0
7147 83.0
7148 83.0
7149 83.0
7150 83.0
7151 83.0
7152 83.0
7153 83.0
7154 83.0
7155 83.0
7156 83.0
7157 83.0
7158 83.0
7159 83.0
7160 83.0
7161 83.0
7162 83.0
7163 83.0
7164 83.0
7165 83.0
7166 83.0
7167 83.0
7168 83.0
7169 83.0
7170 83.0
7171 83.0
7172 83.0
7173 83.0
7174 83.0
7175 83.0
7176 83.0
7177 83.0
7178 83.0
7179 83.0
7180 83.0
7181 83.0
7182 83.0
7183 83.0
7184 83.0
7185 83.0
7186 83.0
7187 83.0
7188 83.0
7189 83.0
7190 83.0
7191 83.0
7192 83.0
7193 83.0
7194 83.0
7195 83.0
7196 83.0
7197 83.0
7198 83.0
7199 83.0
7200 83.0
7201 83.0
7202 83.0
7203 83.0
7204 83.0
7205 83.0
7206 83.0
7207 83.0
7208 83.0
7209 83.0
7210 83.0
7211 83.0
7212 83.0
7213 83.0
7214 83.0
7215 83.0
7216 83.0
7217 83.0
7218 83.0
7219 83.0
7220 83.0
7221 83.0
7222 83.0
7223 83.0
7224 83.0
7225 83.0
7226 83.0
7227 83.0
7228 83.0
7229 83.0
7230 83.0
7231 83.0
7232 83.0
7233 83.0
7234 83.0
7235 83.0
7236 83.0
7237 83.0
7238 83.0
7239 83.0
7240 83.0
7241 83.0
7242 83.0
7243 83.0
7244 83.0
7245 83.0
7246 83.0
7247 83.0
7248 83.0
7249 83.0
7250 83.0
7251 83.0
7252 83.0
7253 83.0
7254 83.0
7255 83.0
7256 83.0
7257 83.0
7258 83.0
7259 83.0
7260 83.0
7261 83.0
7262 83.0
7263 83.0
7264 83.0
7265 83.0
7266 83.0
7267 83.0
7268 83.0
7269 83.0
7270 83.0
7271 83.0
7272 83.0
7273 83.0
7274 83.0
7275 83.0
7276 83.0
7277 83.0
7278 83.0
7279 83.0
7280 83.0
7281 83.0
7282 83.0
7283 83.0
7284 83.0
7285 83.0
7286 83.0
7287 83.0
7288 83.0
7289 83.0
7290 83.0
7291 83.0
7292 83.0
7293 83.0
7294 83.0
7295 83.0
7296 83.0
7297 83.0
7298 83.0
7299 83.0
7300 83.0
7301 83.0
7302 83.0
7303 83.0
7304 83.0
7305 83.0
7306 83.0
7307 83.0
7308 83.0
7309 83.0
7310 83.0
7311 83.0
7312 83.0
7313 83.0
7314 83.0
7315 83.0
7316 83.0
7317 83.0
7318 83.0
7319 83.0
7320 83.0
7321 83.0
7322 83.0
7323 83.0
7324 83.0
7325 83.0
7326 83.0
7327 83.0
7328 83.0
7329 83.0
7330 83.0
7331 83.0
7332 83.0
7333 83.0
7334 83.0
7335 83.0
7336 83.0
7337 83.0
7338 83.0
7339 83.0
7340 83.0
7341 83.0
7342 83.0
7343 83.0
7344 83.0
7345 83.0
7346 83.0
7347 83.0
7348 83.0
7349 83.0
7350 83.0
7351 83.0
7352 83.0
7353 83.0
7354 83.0
7355 83.0
7356 83.0
7357 83.0
7358 83.0
7359 83.0
7360 83.0
7361 83.0
7362 83.0
7363 83.0
7364 83.0
7365 83.0
7366 83.0
7367 83.0
7368 83.0
7369 83.0
7370 83.0
7371 83.0
7372 83.0
7373 83.0
7374 83.0
7375 83.0
7376 83.0
7377 83.0
7378 83.0
7379 83.0
7380 83.0
7381 83.0
7382 83.0
7383 83.0
7384 83.0
7385 83.0
7386 83.0
7387 83.0
7388 83.0
7389 83.0
7390 83.0
7391 83.0
7392 83.0
7393 83.0
7394 83.0
7395 83.0
7396 83.0
7397 83.0
7398 83.0
7399 83.0
7400 83.0
7401 83.0
7402 83.0
7403 83.0
7404 83.0
7405 83.0
7406 83.0
7407 83.0
7408 83.0
7409 83.0
7410 83.0
7411 83.0
7412 83.0
7413 83.0
7414 83.0
7415 83.0
7416 83.0
7417 83.0
7418 83.0
7419 83.0
7420 83.0
7421 83.0
7422 83.0
7423 83.0
7424 83.0
7425 83.0
7426 83.0
7427 83.0
7428 83.0
7429 83.0
7430 83.0
7431 83.0
7432 83.0
7433 83.0
7434 83.0
7435 83.0
7436 83.0
7437 83.0
7438 83.0
7439 83.0
7440 83.0
7441 83.0
7442 83.0
7443 83.0
7444 83.0
7445 83.0
7446 83.0
7447 83.0
7448 83.0
7449 83.0
7450 83.0
7451 83.0
7452 83.0
7453 83.0
7454 83.0
7455 83.0
7456 83.0
7457 83.0
7458 83.0
7459 83.0
7460 83.0
7461 83.0
7462 83.0
7463 83.0
7464 83.0
7465 83.0
7466 83.0
7467 83.0
7468 83.0
7469 83.0
7470 83.0
7471 83.0
7472 83.0
7473 83.0
7474 83.0
7475 83.0
7476 83.0
7477 83.0
7478 83.0
7479 83.0
7480 83.0
7481 83.0
7482 83.0
7483 83.0
7484 83.0
7485 83.0
7486 83.0
7487 83.0
7488 83.0
7489 83.0
7490 83.0
7491 83.0
7492 83.0
7493 83.0
7494 83.0
7495 83.0
7496 83.0
7497 83.0
7498 83.0
7499 83.0
7500 83.0
7501 83.0
7502 83.0
7503 83.0
7504 83.0
7505 83.0
7506 83.0
7507 83.0
7508 83.0
7509 83.0
7510 83.0
7511 83.0
7512 83.0
7513 83.0
7514 83.0
7515 83.0
7516 83.0
7517 83.0
7518 83.0
7519 83.0
7520 83.0
7521 83.0
7522 83.0
7523 83.0
7524 83.0
7525 83.0
7526 83.0
7527 83.0
7528 83.0
7529 83.0
7530 83.0
7531 83.0
7532 83.0
7533 83.0
7534 83.0
7535 83.0
7536 83.0
7537 83.0
7538 83.0
7539 83.0
7540 83.0
7541 83.0
7542 83.0
7543 83.0
7544 83.0
7545 83.0
7546 83.0
7547 83.0
7548 83.0
7549 83.0
7550 83.0
7551 83.0
7552 83.0
7553 83.0
7554 83.0
7555 83.0
7556 83.0
7557 83.0
7558 83.0
7559 83.0
7560 83.0
7561 83.0
7562 83.0
7563 83.0
7564 83.0
7565 83.0
7566 83.0
7567 83.0
7568 83.0
7569 83.0
7570 83.0
7571 83.0
7572 83.0
7573 83.0
7574 83.0
7575 83.0
7576 83.0
7577 83.0
7578 83.0
7579 83.0
7580 83.0
7581 83.0
7582 83.0
7583 83.0
7584 83.0
7585 83.0
7586 83.0
7587 83.0
7588 83.0
7589 83.0
7590 83.0
7591 83.0
7592 83.0
7593 83.0
7594 83.0
7595 83.0
7596 83.0
7597 83.0
7598 83.0
7599 83.0
7600 83.0
7601 83.0
7602 83.0
7603 83.0
7604 83.0
7605 83.0
7606 83.0
7607 83.0
7608 83.0
7609 83.0
7610 83.0
7611 83.0
7612 83.0
7613 83.0
7614 83.0
7615 83.0
7616 83.0
7617 83.0
7618 83.0
7619 83.0
7620 83.0
7621 83.0
7622 83.0
7623 83.0
7624 83.0
7625 83.0
7626 83.0
7627 83.0
7628 83.0
7629 83.0
7630 83.0
7631 83.0
7632 83.0
7633 83.0
7634 83.0
7635 83.0
7636 83.0
7637 83.0
7638 83.0
7639 83.0
7640 83.0
7641 83.0
7642 83.0
7643 83.0
7644 83.0
7645 83.0
7646 83.0
7647 83.0
7648 83.0
7649 83.0
7650 83.0
7651 83.0
7652 83.0
7653 83.0
7654 83.0
7655 83.0
7656 83.0
7657 83.0
7658 83.0
7659 83.0
7660 83.0
7661 83.0
7662 83.0
7663 83.0
7664 83.0
7665 83.0
7666 83.0
7667 83.0
7668 83.0
7669 83.0
7670 83.0
7671 83.0
7672 83.0
7673 83.0
7674 83.0
7675 83.0
7676 83.0
7677 83.0
7678 83.0
7679 83.0
7680 83.0
7681 83.0
7682 83.0
7683 83.0
7684 83.0
7685 83.0
7686 83.0
7687 83.0
7688 83.0
7689 83.0
7690 83.0
7691 83.0
7692 83.0
7693 83.0
7694 83.0
7695 83.0
7696 83.0
7697 83.0
7698 83.0
7699 83.0
7700 83.0
7701 83.0
7702 83.0
7703 83.0
7704 83.0
7705 83.0
7706 83.0
7707 83.0
7708 83.0
7709 83.0
7710 83.0
7711 83.0
7712 83.0
7713 83.0
7714 83.0
7715 83.0
7716 83.0
7717 83.0
7718 83.0
7719 83.0
7720 83.0
7721 83.0
7722 83.0
7723 83.0
7724 83.0
7725 83.0
7726 83.0
7727 83.0
7728 83.0
7729 83.0
7730 83.0
7731 83.0
7732 83.0
7733 83.0
7734 83.0
7735 83.0
7736 83.0
7737 83.0
7738 83.0
7739 83.0
7740 83.0
7741 83.0
7742 83.0
7743 83.0
7744 83.0
7745 83.0
7746 83.0
7747 83.0
7748 83.0
7749 83.0
7750 83.0
7751 83.0
7752 83.0
7753 83.0
7754 83.0
7755 83.0
7756 83.0
7757 83.0
7758 83.0
7759 83.0
7760 83.0
7761 83.0
7762 83.0
7763 83.0
7764 83.0
7765 83.0
7766 83.0
7767 83.0
7768 83.0
7769 83.0
7770 83.0
7771 83.0
7772 83.0
7773 83.0
7774 83.0
7775 83.0
7776 83.0
7777 83.0
7778 83.0
7779 83.0
7780 83.0
7781 83.0
7782 83.0
7783 83.0
7784 83.0
7785 83.0
7786 83.0
7787 83.0
7788 83.0
7789 83.0
7790 83.0
7791 83.0
7792 83.0
7793 83.0
7794 83.0
7795 83.0
7796 83.0
7797 83.0
7798 83.0
7799 83.0
7800 83.0
7801 83.0
7802 83.0
7803 83.0
7804 83.0
7805 83.0
7806 83.0
7807 83.0
7808 83.0
7809 83.0
7810 83.0
7811 83.0
7812 83.0
7813 83.0
7814 83.0
7815 83.0
7816 83.0
7817 83.0
7818 83.0
7819 83.0
7820 83.0
7821 83.0
7822 83.0
7823 83.0
7824 83.0
7825 83.0
7826 83.0
7827 83.0
7828 83.0
7829 83.0
7830 83.0
7831 83.0
7832 83.0
7833 83.0
7834 83.0
7835 83.0
7836 83.0
7837 83.0
7838 83.0
7839 83.0
7840 83.0
7841 83.0
7842 83.0
7843 83.0
7844 83.0
7845 83.0
7846 83.0
7847 83.0
7848 83.0
7849 83.0
7850 83.0
7851 83.0
7852 83.0
7853 83.0
7854 83.0
7855 83.0
7856 83.0
7857 83.0
7858 83.0
7859 83.0
7860 83.0
7861 83.0
7862 83.0
7863 83.0
7864 83.0
7865 83.0
7866 83.0
7867 83.0
7868 83.0
7869 83.0
7870 83.0
7871 83.0
7872 83.0
7873 83.0
7874 83.0
7875 83.0
7876 83.0
7877 83.0
7878 83.0
7879 83.0
7880 83.0
7881 83.0
7882 83.0
7883 83.0
7884 83.0
7885 83.0
7886 83.0
7887 83.0
7888 83.0
7889 83.0
7890 83.0
7891 83.0
7892 83.0
7893 83.0
7894 83.0
7895 83.0
7896 83.0
7897 83.0
7898 83.0
7899 83.0
7900 83.0
7901 83.0
7902 83.0
7903 83.0
7904 83.0
7905 83.0
7906 83.0
7907 83.0
7908 83.0
7909 83.0
7910 83.0
7911 83.0
7912 83.0
7913 83.0
7914 83.0
7915 83.0
7916 83.0
7917 83.0
7918 83.0
7919 83.0
7920 83.0
7921 83.0
7922 83.0
7923 83.0
7924 83.0
7925 83.0
7926 83.0
7927 83.0
7928 83.0
7929 83.0
7930 83.0
7931 83.0
7932 83.0
7933 83.0
7934 83.0
7935 83.0
7936 83.0
7937 83.0
7938 83.0
7939 83.0
7940 83.0
7941 83.0
7942 83.0
7943 83.0
7944 83.0
7945 83.0
7946 83.0
7947 83.0
7948 83.0
7949 83.0
7950 83.0
7951 83.0
7952 83.0
7953 83.0
7954 83.0
7955 83.0
7956 83.0
7957 83.0
7958 83.0
7959 83.0
7960 83.0
7961 83.0
7962 83.0
7963 83.0
7964 83.0
7965 83.0
7966 83.0
7967 83.0
7968 83.0
7969 83.0
7970 83.0
7971 83.0
7972 83.0
7973 83.0
7974 83.0
7975 83.0
7976 83.0
7977 83.0
7978 83.0
7979 83.0
7980 83.0
7981 83.0
7982 83.0
7983 83.0
7984 83.0
7985 83.0
7986 83.0
7987 83.0
7988 83.0
7989 83.0
7990 83.0
7991 83.0
7992 83.0
7993 83.0
7994 83.0
7995 83.0
7996 83.0
7997 83.0
7998 83.0
7999 83.0
8000 83.0
8001 83.0
8002 83.0
8003 83.0
8004 83.0
8005 83.0
8006 83.0
8007 83.0
8008 83.0
8009 83.0
8010 83.0
8011 83.0
8012 83.0
8013 83.0
8014 83.0
8015 83.0
8016 83.0
8017 83.0
8018 83.0
8019 83.0
8020 83.0
8021 83.0
8022 83.0
8023 83.0
8024 83.0
8025 83.0
8026 83.0
8027 83.0
8028 83.0
8029 83.0
8030 83.0
8031 83.0
8032 83.0
8033 83.0
8034 83.0
8035 83.0
8036 83.0
8037 83.0
8038 83.0
8039 83.0
8040 83.0
8041 83.0
8042 83.0
8043 83.0
8044 83.0
8045 83.0
8046 83.0
8047 83.0
8048 83.0
8049 83.0
8050 83.0
8051 83.0
8052 83.0
8053 83.0
8054 83.0
8055 83.0
8056 83.0
8057 83.0
8058 83.0
8059 83.0
8060 83.0
8061 83.0
8062 83.0
8063 83.0
8064 83.0
8065 83.0
8066 83.0
8067 83.0
8068 83.0
8069 83.0
8070 83.0
8071 83.0
8072 83.0
8073 83.0
8074 83.0
8075 83.0
8076 83.0
8077 83.0
8078 83.0
8079 83.0
8080 83.0
8081 83.0
8082 83.0
8083 83.0
8084 83.0
8085 83.0
8086 83.0
8087 83.0
8088 83.0
8089 83.0
8090 83.0
8091 83.0
8092 83.0
8093 83.0
8094 83.0
8095 83.0
8096 83.0
8097 83.0
8098 83.0
8099 83.0
8100 83.0
8101 83.0
8102 83.0
8103 83.0
8104 83.0
8105 83.0
8106 83.0
8107 83.0
8108 83.0
8109 83.0
8110 83.0
8111 83.0
8112 83.0
8113 83.0
8114 83.0
8115 83.0
8116 83.0
8117 83.0
8118 83.0
8119 83.0
8120 83.0
8121 83.0
8122 83.0
8123 83.0
8124 83.0
8125 83.0
8126 83.0
8127 83.0
8128 83.0
8129 83.0
8130 83.0
8131 83.0
8132 83.0
8133 83.0
8134 83.0
8135 83.0
8136 83.0
8137 83.0
8138 83.0
8139 83.0
8140 83.0
8141 83.0
8142 83.0
8143 83.0
8144 83.0
8145 83.0
8146 83.0
8147 83.0
8148 83.0
8149 83.0
8150 83.0
8151 83.0
8152 83.0
8153 83.0
8154 83.0
8155 83.0
8156 83.0
8157 83.0
8158 83.0
8159 83.0
8160 83.0
8161 83.0
8162 83.0
8163 83.0
8164 83.0
8165 83.0
8166 83.0
8167 83.0
8168 83.0
8169 83.0
8170 83.0
8171 83.0
8172 83.0
8173 83.0
8174 83.0
8175 83.0
8176 83.0
8177 83.0
8178 83.0
8179 83.0
8180 83.0
8181 83.0
8182 83.0
8183 83.0
8184 83.0
8185 83.0
8186 83.0
8187 83.0
8188 83.0
8189 83.0
8190 83.0
8191 83.0
8192 83.0
8193 83.0
8194 83.0
8195 83.0
8196 83.0
8197 83.0
8198 83.0
8199 83.0
8200 83.0
8201 83.0
8202 83.0
8203 83.0
8204 83.0
8205 83.0
8206 83.0
8207 83.0
8208 83.0
8209 83.0
8210 83.0
8211 83.0
8212 83.0
8213 83.0
8214 83.0
8215 83.0
8216 83.0
8217 83.0
8218 83.0
8219 83.0
8220 83.0
8221 83.0
8222 83.0
8223 83.0
8224 83.0
8225 83.0
8226 83.0
8227 83.0
8228 83.0
8229 83.0
8230 83.0
8231 83.0
8232 83.0
8233 83.0
8234 83.0
8235 83.0
8236 83.0
8237 83.0
8238 83.0
8239 83.0
8240 83.0
8241 83.0
8242 83.0
8243 83.0
8244 83.0
8245 83.0
8246 83.0
8247 83.0
8248 83.0
8249 83.0
8250 83.0
8251 83.0
8252 83.0
8253 83.0
8254 83.0
8255 83.0
8256 83.0
8257 83.0
8258 83.0
8259 83.0
8260 83.0
8261 83.0
8262 83.0
8263 83.0
8264 83.0
8265 83.0
8266 83.0
8267 83.0
8268 83.0
8269 83.0
8270 83.0
8271 83.0
8272 83.0
8273 83.0
8274 83.0
8275 83.0
8276 83.0
8277 83.0
8278 83.0
8279 83.0
8280 83.0
8281 83.0
8282 83.0
8283 83.0
8284 83.0
8285 83.0
8286 83.0
8287 83.0
8288 83.0
8289 83.0
8290 83.0
8291 83.0
8292 83.0
8293 83.0
8294 83.0
8295 83.0
8296 83.0
8297 83.0
8298 83.0
8299 83.0
8300 83.0
8301 83.0
8302 83.0
8303 83.0
8304 83.0
8305 83.0
8306 83.0
8307 83.0
8308 83.0
8309 83.0
8310 83.0
8311 83.0
8312 83.0
8313 83.0
8314 83.0
8315 83.0
8316 83.0
8317 83.0
8318 83.0
8319 83.0
8320 83.0
8321 83.0
8322 83.0
8323 83.0
8324 83.0
8325 83.0
8326 83.0
8327 83.0
8328 83.0
8329 83.0
8330 83.0
8331 83.0
8332 83.0
8333 83.0
8334 83.0
8335 83.0
8336 83.0
8337 83.0
8338 83.0
8339 83.0
8340 83.0
8341 83.0
8342 83.0
8343 83.0
8344 83.0
8345 83.0
8346 83.0
8347 83.0
8348 83.0
8349 83.0
8350 83.0
8351 83.0
8352 83.0
8353 83.0
8354 83.0
8355 83.0
8356 83.0
8357 83.0
8358 83.0
8359 83.0
8360 83.0
8361 83.0
8362 83.0
8363 83.0
8364 83.0
8365 83.0
8366 83.0
8367 83.0
8368 83.0
8369 83.0
8370 83.0
8371 83.0
8372 83.0
8373 83.0
8374 83.0
8375 83.0
8376 83.0
8377 83.0
8378 83.0
8379 83.0
8380 83.0
8381 83.0
8382 83.0
8383 83.0
8384 83.0
8385 83.0
8386 83.0
8387 83.0
8388 83.0
8389 83.0
8390 83.0
8391 83.0
8392 83.0
8393 83.0
8394 83.0
8395 83.0
8396 83.0
8397 83.0
8398 83.0
8399 83.0
8400 83.0
8401 83.0
8402 83.0
8403 83.0
8404 83.0
8405 83.0
8406 83.0
8407 83.0
8408 83.0
8409 83.0
8410 83.0
8411 83.0
8412 83.0
8413 83.0
8414 83.0
8415 83.0
8416 83.0
8417 83.0
8418 83.0
8419 83.0
8420 83.0
8421 83.0
8422 83.0
8423 83.0
8424 83.0
8425 83.0
8426 83.0
8427 83.0
8428 83.0
8429 83.0
8430 83.0
8431 83.0
8432 83.0
8433 83.0
8434 83.0
8435 83.0
8436 83.0
8437 83.0
8438 83.0
8439 83.0
8440 83.0
8441 83.0
8442 83.0
8443 83.0
8444 83.0
8445 83.0
8446 83.0
8447 83.0
8448 83.0
8449 83.0
8450 83.0
8451 83.0
8452 83.0
8453 83.0
8454 83.0
8455 83.0
8456 83.0
8457 83.0
8458 83.0
8459 83.0
8460 83.0
8461 83.0
8462 83.0
8463 83.0
8464 83.0
8465 83.0
8466 83.0
8467 83.0
8468 83.0
8469 83.0
8470 83.0
8471 83.0
8472 83.0
8473 83.0
8474 83.0
8475 83.0
8476 83.0
8477 83.0
8478 83.0
8479 83.0
8480 83.0
8481 83.0
8482 83.0
8483 83.0
8484 83.0
8485 83.0
8486 83.0
8487 83.0
8488 83.0
8489 83.0
8490 83.0
8491 83.0
8492 83.0
8493 83.0
8494 83.0
8495 83.0
8496 83.0
8497 83.0
8498 83.0
8499 83.0
8500 83.0
8501 83.0
8502 83.0
8503 83.0
8504 83.0
8505 83.0
8506 83.0
8507 83.0
8508 83.0
8509 83.0
8510 83.0
8511 83.0
8512 83.0
8513 83.0
8514 83.0
8515 83.0
8516 83.0
8517 83.0
8518 83.0
8519 83.0
8520 83.0
8521 83.0
8522 83.0
8523 83.0
8524 83.0
8525 83.0
8526 83.0
8527 83.0
8528 83.0
8529 83.0
8530 83.0
8531 83.0
8532 83.0
8533 83.0
8534 83.0
8535 83.0
8536 83.0
8537 83.0
8538 83.0
8539 83.0
8540 83.0
8541 83.0
8542 83.0
8543 83.0
8544 83.0
8545 83.0
8546 83.0
8547 83.0
8548 83.0
8549 83.0
8550 83.0
8551 83.0
8552 83.0
8553 83.0
8554 83.0
8555 83.0
8556 83.0
8557 83.0
8558 83.0
8559 83.0
8560 83.0
8561 83.0
8562 83.0
8563 83.0
8564 83.0
8565 83.0
8566 83.0
8567 83.0
8568 83.0
8569 83.0
8570 83.0
8571 83.0
8572 83.0
8573 83.0
8574 83.0
8575 83.0
8576 83.0
8577 83.0
8578 83.0
8579 83.0
8580 83.0
8581 83.0
8582 83.0
8583 83.0
8584 83.0
8585 83.0
8586 83.0
8587 83.0
8588 83.0
8589 83.0
8590 83.0
8591 83.0
8592 83.0
8593 83.0
8594 83.0
8595 83.0
8596 83.0
8597 83.0
8598 83.0
8599 83.0
8600 83.0
8601 83.0
8602 83.0
8603 83.0
8604 83.0
8605 83.0
8606 83.0
8607 83.0
8608 83.0
8609 83.0
8610 83.0
8611 83.0
8612 83.0
8613 83.0
8614 83.0
8615 83.0
8616 83.0
8617 83.0
8618 83.0
8619 83.0
8620 83.0
8621 83.0
8622 83.0
8623 83.0
8624 83.0
8625 83.0
8626 83.0
8627 83.0
8628 83.0
8629 83.0
8630 83.0
8631 83.0
8632 83.0
8633 83.0
8634 83.0
8635 83.0
8636 83.0
8637 83.0
8638 83.0
8639 83.0
8640 83.0
8641 83.0
8642 83.0
8643 83.0
8644 83.0
8645 83.0
8646 83.0
8647 83.0
8648 83.0
8649 83.0
8650 83.0
8651 83.0
8652 83.0
8653 83.0
8654 83.0
8655 83.0
8656 83.0
8657 83.0
8658 83.0
8659 83.0
8660 83.0
8661 83.0
8662 83.0
8663 83.0
8664 83.0
8665 83.0
8666 83.0
8667 83.0
8668 83.0
8669 83.0
8670 83.0
8671 83.0
8672 83.0
8673 83.0
8674 83.0
8675 83.0
8676 83.0
8677 83.0
8678 83.0
8679 83.0
8680 83.0
8681 83.0
8682 83.0
8683 83.0
8684 83.0
8685 83.0
8686 83.0
8687 83.0
8688 83.0
8689 83.0
8690 83.0
8691 83.0
8692 83.0
8693 83.0
8694 83.0
8695 83.0
8696 83.0
8697 83.0
8698 83.0
8699 83.0
8700 83.0
8701 83.0
8702 83.0
8703 83.0
8704 83.0
8705 83.0
8706 83.0
8707 83.0
8708 83.0
8709 83.0
8710 83.0
8711 83.0
8712 83.0
8713 83.0
8714 83.0
8715 83.0
8716 83.0
8717 83.0
8718 83.0
8719 83.0
8720 83.0
8721 83.0
8722 83.0
8723 83.0
8724 83.0
8725 83.0
8726 83.0
8727 83.0
8728 83.0
8729 83.0
8730 83.0
8731 83.0
8732 83.0
8733 83.0
8734 83.0
8735 83.0
8736 83.0
8737 83.0
8738 83.0
8739 83.0
8740 83.0
8741 83.0
8742 83.0
8743 83.0
8744 83.0
8745 83.0
8746 83.0
8747 83.0
8748 83.0
8749 83.0
8750 83.0
8751 83.0
8752 83.0
8753 83.0
8754 83.0
8755 83.0
8756 83.0
8757 83.0
8758 83.0
8759 83.0
8760 83.0
8761 83.0
8762 83.0
8763 83.0
8764 83.0
8765 83.0
8766 83.0
8767 83.0
8768 83.0
8769 83.0
8770 83.0
8771 83.0
8772 83.0
8773 83.0
8774 83.0
8775 83.0
8776 83.0
8777 83.0
8778 83.0
8779 83.0
8780 83.0
8781 83.0
8782 83.0
8783 83.0
8784 83.0
8785 83.0
8786 83.0
8787 83.0
8788 83.0
8789 83.0
8790 83.0
8791 83.0
8792 83.0
8793 83.0
8794 83.0
8795 83.0
8796 83.0
8797 83.0
8798 83.0
8799 83.0
8800 83.0
8801 83.0
8802 83.0
8803 83.0
8804 83.0
8805 83.0
8806 83.0
8807 83.0
8808 83.0
8809 83.0
8810 83.0
8811 83.0
8812 83.0
8813 83.0
8814 83.0
8815 83.0
8816 83.0
8817 83.0
8818 83.0
8819 83.0
8820 83.0
8821 83.0
8822 83.0
8823 83.0
8824 83.0
8825 83.0
8826 83.0
8827 83.0
8828 83.0
8829 83.0
8830 83.0
8831 83.0
8832 83.0
8833 83.0
8834 83.0
8835 83.0
8836 83.0
8837 83.0
8838 83.0
8839 83.0
8840 83.0
8841 83.0
8842 83.0
8843 83.0
8844 83.0
8845 83.0
8846 83.0
8847 83.0
8848 83.0
8849 83.0
8850 83.0
8851 83.0
8852 83.0
8853 83.0
8854 83.0
8855 83.0
8856 83.0
8857 83.0
8858 83.0
8859 83.0
8860 83.0
8861 83.0
8862 83.0
8863 83.0
8864 83.0
8865 83.0
8866 83.0
8867 83.0
8868 83.0
8869 83.0
8870 83.0
8871 83.0
8872 83.0
8873 83.0
8874 83.0
8875 83.0
8876 83.0
8877 83.0
8878 83.0
8879 83.0
8880 83.0
8881 83.0
8882 83.0
8883 83.0
8884 83.0
8885 83.0
8886 83.0
8887 83.0
8888 83.0
8889 83.0
8890 83.0
8891 83.0
8892 83.0
8893 83.0
8894 83.0
8895 83.0
8896 83.0
8897 83.0
8898 83.0
8899 83.0
8900 83.0
8901 83.0
8902 83.0
8903 83.0
8904 83.0
8905 83.0
8906 83.0
8907 83.0
8908 83.0
8909 83.0
8910 83.0
8911 83.0
8912 83.0
8913 83.0
8914 83.0
8915 83.0
8916 83.0
8917 83.0
8918 83.0
8919 83.0
8920 83.0
8921 83.0
8922 83.0
8923 83.0
8924 83.0
8925 83.0
8926 83.0
8927 83.0
8928 83.0
8929 83.0
8930 83.0
8931 83.0
8932 83.0
8933 83.0
8934 83.0
8935 83.0
8936 83.0
8937 83.0
8938 83.0
8939 83.0
8940 83.0
8941 83.0
8942 83.0
8943 83.0
8944 83.0
8945 83.0
8946 83.0
8947 83.0
8948 83.0
8949 83.0
8950 83.0
8951 83.0
8952 83.0
8953 83.0
8954 83.0
8955 83.0
8956 83.0
8957 83.0
8958 83.0
8959 83.0
8960 83.0
8961 83.0
8962 83.0
8963 83.0
8964 83.0
8965 83.0
8966 83.0
8967 83.0
8968 83.0
8969 83.0
8970 83.0
8971 83.0
8972 83.0
8973 83.0
8974 83.0
8975 83.0
8976 83.0
8977 83.0
8978 83.0
8979 83.0
8980 83.0
8981 83.0
8982 83.0
8983 83.0
8984 83.0
8985 83.0
8986 83.0
8987 83.0
8988 83.0
8989 83.0
8990 83.0
8991 83.0
8992 83.0
8993 83.0
8994 83.0
8995 83.0
8996 83.0
8997 83.0
8998 83.0
8999 83.0
9000 83.0
9001 83.0
9002 83.0
9003 83.0
9004 83.0
9005 83.0
9006 83.0
9007 83.0
9008 83.0
9009 83.0
9010 83.0
9011 83.0
9012 83.0
9013 83.0
9014 83.0
9015 83.0
9016 83.0
9017 83.0
9018 83.0
9019 83.0
9020 83.0
9021 83.0
9022 83.0
9023 83.0
9024 83.0
9025 83.0
9026 83.0
9027 83.0
9028 83.0
9029 83.0
9030 83.0
9031 83.0
9032 83.0
9033 83.0
9034 83.0
9035 83.0
9036 83.0
9037 83.0
9038 83.0
9039 83.0
9040 83.0
9041 83.0
9042 83.0
9043 83.0
9044 83.0
9045 83.0
9046 83.0
9047 83.0
9048 83.0
9049 83.0
9050 83.0
9051 83.0
9052 83.0
9053 83.0
9054 83.0
9055 83.0
9056 83.0
9057 83.0
9058 83.0
9059 83.0
9060 83.0
9061 83.0
9062 83.0
9063 83.0
9064 83.0
9065 83.0
9066 83.0
9067 83.0
9068 83.0
9069 83.0
9070 83.0
9071 83.0
9072 83.0
9073 83.0
9074 83.0
9075 83.0
9076 83.0
9077 83.0
9078 83.0
9079 83.0
9080 83.0
9081 83.0
9082 83.0
9083 83.0
9084 83.0
9085 83.0
9086 83.0
9087 83.0
9088 83.0
9089 83.0
9090 83.0
9091 83.0
9092 83.0
9093 83.0
9094 83.0
9095 83.0
9096 83.0
9097 83.0
9098 83.0
9099 83.0
9100 83.0
9101 83.0
9102 83.0
9103 83.0
9104 83.0
9105 83.0
9106 83.0
9107 83.0
9108 83.0
9109 83.0
9110 83.0
9111 83.0
9112 83.0
9113 83.0
9114 83.0
9115 83.0
9116 83.0
9117 83.0
9118 83.0
9119 83.0
9120 83.0
9121 83.0
9122 83.0
9123 83.0
9124 83.0
9125 83.0
9126 83.0
9127 83.0
9128 83.0
9129 83.0
9130 83.0
9131 83.0
9132 83.0
9133 83.0
9134 83.0
9135 83.0
9136 83.0
9137 83.0
9138 83.0
9139 83.0
9140 83.0
9141 83.0
9142 83.0
9143 83.0
9144 83.0
9145 83.0
9146 83.0
9147 83.0
9148 83.0
9149 83.0
9150 83.0
9151 83.0
9152 83.0
9153 83.0
9154 83.0
9155 83.0
9156 83.0
9157 83.0
9158 83.0
9159 83.0
9160 83.0
9161 83.0
9162 83.0
9163 83.0
9164 83.0
9165 83.0
9166 83.0
9167 83.0
9168 83.0
9169 83.0
9170 83.0
9171 83.0
9172 83.0
9173 83.0
9174 83.0
9175 83.0
9176 83.0
9177 83.0
9178 83.0
9179 83.0
9180 83.0
9181 83.0
9182 83.0
9183 83.0
9184 83.0
9185 83.0
9186 83.0
9187 83.0
9188 83.0
9189 83.0
9190 83.0
9191 83.0
9192 83.0
9193 83.0
9194 83.0
9195 83.0
9196 83.0
9197 83.0
9198 83.0
9199 83.0
9200 83.0
9201 83.0
9202 83.0
9203 83.0
9204 83.0
9205 83.0
9206 83.0
9207 83.0
9208 83.0
9209 83.0
9210 83.0
9211 83.0
9212 83.0
9213 83.0
9214 83.0
9215 83.0
9216 83.0
9217 83.0
9218 83.0
9219 83.0
9220 83.0
9221 83.0
9222 83.0
9223 83.0
9224 83.0
9225 83.0
9226 83.0
9227 83.0
9228 83.0
9229 83.0
9230 83.0
9231 83.0
9232 83.0
9233 83.0
9234 83.0
9235 83.0
9236 83.0
9237 83.0
9238 83.0
9239 83.0
9240 83.0
9241 83.0
9242 83.0
9243 83.0
9244 83.0
9245 83.0
9246 83.0
9247 83.0
9248 83.0
9249 83.0
9250 83.0
9251 83.0
9252 83.0
9253 83.0
9254 83.0
9255 83.0
9256 83.0
9257 83.0
9258 83.0
9259 83.0
9260 83.0
9261 83.0
9262 83.0
9263 83.0
9264 83.0
9265 83.0
9266 83.0
9267 83.0
9268 83.0
9269 83.0
9270 83.0
9271 83.0
9272 83.0
9273 83.0
9274 83.0
9275 83.0
9276 83.0
9277 83.0
9278 83.0
9279 83.0
9280 83.0
9281 83.0
9282 83.0
9283 83.0
9284 83.0
9285 83.0
9286 83.0
9287 83.0
9288 83.0
9289 83.0
9290 83.0
9291 83.0
9292 83.0
9293 83.0
9294 83.0
9295 83.0
9296 83.0
9297 83.0
9298 83.0
9299 83.0
9300 83.0
9301 83.0
9302 83.0
9303 83.0
9304 83.0
9305 83.0
9306 83.0
9307 83.0
9308 83.0
9309 83.0
9310 83.0
9311 83.0
9312 83.0
9313 83.0
9314 83.0
9315 83.0
9316 83.0
9317 83.0
9318 83.0
9319 83.0
9320 83.0
9321 83.0
9322 83.0
9323 83.0
9324 83.0
9325 83.0
9326 83.0
9327 83.0
9328 83.0
9329 83.0
9330 83.0
9331 83.0
9332 83.0
9333 83.0
9334 83.0
9335 83.0
9336 83.0
9337 83.0
9338 83.0
9339 83.0
9340 83.0
9341 83.0
9342 83.0
9343 83.0
9344 83.0
9345 83.0
9346 83.0
9347 83.0
9348 83.0
9349 83.0
9350 83.0
9351 83.0
9352 83.0
9353 83.0
9354 83.0
9355 83.0
9356 83.0
9357 83.0
9358 83.0
9359 83.0
9360 83.0
9361 83.0
9362 83.0
9363 83.0
9364 83.0
9365 83.0
9366 83.0
9367 83.0
9368 83.0
9369 83.0
9370 83.0
9371 83.0
9372 83.0
9373 83.0
9374 83.0
9375 83.0
9376 83.0
9377 83.0
9378 83.0
9379 83.0
9380 83.0
9381 83.0
9382 83.0
9383 83.0
9384 83.0
9385 83.0
9386 83.0
9387 83.0
9388 83.0
9389 83.0
9390 83.0
9391 83.0
9392 83.0
9393 83.0
9394 83.0
9395 83.0
9396 83.0
9397 83.0
9398 83.0
9399 83.0
9400 83.0
9401 83.0
9402 83.0
9403 83.0
9404 83.0
9405 83.0
9406 83.0
9407 83.0
9408 83.0
9409 83.0
9410 83.0
9411 83.0
9412 83.0
9413 83.0
9414 83.0
9415 83.0
9416 83.0
9417 83.0
9418 83.0
9419 83.0
9420 83.0
9421 83.0
9422 83.0
9423 83.0
9424 83.0
9425 83.0
9426 83.0
9427 83.0
9428 83.0
9429 83.0
9430 83.0
9431 83.0
9432 83.0
9433 83.0
9434 83.0
9435 83.0
9436 83.0
9437 83.0
9438 83.0
9439 83.0
9440 83.0
9441 83.0
9442 83.0
9443 83.0
9444 83.0
9445 83.0
9446 83.0
9447 83.0
9448 83.0
9449 83.0
9450 83.0
9451 83.0
9452 83.0
9453 83.0
9454 83.0
9455 83.0
9456 83.0
9457 83.0
9458 83.0
9459 83.0
9460 83.0
9461 83.0
9462 83.0
9463 83.0
9464 83.0
9465 83.0
9466 83.0
9467 83.0
9468 83.0
9469 83.0
9470 83.0
9471 83.0
9472 83.0
9473 83.0
9474 83.0
9475 83.0
9476 83.0
9477 83.0
9478 83.0
9479 83.0
9480 83.0
9481 83.0
9482 83.0
9483 83.0
9484 83.0
9485 83.0
9486 83.0
9487 83.0
9488 83.0
9489 83.0
9490 83.0
9491 83.0
9492 83.0
9493 83.0
9494 83.0
9495 83.0
9496 83.0
9497 83.0
9498 83.0
9499 83.0
9500 83.0
9501 83.0
9502 83.0
9503 83.0
9504 83.0
9505 83.0
9506 83.0
9507 83.0
9508 83.0
9509 83.0
9510 83.0
9511 83.0
9512 83.0
9513 83.0
9514 83.0
9515 83.0
9516 83.0
9517 83.0
9518 83.0
9519 83.0
9520 83.0
9521 83.0
9522 83.0
9523 83.0
9524 83.0
9525 83.0
9526 83.0
9527 83.0
9528 83.0
9529 83.0
9530 83.0
9531 83.0
9532 83.0
9533 83.0
9534 83.0
9535 83.0
9536 83.0
9537 83.0
9538 83.0
9539 83.0
9540 83.0
9541 83.0
9542 83.0
9543 83.0
9544 83.0
9545 83.0
9546 83.0
9547 83.0
9548 83.0
9549 83.0
9550 83.0
9551 83.0
9552 83.0
9553 83.0
9554 83.0
9555 83.0
9556 83.0
9557 83.0
9558 83.0
9559 83.0
9560 83.0
9561 83.0
9562 83.0
9563 83.0
9564 83.0
9565 83.0
9566 83.0
9567 83.0
9568 83.0
9569 83.0
9570 83.0
9571 83.0
9572 83.0
9573 83.0
9574 83.0
9575 83.0
9576 83.0
9577 83.0
9578 83.0
9579 83.0
9580 83.0
9581 83.0
9582 83.0
9583 83.0
9584 83.0
9585 83.0
9586 83.0
9587 83.0
9588 83.0
9589 83.0
9590 83.0
9591 83.0
9592 83.0
9593 83.0
9594 83.0
9595 83.0
9596 83.0
9597 83.0
9598 83.0
9599 83.0
9600 83.0
9601 83.0
9602 83.0
9603 83.0
9604 83.0
9605 83.0
9606 83.0
9607 83.0
9608 83.0
9609 83.0
9610 83.0
9611 83.0
9612 83.0
9613 83.0
9614 83.0
9615 83.0
9616 83.0
9617 83.0
9618 83.0
9619 83.0
9620 83.0
9621 83.0
9622 83.0
9623 83.0
9624 83.0
9625 83.0
9626 83.0
9627 83.0
9628 83.0
9629 83.0
9630 83.0
9631 83.0
9632 83.0
9633 83.0
9634 83.0
9635 83.0
9636 83.0
9637 83.0
9638 83.0
9639 83.0
9640 83.0
9641 83.0
9642 83.0
9643 83.0
9644 83.0
9645 83.0
9646 83.0
9647 83.0
9648 83.0
9649 83.0
9650 83.0
9651 83.0
9652 83.0
9653 83.0
9654 83.0
9655 83.0
9656 83.0
9657 83.0
9658 83.0
9659 83.0
9660 83.0
9661 83.0
9662 83.0
9663 83.0
9664 83.0
9665 83.0
9666 83.0
9667 83.0
9668 83.0
9669 83.0
9670 83.0
9671 83.0
9672 83.0
9673 83.0
9674 83.0
9675 83.0
9676 83.0
9677 83.0
9678 83.0
9679 83.0
9680 83.0
9681 83.0
9682 83.0
9683 83.0
9684 83.0
9685 83.0
9686 83.0
9687 83.0
9688 83.0
9689 83.0
9690 83.0
9691 83.0
9692 83.0
9693 83.0
9694 83.0
9695 83.0
9696 83.0
9697 83.0
9698 83.0
9699 83.0
9700 83.0
9701 83.0
9702 83.0
9703 83.0
9704 83.0
9705 83.0
9706 83.0
9707 83.0
9708 83.0
9709 83.0
9710 83.0
9711 83.0
9712 83.0
9713 83.0
9714 83.0
9715 83.0
9716 83.0
9717 83.0
9718 83.0
9719 83.0
9720 83.0
9721 83.0
9722 83.0
9723 83.0
9724 83.0
9725 83.0
9726 83.0
9727 83.0
9728 83.0
9729 83.0
9730 83.0
9731 83.0
9732 83.0
9733 83.0
9734 83.0
9735 83.0
9736 83.0
9737 83.0
9738 83.0
9739 83.0
9740 83.0
9741 83.0
9742 83.0
9743 83.0
9744 83.0
9745 83.0
9746 83.0
9747 83.0
9748 83.0
9749 83.0
9750 83.0
9751 83.0
9752 83.0
9753 83.0
9754 83.0
9755 83.0
9756 83.0
9757 83.0
9758 83.0
9759 83.0
9760 83.0
9761 83.0
9762 83.0
9763 83.0
9764 83.0
9765 83.0
9766 83.0
9767 83.0
9768 83.0
9769 83.0
9770 83.0
9771 83.0
9772 83.0
9773 83.0
9774 83.0
9775 83.0
9776 83.0
9777 83.0
9778 83.0
9779 83.0
9780 83.0
9781 83.0
9782 83.0
9783 83.0
9784 83.0
9785 83.0
9786 83.0
9787 83.0
9788 83.0
9789 83.0
9790 83.0
9791 83.0
9792 83.0
9793 83.0
9794 83.0
9795 83.0
9796 83.0
9797 83.0
9798 83.0
9799 83.0
9800 83.0
9801 83.0
9802 83.0
9803 83.0
9804 83.0
9805 83.0
9806 83.0
9807 83.0
9808 83.0
9809 83.0
9810 83.0
9811 83.0
9812 83.0
9813 83.0
9814 83.0
9815 83.0
9816 83.0
9817 83.0
9818 83.0
9819 83.0
9820 83.0
9821 83.0
9822 83.0
9823 83.0
9824 83.0
9825 83.0
9826 83.0
9827 83.0
9828 83.0
9829 83.0
9830 83.0
9831 83.0
9832 83.0
9833 83.0
9834 83.0
9835 83.0
9836 83.0
9837 83.0
9838 83.0
9839 83.0
9840 83.0
9841 83.0
9842 83.0
9843 83.0
9844 83.0
9845 83.0
9846 83.0
9847 83.0
9848 83.0
9849 83.0
9850 83.0
9851 83.0
9852 83.0
9853 83.0
9854 83.0
9855 83.0
9856 83.0
9857 83.0
9858 83.0
9859 83.0
9860 83.0
9861 83.0
9862 83.0
9863 83.0
9864 83.0
9865 83.0
9866 83.0
9867 83.0
9868 83.0
9869 83.0
9870 83.0
9871 83.0
9872 83.0
9873 83.0
9874 83.0
9875 83.0
9876 83.0
9877 83.0
9878 83.0
9879 83.0
9880 83.0
9881 83.0
9882 83.0
9883 83.0
9884 83.0
9885 83.0
9886 83.0
9887 83.0
9888 83.0
9889 83.0
9890 83.0
9891 83.0
9892 83.0
9893 83.0
9894 83.0
9895 83.0
9896 83.0
9897 83.0
9898 83.0
9899 83.0
9900 83.0
9901 83.0
9902 83.0
9903 83.0
9904 83.0
9905 83.0
9906 83.0
9907 83.0
9908 83.0
9909 83.0
9910 83.0
9911 83.0
9912 83.0
9913 83.0
9914 83.0
9915 83.0
9916 83.0
9917 83.0
9918 83.0
9919 83.0
9920 83.0
9921 83.0
9922 83.0
9923 83.0
9924 83.0
9925 83.0
9926 83.0
9927 83.0
9928 83.0
9929 83.0
9930 83.0
9931 83.0
9932 83.0
9933 83.0
9934 83.0
9935 83.0
9936 83.0
9937 83.0
9938 83.0
9939 83.0
9940 83.0
9941 83.0
9942 83.0
9943 83.0
9944 83.0
9945 83.0
9946 83.0
9947 83.0
9948 83.0
9949 83.0
9950 83.0
9951 83.0
9952 83.0
9953 83.0
9954 83.0
9955 83.0
9956 83.0
9957 83.0
9958 83.0
9959 83.0
9960 83.0
9961 83.0
9962 83.0
9963 83.0
9964 83.0
9965 83.0
9966 83.0
9967 83.0
9968 83.0
9969 83.0
9970 83.0
9971 83.0
9972 83.0
9973 83.0
9974 83.0
9975 83.0
9976 83.0
9977 83.0
9978 83.0
9979 83.0
9980 83.0
9981 83.0
9982 83.0
9983 83.0
9984 83.0
9985 83.0
9986 83.0
9987 83.0
9988 83.0
9989 83.0
9990 83.0
9991 83.0
9992 83.0
9993 83.0
9994 83.0
9995 83.0
9996 83.0
9997 83.0
9998 83.0
9999 83.0
10000 83.0
