# evaluation best
1 13.0
2 19.0
3 19.0
4 53.0
5 53.0
6 53.0
7 53.0
8 53.0
9 53.0
10 53.0
11 53.0
12 53.0
13 53.0
14 53.0
15 53.0
16 53.0
17 53.0
18 53.0
19 53.0
20 53.0
21 53.0
22 53.0
23 53.0
24 53.0
25 53.0
26 53.0
27 53.0
28 53.0
29 53.0
30 53.0
31 53.0
32 53.0
33 53.0
34 53.0
35 53.0
36 53.0
37 53.0
38 53.0
39 53.0
40 53.0
41 53.0
42 53.0
43 53.0
44 53.0
45 53.0
46 53.0
47 53.0
48 53.0
49 53.0
50 53.0
51 53.0
52 53.0
53 53.0
54 53.0
55 53.0
56 53.0
57 53.0
58 53.0
59 53.0
60 53.0
61 53.0
62 53.0
63 53.0
64 53.0
65 53.0
66 53.0
67 53.0
68 53.0
69 53.0
70 53.0
71 53.0
72 53.0
73 53.0
74 53.0
75 53.0
76 53.0
77 53.0
78 53.0
79 53.0
80 53.0
81 53.0
82 53.0
83 53.0
84 53.0
85 53.0
86 53.0
87 53.0
88 53.0
89 53.0
90 53.0
91 53.0
92 53.0
93 53.0
94 53.0
95 53.0
96 53.0
97 53.0
98 53.0
99 53.0
100 53.0
101 53.0
102 53.0
103 53.0
104 53.0
105 53.0
106 53.0
107 53.0
108 53.0
109 53.0
110 53.0
111 53.0
112 53.0
113 53.0
114 53.0
115 53.0
116 53.0
117 53.0
118 53.0
119 53.0
120 53.0
121 53.0
122 53.0
123 53.0
124 53.0
125 53.0
126 53.0
127 53.0
128 53.0
129 53.0
130 53.0
131 53.0
132 53.0
133 53.0
134 53.0
135 53.0
136 53.0
137 53.0
138 53.0
139 53.0
140 53.0
141 53.0
142 53.0
143 53.0
144 53.0
145 53.0
146 53.0
147 53.0
148 53.0
149 53.0
150 53.0
151 53.0
152 53.0
153 53.0
154 53.0
155 53.0
156 53.0
157 53.0
158 53.0
159 53.0
160 53.0
161 53.0
162 53.0
163 53.0
164 53.0
165 53.0
166 53.0
167 53.0
168 53.0
169 53.0
170 53.0
171 53.0
172 53.0
173 53.0
174 53.0
175 53.0
176 53.0
177 53.0
178 53.0
179 53.0
180 53.0
181 53.0
182 53.0
183 53.0
184 53.0
185 53.0
186 53.0
187 53.0
188 53.0
189 53.0
190 53.0
191 53.0
192 53.0
193 53.0
194 53.0
195 53.0
196 53.0
197 53.0
198 53.0
199 53.0
200 53.0
201 53.0
202 53.0
203 53.0
204 53.0
205 53.0
206 53.0
207 53.0
208 53.0
209 53.0
210 53.0
211 53.0
212 53.0
213 53.0
214 53.0
215 53.0
216 53.0
217 53.0
218 53.0
219 53.0
220 53.0
221 53.0
222 53.0
223 53.0
224 53.0
225 53.0
226 53.0
227 53.0
228 53.0
229 53.0
230 53.0
231 53.0
232 53.0
233 53.0
234 53.0
235 53.0
236 53.0
237 53.0
238 53.0
239 53.0
240 53.0
241 53.0
242 53.0
243 53.0
244 53.0
245 53.0
246 53.0
247 53.0
248 53.0
249 53.0
250 53.0
251 53.0
252 53.0
253 53.0
254 53.0
255 53.0
256 53.0
257 53.0
258 53.0
259 53.0
260 53.0
261 53.0
262 53.0
263 53.0
264 53.0
265 53.0
266 53.0
267 53.0
268 53.0
269 53.0
270 53.0
271 53.0
272 53.0
273 53.0
274 53.0
275 53.0
276 53.0
277 53.0
278 53.0
279 53.0
280 53.0
281 53.0
282 53.0
283 53.0
284 53.0
285 53.0
286 53.0
287 53.0
288 53.0
289 53.0
290 53.0
291 53.0
292 53.0
293 53.0
294 53.0
295 53.0
296 53.0
297 53.0
298 53.0
299 53.0
300 53.0
301 53.0
302 53.0
303 53.0
304 53.0
305 53.0
306 53.0
307 53.0
308 53.0
309 53.0
310 53.0
311 53.0
312 53.0
313 53.0
314 53.0
315 53.0
316 53.0
317 53.0
318 53.0
319 53.0
320 53.0
321 53.0
322 53.0
323 53.0
324 53.0
325 53.0
326 53.0
327 53.0
328 53.0
329 53.0
330 53.0
331 53.0
332 53.0
333 53.0
334 53.0
335 53.0
336 53.0
337 53.0
338 53.0
339 53.0
340 53.0
341 53.0
342 53.0
343 53.0
344 53.0
345 53.0
346 53.0
347 53.0
348 53.0
349 53.0
350 53.0
351 53.0
352 53.0
353 53.0
354 53.0
355 53.0
356 53.0
357 53.0
358 53.0
359 53.0
360 53.0
361 53.0
362 53.0
363 53.0
364 53.0
365 53.0
366 53.0
367 53.0
368 53.0
369 53.0
370 53.0
371 53.0
372 53.0
373 53.0
374 53.0
375 53.0
376 53.0
377 53.0
378 53.0
379 53.0
380 53.0
381 53.0
382 53.0
383 53.0
384 53.0
385 53.0
386 53.0
387 53.0
388 53.0
389 53.0
390 53.0
391 53.0
392 53.0
393 53.0
394 53.0
395 53.0
396 53.0
397 53.0
398 53.0
399 53.0
400 53.0
401 53.0
402 53.0
403 53.0
404 53.0
405 53.0
406 53.0
407 53.0
408 53.0
409 53.0
410 53.0
411 53.0
412 53.0
413 53.0
414 53.0
415 53.0
416 53.0
417 53.0
418 53.0
419 53.0
420 53.0
421 53.0
422 53.0
423 53.0
424 53.0
425 53.0
426 53.0
427 53.0
428 53.0
429 53.0
430 53.0
431 53.0
432 53.0
433 53.0
434 53.0
435 53.0
436 53.0
437 53.0
438 53.0
439 53.0
440 53.0
441 53.0
442 53.0
443 53.0
444 53.0
445 53.0
446 53.0
447 53.0
448 53.0
449 53.0
450 53.0
451 53.0
452 53.0
453 53.0
454 53.0
455 53.0
456 53.0
457 53.0
458 53.0
459 53.0
460 53.0
461 53.0
462 53.0
463 53.0
464 53.0
465 53.0
466 53.0
467 53.0
468 53.0
469 53.0
470 53.0
471 53.0
472 53.0
473 53.0
474 53.0
475 53.0
476 53.0
477 53.0
478 53.0
479 53.0
480 53.0
481 53.0
482 53.0
483 53.0
484 53.0
485 53.0
486 53.0
487 53.0
488 53.0
489 53.0
490 53.0
491 53.0
492 53.0
493 53.0
494 53.0
495 53.0
496 53.0
497 53.0
498 53.0
499 53.0
500 53.0
501 53.0
502 53.0
503 53.0
504 53.0
505 53.0
506 53.0
507 53.0
508 53.0
509 53.0
510 53.0
511 53.0
512 53.0
513 53.0
514 53.0
515 53.0
516 53.0
517 53.0
518 53.0
519 53.0
520 53.0
521 53.0
522 53.0
523 53.0
524 53.0
525 53.0
526 53.0
527 53.0
528 53.0
529 53.0
530 53.0
531 53.0
532 53.0
533 53.0
534 53.0
535 53.0
536 53.0
537 53.0
538 53.0
539 53.0
540 53.0
541 53.0
542 53.0
543 53.0
544 53.0
545 53.0
546 53.0
547 53.0
548 53.0
549 53.0
550 53.0
551 53.0
552 53.0
553 53.0
554 53.0
555 53.0
556 53.0
557 53.0
558 53.0
559 53.0
560 53.0
561 53.0
562 53.0
563 53.0
564 53.0
565 53.0
566 53.0
567 53.0
568 53.0
569 53.0
570 53.0
571 53.0
572 53.0
573 53.0
574 53.0
575 53.0
576 53.0
577 53.0
578 53.0
579 53.0
580 53.0
581 53.0
582 53.0
583 53.0
584 53.0
585 53.0
586 53.0
587 53.0
588 53.0
589 53.0
590 53.0
591 53.0
592 53.0
593 53.0
594 53.0
595 53.0
596 53.0
597 53.0
598 53.0
599 53.0
600 53.0
601 53.0
602 53.0
603 53.0
604 53.0
605 53.0
606 53.0
607 53.0
608 53.0
609 53.0
610 53.0
611 53.0
612 53.0
613 53.0
614 53.0
615 53.0
616 53.0
617 53.0
618 53.0
619 53.0
620 53.0
621 53.0
622 53.0
623 53.0
624 53.0
625 53.0
626 53.0
627 53.0
628 53.0
629 53.0
630 53.0
631 53.0
632 53.0
633 53.0
634 53.0
635 53.0
636 53.0
637 53.0
638 53.0
639 53.0
640 53.0
641 53.0
642 53.0
643 53.0
644 53.0
645 53.0
646 53.0
647 53.0
648 53.0
649 53.0
650 53.0
651 53.0
652 53.0
653 53.0
654 53.0
655 53.0
656 53.0
657 53.0
658 53.0
659 53.0
660 53.0
661 53.0
662 53.0
663 53.0
664 53.0
665 53.0
666 53.0
667 53.0
668 53.0
669 53.0
670 53.0
671 53.0
672 53.0
673 53.0
674 53.0
675 53.0
676 53.0
677 53.0
678 53.0
679 53.0
680 53.0
681 53.0
682 53.0
683 53.0
684 53.0
685 53.0
686 53.0
687 53.0
688 53.0
689 53.0
690 53.0
691 53.0
692 53.0
693 53.0
694 53.0
695 53.0
696 53.0
697 53.0
698 53.0
699 53.0
700 53.0
701 53.0
702 53.0
703 53.0
704 53.0
705 53.0
706 53.0
707 53.0
708 53.0
709 53.0
710 53.0
711 53.0
712 53.0
713 53.0
714 53.0
715 53.0
716 53.0
717 53.0
718 53.0
719 53.0
720 53.0
721 53.0
722 53.0
723 53.0
724 53.0
725 53.0
726 53.0
727 53.0
728 53.0
729 53.0
730 53.0
731 53.0
732 53.0
733 53.0
734 53.0
735 53.0
736 53.0
737 53.0
738 53.0
739 53.0
740 53.0
741 53.0
742 53.0
743 53.0
744 53.0
745 53.0
746 53.0
747 53.0
748 53.0
749 53.0
750 53.0
751 53.0
752 53.0
753 53.0
754 53.0
755 53.0
756 53.0
757 53.0
758 53.0
759 53.0
760 53.0
761 53.0
762 53.0
763 53.0
764 53.0
765 53.0
766 53.0
767 53.0
768 53.0
769 53.0
770 53.0
771 53.0
772 53.0
773 53.0
774 53.0
775 53.0
776 53.0
777 53.0
778 53.0
779 53.0
780 53.0
781 53.0
782 53.0
783 53.0
784 53.0
785 53.0
786 53.0
787 53.0
788 53.0
789 53.0
790 53.0
791 53.0
792 53.0
793 53.0
794 53.0
795 53.0
796 53.0
797 53.0
798 53.0
799 53.0
800 53.0
801 53.0
802 53.0
803 53.0
804 53.0
805 53.0
806 53.0
807 53.0
808 53.0
809 53.0
810 53.0
811 53.0
812 53.0
813 53.0
814 53.0
815 53.0
816 53.0
817 53.0
818 53.0
819 53.0
820 53.0
821 53.0
822 53.0
823 53.0
824 53.0
825 53.0
826 53.0
827 53.0
828 53.0
829 53.0
830 53.0
831 53.0
832 53.0
833 53.0
834 53.0
835 53.0
836 53.0
837 53.0
838 53.0
839 53.0
840 53.0
841 53.0
842 53.0
843 53.0
844 53.0
845 53.0
846 53.0
847 53.0
848 53.0
849 53.0
850 53.0
851 53.0
852 53.0
853 53.0
854 53.0
855 53.0
856 53.0
857 53.0
858 53.0
859 53.0
860 53.0
861 53.0
862 53.0
863 53.0
864 53.0
865 53.0
866 53.0
867 53.0
868 53.0
869 53.0
870 53.0
871 53.0
872 53.0
873 53.0
874 53.0
875 53.0
876 53.0
877 53.0
878 53.0
879 53.0
880 53.0
881 53.0
882 53.0
883 53.0
884 53.0
885 53.0
886 53.0
887 53.0
888 53.0
889 53.0
890 53.0
891 53.0
892 53.0
893 53.0
894 53.0
895 53.0
896 53.0
897 53.0
898 53.0
899 53.0
900 53.0
901 53.0
902 53.0
903 53.0
904 53.0
905 53.0
906 53.0
907 53.0
908 53.0
909 53.0
910 53.0
911 53.0
912 53.0
913 53.0
914 53.0
915 53.0
916 53.0
917 53.0
918 53.0
919 53.0
920 53.0
921 53.0
922 53.0
923 53.0
924 53.0
925 53.0
926 53.0
927 53.0
928 53.0
929 53.0
930 53.0
931 53.0
932 53.0
933 53.0
934 53.0
935 53.0
936 53.0
937 53.0
938 53.0
939 53.0
940 53.0
941 53.0
942 53.0
943 53.0
944 53.0
945 53.0
946 53.0
947 53.0
948 53.0
949 53.0
950 53.0
951 53.0
952 53.0
953 53.0
954 53.0
955 53.0
956 53.0
957 53.0
958 53.0
959 53.0
960 53.0
961 53.0
962 53.0
963 53.0
964 53.0
965 53.0
966 53.0
967 53.0
968 53.0
969 53.0
970 53.0
971 53.0
972 53.0
973 53.0
974 53.0
975 53.0
976 53.0
977 53.0
978 53.0
979 53.0
980 53.0
981 53.0
982 53.0
983 53.0
984 53.0
985 53.0
986 53.0
987 53.0
988 53.0
989 53.0
990 53.0
991 53.0
992 53.0
993 53.0
994 53.0
995 53.0
996 53.0
997 53.0
998 53.0
999 53.0
1000 53.0
1001 53.0
1002 53.0
1003 53.0
1004 53.0
1005 53.0
1006 53.0
1007 53.0
1008 53.0
1009 53.0
1010 53.0
1011 53.0
1012 53.0
1013 53.0
1014 53.0
1015 53.0
1016 53.0
1017 53.0
1018 53.0
1019 53.0
1020 53.0
1021 53.0
1022 53.0
1023 53.0
1024 53.0
1025 53.0
1026 53.0
1027 53.0
1028 53.0
1029 53.0
1030 53.0
1031 53.0
1032 53.0
1033 53.0
1034 53.0
1035 53.0
1036 53.0
1037 53.0
1038 53.0
1039 53.0
1040 53.0
1041 53.0
1042 53.0
1043 53.0
1044 53.0
1045 53.0
1046 53.0
1047 53.0
1048 53.0
1049 53.0
1050 53.0
1051 53.0
1052 53.0
1053 53.0
1054 53.0
1055 53.0
1056 53.0
1057 53.0
1058 53.0
1059 53.0
1060 53.0
1061 53.0
1062 53.0
1063 53.0
1064 53.0
1065 53.0
1066 53.0
1067 53.0
1068 53.0
1069 53.0
1070 53.0
1071 53.0
1072 53.0
1073 53.0
1074 53.0
1075 53.0
1076 53.0
1077 53.0
1078 53.0
1079 53.0
1080 53.0
1081 53.0
1082 53.0
1083 53.0
1084 53.0
1085 53.0
1086 53.0
1087 53.0
1088 53.0
1089 53.0
1090 53.0
1091 53.0
1092 53.0
1093 53.0
1094 53.0
1095 53.0
1096 53.0
1097 53.0
1098 53.0
1099 53.0
1100 53.0
1101 53.0
1102 53.0
1103 53.0
1104 53.0
1105 53.0
1106 53.0
1107 53.0
1108 53.0
1109 53.0
1110 53.0
1111 53.0
1112 53.0
1113 53.0
1114 53.0
1115 53.0
1116 53.0
1117 53.0
1118 53.0
1119 53.0
1120 53.0
1121 53.0
1122 53.0
1123 53.0
1124 53.0
1125 53.0
1126 53.0
1127 53.0
1128 53.0
1129 53.0
1130 53.0
1131 53.0
1132 53.0
1133 53.0
1134 53.0
1135 53.0
1136 53.0
1137 53.0
1138 53.0
1139 53.0
1140 53.0
1141 53.0
1142 53.0
1143 53.0
1144 53.0
1145 53.0
1146 53.0
1147 53.0
1148 53.0
1149 53.0
1150 53.0
1151 53.0
1152 53.0
1153 53.0
1154 53.0
1155 53.0
1156 53.0
1157 53.0
1158 53.0
1159 53.0
1160 53.0
1161 53.0
1162 53.0
1163 53.0
1164 53.0
1165 53.0
1166 53.0
1167 53.0
1168 53.0
1169 53.0
1170 53.0
1171 53.0
1172 53.0
1173 53.0
1174 53.0
1175 53.0
1176 53.0
1177 53.0
1178 53.0
1179 53.0
1180 53.0
1181 53.0
1182 53.0
1183 53.0
1184 53.0
1185 53.0
1186 53.0
1187 53.0
1188 53.0
1189 53.0
1190 53.0
1191 53.0
1192 53.0
1193 53.0
1194 53.0
1195 53.0
1196 53.0
1197 53.0
1198 53.0
1199 53.0
1200 53.0
1201 53.0
1202 53.0
1203 53.0
1204 53.0
1205 53.0
1206 53.0
1207 53.0
1208 53.0
1209 53.0
1210 53.0
1211 53.0
1212 53.0
1213 53.0
1214 53.0
1215 53.0
1216 53.0
1217 53.0
1218 53.0
1219 53.0
1220 53.0
1221 53.0
1222 53.0
1223 53.0
1224 53.0
1225 53.0
1226 53.0
1227 53.0
1228 53.0
1229 53.0
1230 53.0
1231 53.0
1232 53.0
1233 53.0
1234 53.0
1235 53.0
1236 53.0
1237 53.0
1238 53.0
1239 53.0
1240 53.0
1241 53.0
1242 53.0
1243 53.0
1244 53.0
1245 53.0
1246 53.0
1247 53.0
1248 53.0
1249 53.0
1250 53.0
1251 53.0
1252 53.0
1253 53.0
1254 53.0
1255 53.0
1256 53.0
1257 53.0
1258 53.0
1259 53.0
1260 53.0
1261 53.0
1262 53.0
1263 53.0
1264 53.0
1265 53.0
1266 53.0
1267 53.0
1268 53.0
1269 53.0
1270 53.0
1271 53.0
1272 53.0
1273 53.0
1274 53.0
1275 53.0
1276 53.0
1277 53.0
1278 53.0
1279 53.0
1280 53.0
1281 53.0
1282 53.0
1283 53.0
1284 53.0
1285 53.0
1286 53.0
1287 53.0
1288 53.0
1289 53.0
1290 53.0
1291 53.0
1292 53.0
1293 53.0
1294 53.0
1295 56.0
1296 56.0
1297 56.0
1298 56.0
1299 56.0
1300 56.0
1301 56.0
1302 56.0
1303 56.0
1304 56.0
1305 56.0
1306 56.0
1307 56.0
1308 56.0
1309 56.0
1310 56.0
1311 56.0
1312 56.0
1313 56.0
1314 56.0
1315 56.0
1316 56.0
1317 56.0
1318 56.0
1319 56.0
1320 56.0
1321 56.0
1322 56.0
1323 56.0
1324 56.0
1325 56.0
1326 56.0
1327 56.0
1328 56.0
1329 56.0
1330 56.0
1331 56.0
1332 56.0
1333 56.0
1334 56.0
1335 56.0
1336 56.0
1337 56.0
1338 56.0
1339 56.0
1340 56.0
1341 56.0
1342 56.0
1343 56.0
1344 56.0
1345 56.0
1346 56.0
1347 56.0
1348 56.0
1349 56.0
1350 56.0
1351 56.0
1352 56.0
1353 56.0
1354 56.0
1355 56.0
1356 56.0
1357 56.0
1358 56.0
1359 56.0
1360 56.0
1361 56.0
1362 56.0
1363 56.0
1364 56.0
1365 56.0
1366 56.0
1367 56.0
1368 56.0
1369 56.0
1370 56.0
1371 56.0
1372 56.0
1373 56.0
1374 56.0
1375 56.0
1376 56.0
1377 56.0
1378 56.0
1379 56.0
1380 56.0
1381 56.0
1382 56.0
1383 56.0
1384 56.0
1385 56.0
1386 56.0
1387 56.0
1388 56.0
1389 56.0
1390 56.0
1391 56.0
1392 56.0
1393 56.0
1394 56.0
1395 56.0
1396 56.0
1397 56.0
1398 56.0
1399 56.0
1400 56.0
1401 56.0
1402 56.0
1403 56.0
1404 56.0
1405 56.0
1406 56.0
1407 56.0
1408 56.0
1409 56.0
1410 56.0
1411 56.0
1412 56.0
1413 56.0
1414 56.0
1415 56.0
1416 56.0
1417 56.0
1418 56.0
1419 56.0
1420 56.0
1421 56.0
1422 56.0
1423 56.0
1424 56.0
1425 56.0
1426 56.0
1427 56.0
1428 56.0
1429 56.0
1430 56.0
1431 56.0
1432 56.0
1433 56.0
1434 56.0
1435 56.0
1436 56.0
1437 56.0
1438 56.0
1439 56.0
1440 56.0
1441 56.0
1442 56.0
1443 56.0
1444 56.0
1445 56.0
1446 56.0
1447 56.0
1448 56.0
1449 56.0
1450 56.0
1451 56.0
1452 56.0
1453 56.0
1454 56.0
1455 56.0
1456 56.0
1457 56.0
1458 56.0
1459 56.0
1460 56.0
1461 56.0
1462 56.0
1463 56.0
1464 56.0
1465 56.0
1466 56.0
1467 56.0
1468 56.0
1469 56.0
1470 56.0
1471 56.0
1472 56.0
1473 56.0
1474 56.0
1475 56.0
1476 56.0
1477 56.0
1478 56.0
1479 56.0
1480 56.0
1481 56.0
1482 56.0
1483 56.0
1484 56.0
1485 56.0
1486 56.0
1487 56.0
1488 56.0
1489 56.0
1490 56.0
1491 56.0
1492 56.0
1493 56.0
1494 56.0
1495 56.0
1496 56.0
1497 56.0
1498 56.0
1499 56.0
1500 56.0
1501 56.0
1502 56.0
1503 56.0
1504 56.0
1505 56.0
1506 56.0
1507 56.0
1508 56.0
1509 56.0
1510 56.0
1511 56.0
1512 56.0
1513 56.0
1514 56.0
1515 56.0
1516 56.0
1517 56.0
1518 56.0
1519 56.0
1520 56.0
1521 56.0
1522 56.0
1523 56.0
1524 56.0
1525 56.0
1526 56.0
1527 56.0
1528 56.0
1529 56.0
1530 56.0
1531 56.0
1532 56.0
1533 56.0
1534 56.0
1535 56.0
1536 56.0
1537 56.0
1538 56.0
1539 56.0
1540 56.0
1541 56.0
1542 56.0
1543 56.0
1544 56.0
1545 56.0
1546 56.0
1547 56.0
1548 56.0
1549 56.0
1550 56.0
1551 56.0
1552 56.0
1553 56.0
1554 56.0
1555 56.0
1556 56.0
1557 56.0
1558 56.0
1559 56.0
1560 56.0
1561 56.0
1562 56.0
1563 56.0
1564 56.0
1565 56.0
1566 56.0
1567 56.0
1568 56.0
1569 56.0
1570 56.0
1571 56.0
1572 56.0
1573 56.0
1574 56.0
1575 56.0
1576 56.0
1577 56.0
1578 56.0
1579 56.0
1580 56.0
1581 56.0
1582 56.0
1583 56.0
1584 56.0
1585 56.0
1586 56.0
1587 56.0
1588 56.0
1589 56.0
1590 56.0
1591 56.0
1592 56.0
1593 56.0
1594 56.0
1595 56.0
1596 56.0
1597 56.0
1598 56.0
1599 56.0
1600 56.0
1601 56.0
1602 56.0
1603 56.0
1604 56.0
1605 56.0
1606 56.0
1607 56.0
1608 56.0
1609 56.0
1610 56.0
1611 56.0
1612 56.0
1613 56.0
1614 56.0
1615 56.0
1616 56.0
1617 56.0
1618 56.0
1619 56.0
1620 56.0
1621 56.0
1622 56.0
1623 56.0
1624 56.0
1625 56.0
1626 56.0
1627 56.0
1628 56.0
1629 56.0
1630 56.0
1631 56.0
1632 56.0
1633 56.0
1634 56.0
1635 56.0
1636 56.0
1637 56.0
1638 56.0
1639 56.0
1640 56.0
1641 56.0
1642 56.0
1643 56.0
1644 56.0
1645 56.0
1646 56.0
1647 56.0
1648 56.0
1649 56.0
1650 56.0
1651 56.0
1652 56.0
1653 56.0
1654 56.0
1655 56.0
1656 56.0
1657 56.0
1658 56.0
1659 56.0
1660 56.0
1661 56.0
1662 56.0
1663 56.0
1664 56.0
1665 56.0
1666 56.0
1667 56.0
1668 56.0
1669 56.0
1670 56.0
1671 56.0
1672 56.0
1673 56.0
1674 56.0
1675 56.0
1676 56.0
1677 56.0
1678 56.0
1679 56.0
1680 56.0
1681 56.0
1682 56.0
1683 56.0
1684 56.0
1685 56.0
1686 56.0
1687 56.0
1688 56.0
1689 56.0
1690 56.0
1691 56.0
1692 56.0
1693 56.0
1694 56.0
1695 56.0
1696 56.0
1697 56.0
1698 56.0
1699 56.0
1700 56.0
1701 56.0
1702 56.0
1703 56.0
1704 56.0
1705 56.0
1706 56.0
1707 56.0
1708 56.0
1709 56.0
1710 56.0
1711 56.0
1712 56.0
1713 56.0
1714 56.0
1715 56.0
1716 56.0
1717 56.0
1718 56.0
1719 56.0
1720 56.0
1721 56.0
1722 56.0
1723 56.0
1724 56.0
1725 56.0
1726 56.0
1727 56.0
1728 56.0
1729 56.0
1730 56.0
1731 56.0
1732 56.0
1733 56.0
1734 56.0
1735 56.0
1736 56.0
1737 56.0
1738 56.0
1739 56.0
1740 56.0
1741 56.0
1742 56.0
1743 56.0
1744 56.0
1745 56.0
1746 56.0
1747 56.0
1748 56.0
1749 56.0
1750 56.0
1751 56.0
1752 56.0
1753 56.0
1754 56.0
1755 56.0
1756 56.0
1757 56.0
1758 56.0
1759 56.0
1760 56.0
1761 56.0
1762 56.0
1763 56.0
1764 56.0
1765 56.0
1766 56.0
1767 56.0
1768 56.0
1769 56.0
1770 56.0
1771 56.0
1772 56.0
1773 56.0
1774 56.0
1775 56.0
1776 56.0
1777 56.0
1778 56.0
1779 56.0
1780 56.0
1781 56.0
1782 56.0
1783 56.0
1784 56.0
1785 56.0
1786 56.0
1787 56.0
1788 56.0
1789 56.0
1790 56.0
1791 56.0
1792 56.0
1793 56.0
1794 56.0
1795 56.0
1796 56.0
1797 56.0
1798 56.0
1799 56.0
1800 56.0
1801 56.0
1802 56.0
1803 56.0
1804 56.0
1805 56.0
1806 56.0
1807 56.0
1808 56.0
1809 56.0
1810 56.0
1811 56.0
1812 56.0
1813 56.0
1814 56.0
1815 56.0
1816 56.0
1817 56.0
1818 56.0
1819 56.0
1820 56.0
1821 56.0
1822 56.0
1823 56.0
1824 56.0
1825 56.0
1826 56.0
1827 56.0
1828 56.0
1829 56.0
1830 56.0
1831 56.0
1832 56.0
1833 56.0
1834 56.0
1835 56.0
1836 56.0
1837 56.0
1838 56.0
1839 56.0
1840 56.0
1841 56.0
1842 56.0
1843 56.0
1844 56.0
1845 56.0
1846 56.0
1847 56.0
1848 56.0
1849 56.0
1850 56.0
1851 56.0
1852 56.0
1853 56.0
1854 56.0
1855 56.0
1856 56.0
1857 56.0
1858 56.0
1859 56.0
1860 56.0
1861 56.0
1862 56.0
1863 56.0
1864 56.0
1865 56.0
1866 56.0
1867 56.0
1868 56.0
1869 56.0
1870 56.0
1871 56.0
1872 56.0
1873 56.0
1874 56.0
1875 56.0
1876 56.0
1877 56.0
1878 56.0
1879 56.0
1880 56.0
1881 56.0
1882 56.0
1883 56.0
1884 56.0
1885 56.0
1886 56.0
1887 56.0
1888 56.0
1889 56.0
1890 56.0
1891 56.0
1892 56.0
1893 56.0
1894 56.0
1895 56.0
1896 56.0
1897 56.0
1898 56.0
1899 56.0
1900 56.0
1901 56.0
1902 56.0
1903 56.0
1904 56.0
1905 56.0
1906 56.0
1907 56.0
1908 56.0
1909 56.0
1910 56.0
1911 56.0
1912 56.0
1913 56.0
1914 56.0
1915 56.0
1916 56.0
1917 56.0
1918 56.0
1919 56.0
1920 56.0
1921 56.0
1922 56.0
1923 56.0
1924 56.0
1925 56.0
1926 56.0
1927 56.0
1928 56.0
1929 56.0
1930 56.0
1931 56.0
1932 56.0
1933 56.0
1934 56.0
1935 56.0
1936 56.0
1937 56.0
1938 56.0
1939 56.0
1940 56.0
1941 56.0
1942 56.0
1943 56.0
1944 56.0
1945 56.0
1946 56.0
1947 56.0
1948 56.0
1949 56.0
1950 56.0
1951 56.0
1952 56.0
1953 56.0
1954 56.0
1955 56.0
1956 56.0
1957 56.0
1958 56.0
1959 56.0
1960 56.0
1961 56.0
1962 56.0
1963 56.0
1964 56.0
1965 56.0
1966 56.0
1967 56.0
1968 56.0
1969 56.0
1970 56.0
1971 56.0
1972 56.0
1973 56.0
1974 56.0
1975 56.0
1976 56.0
1977 56.0
1978 56.0
1979 56.0
1980 56.0
1981 56.0
1982 56.0
1983 56.0
1984 56.0
1985 56.0
1986 56.0
1987 56.0
1988 56.0
1989 56.0
1990 56.0
1991 56.0
1992 56.0
1993 56.0
1994 56.0
1995 56.0
1996 56.0
1997 56.0
1998 56.0
1999 56.0
2000 56.0
2001 56.0
2002 56.0
2003 56.0
2004 56.0
2005 56.0
2006 56.0
2007 56.0
2008 56.0
2009 56.0
2010 56.0
2011 56.0
2012 56.0
2013 56.0
2014 56.0
2015 56.0
2016 56.0
2017 56.0
2018 56.0
2019 56.0
2020 56.0
2021 56.0
2022 56.0
2023 56.0
2024 56.0
2025 56.0
2026 56.0
2027 56.0
2028 56.0
2029 56.0
2030 56.0
2031 56.0
2032 56.0
2033 56.0
2034 56.0
2035 56.0
2036 56.0
2037 56.0
2038 56.0
2039 56.0
2040 56.0
2041 56.0
2042 56.0
2043 56.0
2044 56.0
2045 56.0
2046 56.0
2047 56.0
2048 56.0
2049 56.0
2050 56.0
2051 56.0
2052 56.0
2053 56.0
2054 56.0
2055 56.0
2056 56.0
2057 56.0
2058 56.0
2059 56.0
2060 56.0
2061 56.0
2062 56.0
2063 56.0
2064 56.0
2065 56.0
2066 56.0
2067 56.0
2068 56.0
2069 56.0
2070 56.0
2071 56.0
2072 56.0
2073 56.0
2074 56.0
2075 56.0
2076 56.0
2077 56.0
2078 56.0
2079 56.0
2080 56.0
2081 56.0
2082 56.0
2083 56.0
2084 56.0
2085 56.0
2086 56.0
2087 56.0
2088 56.0
2089 56.0
2090 56.0
2091 56.0
2092 56.0
2093 56.0
2094 56.0
2095 56.0
2096 56.0
2097 56.0
2098 56.0
2099 56.0
2100 56.0
2101 56.0
2102 56.0
2103 56.0
2104 56.0
2105 56.0
2106 56.0
2107 56.0
2108 56.0
2109 56.0
2110 56.0
2111 56.0
2112 56.0
2113 56.0
2114 56.0
2115 56.0
2116 56.0
2117 56.0
2118 56.0
2119 56.0
2120 56.0
2121 56.0
2122 56.0
2123 56.0
2124 56.0
2125 56.0
2126 56.0
2127 56.0
2128 56.0
2129 56.0
2130 56.0
2131 56.0
2132 56.0
2133 56.0
2134 56.0
2135 56.0
2136 56.0
2137 56.0
2138 56.0
2139 56.0
2140 56.0
2141 56.0
2142 56.0
2143 56.0
2144 56.0
2145 56.0
2146 56.0
2147 56.0
2148 56.0
2149 56.0
2150 56.0
2151 56.0
2152 56.0
2153 56.0
2154 56.0
2155 56.0
2156 56.0
2157 56.0
2158 56.0
2159 56.0
2160 56.0
2161 56.0
2162 56.0
2163 56.0
2164 56.0
2165 56.0
2166 56.0
2167 56.0
2168 56.0
2169 56.0
2170 56.0
2171 56.0
2172 56.0
2173 56.0
2174 56.0
2175 56.0
2176 56.0
2177 56.0
2178 56.0
2179 56.0
2180 56.0
2181 56.0
2182 56.0
2183 56.0
2184 56.0
2185 56.0
2186 56.0
2187 56.0
2188 56.0
2189 56.0
2190 56.0
2191 56.0
2192 56.0
2193 56.0
2194 56.0
2195 56.0
2196 56.0
2197 56.0
2198 56.0
2199 56.0
2200 56.0
2201 56.0
2202 56.0
2203 56.0
2204 56.0
2205 56.0
2206 56.0
2207 56.0
2208 56.0
2209 56.0
2210 56.0
2211 56.0
2212 56.0
2213 56.0
2214 56.0
2215 56.0
2216 56.0
2217 56.0
2218 56.0
2219 56.0
2220 56.0
2221 56.0
2222 56.0
2223 56.0
2224 56.0
2225 56.0
2226 56.0
2227 56.0
2228 56.0
2229 56.0
2230 56.0
2231 56.0
2232 56.0
2233 56.0
2234 56.0
2235 56.0
2236 56.0
2237 56.0
2238 56.0
2239 56.0
2240 56.0
2241 56.0
2242 56.0
2243 56.0
2244 56.0
2245 56.0
2246 56.0
2247 56.0
2248 56.0
2249 56.0
2250 56.0
2251 56.0
2252 56.0
2253 56.0
2254 56.0
2255 56.0
2256 56.0
2257 56.0
2258 56.0
2259 56.0
2260 56.0
2261 56.0
2262 56.0
2263 56.0
2264 56.0
2265 56.0
2266 56.0
2267 56.0
2268 56.0
2269 56.0
2270 56.0
2271 56.0
2272 56.0
2273 56.0
2274 56.0
2275 56.0
2276 56.0
2277 56.0
2278 56.0
2279 56.0
2280 56.0
2281 56.0
2282 56.0
2283 56.0
2284 56.0
2285 56.0
2286 56.0
2287 56.0
2288 56.0
2289 56.0
2290 56.0
2291 56.0
2292 56.0
2293 56.0
2294 56.0
2295 56.0
2296 56.0
2297 56.0
2298 56.0
2299 56.0
2300 56.0
2301 56.0
2302 56.0
2303 56.0
2304 56.0
2305 56.0
2306 56.0
2307 56.0
2308 56.0
2309 56.0
2310 56.0
2311 56.0
2312 56.0
2313 56.0
2314 56.0
2315 56.0
2316 56.0
2317 56.0
2318 56.0
2319 56.0
2320 56.0
2321 56.0
2322 56.0
2323 56.0
2324 56.0
2325 56.0
2326 56.0
2327 56.0
2328 56.0
2329 56.0
2330 56.0
2331 56.0
2332 56.0
2333 56.0
2334 56.0
2335 56.0
2336 56.0
2337 56.0
2338 56.0
2339 56.0
2340 56.0
2341 56.0
2342 56.0
2343 56.0
2344 56.0
2345 56.0
2346 56.0
2347 56.0
2348 56.0
2349 56.0
2350 56.0
2351 56.0
2352 56.0
2353 56.0
2354 56.0
2355 56.0
2356 56.0
2357 56.0
2358 56.0
2359 56.0
2360 56.0
2361 56.0
2362 56.0
2363 56.0
2364 56.0
2365 56.0
2366 56.0
2367 56.0
2368 56.0
2369 56.0
2370 56.0
2371 56.0
2372 56.0
2373 56.0
2374 56.0
2375 56.0
2376 56.0
2377 56.0
2378 56.0
2379 56.0
2380 56.0
2381 56.0
2382 56.0
2383 56.0
2384 56.0
2385 56.0
2386 56.0
2387 56.0
2388 56.0
2389 56.0
2390 56.0
2391 56.0
2392 59.0
2393 59.0
2394 59.0
2395 59.0
2396 59.0
2397 59.0
2398 59.0
2399 59.0
2400 59.0
2401 59.0
2402 59.0
2403 59.0
2404 59.0
2405 59.0
2406 59.0
2407 59.0
2408 59.0
2409 59.0
2410 59.0
2411 59.0
2412 59.0
2413 59.0
2414 59.0
2415 59.0
2416 59.0
2417 59.0
2418 59.0
2419 59.0
2420 59.0
2421 59.0
2422 59.0
2423 59.0
2424 59.0
2425 59.0
2426 59.0
2427 59.0
2428 59.0
2429 59.0
2430 59.0
2431 59.0
2432 59.0
2433 59.0
2434 59.0
2435 59.0
2436 59.0
2437 59.0
2438 59.0
2439 59.0
2440 59.0
2441 59.0
2442 59.0
2443 59.0
2444 59.0
2445 59.0
2446 59.0
2447 59.0
2448 59.0
2449 59.0
2450 59.0
2451 59.0
2452 59.0
2453 59.0
2454 59.0
2455 59.0
2456 59.0
2457 59.0
2458 59.0
2459 59.0
2460 59.0
2461 59.0
2462 59.0
2463 59.0
2464 59.0
2465 59.0
2466 59.0
2467 59.0
2468 59.0
2469 59.0
2470 59.0
2471 59.0
2472 59.0
2473 59.0
2474 59.0
2475 59.0
2476 59.0
2477 59.0
2478 59.0
2479 59.0
2480 59.0
2481 59.0
2482 59.0
2483 59.0
2484 59.0
2485 59.0
2486 59.0
2487 59.0
2488 59.0
2489 59.0
2490 59.0
2491 59.0
2492 59.0
2493 59.0
2494 59.0
2495 59.0
2496 59.0
2497 59.0
2498 59.0
2499 59.0
2500 59.0
2501 59.0
2502 59.0
2503 59.0
2504 59.0
2505 59.0
2506 59.0
2507 59.0
2508 59.0
2509 59.0
2510 59.0
2511 59.0
2512 59.0
2513 59.0
2514 59.0
2515 59.0
2516 59.0
2517 59.0
2518 59.0
2519 59.0
2520 59.0
2521 59.0
2522 59.0
2523 59.0
2524 59.0
2525 59.0
2526 59.0
2527 59.0
2528 59.0
2529 59.0
2530 59.0
2531 59.0
2532 59.0
2533 59.0
2534 59.0
2535 59.0
2536 59.0
2537 59.0
2538 59.0
2539 59.0
2540 59.0
2541 59.0
2542 59.0
2543 59.0
2544 59.0
2545 59.0
2546 59.0
2547 59.0
2548 59.0
2549 59.0
2550 59.0
2551 59.0
2552 59.0
2553 59.0
2554 59.0
2555 59.0
2556 59.0
2557 59.0
2558 59.0
2559 59.0
2560 59.0
2561 59.0
2562 59.0
2563 59.0
2564 59.0
2565 59.0
2566 59.0
2567 59.0
2568 59.0
2569 59.0
2570 59.0
2571 59.0
2572 59.0
2573 59.0
2574 59.0
2575 59.0
2576 59.0
2577 59.0
2578 59.0
2579 59.0
2580 59.0
2581 59.0
2582 59.0
2583 59.0
2584 59.0
2585 59.0
2586 59.0
2587 59.0
2588 59.0
2589 59.0
2590 59.0
2591 59.0
2592 59.0
2593 59.0
2594 59.0
2595 59.0
2596 59.0
2597 59.0
2598 59.0
2599 59.0
2600 59.0
2601 59.0
2602 59.0
2603 59.0
2604 59.0
2605 59.0
2606 59.0
2607 59.0
2608 59.0
2609 59.0
2610 59.0
2611 59.0
2612 59.0
2613 59.0
2614 59.0
2615 59.0
2616 59.0
2617 59.0
2618 59.0
2619 59.0
2620 59.0
2621 59.0
2622 59.0
2623 59.0
2624 59.0
2625 59.0
2626 59.0
2627 59.0
2628 59.0
2629 59.0
2630 59.0
2631 59.0
2632 59.0
2633 59.0
2634 59.0
2635 59.0
2636 59.0
2637 59.0
2638 59.0
2639 59.0
2640 59.0
2641 59.0
2642 59.0
2643 59.0
2644 59.0
2645 59.0
2646 59.0
2647 59.0
2648 59.0
2649 59.0
2650 59.0
2651 59.0
2652 59.0
2653 59.0
2654 59.0
2655 59.0
2656 59.0
2657 59.0
2658 59.0
2659 59.0
2660 59.0
2661 59.0
2662 59.0
2663 59.0
2664 59.0
2665 59.0
2666 59.0
2667 59.0
2668 59.0
2669 59.0
2670 59.0
2671 59.0
2672 59.0
2673 59.0
2674 59.0
2675 59.0
2676 59.0
2677 59.0
2678 59.0
2679 59.0
2680 59.0
2681 59.0
2682 59.0
2683 59.0
2684 59.0
2685 59.0
2686 59.0
2687 59.0
2688 59.0
2689 59.0
2690 59.0
2691 59.0
2692 59.0
2693 59.0
2694 59.0
2695 59.0
2696 59.0
2697 59.0
2698 59.0
2699 59.0
2700 59.0
2701 59.0
2702 59.0
2703 63.0
2704 63.0
2705 63.0
2706 63.0
2707 63.0
2708 63.0
2709 63.0
2710 63.0
2711 63.0
2712 63.0
2713 63.0
2714 63.0
2715 63.0
2716 63.0
2717 63.0
2718 63.0
2719 63.0
2720 63.0
2721 63.0
2722 63.0
2723 63.0
2724 63.0
2725 63.0
2726 63.0
2727 63.0
2728 63.0
2729 63.0
2730 63.0
2731 63.0
2732 63.0
2733 63.0
2734 63.0
2735 63.0
2736 63.0
2737 63.0
2738 63.0
2739 63.0
2740 63.0
2741 63.0
2742 63.0
2743 63.0
2744 63.0
2745 63.0
2746 63.0
2747 63.0
2748 63.0
2749 63.0
2750 63.0
2751 63.0
2752 63.0
2753 63.0
2754 63.0
2755 63.0
2756 63.0
2757 63.0
2758 63.0
2759 63.0
2760 63.0
2761 63.0
2762 63.0
2763 63.0
2764 63.0
2765 63.0
2766 63.0
2767 63.0
2768 63.0
2769 63.0
2770 63.0
2771 63.0
2772 63.0
2773 63.0
2774 63.0
2775 63.0
2776 63.0
2777 63.0
2778 63.0
2779 63.0
2780 63.0
2781 63.0
2782 63.0
2783 63.0
2784 63.0
2785 63.0
2786 63.0
2787 63.0
2788 63.0
2789 63.0
2790 63.0
2791 63.0
2792 63.0
2793 63.0
2794 63.0
2795 63.0
2796 63.0
2797 63.0
2798 63.0
2799 63.0
2800 63.0
2801 63.0
2802 63.0
2803 63.0
2804 63.0
2805 63.0
2806 63.0
2807 63.0
2808 63.0
2809 63.0
2810 63.0
2811 63.0
2812 63.0
2813 63.0
2814 63.0
2815 63.0
2816 63.0
2817 63.0
2818 63.0
2819 63.0
2820 63.0
2821 63.0
2822 63.0
2823 63.0
2824 63.0
2825 63.0
2826 63.0
2827 63.0
2828 63.0
2829 63.0
2830 63.0
2831 63.0
2832 63.0
2833 63.0
2834 63.0
2835 63.0
2836 63.0
2837 63.0
2838 63.0
2839 63.0
2840 63.0
2841 63.0
2842 63.0
2843 63.0
2844 63.0
2845 63.0
2846 63.0
2847 63.0
2848 63.0
2849 63.0
2850 63.0
2851 63.0
2852 63.0
2853 63.0
2854 63.0
2855 63.0
2856 63.0
2857 63.0
2858 63.0
2859 63.0
2860 63.0
2861 63.0
2862 63.0
2863 63.0
2864 63.0
2865 63.0
2866 63.0
2867 63.0
2868 63.0
2869 63.0
2870 63.0
2871 63.0
2872 63.0
2873 63.0
2874 63.0
2875 63.0
2876 63.0
2877 63.0
2878 63.0
2879 63.0
2880 63.0
2881 63.0
2882 63.0
2883 63.0
2884 63.0
2885 63.0
2886 63.0
2887 63.0
2888 63.0
2889 63.0
2890 63.0
2891 63.0
2892 63.0
2893 63.0
2894 63.0
2895 63.0
2896 63.0
2897 63.0
2898 63.0
2899 63.0
2900 63.0
2901 63.0
2902 63.0
2903 63.0
2904 63.0
2905 63.0
2906 63.0
2907 63.0
2908 63.0
2909 63.0
2910 63.0
2911 63.0
2912 63.0
2913 63.0
2914 63.0
2915 63.0
2916 63.0
2917 63.0
2918 63.0
2919 63.0
2920 63.0
2921 63.0
2922 63.0
2923 63.0
2924 63.0
2925 63.0
2926 63.0
2927 63.0
2928 63.0
2929 63.0
2930 63.0
2931 63.0
2932 63.0
2933 63.0
2934 63.0
2935 63.0
2936 63.0
2937 63.0
2938 63.0
2939 63.0
2940 63.0
2941 63.0
2942 63.0
2943 63.0
2944 63.0
2945 63.0
2946 63.0
2947 63.0
2948 63.0
2949 63.0
2950 63.0
2951 63.0
2952 63.0
2953 63.0
2954 63.0
2955 63.0
2956 63.0
2957 63.0
2958 63.0
2959 63.0
2960 63.0
2961 63.0
2962 63.0
2963 63.0
2964 63.0
2965 63.0
2966 63.0
2967 63.0
2968 63.0
2969 63.0
2970 63.0
2971 63.0
2972 63.0
2973 63.0
2974 63.0
2975 63.0
2976 63.0
2977 63.0
2978 63.0
2979 63.0
2980 63.0
2981 63.0
2982 63.0
2983 63.0
2984 63.0
2985 63.0
2986 63.0
2987 63.0
2988 63.0
2989 63.0
2990 63.0
2991 63.0
2992 63.0
2993 63.0
2994 63.0
2995 63.0
2996 63.0
2997 63.0
2998 63.0
2999 63.0
3000 63.0
3001 63.0
3002 63.0
3003 63.0
3004 63.0
3005 63.0
3006 63.0
3007 63.0
3008 63.0
3009 63.0
3010 63.0
3011 63.0
3012 63.0
3013 63.0
3014 63.0
3015 63.0
3016 63.0
3017 63.0
3018 63.0
3019 63.0
3020 63.0
3021 63.0
3022 63.0
3023 63.0
3024 63.0
3025 63.0
3026 63.0
3027 63.0
3028 63.0
3029 63.0
3030 63.0
3031 63.0
3032 63.0
3033 63.0
3034 63.0
3035 63.0
3036 63.0
3037 63.0
3038 63.0
3039 63.0
3040 63.0
3041 63.0
3042 63.0
3043 63.0
3044 63.0
3045 63.0
3046 63.0
3047 63.0
3048 63.0
3049 63.0
3050 63.0
3051 63.0
3052 63.0
3053 63.0
3054 63.0
3055 63.0
3056 63.0
3057 63.0
3058 63.0
3059 63.0
3060 63.0
3061 63.0
3062 63.0
3063 63.0
3064 63.0
3065 63.0
3066 63.0
3067 63.0
3068 63.0
3069 63.0
3070 63.0
3071 63.0
3072 63.0
3073 63.0
3074 63.0
3075 63.0
3076 63.0
3077 63.0
3078 63.0
3079 63.0
3080 63.0
3081 63.0
3082 63.0
3083 63.0
3084 63.0
3085 63.0
3086 63.0
3087 63.0
3088 63.0
3089 63.0
3090 63.0
3091 63.0
3092 63.0
3093 63.0
3094 63.0
3095 63.0
3096 63.0
3097 63.0
3098 63.0
3099 63.0
3100 63.0
3101 63.0
3102 63.0
3103 63.0
3104 63.0
3105 63.0
3106 63.0
3107 63.0
3108 63.0
3109 63.0
3110 63.0
3111 63.0
3112 63.0
3113 63.0
3114 63.0
3115 63.0
3116 63.0
3117 63.0
3118 63.0
3119 63.0
3120 63.0
3121 63.0
3122 63.0
3123 63.0
3124 63.0
3125 63.0
3126 63.0
3127 63.0
3128 63.0
3129 63.0
3130 63.0
3131 63.0
3132 63.0
3133 63.0
3134 63.0
3135 63.0
3136 63.0
3137 63.0
3138 63.0
3139 63.0
3140 63.0
3141 63.0
3142 63.0
3143 63.0
3144 63.0
3145 63.0
3146 63.0
3147 63.0
3148 63.0
3149 63.0
3150 63.0
3151 63.0
3152 63.0
3153 63.0
3154 63.0
3155 63.0
3156 63.0
3157 63.0
3158 63.0
3159 63.0
3160 63.0
3161 63.0
3162 63.0
3163 63.0
3164 63.0
3165 63.0
3166 63.0
3167 63.0
3168 63.0
3169 63.0
3170 63.0
3171 63.0
3172 63.0
3173 63.0
3174 63.0
3175 63.0
3176 63.0
3177 63.0
3178 63.0
3179 63.0
3180 63.0
3181 63.0
3182 63.0
3183 63.0
3184 63.0
3185 63.0
3186 63.0
3187 63.0
3188 63.0
3189 63.0
3190 63.0
3191 63.0
3192 63.0
3193 63.0
3194 63.0
3195 63.0
3196 63.0
3197 63.0
3198 63.0
3199 63.0
3200 63.0
3201 63.0
3202 63.0
3203 63.0
3204 63.0
3205 63.0
3206 63.0
3207 63.0
3208 63.0
3209 63.0
3210 63.0
3211 63.0
3212 63.0
3213 63.0
3214 63.0
3215 63.0
3216 63.0
3217 63.0
3218 63.0
3219 63.0
3220 63.0
3221 63.0
3222 63.0
3223 63.0
3224 63.0
3225 63.0
3226 63.0
3227 63.0
3228 63.0
3229 63.0
3230 63.0
3231 63.0
3232 63.0
3233 63.0
3234 63.0
3235 63.0
3236 63.0
3237 63.0
3238 63.0
3239 63.0
3240 63.0
3241 63.0
3242 63.0
3243 63.0
3244 63.0
3245 63.0
3246 63.0
3247 63.0
3248 63.0
3249 63.0
3250 63.0
3251 63.0
3252 63.0
3253 63.0
3254 63.0
3255 63.0
3256 63.0
3257 63.0
3258 63.0
3259 63.0
3260 63.0
3261 63.0
3262 63.0
3263 63.0
3264 63.0
3265 63.0
3266 63.0
3267 63.0
3268 63.0
3269 63.0
3270 63.0
3271 63.0
3272 63.0
3273 63.0
3274 63.0
3275 63.0
3276 63.0
3277 63.0
3278 63.0
3279 63.0
3280 63.0
3281 63.0
3282 63.0
3283 63.0
3284 63.0
3285 63.0
3286 63.0
3287 63.0
3288 63.0
3289 63.0
3290 63.0
3291 63.0
3292 63.0
3293 63.0
3294 63.0
3295 63.0
3296 63.0
3297 63.0
3298 63.0
3299 63.0
3300 63.0
3301 63.0
3302 63.0
3303 63.0
3304 63.0
3305 63.0
3306 63.0
3307 63.0
3308 63.0
3309 63.0
3310 63.0
3311 63.0
3312 63.0
3313 63.0
3314 63.0
3315 63.0
3316 63.0
3317 63.0
3318 63.0
3319 63.0
3320 63.0
3321 63.0
3322 63.0
3323 63.0
3324 63.0
3325 63.0
3326 63.0
3327 63.0
3328 63.0
3329 63.0
3330 63.0
3331 63.0
3332 63.0
3333 63.0
3334 63.0
3335 63.0
3336 63.0
3337 63.0
3338 63.0
3339 63.0
3340 63.0
3341 63.0
3342 63.0
3343 63.0
3344 63.0
3345 63.0
3346 63.0
3347 63.0
3348 63.0
3349 63.0
3350 63.0
3351 63.0
3352 63.0
3353 63.0
3354 63.0
3355 63.0
3356 63.0
3357 63.0
3358 63.0
3359 63.0
3360 63.0
3361 63.0
3362 63.0
3363 63.0
3364 63.0
3365 63.0
3366 63.0
3367 63.0
3368 63.0
3369 63.0
3370 63.0
3371 63.0
3372 63.0
3373 63.0
3374 63.0
3375 63.0
3376 63.0
3377 63.0
3378 63.0
3379 63.0
3380 63.0
3381 63.0
3382 63.0
3383 63.0
3384 63.0
3385 63.0
3386 63.0
3387 63.0
3388 63.0
3389 63.0
3390 63.0
3391 63.0
3392 63.0
3393 63.0
3394 63.0
3395 63.0
3396 63.0
3397 63.0
3398 63.0
3399 63.0
3400 63.0
3401 63.0
3402 63.0
3403 63.0
3404 63.0
3405 63.0
3406 63.0
3407 63.0
3408 63.0
3409 63.0
3410 63.0
3411 63.0
3412 63.0
3413 63.0
3414 63.0
3415 63.0
3416 63.0
3417 63.0
3418 63.0
3419 63.0
3420 63.0
3421 63.0
3422 63.0
3423 63.0
3424 63.0
3425 63.0
3426 63.0
3427 63.0
3428 63.0
3429 63.0
3430 63.0
3431 63.0
3432 63.0
3433 63.0
3434 63.0
3435 63.0
3436 63.0
3437 63.0
3438 63.0
3439 63.0
3440 63.0
3441 63.0
3442 63.0
3443 63.0
3444 63.0
3445 63.0
3446 63.0
3447 63.0
3448 63.0
3449 63.0
3450 63.0
3451 63.0
3452 63.0
3453 63.0
3454 63.0
3455 63.0
3456 63.0
3457 63.0
3458 63.0
3459 63.0
3460 63.0
3461 63.0
3462 63.0
3463 63.0
3464 63.0
3465 63.0
3466 63.0
3467 63.0
3468 63.0
3469 63.0
3470 63.0
3471 63.0
3472 63.0
3473 63.0
3474 63.0
3475 63.0
3476 63.0
3477 63.0
3478 63.0
3479 63.0
3480 63.0
3481 63.0
3482 63.0
3483 63.0
3484 63.0
3485 63.0
3486 63.0
3487 63.0
3488 63.0
3489 63.0
3490 63.0
3491 63.0
3492 63.0
3493 63.0
3494 63.0
3495 63.0
3496 63.0
3497 63.0
3498 63.0
3499 63.0
3500 63.0
3501 63.0
3502 63.0
3503 63.0
3504 63.0
3505 63.0
3506 63.0
3507 63.0
3508 63.0
3509 63.0
3510 63.0
3511 63.0
3512 63.0
3513 63.0
3514 63.0
3515 63.0
3516 63.0
3517 63.0
3518 63.0
3519 63.0
3520 63.0
3521 63.0
3522 63.0
3523 63.0
3524 63.0
3525 63.0
3526 63.0
3527 63.0
3528 63.0
3529 63.0
3530 63.0
3531 63.0
3532 63.0
3533 63.0
3534 63.0
3535 63.0
3536 63.0
3537 63.0
3538 63.0
3539 63.0
3540 63.0
3541 63.0
3542 63.0
3543 63.0
3544 63.0
3545 63.0
3546 63.0
3547 63.0
3548 63.0
3549 63.0
3550 63.0
3551 63.0
3552 63.0
3553 63.0
3554 63.0
3555 63.0
3556 63.0
3557 63.0
3558 63.0
3559 63.0
3560 63.0
3561 63.0
3562 63.0
3563 63.0
3564 63.0
3565 63.0
3566 63.0
3567 63.0
3568 63.0
3569 63.0
3570 63.0
3571 63.0
3572 63.0
3573 63.0
3574 63.0
3575 63.0
3576 63.0
3577 63.0
3578 63.0
3579 63.0
3580 63.0
3581 63.0
3582 63.0
3583 63.0
3584 63.0
3585 63.0
3586 63.0
3587 63.0
3588 63.0
3589 63.0
3590 63.0
3591 63.0
3592 63.0
3593 63.0
3594 63.0
3595 63.0
3596 63.0
3597 63.0
3598 63.0
3599 63.0
3600 63.0
3601 63.0
3602 63.0
3603 63.0
3604 63.0
3605 63.0
3606 63.0
3607 63.0
3608 63.0
3609 63.0
3610 63.0
3611 63.0
3612 63.0
3613 63.0
3614 63.0
3615 63.0
3616 63.0
3617 63.0
3618 63.0
3619 63.0
3620 63.0
3621 63.0
3622 63.0
3623 63.0
3624 63.0
3625 63.0
3626 63.0
3627 63.0
3628 63.0
3629 63.0
3630 63.0
3631 63.0
3632 63.0
3633 63.0
3634 63.0
3635 63.0
3636 63.0
3637 63.0
3638 63.0
3639 63.0
3640 63.0
3641 63.0
3642 63.0
3643 63.0
3644 63.0
3645 63.0
3646 63.0
3647 63.0
3648 63.0
3649 63.0
3650 63.0
3651 63.0
3652 63.0
3653 63.0
3654 63.0
3655 63.0
3656 63.0
3657 63.0
3658 63.0
3659 63.0
3660 63.0
3661 63.0
3662 63.0
3663 63.0
3664 63.0
3665 63.0
3666 63.0
3667 63.0
3668 63.0
3669 63.0
3670 63.0
3671 63.0
3672 63.0
3673 63.0
3674 63.0
3675 63.0
3676 63.0
3677 63.0
3678 63.0
3679 63.0
3680 63.0
3681 63.0
3682 63.0
3683 63.0
3684 63.0
3685 63.0
3686 63.0
3687 63.0
3688 63.0
3689 63.0
3690 63.0
3691 63.0
3692 63.0
3693 63.0
3694 63.0
3695 63.0
3696 63.0
3697 63.0
3698 63.0
3699 63.0
3700 63.0
3701 63.0
3702 63.0
3703 63.0
3704 63.0
3705 63.0
3706 63.0
3707 63.0
3708 63.0
3709 63.0
3710 63.0
3711 63.0
3712 63.0
3713 63.0
3714 63.0
3715 63.0
3716 63.0
3717 63.0
3718 63.0
3719 63.0
3720 63.0
3721 63.0
3722 63.0
3723 63.0
3724 63.0
3725 63.0
3726 63.0
3727 63.0
3728 63.0
3729 63.0
3730 63.0
3731 63.0
3732 63.0
3733 63.0
3734 63.0
3735 63.0
3736 63.0
3737 63.0
3738 63.0
3739 63.0
3740 63.0
3741 63.0
3742 63.0
3743 63.0
3744 63.0
3745 63.0
3746 63.0
3747 63.0
3748 63.0
3749 63.0
3750 63.0
3751 63.0
3752 63.0
3753 63.0
3754 63.0
3755 63.0
3756 63.0
3757 63.0
3758 63.0
3759 63.0
3760 63.0
3761 63.0
3762 63.0
3763 63.0
3764 63.0
3765 63.0
3766 63.0
3767 63.0
3768 63.0
3769 63.0
3770 63.0
3771 63.0
3772 63.0
3773 63.0
3774 63.0
3775 63.0
3776 63.0
3777 63.0
3778 63.0
3779 63.0
3780 63.0
3781 63.0
3782 63.0
3783 63.0
3784 63.0
3785 63.0
3786 63.0
3787 63.0
3788 63.0
3789 63.0
3790 63.0
3791 63.0
3792 63.0
3793 63.0
3794 63.0
3795 63.0
3796 63.0
3797 63.0
3798 63.0
3799 63.0
3800 63.0
3801 63.0
3802 63.0
3803 63.0
3804 63.0
3805 63.0
3806 63.0
3807 63.0
3808 63.0
3809 63.0
3810 63.0
3811 63.0
3812 63.0
3813 63.0
3814 63.0
3815 63.0
3816 63.0
3817 63.0
3818 63.0
3819 63.0
3820 63.0
3821 63.0
3822 63.0
3823 63.0
3824 63.0
3825 63.0
3826 63.0
3827 63.0
3828 63.0
3829 63.0
3830 63.0
3831 63.0
3832 63.0
3833 63.0
3834 63.0
3835 63.0
3836 63.0
3837 63.0
3838 63.0
3839 63.0
3840 63.0
3841 63.0
3842 63.0
3843 63.0
3844 63.0
3845 63.0
3846 63.0
3847 63.0
3848 63.0
3849 63.0
3850 63.0
3851 63.0
3852 63.0
3853 63.0
3854 63.0
3855 63.0
3856 63.0
3857 63.0
3858 63.0
3859 63.0
3860 63.0
3861 63.0
3862 63.0
3863 63.0
3864 63.0
3865 63.0
3866 63.0
3867 63.0
3868 63.0
3869 63.0
3870 63.0
3871 63.0
3872 63.0
3873 63.0
3874 63.0
3875 63.0
3876 63.0
3877 63.0
3878 63.0
3879 63.0
3880 63.0
3881 63.0
3882 63.0
3883 63.0
3884 63.0
3885 63.0
3886 63.0
3887 63.0
3888 63.0
3889 63.0
3890 63.0
3891 63.0
3892 63.0
3893 63.0
3894 63.0
3895 63.0
3896 63.0
3897 63.0
3898 63.0
3899 63.0
3900 63.0
3901 63.0
3902 63.0
3903 63.0
3904 63.0
3905 63.0
3906 63.0
3907 63.0
3908 63.0
3909 63.0
3910 63.0
3911 63.0
3912 63.0
3913 63.0
3914 63.0
3915 63.0
3916 63.0
3917 63.0
3918 63.0
3919 63.0
3920 63.0
3921 63.0
3922 63.0
3923 63.0
3924 63.0
3925 63.0
3926 63.0
3927 63.0
3928 63.0
3929 63.0
3930 63.0
3931 63.0
3932 63.0
3933 63.0
3934 63.0
3935 63.0
3936 63.0
3937 63.0
3938 63.0
3939 63.0
3940 63.0
3941 63.0
3942 63.0
3943 63.0
3944 63.0
3945 63.0
3946 63.0
3947 63.0
3948 63.0
3949 63.0
3950 63.0
3951 63.0
3952 63.0
3953 63.0
3954 63.0
3955 63.0
3956 63.0
3957 63.0
3958 63.0
3959 63.0
3960 63.0
3961 63.0
3962 63.0
3963 63.0
3964 63.0
3965 63.0
3966 63.0
3967 63.0
3968 63.0
3969 63.0
3970 63.0
3971 63.0
3972 63.0
3973 63.0
3974 63.0
3975 63.0
3976 63.0
3977 63.0
3978 63.0
3979 63.0
3980 63.0
3981 63.0
3982 63.0
3983 63.0
3984 63.0
3985 63.0
3986 63.0
3987 63.0
3988 63.0
3989 63.0
3990 63.0
3991 63.0
3992 63.0
3993 63.0
3994 63.0
3995 63.0
3996 63.0
3997 63.0
3998 63.0
3999 63.0
4000 63.0
4001 63.0
4002 63.0
4003 63.0
4004 63.0
4005 63.0
4006 63.0
4007 63.0
4008 63.0
4009 63.0
4010 63.0
4011 63.0
4012 63.0
4013 63.0
4014 63.0
4015 63.0
4016 63.0
4017 63.0
4018 63.0
4019 63.0
4020 63.0
4021 63.0
4022 63.0
4023 63.0
4024 63.0
4025 63.0
4026 63.0
4027 63.0
4028 63.0
4029 63.0
4030 63.0
4031 63.0
4032 63.0
4033 63.0
4034 63.0
4035 63.0
4036 63.0
4037 63.0
4038 63.0
4039 63.0
4040 63.0
4041 63.0
4042 63.0
4043 63.0
4044 63.0
4045 63.0
4046 63.0
4047 63.0
4048 63.0
4049 63.0
4050 63.0
4051 63.0
4052 63.0
4053 63.0
4054 63.0
4055 63.0
4056 63.0
4057 63.0
4058 63.0
4059 63.0
4060 63.0
4061 63.0
4062 63.0
4063 63.0
4064 63.0
4065 63.0
4066 63.0
4067 63.0
4068 63.0
4069 63.0
4070 63.0
4071 63.0
4072 63.0
4073 63.0
4074 63.0
4075 63.0
4076 63.0
4077 63.0
4078 63.0
4079 63.0
4080 63.0
4081 63.0
4082 63.0
4083 63.0
4084 63.0
4085 63.0
4086 63.0
4087 63.0
4088 63.0
4089 63.0
4090 63.0
4091 63.0
4092 63.0
4093 63.0
4094 63.0
4095 63.0
4096 63.0
4097 63.0
4098 63.0
4099 63.0
4100 63.0
4101 63.0
4102 63.0
4103 63.0
4104 63.0
4105 63.0
4106 63.0
4107 63.0
4108 63.0
4109 63.0
4110 63.0
4111 63.0
4112 63.0
4113 63.0
4114 63.0
4115 63.0
4116 63.0
4117 63.0
4118 63.0
4119 63.0
4120 63.0
4121 63.0
4122 63.0
4123 63.0
4124 63.0
4125 63.0
4126 63.0
4127 63.0
4128 63.0
4129 63.0
4130 63.0
4131 63.0
4132 63.0
4133 63.0
4134 63.0
4135 63.0
4136 63.0
4137 63.0
4138 63.0
4139 63.0
4140 63.0
4141 63.0
4142 63.0
4143 63.0
4144 63.0
4145 63.0
4146 63.0
4147 63.0
4148 63.0
4149 63.0
4150 63.0
4151 63.0
4152 63.0
4153 63.0
4154 63.0
4155 63.0
4156 63.0
4157 63.0
4158 63.0
4159 63.0
4160 63.0
4161 63.0
4162 63.0
4163 63.0
4164 63.0
4165 63.0
4166 63.0
4167 63.0
4168 63.0
4169 63.0
4170 63.0
4171 63.0
4172 63.0
4173 63.0
4174 63.0
4175 63.0
4176 63.0
4177 63.0
4178 63.0
4179 63.0
4180 63.0
4181 63.0
4182 63.0
4183 63.0
4184 63.0
4185 63.0
4186 63.0
4187 63.0
4188 63.0
4189 63.0
4190 63.0
4191 63.0
4192 63.0
4193 63.0
4194 63.0
4195 63.0
4196 63.0
4197 63.0
4198 63.0
4199 63.0
4200 63.0
4201 63.0
4202 63.0
4203 63.0
4204 63.0
4205 63.0
4206 63.0
4207 63.0
4208 63.0
4209 63.0
4210 63.0
4211 63.0
4212 63.0
4213 63.0
4214 63.0
4215 63.0
4216 63.0
4217 63.0
4218 63.0
4219 63.0
4220 63.0
4221 63.0
4222 63.0
4223 63.0
4224 63.0
4225 63.0
4226 63.0
4227 63.0
4228 63.0
4229 63.0
4230 63.0
4231 63.0
4232 63.0
4233 63.0
4234 63.0
4235 63.0
4236 63.0
4237 63.0
4238 63.0
4239 63.0
4240 63.0
4241 63.0
4242 63.0
4243 63.0
4244 63.0
4245 63.0
4246 63.0
4247 63.0
4248 63.0
4249 63.0
4250 63.0
4251 63.0
4252 63.0
4253 63.0
4254 63.0
4255 63.0
4256 63.0
4257 63.0
4258 63.0
4259 63.0
4260 63.0
4261 63.0
4262 63.0
4263 63.0
4264 63.0
4265 63.0
4266 63.0
4267 63.0
4268 63.0
4269 63.0
4270 63.0
4271 63.0
4272 63.0
4273 63.0
4274 63.0
4275 63.0
4276 63.0
4277 63.0
4278 63.0
4279 63.0
4280 63.0
4281 63.0
4282 63.0
4283 63.0
4284 63.0
4285 63.0
4286 63.0
4287 63.0
4288 63.0
4289 63.0
4290 63.0
4291 63.0
4292 63.0
4293 63.0
4294 63.0
4295 63.0
4296 63.0
4297 63.0
4298 63.0
4299 63.0
4300 63.0
4301 63.0
4302 63.0
4303 63.0
4304 63.0
4305 63.0
4306 63.0
4307 63.0
4308 63.0
4309 63.0
4310 63.0
4311 63.0
4312 63.0
4313 63.0
4314 63.0
4315 63.0
4316 63.0
4317 63.0
4318 63.0
4319 63.0
4320 63.0
4321 63.0
4322 63.0
4323 63.0
4324 63.0
4325 63.0
4326 63.0
4327 63.0
4328 63.0
4329 63.0
4330 63.0
4331 63.0
4332 63.0
4333 63.0
4334 63.0
4335 63.0
4336 63.0
4337 63.0
4338 63.0
4339 63.0
4340 63.0
4341 63.0
4342 63.0
4343 63.0
4344 63.0
4345 63.0
4346 63.0
4347 63.0
4348 63.0
4349 63.0
4350 63.0
4351 63.0
4352 63.0
4353 63.0
4354 63.0
4355 63.0
4356 63.0
4357 63.0
4358 63.0
4359 63.0
4360 63.0
4361 63.0
4362 63.0
4363 63.0
4364 63.0
4365 63.0
4366 63.0
4367 63.0
4368 63.0
4369 63.0
4370 63.0
4371 63.0
4372 63.0
4373 63.0
4374 63.0
4375 63.0
4376 63.0
4377 63.0
4378 63.0
4379 63.0
4380 63.0
4381 63.0
4382 63.0
4383 63.0
4384 63.0
4385 63.0
4386 63.0
4387 63.0
4388 63.0
4389 63.0
4390 63.0
4391 63.0
4392 63.0
4393 63.0
4394 63.0
4395 63.0
4396 63.0
4397 63.0
4398 63.0
4399 63.0
4400 63.0
4401 63.0
4402 63.0
4403 63.0
4404 63.0
4405 63.0
4406 63.0
4407 63.0
4408 63.0
4409 63.0
4410 63.0
4411 63.0
4412 63.0
4413 63.0
4414 63.0
4415 63.0
4416 63.0
4417 63.0
4418 63.0
4419 63.0
4420 63.0
4421 63.0
4422 63.0
4423 63.0
4424 63.0
4425 63.0
4426 63.0
4427 63.0
4428 63.0
4429 63.0
4430 63.0
4431 63.0
4432 63.0
4433 63.0
4434 63.0
4435 63.0
4436 63.0
4437 63.0
4438 63.0
4439 63.0
4440 63.0
4441 63.0
4442 63.0
4443 63.0
4444 63.0
4445 63.0
4446 63.0
4447 63.0
4448 63.0
4449 63.0
4450 63.0
4451 63.0
4452 63.0
4453 63.0
4454 63.0
4455 63.0
4456 63.0
4457 63.0
4458 63.0
4459 63.0
4460 63.0
4461 63.0
4462 63.0
4463 63.0
4464 63.0
4465 63.0
4466 63.0
4467 63.0
4468 63.0
4469 63.0
4470 63.0
4471 63.0
4472 63.0
4473 63.0
4474 63.0
4475 63.0
4476 63.0
4477 63.0
4478 63.0
4479 63.0
4480 63.0
4481 63.0
4482 63.0
4483 63.0
4484 63.0
4485 63.0
4486 63.0
4487 63.0
4488 63.0
4489 63.0
4490 63.0
4491 63.0
4492 63.0
4493 63.0
4494 63.0
4495 63.0
4496 63.0
4497 63.0
4498 63.0
4499 63.0
4500 63.0
4501 63.0
4502 63.0
4503 63.0
4504 63.0
4505 63.0
4506 63.0
4507 63.0
4508 63.0
4509 63.0
4510 63.0
4511 63.0
4512 63.0
4513 63.0
4514 63.0
4515 63.0
4516 63.0
4517 63.0
4518 63.0
4519 63.0
4520 63.0
4521 63.0
4522 63.0
4523 63.0
4524 63.0
4525 63.0
4526 63.0
4527 63.0
4528 63.0
4529 63.0
4530 63.0
4531 63.0
4532 63.0
4533 63.0
4534 63.0
4535 63.0
4536 63.0
4537 63.0
4538 63.0
4539 63.0
4540 63.0
4541 63.0
4542 63.0
4543 63.0
4544 63.0
4545 63.0
4546 63.0
4547 63.0
4548 63.0
4549 63.0
4550 63.0
4551 63.0
4552 63.0
4553 63.0
4554 63.0
4555 63.0
4556 63.0
4557 63.0
4558 63.0
4559 63.0
4560 63.0
4561 63.0
4562 63.0
4563 63.0
4564 63.0
4565 63.0
4566 63.0
4567 63.0
4568 63.0
4569 63.0
4570 63.0
4571 63.0
4572 63.0
4573 63.0
4574 63.0
4575 63.0
4576 63.0
4577 63.0
4578 63.0
4579 63.0
4580 63.0
4581 63.0
4582 63.0
4583 63.0
4584 63.0
4585 63.0
4586 63.0
4587 63.0
4588 63.0
4589 63.0
4590 63.0
4591 63.0
4592 63.0
4593 63.0
4594 63.0
4595 63.0
4596 63.0
4597 63.0
4598 63.0
4599 63.0
4600 63.0
4601 63.0
4602 63.0
4603 63.0
4604 63.0
4605 63.0
4606 63.0
4607 63.0
4608 63.0
4609 63.0
4610 63.0
4611 63.0
4612 63.0
4613 63.0
4614 63.0
4615 63.0
4616 63.0
4617 63.0
4618 63.0
4619 63.0
4620 63.0
4621 63.0
4622 63.0
4623 63.0
4624 63.0
4625 63.0
4626 63.0
4627 63.0
4628 63.0
4629 63.0
4630 63.0
4631 63.0
4632 63.0
4633 63.0
4634 63.0
4635 63.0
4636 63.0
4637 63.0
4638 63.0
4639 63.0
4640 63.0
4641 63.0
4642 63.0
4643 63.0
4644 63.0
4645 63.0
4646 63.0
4647 63.0
4648 63.0
4649 63.0
4650 63.0
4651 63.0
4652 63.0
4653 63.0
4654 63.0
4655 63.0
4656 63.0
4657 63.0
4658 63.0
4659 63.0
4660 63.0
4661 63.0
4662 63.0
4663 63.0
4664 63.0
4665 63.0
4666 63.0
4667 63.0
4668 63.0
4669 63.0
4670 63.0
4671 63.0
4672 63.0
4673 63.0
4674 63.0
4675 63.0
4676 63.0
4677 63.0
4678 63.0
4679 63.0
4680 63.0
4681 63.0
4682 63.0
4683 63.0
4684 63.0
4685 63.0
4686 63.0
4687 63.0
4688 63.0
4689 63.0
4690 63.0
4691 63.0
4692 63.0
4693 63.0
4694 63.0
4695 63.0
4696 63.0
4697 63.0
4698 63.0
4699 63.0
4700 63.0
4701 63.0
4702 63.0
4703 63.0
4704 63.0
4705 63.0
4706 63.0
4707 63.0
4708 63.0
4709 63.0
4710 63.0
4711 63.0
4712 63.0
4713 63.0
4714 63.0
4715 63.0
4716 63.0
4717 63.0
4718 63.0
4719 63.0
4720 63.0
4721 63.0
4722 63.0
4723 63.0
4724 63.0
4725 63.0
4726 63.0
4727 63.0
4728 63.0
4729 63.0
4730 63.0
4731 63.0
4732 63.0
4733 63.0
4734 63.0
4735 63.0
4736 63.0
4737 63.0
4738 63.0
4739 63.0
4740 63.0
4741 63.0
4742 63.0
4743 63.0
4744 63.0
4745 63.0
4746 63.0
4747 63.0
4748 63.0
4749 63.0
4750 63.0
4751 63.0
4752 63.0
4753 63.0
4754 63.0
4755 63.0
4756 63.0
4757 63.0
4758 63.0
4759 63.0
4760 63.0
4761 63.0
4762 63.0
4763 63.0
4764 63.0
4765 63.0
4766 63.0
4767 63.0
4768 63.0
4769 63.0
4770 63.0
4771 63.0
4772 63.0
4773 63.0
4774 63.0
4775 63.0
4776 63.0
4777 63.0
4778 63.0
4779 63.0
4780 63.0
4781 63.0
4782 63.0
4783 63.0
4784 63.0
4785 63.0
4786 63.0
4787 63.0
4788 63.0
4789 63.0
4790 63.0
4791 63.0
4792 63.0
4793 63.0
4794 63.0
4795 63.0
4796 63.0
4797 63.0
4798 63.0
4799 63.0
4800 63.0
4801 63.0
4802 63.0
4803 63.0
4804 63.0
4805 63.0
4806 63.0
4807 63.0
4808 63.0
4809 63.0
4810 63.0
4811 63.0
4812 63.0
4813 63.0
4814 63.0
4815 63.0
4816 63.0
4817 63.0
4818 63.0
4819 63.0
4820 63.0
4821 63.0
4822 63.0
4823 63.0
4824 63.0
4825 63.0
4826 63.0
4827 63.0
4828 63.0
4829 63.0
4830 63.0
4831 63.0
4832 63.0
4833 63.0
4834 63.0
4835 63.0
4836 63.0
4837 63.0
4838 63.0
4839 63.0
4840 63.0
4841 63.0
4842 63.0
4843 63.0
4844 63.0
4845 63.0
4846 63.0
4847 63.0
4848 63.0
4849 63.0
4850 63.0
4851 63.0
4852 63.0
4853 63.0
4854 63.0
4855 63.0
4856 63.0
4857 63.0
4858 63.0
4859 63.0
4860 63.0
4861 63.0
4862 63.0
4863 63.0
4864 63.0
4865 63.0
4866 63.0
4867 63.0
4868 63.0
4869 63.0
4870 63.0
4871 63.0
4872 63.0
4873 63.0
4874 63.0
4875 63.0
4876 63.0
4877 63.0
4878 63.0
4879 63.0
4880 63.0
4881 63.0
4882 63.0
4883 63.0
4884 63.0
4885 63.0
4886 63.0
4887 63.0
4888 63.0
4889 63.0
4890 63.0
4891 63.0
4892 63.0
4893 63.0
4894 63.0
4895 63.0
4896 63.0
4897 63.0
4898 63.0
4899 63.0
4900 63.0
4901 63.0
4902 63.0
4903 63.0
4904 63.0
4905 63.0
4906 63.0
4907 63.0
4908 63.0
4909 63.0
4910 63.0
4911 63.0
4912 63.0
4913 63.0
4914 63.0
4915 63.0
4916 63.0
4917 63.0
4918 63.0
4919 63.0
4920 63.0
4921 63.0
4922 63.0
4923 63.0
4924 63.0
4925 63.0
4926 63.0
4927 63.0
4928 63.0
4929 63.0
4930 63.0
4931 63.0
4932 63.0
4933 63.0
4934 63.0
4935 63.0
4936 63.0
4937 63.0
4938 63.0
4939 63.0
4940 63.0
4941 63.0
4942 63.0
4943 63.0
4944 63.0
4945 63.0
4946 63.0
4947 63.0
4948 63.0
4949 63.0
4950 63.0
4951 63.0
4952 63.0
4953 63.0
4954 63.0
4955 63.0
4956 63.0
4957 63.0
4958 63.0
4959 63.0
4960 63.0
4961 63.0
4962 63.0
4963 63.0
4964 63.0
4965 63.0
4966 63.0
4967 63.0
4968 63.0
4969 63.0
4970 63.0
4971 63.0
4972 63.0
4973 63.0
4974 63.0
4975 63.0
4976 63.0
4977 63.0
4978 63.0
4979 63.0
4980 63.0
4981 63.0
4982 63.0
4983 63.0
4984 63.0
4985 63.0
4986 63.0
4987 63.0
4988 63.0
4989 63.0
4990 63.0
4991 63.0
4992 63.0
4993 63.0
4994 63.0
4995 63.0
4996 63.0
4997 63.0
4998 63.0
4999 63.0
5000 63.0
5001 63.0
5002 63.0
5003 63.0
5004 63.0
5005 63.0
5006 63.0
5007 63.0
5008 63.0
5009 63.0
5010 63.0
5011 63.0
5012 63.0
5013 63.0
5014 63.0
5015 63.0
5016 63.0
5017 63.0
5018 63.0
5019 63.0
5020 63.0
5021 63.0
5022 63.0
5023 63.0
5024 63.0
5025 63.0
5026 63.0
5027 63.0
5028 63.0
5029 63.0
5030 63.0
5031 63.0
5032 63.0
5033 63.0
5034 63.0
5035 63.0
5036 63.0
5037 63.0
5038 63.0
5039 63.0
5040 63.0
5041 63.0
5042 63.0
5043 63.0
5044 63.0
5045 63.0
5046 63.0
5047 63.0
5048 63.0
5049 63.0
5050 63.0
5051 63.0
5052 63.0
5053 63.0
5054 63.0
5055 63.0
5056 63.0
5057 63.0
5058 63.0
5059 63.0
5060 63.0
5061 63.0
5062 63.0
5063 63.0
5064 63.0
5065 63.0
5066 63.0
5067 63.0
5068 63.0
5069 63.0
5070 63.0
5071 63.0
5072 63.0
5073 63.0
5074 63.0
5075 63.0
5076 63.0
5077 63.0
5078 63.0
5079 63.0
5080 63.0
5081 63.0
5082 63.0
5083 63.0
5084 63.0
5085 63.0
5086 63.0
5087 63.0
5088 63.0
5089 63.0
5090 63.0
5091 63.0
5092 63.0
5093 63.0
5094 63.0
5095 63.0
5096 63.0
5097 63.0
5098 63.0
5099 63.0
5100 63.0
5101 63.0
5102 63.0
5103 63.0
5104 63.0
5105 63.0
5106 63.0
5107 63.0
5108 63.0
5109 63.0
5110 63.0
5111 63.0
5112 63.0
5113 63.0
5114 63.0
5115 63.0
5116 63.0
5117 63.0
5118 63.0
5119 63.0
5120 63.0
5121 63.0
5122 63.0
5123 63.0
5124 63.0
5125 63.0
5126 63.0
5127 63.0
5128 63.0
5129 63.0
5130 63.0
5131 63.0
5132 63.0
5133 63.0
5134 63.0
5135 63.0
5136 63.0
5137 63.0
5138 63.0
5139 63.0
5140 63.0
5141 63.0
5142 63.0
5143 63.0
5144 63.0
5145 63.0
5146 63.0
5147 63.0
5148 63.0
5149 63.0
5150 63.0
5151 63.0
5152 63.0
5153 63.0
5154 63.0
5155 63.0
5156 63.0
5157 63.0
5158 63.0
5159 63.0
5160 63.0
5161 63.0
5162 63.0
5163 63.0
5164 63.0
5165 63.0
5166 63.0
5167 63.0
5168 63.0
5169 63.0
5170 63.0
5171 63.0
5172 63.0
5173 63.0
5174 63.0
5175 63.0
5176 63.0
5177 63.0
5178 63.0
5179 63.0
5180 63.0
5181 63.0
5182 63.0
5183 63.0
5184 63.0
5185 63.0
5186 63.0
5187 63.0
5188 63.0
5189 63.0
5190 63.0
5191 63.0
5192 63.0
5193 63.0
5194 63.0
5195 63.0
5196 63.0
5197 63.0
5198 63.0
5199 63.0
5200 63.0
5201 63.0
5202 63.0
5203 63.0
5204 63.0
5205 63.0
5206 63.0
5207 63.0
5208 63.0
5209 63.0
5210 63.0
5211 63.0
5212 63.0
5213 63.0
5214 63.0
5215 63.0
5216 63.0
5217 63.0
5218 63.0
5219 63.0
5220 63.0
5221 63.0
5222 63.0
5223 63.0
5224 63.0
5225 63.0
5226 63.0
5227 63.0
5228 63.0
5229 63.0
5230 63.0
5231 63.0
5232 63.0
5233 63.0
5234 63.0
5235 63.0
5236 63.0
5237 63.0
5238 63.0
5239 63.0
5240 63.0
5241 63.0
5242 63.0
5243 63.0
5244 63.0
5245 63.0
5246 63.0
5247 63.0
5248 63.0
5249 63.0
5250 63.0
5251 63.0
5252 63.0
5253 63.0
5254 63.0
5255 63.0
5256 63.0
5257 63.0
5258 63.0
5259 63.0
5260 63.0
5261 63.0
5262 63.0
5263 63.0
5264 63.0
5265 63.0
5266 63.0
5267 63.0
5268 63.0
5269 63.0
5270 63.0
5271 63.0
5272 63.0
5273 63.0
5274 63.0
5275 63.0
5276 63.0
5277 63.0
5278 63.0
5279 63.0
5280 63.0
5281 63.0
5282 63.0
5283 63.0
5284 63.0
5285 63.0
5286 63.0
5287 63.0
5288 63.0
5289 63.0
5290 63.0
5291 63.0
5292 63.0
5293 63.0
5294 63.0
5295 63.0
5296 63.0
5297 63.0
5298 63.0
5299 63.0
5300 63.0
5301 63.0
5302 63.0
5303 63.0
5304 63.0
5305 63.0
5306 63.0
5307 63.0
5308 63.0
5309 63.0
5310 63.0
5311 63.0
5312 63.0
5313 63.0
5314 63.0
5315 63.0
5316 63.0
5317 63.0
5318 63.0
5319 63.0
5320 63.0
5321 63.0
5322 63.0
5323 63.0
5324 63.0
5325 63.0
5326 63.0
5327 63.0
5328 63.0
5329 63.0
5330 63.0
5331 63.0
5332 63.0
5333 63.0
5334 63.0
5335 63.0
5336 63.0
5337 63.0
5338 63.0
5339 63.0
5340 63.0
5341 63.0
5342 63.0
5343 63.0
5344 63.0
5345 63.0
5346 63.0
5347 63.0
5348 63.0
5349 63.0
5350 63.0
5351 63.0
5352 63.0
5353 63.0
5354 63.0
5355 63.0
5356 63.0
5357 63.0
5358 63.0
5359 63.0
5360 63.0
5361 63.0
5362 63.0
5363 63.0
5364 63.0
5365 63.0
5366 63.0
5367 63.0
5368 63.0
5369 63.0
5370 63.0
5371 63.0
5372 63.0
5373 63.0
5374 63.0
5375 63.0
5376 63.0
5377 63.0
5378 63.0
5379 63.0
5380 63.0
5381 63.0
5382 63.0
5383 63.0
5384 63.0
5385 63.0
5386 63.0
5387 63.0
5388 63.0
5389 63.0
5390 63.0
5391 63.0
5392 63.0
5393 63.0
5394 63.0
5395 63.0
5396 63.0
5397 63.0
5398 63.0
5399 63.0
5400 63.0
5401 63.0
5402 63.0
5403 63.0
5404 63.0
5405 63.0
5406 63.0
5407 63.0
5408 63.0
5409 63.0
5410 63.0
5411 63.0
5412 63.0
5413 63.0
5414 63.0
5415 63.0
5416 63.0
5417 63.0
5418 63.0
5419 63.0
5420 63.0
5421 63.0
5422 63.0
5423 63.0
5424 63.0
5425 63.0
5426 63.0
5427 63.0
5428 63.0
5429 63.0
5430 63.0
5431 63.0
5432 63.0
5433 63.0
5434 63.0
5435 63.0
5436 63.0
5437 63.0
5438 63.0
5439 63.0
5440 63.0
5441 63.0
5442 63.0
5443 63.0
5444 63.0
5445 63.0
5446 63.0
5447 63.0
5448 63.0
5449 63.0
5450 63.0
5451 63.0
5452 63.0
5453 63.0
5454 63.0
5455 63.0
5456 63.0
5457 63.0
5458 63.0
5459 63.0
5460 63.0
5461 63.0
5462 63.0
5463 63.0
5464 63.0
5465 63.0
5466 63.0
5467 63.0
5468 63.0
5469 63.0
5470 63.0
5471 63.0
5472 63.0
5473 63.0
5474 63.0
5475 63.0
5476 63.0
5477 63.0
5478 63.0
5479 63.0
5480 63.0
5481 63.0
5482 63.0
5483 63.0
5484 63.0
5485 63.0
5486 63.0
5487 63.0
5488 63.0
5489 63.0
5490 63.0
5491 63.0
5492 63.0
5493 63.0
5494 63.0
5495 63.0
5496 63.0
5497 63.0
5498 63.0
5499 63.0
5500 63.0
5501 63.0
5502 63.0
5503 63.0
5504 63.0
5505 63.0
5506 63.0
5507 63.0
5508 63.0
5509 63.0
5510 63.0
5511 63.0
5512 63.0
5513 63.0
5514 63.0
5515 63.0
5516 63.0
5517 63.0
5518 63.0
5519 63.0
5520 63.0
5521 63.0
5522 63.0
5523 63.0
5524 63.0
5525 63.0
5526 63.0
5527 63.0
5528 63.0
5529 63.0
5530 63.0
5531 63.0
5532 63.0
5533 63.0
5534 63.0
5535 63.0
5536 63.0
5537 63.0
5538 63.0
5539 63.0
5540 63.0
5541 63.0
5542 63.0
5543 63.0
5544 63.0
5545 63.0
5546 63.0
5547 63.0
5548 63.0
5549 63.0
5550 63.0
5551 63.0
5552 63.0
5553 63.0
5554 63.0
5555 63.0
5556 63.0
5557 63.0
5558 63.0
5559 63.0
5560 63.0
5561 63.0
5562 63.0
5563 63.0
5564 63.0
5565 63.0
5566 63.0
5567 63.0
5568 63.0
5569 63.0
5570 63.0
5571 63.0
5572 63.0
5573 63.0
5574 63.0
5575 63.0
5576 63.0
5577 63.0
5578 63.0
5579 63.0
5580 63.0
5581 63.0
5582 63.0
5583 63.0
5584 63.0
5585 63.0
5586 63.0
5587 63.0
5588 63.0
5589 63.0
5590 63.0
5591 63.0
5592 63.0
5593 63.0
5594 63.0
5595 63.0
5596 63.0
5597 63.0
5598 63.0
5599 63.0
5600 63.0
5601 63.0
5602 63.0
5603 63.0
5604 63.0
5605 63.0
5606 63.0
5607 63.0
5608 63.0
5609 63.0
5610 63.0
5611 63.0
5612 63.0
5613 63.0
5614 63.0
5615 63.0
5616 63.0
5617 63.0
5618 63.0
5619 63.0
5620 63.0
5621 63.0
5622 63.0
5623 63.0
5624 63.0
5625 63.0
5626 63.0
5627 63.0
5628 63.0
5629 63.0
5630 63.0
5631 63.0
5632 63.0
5633 63.0
5634 63.0
5635 63.0
5636 63.0
5637 63.0
5638 63.0
5639 63.0
5640 63.0
5641 63.0
5642 63.0
5643 63.0
5644 63.0
5645 63.0
5646 63.0
5647 63.0
5648 63.0
5649 63.0
5650 63.0
5651 63.0
5652 63.0
5653 63.0
5654 63.0
5655 63.0
5656 63.0
5657 63.0
5658 63.0
5659 63.0
5660 63.0
5661 63.0
5662 63.0
5663 63.0
5664 63.0
5665 63.0
5666 63.0
5667 63.0
5668 63.0
5669 63.0
5670 63.0
5671 63.0
5672 63.0
5673 63.0
5674 63.0
5675 63.0
5676 63.0
5677 63.0
5678 63.0
5679 63.0
5680 63.0
5681 63.0
5682 63.0
5683 63.0
5684 63.0
5685 63.0
5686 63.0
5687 63.0
5688 63.0
5689 63.0
5690 63.0
5691 63.0
5692 63.0
5693 63.0
5694 63.0
5695 63.0
5696 63.0
5697 63.0
5698 63.0
5699 63.0
5700 63.0
5701 63.0
5702 63.0
5703 63.0
5704 63.0
5705 63.0
5706 63.0
5707 63.0
5708 63.0
5709 63.0
5710 63.0
5711 63.0
5712 63.0
5713 63.0
5714 63.0
5715 63.0
5716 63.0
5717 63.0
5718 63.0
5719 63.0
5720 63.0
5721 63.0
5722 63.0
5723 63.0
5724 63.0
5725 63.0
5726 63.0
5727 63.0
5728 63.0
5729 63.0
5730 63.0
5731 63.0
5732 63.0
5733 63.0
5734 63.0
5735 63.0
5736 63.0
5737 63.0
5738 63.0
5739 63.0
5740 63.0
5741 63.0
5742 63.0
5743 63.0
5744 63.0
5745 63.0
5746 63.0
5747 63.0
5748 63.0
5749 63.0
5750 63.0
5751 63.0
5752 63.0
5753 63.0
5754 63.0
5755 63.0
5756 63.0
5757 63.0
5758 63.0
5759 63.0
5760 63.0
5761 63.0
5762 63.0
5763 63.0
5764 63.0
5765 63.0
5766 63.0
5767 63.0
5768 63.0
5769 63.0
5770 63.0
5771 63.0
5772 63.0
5773 63.0
5774 63.0
5775 63.0
5776 63.0
5777 63.0
5778 63.0
5779 63.0
5780 63.0
5781 63.0
5782 63.0
5783 63.0
5784 63.0
5785 63.0
5786 63.0
5787 63.0
5788 63.0
5789 63.0
5790 63.0
5791 63.0
5792 63.0
5793 63.0
5794 63.0
5795 63.0
5796 63.0
5797 63.0
5798 63.0
5799 63.0
5800 63.0
5801 63.0
5802 63.0
5803 63.0
5804 63.0
5805 63.0
5806 63.0
5807 63.0
5808 63.0
5809 63.0
5810 63.0
5811 63.0
5812 63.0
5813 63.0
5814 63.0
5815 63.0
5816 63.0
5817 63.0
5818 63.0
5819 63.0
5820 63.0
5821 63.0
5822 63.0
5823 63.0
5824 63.0
5825 63.0
5826 63.0
5827 63.0
5828 63.0
5829 63.0
5830 63.0
5831 63.0
5832 63.0
5833 63.0
5834 63.0
5835 63.0
5836 63.0
5837 63.0
5838 63.0
5839 63.0
5840 63.0
5841 63.0
5842 63.0
5843 63.0
5844 63.0
5845 63.0
5846 63.0
5847 63.0
5848 63.0
5849 63.0
5850 63.0
5851 63.0
5852 63.0
5853 63.0
5854 63.0
5855 63.0
5856 63.0
5857 63.0
5858 63.0
5859 63.0
5860 63.0
5861 63.0
5862 63.0
5863 63.0
5864 63.0
5865 63.0
5866 63.0
5867 63.0
5868 63.0
5869 63.0
5870 63.0
5871 63.0
5872 63.0
5873 63.0
5874 63.0
5875 63.0
5876 63.0
5877 63.0
5878 63.0
5879 63.0
5880 63.0
5881 63.0
5882 63.0
5883 63.0
5884 63.0
5885 63.0
5886 63.0
5887 63.0
5888 63.0
5889 63.0
5890 63.0
5891 63.0
5892 63.0
5893 63.0
5894 63.0
5895 63.0
5896 63.0
5897 63.0
5898 63.0
5899 63.0
5900 63.0
5901 63.0
5902 63.0
5903 63.0
5904 63.0
5905 63.0
5906 63.0
5907 63.0
5908 63.0
5909 63.0
5910 63.0
5911 63.0
5912 63.0
5913 63.0
5914 63.0
5915 63.0
5916 63.0
5917 63.0
5918 63.0
5919 63.0
5920 63.0
5921 63.0
5922 63.0
5923 63.0
5924 63.0
5925 63.0
5926 63.0
5927 63.0
5928 63.0
5929 63.0
5930 63.0
5931 63.0
5932 63.0
5933 63.0
5934 63.0
5935 63.0
5936 63.0
5937 63.0
5938 63.0
5939 63.0
5940 63.0
5941 63.0
5942 63.0
5943 63.0
5944 63.0
5945 63.0
5946 63.0
5947 63.0
5948 63.0
5949 63.0
5950 63.0
5951 63.0
5952 63.0
5953 63.0
5954 63.0
5955 63.0
5956 63.0
5957 63.0
5958 63.0
5959 63.0
5960 63.0
5961 63.0
5962 63.0
5963 63.0
5964 63.0
5965 63.0
5966 63.0
5967 63.0
5968 63.0
5969 63.0
5970 63.0
5971 63.0
5972 63.0
5973 63.0
5974 63.0
5975 63.0
5976 63.0
5977 63.0
5978 63.0
5979 63.0
5980 63.0
5981 63.0
5982 63.0
5983 63.0
5984 63.0
5985 63.0
5986 63.0
5987 63.0
5988 63.0
5989 63.0
5990 63.0
5991 63.0
5992 63.0
5993 63.0
5994 63.0
5995 63.0
5996 63.0
5997 63.0
5998 63.0
5999 63.0
6000 63.0
6001 63.0
6002 63.0
6003 63.0
6004 63.0
6005 63.0
6006 63.0
6007 63.0
6008 63.0
6009 63.0
6010 63.0
6011 63.0
6012 63.0
6013 63.0
6014 63.0
6015 63.0
6016 63.0
6017 63.0
6018 63.0
6019 63.0
6020 63.0
6021 63.0
6022 63.0
6023 63.0
6024 63.0
6025 63.0
6026 63.0
6027 63.0
6028 63.0
6029 63.0
6030 63.0
6031 63.0
6032 63.0
6033 63.0
6034 63.0
6035 63.0
6036 63.0
6037 63.0
6038 63.0
6039 63.0
6040 63.0
6041 63.0
6042 63.0
6043 63.0
6044 63.0
6045 63.0
6046 63.0
6047 63.0
6048 63.0
6049 63.0
6050 63.0
6051 63.0
6052 63.0
6053 63.0
6054 63.0
6055 63.0
6056 63.0
6057 63.0
6058 63.0
6059 63.0
6060 63.0
6061 63.0
6062 63.0
6063 63.0
6064 63.0
6065 63.0
6066 63.0
6067 63.0
6068 63.0
6069 63.0
6070 63.0
6071 63.0
6072 63.0
6073 63.0
6074 63.0
6075 63.0
6076 63.0
6077 63.0
6078 63.0
6079 63.0
6080 63.0
6081 63.0
6082 63.0
6083 63.0
6084 63.0
6085 63.0
6086 63.0
6087 63.0
6088 63.0
6089 63.0
6090 63.0
6091 63.0
6092 63.0
6093 63.0
6094 63.0
6095 63.0
6096 63.0
6097 63.0
6098 63.0
6099 63.0
6100 63.0
6101 63.0
6102 63.0
6103 63.0
6104 63.0
6105 63.0
6106 63.0
6107 63.0
6108 63.0
6109 63.0
6110 63.0
6111 63.0
6112 63.0
6113 63.0
6114 63.0
6115 63.0
6116 63.0
6117 63.0
6118 63.0
6119 63.0
6120 63.0
6121 63.0
6122 63.0
6123 63.0
6124 63.0
6125 63.0
6126 63.0
6127 63.0
6128 63.0
6129 63.0
6130 63.0
6131 63.0
6132 63.0
6133 63.0
6134 63.0
6135 63.0
6136 63.0
6137 63.0
6138 63.0
6139 63.0
6140 63.0
6141 63.0
6142 63.0
6143 63.0
6144 63.0
6145 63.0
6146 63.0
6147 63.0
6148 63.0
6149 63.0
6150 63.0
6151 63.0
6152 63.0
6153 63.0
6154 63.0
6155 63.0
6156 63.0
6157 63.0
6158 63.0
6159 63.0
6160 63.0
6161 63.0
6162 63.0
6163 63.0
6164 63.0
6165 63.0
6166 63.0
6167 63.0
6168 63.0
6169 63.0
6170 63.0
6171 63.0
6172 63.0
6173 63.0
6174 63.0
6175 63.0
6176 63.0
6177 63.0
6178 63.0
6179 63.0
6180 63.0
6181 63.0
6182 63.0
6183 63.0
6184 63.0
6185 63.0
6186 63.0
6187 63.0
6188 63.0
6189 63.0
6190 63.0
6191 63.0
6192 63.0
6193 63.0
6194 63.0
6195 63.0
6196 63.0
6197 63.0
6198 63.0
6199 63.0
6200 63.0
6201 63.0
6202 63.0
6203 63.0
6204 63.0
6205 63.0
6206 63.0
6207 63.0
6208 63.0
6209 63.0
6210 63.0
6211 63.0
6212 63.0
6213 63.0
6214 63.0
6215 63.0
6216 63.0
6217 63.0
6218 63.0
6219 63.0
6220 63.0
6221 63.0
6222 63.0
6223 63.0
6224 63.0
6225 63.0
6226 63.0
6227 63.0
6228 63.0
6229 63.0
6230 63.0
6231 63.0
6232 63.0
6233 63.0
6234 63.0
6235 63.0
6236 63.0
6237 63.0
6238 63.0
6239 63.0
6240 63.0
6241 63.0
6242 63.0
6243 63.0
6244 63.0
6245 63.0
6246 63.0
6247 63.0
6248 63.0
6249 63.0
6250 63.0
6251 63.0
6252 63.0
6253 63.0
6254 63.0
6255 63.0
6256 63.0
6257 63.0
6258 63.0
6259 63.0
6260 63.0
6261 63.0
6262 63.0
6263 63.0
6264 63.0
6265 63.0
6266 63.0
6267 63.0
6268 63.0
6269 63.0
6270 63.0
6271 63.0
6272 63.0
6273 63.0
6274 63.0
6275 63.0
6276 63.0
6277 63.0
6278 63.0
6279 63.0
6280 63.0
6281 63.0
6282 63.0
6283 63.0
6284 63.0
6285 63.0
6286 63.0
6287 63.0
6288 63.0
6289 63.0
6290 63.0
6291 63.0
6292 63.0
6293 63.0
6294 63.0
6295 63.0
6296 63.0
6297 63.0
6298 63.0
6299 63.0
6300 63.0
6301 63.0
6302 63.0
6303 63.0
6304 63.0
6305 63.0
6306 63.0
6307 63.0
6308 63.0
6309 63.0
6310 63.0
6311 63.0
6312 63.0
6313 63.0
6314 63.0
6315 63.0
6316 63.0
6317 63.0
6318 63.0
6319 63.0
6320 63.0
6321 63.0
6322 63.0
6323 63.0
6324 63.0
6325 63.0
6326 63.0
6327 63.0
6328 63.0
6329 63.0
6330 63.0
6331 63.0
6332 63.0
6333 63.0
6334 63.0
6335 63.0
6336 63.0
6337 63.0
6338 63.0
6339 63.0
6340 63.0
6341 63.0
6342 63.0
6343 63.0
6344 63.0
6345 63.0
6346 63.0
6347 63.0
6348 63.0
6349 63.0
6350 63.0
6351 63.0
6352 63.0
6353 63.0
6354 63.0
6355 63.0
6356 63.0
6357 63.0
6358 63.0
6359 63.0
6360 63.0
6361 63.0
6362 63.0
6363 63.0
6364 63.0
6365 63.0
6366 63.0
6367 63.0
6368 63.0
6369 63.0
6370 63.0
6371 63.0
6372 63.0
6373 63.0
6374 63.0
6375 63.0
6376 63.0
6377 63.0
6378 63.0
6379 63.0
6380 63.0
6381 63.0
6382 63.0
6383 63.0
6384 63.0
6385 63.0
6386 63.0
6387 63.0
6388 63.0
6389 63.0
6390 63.0
6391 63.0
6392 63.0
6393 63.0
6394 63.0
6395 63.0
6396 63.0
6397 63.0
6398 63.0
6399 63.0
6400 63.0
6401 63.0
6402 63.0
6403 63.0
6404 63.0
6405 63.0
6406 63.0
6407 63.0
6408 63.0
6409 63.0
6410 63.0
6411 63.0
6412 63.0
6413 63.0
6414 63.0
6415 63.0
6416 63.0
6417 63.0
6418 63.0
6419 63.0
6420 63.0
6421 63.0
6422 63.0
6423 63.0
6424 63.0
6425 63.0
6426 63.0
6427 63.0
6428 63.0
6429 63.0
6430 63.0
6431 63.0
6432 63.0
6433 63.0
6434 63.0
6435 63.0
6436 63.0
6437 63.0
6438 63.0
6439 63.0
6440 63.0
6441 63.0
6442 63.0
6443 63.0
6444 63.0
6445 63.0
6446 63.0
6447 63.0
6448 63.0
6449 63.0
6450 63.0
6451 63.0
6452 63.0
6453 63.0
6454 63.0
6455 63.0
6456 63.0
6457 63.0
6458 63.0
6459 63.0
6460 63.0
6461 63.0
6462 63.0
6463 63.0
6464 63.0
6465 63.0
6466 63.0
6467 63.0
6468 63.0
6469 63.0
6470 63.0
6471 63.0
6472 63.0
6473 63.0
6474 63.0
6475 63.0
6476 63.0
6477 63.0
6478 63.0
6479 63.0
6480 63.0
6481 63.0
6482 63.0
6483 63.0
6484 63.0
6485 63.0
6486 63.0
6487 63.0
6488 63.0
6489 63.0
6490 63.0
6491 63.0
6492 63.0
6493 63.0
6494 63.0
6495 63.0
6496 63.0
6497 63.0
6498 63.0
6499 63.0
6500 63.0
6501 63.0
6502 63.0
6503 63.0
6504 63.0
6505 63.0
6506 63.0
6507 63.0
6508 63.0
6509 63.0
6510 63.0
6511 63.0
6512 63.0
6513 63.0
6514 63.0
6515 63.0
6516 63.0
6517 63.0
6518 63.0
6519 63.0
6520 63.0
6521 63.0
6522 63.0
6523 63.0
6524 63.0
6525 63.0
6526 63.0
6527 63.0
6528 63.0
6529 63.0
6530 63.0
6531 63.0
6532 63.0
6533 63.0
6534 63.0
6535 63.0
6536 63.0
6537 63.0
6538 63.0
6539 63.0
6540 63.0
6541 63.0
6542 63.0
6543 63.0
6544 63.0
6545 63.0
6546 63.0
6547 63.0
6548 63.0
6549 63.0
6550 63.0
6551 63.0
6552 63.0
6553 63.0
6554 63.0
6555 63.0
6556 63.0
6557 63.0
6558 63.0
6559 63.0
6560 63.0
6561 63.0
6562 63.0
6563 63.0
6564 63.0
6565 63.0
6566 63.0
6567 63.0
6568 63.0
6569 63.0
6570 63.0
6571 63.0
6572 63.0
6573 63.0
6574 63.0
6575 63.0
6576 63.0
6577 63.0
6578 63.0
6579 63.0
6580 63.0
6581 63.0
6582 63.0
6583 63.0
6584 63.0
6585 63.0
6586 63.0
6587 63.0
6588 63.0
6589 63.0
6590 63.0
6591 63.0
6592 63.0
6593 63.0
6594 63.0
6595 63.0
6596 63.0
6597 63.0
6598 63.0
6599 63.0
6600 63.0
6601 63.0
6602 63.0
6603 63.0
6604 63.0
6605 63.0
6606 63.0
6607 63.0
6608 63.0
6609 63.0
6610 63.0
6611 63.0
6612 63.0
6613 63.0
6614 63.0
6615 63.0
6616 63.0
6617 63.0
6618 63.0
6619 63.0
6620 63.0
6621 63.0
6622 63.0
6623 63.0
6624 63.0
6625 63.0
6626 63.0
6627 63.0
6628 63.0
6629 63.0
6630 63.0
6631 63.0
6632 63.0
6633 63.0
6634 63.0
6635 63.0
6636 63.0
6637 63.0
6638 63.0
6639 63.0
6640 63.0
6641 63.0
6642 63.0
6643 63.0
6644 63.0
6645 63.0
6646 63.0
6647 63.0
6648 63.0
6649 63.0
6650 63.0
6651 63.0
6652 63.0
6653 63.0
6654 63.0
6655 63.0
6656 63.0
6657 63.0
6658 63.0
6659 63.0
6660 63.0
6661 63.0
6662 63.0
6663 63.0
6664 63.0
6665 63.0
6666 63.0
6667 63.0
6668 63.0
6669 63.0
6670 63.0
6671 63.0
6672 63.0
6673 63.0
6674 63.0
6675 63.0
6676 63.0
6677 63.0
6678 63.0
6679 63.0
6680 63.0
6681 63.0
6682 63.0
6683 63.0
6684 63.0
6685 63.0
6686 63.0
6687 63.0
6688 63.0
6689 63.0
6690 63.0
6691 63.0
6692 63.0
6693 63.0
6694 63.0
6695 63.0
6696 63.0
6697 63.0
6698 63.0
6699 63.0
6700 63.0
6701 63.0
6702 63.0
6703 63.0
6704 63.0
6705 63.0
6706 63.0
6707 63.0
6708 63.0
6709 63.0
6710 63.0
6711 63.0
6712 63.0
6713 63.0
6714 63.0
6715 63.0
6716 63.0
6717 63.0
6718 63.0
6719 63.0
6720 63.0
6721 63.0
6722 63.0
6723 63.0
6724 63.0
6725 63.0
6726 63.0
6727 63.0
6728 63.0
6729 63.0
6730 63.0
6731 63.0
6732 63.0
6733 63.0
6734 63.0
6735 63.0
6736 63.0
6737 63.0
6738 63.0
6739 63.0
6740 63.0
6741 63.0
6742 63.0
6743 63.0
6744 63.0
6745 63.0
6746 63.0
6747 63.0
6748 63.0
6749 63.0
6750 63.0
6751 63.0
6752 63.0
6753 63.0
6754 63.0
6755 63.0
6756 63.0
6757 63.0
6758 63.0
6759 63.0
6760 63.0
6761 63.0
6762 63.0
6763 63.0
6764 63.0
6765 63.0
6766 63.0
6767 63.0
6768 63.0
6769 63.0
6770 63.0
6771 63.0
6772 63.0
6773 63.0
6774 63.0
6775 63.0
6776 63.0
6777 63.0
6778 63.0
6779 63.0
6780 63.0
6781 63.0
6782 63.0
6783 63.0
6784 63.0
6785 63.0
6786 63.0
6787 63.0
6788 63.0
6789 63.0
6790 63.0
6791 63.0
6792 63.0
6793 63.0
6794 63.0
6795 63.0
6796 63.0
6797 63.0
6798 63.0
6799 63.0
6800 63.0
6801 63.0
6802 63.0
6803 63.0
6804 63.0
6805 63.0
6806 63.0
6807 63.0
6808 63.0
6809 63.0
6810 63.0
6811 63.0
6812 63.0
6813 63.0
6814 63.0
6815 63.0
6816 63.0
6817 63.0
6818 63.0
6819 63.0
6820 63.0
6821 63.0
6822 63.0
6823 63.0
6824 63.0
6825 63.0
6826 63.0
6827 63.0
6828 63.0
6829 63.0
6830 63.0
6831 63.0
6832 63.0
6833 63.0
6834 63.0
6835 63.0
6836 63.0
6837 63.0
6838 63.0
6839 63.0
6840 63.0
6841 63.0
6842 63.0
6843 63.0
6844 63.0
6845 63.0
6846 63.0
6847 63.0
6848 63.0
6849 63.0
6850 63.0
6851 63.0
6852 63.0
6853 63.0
6854 63.0
6855 63.0
6856 63.0
6857 63.0
6858 63.0
6859 63.0
6860 63.0
6861 63.0
6862 63.0
6863 63.0
6864 63.0
6865 63.0
6866 63.0
6867 63.0
6868 63.0
6869 63.0
6870 63.0
6871 63.0
6872 63.0
6873 63.0
6874 63.0
6875 63.0
6876 63.0
6877 63.0
6878 63.0
6879 63.0
6880 63.0
6881 63.0
6882 63.0
6883 63.0
6884 63.0
6885 63.0
6886 63.0
6887 63.0
6888 63.0
6889 63.0
6890 63.0
6891 63.0
6892 63.0
6893 63.0
6894 63.0
6895 63.0
6896 63.0
6897 63.0
6898 63.0
6899 63.0
6900 63.0
6901 63.0
6902 63.0
6903 63.0
6904 63.0
6905 63.0
6906 63.0
6907 63.0
6908 63.0
6909 63.0
6910 63.0
6911 63.0
6912 63.0
6913 63.0
6914 63.0
6915 63.0
6916 63.0
6917 63.0
6918 63.0
6919 63.0
6920 63.0
6921 63.0
6922 63.0
6923 63.0
6924 63.0
6925 63.0
6926 63.0
6927 63.0
6928 63.0
6929 63.0
6930 63.0
6931 63.0
6932 63.0
6933 63.0
6934 63.0
6935 63.0
6936 63.0
6937 63.0
6938 63.0
6939 63.0
6940 63.0
6941 63.0
6942 63.0
6943 63.0
6944 63.0
6945 63.0
6946 63.0
6947 63.0
6948 63.0
6949 63.0
6950 63.0
6951 63.0
6952 63.0
6953 63.0
6954 63.0
6955 63.0
6956 63.0
6957 63.0
6958 63.0
6959 63.0
6960 63.0
6961 63.0
6962 63.0
6963 63.0
6964 63.0
6965 63.0
6966 63.0
6967 63.0
6968 63.0
6969 63.0
6970 63.0
6971 63.0
6972 63.0
6973 63.0
6974 63.0
6975 63.0
6976 63.0
6977 63.0
6978 63.0
6979 63.0
6980 63.0
6981 63.0
6982 63.0
6983 63.0
6984 63.0
6985 63.0
6986 63.0
6987 63.0
6988 63.0
6989 63.0
6990 63.0
6991 63.0
6992 63.0
6993 63.0
6994 63.0
6995 63.0
6996 63.0
6997 63.0
6998 63.0
6999 63.0
7000 63.0
7001 63.0
7002 63.0
7003 63.0
7004 63.0
7005 63.0
7006 63.0
7007 63.0
7008 63.0
7009 63.0
7010 63.0
7011 63.0
7012 63.0
7013 63.0
7014 63.0
7015 63.0
7016 63.0
7017 63.0
7018 63.0
7019 63.0
7020 63.0
7021 63.0
7022 63.0
7023 63.0
7024 63.0
7025 63.0
7026 63.0
7027 63.0
7028 63.0
7029 63.0
7030 63.0
7031 63.0
7032 63.0
7033 63.0
7034 63.0
7035 63.0
7036 63.0
7037 63.0
7038 63.0
7039 63.0
7040 63.0
7041 63.0
7042 63.0
7043 63.0
7044 63.0
7045 63.0
7046 63.0
7047 63.0
7048 63.0
7049 63.0
7050 63.0
7051 63.0
7052 63.0
7053 63.0
7054 63.0
7055 63.0
7056 63.0
7057 63.0
7058 63.0
7059 63.0
7060 63.0
7061 63.0
7062 63.0
7063 63.0
7064 63.0
7065 63.0
7066 63.0
7067 63.0
7068 63.0
7069 63.0
7070 63.0
7071 63.0
7072 63.0
7073 63.0
7074 63.0
7075 63.0
7076 63.0
7077 63.0
7078 63.0
7079 63.0
7080 63.0
7081 63.0
7082 63.0
7083 63.0
7084 63.0
7085 63.0
7086 63.0
7087 63.0
7088 63.0
7089 63.0
7090 63.0
7091 63.0
7092 63.0
7093 63.0
7094 63.0
7095 63.0
7096 63.0
7097 63.0
7098 63.0
7099 63.0
7100 63.0
7101 63.0
7102 63.0
7103 63.0
7104 63.0
7105 63.0
7106 63.0
7107 63.0
7108 63.0
7109 63.0
7110 63.0
7111 63.0
7112 63.0
7113 63.0
7114 63.0
7115 63.0
7116 63.0
7117 63.0
7118 63.0
7119 63.0
7120 63.0
7121 63.0
7122 63.0
7123 63.0
7124 63.0
7125 63.0
7126 63.0
7127 63.0
7128 63.0
7129 63.0
7130 63.0
7131 63.0
7132 63.0
7133 63.0
7134 63.0
7135 63.0
7136 63.0
7137 63.0
7138 63.0
7139 63.0
7140 63.0
7141 63.0
7142 63.0
7143 63.0
7144 63.0
7145 63.0
7146 63.0
7147 63.0
7148 63.0
7149 63.0
7150 63.0
7151 63.0
7152 63.0
7153 63.0
7154 63.0
7155 63.0
7156 63.0
7157 63.0
7158 63.0
7159 63.0
7160 63.0
7161 63.0
7162 63.0
7163 63.0
7164 63.0
7165 63.0
7166 63.0
7167 63.0
7168 63.0
7169 63.0
7170 63.0
7171 63.0
7172 63.0
7173 63.0
7174 63.0
7175 63.0
7176 63.0
7177 63.0
7178 63.0
7179 63.0
7180 63.0
7181 63.0
7182 63.0
7183 63.0
7184 63.0
7185 63.0
7186 63.0
7187 63.0
7188 63.0
7189 63.0
7190 63.0
7191 63.0
7192 63.0
7193 63.0
7194 63.0
7195 63.0
7196 63.0
7197 63.0
7198 63.0
7199 63.0
7200 63.0
7201 63.0
7202 63.0
7203 63.0
7204 63.0
7205 63.0
7206 63.0
7207 63.0
7208 63.0
7209 63.0
7210 63.0
7211 63.0
7212 63.0
7213 63.0
7214 63.0
7215 63.0
7216 63.0
7217 63.0
7218 63.0
7219 63.0
7220 63.0
7221 63.0
7222 63.0
7223 63.0
7224 63.0
7225 63.0
7226 63.0
7227 63.0
7228 63.0
7229 63.0
7230 63.0
7231 63.0
7232 63.0
7233 63.0
7234 63.0
7235 63.0
7236 63.0
7237 63.0
7238 63.0
7239 63.0
7240 63.0
7241 63.0
7242 63.0
7243 63.0
7244 63.0
7245 63.0
7246 63.0
7247 63.0
7248 63.0
7249 63.0
7250 63.0
7251 63.0
7252 63.0
7253 63.0
7254 63.0
7255 63.0
7256 63.0
7257 63.0
7258 63.0
7259 63.0
7260 63.0
7261 63.0
7262 63.0
7263 63.0
7264 63.0
7265 63.0
7266 63.0
7267 63.0
7268 63.0
7269 63.0
7270 63.0
7271 63.0
7272 63.0
7273 63.0
7274 63.0
7275 63.0
7276 63.0
7277 63.0
7278 63.0
7279 63.0
7280 63.0
7281 63.0
7282 63.0
7283 63.0
7284 63.0
7285 63.0
7286 63.0
7287 63.0
7288 63.0
7289 63.0
7290 63.0
7291 63.0
7292 63.0
7293 63.0
7294 63.0
7295 63.0
7296 63.0
7297 63.0
7298 63.0
7299 63.0
7300 63.0
7301 63.0
7302 63.0
7303 63.0
7304 63.0
7305 63.0
7306 63.0
7307 63.0
7308 63.0
7309 63.0
7310 63.0
7311 63.0
7312 63.0
7313 63.0
7314 63.0
7315 63.0
7316 63.0
7317 63.0
7318 63.0
7319 63.0
7320 63.0
7321 63.0
7322 63.0
7323 63.0
7324 63.0
7325 63.0
7326 63.0
7327 63.0
7328 63.0
7329 63.0
7330 63.0
7331 63.0
7332 63.0
7333 63.0
7334 63.0
7335 63.0
7336 63.0
7337 63.0
7338 63.0
7339 63.0
7340 63.0
7341 63.0
7342 63.0
7343 63.0
7344 63.0
7345 63.0
7346 63.0
7347 63.0
7348 63.0
7349 63.0
7350 63.0
7351 63.0
7352 63.0
7353 63.0
7354 63.0
7355 63.0
7356 63.0
7357 63.0
7358 63.0
7359 63.0
7360 63.0
7361 63.0
7362 63.0
7363 63.0
7364 63.0
7365 63.0
7366 63.0
7367 63.0
7368 63.0
7369 63.0
7370 63.0
7371 63.0
7372 63.0
7373 63.0
7374 63.0
7375 63.0
7376 63.0
7377 63.0
7378 63.0
7379 63.0
7380 63.0
7381 63.0
7382 63.0
7383 63.0
7384 63.0
7385 63.0
7386 63.0
7387 63.0
7388 63.0
7389 63.0
7390 63.0
7391 63.0
7392 63.0
7393 63.0
7394 63.0
7395 63.0
7396 63.0
7397 63.0
7398 63.0
7399 63.0
7400 63.0
7401 63.0
7402 63.0
7403 63.0
7404 63.0
7405 63.0
7406 63.0
7407 63.0
7408 63.0
7409 63.0
7410 63.0
7411 63.0
7412 63.0
7413 63.0
7414 63.0
7415 63.0
7416 63.0
7417 63.0
7418 63.0
7419 63.0
7420 63.0
7421 63.0
7422 63.0
7423 63.0
7424 63.0
7425 63.0
7426 63.0
7427 63.0
7428 63.0
7429 63.0
7430 63.0
7431 63.0
7432 63.0
7433 63.0
7434 63.0
7435 63.0
7436 63.0
7437 63.0
7438 63.0
7439 63.0
7440 63.0
7441 63.0
7442 63.0
7443 63.0
7444 63.0
7445 63.0
7446 63.0
7447 63.0
7448 63.0
7449 63.0
7450 63.0
7451 63.0
7452 63.0
7453 63.0
7454 63.0
7455 63.0
7456 63.0
7457 63.0
7458 63.0
7459 63.0
7460 63.0
7461 63.0
7462 63.0
7463 63.0
7464 63.0
7465 63.0
7466 63.0
7467 63.0
7468 63.0
7469 63.0
7470 63.0
7471 63.0
7472 63.0
7473 63.0
7474 63.0
7475 63.0
7476 63.0
7477 63.0
7478 63.0
7479 63.0
7480 63.0
7481 63.0
7482 63.0
7483 63.0
7484 63.0
7485 63.0
7486 63.0
7487 63.0
7488 63.0
7489 63.0
7490 63.0
7491 63.0
7492 63.0
7493 63.0
7494 63.0
7495 63.0
7496 63.0
7497 63.0
7498 63.0
7499 63.0
7500 63.0
7501 63.0
7502 63.0
7503 63.0
7504 63.0
7505 63.0
7506 63.0
7507 63.0
7508 63.0
7509 63.0
7510 63.0
7511 63.0
7512 63.0
7513 63.0
7514 63.0
7515 63.0
7516 63.0
7517 63.0
7518 63.0
7519 63.0
7520 63.0
7521 63.0
7522 63.0
7523 63.0
7524 63.0
7525 63.0
7526 63.0
7527 63.0
7528 63.0
7529 63.0
7530 63.0
7531 63.0
7532 63.0
7533 63.0
7534 63.0
7535 63.0
7536 63.0
7537 63.0
7538 63.0
7539 63.0
7540 63.0
7541 63.0
7542 63.0
7543 63.0
7544 63.0
7545 63.0
7546 63.0
7547 63.0
7548 63.0
7549 63.0
7550 63.0
7551 63.0
7552 63.0
7553 63.0
7554 63.0
7555 63.0
7556 63.0
7557 63.0
7558 63.0
7559 63.0
7560 63.0
7561 63.0
7562 63.0
7563 63.0
7564 63.0
7565 63.0
7566 63.0
7567 63.0
7568 63.0
7569 63.0
7570 63.0
7571 63.0
7572 63.0
7573 63.0
7574 63.0
7575 63.0
7576 63.0
7577 63.0
7578 63.0
7579 63.0
7580 63.0
7581 63.0
7582 63.0
7583 63.0
7584 63.0
7585 63.0
7586 63.0
7587 63.0
7588 63.0
7589 63.0
7590 63.0
7591 63.0
7592 63.0
7593 63.0
7594 63.0
7595 63.0
7596 63.0
7597 63.0
7598 63.0
7599 63.0
7600 63.0
7601 63.0
7602 63.0
7603 63.0
7604 63.0
7605 63.0
7606 63.0
7607 63.0
7608 63.0
7609 63.0
7610 63.0
7611 63.0
7612 63.0
7613 63.0
7614 63.0
7615 63.0
7616 63.0
7617 63.0
7618 63.0
7619 63.0
7620 63.0
7621 63.0
7622 63.0
7623 63.0
7624 63.0
7625 63.0
7626 63.0
7627 63.0
7628 63.0
7629 63.0
7630 63.0
7631 63.0
7632 63.0
7633 63.0
7634 63.0
7635 63.0
7636 63.0
7637 63.0
7638 63.0
7639 63.0
7640 63.0
7641 63.0
7642 63.0
7643 63.0
7644 63.0
7645 63.0
7646 63.0
7647 63.0
7648 63.0
7649 63.0
7650 63.0
7651 63.0
7652 63.0
7653 63.0
7654 63.0
7655 63.0
7656 63.0
7657 63.0
7658 63.0
7659 63.0
7660 63.0
7661 63.0
7662 63.0
7663 63.0
7664 63.0
7665 63.0
7666 63.0
7667 63.0
7668 63.0
7669 63.0
7670 63.0
7671 63.0
7672 63.0
7673 63.0
7674 63.0
7675 63.0
7676 63.0
7677 63.0
7678 63.0
7679 63.0
7680 63.0
7681 63.0
7682 63.0
7683 63.0
7684 63.0
7685 63.0
7686 63.0
7687 63.0
7688 63.0
7689 63.0
7690 63.0
7691 63.0
7692 63.0
7693 63.0
7694 63.0
7695 63.0
7696 63.0
7697 63.0
7698 63.0
7699 63.0
7700 63.0
7701 63.0
7702 63.0
7703 63.0
7704 63.0
7705 63.0
7706 63.0
7707 63.0
7708 63.0
7709 63.0
7710 63.0
7711 63.0
7712 63.0
7713 63.0
7714 63.0
7715 63.0
7716 63.0
7717 63.0
7718 63.0
7719 63.0
7720 63.0
7721 63.0
7722 63.0
7723 63.0
7724 63.0
7725 63.0
7726 63.0
7727 63.0
7728 63.0
7729 63.0
7730 63.0
7731 63.0
7732 63.0
7733 63.0
7734 63.0
7735 63.0
7736 63.0
7737 63.0
7738 63.0
7739 63.0
7740 63.0
7741 63.0
7742 63.0
7743 63.0
7744 63.0
7745 63.0
7746 63.0
7747 63.0
7748 63.0
7749 63.0
7750 63.0
7751 63.0
7752 63.0
7753 63.0
7754 63.0
7755 63.0
7756 63.0
7757 63.0
7758 63.0
7759 63.0
7760 63.0
7761 63.0
7762 63.0
7763 63.0
7764 63.0
7765 63.0
7766 63.0
7767 63.0
7768 63.0
7769 63.0
7770 63.0
7771 63.0
7772 63.0
7773 63.0
7774 63.0
7775 63.0
7776 63.0
7777 63.0
7778 63.0
7779 63.0
7780 63.0
7781 63.0
7782 63.0
7783 63.0
7784 63.0
7785 63.0
7786 63.0
7787 63.0
7788 63.0
7789 63.0
7790 63.0
7791 63.0
7792 63.0
7793 63.0
7794 63.0
7795 63.0
7796 63.0
7797 63.0
7798 63.0
7799 63.0
7800 63.0
7801 63.0
7802 63.0
7803 63.0
7804 63.0
7805 63.0
7806 63.0
7807 63.0
7808 63.0
7809 63.0
7810 63.0
7811 63.0
7812 63.0
7813 63.0
7814 63.0
7815 63.0
7816 63.0
7817 63.0
7818 63.0
7819 63.0
7820 63.0
7821 63.0
7822 63.0
7823 63.0
7824 63.0
7825 63.0
7826 63.0
7827 63.0
7828 63.0
7829 63.0
7830 63.0
7831 63.0
7832 63.0
7833 63.0
7834 63.0
7835 63.0
7836 63.0
7837 63.0
7838 63.0
7839 63.0
7840 63.0
7841 63.0
7842 63.0
7843 63.0
7844 63.0
7845 63.0
7846 63.0
7847 63.0
7848 63.0
7849 63.0
7850 63.0
7851 63.0
7852 63.0
7853 63.0
7854 63.0
7855 66.0
7856 66.0
7857 66.0
7858 66.0
7859 66.0
7860 66.0
7861 66.0
7862 66.0
7863 66.0
7864 66.0
7865 66.0
7866 66.0
7867 66.0
7868 66.0
7869 66.0
7870 66.0
7871 66.0
7872 66.0
7873 66.0
7874 66.0
7875 66.0
7876 66.0
7877 66.0
7878 66.0
7879 66.0
7880 66.0
7881 66.0
7882 66.0
7883 66.0
7884 66.0
7885 66.0
7886 66.0
7887 66.0
7888 66.0
7889 66.0
7890 66.0
7891 66.0
7892 66.0
7893 66.0
7894 66.0
7895 66.0
7896 66.0
7897 66.0
7898 66.0
7899 66.0
7900 66.0
7901 66.0
7902 66.0
7903 66.0
7904 66.0
7905 66.0
7906 66.0
7907 66.0
7908 66.0
7909 66.0
7910 66.0
7911 66.0
7912 66.0
7913 66.0
7914 66.0
7915 66.0
7916 66.0
7917 66.0
7918 66.0
7919 66.0
7920 66.0
7921 66.0
7922 66.0
7923 66.0
7924 66.0
7925 66.0
7926 66.0
7927 66.0
7928 66.0
7929 66.0
7930 66.0
7931 66.0
7932 66.0
7933 66.0
7934 66.0
7935 66.0
7936 66.0
7937 66.0
7938 66.0
7939 66.0
7940 66.0
7941 66.0
7942 66.0
7943 66.0
7944 66.0
7945 66.0
7946 66.0
7947 66.0
7948 66.0
7949 66.0
7950 66.0
7951 66.0
7952 66.0
7953 66.0
7954 66.0
7955 66.0
7956 66.0
7957 66.0
7958 66.0
7959 66.0
7960 66.0
7961 66.0
7962 66.0
7963 66.0
7964 66.0
7965 66.0
7966 66.0
7967 66.0
7968 66.0
7969 66.0
7970 66.0
7971 66.0
7972 66.0
7973 66.0
7974 66.0
7975 66.0
7976 66.0
7977 66.0
7978 66.0
7979 66.0
7980 66.0
7981 66.0
7982 66.0
7983 66.0
7984 66.0
7985 66.0
7986 66.0
7987 66.0
7988 66.0
7989 66.0
7990 66.0
7991 66.0
7992 66.0
7993 66.0
7994 66.0
7995 66.0
7996 66.0
7997 66.0
7998 66.0
7999 66.0
8000 66.0
8001 66.0
8002 66.0
8003 66.0
8004 66.0
8005 66.0
8006 66.0
8007 66.0
8008 66.0
8009 66.0
8010 66.0
8011 66.0
8012 66.0
8013 66.0
8014 66.0
8015 66.0
8016 66.0
8017 66.0
8018 66.0
8019 66.0
8020 66.0
8021 66.0
8022 66.0
8023 66.0
8024 66.0
8025 66.0
8026 66.0
8027 66.0
8028 66.0
8029 66.0
8030 66.0
8031 66.0
8032 66.0
8033 66.0
8034 66.0
8035 66.0
8036 66.0
8037 66.0
8038 66.0
8039 66.0
8040 66.0
8041 66.0
8042 66.0
8043 66.0
8044 66.0
8045 66.0
8046 66.0
8047 66.0
8048 66.0
8049 66.0
8050 66.0
8051 66.0
8052 66.0
8053 66.0
8054 66.0
8055 66.0
8056 66.0
8057 66.0
8058 66.0
8059 66.0
8060 66.0
8061 66.0
8062 66.0
8063 66.0
8064 66.0
8065 66.0
8066 66.0
8067 66.0
8068 66.0
8069 66.0
8070 66.0
8071 66.0
8072 66.0
8073 66.0
8074 66.0
8075 66.0
8076 66.0
8077 66.0
8078 66.0
8079 66.0
8080 66.0
8081 66.0
8082 66.0
8083 66.0
8084 66.0
8085 66.0
8086 66.0
8087 66.0
8088 66.0
8089 66.0
8090 66.0
8091 66.0
8092 66.0
8093 66.0
8094 66.0
8095 66.0
8096 66.0
8097 66.0
8098 66.0
8099 66.0
8100 66.0
8101 66.0
8102 66.0
8103 66.0
8104 66.0
8105 66.0
8106 66.0
8107 66.0
8108 66.0
8109 66.0
8110 66.0
8111 66.0
8112 66.0
8113 66.0
8114 66.0
8115 66.0
8116 66.0
8117 66.0
8118 66.0
8119 66.0
8120 66.0
8121 66.0
8122 66.0
8123 66.0
8124 66.0
8125 66.0
8126 66.0
8127 66.0
8128 66.0
8129 66.0
8130 66.0
8131 66.0
8132 66.0
8133 66.0
8134 66.0
8135 66.0
8136 66.0
8137 66.0
8138 66.0
8139 66.0
8140 66.0
8141 66.0
8142 66.0
8143 66.0
8144 66.0
8145 66.0
8146 66.0
8147 66.0
8148 66.0
8149 66.0
8150 66.0
8151 66.0
8152 66.0
8153 66.0
8154 66.0
8155 66.0
8156 66.0
8157 66.0
8158 66.0
8159 66.0
8160 66.0
8161 66.0
8162 66.0
8163 66.0
8164 66.0
8165 66.0
8166 66.0
8167 66.0
8168 66.0
8169 66.0
8170 66.0
8171 66.0
8172 66.0
8173 66.0
8174 66.0
8175 66.0
8176 66.0
8177 66.0
8178 66.0
8179 66.0
8180 66.0
8181 66.0
8182 66.0
8183 66.0
8184 66.0
8185 66.0
8186 66.0
8187 66.0
8188 66.0
8189 66.0
8190 66.0
8191 66.0
8192 66.0
8193 66.0
8194 66.0
8195 66.0
8196 66.0
8197 66.0
8198 66.0
8199 66.0
8200 66.0
8201 66.0
8202 66.0
8203 66.0
8204 66.0
8205 66.0
8206 66.0
8207 66.0
8208 66.0
8209 66.0
8210 66.0
8211 66.0
8212 66.0
8213 66.0
8214 66.0
8215 66.0
8216 66.0
8217 66.0
8218 66.0
8219 66.0
8220 66.0
8221 66.0
8222 66.0
8223 66.0
8224 66.0
8225 66.0
8226 66.0
8227 66.0
8228 66.0
8229 66.0
8230 66.0
8231 66.0
8232 66.0
8233 66.0
8234 66.0
8235 66.0
8236 66.0
8237 66.0
8238 66.0
8239 66.0
8240 66.0
8241 66.0
8242 66.0
8243 66.0
8244 66.0
8245 66.0
8246 66.0
8247 66.0
8248 66.0
8249 66.0
8250 66.0
8251 66.0
8252 66.0
8253 66.0
8254 66.0
8255 66.0
8256 66.0
8257 66.0
8258 66.0
8259 66.0
8260 66.0
8261 66.0
8262 66.0
8263 66.0
8264 66.0
8265 66.0
8266 66.0
8267 66.0
8268 66.0
8269 66.0
8270 66.0
8271 66.0
8272 66.0
8273 66.0
8274 66.0
8275 66.0
8276 66.0
8277 66.0
8278 66.0
8279 66.0
8280 66.0
8281 66.0
8282 66.0
8283 66.0
8284 66.0
8285 66.0
8286 66.0
8287 66.0
8288 66.0
8289 66.0
8290 66.0
8291 66.0
8292 66.0
8293 66.0
8294 66.0
8295 66.0
8296 66.0
8297 66.0
8298 66.0
8299 66.0
8300 66.0
8301 66.0
8302 66.0
8303 66.0
8304 66.0
8305 66.0
8306 66.0
8307 66.0
8308 66.0
8309 66.0
8310 66.0
8311 66.0
8312 66.0
8313 66.0
8314 66.0
8315 66.0
8316 66.0
8317 66.0
8318 66.0
8319 66.0
8320 66.0
8321 66.0
8322 66.0
8323 66.0
8324 66.0
8325 66.0
8326 66.0
8327 66.0
8328 66.0
8329 66.0
8330 66.0
8331 66.0
8332 66.0
8333 66.0
8334 66.0
8335 66.0
8336 66.0
8337 66.0
8338 66.0
8339 66.0
8340 66.0
8341 66.0
8342 66.0
8343 66.0
8344 66.0
8345 66.0
8346 66.0
8347 66.0
8348 66.0
8349 66.0
8350 66.0
8351 66.0
8352 66.0
8353 66.0
8354 66.0
8355 66.0
8356 66.0
8357 66.0
8358 66.0
8359 66.0
8360 66.0
8361 66.0
8362 66.0
8363 66.0
8364 66.0
8365 66.0
8366 66.0
8367 66.0
8368 66.0
8369 66.0
8370 66.0
8371 66.0
8372 66.0
8373 66.0
8374 66.0
8375 66.0
8376 66.0
8377 66.0
8378 66.0
8379 66.0
8380 66.0
8381 66.0
8382 66.0
8383 66.0
8384 66.0
8385 66.0
8386 66.0
8387 66.0
8388 66.0
8389 66.0
8390 66.0
8391 66.0
8392 66.0
8393 66.0
8394 66.0
8395 66.0
8396 66.0
8397 66.0
8398 66.0
8399 66.0
8400 66.0
8401 66.0
8402 66.0
8403 66.0
8404 66.0
8405 66.0
8406 66.0
8407 66.0
8408 66.0
8409 66.0
8410 66.0
8411 66.0
8412 66.0
8413 66.0
8414 66.0
8415 66.0
8416 66.0
8417 66.0
8418 66.0
8419 66.0
8420 66.0
8421 66.0
8422 66.0
8423 66.0
8424 66.0
8425 66.0
8426 66.0
8427 66.0
8428 66.0
8429 66.0
8430 66.0
8431 66.0
8432 66.0
8433 66.0
8434 66.0
8435 66.0
8436 66.0
8437 66.0
8438 66.0
8439 66.0
8440 66.0
8441 66.0
8442 66.0
8443 66.0
8444 66.0
8445 66.0
8446 66.0
8447 66.0
8448 66.0
8449 66.0
8450 66.0
8451 66.0
8452 66.0
8453 66.0
8454 66.0
8455 66.0
8456 66.0
8457 66.0
8458 66.0
8459 66.0
8460 66.0
8461 66.0
8462 66.0
8463 66.0
8464 66.0
8465 66.0
8466 66.0
8467 66.0
8468 66.0
8469 66.0
8470 66.0
8471 66.0
8472 66.0
8473 66.0
8474 66.0
8475 66.0
8476 66.0
8477 66.0
8478 66.0
8479 66.0
8480 66.0
8481 66.0
8482 66.0
8483 66.0
8484 66.0
8485 66.0
8486 66.0
8487 66.0
8488 66.0
8489 66.0
8490 66.0
8491 66.0
8492 66.0
8493 66.0
8494 66.0
8495 66.0
8496 66.0
8497 66.0
8498 66.0
8499 66.0
8500 66.0
8501 66.0
8502 66.0
8503 66.0
8504 66.0
8505 66.0
8506 66.0
8507 66.0
8508 66.0
8509 66.0
8510 66.0
8511 66.0
8512 66.0
8513 66.0
8514 66.0
8515 66.0
8516 66.0
8517 66.0
8518 66.0
8519 66.0
8520 66.0
8521 66.0
8522 66.0
8523 66.0
8524 66.0
8525 66.0
8526 66.0
8527 66.0
8528 66.0
8529 66.0
8530 66.0
8531 66.0
8532 66.0
8533 66.0
8534 66.0
8535 66.0
8536 66.0
8537 66.0
8538 66.0
8539 66.0
8540 66.0
8541 66.0
8542 66.0
8543 66.0
8544 66.0
8545 66.0
8546 66.0
8547 66.0
8548 66.0
8549 66.0
8550 66.0
8551 66.0
8552 66.0
8553 66.0
8554 66.0
8555 66.0
8556 66.0
8557 66.0
8558 66.0
8559 66.0
8560 66.0
8561 66.0
8562 66.0
8563 66.0
8564 66.0
8565 66.0
8566 66.0
8567 66.0
8568 66.0
8569 66.0
8570 66.0
8571 66.0
8572 66.0
8573 66.0
8574 66.0
8575 66.0
8576 66.0
8577 66.0
8578 66.0
8579 66.0
8580 66.0
8581 66.0
8582 66.0
8583 66.0
8584 66.0
8585 66.0
8586 66.0
8587 66.0
8588 66.0
8589 66.0
8590 66.0
8591 66.0
8592 66.0
8593 66.0
8594 66.0
8595 66.0
8596 66.0
8597 66.0
8598 66.0
8599 66.0
8600 66.0
8601 66.0
8602 66.0
8603 66.0
8604 66.0
8605 66.0
8606 66.0
8607 66.0
8608 66.0
8609 66.0
8610 66.0
8611 66.0
8612 66.0
8613 66.0
8614 66.0
8615 66.0
8616 66.0
8617 66.0
8618 66.0
8619 66.0
8620 66.0
8621 66.0
8622 66.0
8623 66.0
8624 66.0
8625 66.0
8626 66.0
8627 66.0
8628 66.0
8629 66.0
8630 66.0
8631 66.0
8632 66.0
8633 66.0
8634 66.0
8635 66.0
8636 66.0
8637 66.0
8638 66.0
8639 66.0
8640 66.0
8641 66.0
8642 66.0
8643 66.0
8644 66.0
8645 66.0
8646 66.0
8647 66.0
8648 66.0
8649 66.0
8650 66.0
8651 66.0
8652 66.0
8653 66.0
8654 66.0
8655 66.0
8656 66.0
8657 66.0
8658 66.0
8659 66.0
8660 66.0
8661 66.0
8662 66.0
8663 66.0
8664 66.0
8665 66.0
8666 66.0
8667 66.0
8668 66.0
8669 66.0
8670 66.0
8671 66.0
8672 66.0
8673 66.0
8674 66.0
8675 66.0
8676 66.0
8677 66.0
8678 66.0
8679 66.0
8680 66.0
8681 66.0
8682 66.0
8683 66.0
8684 66.0
8685 66.0
8686 66.0
8687 66.0
8688 66.0
8689 66.0
8690 66.0
8691 66.0
8692 66.0
8693 66.0
8694 66.0
8695 66.0
8696 66.0
8697 66.0
8698 66.0
8699 66.0
8700 66.0
8701 66.0
8702 66.0
8703 66.0
8704 66.0
8705 66.0
8706 66.0
8707 66.0
8708 66.0
8709 66.0
8710 66.0
8711 66.0
8712 66.0
8713 66.0
8714 66.0
8715 66.0
8716 66.0
8717 66.0
8718 66.0
8719 66.0
8720 66.0
8721 66.0
8722 66.0
8723 66.0
8724 66.0
8725 66.0
8726 66.0
8727 66.0
8728 66.0
8729 66.0
8730 66.0
8731 66.0
8732 66.0
8733 66.0
8734 66.0
8735 66.0
8736 66.0
8737 66.0
8738 66.0
8739 66.0
8740 66.0
8741 66.0
8742 66.0
8743 66.0
8744 66.0
8745 66.0
8746 66.0
8747 66.0
8748 66.0
8749 66.0
8750 66.0
8751 66.0
8752 66.0
8753 66.0
8754 66.0
8755 66.0
8756 66.0
8757 66.0
8758 66.0
8759 66.0
8760 66.0
8761 66.0
8762 66.0
8763 66.0
8764 66.0
8765 66.0
8766 66.0
8767 66.0
8768 66.0
8769 66.0
8770 66.0
8771 66.0
8772 66.0
8773 66.0
8774 66.0
8775 66.0
8776 66.0
8777 66.0
8778 66.0
8779 66.0
8780 66.0
8781 66.0
8782 66.0
8783 66.0
8784 66.0
8785 66.0
8786 66.0
8787 66.0
8788 66.0
8789 66.0
8790 66.0
8791 66.0
8792 66.0
8793 66.0
8794 66.0
8795 66.0
8796 66.0
8797 66.0
8798 66.0
8799 66.0
8800 66.0
8801 66.0
8802 66.0
8803 66.0
8804 66.0
8805 66.0
8806 66.0
8807 66.0
8808 66.0
8809 66.0
8810 66.0
8811 66.0
8812 66.0
8813 66.0
8814 66.0
8815 66.0
8816 66.0
8817 66.0
8818 66.0
8819 66.0
8820 66.0
8821 66.0
8822 66.0
8823 66.0
8824 66.0
8825 66.0
8826 66.0
8827 66.0
8828 66.0
8829 66.0
8830 66.0
8831 66.0
8832 66.0
8833 66.0
8834 66.0
8835 66.0
8836 66.0
8837 66.0
8838 66.0
8839 66.0
8840 66.0
8841 66.0
8842 66.0
8843 66.0
8844 66.0
8845 66.0
8846 66.0
8847 66.0
8848 66.0
8849 66.0
8850 66.0
8851 66.0
8852 66.0
8853 66.0
8854 66.0
8855 66.0
8856 66.0
8857 66.0
8858 66.0
8859 66.0
8860 66.0
8861 66.0
8862 66.0
8863 66.0
8864 66.0
8865 66.0
8866 66.0
8867 66.0
8868 66.0
8869 66.0
8870 66.0
8871 66.0
8872 66.0
8873 66.0
8874 66.0
8875 66.0
8876 66.0
8877 66.0
8878 66.0
8879 66.0
8880 66.0
8881 66.0
8882 66.0
8883 66.0
8884 66.0
8885 66.0
8886 66.0
8887 66.0
8888 66.0
8889 66.0
8890 66.0
8891 66.0
8892 66.0
8893 66.0
8894 66.0
8895 66.0
8896 66.0
8897 66.0
8898 66.0
8899 66.0
8900 66.0
8901 66.0
8902 66.0
8903 66.0
8904 66.0
8905 66.0
8906 66.0
8907 66.0
8908 66.0
8909 66.0
8910 66.0
8911 66.0
8912 66.0
8913 66.0
8914 66.0
8915 66.0
8916 66.0
8917 66.0
8918 66.0
8919 66.0
8920 66.0
8921 66.0
8922 66.0
8923 66.0
8924 66.0
8925 66.0
8926 66.0
8927 66.0
8928 66.0
8929 66.0
8930 66.0
8931 66.0
8932 66.0
8933 66.0
8934 66.0
8935 66.0
8936 66.0
8937 66.0
8938 66.0
8939 66.0
8940 66.0
8941 66.0
8942 66.0
8943 66.0
8944 66.0
8945 66.0
8946 66.0
8947 66.0
8948 66.0
8949 66.0
8950 66.0
8951 66.0
8952 66.0
8953 66.0
8954 66.0
8955 66.0
8956 66.0
8957 66.0
8958 66.0
8959 66.0
8960 66.0
8961 66.0
8962 66.0
8963 66.0
8964 66.0
8965 66.0
8966 66.0
8967 66.0
8968 66.0
8969 66.0
8970 66.0
8971 66.0
8972 66.0
8973 66.0
8974 66.0
8975 66.0
8976 66.0
8977 66.0
8978 66.0
8979 66.0
8980 66.0
8981 66.0
8982 66.0
8983 66.0
8984 66.0
8985 66.0
8986 66.0
8987 66.0
8988 66.0
8989 66.0
8990 66.0
8991 66.0
8992 66.0
8993 66.0
8994 66.0
8995 66.0
8996 66.0
8997 66.0
8998 66.0
8999 66.0
9000 66.0
9001 66.0
9002 66.0
9003 66.0
9004 66.0
9005 66.0
9006 66.0
9007 66.0
9008 66.0
9009 66.0
9010 66.0
9011 66.0
9012 66.0
9013 66.0
9014 66.0
9015 66.0
9016 66.0
9017 66.0
9018 66.0
9019 66.0
9020 66.0
9021 66.0
9022 66.0
9023 66.0
9024 66.0
9025 66.0
9026 66.0
9027 66.0
9028 66.0
9029 66.0
9030 66.0
9031 66.0
9032 66.0
9033 66.0
9034 66.0
9035 66.0
9036 66.0
9037 66.0
9038 66.0
9039 66.0
9040 66.0
9041 66.0
9042 66.0
9043 66.0
9044 66.0
9045 66.0
9046 66.0
9047 66.0
9048 66.0
9049 66.0
9050 66.0
9051 66.0
9052 66.0
9053 66.0
9054 66.0
9055 66.0
9056 66.0
9057 66.0
9058 66.0
9059 66.0
9060 66.0
9061 66.0
9062 66.0
9063 66.0
9064 66.0
9065 66.0
9066 66.0
9067 66.0
9068 66.0
9069 66.0
9070 66.0
9071 66.0
9072 66.0
9073 66.0
9074 66.0
9075 66.0
9076 66.0
9077 66.0
9078 66.0
9079 66.0
9080 66.0
9081 66.0
9082 66.0
9083 66.0
9084 66.0
9085 66.0
9086 66.0
9087 66.0
9088 66.0
9089 66.0
9090 66.0
9091 66.0
9092 66.0
9093 66.0
9094 66.0
9095 66.0
9096 66.0
9097 66.0
9098 66.0
9099 66.0
9100 66.0
9101 66.0
9102 66.0
9103 66.0
9104 66.0
9105 66.0
9106 66.0
9107 66.0
9108 66.0
9109 66.0
9110 66.0
9111 66.0
9112 66.0
9113 66.0
9114 66.0
9115 66.0
9116 66.0
9117 66.0
9118 66.0
9119 66.0
9120 66.0
9121 66.0
9122 66.0
9123 66.0
9124 66.0
9125 66.0
9126 66.0
9127 66.0
9128 66.0
9129 66.0
9130 66.0
9131 66.0
9132 66.0
9133 66.0
9134 66.0
9135 66.0
9136 66.0
9137 66.0
9138 66.0
9139 66.0
9140 66.0
9141 66.0
9142 66.0
9143 66.0
9144 66.0
9145 66.0
9146 66.0
9147 66.0
9148 66.0
9149 66.0
9150 66.0
9151 66.0
9152 66.0
9153 66.0
9154 66.0
9155 66.0
9156 66.0
9157 66.0
9158 66.0
9159 66.0
9160 66.0
9161 66.0
9162 66.0
9163 66.0
9164 66.0
9165 66.0
9166 66.0
9167 66.0
9168 66.0
9169 66.0
9170 66.0
9171 66.0
9172 66.0
9173 66.0
9174 66.0
9175 66.0
9176 66.0
9177 66.0
9178 66.0
9179 66.0
9180 66.0
9181 66.0
9182 66.0
9183 66.0
9184 66.0
9185 66.0
9186 66.0
9187 66.0
9188 66.0
9189 66.0
9190 66.0
9191 66.0
9192 66.0
9193 66.0
9194 66.0
9195 66.0
9196 66.0
9197 66.0
9198 66.0
9199 66.0
9200 66.0
9201 66.0
9202 66.0
9203 66.0
9204 66.0
9205 66.0
9206 66.0
9207 66.0
9208 66.0
9209 66.0
9210 66.0
9211 66.0
9212 66.0
9213 66.0
9214 66.0
9215 66.0
9216 66.0
9217 66.0
9218 66.0
9219 66.0
9220 66.0
9221 66.0
9222 66.0
9223 66.0
9224 66.0
9225 66.0
9226 66.0
9227 66.0
9228 66.0
9229 66.0
9230 66.0
9231 66.0
9232 66.0
9233 66.0
9234 66.0
9235 66.0
9236 66.0
9237 66.0
9238 66.0
9239 66.0
9240 66.0
9241 66.0
9242 66.0
9243 66.0
9244 66.0
9245 66.0
9246 66.0
9247 66.0
9248 66.0
9249 66.0
9250 66.0
9251 66.0
9252 66.0
9253 66.0
9254 66.0
9255 66.0
9256 66.0
9257 66.0
9258 66.0
9259 66.0
9260 66.0
9261 66.0
9262 66.0
9263 66.0
9264 66.0
9265 66.0
9266 66.0
9267 66.0
9268 66.0
9269 66.0
9270 66.0
9271 66.0
9272 66.0
9273 66.0
9274 66.0
9275 66.0
9276 66.0
9277 66.0
9278 66.0
9279 66.0
9280 66.0
9281 66.0
9282 66.0
9283 66.0
9284 66.0
9285 66.0
9286 66.0
9287 66.0
9288 66.0
9289 66.0
9290 66.0
9291 66.0
9292 66.0
9293 66.0
9294 66.0
9295 66.0
9296 66.0
9297 66.0
9298 66.0
9299 66.0
9300 66.0
9301 66.0
9302 66.0
9303 66.0
9304 66.0
9305 66.0
9306 66.0
9307 66.0
9308 66.0
9309 66.0
9310 66.0
9311 66.0
9312 66.0
9313 66.0
9314 66.0
9315 66.0
9316 66.0
9317 66.0
9318 66.0
9319 66.0
9320 66.0
9321 66.0
9322 66.0
9323 66.0
9324 66.0
9325 66.0
9326 66.0
9327 66.0
9328 66.0
9329 66.0
9330 66.0
9331 66.0
9332 66.0
9333 66.0
9334 66.0
9335 66.0
9336 66.0
9337 66.0
9338 66.0
9339 66.0
9340 66.0
9341 66.0
9342 66.0
9343 66.0
9344 66.0
9345 66.0
9346 66.0
9347 66.0
9348 66.0
9349 66.0
9350 66.0
9351 66.0
9352 66.0
9353 66.0
9354 66.0
9355 66.0
9356 66.0
9357 66.0
9358 66.0
9359 66.0
9360 66.0
9361 66.0
9362 66.0
9363 66.0
9364 66.0
9365 66.0
9366 66.0
9367 66.0
9368 66.0
9369 66.0
9370 66.0
9371 66.0
9372 66.0
9373 66.0
9374 66.0
9375 66.0
9376 66.0
9377 66.0
9378 66.0
9379 66.0
9380 66.0
9381 66.0
9382 66.0
9383 66.0
9384 66.0
9385 66.0
9386 66.0
9387 66.0
9388 66.0
9389 66.0
9390 66.0
9391 66.0
9392 66.0
9393 66.0
9394 66.0
9395 66.0
9396 66.0
9397 66.0
9398 66.0
9399 66.0
9400 66.0
9401 66.0
9402 66.0
9403 66.0
9404 66.0
9405 66.0
9406 66.0
9407 66.0
9408 66.0
9409 66.0
9410 66.0
9411 66.0
9412 66.0
9413 66.0
9414 66.0
9415 66.0
9416 66.0
9417 66.0
9418 66.0
9419 66.0
9420 66.0
9421 66.0
9422 66.0
9423 66.0
9424 66.0
9425 66.0
9426 66.0
9427 66.0
9428 66.0
9429 66.0
9430 66.0
9431 66.0
9432 66.0
9433 66.0
9434 66.0
9435 66.0
9436 66.0
9437 66.0
9438 66.0
9439 66.0
9440 66.0
9441 66.0
9442 66.0
9443 66.0
9444 66.0
9445 66.0
9446 66.0
9447 66.0
9448 66.0
9449 66.0
9450 66.0
9451 66.0
9452 66.0
9453 66.0
9454 66.0
9455 66.0
9456 66.0
9457 66.0
9458 66.0
9459 66.0
9460 66.0
9461 66.0
9462 66.0
9463 66.0
9464 66.0
9465 66.0
9466 66.0
9467 66.0
9468 66.0
9469 66.0
9470 66.0
9471 66.0
9472 66.0
9473 66.0
9474 66.0
9475 66.0
9476 66.0
9477 66.0
9478 66.0
9479 66.0
9480 66.0
9481 66.0
9482 66.0
9483 66.0
9484 66.0
9485 66.0
9486 66.0
9487 66.0
9488 66.0
9489 66.0
9490 66.0
9491 66.0
9492 66.0
9493 66.0
9494 66.0
9495 66.0
9496 66.0
9497 66.0
9498 66.0
9499 66.0
9500 66.0
9501 66.0
9502 66.0
9503 66.0
9504 66.0
9505 66.0
9506 66.0
9507 66.0
9508 66.0
9509 66.0
9510 66.0
9511 66.0
9512 66.0
9513 66.0
9514 66.0
9515 66.0
9516 66.0
9517 66.0
9518 66.0
9519 66.0
9520 66.0
9521 66.0
9522 66.0
9523 66.0
9524 66.0
9525 66.0
9526 66.0
9527 66.0
9528 66.0
9529 66.0
9530 66.0
9531 66.0
9532 66.0
9533 66.0
9534 66.0
9535 66.0
9536 66.0
9537 66.0
9538 66.0
9539 66.0
9540 66.0
9541 66.0
9542 66.0
9543 66.0
9544 66.0
9545 66.0
9546 66.0
9547 66.0
9548 66.0
9549 66.0
9550 66.0
9551 66.0
9552 66.0
9553 66.0
9554 66.0
9555 66.0
9556 66.0
9557 66.0
9558 66.0
9559 66.0
9560 66.0
9561 66.0
9562 66.0
9563 66.0
9564 66.0
9565 66.0
9566 66.0
9567 66.0
9568 66.0
9569 66.0
9570 66.0
9571 66.0
9572 66.0
9573 66.0
9574 66.0
9575 66.0
9576 66.0
9577 66.0
9578 66.0
9579 66.0
9580 66.0
9581 66.0
9582 66.0
9583 66.0
9584 66.0
9585 66.0
9586 66.0
9587 66.0
9588 66.0
9589 66.0
9590 66.0
9591 66.0
9592 66.0
9593 66.0
9594 66.0
9595 66.0
9596 66.0
9597 66.0
9598 66.0
9599 66.0
9600 66.0
9601 66.0
9602 66.0
9603 66.0
9604 66.0
9605 66.0
9606 66.0
9607 66.0
9608 66.0
9609 66.0
9610 66.0
9611 66.0
9612 66.0
9613 66.0
9614 66.0
9615 66.0
9616 66.0
9617 66.0
9618 66.0
9619 66.0
9620 66.0
9621 66.0
9622 66.0
9623 66.0
9624 66.0
9625 66.0
9626 66.0
9627 66.0
9628 66.0
9629 66.0
9630 66.0
9631 66.0
9632 66.0
9633 66.0
9634 66.0
9635 66.0
9636 66.0
9637 66.0
9638 66.0
9639 66.0
9640 66.0
9641 66.0
9642 66.0
9643 66.0
9644 66.0
9645 66.0
9646 66.0
9647 66.0
9648 66.0
9649 66.0
9650 66.0
9651 66.0
9652 66.0
9653 66.0
9654 66.0
9655 66.0
9656 66.0
9657 66.0
9658 66.0
9659 66.0
9660 66.0
9661 66.0
9662 66.0
9663 66.0
9664 66.0
9665 66.0
9666 66.0
9667 66.0
9668 66.0
9669 66.0
9670 66.0
9671 66.0
9672 66.0
9673 66.0
9674 66.0
9675 66.0
9676 66.0
9677 66.0
9678 66.0
9679 66.0
9680 66.0
9681 66.0
9682 66.0
9683 66.0
9684 66.0
9685 66.0
9686 66.0
9687 66.0
9688 66.0
9689 66.0
9690 66.0
9691 66.0
9692 66.0
9693 66.0
9694 66.0
9695 66.0
9696 66.0
9697 66.0
9698 66.0
9699 66.0
9700 66.0
9701 66.0
9702 66.0
9703 66.0
9704 66.0
9705 66.0
9706 66.0
9707 66.0
9708 66.0
9709 66.0
9710 66.0
9711 66.0
9712 66.0
9713 66.0
9714 66.0
9715 66.0
9716 66.0
9717 66.0
9718 66.0
9719 66.0
9720 66.0
9721 66.0
9722 66.0
9723 66.0
9724 66.0
9725 66.0
9726 66.0
9727 66.0
9728 66.0
9729 66.0
9730 66.0
9731 66.0
9732 66.0
9733 66.0
9734 66.0
9735 66.0
9736 66.0
9737 66.0
9738 66.0
9739 66.0
9740 66.0
9741 66.0
9742 66.0
9743 66.0
9744 66.0
9745 66.0
9746 66.0
9747 66.0
9748 66.0
9749 66.0
9750 66.0
9751 66.0
9752 66.0
9753 66.0
9754 66.0
9755 66.0
9756 66.0
9757 66.0
9758 66.0
9759 66.0
9760 66.0
9761 66.0
9762 66.0
9763 66.0
9764 66.0
9765 66.0
9766 66.0
9767 66.0
9768 66.0
9769 66.0
9770 66.0
9771 66.0
9772 66.0
9773 66.0
9774 66.0
9775 66.0
9776 66.0
9777 66.0
9778 66.0
9779 66.0
9780 66.0
9781 66.0
9782 66.0
9783 66.0
9784 66.0
9785 66.0
9786 66.0
9787 66.0
9788 66.0
9789 66.0
9790 66.0
9791 66.0
9792 66.0
9793 66.0
9794 66.0
9795 66.0
9796 66.0
9797 66.0
9798 66.0
9799 66.0
9800 66.0
9801 66.0
9802 66.0
9803 66.0
9804 66.0
9805 66.0
9806 66.0
9807 66.0
9808 66.0
9809 66.0
9810 66.0
9811 66.0
9812 66.0
9813 66.0
9814 66.0
9815 66.0
9816 66.0
9817 66.0
9818 66.0
9819 66.0
9820 66.0
9821 66.0
9822 66.0
9823 66.0
9824 66.0
9825 66.0
9826 66.0
9827 66.0
9828 66.0
9829 66.0
9830 66.0
9831 66.0
9832 66.0
9833 66.0
9834 66.0
9835 66.0
9836 66.0
9837 66.0
9838 66.0
9839 66.0
9840 66.0
9841 66.0
9842 66.0
9843 66.0
9844 66.0
9845 66.0
9846 66.0
9847 66.0
9848 66.0
9849 66.0
9850 66.0
9851 66.0
9852 66.0
9853 66.0
9854 66.0
9855 66.0
9856 66.0
9857 66.0
9858 66.0
9859 66.0
9860 66.0
9861 66.0
9862 66.0
9863 66.0
9864 66.0
9865 66.0
9866 66.0
9867 66.0
9868 66.0
9869 66.0
9870 66.0
9871 66.0
9872 66.0
9873 66.0
9874 66.0
9875 66.0
9876 66.0
9877 66.0
9878 66.0
9879 66.0
9880 66.0
9881 66.0
9882 66.0
9883 66.0
9884 66.0
9885 66.0
9886 66.0
9887 66.0
9888 66.0
9889 66.0
9890 66.0
9891 66.0
9892 66.0
9893 66.0
9894 66.0
9895 66.0
9896 66.0
9897 66.0
9898 66.0
9899 66.0
9900 66.0
9901 66.0
9902 66.0
9903 66.0
9904 66.0
9905 66.0
9906 66.0
9907 66.0
9908 66.0
9909 66.0
9910 66.0
9911 66.0
9912 66.0
9913 66.0
9914 66.0
9915 66.0
9916 66.0
9917 66.0
9918 66.0
9919 66.0
9920 66.0
9921 66.0
9922 66.0
9923 66.0
9924 66.0
9925 66.0
9926 66.0
9927 66.0
9928 66.0
9929 66.0
9930 66.0
9931 66.0
9932 66.0
9933 66.0
9934 66.0
9935 66.0
9936 66.0
9937 66.0
9938 66.0
9939 66.0
9940 66.0
9941 66.0
9942 66.0
9943 66.0
9944 66.0
9945 66.0
9946 66.0
9947 66.0
9948 66.0
9949 66.0
9950 66.0
9951 66.0
9952 66.0
9953 66.0
9954 66.0
9955 66.0
9956 66.0
9957 66.0
9958 66.0
9959 66.0
9960 66.0
9961 66.0
9962 66.0
9963 66.0
9964 66.0
9965 66.0
9966 66.0
9967 66.0
9968 66.0
9969 66.0
9970 66.0
9971 66.0
9972 66.0
9973 66.0
9974 66.0
9975 66.0
9976 66.0
9977 66.0
9978 66.0
9979 66.0
9980 66.0
9981 66.0
9982 66.0
9983 66.0
9984 66.0
9985 66.0
9986 66.0
9987 66.0
9988 66.0
9989 66.0
9990 66.0
9991 66.0
9992 66.0
9993 66.0
9994 66.0
9995 66.0
9996 66.0
9997 66.0
9998 66.0
9999 66.0
10000 66.0
10001 66.0
10002 66.0
10003 66.0
10004 66.0
10005 66.0
10006 66.0
10007 66.0
