evaluations raw_y
1 -1975.0000000000
4 -1974.0000000000
5 -1973.0000000000
7 -1972.0000000000
8 -1971.0000000000
9 -1969.0000000000
10 -1967.0000000000
11 -1966.0000000000
12 -1965.0000000000
16 -1964.0000000000
17 -1963.0000000000
21 -1962.0000000000
22 -1961.0000000000
23 -1960.0000000000
24 -1959.0000000000
25 -1958.0000000000
26 -1957.0000000000
28 -1956.0000000000
29 -1955.0000000000
30 -1954.0000000000
35 -1953.0000000000
41 -1952.0000000000
43 -1949.0000000000
45 -1948.0000000000
46 -1947.0000000000
47 -1946.0000000000
48 -1945.0000000000
50 -1944.0000000000
53 -1943.0000000000
57 -1942.0000000000
59 -1941.0000000000
60 -1940.0000000000
63 -1938.0000000000
64 -1937.0000000000
66 -1936.0000000000
67 -1935.0000000000
68 -1934.0000000000
69 -1933.0000000000
72 -1932.0000000000
73 -1931.0000000000
74 -1928.0000000000
75 -1927.0000000000
77 -1926.0000000000
78 -1925.0000000000
79 -1924.0000000000
81 -1923.0000000000
83 -1922.0000000000
87 -1921.0000000000
90 -1920.0000000000
91 -1919.0000000000
92 -1918.0000000000
94 -1917.0000000000
95 -1916.0000000000
96 -1915.0000000000
98 -1914.0000000000
100 -1913.0000000000
101 -1912.0000000000
102 -1911.0000000000
104 -1910.0000000000
105 -1909.0000000000
106 -1908.0000000000
107 -1906.0000000000
108 -1904.0000000000
111 -1903.0000000000
114 -1902.0000000000
118 -1901.0000000000
121 -1899.0000000000
122 -1898.0000000000
123 -1897.0000000000
124 -1896.0000000000
125 -1895.0000000000
128 -1894.0000000000
133 -1893.0000000000
136 -1891.0000000000
141 -1889.0000000000
146 -1888.0000000000
148 -1887.0000000000
154 -1886.0000000000
155 -1885.0000000000
156 -1884.0000000000
160 -1883.0000000000
161 -1882.0000000000
162 -1881.0000000000
166 -1880.0000000000
167 -1877.0000000000
171 -1876.0000000000
172 -1875.0000000000
173 -1874.0000000000
178 -1873.0000000000
179 -1871.0000000000
180 -1870.0000000000
184 -1869.0000000000
188 -1867.0000000000
191 -1866.0000000000
193 -1865.0000000000
194 -1864.0000000000
197 -1863.0000000000
198 -1862.0000000000
201 -1861.0000000000
202 -1860.0000000000
204 -1859.0000000000
209 -1858.0000000000
210 -1856.0000000000
212 -1855.0000000000
214 -1854.0000000000
215 -1853.0000000000
216 -1852.0000000000
217 -1850.0000000000
219 -1849.0000000000
221 -1848.0000000000
222 -1847.0000000000
224 -1846.0000000000
225 -1845.0000000000
227 -1844.0000000000
228 -1843.0000000000
229 -1842.0000000000
231 -1841.0000000000
232 -1840.0000000000
236 -1839.0000000000
237 -1836.0000000000
238 -1835.0000000000
244 -1834.0000000000
246 -1833.0000000000
255 -1832.0000000000
257 -1831.0000000000
263 -1830.0000000000
265 -1829.0000000000
270 -1828.0000000000
272 -1827.0000000000
276 -1826.0000000000
277 -1825.0000000000
280 -1824.0000000000
283 -1823.0000000000
284 -1822.0000000000
285 -1821.0000000000
288 -1820.0000000000
292 -1819.0000000000
294 -1818.0000000000
298 -1817.0000000000
302 -1815.0000000000
305 -1814.0000000000
307 -1813.0000000000
312 -1812.0000000000
313 -1811.0000000000
316 -1810.0000000000
317 -1809.0000000000
318 -1808.0000000000
320 -1807.0000000000
321 -1806.0000000000
323 -1805.0000000000
325 -1804.0000000000
326 -1802.0000000000
328 -1801.0000000000
330 -1800.0000000000
331 -1799.0000000000
334 -1798.0000000000
335 -1797.0000000000
336 -1796.0000000000
340 -1794.0000000000
343 -1793.0000000000
344 -1792.0000000000
345 -1791.0000000000
348 -1790.0000000000
349 -1789.0000000000
352 -1788.0000000000
356 -1787.0000000000
357 -1786.0000000000
358 -1785.0000000000
360 -1784.0000000000
365 -1783.0000000000
366 -1782.0000000000
368 -1781.0000000000
369 -1780.0000000000
370 -1779.0000000000
372 -1777.0000000000
374 -1776.0000000000
375 -1775.0000000000
376 -1773.0000000000
377 -1771.0000000000
378 -1770.0000000000
381 -1769.0000000000
383 -1768.0000000000
385 -1767.0000000000
386 -1766.0000000000
387 -1765.0000000000
390 -1764.0000000000
391 -1762.0000000000
394 -1761.0000000000
395 -1760.0000000000
397 -1759.0000000000
400 -1758.0000000000
401 -1757.0000000000
402 -1756.0000000000
404 -1755.0000000000
405 -1754.0000000000
409 -1753.0000000000
410 -1752.0000000000
414 -1751.0000000000
418 -1750.0000000000
420 -1749.0000000000
422 -1748.0000000000
423 -1747.0000000000
425 -1746.0000000000
426 -1745.0000000000
427 -1744.0000000000
430 -1743.0000000000
433 -1742.0000000000
434 -1741.0000000000
436 -1738.0000000000
437 -1737.0000000000
438 -1736.0000000000
440 -1735.0000000000
442 -1734.0000000000
443 -1733.0000000000
444 -1732.0000000000
454 -1731.0000000000
458 -1730.0000000000
462 -1728.0000000000
465 -1727.0000000000
467 -1726.0000000000
474 -1725.0000000000
478 -1724.0000000000
481 -1723.0000000000
488 -1722.0000000000
494 -1721.0000000000
497 -1720.0000000000
498 -1719.0000000000
500 -1718.0000000000
501 -1717.0000000000
503 -1716.0000000000
504 -1715.0000000000
507 -1714.0000000000
509 -1713.0000000000
514 -1712.0000000000
515 -1711.0000000000
518 -1710.0000000000
526 -1709.0000000000
527 -1708.0000000000
529 -1707.0000000000
535 -1706.0000000000
540 -1705.0000000000
542 -1704.0000000000
544 -1703.0000000000
548 -1702.0000000000
551 -1701.0000000000
552 -1699.0000000000
562 -1698.0000000000
565 -1697.0000000000
568 -1695.0000000000
569 -1693.0000000000
573 -1692.0000000000
574 -1691.0000000000
577 -1690.0000000000
578 -1689.0000000000
579 -1688.0000000000
587 -1687.0000000000
595 -1686.0000000000
597 -1685.0000000000
608 -1683.0000000000
609 -1682.0000000000
612 -1681.0000000000
613 -1680.0000000000
615 -1679.0000000000
616 -1678.0000000000
621 -1677.0000000000
627 -1674.0000000000
629 -1673.0000000000
630 -1672.0000000000
631 -1670.0000000000
634 -1668.0000000000
643 -1667.0000000000
648 -1666.0000000000
649 -1665.0000000000
651 -1664.0000000000
654 -1663.0000000000
657 -1662.0000000000
664 -1661.0000000000
671 -1660.0000000000
672 -1659.0000000000
675 -1658.0000000000
677 -1656.0000000000
680 -1655.0000000000
684 -1654.0000000000
686 -1653.0000000000
689 -1652.0000000000
690 -1651.0000000000
692 -1650.0000000000
694 -1648.0000000000
695 -1647.0000000000
697 -1645.0000000000
698 -1644.0000000000
700 -1643.0000000000
705 -1642.0000000000
706 -1641.0000000000
707 -1640.0000000000
711 -1639.0000000000
715 -1638.0000000000
717 -1637.0000000000
718 -1636.0000000000
719 -1635.0000000000
720 -1634.0000000000
721 -1633.0000000000
722 -1632.0000000000
723 -1630.0000000000
724 -1629.0000000000
726 -1628.0000000000
730 -1627.0000000000
736 -1626.0000000000
741 -1625.0000000000
742 -1623.0000000000
743 -1622.0000000000
751 -1621.0000000000
752 -1620.0000000000
753 -1619.0000000000
755 -1618.0000000000
765 -1617.0000000000
768 -1616.0000000000
771 -1615.0000000000
772 -1614.0000000000
774 -1613.0000000000
776 -1612.0000000000
778 -1611.0000000000
779 -1610.0000000000
781 -1609.0000000000
786 -1608.0000000000
789 -1607.0000000000
790 -1606.0000000000
791 -1605.0000000000
800 -1604.0000000000
803 -1603.0000000000
807 -1602.0000000000
813 -1601.0000000000
815 -1599.0000000000
816 -1598.0000000000
818 -1597.0000000000
820 -1596.0000000000
828 -1594.0000000000
835 -1593.0000000000
842 -1592.0000000000
844 -1591.0000000000
846 -1590.0000000000
858 -1589.0000000000
860 -1588.0000000000
866 -1584.0000000000
868 -1583.0000000000
869 -1581.0000000000
870 -1580.0000000000
873 -1579.0000000000
874 -1578.0000000000
875 -1577.0000000000
878 -1576.0000000000
881 -1575.0000000000
883 -1574.0000000000
884 -1573.0000000000
885 -1571.0000000000
886 -1570.0000000000
891 -1569.0000000000
894 -1568.0000000000
896 -1566.0000000000
904 -1565.0000000000
913 -1564.0000000000
915 -1563.0000000000
916 -1562.0000000000
919 -1561.0000000000
920 -1560.0000000000
926 -1559.0000000000
931 -1558.0000000000
932 -1557.0000000000
934 -1556.0000000000
939 -1555.0000000000
942 -1554.0000000000
943 -1553.0000000000
945 -1552.0000000000
947 -1549.0000000000
950 -1548.0000000000
951 -1547.0000000000
955 -1546.0000000000
957 -1545.0000000000
958 -1544.0000000000
961 -1543.0000000000
964 -1541.0000000000
967 -1540.0000000000
969 -1539.0000000000
971 -1537.0000000000
972 -1536.0000000000
974 -1535.0000000000
983 -1534.0000000000
984 -1533.0000000000
987 -1532.0000000000
988 -1531.0000000000
990 -1530.0000000000
992 -1529.0000000000
993 -1528.0000000000
994 -1526.0000000000
998 -1525.0000000000
1000 -1524.0000000000
1001 -1523.0000000000
1002 -1522.0000000000
1005 -1521.0000000000
1008 -1520.0000000000
1011 -1518.0000000000
1012 -1517.0000000000
1017 -1516.0000000000
1019 -1515.0000000000
1027 -1514.0000000000
1032 -1513.0000000000
1036 -1512.0000000000
1038 -1511.0000000000
1039 -1510.0000000000
1043 -1509.0000000000
1044 -1508.0000000000
1046 -1507.0000000000
1048 -1506.0000000000
1049 -1505.0000000000
1056 -1504.0000000000
1058 -1503.0000000000
1059 -1502.0000000000
1060 -1501.0000000000
1061 -1500.0000000000
1066 -1499.0000000000
1071 -1498.0000000000
1073 -1497.0000000000
1084 -1495.0000000000
1086 -1494.0000000000
1087 -1493.0000000000
1088 -1492.0000000000
1092 -1491.0000000000
1095 -1490.0000000000
1097 -1489.0000000000
1100 -1488.0000000000
1104 -1487.0000000000
1106 -1486.0000000000
1109 -1485.0000000000
1115 -1484.0000000000
1116 -1483.0000000000
1117 -1482.0000000000
1118 -1481.0000000000
1121 -1480.0000000000
1123 -1479.0000000000
1126 -1478.0000000000
1135 -1477.0000000000
1136 -1476.0000000000
1139 -1475.0000000000
1142 -1473.0000000000
1145 -1472.0000000000
1147 -1471.0000000000
1149 -1470.0000000000
1150 -1469.0000000000
1152 -1467.0000000000
1153 -1465.0000000000
1162 -1464.0000000000
1165 -1462.0000000000
1166 -1461.0000000000
1170 -1460.0000000000
1171 -1459.0000000000
1179 -1458.0000000000
1181 -1457.0000000000
1184 -1456.0000000000
1186 -1455.0000000000
1188 -1454.0000000000
1189 -1453.0000000000
1190 -1452.0000000000
1192 -1451.0000000000
1193 -1450.0000000000
1194 -1449.0000000000
1195 -1448.0000000000
1196 -1447.0000000000
1200 -1446.0000000000
1203 -1445.0000000000
1210 -1444.0000000000
1214 -1442.0000000000
1221 -1441.0000000000
1224 -1440.0000000000
1225 -1439.0000000000
1230 -1438.0000000000
1234 -1437.0000000000
1235 -1436.0000000000
1236 -1435.0000000000
1239 -1434.0000000000
1253 -1433.0000000000
1260 -1432.0000000000
1261 -1431.0000000000
1263 -1430.0000000000
1264 -1429.0000000000
1265 -1428.0000000000
1267 -1427.0000000000
1270 -1425.0000000000
1271 -1424.0000000000
1274 -1423.0000000000
1275 -1420.0000000000
1277 -1419.0000000000
1278 -1418.0000000000
1279 -1417.0000000000
1280 -1416.0000000000
1281 -1415.0000000000
1282 -1414.0000000000
1284 -1413.0000000000
1288 -1412.0000000000
1290 -1410.0000000000
1292 -1409.0000000000
1294 -1408.0000000000
1303 -1407.0000000000
1304 -1406.0000000000
1309 -1404.0000000000
1310 -1403.0000000000
1313 -1402.0000000000
1314 -1401.0000000000
1316 -1400.0000000000
1317 -1399.0000000000
1320 -1398.0000000000
1321 -1397.0000000000
1322 -1396.0000000000
1324 -1395.0000000000
1326 -1394.0000000000
1331 -1393.0000000000
1332 -1392.0000000000
1338 -1391.0000000000
1340 -1390.0000000000
1341 -1389.0000000000
1345 -1388.0000000000
1347 -1387.0000000000
1351 -1386.0000000000
1355 -1385.0000000000
1359 -1384.0000000000
1362 -1382.0000000000
1365 -1381.0000000000
1366 -1380.0000000000
1367 -1379.0000000000
1371 -1378.0000000000
1378 -1377.0000000000
1382 -1376.0000000000
1385 -1375.0000000000
1386 -1374.0000000000
1387 -1373.0000000000
1388 -1372.0000000000
1389 -1371.0000000000
1392 -1370.0000000000
1394 -1368.0000000000
1400 -1367.0000000000
1405 -1366.0000000000
1407 -1365.0000000000
1410 -1362.0000000000
1411 -1361.0000000000
1415 -1360.0000000000
1417 -1359.0000000000
1418 -1358.0000000000
1419 -1356.0000000000
1421 -1355.0000000000
1425 -1354.0000000000
1427 -1353.0000000000
1430 -1352.0000000000
1437 -1351.0000000000
1438 -1350.0000000000
1441 -1349.0000000000
1442 -1348.0000000000
1443 -1347.0000000000
1448 -1346.0000000000
1450 -1344.0000000000
1455 -1343.0000000000
1458 -1342.0000000000
1460 -1341.0000000000
1463 -1340.0000000000
1471 -1339.0000000000
1473 -1338.0000000000
1479 -1337.0000000000
1480 -1336.0000000000
1482 -1334.0000000000
1488 -1332.0000000000
1497 -1331.0000000000
1498 -1330.0000000000
1503 -1329.0000000000
1512 -1328.0000000000
1518 -1327.0000000000
1521 -1326.0000000000
1525 -1324.0000000000
1527 -1323.0000000000
1531 -1322.0000000000
1542 -1321.0000000000
1544 -1320.0000000000
1545 -1319.0000000000
1548 -1318.0000000000
1555 -1317.0000000000
1556 -1316.0000000000
1562 -1315.0000000000
1563 -1314.0000000000
1567 -1313.0000000000
1568 -1312.0000000000
1571 -1311.0000000000
1575 -1310.0000000000
1583 -1309.0000000000
1586 -1308.0000000000
1587 -1307.0000000000
1588 -1306.0000000000
1589 -1305.0000000000
1591 -1304.0000000000
1592 -1303.0000000000
1593 -1302.0000000000
1596 -1301.0000000000
1613 -1300.0000000000
1615 -1299.0000000000
1617 -1298.0000000000
1623 -1297.0000000000
1631 -1296.0000000000
1635 -1295.0000000000
1636 -1293.0000000000
1643 -1292.0000000000
1653 -1291.0000000000
1654 -1290.0000000000
1656 -1289.0000000000
1658 -1288.0000000000
1661 -1287.0000000000
1669 -1286.0000000000
1670 -1285.0000000000
1677 -1284.0000000000
1682 -1283.0000000000
1685 -1281.0000000000
1695 -1280.0000000000
1697 -1279.0000000000
1698 -1278.0000000000
1699 -1277.0000000000
1706 -1276.0000000000
1708 -1275.0000000000
1711 -1274.0000000000
1712 -1271.0000000000
1718 -1268.0000000000
1721 -1267.0000000000
1726 -1266.0000000000
1727 -1265.0000000000
1728 -1264.0000000000
1730 -1263.0000000000
1731 -1262.0000000000
1733 -1261.0000000000
1734 -1260.0000000000
1735 -1259.0000000000
1741 -1258.0000000000
1755 -1257.0000000000
1756 -1256.0000000000
1763 -1255.0000000000
1766 -1254.0000000000
1771 -1253.0000000000
1784 -1252.0000000000
1787 -1251.0000000000
1790 -1250.0000000000
1798 -1249.0000000000
1804 -1247.0000000000
1805 -1246.0000000000
1807 -1245.0000000000
1810 -1244.0000000000
1816 -1243.0000000000
1821 -1242.0000000000
1822 -1241.0000000000
1830 -1240.0000000000
1833 -1239.0000000000
1842 -1238.0000000000
1848 -1237.0000000000
1850 -1236.0000000000
1854 -1235.0000000000
1856 -1234.0000000000
1857 -1233.0000000000
1860 -1232.0000000000
1869 -1230.0000000000
1872 -1229.0000000000
1883 -1228.0000000000
1885 -1227.0000000000
1888 -1226.0000000000
1893 -1225.0000000000
1894 -1224.0000000000
1896 -1223.0000000000
1900 -1222.0000000000
1902 -1221.0000000000
1908 -1220.0000000000
1911 -1219.0000000000
1913 -1218.0000000000
1914 -1217.0000000000
1916 -1216.0000000000
1921 -1215.0000000000
1924 -1214.0000000000
1925 -1213.0000000000
1926 -1212.0000000000
1931 -1211.0000000000
1935 -1210.0000000000
1940 -1209.0000000000
1946 -1208.0000000000
1947 -1207.0000000000
1948 -1206.0000000000
1949 -1205.0000000000
1950 -1204.0000000000
1951 -1203.0000000000
1961 -1202.0000000000
1965 -1201.0000000000
1976 -1200.0000000000
1978 -1199.0000000000
1979 -1198.0000000000
1991 -1197.0000000000
1992 -1196.0000000000
1995 -1195.0000000000
1996 -1194.0000000000
1997 -1193.0000000000
2000 -1192.0000000000
2002 -1190.0000000000
2003 -1189.0000000000
2012 -1188.0000000000
2018 -1187.0000000000
2020 -1186.0000000000
2026 -1185.0000000000
2027 -1184.0000000000
2028 -1183.0000000000
2029 -1182.0000000000
2037 -1181.0000000000
2038 -1180.0000000000
2040 -1179.0000000000
2050 -1178.0000000000
2051 -1177.0000000000
2053 -1176.0000000000
2061 -1175.0000000000
2062 -1174.0000000000
2068 -1173.0000000000
2073 -1169.0000000000
2076 -1168.0000000000
2077 -1167.0000000000
2082 -1166.0000000000
2083 -1165.0000000000
2085 -1164.0000000000
2086 -1163.0000000000
2089 -1162.0000000000
2094 -1161.0000000000
2100 -1160.0000000000
2103 -1159.0000000000
2110 -1158.0000000000
2112 -1157.0000000000
2115 -1156.0000000000
2118 -1155.0000000000
2122 -1154.0000000000
2127 -1153.0000000000
2133 -1152.0000000000
2142 -1151.0000000000
2143 -1150.0000000000
2158 -1149.0000000000
2159 -1148.0000000000
2163 -1147.0000000000
2167 -1146.0000000000
2174 -1145.0000000000
2175 -1144.0000000000
2179 -1143.0000000000
2182 -1142.0000000000
2183 -1141.0000000000
2184 -1140.0000000000
2185 -1139.0000000000
2188 -1138.0000000000
2202 -1137.0000000000
2203 -1136.0000000000
2204 -1135.0000000000
2206 -1134.0000000000
2210 -1133.0000000000
2217 -1132.0000000000
2218 -1131.0000000000
2222 -1130.0000000000
2223 -1129.0000000000
2229 -1128.0000000000
2235 -1125.0000000000
2246 -1124.0000000000
2247 -1123.0000000000
2249 -1122.0000000000
2254 -1121.0000000000
2255 -1120.0000000000
2256 -1119.0000000000
2262 -1118.0000000000
2268 -1117.0000000000
2288 -1116.0000000000
2289 -1115.0000000000
2294 -1114.0000000000
2298 -1113.0000000000
2301 -1112.0000000000
2303 -1111.0000000000
2305 -1110.0000000000
2310 -1109.0000000000
2317 -1107.0000000000
2325 -1106.0000000000
2332 -1105.0000000000
2334 -1104.0000000000
2335 -1103.0000000000
2357 -1102.0000000000
2360 -1101.0000000000
2362 -1100.0000000000
2364 -1099.0000000000
2366 -1098.0000000000
2370 -1097.0000000000
2374 -1096.0000000000
2380 -1095.0000000000
2381 -1094.0000000000
2383 -1093.0000000000
2387 -1092.0000000000
2393 -1091.0000000000
2394 -1090.0000000000
2405 -1089.0000000000
2407 -1088.0000000000
2418 -1087.0000000000
2427 -1085.0000000000
2429 -1084.0000000000
2432 -1083.0000000000
2433 -1082.0000000000
2435 -1081.0000000000
2440 -1080.0000000000
2441 -1079.0000000000
2448 -1078.0000000000
2453 -1077.0000000000
2455 -1076.0000000000
2457 -1075.0000000000
2458 -1074.0000000000
2475 -1073.0000000000
2479 -1072.0000000000
2489 -1071.0000000000
2498 -1070.0000000000
2499 -1069.0000000000
2507 -1067.0000000000
2508 -1066.0000000000
2516 -1065.0000000000
2520 -1064.0000000000
2522 -1063.0000000000
2526 -1062.0000000000
2527 -1061.0000000000
2529 -1060.0000000000
2535 -1059.0000000000
2536 -1058.0000000000
2540 -1057.0000000000
2541 -1056.0000000000
2542 -1055.0000000000
2545 -1054.0000000000
2546 -1053.0000000000
2550 -1052.0000000000
2551 -1051.0000000000
2552 -1050.0000000000
2558 -1049.0000000000
2563 -1048.0000000000
2564 -1047.0000000000
2566 -1046.0000000000
2581 -1045.0000000000
2582 -1044.0000000000
2588 -1043.0000000000
2593 -1042.0000000000
2595 -1041.0000000000
2602 -1040.0000000000
2603 -1039.0000000000
2604 -1038.0000000000
2606 -1037.0000000000
2608 -1036.0000000000
2610 -1035.0000000000
2616 -1034.0000000000
2618 -1033.0000000000
2620 -1031.0000000000
2631 -1030.0000000000
2641 -1029.0000000000
2653 -1027.0000000000
2658 -1026.0000000000
2659 -1025.0000000000
2663 -1024.0000000000
2664 -1023.0000000000
2668 -1022.0000000000
2670 -1021.0000000000
2675 -1020.0000000000
2676 -1019.0000000000
2684 -1017.0000000000
2692 -1016.0000000000
2695 -1015.0000000000
2701 -1013.0000000000
2705 -1011.0000000000
2708 -1010.0000000000
2716 -1009.0000000000
2719 -1008.0000000000
2721 -1007.0000000000
2722 -1006.0000000000
2724 -1005.0000000000
2726 -1004.0000000000
2727 -1003.0000000000
2733 -1002.0000000000
2735 -1001.0000000000
2747 -1000.0000000000
2748 -999.0000000000
2751 -997.0000000000
2754 -996.0000000000
2764 -995.0000000000
2765 -994.0000000000
2770 -993.0000000000
2772 -992.0000000000
2773 -991.0000000000
2774 -990.0000000000
2778 -989.0000000000
2780 -988.0000000000
2782 -987.0000000000
2793 -986.0000000000
2796 -985.0000000000
2806 -984.0000000000
2810 -983.0000000000
2811 -982.0000000000
2814 -981.0000000000
2815 -980.0000000000
2821 -979.0000000000
2824 -978.0000000000
2825 -977.0000000000
2827 -976.0000000000
2828 -975.0000000000
2831 -974.0000000000
2832 -973.0000000000
2842 -972.0000000000
2843 -971.0000000000
2848 -970.0000000000
2849 -969.0000000000
2861 -968.0000000000
2864 -967.0000000000
2867 -966.0000000000
2869 -965.0000000000
2871 -964.0000000000
2875 -962.0000000000
2893 -961.0000000000
2896 -960.0000000000
2900 -959.0000000000
2903 -958.0000000000
2915 -957.0000000000
2919 -956.0000000000
2923 -955.0000000000
2926 -954.0000000000
2927 -952.0000000000
2931 -951.0000000000
2937 -950.0000000000
2941 -949.0000000000
2944 -948.0000000000
2947 -947.0000000000
2950 -946.0000000000
2952 -945.0000000000
2960 -944.0000000000
2961 -943.0000000000
2962 -942.0000000000
2966 -941.0000000000
2968 -940.0000000000
2970 -939.0000000000
2973 -938.0000000000
2974 -936.0000000000
2977 -935.0000000000
2978 -934.0000000000
2989 -933.0000000000
2994 -932.0000000000
3002 -931.0000000000
3003 -930.0000000000
3023 -929.0000000000
3026 -928.0000000000
3027 -927.0000000000
3031 -926.0000000000
3048 -925.0000000000
3050 -924.0000000000
3056 -923.0000000000
3061 -922.0000000000
3064 -921.0000000000
3070 -920.0000000000
3071 -919.0000000000
3072 -918.0000000000
3073 -917.0000000000
3075 -916.0000000000
3080 -915.0000000000
3086 -914.0000000000
3087 -913.0000000000
3091 -912.0000000000
3092 -911.0000000000
3100 -910.0000000000
3104 -909.0000000000
3112 -908.0000000000
3119 -907.0000000000
3130 -906.0000000000
3132 -905.0000000000
3133 -904.0000000000
3138 -903.0000000000
3139 -902.0000000000
3145 -901.0000000000
3146 -900.0000000000
3149 -899.0000000000
3155 -898.0000000000
3157 -897.0000000000
3169 -896.0000000000
3171 -895.0000000000
3180 -894.0000000000
3182 -893.0000000000
3183 -892.0000000000
3185 -891.0000000000
3190 -890.0000000000
3191 -889.0000000000
3198 -888.0000000000
3203 -887.0000000000
3206 -886.0000000000
3212 -885.0000000000
3222 -884.0000000000
3223 -883.0000000000
3229 -882.0000000000
3230 -881.0000000000
3233 -880.0000000000
3246 -879.0000000000
3249 -878.0000000000
3254 -877.0000000000
3256 -876.0000000000
3259 -875.0000000000
3262 -874.0000000000
3263 -873.0000000000
3265 -871.0000000000
3267 -870.0000000000
3269 -869.0000000000
3271 -868.0000000000
3276 -867.0000000000
3282 -866.0000000000
3283 -864.0000000000
3286 -863.0000000000
3298 -862.0000000000
3305 -861.0000000000
3307 -860.0000000000
3308 -859.0000000000
3309 -858.0000000000
3327 -857.0000000000
3331 -856.0000000000
3332 -855.0000000000
3335 -854.0000000000
3345 -853.0000000000
3348 -852.0000000000
3357 -851.0000000000
3359 -850.0000000000
3371 -849.0000000000
3374 -848.0000000000
3376 -847.0000000000
3381 -846.0000000000
3382 -845.0000000000
3385 -844.0000000000
3394 -843.0000000000
3397 -842.0000000000
3402 -841.0000000000
3404 -840.0000000000
3407 -839.0000000000
3408 -838.0000000000
3424 -837.0000000000
3426 -836.0000000000
3436 -835.0000000000
3441 -834.0000000000
3443 -833.0000000000
3445 -832.0000000000
3448 -831.0000000000
3450 -830.0000000000
3455 -829.0000000000
3460 -828.0000000000
3462 -827.0000000000
3470 -826.0000000000
3473 -825.0000000000
3477 -822.0000000000
3482 -821.0000000000
3483 -820.0000000000
3491 -819.0000000000
3494 -818.0000000000
3495 -817.0000000000
3504 -816.0000000000
3522 -815.0000000000
3525 -814.0000000000
3526 -813.0000000000
3537 -812.0000000000
3539 -811.0000000000
3545 -810.0000000000
3546 -809.0000000000
3547 -807.0000000000
3552 -806.0000000000
3567 -805.0000000000
3568 -804.0000000000
3571 -803.0000000000
3573 -802.0000000000
3577 -801.0000000000
3582 -800.0000000000
3592 -798.0000000000
3593 -797.0000000000
3600 -796.0000000000
3601 -795.0000000000
3604 -794.0000000000
3612 -793.0000000000
3619 -792.0000000000
3623 -791.0000000000
3629 -790.0000000000
3631 -789.0000000000
3632 -788.0000000000
3639 -787.0000000000
3643 -786.0000000000
3654 -785.0000000000
3655 -784.0000000000
3656 -783.0000000000
3657 -782.0000000000
3664 -781.0000000000
3670 -780.0000000000
3673 -779.0000000000
3689 -778.0000000000
3695 -776.0000000000
3699 -775.0000000000
3703 -774.0000000000
3705 -773.0000000000
3712 -772.0000000000
3716 -771.0000000000
3722 -770.0000000000
3737 -768.0000000000
3738 -767.0000000000
3741 -766.0000000000
3742 -765.0000000000
3747 -764.0000000000
3748 -763.0000000000
3749 -762.0000000000
3751 -761.0000000000
3753 -760.0000000000
3757 -759.0000000000
3761 -758.0000000000
3762 -757.0000000000
3778 -756.0000000000
3780 -755.0000000000
3782 -754.0000000000
3785 -753.0000000000
3789 -752.0000000000
3791 -751.0000000000
3796 -750.0000000000
3810 -749.0000000000
3819 -748.0000000000
3821 -747.0000000000
3831 -746.0000000000
3832 -745.0000000000
3846 -744.0000000000
3849 -743.0000000000
3852 -742.0000000000
3856 -741.0000000000
3860 -740.0000000000
3866 -739.0000000000
3867 -737.0000000000
3872 -736.0000000000
3874 -735.0000000000
3875 -734.0000000000
3876 -733.0000000000
3881 -732.0000000000
3882 -731.0000000000
3900 -730.0000000000
3908 -729.0000000000
3917 -728.0000000000
3923 -727.0000000000
3928 -726.0000000000
3933 -725.0000000000
3936 -724.0000000000
3957 -723.0000000000
3968 -722.0000000000
3979 -721.0000000000
3990 -720.0000000000
3998 -719.0000000000
4000 -718.0000000000
4011 -717.0000000000
4015 -716.0000000000
4018 -715.0000000000
4031 -714.0000000000
4036 -713.0000000000
4038 -712.0000000000
4070 -711.0000000000
4081 -710.0000000000
4085 -709.0000000000
4092 -708.0000000000
4107 -707.0000000000
4116 -706.0000000000
4118 -705.0000000000
4121 -704.0000000000
4124 -703.0000000000
4137 -702.0000000000
4142 -701.0000000000
4151 -700.0000000000
4165 -698.0000000000
4174 -697.0000000000
4195 -696.0000000000
4197 -695.0000000000
4213 -694.0000000000
4225 -693.0000000000
4228 -692.0000000000
4232 -691.0000000000
4240 -690.0000000000
4241 -689.0000000000
4246 -688.0000000000
4256 -687.0000000000
4262 -686.0000000000
4264 -685.0000000000
4265 -684.0000000000
4268 -683.0000000000
4271 -682.0000000000
4277 -681.0000000000
4278 -680.0000000000
4280 -679.0000000000
4281 -678.0000000000
4285 -677.0000000000
4286 -676.0000000000
4287 -675.0000000000
4297 -674.0000000000
4325 -673.0000000000
4332 -672.0000000000
4333 -670.0000000000
4338 -669.0000000000
4366 -668.0000000000
4370 -667.0000000000
4377 -665.0000000000
4382 -664.0000000000
4392 -663.0000000000
4426 -662.0000000000
4428 -661.0000000000
4432 -660.0000000000
4441 -659.0000000000
4444 -658.0000000000
4452 -657.0000000000
4460 -656.0000000000
4462 -655.0000000000
4484 -653.0000000000
4487 -652.0000000000
4491 -651.0000000000
4492 -650.0000000000
4495 -649.0000000000
4499 -648.0000000000
4505 -647.0000000000
4518 -646.0000000000
4521 -645.0000000000
4528 -644.0000000000
4529 -643.0000000000
4538 -642.0000000000
4553 -641.0000000000
4555 -640.0000000000
4556 -639.0000000000
4557 -638.0000000000
4559 -637.0000000000
4562 -636.0000000000
4566 -635.0000000000
4568 -634.0000000000
4581 -633.0000000000
4586 -632.0000000000
4607 -631.0000000000
4608 -630.0000000000
4613 -629.0000000000
4616 -628.0000000000
4618 -627.0000000000
4631 -626.0000000000
4640 -625.0000000000
4653 -624.0000000000
4656 -623.0000000000
4669 -622.0000000000
4670 -621.0000000000
4673 -620.0000000000
4685 -619.0000000000
4690 -618.0000000000
4696 -617.0000000000
4697 -616.0000000000
4708 -615.0000000000
4724 -614.0000000000
4733 -611.0000000000
4735 -610.0000000000
4736 -609.0000000000
4744 -608.0000000000
4750 -607.0000000000
4755 -606.0000000000
4760 -605.0000000000
4761 -604.0000000000
4768 -603.0000000000
4772 -602.0000000000
4784 -601.0000000000
4787 -600.0000000000
4794 -599.0000000000
4797 -598.0000000000
4805 -597.0000000000
4813 -596.0000000000
4819 -595.0000000000
4826 -594.0000000000
4849 -593.0000000000
4850 -592.0000000000
4851 -591.0000000000
4862 -590.0000000000
4870 -589.0000000000
4895 -588.0000000000
4902 -587.0000000000
4912 -586.0000000000
4914 -585.0000000000
4921 -584.0000000000
4923 -583.0000000000
4924 -582.0000000000
4934 -581.0000000000
4941 -580.0000000000
4948 -579.0000000000
4950 -578.0000000000
4952 -577.0000000000
4961 -576.0000000000
4967 -575.0000000000
4975 -574.0000000000
4980 -573.0000000000
4983 -572.0000000000
5003 -571.0000000000
5007 -570.0000000000
5010 -569.0000000000
5015 -568.0000000000
5017 -567.0000000000
5046 -566.0000000000
5057 -565.0000000000
5059 -564.0000000000
5070 -563.0000000000
5071 -562.0000000000
5078 -561.0000000000
5079 -560.0000000000
5088 -559.0000000000
5092 -558.0000000000
5100 -557.0000000000
5106 -556.0000000000
5126 -555.0000000000
5140 -554.0000000000
5146 -552.0000000000
5157 -551.0000000000
5159 -550.0000000000
5162 -549.0000000000
5166 -548.0000000000
5192 -547.0000000000
5196 -546.0000000000
5200 -545.0000000000
5204 -544.0000000000
5218 -543.0000000000
5230 -541.0000000000
5231 -540.0000000000
5236 -539.0000000000
5240 -538.0000000000
5243 -537.0000000000
5258 -536.0000000000
5260 -535.0000000000
5270 -534.0000000000
5288 -533.0000000000
5299 -532.0000000000
5305 -531.0000000000
5325 -530.0000000000
5347 -529.0000000000
5355 -528.0000000000
5358 -527.0000000000
5362 -526.0000000000
5370 -525.0000000000
5386 -524.0000000000
5388 -523.0000000000
5398 -522.0000000000
5418 -521.0000000000
5423 -520.0000000000
5443 -519.0000000000
5447 -518.0000000000
5470 -517.0000000000
5477 -515.0000000000
5486 -514.0000000000
5489 -513.0000000000
5494 -512.0000000000
5509 -511.0000000000
5523 -510.0000000000
5528 -509.0000000000
5529 -508.0000000000
5544 -507.0000000000
5553 -506.0000000000
5580 -505.0000000000
5584 -504.0000000000
5595 -503.0000000000
5602 -502.0000000000
5618 -501.0000000000
5622 -499.0000000000
5637 -498.0000000000
5654 -497.0000000000
5657 -496.0000000000
5661 -495.0000000000
5680 -494.0000000000
5682 -493.0000000000
5683 -492.0000000000
5690 -491.0000000000
5699 -490.0000000000
5703 -489.0000000000
5726 -488.0000000000
5727 -487.0000000000
5759 -486.0000000000
5762 -485.0000000000
5767 -484.0000000000
5771 -483.0000000000
5777 -482.0000000000
5815 -481.0000000000
5825 -480.0000000000
5843 -479.0000000000
5847 -478.0000000000
5853 -477.0000000000
5866 -476.0000000000
5873 -475.0000000000
5892 -474.0000000000
5933 -473.0000000000
5938 -472.0000000000
5954 -471.0000000000
5964 -470.0000000000
5988 -469.0000000000
5995 -468.0000000000
6001 -467.0000000000
6022 -466.0000000000
6024 -465.0000000000
6031 -464.0000000000
6040 -463.0000000000
6048 -462.0000000000
6066 -461.0000000000
6089 -460.0000000000
6091 -459.0000000000
6096 -458.0000000000
6106 -457.0000000000
6110 -456.0000000000
6117 -455.0000000000
6121 -454.0000000000
6123 -453.0000000000
6135 -452.0000000000
6140 -451.0000000000
6141 -450.0000000000
6145 -449.0000000000
6160 -448.0000000000
6189 -447.0000000000
6190 -446.0000000000
6196 -445.0000000000
6200 -444.0000000000
6203 -443.0000000000
6208 -442.0000000000
6234 -441.0000000000
6235 -440.0000000000
6239 -438.0000000000
6246 -437.0000000000
6263 -436.0000000000
6272 -435.0000000000
6280 -434.0000000000
6295 -433.0000000000
6297 -432.0000000000
6300 -431.0000000000
6313 -430.0000000000
6314 -429.0000000000
6318 -428.0000000000
6320 -427.0000000000
6333 -426.0000000000
6337 -425.0000000000
6347 -424.0000000000
6353 -423.0000000000
6373 -422.0000000000
6376 -421.0000000000
6378 -420.0000000000
6391 -419.0000000000
6411 -418.0000000000
6441 -417.0000000000
6446 -416.0000000000
6453 -415.0000000000
6482 -414.0000000000
6506 -413.0000000000
6522 -412.0000000000
6526 -410.0000000000
6546 -409.0000000000
6555 -408.0000000000
6557 -407.0000000000
6564 -406.0000000000
6579 -405.0000000000
6592 -404.0000000000
6600 -403.0000000000
6614 -402.0000000000
6632 -401.0000000000
6636 -400.0000000000
6644 -399.0000000000
6649 -397.0000000000
6655 -396.0000000000
6662 -395.0000000000
6681 -394.0000000000
6688 -393.0000000000
6690 -392.0000000000
6693 -391.0000000000
6714 -390.0000000000
6723 -389.0000000000
6739 -388.0000000000
6763 -387.0000000000
6780 -386.0000000000
6820 -385.0000000000
6821 -384.0000000000
6839 -383.0000000000
6841 -382.0000000000
6842 -381.0000000000
6848 -379.0000000000
6849 -378.0000000000
6855 -377.0000000000
6870 -376.0000000000
6879 -375.0000000000
6898 -374.0000000000
6906 -373.0000000000
6917 -371.0000000000
6922 -370.0000000000
6937 -369.0000000000
6939 -368.0000000000
6947 -367.0000000000
6962 -366.0000000000
6966 -365.0000000000
6982 -364.0000000000
7003 -363.0000000000
7004 -362.0000000000
7010 -361.0000000000
7019 -360.0000000000
7026 -359.0000000000
7042 -358.0000000000
7057 -357.0000000000
7060 -355.0000000000
7070 -354.0000000000
7072 -353.0000000000
7081 -352.0000000000
7100 -351.0000000000
7118 -350.0000000000
7143 -349.0000000000
7160 -348.0000000000
7164 -347.0000000000
7176 -345.0000000000
7182 -344.0000000000
7183 -343.0000000000
7200 -341.0000000000
7203 -340.0000000000
7206 -339.0000000000
7233 -338.0000000000
7285 -337.0000000000
7297 -336.0000000000
7311 -335.0000000000
7313 -334.0000000000
7318 -333.0000000000
7320 -332.0000000000
7321 -331.0000000000
7340 -330.0000000000
7346 -329.0000000000
7350 -328.0000000000
7369 -327.0000000000
7406 -326.0000000000
7417 -325.0000000000
7424 -324.0000000000
7439 -323.0000000000
7466 -322.0000000000
7469 -321.0000000000
7478 -320.0000000000
7490 -319.0000000000
7515 -318.0000000000
7520 -317.0000000000
7526 -316.0000000000
7545 -315.0000000000
7555 -314.0000000000
7567 -313.0000000000
7607 -312.0000000000
7629 -311.0000000000
7636 -310.0000000000
7650 -309.0000000000
7657 -308.0000000000
7667 -307.0000000000
7688 -306.0000000000
7706 -305.0000000000
7711 -304.0000000000
7718 -303.0000000000
7727 -302.0000000000
7748 -301.0000000000
7749 -300.0000000000
7760 -299.0000000000
7764 -298.0000000000
7786 -297.0000000000
7802 -296.0000000000
7811 -295.0000000000
7827 -294.0000000000
7848 -293.0000000000
7860 -292.0000000000
7870 -291.0000000000
7878 -290.0000000000
7936 -289.0000000000
7948 -288.0000000000
7953 -287.0000000000
7956 -286.0000000000
7958 -285.0000000000
7965 -284.0000000000
7978 -283.0000000000
7989 -282.0000000000
8027 -281.0000000000
8028 -280.0000000000
8031 -279.0000000000
8054 -278.0000000000
8074 -277.0000000000
8102 -276.0000000000
8128 -275.0000000000
8131 -274.0000000000
8160 -273.0000000000
8183 -272.0000000000
8196 -271.0000000000
8211 -270.0000000000
8221 -269.0000000000
8254 -268.0000000000
8255 -267.0000000000
8258 -266.0000000000
8266 -265.0000000000
8277 -264.0000000000
8311 -262.0000000000
8321 -261.0000000000
8323 -260.0000000000
8336 -259.0000000000
8368 -258.0000000000
8396 -257.0000000000
8412 -256.0000000000
8417 -255.0000000000
8435 -254.0000000000
8457 -253.0000000000
8470 -252.0000000000
8471 -251.0000000000
8474 -250.0000000000
8505 -249.0000000000
8528 -248.0000000000
8550 -247.0000000000
8584 -246.0000000000
8609 -245.0000000000
8650 -244.0000000000
8672 -243.0000000000
8675 -242.0000000000
8730 -241.0000000000
8738 -240.0000000000
8763 -239.0000000000
8774 -238.0000000000
8799 -237.0000000000
8809 -236.0000000000
8823 -235.0000000000
8890 -234.0000000000
8891 -233.0000000000
8931 -232.0000000000
8936 -230.0000000000
8938 -229.0000000000
8957 -228.0000000000
8959 -227.0000000000
8978 -226.0000000000
9008 -225.0000000000
9033 -224.0000000000
9036 -223.0000000000
9077 -222.0000000000
9090 -221.0000000000
9119 -220.0000000000
9137 -219.0000000000
9186 -218.0000000000
9220 -217.0000000000
9253 -216.0000000000
9254 -215.0000000000
9255 -214.0000000000
9302 -213.0000000000
9325 -212.0000000000
9326 -211.0000000000
9333 -210.0000000000
9346 -209.0000000000
9384 -208.0000000000
9386 -207.0000000000
9389 -206.0000000000
9391 -205.0000000000
9416 -204.0000000000
9428 -203.0000000000
9453 -202.0000000000
9480 -201.0000000000
9486 -200.0000000000
9500 -199.0000000000
9524 -198.0000000000
9525 -197.0000000000
9608 -196.0000000000
9628 -195.0000000000
9656 -194.0000000000
9665 -193.0000000000
9669 -192.0000000000
9684 -191.0000000000
9723 -190.0000000000
9726 -189.0000000000
9728 -188.0000000000
9748 -187.0000000000
9751 -186.0000000000
9787 -185.0000000000
9805 -184.0000000000
9881 -183.0000000000
9937 -182.0000000000
9957 -181.0000000000
9970 -180.0000000000
9973 -179.0000000000
9974 -178.0000000000
10000 -179.0000000000
