# evaluation best
1 15.0
2 15.0
3 37.0
4 37.0
5 37.0
6 37.0
7 37.0
8 37.0
9 37.0
10 37.0
11 37.0
12 37.0
13 37.0
14 41.0
15 41.0
16 41.0
17 41.0
18 41.0
19 41.0
20 41.0
21 41.0
22 41.0
23 41.0
24 41.0
25 41.0
26 41.0
27 41.0
28 41.0
29 41.0
30 41.0
31 41.0
32 41.0
33 41.0
34 41.0
35 41.0
36 41.0
37 41.0
38 41.0
39 41.0
40 41.0
41 41.0
42 41.0
43 41.0
44 41.0
45 41.0
46 41.0
47 41.0
48 41.0
49 41.0
50 41.0
51 41.0
52 41.0
53 41.0
54 41.0
55 41.0
56 41.0
57 41.0
58 41.0
59 41.0
60 41.0
61 41.0
62 41.0
63 41.0
64 41.0
65 41.0
66 41.0
67 41.0
68 41.0
69 41.0
70 41.0
71 41.0
72 41.0
73 41.0
74 41.0
75 41.0
76 41.0
77 41.0
78 41.0
79 41.0
80 41.0
81 41.0
82 41.0
83 41.0
84 41.0
85 41.0
86 41.0
87 41.0
88 41.0
89 41.0
90 41.0
91 41.0
92 41.0
93 41.0
94 41.0
95 41.0
96 41.0
97 41.0
98 41.0
99 41.0
100 41.0
101 41.0
102 41.0
103 41.0
104 41.0
105 41.0
106 41.0
107 41.0
108 41.0
109 41.0
110 41.0
111 41.0
112 41.0
113 41.0
114 41.0
115 41.0
116 41.0
117 41.0
118 41.0
119 41.0
120 41.0
121 41.0
122 41.0
123 41.0
124 41.0
125 41.0
126 41.0
127 41.0
128 41.0
129 41.0
130 41.0
131 41.0
132 41.0
133 41.0
134 41.0
135 41.0
136 41.0
137 45.0
138 45.0
139 45.0
140 45.0
141 45.0
142 45.0
143 45.0
144 45.0
145 45.0
146 45.0
147 45.0
148 45.0
149 45.0
150 45.0
151 45.0
152 45.0
153 45.0
154 45.0
155 45.0
156 45.0
157 45.0
158 45.0
159 45.0
160 45.0
161 45.0
162 45.0
163 45.0
164 45.0
165 45.0
166 45.0
167 45.0
168 45.0
169 45.0
170 45.0
171 45.0
172 45.0
173 45.0
174 45.0
175 45.0
176 52.0
177 52.0
178 52.0
179 52.0
180 52.0
181 52.0
182 52.0
183 52.0
184 52.0
185 52.0
186 52.0
187 52.0
188 52.0
189 52.0
190 52.0
191 52.0
192 52.0
193 52.0
194 52.0
195 52.0
196 52.0
197 52.0
198 52.0
199 52.0
200 52.0
201 52.0
202 52.0
203 52.0
204 52.0
205 52.0
206 52.0
207 52.0
208 52.0
209 52.0
210 52.0
211 52.0
212 52.0
213 52.0
214 52.0
215 52.0
216 52.0
217 52.0
218 52.0
219 52.0
220 52.0
221 52.0
222 52.0
223 52.0
224 52.0
225 52.0
226 52.0
227 52.0
228 52.0
229 52.0
230 52.0
231 52.0
232 52.0
233 52.0
234 52.0
235 52.0
236 52.0
237 52.0
238 52.0
239 52.0
240 52.0
241 52.0
242 52.0
243 52.0
244 52.0
245 52.0
246 52.0
247 52.0
248 52.0
249 52.0
250 52.0
251 52.0
252 52.0
253 52.0
254 52.0
255 52.0
256 52.0
257 52.0
258 52.0
259 52.0
260 52.0
261 52.0
262 52.0
263 52.0
264 52.0
265 52.0
266 52.0
267 52.0
268 52.0
269 52.0
270 52.0
271 52.0
272 52.0
273 52.0
274 52.0
275 52.0
276 52.0
277 52.0
278 52.0
279 52.0
280 52.0
281 52.0
282 52.0
283 52.0
284 52.0
285 52.0
286 52.0
287 52.0
288 52.0
289 52.0
290 52.0
291 52.0
292 52.0
293 52.0
294 52.0
295 52.0
296 52.0
297 52.0
298 52.0
299 52.0
300 52.0
301 52.0
302 52.0
303 52.0
304 52.0
305 52.0
306 52.0
307 52.0
308 52.0
309 52.0
310 52.0
311 52.0
312 52.0
313 52.0
314 52.0
315 52.0
316 52.0
317 52.0
318 52.0
319 52.0
320 52.0
321 52.0
322 52.0
323 52.0
324 52.0
325 52.0
326 52.0
327 52.0
328 52.0
329 52.0
330 52.0
331 52.0
332 52.0
333 52.0
334 52.0
335 52.0
336 52.0
337 52.0
338 52.0
339 52.0
340 52.0
341 52.0
342 52.0
343 52.0
344 52.0
345 52.0
346 52.0
347 54.0
348 54.0
349 54.0
350 54.0
351 54.0
352 54.0
353 54.0
354 54.0
355 54.0
356 54.0
357 54.0
358 54.0
359 54.0
360 54.0
361 54.0
362 54.0
363 54.0
364 54.0
365 54.0
366 54.0
367 54.0
368 54.0
369 54.0
370 54.0
371 54.0
372 54.0
373 54.0
374 54.0
375 54.0
376 54.0
377 54.0
378 54.0
379 54.0
380 54.0
381 54.0
382 54.0
383 54.0
384 54.0
385 54.0
386 54.0
387 54.0
388 54.0
389 54.0
390 54.0
391 54.0
392 54.0
393 54.0
394 54.0
395 54.0
396 54.0
397 54.0
398 54.0
399 54.0
400 54.0
401 54.0
402 54.0
403 54.0
404 54.0
405 54.0
406 54.0
407 54.0
408 54.0
409 54.0
410 54.0
411 54.0
412 54.0
413 54.0
414 54.0
415 54.0
416 54.0
417 54.0
418 54.0
419 54.0
420 54.0
421 54.0
422 54.0
423 54.0
424 54.0
425 54.0
426 54.0
427 54.0
428 54.0
429 54.0
430 54.0
431 54.0
432 54.0
433 54.0
434 54.0
435 54.0
436 54.0
437 54.0
438 54.0
439 54.0
440 54.0
441 54.0
442 54.0
443 54.0
444 54.0
445 54.0
446 54.0
447 54.0
448 54.0
449 54.0
450 54.0
451 54.0
452 54.0
453 54.0
454 54.0
455 54.0
456 54.0
457 54.0
458 54.0
459 54.0
460 54.0
461 54.0
462 54.0
463 54.0
464 54.0
465 54.0
466 54.0
467 54.0
468 54.0
469 54.0
470 54.0
471 54.0
472 54.0
473 54.0
474 54.0
475 54.0
476 54.0
477 54.0
478 54.0
479 54.0
480 54.0
481 54.0
482 54.0
483 54.0
484 54.0
485 54.0
486 54.0
487 54.0
488 54.0
489 54.0
490 54.0
491 54.0
492 54.0
493 54.0
494 54.0
495 54.0
496 54.0
497 54.0
498 54.0
499 54.0
500 54.0
501 54.0
502 54.0
503 54.0
504 54.0
505 54.0
506 54.0
507 54.0
508 54.0
509 54.0
510 54.0
511 54.0
512 54.0
513 54.0
514 54.0
515 54.0
516 54.0
517 54.0
518 54.0
519 54.0
520 54.0
521 54.0
522 54.0
523 54.0
524 54.0
525 54.0
526 54.0
527 54.0
528 54.0
529 54.0
530 54.0
531 54.0
532 54.0
533 54.0
534 54.0
535 54.0
536 54.0
537 54.0
538 54.0
539 54.0
540 54.0
541 54.0
542 54.0
543 54.0
544 54.0
545 54.0
546 54.0
547 54.0
548 54.0
549 54.0
550 54.0
551 54.0
552 54.0
553 54.0
554 54.0
555 54.0
556 54.0
557 54.0
558 54.0
559 54.0
560 54.0
561 54.0
562 54.0
563 54.0
564 54.0
565 54.0
566 54.0
567 54.0
568 54.0
569 54.0
570 54.0
571 54.0
572 54.0
573 54.0
574 54.0
575 54.0
576 54.0
577 54.0
578 54.0
579 54.0
580 54.0
581 54.0
582 54.0
583 54.0
584 54.0
585 54.0
586 54.0
587 54.0
588 54.0
589 54.0
590 54.0
591 54.0
592 54.0
593 54.0
594 54.0
595 54.0
596 54.0
597 54.0
598 54.0
599 54.0
600 54.0
601 54.0
602 54.0
603 54.0
604 54.0
605 54.0
606 54.0
607 54.0
608 54.0
609 54.0
610 54.0
611 54.0
612 54.0
613 54.0
614 54.0
615 54.0
616 54.0
617 54.0
618 54.0
619 54.0
620 54.0
621 54.0
622 54.0
623 54.0
624 54.0
625 54.0
626 54.0
627 54.0
628 54.0
629 54.0
630 54.0
631 54.0
632 54.0
633 54.0
634 54.0
635 54.0
636 54.0
637 54.0
638 54.0
639 54.0
640 54.0
641 54.0
642 54.0
643 54.0
644 54.0
645 54.0
646 54.0
647 54.0
648 54.0
649 54.0
650 54.0
651 54.0
652 54.0
653 54.0
654 54.0
655 54.0
656 54.0
657 54.0
658 54.0
659 54.0
660 54.0
661 54.0
662 54.0
663 54.0
664 54.0
665 54.0
666 54.0
667 54.0
668 54.0
669 54.0
670 54.0
671 54.0
672 54.0
673 54.0
674 54.0
675 54.0
676 54.0
677 54.0
678 54.0
679 54.0
680 54.0
681 54.0
682 54.0
683 54.0
684 54.0
685 54.0
686 54.0
687 54.0
688 54.0
689 54.0
690 54.0
691 54.0
692 54.0
693 54.0
694 54.0
695 54.0
696 54.0
697 54.0
698 54.0
699 54.0
700 54.0
701 54.0
702 54.0
703 54.0
704 54.0
705 54.0
706 54.0
707 54.0
708 54.0
709 54.0
710 54.0
711 54.0
712 54.0
713 54.0
714 54.0
715 54.0
716 54.0
717 54.0
718 54.0
719 54.0
720 54.0
721 54.0
722 54.0
723 54.0
724 54.0
725 54.0
726 54.0
727 54.0
728 54.0
729 54.0
730 54.0
731 54.0
732 54.0
733 54.0
734 54.0
735 54.0
736 54.0
737 54.0
738 54.0
739 54.0
740 54.0
741 54.0
742 54.0
743 54.0
744 54.0
745 54.0
746 54.0
747 54.0
748 54.0
749 54.0
750 54.0
751 54.0
752 54.0
753 54.0
754 54.0
755 54.0
756 54.0
757 54.0
758 54.0
759 54.0
760 54.0
761 54.0
762 54.0
763 54.0
764 54.0
765 54.0
766 54.0
767 54.0
768 54.0
769 54.0
770 54.0
771 54.0
772 54.0
773 54.0
774 54.0
775 54.0
776 54.0
777 54.0
778 54.0
779 54.0
780 54.0
781 54.0
782 54.0
783 54.0
784 54.0
785 54.0
786 54.0
787 54.0
788 54.0
789 54.0
790 54.0
791 54.0
792 54.0
793 54.0
794 54.0
795 54.0
796 54.0
797 54.0
798 54.0
799 54.0
800 54.0
801 54.0
802 54.0
803 54.0
804 54.0
805 54.0
806 54.0
807 54.0
808 54.0
809 54.0
810 54.0
811 54.0
812 54.0
813 54.0
814 54.0
815 54.0
816 54.0
817 54.0
818 54.0
819 54.0
820 54.0
821 54.0
822 54.0
823 54.0
824 54.0
825 54.0
826 54.0
827 54.0
828 54.0
829 54.0
830 54.0
831 54.0
832 54.0
833 54.0
834 54.0
835 54.0
836 54.0
837 54.0
838 54.0
839 54.0
840 54.0
841 54.0
842 54.0
843 54.0
844 54.0
845 54.0
846 54.0
847 54.0
848 54.0
849 54.0
850 54.0
851 54.0
852 54.0
853 54.0
854 54.0
855 54.0
856 54.0
857 54.0
858 54.0
859 54.0
860 54.0
861 54.0
862 54.0
863 54.0
864 54.0
865 54.0
866 54.0
867 54.0
868 54.0
869 54.0
870 54.0
871 54.0
872 54.0
873 54.0
874 54.0
875 54.0
876 54.0
877 54.0
878 54.0
879 54.0
880 54.0
881 54.0
882 54.0
883 54.0
884 54.0
885 54.0
886 54.0
887 54.0
888 54.0
889 54.0
890 54.0
891 54.0
892 54.0
893 54.0
894 54.0
895 54.0
896 54.0
897 54.0
898 54.0
899 54.0
900 54.0
901 54.0
902 54.0
903 54.0
904 54.0
905 54.0
906 54.0
907 54.0
908 54.0
909 54.0
910 54.0
911 54.0
912 54.0
913 54.0
914 54.0
915 54.0
916 54.0
917 54.0
918 54.0
919 54.0
920 54.0
921 54.0
922 54.0
923 54.0
924 54.0
925 54.0
926 54.0
927 54.0
928 54.0
929 54.0
930 54.0
931 54.0
932 54.0
933 54.0
934 54.0
935 54.0
936 54.0
937 54.0
938 54.0
939 54.0
940 54.0
941 54.0
942 54.0
943 54.0
944 54.0
945 54.0
946 54.0
947 54.0
948 54.0
949 54.0
950 54.0
951 54.0
952 54.0
953 54.0
954 54.0
955 54.0
956 54.0
957 54.0
958 54.0
959 54.0
960 54.0
961 54.0
962 54.0
963 54.0
964 54.0
965 54.0
966 54.0
967 54.0
968 54.0
969 54.0
970 54.0
971 54.0
972 54.0
973 54.0
974 54.0
975 54.0
976 54.0
977 54.0
978 54.0
979 54.0
980 54.0
981 54.0
982 54.0
983 54.0
984 54.0
985 54.0
986 54.0
987 54.0
988 54.0
989 54.0
990 54.0
991 54.0
992 54.0
993 54.0
994 54.0
995 54.0
996 54.0
997 54.0
998 54.0
999 54.0
1000 54.0
1001 54.0
1002 54.0
1003 54.0
1004 54.0
1005 54.0
1006 54.0
1007 54.0
1008 54.0
1009 54.0
1010 54.0
1011 54.0
1012 54.0
1013 54.0
1014 54.0
1015 54.0
1016 54.0
1017 54.0
1018 54.0
1019 54.0
1020 54.0
1021 54.0
1022 54.0
1023 54.0
1024 54.0
1025 54.0
1026 54.0
1027 54.0
1028 54.0
1029 54.0
1030 54.0
1031 54.0
1032 54.0
1033 54.0
1034 54.0
1035 54.0
1036 54.0
1037 54.0
1038 54.0
1039 54.0
1040 54.0
1041 54.0
1042 54.0
1043 54.0
1044 54.0
1045 54.0
1046 54.0
1047 54.0
1048 54.0
1049 54.0
1050 54.0
1051 54.0
1052 54.0
1053 54.0
1054 54.0
1055 54.0
1056 54.0
1057 54.0
1058 54.0
1059 54.0
1060 54.0
1061 54.0
1062 54.0
1063 54.0
1064 54.0
1065 54.0
1066 54.0
1067 54.0
1068 54.0
1069 54.0
1070 54.0
1071 54.0
1072 54.0
1073 54.0
1074 54.0
1075 54.0
1076 54.0
1077 54.0
1078 54.0
1079 54.0
1080 54.0
1081 54.0
1082 54.0
1083 54.0
1084 54.0
1085 54.0
1086 54.0
1087 54.0
1088 54.0
1089 54.0
1090 54.0
1091 54.0
1092 54.0
1093 54.0
1094 54.0
1095 54.0
1096 54.0
1097 54.0
1098 54.0
1099 54.0
1100 54.0
1101 54.0
1102 54.0
1103 54.0
1104 54.0
1105 54.0
1106 54.0
1107 54.0
1108 54.0
1109 54.0
1110 54.0
1111 54.0
1112 54.0
1113 54.0
1114 54.0
1115 54.0
1116 54.0
1117 54.0
1118 54.0
1119 54.0
1120 54.0
1121 54.0
1122 54.0
1123 54.0
1124 54.0
1125 54.0
1126 54.0
1127 54.0
1128 54.0
1129 54.0
1130 54.0
1131 54.0
1132 54.0
1133 54.0
1134 54.0
1135 54.0
1136 54.0
1137 54.0
1138 54.0
1139 54.0
1140 54.0
1141 54.0
1142 54.0
1143 54.0
1144 54.0
1145 54.0
1146 54.0
1147 54.0
1148 54.0
1149 54.0
1150 54.0
1151 54.0
1152 54.0
1153 54.0
1154 54.0
1155 54.0
1156 54.0
1157 54.0
1158 54.0
1159 54.0
1160 54.0
1161 54.0
1162 54.0
1163 54.0
1164 54.0
1165 54.0
1166 54.0
1167 54.0
1168 54.0
1169 54.0
1170 54.0
1171 54.0
1172 54.0
1173 54.0
1174 54.0
1175 54.0
1176 54.0
1177 54.0
1178 54.0
1179 54.0
1180 54.0
1181 54.0
1182 54.0
1183 54.0
1184 54.0
1185 54.0
1186 54.0
1187 54.0
1188 54.0
1189 54.0
1190 54.0
1191 54.0
1192 54.0
1193 54.0
1194 54.0
1195 54.0
1196 54.0
1197 54.0
1198 54.0
1199 54.0
1200 54.0
1201 54.0
1202 54.0
1203 54.0
1204 54.0
1205 54.0
1206 54.0
1207 54.0
1208 54.0
1209 54.0
1210 54.0
1211 54.0
1212 54.0
1213 54.0
1214 54.0
1215 54.0
1216 54.0
1217 54.0
1218 54.0
1219 54.0
1220 54.0
1221 54.0
1222 54.0
1223 54.0
1224 54.0
1225 54.0
1226 54.0
1227 54.0
1228 54.0
1229 54.0
1230 54.0
1231 54.0
1232 54.0
1233 54.0
1234 54.0
1235 54.0
1236 54.0
1237 54.0
1238 54.0
1239 54.0
1240 54.0
1241 54.0
1242 54.0
1243 54.0
1244 54.0
1245 54.0
1246 54.0
1247 54.0
1248 54.0
1249 54.0
1250 54.0
1251 54.0
1252 54.0
1253 54.0
1254 54.0
1255 54.0
1256 54.0
1257 54.0
1258 54.0
1259 54.0
1260 54.0
1261 54.0
1262 54.0
1263 54.0
1264 54.0
1265 54.0
1266 54.0
1267 54.0
1268 54.0
1269 54.0
1270 54.0
1271 54.0
1272 54.0
1273 54.0
1274 54.0
1275 54.0
1276 54.0
1277 54.0
1278 54.0
1279 54.0
1280 54.0
1281 54.0
1282 54.0
1283 54.0
1284 54.0
1285 54.0
1286 54.0
1287 54.0
1288 54.0
1289 54.0
1290 54.0
1291 54.0
1292 54.0
1293 54.0
1294 54.0
1295 54.0
1296 54.0
1297 54.0
1298 54.0
1299 54.0
1300 54.0
1301 54.0
1302 54.0
1303 54.0
1304 54.0
1305 54.0
1306 54.0
1307 54.0
1308 54.0
1309 54.0
1310 54.0
1311 54.0
1312 54.0
1313 54.0
1314 54.0
1315 54.0
1316 54.0
1317 54.0
1318 54.0
1319 54.0
1320 54.0
1321 54.0
1322 54.0
1323 54.0
1324 54.0
1325 54.0
1326 54.0
1327 54.0
1328 54.0
1329 54.0
1330 54.0
1331 54.0
1332 54.0
1333 54.0
1334 54.0
1335 54.0
1336 54.0
1337 54.0
1338 54.0
1339 54.0
1340 56.0
1341 56.0
1342 56.0
1343 56.0
1344 56.0
1345 56.0
1346 56.0
1347 56.0
1348 56.0
1349 56.0
1350 56.0
1351 56.0
1352 56.0
1353 56.0
1354 56.0
1355 56.0
1356 56.0
1357 56.0
1358 56.0
1359 56.0
1360 56.0
1361 56.0
1362 56.0
1363 56.0
1364 56.0
1365 56.0
1366 56.0
1367 56.0
1368 56.0
1369 56.0
1370 56.0
1371 56.0
1372 56.0
1373 56.0
1374 56.0
1375 56.0
1376 56.0
1377 56.0
1378 56.0
1379 56.0
1380 56.0
1381 56.0
1382 56.0
1383 56.0
1384 56.0
1385 56.0
1386 56.0
1387 56.0
1388 56.0
1389 56.0
1390 56.0
1391 56.0
1392 56.0
1393 56.0
1394 56.0
1395 56.0
1396 56.0
1397 56.0
1398 56.0
1399 56.0
1400 56.0
1401 56.0
1402 56.0
1403 56.0
1404 56.0
1405 56.0
1406 56.0
1407 56.0
1408 56.0
1409 56.0
1410 56.0
1411 56.0
1412 56.0
1413 56.0
1414 56.0
1415 56.0
1416 56.0
1417 56.0
1418 56.0
1419 56.0
1420 56.0
1421 56.0
1422 56.0
1423 56.0
1424 56.0
1425 56.0
1426 56.0
1427 56.0
1428 56.0
1429 56.0
1430 56.0
1431 56.0
1432 56.0
1433 56.0
1434 56.0
1435 56.0
1436 56.0
1437 56.0
1438 56.0
1439 56.0
1440 56.0
1441 56.0
1442 56.0
1443 56.0
1444 56.0
1445 56.0
1446 56.0
1447 56.0
1448 56.0
1449 56.0
1450 56.0
1451 56.0
1452 56.0
1453 56.0
1454 56.0
1455 56.0
1456 56.0
1457 56.0
1458 56.0
1459 56.0
1460 56.0
1461 56.0
1462 56.0
1463 57.0
1464 57.0
1465 57.0
1466 57.0
1467 57.0
1468 57.0
1469 57.0
1470 57.0
1471 57.0
1472 57.0
1473 57.0
1474 57.0
1475 57.0
1476 57.0
1477 57.0
1478 57.0
1479 57.0
1480 57.0
1481 57.0
1482 57.0
1483 57.0
1484 57.0
1485 57.0
1486 57.0
1487 57.0
1488 57.0
1489 57.0
1490 57.0
1491 57.0
1492 57.0
1493 57.0
1494 57.0
1495 57.0
1496 57.0
1497 57.0
1498 57.0
1499 57.0
1500 57.0
1501 57.0
1502 57.0
1503 57.0
1504 57.0
1505 57.0
1506 57.0
1507 57.0
1508 57.0
1509 57.0
1510 57.0
1511 57.0
1512 57.0
1513 57.0
1514 57.0
1515 57.0
1516 57.0
1517 57.0
1518 57.0
1519 57.0
1520 57.0
1521 57.0
1522 57.0
1523 57.0
1524 57.0
1525 57.0
1526 57.0
1527 57.0
1528 57.0
1529 57.0
1530 57.0
1531 57.0
1532 57.0
1533 57.0
1534 57.0
1535 57.0
1536 57.0
1537 57.0
1538 57.0
1539 57.0
1540 57.0
1541 57.0
1542 57.0
1543 57.0
1544 57.0
1545 57.0
1546 57.0
1547 57.0
1548 57.0
1549 57.0
1550 57.0
1551 57.0
1552 57.0
1553 57.0
1554 57.0
1555 57.0
1556 57.0
1557 57.0
1558 57.0
1559 57.0
1560 57.0
1561 57.0
1562 57.0
1563 57.0
1564 57.0
1565 57.0
1566 57.0
1567 57.0
1568 57.0
1569 57.0
1570 57.0
1571 57.0
1572 57.0
1573 57.0
1574 57.0
1575 57.0
1576 57.0
1577 57.0
1578 57.0
1579 57.0
1580 57.0
1581 57.0
1582 57.0
1583 57.0
1584 57.0
1585 57.0
1586 57.0
1587 57.0
1588 57.0
1589 57.0
1590 57.0
1591 57.0
1592 57.0
1593 57.0
1594 57.0
1595 57.0
1596 57.0
1597 57.0
1598 57.0
1599 57.0
1600 57.0
1601 57.0
1602 57.0
1603 57.0
1604 57.0
1605 57.0
1606 57.0
1607 57.0
1608 57.0
1609 57.0
1610 57.0
1611 57.0
1612 57.0
1613 57.0
1614 57.0
1615 57.0
1616 57.0
1617 57.0
1618 57.0
1619 57.0
1620 57.0
1621 57.0
1622 57.0
1623 57.0
1624 57.0
1625 57.0
1626 57.0
1627 57.0
1628 57.0
1629 57.0
1630 57.0
1631 57.0
1632 57.0
1633 57.0
1634 57.0
1635 57.0
1636 57.0
1637 57.0
1638 57.0
1639 57.0
1640 57.0
1641 57.0
1642 57.0
1643 57.0
1644 57.0
1645 57.0
1646 57.0
1647 57.0
1648 57.0
1649 57.0
1650 57.0
1651 57.0
1652 57.0
1653 57.0
1654 57.0
1655 57.0
1656 57.0
1657 57.0
1658 57.0
1659 57.0
1660 57.0
1661 57.0
1662 57.0
1663 57.0
1664 57.0
1665 57.0
1666 57.0
1667 57.0
1668 57.0
1669 57.0
1670 57.0
1671 57.0
1672 57.0
1673 57.0
1674 57.0
1675 57.0
1676 57.0
1677 57.0
1678 57.0
1679 57.0
1680 57.0
1681 57.0
1682 57.0
1683 57.0
1684 57.0
1685 57.0
1686 57.0
1687 57.0
1688 57.0
1689 57.0
1690 57.0
1691 57.0
1692 57.0
1693 57.0
1694 57.0
1695 57.0
1696 57.0
1697 57.0
1698 57.0
1699 57.0
1700 57.0
1701 57.0
1702 57.0
1703 57.0
1704 57.0
1705 57.0
1706 57.0
1707 57.0
1708 57.0
1709 57.0
1710 57.0
1711 57.0
1712 57.0
1713 57.0
1714 57.0
1715 57.0
1716 57.0
1717 57.0
1718 57.0
1719 57.0
1720 57.0
1721 57.0
1722 57.0
1723 57.0
1724 57.0
1725 57.0
1726 57.0
1727 57.0
1728 57.0
1729 57.0
1730 57.0
1731 57.0
1732 57.0
1733 57.0
1734 57.0
1735 57.0
1736 57.0
1737 57.0
1738 57.0
1739 57.0
1740 57.0
1741 57.0
1742 57.0
1743 57.0
1744 57.0
1745 57.0
1746 57.0
1747 57.0
1748 57.0
1749 57.0
1750 57.0
1751 57.0
1752 57.0
1753 57.0
1754 57.0
1755 57.0
1756 57.0
1757 57.0
1758 57.0
1759 57.0
1760 57.0
1761 57.0
1762 57.0
1763 57.0
1764 57.0
1765 57.0
1766 57.0
1767 57.0
1768 57.0
1769 57.0
1770 57.0
1771 57.0
1772 57.0
1773 57.0
1774 57.0
1775 57.0
1776 57.0
1777 57.0
1778 57.0
1779 57.0
1780 57.0
1781 57.0
1782 57.0
1783 57.0
1784 57.0
1785 57.0
1786 57.0
1787 57.0
1788 57.0
1789 57.0
1790 57.0
1791 57.0
1792 57.0
1793 57.0
1794 57.0
1795 57.0
1796 57.0
1797 57.0
1798 57.0
1799 57.0
1800 57.0
1801 57.0
1802 57.0
1803 57.0
1804 57.0
1805 57.0
1806 57.0
1807 57.0
1808 57.0
1809 57.0
1810 57.0
1811 57.0
1812 57.0
1813 57.0
1814 57.0
1815 57.0
1816 57.0
1817 57.0
1818 57.0
1819 57.0
1820 57.0
1821 57.0
1822 57.0
1823 57.0
1824 57.0
1825 57.0
1826 57.0
1827 57.0
1828 57.0
1829 57.0
1830 57.0
1831 57.0
1832 57.0
1833 57.0
1834 57.0
1835 57.0
1836 57.0
1837 57.0
1838 57.0
1839 57.0
1840 57.0
1841 57.0
1842 57.0
1843 57.0
1844 57.0
1845 57.0
1846 57.0
1847 57.0
1848 57.0
1849 57.0
1850 57.0
1851 57.0
1852 57.0
1853 57.0
1854 57.0
1855 57.0
1856 57.0
1857 57.0
1858 57.0
1859 57.0
1860 57.0
1861 57.0
1862 57.0
1863 57.0
1864 57.0
1865 57.0
1866 57.0
1867 57.0
1868 57.0
1869 57.0
1870 57.0
1871 57.0
1872 57.0
1873 57.0
1874 57.0
1875 57.0
1876 57.0
1877 57.0
1878 57.0
1879 57.0
1880 57.0
1881 57.0
1882 57.0
1883 57.0
1884 57.0
1885 57.0
1886 57.0
1887 57.0
1888 57.0
1889 57.0
1890 57.0
1891 57.0
1892 57.0
1893 57.0
1894 57.0
1895 57.0
1896 57.0
1897 57.0
1898 57.0
1899 57.0
1900 57.0
1901 57.0
1902 57.0
1903 57.0
1904 57.0
1905 57.0
1906 57.0
1907 57.0
1908 57.0
1909 57.0
1910 57.0
1911 57.0
1912 57.0
1913 57.0
1914 57.0
1915 57.0
1916 57.0
1917 57.0
1918 57.0
1919 57.0
1920 57.0
1921 57.0
1922 57.0
1923 57.0
1924 57.0
1925 57.0
1926 57.0
1927 57.0
1928 57.0
1929 57.0
1930 57.0
1931 57.0
1932 57.0
1933 57.0
1934 57.0
1935 57.0
1936 57.0
1937 57.0
1938 57.0
1939 57.0
1940 57.0
1941 57.0
1942 57.0
1943 57.0
1944 57.0
1945 57.0
1946 57.0
1947 57.0
1948 57.0
1949 57.0
1950 57.0
1951 57.0
1952 57.0
1953 57.0
1954 57.0
1955 57.0
1956 57.0
1957 57.0
1958 57.0
1959 57.0
1960 57.0
1961 57.0
1962 57.0
1963 57.0
1964 57.0
1965 57.0
1966 57.0
1967 57.0
1968 57.0
1969 57.0
1970 57.0
1971 57.0
1972 57.0
1973 57.0
1974 57.0
1975 57.0
1976 57.0
1977 57.0
1978 57.0
1979 57.0
1980 57.0
1981 57.0
1982 57.0
1983 57.0
1984 57.0
1985 57.0
1986 57.0
1987 57.0
1988 57.0
1989 57.0
1990 57.0
1991 57.0
1992 57.0
1993 57.0
1994 57.0
1995 57.0
1996 57.0
1997 57.0
1998 57.0
1999 57.0
2000 57.0
2001 57.0
2002 57.0
2003 57.0
2004 57.0
2005 57.0
2006 57.0
2007 57.0
2008 57.0
2009 57.0
2010 57.0
2011 57.0
2012 57.0
2013 57.0
2014 57.0
2015 57.0
2016 57.0
2017 57.0
2018 57.0
2019 57.0
2020 57.0
2021 57.0
2022 57.0
2023 57.0
2024 57.0
2025 57.0
2026 57.0
2027 57.0
2028 57.0
2029 57.0
2030 57.0
2031 57.0
2032 57.0
2033 57.0
2034 57.0
2035 57.0
2036 57.0
2037 57.0
2038 57.0
2039 57.0
2040 57.0
2041 57.0
2042 57.0
2043 57.0
2044 57.0
2045 57.0
2046 57.0
2047 57.0
2048 57.0
2049 57.0
2050 57.0
2051 57.0
2052 57.0
2053 57.0
2054 57.0
2055 57.0
2056 57.0
2057 57.0
2058 57.0
2059 57.0
2060 57.0
2061 57.0
2062 57.0
2063 57.0
2064 57.0
2065 57.0
2066 57.0
2067 57.0
2068 57.0
2069 57.0
2070 57.0
2071 57.0
2072 57.0
2073 57.0
2074 57.0
2075 57.0
2076 57.0
2077 57.0
2078 57.0
2079 57.0
2080 57.0
2081 57.0
2082 57.0
2083 57.0
2084 57.0
2085 57.0
2086 57.0
2087 57.0
2088 57.0
2089 57.0
2090 57.0
2091 57.0
2092 57.0
2093 57.0
2094 57.0
2095 57.0
2096 57.0
2097 57.0
2098 57.0
2099 57.0
2100 57.0
2101 57.0
2102 57.0
2103 57.0
2104 57.0
2105 57.0
2106 57.0
2107 57.0
2108 57.0
2109 57.0
2110 57.0
2111 57.0
2112 57.0
2113 57.0
2114 57.0
2115 57.0
2116 57.0
2117 57.0
2118 57.0
2119 57.0
2120 57.0
2121 57.0
2122 57.0
2123 57.0
2124 57.0
2125 57.0
2126 57.0
2127 57.0
2128 57.0
2129 57.0
2130 57.0
2131 57.0
2132 57.0
2133 57.0
2134 57.0
2135 57.0
2136 57.0
2137 57.0
2138 57.0
2139 57.0
2140 57.0
2141 57.0
2142 57.0
2143 57.0
2144 57.0
2145 57.0
2146 57.0
2147 57.0
2148 57.0
2149 57.0
2150 57.0
2151 57.0
2152 57.0
2153 57.0
2154 57.0
2155 57.0
2156 57.0
2157 57.0
2158 57.0
2159 57.0
2160 57.0
2161 57.0
2162 57.0
2163 57.0
2164 57.0
2165 57.0
2166 57.0
2167 57.0
2168 57.0
2169 57.0
2170 57.0
2171 57.0
2172 57.0
2173 57.0
2174 57.0
2175 57.0
2176 57.0
2177 57.0
2178 57.0
2179 57.0
2180 57.0
2181 57.0
2182 57.0
2183 57.0
2184 57.0
2185 57.0
2186 57.0
2187 57.0
2188 57.0
2189 57.0
2190 57.0
2191 57.0
2192 57.0
2193 57.0
2194 57.0
2195 57.0
2196 57.0
2197 57.0
2198 57.0
2199 57.0
2200 57.0
2201 57.0
2202 57.0
2203 57.0
2204 57.0
2205 57.0
2206 57.0
2207 57.0
2208 57.0
2209 57.0
2210 57.0
2211 57.0
2212 57.0
2213 57.0
2214 57.0
2215 57.0
2216 57.0
2217 57.0
2218 57.0
2219 57.0
2220 57.0
2221 57.0
2222 57.0
2223 57.0
2224 57.0
2225 57.0
2226 57.0
2227 57.0
2228 57.0
2229 57.0
2230 57.0
2231 57.0
2232 57.0
2233 57.0
2234 57.0
2235 57.0
2236 57.0
2237 57.0
2238 57.0
2239 57.0
2240 57.0
2241 57.0
2242 57.0
2243 57.0
2244 57.0
2245 57.0
2246 57.0
2247 57.0
2248 57.0
2249 57.0
2250 57.0
2251 57.0
2252 57.0
2253 57.0
2254 57.0
2255 57.0
2256 57.0
2257 57.0
2258 57.0
2259 57.0
2260 57.0
2261 57.0
2262 57.0
2263 57.0
2264 57.0
2265 57.0
2266 57.0
2267 57.0
2268 57.0
2269 57.0
2270 57.0
2271 57.0
2272 57.0
2273 57.0
2274 57.0
2275 57.0
2276 57.0
2277 57.0
2278 57.0
2279 57.0
2280 57.0
2281 57.0
2282 57.0
2283 57.0
2284 57.0
2285 57.0
2286 57.0
2287 57.0
2288 57.0
2289 57.0
2290 57.0
2291 57.0
2292 57.0
2293 57.0
2294 57.0
2295 57.0
2296 57.0
2297 57.0
2298 57.0
2299 57.0
2300 57.0
2301 57.0
2302 57.0
2303 57.0
2304 57.0
2305 57.0
2306 57.0
2307 57.0
2308 57.0
2309 57.0
2310 57.0
2311 57.0
2312 57.0
2313 57.0
2314 57.0
2315 57.0
2316 57.0
2317 57.0
2318 57.0
2319 57.0
2320 57.0
2321 57.0
2322 57.0
2323 57.0
2324 57.0
2325 57.0
2326 57.0
2327 57.0
2328 57.0
2329 57.0
2330 57.0
2331 57.0
2332 57.0
2333 57.0
2334 57.0
2335 57.0
2336 57.0
2337 57.0
2338 57.0
2339 57.0
2340 57.0
2341 57.0
2342 57.0
2343 57.0
2344 57.0
2345 57.0
2346 57.0
2347 57.0
2348 57.0
2349 57.0
2350 57.0
2351 57.0
2352 57.0
2353 57.0
2354 57.0
2355 57.0
2356 57.0
2357 57.0
2358 57.0
2359 57.0
2360 57.0
2361 57.0
2362 57.0
2363 57.0
2364 57.0
2365 57.0
2366 57.0
2367 57.0
2368 57.0
2369 57.0
2370 57.0
2371 57.0
2372 57.0
2373 57.0
2374 57.0
2375 57.0
2376 57.0
2377 57.0
2378 57.0
2379 57.0
2380 57.0
2381 57.0
2382 57.0
2383 57.0
2384 57.0
2385 57.0
2386 57.0
2387 57.0
2388 57.0
2389 57.0
2390 57.0
2391 57.0
2392 57.0
2393 57.0
2394 57.0
2395 57.0
2396 57.0
2397 57.0
2398 57.0
2399 57.0
2400 57.0
2401 57.0
2402 57.0
2403 57.0
2404 57.0
2405 57.0
2406 57.0
2407 57.0
2408 57.0
2409 57.0
2410 57.0
2411 57.0
2412 57.0
2413 57.0
2414 57.0
2415 57.0
2416 57.0
2417 57.0
2418 57.0
2419 57.0
2420 57.0
2421 57.0
2422 57.0
2423 57.0
2424 57.0
2425 57.0
2426 57.0
2427 57.0
2428 57.0
2429 57.0
2430 57.0
2431 57.0
2432 57.0
2433 57.0
2434 57.0
2435 57.0
2436 57.0
2437 57.0
2438 57.0
2439 57.0
2440 57.0
2441 57.0
2442 57.0
2443 57.0
2444 57.0
2445 57.0
2446 57.0
2447 57.0
2448 57.0
2449 57.0
2450 57.0
2451 57.0
2452 57.0
2453 57.0
2454 57.0
2455 57.0
2456 57.0
2457 57.0
2458 57.0
2459 57.0
2460 57.0
2461 57.0
2462 57.0
2463 57.0
2464 57.0
2465 57.0
2466 57.0
2467 57.0
2468 57.0
2469 57.0
2470 57.0
2471 57.0
2472 57.0
2473 57.0
2474 57.0
2475 57.0
2476 57.0
2477 57.0
2478 57.0
2479 57.0
2480 57.0
2481 57.0
2482 57.0
2483 57.0
2484 57.0
2485 57.0
2486 57.0
2487 57.0
2488 57.0
2489 57.0
2490 57.0
2491 57.0
2492 57.0
2493 57.0
2494 57.0
2495 57.0
2496 57.0
2497 57.0
2498 57.0
2499 57.0
2500 57.0
2501 57.0
2502 57.0
2503 57.0
2504 57.0
2505 57.0
2506 57.0
2507 57.0
2508 57.0
2509 57.0
2510 57.0
2511 57.0
2512 57.0
2513 57.0
2514 57.0
2515 57.0
2516 57.0
2517 57.0
2518 57.0
2519 57.0
2520 57.0
2521 57.0
2522 57.0
2523 57.0
2524 57.0
2525 57.0
2526 57.0
2527 57.0
2528 57.0
2529 57.0
2530 57.0
2531 57.0
2532 57.0
2533 57.0
2534 57.0
2535 57.0
2536 57.0
2537 57.0
2538 57.0
2539 57.0
2540 57.0
2541 57.0
2542 57.0
2543 57.0
2544 57.0
2545 57.0
2546 57.0
2547 57.0
2548 57.0
2549 57.0
2550 57.0
2551 57.0
2552 57.0
2553 57.0
2554 57.0
2555 57.0
2556 57.0
2557 57.0
2558 57.0
2559 57.0
2560 57.0
2561 57.0
2562 57.0
2563 57.0
2564 57.0
2565 57.0
2566 57.0
2567 57.0
2568 57.0
2569 57.0
2570 57.0
2571 57.0
2572 57.0
2573 57.0
2574 57.0
2575 57.0
2576 57.0
2577 57.0
2578 57.0
2579 57.0
2580 57.0
2581 57.0
2582 57.0
2583 57.0
2584 57.0
2585 57.0
2586 57.0
2587 57.0
2588 57.0
2589 57.0
2590 57.0
2591 57.0
2592 57.0
2593 57.0
2594 57.0
2595 57.0
2596 57.0
2597 57.0
2598 57.0
2599 57.0
2600 57.0
2601 57.0
2602 57.0
2603 57.0
2604 57.0
2605 57.0
2606 57.0
2607 57.0
2608 57.0
2609 57.0
2610 57.0
2611 57.0
2612 57.0
2613 57.0
2614 57.0
2615 57.0
2616 57.0
2617 57.0
2618 57.0
2619 57.0
2620 57.0
2621 57.0
2622 57.0
2623 57.0
2624 57.0
2625 57.0
2626 57.0
2627 57.0
2628 57.0
2629 57.0
2630 57.0
2631 57.0
2632 57.0
2633 57.0
2634 57.0
2635 57.0
2636 57.0
2637 57.0
2638 57.0
2639 57.0
2640 57.0
2641 57.0
2642 57.0
2643 57.0
2644 57.0
2645 57.0
2646 57.0
2647 57.0
2648 57.0
2649 57.0
2650 57.0
2651 57.0
2652 57.0
2653 57.0
2654 57.0
2655 57.0
2656 57.0
2657 57.0
2658 57.0
2659 57.0
2660 57.0
2661 57.0
2662 57.0
2663 57.0
2664 57.0
2665 57.0
2666 57.0
2667 57.0
2668 57.0
2669 57.0
2670 57.0
2671 57.0
2672 57.0
2673 57.0
2674 57.0
2675 57.0
2676 57.0
2677 57.0
2678 57.0
2679 57.0
2680 57.0
2681 57.0
2682 57.0
2683 57.0
2684 57.0
2685 57.0
2686 57.0
2687 57.0
2688 57.0
2689 57.0
2690 57.0
2691 57.0
2692 57.0
2693 57.0
2694 57.0
2695 57.0
2696 57.0
2697 57.0
2698 57.0
2699 57.0
2700 57.0
2701 57.0
2702 57.0
2703 57.0
2704 57.0
2705 57.0
2706 57.0
2707 57.0
2708 57.0
2709 57.0
2710 57.0
2711 57.0
2712 57.0
2713 57.0
2714 57.0
2715 57.0
2716 57.0
2717 57.0
2718 57.0
2719 57.0
2720 57.0
2721 57.0
2722 57.0
2723 57.0
2724 57.0
2725 57.0
2726 57.0
2727 57.0
2728 57.0
2729 57.0
2730 57.0
2731 57.0
2732 57.0
2733 57.0
2734 57.0
2735 57.0
2736 57.0
2737 57.0
2738 57.0
2739 57.0
2740 57.0
2741 57.0
2742 57.0
2743 57.0
2744 57.0
2745 57.0
2746 57.0
2747 57.0
2748 57.0
2749 57.0
2750 57.0
2751 57.0
2752 57.0
2753 57.0
2754 57.0
2755 57.0
2756 57.0
2757 57.0
2758 57.0
2759 57.0
2760 57.0
2761 57.0
2762 57.0
2763 57.0
2764 57.0
2765 57.0
2766 57.0
2767 57.0
2768 57.0
2769 57.0
2770 57.0
2771 57.0
2772 57.0
2773 57.0
2774 57.0
2775 57.0
2776 57.0
2777 57.0
2778 57.0
2779 57.0
2780 57.0
2781 57.0
2782 57.0
2783 57.0
2784 57.0
2785 57.0
2786 57.0
2787 57.0
2788 57.0
2789 57.0
2790 57.0
2791 57.0
2792 57.0
2793 57.0
2794 57.0
2795 57.0
2796 57.0
2797 57.0
2798 57.0
2799 57.0
2800 57.0
2801 57.0
2802 57.0
2803 57.0
2804 57.0
2805 57.0
2806 57.0
2807 57.0
2808 57.0
2809 57.0
2810 57.0
2811 57.0
2812 57.0
2813 57.0
2814 57.0
2815 57.0
2816 57.0
2817 57.0
2818 57.0
2819 57.0
2820 57.0
2821 57.0
2822 57.0
2823 57.0
2824 57.0
2825 57.0
2826 57.0
2827 57.0
2828 57.0
2829 57.0
2830 57.0
2831 57.0
2832 57.0
2833 57.0
2834 57.0
2835 57.0
2836 57.0
2837 57.0
2838 57.0
2839 57.0
2840 57.0
2841 57.0
2842 57.0
2843 57.0
2844 57.0
2845 57.0
2846 57.0
2847 57.0
2848 57.0
2849 57.0
2850 57.0
2851 57.0
2852 57.0
2853 57.0
2854 57.0
2855 57.0
2856 57.0
2857 57.0
2858 57.0
2859 57.0
2860 57.0
2861 57.0
2862 57.0
2863 57.0
2864 57.0
2865 57.0
2866 57.0
2867 57.0
2868 57.0
2869 57.0
2870 57.0
2871 57.0
2872 57.0
2873 57.0
2874 57.0
2875 57.0
2876 57.0
2877 57.0
2878 57.0
2879 57.0
2880 57.0
2881 57.0
2882 57.0
2883 57.0
2884 57.0
2885 57.0
2886 57.0
2887 57.0
2888 57.0
2889 57.0
2890 57.0
2891 57.0
2892 57.0
2893 57.0
2894 57.0
2895 57.0
2896 57.0
2897 57.0
2898 57.0
2899 57.0
2900 57.0
2901 57.0
2902 57.0
2903 57.0
2904 57.0
2905 57.0
2906 57.0
2907 57.0
2908 57.0
2909 57.0
2910 57.0
2911 57.0
2912 57.0
2913 57.0
2914 57.0
2915 57.0
2916 57.0
2917 57.0
2918 57.0
2919 57.0
2920 57.0
2921 57.0
2922 57.0
2923 57.0
2924 57.0
2925 57.0
2926 57.0
2927 57.0
2928 57.0
2929 57.0
2930 57.0
2931 57.0
2932 57.0
2933 57.0
2934 57.0
2935 57.0
2936 57.0
2937 57.0
2938 57.0
2939 57.0
2940 57.0
2941 57.0
2942 57.0
2943 57.0
2944 57.0
2945 57.0
2946 57.0
2947 57.0
2948 57.0
2949 57.0
2950 57.0
2951 57.0
2952 57.0
2953 57.0
2954 57.0
2955 57.0
2956 57.0
2957 57.0
2958 57.0
2959 57.0
2960 57.0
2961 57.0
2962 57.0
2963 57.0
2964 57.0
2965 57.0
2966 57.0
2967 57.0
2968 57.0
2969 57.0
2970 57.0
2971 57.0
2972 57.0
2973 57.0
2974 57.0
2975 57.0
2976 57.0
2977 57.0
2978 57.0
2979 57.0
2980 57.0
2981 57.0
2982 57.0
2983 57.0
2984 57.0
2985 57.0
2986 57.0
2987 57.0
2988 57.0
2989 57.0
2990 57.0
2991 57.0
2992 57.0
2993 57.0
2994 57.0
2995 57.0
2996 57.0
2997 57.0
2998 57.0
2999 57.0
3000 57.0
3001 57.0
3002 57.0
3003 57.0
3004 57.0
3005 57.0
3006 57.0
3007 57.0
3008 57.0
3009 57.0
3010 57.0
3011 57.0
3012 57.0
3013 57.0
3014 57.0
3015 57.0
3016 57.0
3017 57.0
3018 57.0
3019 57.0
3020 57.0
3021 57.0
3022 57.0
3023 57.0
3024 57.0
3025 57.0
3026 57.0
3027 57.0
3028 57.0
3029 57.0
3030 57.0
3031 57.0
3032 57.0
3033 57.0
3034 57.0
3035 57.0
3036 57.0
3037 57.0
3038 57.0
3039 57.0
3040 57.0
3041 57.0
3042 57.0
3043 57.0
3044 57.0
3045 57.0
3046 57.0
3047 57.0
3048 57.0
3049 57.0
3050 57.0
3051 57.0
3052 57.0
3053 57.0
3054 57.0
3055 57.0
3056 57.0
3057 57.0
3058 57.0
3059 57.0
3060 57.0
3061 57.0
3062 57.0
3063 57.0
3064 57.0
3065 57.0
3066 57.0
3067 57.0
3068 57.0
3069 57.0
3070 57.0
3071 57.0
3072 57.0
3073 57.0
3074 57.0
3075 57.0
3076 57.0
3077 57.0
3078 57.0
3079 57.0
3080 57.0
3081 57.0
3082 57.0
3083 57.0
3084 57.0
3085 57.0
3086 57.0
3087 57.0
3088 57.0
3089 57.0
3090 57.0
3091 57.0
3092 57.0
3093 57.0
3094 57.0
3095 57.0
3096 57.0
3097 57.0
3098 57.0
3099 57.0
3100 57.0
3101 57.0
3102 57.0
3103 57.0
3104 57.0
3105 57.0
3106 57.0
3107 57.0
3108 57.0
3109 57.0
3110 57.0
3111 57.0
3112 57.0
3113 57.0
3114 57.0
3115 57.0
3116 57.0
3117 57.0
3118 57.0
3119 57.0
3120 57.0
3121 57.0
3122 57.0
3123 57.0
3124 57.0
3125 57.0
3126 57.0
3127 57.0
3128 57.0
3129 57.0
3130 57.0
3131 57.0
3132 57.0
3133 57.0
3134 57.0
3135 57.0
3136 57.0
3137 57.0
3138 57.0
3139 57.0
3140 57.0
3141 57.0
3142 57.0
3143 57.0
3144 57.0
3145 57.0
3146 57.0
3147 57.0
3148 57.0
3149 57.0
3150 57.0
3151 57.0
3152 57.0
3153 57.0
3154 57.0
3155 57.0
3156 57.0
3157 57.0
3158 57.0
3159 57.0
3160 57.0
3161 57.0
3162 57.0
3163 57.0
3164 57.0
3165 57.0
3166 57.0
3167 57.0
3168 57.0
3169 57.0
3170 57.0
3171 57.0
3172 57.0
3173 57.0
3174 57.0
3175 57.0
3176 57.0
3177 57.0
3178 57.0
3179 57.0
3180 57.0
3181 57.0
3182 57.0
3183 57.0
3184 57.0
3185 57.0
3186 57.0
3187 57.0
3188 57.0
3189 57.0
3190 57.0
3191 57.0
3192 57.0
3193 57.0
3194 57.0
3195 57.0
3196 57.0
3197 57.0
3198 57.0
3199 57.0
3200 57.0
3201 57.0
3202 57.0
3203 57.0
3204 57.0
3205 57.0
3206 57.0
3207 57.0
3208 57.0
3209 57.0
3210 57.0
3211 57.0
3212 57.0
3213 57.0
3214 57.0
3215 57.0
3216 57.0
3217 57.0
3218 57.0
3219 57.0
3220 57.0
3221 57.0
3222 57.0
3223 57.0
3224 57.0
3225 57.0
3226 57.0
3227 57.0
3228 57.0
3229 57.0
3230 57.0
3231 57.0
3232 57.0
3233 57.0
3234 57.0
3235 57.0
3236 57.0
3237 57.0
3238 57.0
3239 57.0
3240 57.0
3241 57.0
3242 57.0
3243 57.0
3244 57.0
3245 57.0
3246 57.0
3247 57.0
3248 57.0
3249 57.0
3250 57.0
3251 57.0
3252 57.0
3253 57.0
3254 57.0
3255 57.0
3256 57.0
3257 57.0
3258 57.0
3259 57.0
3260 57.0
3261 57.0
3262 57.0
3263 57.0
3264 57.0
3265 57.0
3266 57.0
3267 57.0
3268 57.0
3269 57.0
3270 57.0
3271 57.0
3272 57.0
3273 57.0
3274 57.0
3275 57.0
3276 57.0
3277 57.0
3278 57.0
3279 57.0
3280 57.0
3281 57.0
3282 57.0
3283 57.0
3284 57.0
3285 57.0
3286 57.0
3287 57.0
3288 57.0
3289 57.0
3290 57.0
3291 57.0
3292 57.0
3293 57.0
3294 57.0
3295 57.0
3296 57.0
3297 57.0
3298 57.0
3299 57.0
3300 57.0
3301 57.0
3302 57.0
3303 57.0
3304 57.0
3305 57.0
3306 57.0
3307 57.0
3308 57.0
3309 57.0
3310 57.0
3311 57.0
3312 57.0
3313 57.0
3314 57.0
3315 57.0
3316 57.0
3317 57.0
3318 57.0
3319 57.0
3320 57.0
3321 57.0
3322 57.0
3323 57.0
3324 57.0
3325 57.0
3326 57.0
3327 57.0
3328 57.0
3329 57.0
3330 57.0
3331 57.0
3332 57.0
3333 57.0
3334 57.0
3335 57.0
3336 57.0
3337 57.0
3338 57.0
3339 57.0
3340 57.0
3341 57.0
3342 57.0
3343 57.0
3344 57.0
3345 57.0
3346 57.0
3347 57.0
3348 57.0
3349 57.0
3350 57.0
3351 57.0
3352 57.0
3353 57.0
3354 57.0
3355 57.0
3356 57.0
3357 57.0
3358 57.0
3359 57.0
3360 57.0
3361 57.0
3362 57.0
3363 57.0
3364 57.0
3365 57.0
3366 57.0
3367 57.0
3368 57.0
3369 57.0
3370 57.0
3371 57.0
3372 57.0
3373 57.0
3374 57.0
3375 57.0
3376 57.0
3377 57.0
3378 57.0
3379 57.0
3380 57.0
3381 57.0
3382 57.0
3383 57.0
3384 57.0
3385 57.0
3386 57.0
3387 57.0
3388 57.0
3389 57.0
3390 57.0
3391 57.0
3392 57.0
3393 57.0
3394 57.0
3395 57.0
3396 57.0
3397 57.0
3398 57.0
3399 57.0
3400 57.0
3401 57.0
3402 57.0
3403 57.0
3404 57.0
3405 57.0
3406 57.0
3407 57.0
3408 57.0
3409 57.0
3410 57.0
3411 57.0
3412 57.0
3413 57.0
3414 57.0
3415 57.0
3416 57.0
3417 57.0
3418 57.0
3419 57.0
3420 57.0
3421 57.0
3422 57.0
3423 57.0
3424 57.0
3425 57.0
3426 57.0
3427 57.0
3428 57.0
3429 57.0
3430 57.0
3431 57.0
3432 57.0
3433 57.0
3434 57.0
3435 57.0
3436 57.0
3437 57.0
3438 57.0
3439 57.0
3440 57.0
3441 57.0
3442 57.0
3443 57.0
3444 57.0
3445 57.0
3446 57.0
3447 57.0
3448 57.0
3449 57.0
3450 57.0
3451 57.0
3452 57.0
3453 57.0
3454 57.0
3455 57.0
3456 57.0
3457 57.0
3458 57.0
3459 57.0
3460 57.0
3461 57.0
3462 57.0
3463 57.0
3464 57.0
3465 57.0
3466 57.0
3467 57.0
3468 57.0
3469 57.0
3470 57.0
3471 57.0
3472 57.0
3473 57.0
3474 57.0
3475 57.0
3476 57.0
3477 57.0
3478 57.0
3479 57.0
3480 57.0
3481 57.0
3482 57.0
3483 57.0
3484 57.0
3485 57.0
3486 57.0
3487 57.0
3488 57.0
3489 57.0
3490 57.0
3491 57.0
3492 57.0
3493 57.0
3494 57.0
3495 57.0
3496 57.0
3497 57.0
3498 57.0
3499 57.0
3500 57.0
3501 57.0
3502 57.0
3503 57.0
3504 57.0
3505 57.0
3506 57.0
3507 57.0
3508 57.0
3509 57.0
3510 57.0
3511 57.0
3512 57.0
3513 57.0
3514 57.0
3515 57.0
3516 57.0
3517 57.0
3518 57.0
3519 57.0
3520 57.0
3521 57.0
3522 57.0
3523 57.0
3524 57.0
3525 57.0
3526 57.0
3527 57.0
3528 57.0
3529 57.0
3530 57.0
3531 57.0
3532 57.0
3533 57.0
3534 57.0
3535 57.0
3536 57.0
3537 57.0
3538 57.0
3539 57.0
3540 57.0
3541 57.0
3542 57.0
3543 57.0
3544 57.0
3545 57.0
3546 57.0
3547 57.0
3548 57.0
3549 57.0
3550 57.0
3551 57.0
3552 57.0
3553 57.0
3554 57.0
3555 57.0
3556 57.0
3557 57.0
3558 57.0
3559 57.0
3560 57.0
3561 57.0
3562 57.0
3563 57.0
3564 57.0
3565 57.0
3566 57.0
3567 57.0
3568 57.0
3569 57.0
3570 57.0
3571 57.0
3572 57.0
3573 57.0
3574 57.0
3575 57.0
3576 57.0
3577 57.0
3578 57.0
3579 57.0
3580 57.0
3581 57.0
3582 57.0
3583 57.0
3584 57.0
3585 57.0
3586 57.0
3587 57.0
3588 57.0
3589 57.0
3590 57.0
3591 57.0
3592 57.0
3593 57.0
3594 57.0
3595 57.0
3596 57.0
3597 57.0
3598 57.0
3599 57.0
3600 57.0
3601 57.0
3602 57.0
3603 57.0
3604 57.0
3605 57.0
3606 57.0
3607 57.0
3608 57.0
3609 57.0
3610 57.0
3611 57.0
3612 57.0
3613 57.0
3614 57.0
3615 57.0
3616 57.0
3617 57.0
3618 57.0
3619 57.0
3620 57.0
3621 57.0
3622 57.0
3623 57.0
3624 57.0
3625 57.0
3626 57.0
3627 57.0
3628 57.0
3629 57.0
3630 57.0
3631 57.0
3632 57.0
3633 57.0
3634 57.0
3635 57.0
3636 57.0
3637 57.0
3638 57.0
3639 57.0
3640 57.0
3641 57.0
3642 57.0
3643 57.0
3644 57.0
3645 57.0
3646 57.0
3647 57.0
3648 57.0
3649 57.0
3650 57.0
3651 57.0
3652 57.0
3653 57.0
3654 57.0
3655 57.0
3656 57.0
3657 57.0
3658 57.0
3659 57.0
3660 57.0
3661 57.0
3662 57.0
3663 57.0
3664 57.0
3665 57.0
3666 57.0
3667 57.0
3668 57.0
3669 57.0
3670 57.0
3671 57.0
3672 57.0
3673 57.0
3674 57.0
3675 57.0
3676 57.0
3677 57.0
3678 57.0
3679 57.0
3680 57.0
3681 57.0
3682 57.0
3683 57.0
3684 57.0
3685 57.0
3686 57.0
3687 57.0
3688 57.0
3689 57.0
3690 57.0
3691 57.0
3692 57.0
3693 57.0
3694 57.0
3695 57.0
3696 57.0
3697 57.0
3698 57.0
3699 57.0
3700 57.0
3701 57.0
3702 57.0
3703 57.0
3704 57.0
3705 57.0
3706 57.0
3707 57.0
3708 57.0
3709 57.0
3710 57.0
3711 57.0
3712 57.0
3713 57.0
3714 57.0
3715 57.0
3716 57.0
3717 57.0
3718 57.0
3719 57.0
3720 57.0
3721 57.0
3722 57.0
3723 57.0
3724 57.0
3725 57.0
3726 57.0
3727 57.0
3728 57.0
3729 57.0
3730 57.0
3731 57.0
3732 57.0
3733 57.0
3734 57.0
3735 57.0
3736 57.0
3737 57.0
3738 57.0
3739 57.0
3740 57.0
3741 57.0
3742 57.0
3743 57.0
3744 57.0
3745 57.0
3746 57.0
3747 57.0
3748 57.0
3749 57.0
3750 57.0
3751 57.0
3752 57.0
3753 57.0
3754 57.0
3755 59.0
3756 59.0
3757 59.0
3758 59.0
3759 59.0
3760 59.0
3761 59.0
3762 59.0
3763 59.0
3764 59.0
3765 59.0
3766 59.0
3767 59.0
3768 59.0
3769 59.0
3770 59.0
3771 59.0
3772 59.0
3773 59.0
3774 59.0
3775 59.0
3776 59.0
3777 59.0
3778 59.0
3779 59.0
3780 59.0
3781 59.0
3782 59.0
3783 59.0
3784 59.0
3785 59.0
3786 59.0
3787 59.0
3788 59.0
3789 59.0
3790 59.0
3791 59.0
3792 59.0
3793 59.0
3794 59.0
3795 59.0
3796 59.0
3797 59.0
3798 59.0
3799 59.0
3800 59.0
3801 59.0
3802 59.0
3803 59.0
3804 59.0
3805 59.0
3806 59.0
3807 59.0
3808 59.0
3809 59.0
3810 59.0
3811 59.0
3812 59.0
3813 59.0
3814 59.0
3815 59.0
3816 59.0
3817 59.0
3818 59.0
3819 59.0
3820 59.0
3821 59.0
3822 59.0
3823 59.0
3824 59.0
3825 59.0
3826 59.0
3827 59.0
3828 59.0
3829 59.0
3830 59.0
3831 59.0
3832 59.0
3833 59.0
3834 59.0
3835 59.0
3836 59.0
3837 59.0
3838 59.0
3839 59.0
3840 59.0
3841 59.0
3842 59.0
3843 59.0
3844 59.0
3845 59.0
3846 59.0
3847 59.0
3848 59.0
3849 59.0
3850 59.0
3851 59.0
3852 59.0
3853 59.0
3854 59.0
3855 59.0
3856 59.0
3857 59.0
3858 59.0
3859 59.0
3860 59.0
3861 59.0
3862 59.0
3863 59.0
3864 59.0
3865 59.0
3866 59.0
3867 59.0
3868 59.0
3869 59.0
3870 59.0
3871 59.0
3872 59.0
3873 59.0
3874 59.0
3875 59.0
3876 59.0
3877 59.0
3878 59.0
3879 59.0
3880 59.0
3881 59.0
3882 59.0
3883 59.0
3884 59.0
3885 59.0
3886 59.0
3887 59.0
3888 59.0
3889 59.0
3890 59.0
3891 59.0
3892 59.0
3893 59.0
3894 59.0
3895 59.0
3896 59.0
3897 59.0
3898 59.0
3899 59.0
3900 59.0
3901 59.0
3902 59.0
3903 59.0
3904 59.0
3905 59.0
3906 59.0
3907 59.0
3908 59.0
3909 59.0
3910 59.0
3911 59.0
3912 59.0
3913 59.0
3914 59.0
3915 59.0
3916 59.0
3917 59.0
3918 59.0
3919 59.0
3920 59.0
3921 59.0
3922 59.0
3923 59.0
3924 59.0
3925 59.0
3926 59.0
3927 59.0
3928 59.0
3929 59.0
3930 59.0
3931 59.0
3932 59.0
3933 59.0
3934 59.0
3935 59.0
3936 59.0
3937 59.0
3938 59.0
3939 59.0
3940 59.0
3941 59.0
3942 59.0
3943 59.0
3944 59.0
3945 59.0
3946 59.0
3947 59.0
3948 59.0
3949 59.0
3950 59.0
3951 59.0
3952 59.0
3953 59.0
3954 59.0
3955 59.0
3956 59.0
3957 59.0
3958 59.0
3959 59.0
3960 59.0
3961 59.0
3962 59.0
3963 59.0
3964 59.0
3965 59.0
3966 59.0
3967 59.0
3968 59.0
3969 59.0
3970 59.0
3971 59.0
3972 59.0
3973 59.0
3974 59.0
3975 59.0
3976 59.0
3977 59.0
3978 59.0
3979 59.0
3980 59.0
3981 59.0
3982 59.0
3983 59.0
3984 59.0
3985 59.0
3986 59.0
3987 59.0
3988 59.0
3989 59.0
3990 59.0
3991 59.0
3992 59.0
3993 59.0
3994 59.0
3995 59.0
3996 59.0
3997 59.0
3998 59.0
3999 59.0
4000 59.0
4001 59.0
4002 59.0
4003 59.0
4004 59.0
4005 59.0
4006 59.0
4007 59.0
4008 59.0
4009 59.0
4010 59.0
4011 59.0
4012 59.0
4013 59.0
4014 59.0
4015 59.0
4016 59.0
4017 59.0
4018 59.0
4019 59.0
4020 59.0
4021 59.0
4022 59.0
4023 59.0
4024 59.0
4025 59.0
4026 59.0
4027 59.0
4028 59.0
4029 59.0
4030 59.0
4031 59.0
4032 59.0
4033 59.0
4034 59.0
4035 59.0
4036 59.0
4037 59.0
4038 59.0
4039 59.0
4040 59.0
4041 59.0
4042 59.0
4043 59.0
4044 59.0
4045 59.0
4046 59.0
4047 59.0
4048 59.0
4049 59.0
4050 59.0
4051 59.0
4052 59.0
4053 59.0
4054 59.0
4055 59.0
4056 59.0
4057 59.0
4058 59.0
4059 59.0
4060 59.0
4061 59.0
4062 59.0
4063 59.0
4064 59.0
4065 59.0
4066 59.0
4067 59.0
4068 59.0
4069 59.0
4070 59.0
4071 59.0
4072 59.0
4073 59.0
4074 59.0
4075 59.0
4076 59.0
4077 59.0
4078 59.0
4079 59.0
4080 59.0
4081 59.0
4082 59.0
4083 59.0
4084 59.0
4085 59.0
4086 59.0
4087 59.0
4088 59.0
4089 59.0
4090 59.0
4091 59.0
4092 59.0
4093 59.0
4094 59.0
4095 59.0
4096 59.0
4097 59.0
4098 59.0
4099 59.0
4100 59.0
4101 59.0
4102 59.0
4103 59.0
4104 59.0
4105 59.0
4106 59.0
4107 59.0
4108 59.0
4109 59.0
4110 59.0
4111 59.0
4112 59.0
4113 59.0
4114 59.0
4115 59.0
4116 59.0
4117 59.0
4118 59.0
4119 59.0
4120 59.0
4121 59.0
4122 59.0
4123 59.0
4124 59.0
4125 59.0
4126 59.0
4127 59.0
4128 59.0
4129 59.0
4130 59.0
4131 59.0
4132 59.0
4133 59.0
4134 59.0
4135 59.0
4136 59.0
4137 59.0
4138 59.0
4139 59.0
4140 59.0
4141 59.0
4142 59.0
4143 59.0
4144 59.0
4145 61.0
4146 61.0
4147 61.0
4148 61.0
4149 61.0
4150 61.0
4151 61.0
4152 61.0
4153 61.0
4154 61.0
4155 61.0
4156 61.0
4157 61.0
4158 61.0
4159 61.0
4160 61.0
4161 61.0
4162 61.0
4163 61.0
4164 61.0
4165 61.0
4166 61.0
4167 61.0
4168 61.0
4169 61.0
4170 61.0
4171 61.0
4172 61.0
4173 61.0
4174 61.0
4175 61.0
4176 61.0
4177 61.0
4178 61.0
4179 61.0
4180 61.0
4181 61.0
4182 61.0
4183 61.0
4184 61.0
4185 61.0
4186 61.0
4187 61.0
4188 61.0
4189 61.0
4190 61.0
4191 61.0
4192 61.0
4193 61.0
4194 61.0
4195 61.0
4196 61.0
4197 61.0
4198 61.0
4199 61.0
4200 61.0
4201 61.0
4202 61.0
4203 61.0
4204 61.0
4205 61.0
4206 61.0
4207 61.0
4208 61.0
4209 61.0
4210 61.0
4211 61.0
4212 61.0
4213 61.0
4214 61.0
4215 61.0
4216 61.0
4217 61.0
4218 61.0
4219 61.0
4220 61.0
4221 61.0
4222 61.0
4223 61.0
4224 61.0
4225 61.0
4226 61.0
4227 61.0
4228 61.0
4229 61.0
4230 61.0
4231 61.0
4232 61.0
4233 61.0
4234 61.0
4235 61.0
4236 61.0
4237 61.0
4238 61.0
4239 61.0
4240 61.0
4241 61.0
4242 61.0
4243 61.0
4244 61.0
4245 61.0
4246 61.0
4247 61.0
4248 61.0
4249 61.0
4250 61.0
4251 61.0
4252 61.0
4253 61.0
4254 61.0
4255 61.0
4256 61.0
4257 61.0
4258 61.0
4259 61.0
4260 61.0
4261 61.0
4262 61.0
4263 61.0
4264 61.0
4265 61.0
4266 61.0
4267 61.0
4268 61.0
4269 61.0
4270 61.0
4271 61.0
4272 61.0
4273 61.0
4274 61.0
4275 61.0
4276 61.0
4277 61.0
4278 61.0
4279 61.0
4280 61.0
4281 61.0
4282 61.0
4283 61.0
4284 61.0
4285 61.0
4286 61.0
4287 61.0
4288 61.0
4289 61.0
4290 61.0
4291 61.0
4292 61.0
4293 61.0
4294 61.0
4295 61.0
4296 61.0
4297 61.0
4298 61.0
4299 61.0
4300 61.0
4301 61.0
4302 61.0
4303 61.0
4304 61.0
4305 61.0
4306 61.0
4307 61.0
4308 61.0
4309 61.0
4310 61.0
4311 61.0
4312 61.0
4313 61.0
4314 61.0
4315 61.0
4316 61.0
4317 61.0
4318 61.0
4319 61.0
4320 61.0
4321 61.0
4322 61.0
4323 61.0
4324 61.0
4325 61.0
4326 61.0
4327 61.0
4328 61.0
4329 61.0
4330 61.0
4331 61.0
4332 61.0
4333 61.0
4334 61.0
4335 61.0
4336 61.0
4337 61.0
4338 61.0
4339 61.0
4340 61.0
4341 61.0
4342 61.0
4343 61.0
4344 61.0
4345 61.0
4346 61.0
4347 61.0
4348 61.0
4349 61.0
4350 61.0
4351 61.0
4352 61.0
4353 61.0
4354 61.0
4355 61.0
4356 61.0
4357 61.0
4358 61.0
4359 61.0
4360 61.0
4361 61.0
4362 61.0
4363 61.0
4364 61.0
4365 61.0
4366 61.0
4367 61.0
4368 61.0
4369 61.0
4370 61.0
4371 61.0
4372 61.0
4373 61.0
4374 61.0
4375 61.0
4376 61.0
4377 61.0
4378 61.0
4379 61.0
4380 61.0
4381 61.0
4382 61.0
4383 61.0
4384 61.0
4385 61.0
4386 61.0
4387 61.0
4388 61.0
4389 61.0
4390 61.0
4391 61.0
4392 61.0
4393 61.0
4394 61.0
4395 61.0
4396 61.0
4397 61.0
4398 61.0
4399 61.0
4400 61.0
4401 61.0
4402 61.0
4403 61.0
4404 61.0
4405 61.0
4406 61.0
4407 61.0
4408 61.0
4409 61.0
4410 61.0
4411 61.0
4412 61.0
4413 61.0
4414 61.0
4415 61.0
4416 61.0
4417 61.0
4418 61.0
4419 61.0
4420 61.0
4421 61.0
4422 61.0
4423 61.0
4424 61.0
4425 61.0
4426 61.0
4427 61.0
4428 61.0
4429 61.0
4430 61.0
4431 61.0
4432 61.0
4433 61.0
4434 61.0
4435 61.0
4436 61.0
4437 61.0
4438 61.0
4439 61.0
4440 61.0
4441 61.0
4442 61.0
4443 61.0
4444 61.0
4445 61.0
4446 61.0
4447 61.0
4448 61.0
4449 61.0
4450 61.0
4451 61.0
4452 61.0
4453 61.0
4454 61.0
4455 61.0
4456 61.0
4457 61.0
4458 61.0
4459 61.0
4460 61.0
4461 61.0
4462 61.0
4463 61.0
4464 61.0
4465 61.0
4466 61.0
4467 61.0
4468 61.0
4469 61.0
4470 61.0
4471 61.0
4472 61.0
4473 61.0
4474 61.0
4475 61.0
4476 61.0
4477 61.0
4478 61.0
4479 61.0
4480 61.0
4481 61.0
4482 61.0
4483 61.0
4484 61.0
4485 61.0
4486 61.0
4487 61.0
4488 61.0
4489 61.0
4490 61.0
4491 61.0
4492 61.0
4493 61.0
4494 61.0
4495 61.0
4496 61.0
4497 61.0
4498 61.0
4499 61.0
4500 61.0
4501 61.0
4502 61.0
4503 61.0
4504 61.0
4505 61.0
4506 61.0
4507 61.0
4508 61.0
4509 61.0
4510 61.0
4511 61.0
4512 61.0
4513 61.0
4514 61.0
4515 61.0
4516 61.0
4517 61.0
4518 61.0
4519 61.0
4520 61.0
4521 61.0
4522 61.0
4523 61.0
4524 61.0
4525 61.0
4526 61.0
4527 61.0
4528 61.0
4529 61.0
4530 61.0
4531 61.0
4532 61.0
4533 61.0
4534 61.0
4535 61.0
4536 61.0
4537 61.0
4538 61.0
4539 61.0
4540 61.0
4541 61.0
4542 61.0
4543 61.0
4544 61.0
4545 61.0
4546 61.0
4547 61.0
4548 61.0
4549 61.0
4550 61.0
4551 61.0
4552 61.0
4553 61.0
4554 61.0
4555 61.0
4556 61.0
4557 61.0
4558 61.0
4559 61.0
4560 61.0
4561 61.0
4562 61.0
4563 61.0
4564 61.0
4565 61.0
4566 61.0
4567 61.0
4568 61.0
4569 61.0
4570 61.0
4571 61.0
4572 61.0
4573 61.0
4574 61.0
4575 61.0
4576 61.0
4577 61.0
4578 61.0
4579 61.0
4580 61.0
4581 61.0
4582 61.0
4583 61.0
4584 61.0
4585 61.0
4586 61.0
4587 61.0
4588 61.0
4589 61.0
4590 61.0
4591 61.0
4592 61.0
4593 61.0
4594 61.0
4595 61.0
4596 61.0
4597 61.0
4598 61.0
4599 61.0
4600 61.0
4601 61.0
4602 61.0
4603 61.0
4604 61.0
4605 61.0
4606 61.0
4607 61.0
4608 61.0
4609 61.0
4610 61.0
4611 61.0
4612 61.0
4613 61.0
4614 61.0
4615 61.0
4616 61.0
4617 61.0
4618 61.0
4619 61.0
4620 61.0
4621 61.0
4622 61.0
4623 61.0
4624 61.0
4625 61.0
4626 61.0
4627 61.0
4628 61.0
4629 61.0
4630 61.0
4631 61.0
4632 61.0
4633 61.0
4634 61.0
4635 61.0
4636 61.0
4637 61.0
4638 61.0
4639 61.0
4640 61.0
4641 61.0
4642 61.0
4643 61.0
4644 61.0
4645 61.0
4646 61.0
4647 61.0
4648 61.0
4649 61.0
4650 61.0
4651 61.0
4652 61.0
4653 61.0
4654 61.0
4655 61.0
4656 61.0
4657 61.0
4658 61.0
4659 61.0
4660 61.0
4661 61.0
4662 61.0
4663 61.0
4664 61.0
4665 61.0
4666 61.0
4667 61.0
4668 61.0
4669 61.0
4670 61.0
4671 61.0
4672 61.0
4673 61.0
4674 61.0
4675 61.0
4676 61.0
4677 61.0
4678 61.0
4679 61.0
4680 61.0
4681 61.0
4682 61.0
4683 61.0
4684 61.0
4685 61.0
4686 61.0
4687 61.0
4688 61.0
4689 61.0
4690 61.0
4691 61.0
4692 61.0
4693 61.0
4694 61.0
4695 61.0
4696 61.0
4697 61.0
4698 61.0
4699 61.0
4700 61.0
4701 61.0
4702 61.0
4703 61.0
4704 61.0
4705 61.0
4706 61.0
4707 61.0
4708 61.0
4709 61.0
4710 61.0
4711 61.0
4712 61.0
4713 61.0
4714 61.0
4715 61.0
4716 61.0
4717 61.0
4718 61.0
4719 61.0
4720 61.0
4721 61.0
4722 61.0
4723 61.0
4724 61.0
4725 61.0
4726 61.0
4727 61.0
4728 61.0
4729 61.0
4730 61.0
4731 61.0
4732 61.0
4733 61.0
4734 61.0
4735 61.0
4736 61.0
4737 61.0
4738 61.0
4739 61.0
4740 61.0
4741 61.0
4742 61.0
4743 61.0
4744 61.0
4745 61.0
4746 61.0
4747 61.0
4748 61.0
4749 61.0
4750 61.0
4751 61.0
4752 61.0
4753 61.0
4754 61.0
4755 61.0
4756 61.0
4757 61.0
4758 61.0
4759 61.0
4760 61.0
4761 61.0
4762 61.0
4763 61.0
4764 61.0
4765 61.0
4766 61.0
4767 61.0
4768 61.0
4769 61.0
4770 61.0
4771 61.0
4772 61.0
4773 61.0
4774 61.0
4775 61.0
4776 61.0
4777 61.0
4778 61.0
4779 61.0
4780 61.0
4781 61.0
4782 61.0
4783 61.0
4784 61.0
4785 61.0
4786 61.0
4787 61.0
4788 61.0
4789 61.0
4790 61.0
4791 61.0
4792 61.0
4793 61.0
4794 61.0
4795 61.0
4796 61.0
4797 61.0
4798 61.0
4799 61.0
4800 61.0
4801 61.0
4802 61.0
4803 61.0
4804 61.0
4805 61.0
4806 61.0
4807 61.0
4808 61.0
4809 61.0
4810 61.0
4811 61.0
4812 61.0
4813 61.0
4814 61.0
4815 61.0
4816 61.0
4817 61.0
4818 61.0
4819 61.0
4820 61.0
4821 61.0
4822 61.0
4823 61.0
4824 61.0
4825 61.0
4826 61.0
4827 61.0
4828 61.0
4829 61.0
4830 61.0
4831 61.0
4832 61.0
4833 61.0
4834 61.0
4835 61.0
4836 61.0
4837 61.0
4838 61.0
4839 61.0
4840 61.0
4841 61.0
4842 61.0
4843 61.0
4844 61.0
4845 61.0
4846 61.0
4847 61.0
4848 61.0
4849 61.0
4850 61.0
4851 61.0
4852 61.0
4853 61.0
4854 61.0
4855 61.0
4856 61.0
4857 61.0
4858 61.0
4859 61.0
4860 61.0
4861 61.0
4862 61.0
4863 61.0
4864 61.0
4865 61.0
4866 61.0
4867 61.0
4868 61.0
4869 61.0
4870 61.0
4871 61.0
4872 61.0
4873 61.0
4874 61.0
4875 61.0
4876 61.0
4877 61.0
4878 61.0
4879 61.0
4880 61.0
4881 61.0
4882 61.0
4883 61.0
4884 61.0
4885 61.0
4886 61.0
4887 61.0
4888 61.0
4889 61.0
4890 61.0
4891 61.0
4892 61.0
4893 61.0
4894 61.0
4895 61.0
4896 61.0
4897 61.0
4898 61.0
4899 61.0
4900 61.0
4901 61.0
4902 61.0
4903 61.0
4904 61.0
4905 61.0
4906 61.0
4907 61.0
4908 61.0
4909 61.0
4910 61.0
4911 61.0
4912 61.0
4913 61.0
4914 61.0
4915 61.0
4916 61.0
4917 61.0
4918 61.0
4919 61.0
4920 61.0
4921 61.0
4922 61.0
4923 61.0
4924 61.0
4925 61.0
4926 61.0
4927 61.0
4928 61.0
4929 61.0
4930 61.0
4931 61.0
4932 61.0
4933 61.0
4934 61.0
4935 61.0
4936 61.0
4937 61.0
4938 61.0
4939 61.0
4940 61.0
4941 61.0
4942 61.0
4943 61.0
4944 61.0
4945 61.0
4946 61.0
4947 61.0
4948 61.0
4949 61.0
4950 61.0
4951 61.0
4952 61.0
4953 61.0
4954 61.0
4955 61.0
4956 61.0
4957 61.0
4958 61.0
4959 61.0
4960 61.0
4961 61.0
4962 61.0
4963 61.0
4964 61.0
4965 61.0
4966 61.0
4967 61.0
4968 61.0
4969 61.0
4970 61.0
4971 61.0
4972 61.0
4973 61.0
4974 61.0
4975 61.0
4976 61.0
4977 61.0
4978 61.0
4979 61.0
4980 61.0
4981 61.0
4982 61.0
4983 61.0
4984 61.0
4985 61.0
4986 61.0
4987 61.0
4988 61.0
4989 61.0
4990 61.0
4991 61.0
4992 61.0
4993 61.0
4994 61.0
4995 61.0
4996 61.0
4997 61.0
4998 61.0
4999 61.0
5000 61.0
5001 61.0
5002 61.0
5003 61.0
5004 61.0
5005 61.0
5006 61.0
5007 61.0
5008 61.0
5009 61.0
5010 61.0
5011 61.0
5012 61.0
5013 61.0
5014 61.0
5015 61.0
5016 61.0
5017 61.0
5018 61.0
5019 61.0
5020 61.0
5021 61.0
5022 61.0
5023 61.0
5024 61.0
5025 61.0
5026 61.0
5027 61.0
5028 61.0
5029 61.0
5030 61.0
5031 61.0
5032 61.0
5033 61.0
5034 61.0
5035 61.0
5036 61.0
5037 61.0
5038 61.0
5039 61.0
5040 61.0
5041 61.0
5042 61.0
5043 61.0
5044 61.0
5045 61.0
5046 61.0
5047 61.0
5048 61.0
5049 61.0
5050 61.0
5051 61.0
5052 61.0
5053 61.0
5054 61.0
5055 61.0
5056 61.0
5057 61.0
5058 61.0
5059 61.0
5060 61.0
5061 61.0
5062 61.0
5063 61.0
5064 61.0
5065 61.0
5066 61.0
5067 61.0
5068 61.0
5069 61.0
5070 61.0
5071 61.0
5072 61.0
5073 61.0
5074 61.0
5075 61.0
5076 61.0
5077 61.0
5078 61.0
5079 61.0
5080 61.0
5081 61.0
5082 61.0
5083 61.0
5084 61.0
5085 61.0
5086 61.0
5087 61.0
5088 61.0
5089 61.0
5090 61.0
5091 61.0
5092 61.0
5093 61.0
5094 61.0
5095 61.0
5096 61.0
5097 61.0
5098 61.0
5099 61.0
5100 61.0
5101 61.0
5102 61.0
5103 61.0
5104 61.0
5105 61.0
5106 61.0
5107 61.0
5108 61.0
5109 61.0
5110 61.0
5111 61.0
5112 61.0
5113 61.0
5114 61.0
5115 61.0
5116 61.0
5117 61.0
5118 61.0
5119 61.0
5120 61.0
5121 61.0
5122 61.0
5123 61.0
5124 61.0
5125 61.0
5126 61.0
5127 61.0
5128 61.0
5129 61.0
5130 61.0
5131 61.0
5132 61.0
5133 61.0
5134 61.0
5135 61.0
5136 61.0
5137 61.0
5138 61.0
5139 61.0
5140 61.0
5141 61.0
5142 61.0
5143 61.0
5144 61.0
5145 61.0
5146 61.0
5147 61.0
5148 61.0
5149 61.0
5150 61.0
5151 61.0
5152 61.0
5153 61.0
5154 61.0
5155 61.0
5156 61.0
5157 61.0
5158 61.0
5159 61.0
5160 61.0
5161 61.0
5162 61.0
5163 61.0
5164 61.0
5165 61.0
5166 61.0
5167 61.0
5168 61.0
5169 61.0
5170 61.0
5171 61.0
5172 61.0
5173 61.0
5174 61.0
5175 61.0
5176 61.0
5177 61.0
5178 61.0
5179 61.0
5180 61.0
5181 61.0
5182 61.0
5183 61.0
5184 61.0
5185 61.0
5186 61.0
5187 61.0
5188 61.0
5189 61.0
5190 61.0
5191 61.0
5192 61.0
5193 61.0
5194 61.0
5195 61.0
5196 61.0
5197 61.0
5198 61.0
5199 61.0
5200 61.0
5201 61.0
5202 61.0
5203 61.0
5204 61.0
5205 61.0
5206 61.0
5207 61.0
5208 61.0
5209 61.0
5210 61.0
5211 61.0
5212 61.0
5213 61.0
5214 61.0
5215 61.0
5216 61.0
5217 61.0
5218 61.0
5219 61.0
5220 61.0
5221 61.0
5222 61.0
5223 61.0
5224 61.0
5225 61.0
5226 61.0
5227 61.0
5228 61.0
5229 61.0
5230 61.0
5231 61.0
5232 61.0
5233 61.0
5234 61.0
5235 61.0
5236 61.0
5237 61.0
5238 61.0
5239 61.0
5240 61.0
5241 61.0
5242 61.0
5243 61.0
5244 61.0
5245 61.0
5246 61.0
5247 61.0
5248 61.0
5249 61.0
5250 61.0
5251 61.0
5252 61.0
5253 61.0
5254 61.0
5255 61.0
5256 61.0
5257 61.0
5258 61.0
5259 61.0
5260 61.0
5261 61.0
5262 61.0
5263 61.0
5264 61.0
5265 61.0
5266 61.0
5267 61.0
5268 61.0
5269 61.0
5270 61.0
5271 61.0
5272 61.0
5273 61.0
5274 61.0
5275 61.0
5276 61.0
5277 61.0
5278 61.0
5279 61.0
5280 61.0
5281 61.0
5282 61.0
5283 61.0
5284 61.0
5285 61.0
5286 61.0
5287 61.0
5288 61.0
5289 61.0
5290 61.0
5291 61.0
5292 61.0
5293 61.0
5294 61.0
5295 61.0
5296 61.0
5297 61.0
5298 61.0
5299 61.0
5300 61.0
5301 61.0
5302 61.0
5303 61.0
5304 61.0
5305 61.0
5306 61.0
5307 61.0
5308 61.0
5309 61.0
5310 61.0
5311 61.0
5312 61.0
5313 61.0
5314 61.0
5315 61.0
5316 61.0
5317 61.0
5318 61.0
5319 61.0
5320 61.0
5321 61.0
5322 61.0
5323 61.0
5324 61.0
5325 61.0
5326 61.0
5327 61.0
5328 61.0
5329 61.0
5330 61.0
5331 61.0
5332 61.0
5333 61.0
5334 61.0
5335 61.0
5336 61.0
5337 61.0
5338 61.0
5339 61.0
5340 61.0
5341 61.0
5342 61.0
5343 61.0
5344 61.0
5345 61.0
5346 61.0
5347 61.0
5348 61.0
5349 61.0
5350 61.0
5351 61.0
5352 61.0
5353 61.0
5354 61.0
5355 61.0
5356 61.0
5357 61.0
5358 61.0
5359 61.0
5360 61.0
5361 61.0
5362 61.0
5363 61.0
5364 61.0
5365 61.0
5366 61.0
5367 61.0
5368 61.0
5369 61.0
5370 61.0
5371 61.0
5372 61.0
5373 61.0
5374 61.0
5375 61.0
5376 61.0
5377 61.0
5378 61.0
5379 61.0
5380 61.0
5381 61.0
5382 61.0
5383 61.0
5384 61.0
5385 61.0
5386 61.0
5387 61.0
5388 61.0
5389 61.0
5390 61.0
5391 61.0
5392 61.0
5393 61.0
5394 61.0
5395 61.0
5396 61.0
5397 61.0
5398 61.0
5399 61.0
5400 61.0
5401 61.0
5402 61.0
5403 61.0
5404 61.0
5405 61.0
5406 61.0
5407 61.0
5408 61.0
5409 61.0
5410 61.0
5411 61.0
5412 61.0
5413 61.0
5414 61.0
5415 61.0
5416 61.0
5417 61.0
5418 61.0
5419 61.0
5420 61.0
5421 61.0
5422 61.0
5423 61.0
5424 61.0
5425 61.0
5426 61.0
5427 61.0
5428 61.0
5429 61.0
5430 61.0
5431 61.0
5432 61.0
5433 61.0
5434 61.0
5435 61.0
5436 61.0
5437 61.0
5438 61.0
5439 61.0
5440 61.0
5441 61.0
5442 61.0
5443 61.0
5444 61.0
5445 61.0
5446 61.0
5447 61.0
5448 61.0
5449 61.0
5450 61.0
5451 61.0
5452 61.0
5453 61.0
5454 61.0
5455 61.0
5456 61.0
5457 61.0
5458 61.0
5459 61.0
5460 61.0
5461 61.0
5462 61.0
5463 61.0
5464 61.0
5465 61.0
5466 61.0
5467 61.0
5468 61.0
5469 61.0
5470 61.0
5471 61.0
5472 61.0
5473 61.0
5474 61.0
5475 61.0
5476 61.0
5477 61.0
5478 61.0
5479 61.0
5480 61.0
5481 61.0
5482 61.0
5483 61.0
5484 61.0
5485 61.0
5486 61.0
5487 61.0
5488 61.0
5489 61.0
5490 61.0
5491 61.0
5492 61.0
5493 61.0
5494 61.0
5495 61.0
5496 61.0
5497 61.0
5498 61.0
5499 61.0
5500 61.0
5501 61.0
5502 61.0
5503 61.0
5504 61.0
5505 61.0
5506 61.0
5507 61.0
5508 61.0
5509 61.0
5510 61.0
5511 61.0
5512 61.0
5513 61.0
5514 61.0
5515 61.0
5516 61.0
5517 61.0
5518 61.0
5519 61.0
5520 61.0
5521 61.0
5522 61.0
5523 61.0
5524 61.0
5525 61.0
5526 61.0
5527 61.0
5528 61.0
5529 61.0
5530 61.0
5531 61.0
5532 61.0
5533 61.0
5534 61.0
5535 61.0
5536 61.0
5537 61.0
5538 61.0
5539 61.0
5540 61.0
5541 61.0
5542 61.0
5543 61.0
5544 61.0
5545 61.0
5546 61.0
5547 61.0
5548 61.0
5549 61.0
5550 61.0
5551 61.0
5552 61.0
5553 61.0
5554 61.0
5555 61.0
5556 61.0
5557 61.0
5558 61.0
5559 61.0
5560 61.0
5561 61.0
5562 61.0
5563 61.0
5564 61.0
5565 61.0
5566 61.0
5567 61.0
5568 61.0
5569 61.0
5570 61.0
5571 61.0
5572 61.0
5573 61.0
5574 61.0
5575 61.0
5576 61.0
5577 61.0
5578 61.0
5579 61.0
5580 61.0
5581 61.0
5582 61.0
5583 61.0
5584 61.0
5585 61.0
5586 61.0
5587 61.0
5588 61.0
5589 61.0
5590 61.0
5591 61.0
5592 61.0
5593 61.0
5594 61.0
5595 61.0
5596 61.0
5597 61.0
5598 61.0
5599 61.0
5600 61.0
5601 61.0
5602 61.0
5603 61.0
5604 61.0
5605 61.0
5606 61.0
5607 61.0
5608 61.0
5609 61.0
5610 61.0
5611 61.0
5612 61.0
5613 61.0
5614 61.0
5615 61.0
5616 61.0
5617 61.0
5618 61.0
5619 61.0
5620 61.0
5621 61.0
5622 61.0
5623 61.0
5624 61.0
5625 61.0
5626 61.0
5627 61.0
5628 61.0
5629 61.0
5630 61.0
5631 61.0
5632 61.0
5633 61.0
5634 61.0
5635 61.0
5636 61.0
5637 61.0
5638 61.0
5639 61.0
5640 61.0
5641 61.0
5642 61.0
5643 61.0
5644 61.0
5645 61.0
5646 61.0
5647 61.0
5648 61.0
5649 61.0
5650 61.0
5651 61.0
5652 61.0
5653 61.0
5654 61.0
5655 61.0
5656 61.0
5657 61.0
5658 61.0
5659 61.0
5660 61.0
5661 61.0
5662 61.0
5663 61.0
5664 61.0
5665 61.0
5666 61.0
5667 61.0
5668 61.0
5669 61.0
5670 61.0
5671 61.0
5672 61.0
5673 61.0
5674 61.0
5675 61.0
5676 61.0
5677 61.0
5678 61.0
5679 61.0
5680 61.0
5681 61.0
5682 61.0
5683 61.0
5684 61.0
5685 61.0
5686 61.0
5687 61.0
5688 61.0
5689 61.0
5690 61.0
5691 61.0
5692 61.0
5693 61.0
5694 61.0
5695 61.0
5696 61.0
5697 61.0
5698 61.0
5699 61.0
5700 61.0
5701 61.0
5702 61.0
5703 61.0
5704 61.0
5705 61.0
5706 61.0
5707 61.0
5708 61.0
5709 61.0
5710 61.0
5711 61.0
5712 61.0
5713 61.0
5714 61.0
5715 61.0
5716 61.0
5717 61.0
5718 61.0
5719 61.0
5720 61.0
5721 61.0
5722 61.0
5723 61.0
5724 61.0
5725 61.0
5726 61.0
5727 61.0
5728 61.0
5729 61.0
5730 61.0
5731 61.0
5732 61.0
5733 61.0
5734 61.0
5735 61.0
5736 61.0
5737 61.0
5738 61.0
5739 61.0
5740 61.0
5741 61.0
5742 61.0
5743 61.0
5744 61.0
5745 61.0
5746 61.0
5747 61.0
5748 61.0
5749 61.0
5750 61.0
5751 61.0
5752 61.0
5753 61.0
5754 61.0
5755 61.0
5756 61.0
5757 61.0
5758 61.0
5759 61.0
5760 61.0
5761 61.0
5762 61.0
5763 61.0
5764 61.0
5765 61.0
5766 61.0
5767 61.0
5768 61.0
5769 61.0
5770 61.0
5771 61.0
5772 61.0
5773 61.0
5774 61.0
5775 61.0
5776 61.0
5777 61.0
5778 61.0
5779 61.0
5780 61.0
5781 61.0
5782 61.0
5783 61.0
5784 61.0
5785 61.0
5786 61.0
5787 61.0
5788 61.0
5789 61.0
5790 61.0
5791 61.0
5792 61.0
5793 61.0
5794 61.0
5795 61.0
5796 61.0
5797 61.0
5798 61.0
5799 61.0
5800 61.0
5801 61.0
5802 61.0
5803 61.0
5804 61.0
5805 61.0
5806 61.0
5807 61.0
5808 61.0
5809 61.0
5810 61.0
5811 61.0
5812 61.0
5813 61.0
5814 61.0
5815 61.0
5816 61.0
5817 61.0
5818 61.0
5819 61.0
5820 61.0
5821 61.0
5822 61.0
5823 61.0
5824 61.0
5825 61.0
5826 61.0
5827 61.0
5828 61.0
5829 61.0
5830 61.0
5831 61.0
5832 61.0
5833 61.0
5834 61.0
5835 61.0
5836 61.0
5837 61.0
5838 61.0
5839 61.0
5840 61.0
5841 61.0
5842 61.0
5843 61.0
5844 61.0
5845 61.0
5846 61.0
5847 61.0
5848 61.0
5849 61.0
5850 61.0
5851 61.0
5852 61.0
5853 61.0
5854 61.0
5855 61.0
5856 61.0
5857 61.0
5858 61.0
5859 61.0
5860 61.0
5861 61.0
5862 61.0
5863 61.0
5864 61.0
5865 61.0
5866 61.0
5867 61.0
5868 61.0
5869 61.0
5870 61.0
5871 61.0
5872 61.0
5873 61.0
5874 61.0
5875 61.0
5876 61.0
5877 61.0
5878 61.0
5879 61.0
5880 61.0
5881 61.0
5882 61.0
5883 61.0
5884 61.0
5885 61.0
5886 61.0
5887 61.0
5888 61.0
5889 61.0
5890 61.0
5891 61.0
5892 61.0
5893 61.0
5894 61.0
5895 61.0
5896 61.0
5897 61.0
5898 61.0
5899 61.0
5900 61.0
5901 61.0
5902 61.0
5903 61.0
5904 61.0
5905 61.0
5906 61.0
5907 61.0
5908 61.0
5909 61.0
5910 61.0
5911 61.0
5912 61.0
5913 61.0
5914 61.0
5915 61.0
5916 61.0
5917 61.0
5918 61.0
5919 61.0
5920 61.0
5921 61.0
5922 61.0
5923 61.0
5924 61.0
5925 61.0
5926 61.0
5927 61.0
5928 61.0
5929 61.0
5930 61.0
5931 61.0
5932 61.0
5933 61.0
5934 61.0
5935 61.0
5936 61.0
5937 61.0
5938 61.0
5939 61.0
5940 61.0
5941 61.0
5942 61.0
5943 61.0
5944 61.0
5945 61.0
5946 61.0
5947 61.0
5948 61.0
5949 61.0
5950 61.0
5951 61.0
5952 61.0
5953 61.0
5954 61.0
5955 61.0
5956 61.0
5957 61.0
5958 61.0
5959 61.0
5960 61.0
5961 61.0
5962 61.0
5963 61.0
5964 61.0
5965 61.0
5966 61.0
5967 61.0
5968 61.0
5969 61.0
5970 61.0
5971 61.0
5972 61.0
5973 61.0
5974 61.0
5975 61.0
5976 61.0
5977 61.0
5978 61.0
5979 61.0
5980 61.0
5981 61.0
5982 61.0
5983 61.0
5984 61.0
5985 61.0
5986 61.0
5987 61.0
5988 61.0
5989 61.0
5990 61.0
5991 61.0
5992 61.0
5993 61.0
5994 61.0
5995 61.0
5996 61.0
5997 61.0
5998 61.0
5999 61.0
6000 61.0
6001 61.0
6002 61.0
6003 61.0
6004 61.0
6005 61.0
6006 61.0
6007 61.0
6008 61.0
6009 61.0
6010 61.0
6011 61.0
6012 61.0
6013 61.0
6014 61.0
6015 61.0
6016 61.0
6017 61.0
6018 61.0
6019 61.0
6020 61.0
6021 61.0
6022 61.0
6023 61.0
6024 61.0
6025 61.0
6026 61.0
6027 61.0
6028 61.0
6029 61.0
6030 61.0
6031 61.0
6032 61.0
6033 61.0
6034 61.0
6035 61.0
6036 61.0
6037 61.0
6038 61.0
6039 61.0
6040 61.0
6041 61.0
6042 61.0
6043 61.0
6044 61.0
6045 61.0
6046 61.0
6047 61.0
6048 61.0
6049 61.0
6050 61.0
6051 61.0
6052 61.0
6053 61.0
6054 61.0
6055 61.0
6056 61.0
6057 61.0
6058 61.0
6059 61.0
6060 61.0
6061 61.0
6062 61.0
6063 61.0
6064 61.0
6065 61.0
6066 61.0
6067 61.0
6068 61.0
6069 61.0
6070 61.0
6071 61.0
6072 61.0
6073 61.0
6074 61.0
6075 61.0
6076 61.0
6077 61.0
6078 61.0
6079 61.0
6080 61.0
6081 61.0
6082 61.0
6083 61.0
6084 61.0
6085 61.0
6086 61.0
6087 61.0
6088 61.0
6089 61.0
6090 61.0
6091 61.0
6092 61.0
6093 61.0
6094 61.0
6095 61.0
6096 61.0
6097 61.0
6098 61.0
6099 61.0
6100 61.0
6101 61.0
6102 61.0
6103 61.0
6104 61.0
6105 61.0
6106 61.0
6107 61.0
6108 61.0
6109 61.0
6110 61.0
6111 61.0
6112 61.0
6113 61.0
6114 61.0
6115 61.0
6116 61.0
6117 61.0
6118 61.0
6119 61.0
6120 61.0
6121 61.0
6122 61.0
6123 61.0
6124 61.0
6125 61.0
6126 61.0
6127 61.0
6128 61.0
6129 61.0
6130 61.0
6131 61.0
6132 61.0
6133 61.0
6134 61.0
6135 61.0
6136 61.0
6137 61.0
6138 61.0
6139 61.0
6140 61.0
6141 61.0
6142 61.0
6143 61.0
6144 61.0
6145 61.0
6146 61.0
6147 61.0
6148 61.0
6149 61.0
6150 61.0
6151 61.0
6152 61.0
6153 61.0
6154 61.0
6155 61.0
6156 61.0
6157 61.0
6158 61.0
6159 61.0
6160 61.0
6161 61.0
6162 61.0
6163 61.0
6164 61.0
6165 61.0
6166 61.0
6167 61.0
6168 61.0
6169 61.0
6170 61.0
6171 61.0
6172 61.0
6173 61.0
6174 61.0
6175 61.0
6176 61.0
6177 61.0
6178 61.0
6179 61.0
6180 61.0
6181 61.0
6182 61.0
6183 61.0
6184 61.0
6185 61.0
6186 61.0
6187 61.0
6188 61.0
6189 61.0
6190 61.0
6191 61.0
6192 61.0
6193 61.0
6194 61.0
6195 61.0
6196 61.0
6197 61.0
6198 61.0
6199 61.0
6200 61.0
6201 61.0
6202 61.0
6203 61.0
6204 61.0
6205 61.0
6206 61.0
6207 61.0
6208 61.0
6209 61.0
6210 61.0
6211 61.0
6212 61.0
6213 61.0
6214 61.0
6215 61.0
6216 61.0
6217 61.0
6218 61.0
6219 61.0
6220 61.0
6221 61.0
6222 61.0
6223 61.0
6224 61.0
6225 61.0
6226 61.0
6227 61.0
6228 61.0
6229 61.0
6230 61.0
6231 61.0
6232 61.0
6233 61.0
6234 61.0
6235 61.0
6236 61.0
6237 61.0
6238 61.0
6239 61.0
6240 61.0
6241 61.0
6242 61.0
6243 61.0
6244 61.0
6245 61.0
6246 61.0
6247 61.0
6248 61.0
6249 61.0
6250 61.0
6251 61.0
6252 61.0
6253 61.0
6254 61.0
6255 61.0
6256 61.0
6257 61.0
6258 61.0
6259 61.0
6260 61.0
6261 61.0
6262 61.0
6263 61.0
6264 61.0
6265 61.0
6266 61.0
6267 61.0
6268 61.0
6269 61.0
6270 61.0
6271 61.0
6272 61.0
6273 61.0
6274 61.0
6275 61.0
6276 61.0
6277 61.0
6278 61.0
6279 61.0
6280 61.0
6281 61.0
6282 61.0
6283 61.0
6284 61.0
6285 61.0
6286 61.0
6287 61.0
6288 61.0
6289 61.0
6290 61.0
6291 61.0
6292 61.0
6293 61.0
6294 61.0
6295 61.0
6296 61.0
6297 61.0
6298 61.0
6299 61.0
6300 61.0
6301 61.0
6302 61.0
6303 61.0
6304 61.0
6305 61.0
6306 61.0
6307 61.0
6308 61.0
6309 61.0
6310 61.0
6311 61.0
6312 61.0
6313 61.0
6314 61.0
6315 61.0
6316 61.0
6317 61.0
6318 61.0
6319 61.0
6320 61.0
6321 61.0
6322 61.0
6323 61.0
6324 61.0
6325 61.0
6326 61.0
6327 61.0
6328 61.0
6329 61.0
6330 61.0
6331 61.0
6332 61.0
6333 61.0
6334 61.0
6335 61.0
6336 61.0
6337 61.0
6338 61.0
6339 61.0
6340 61.0
6341 61.0
6342 61.0
6343 61.0
6344 61.0
6345 61.0
6346 61.0
6347 61.0
6348 61.0
6349 61.0
6350 61.0
6351 61.0
6352 61.0
6353 61.0
6354 61.0
6355 61.0
6356 61.0
6357 61.0
6358 61.0
6359 61.0
6360 61.0
6361 61.0
6362 61.0
6363 61.0
6364 61.0
6365 61.0
6366 61.0
6367 61.0
6368 61.0
6369 61.0
6370 61.0
6371 61.0
6372 61.0
6373 61.0
6374 61.0
6375 61.0
6376 61.0
6377 61.0
6378 61.0
6379 61.0
6380 61.0
6381 61.0
6382 61.0
6383 61.0
6384 61.0
6385 61.0
6386 61.0
6387 61.0
6388 61.0
6389 61.0
6390 61.0
6391 61.0
6392 61.0
6393 61.0
6394 61.0
6395 61.0
6396 61.0
6397 61.0
6398 61.0
6399 61.0
6400 61.0
6401 61.0
6402 61.0
6403 61.0
6404 61.0
6405 61.0
6406 61.0
6407 61.0
6408 61.0
6409 61.0
6410 61.0
6411 61.0
6412 61.0
6413 61.0
6414 61.0
6415 61.0
6416 61.0
6417 61.0
6418 61.0
6419 61.0
6420 61.0
6421 61.0
6422 61.0
6423 61.0
6424 61.0
6425 61.0
6426 61.0
6427 61.0
6428 61.0
6429 61.0
6430 61.0
6431 61.0
6432 61.0
6433 61.0
6434 61.0
6435 61.0
6436 61.0
6437 61.0
6438 61.0
6439 61.0
6440 61.0
6441 61.0
6442 61.0
6443 61.0
6444 61.0
6445 61.0
6446 61.0
6447 61.0
6448 61.0
6449 61.0
6450 61.0
6451 61.0
6452 61.0
6453 61.0
6454 61.0
6455 61.0
6456 61.0
6457 61.0
6458 61.0
6459 61.0
6460 61.0
6461 61.0
6462 61.0
6463 61.0
6464 61.0
6465 61.0
6466 61.0
6467 61.0
6468 61.0
6469 61.0
6470 61.0
6471 61.0
6472 61.0
6473 61.0
6474 61.0
6475 61.0
6476 61.0
6477 61.0
6478 61.0
6479 61.0
6480 61.0
6481 61.0
6482 61.0
6483 61.0
6484 61.0
6485 61.0
6486 61.0
6487 61.0
6488 61.0
6489 61.0
6490 61.0
6491 61.0
6492 61.0
6493 61.0
6494 61.0
6495 61.0
6496 61.0
6497 61.0
6498 61.0
6499 61.0
6500 61.0
6501 61.0
6502 61.0
6503 61.0
6504 61.0
6505 61.0
6506 61.0
6507 61.0
6508 61.0
6509 61.0
6510 61.0
6511 61.0
6512 61.0
6513 61.0
6514 61.0
6515 61.0
6516 61.0
6517 61.0
6518 61.0
6519 61.0
6520 61.0
6521 61.0
6522 61.0
6523 61.0
6524 61.0
6525 61.0
6526 61.0
6527 61.0
6528 61.0
6529 61.0
6530 61.0
6531 61.0
6532 61.0
6533 61.0
6534 61.0
6535 61.0
6536 61.0
6537 61.0
6538 61.0
6539 61.0
6540 61.0
6541 61.0
6542 61.0
6543 61.0
6544 61.0
6545 61.0
6546 61.0
6547 61.0
6548 61.0
6549 61.0
6550 61.0
6551 61.0
6552 61.0
6553 61.0
6554 61.0
6555 61.0
6556 61.0
6557 61.0
6558 61.0
6559 61.0
6560 61.0
6561 61.0
6562 61.0
6563 61.0
6564 61.0
6565 61.0
6566 61.0
6567 61.0
6568 61.0
6569 61.0
6570 61.0
6571 61.0
6572 61.0
6573 61.0
6574 61.0
6575 61.0
6576 61.0
6577 61.0
6578 61.0
6579 61.0
6580 61.0
6581 61.0
6582 61.0
6583 61.0
6584 61.0
6585 61.0
6586 61.0
6587 61.0
6588 61.0
6589 61.0
6590 61.0
6591 61.0
6592 61.0
6593 61.0
6594 61.0
6595 61.0
6596 61.0
6597 61.0
6598 61.0
6599 61.0
6600 61.0
6601 61.0
6602 61.0
6603 61.0
6604 61.0
6605 61.0
6606 61.0
6607 61.0
6608 61.0
6609 61.0
6610 61.0
6611 61.0
6612 61.0
6613 61.0
6614 61.0
6615 61.0
6616 61.0
6617 61.0
6618 61.0
6619 61.0
6620 61.0
6621 61.0
6622 61.0
6623 61.0
6624 61.0
6625 61.0
6626 61.0
6627 61.0
6628 61.0
6629 61.0
6630 61.0
6631 61.0
6632 61.0
6633 61.0
6634 61.0
6635 61.0
6636 61.0
6637 61.0
6638 61.0
6639 61.0
6640 61.0
6641 61.0
6642 61.0
6643 61.0
6644 61.0
6645 61.0
6646 61.0
6647 61.0
6648 61.0
6649 61.0
6650 61.0
6651 61.0
6652 61.0
6653 61.0
6654 61.0
6655 61.0
6656 61.0
6657 61.0
6658 61.0
6659 61.0
6660 61.0
6661 61.0
6662 61.0
6663 61.0
6664 61.0
6665 61.0
6666 61.0
6667 61.0
6668 61.0
6669 61.0
6670 61.0
6671 61.0
6672 61.0
6673 61.0
6674 61.0
6675 61.0
6676 61.0
6677 61.0
6678 61.0
6679 61.0
6680 61.0
6681 61.0
6682 61.0
6683 61.0
6684 61.0
6685 61.0
6686 61.0
6687 61.0
6688 61.0
6689 61.0
6690 61.0
6691 61.0
6692 61.0
6693 61.0
6694 61.0
6695 61.0
6696 61.0
6697 61.0
6698 61.0
6699 61.0
6700 61.0
6701 61.0
6702 61.0
6703 61.0
6704 61.0
6705 61.0
6706 61.0
6707 61.0
6708 61.0
6709 61.0
6710 61.0
6711 61.0
6712 61.0
6713 61.0
6714 61.0
6715 61.0
6716 61.0
6717 61.0
6718 61.0
6719 61.0
6720 61.0
6721 61.0
6722 61.0
6723 61.0
6724 61.0
6725 61.0
6726 61.0
6727 61.0
6728 61.0
6729 61.0
6730 61.0
6731 61.0
6732 61.0
6733 61.0
6734 61.0
6735 61.0
6736 61.0
6737 61.0
6738 61.0
6739 61.0
6740 61.0
6741 61.0
6742 61.0
6743 61.0
6744 61.0
6745 61.0
6746 61.0
6747 61.0
6748 61.0
6749 61.0
6750 61.0
6751 61.0
6752 61.0
6753 61.0
6754 61.0
6755 61.0
6756 61.0
6757 61.0
6758 61.0
6759 61.0
6760 61.0
6761 61.0
6762 61.0
6763 61.0
6764 61.0
6765 61.0
6766 61.0
6767 61.0
6768 61.0
6769 61.0
6770 61.0
6771 61.0
6772 61.0
6773 61.0
6774 61.0
6775 61.0
6776 61.0
6777 61.0
6778 61.0
6779 61.0
6780 61.0
6781 61.0
6782 61.0
6783 61.0
6784 61.0
6785 61.0
6786 61.0
6787 61.0
6788 61.0
6789 61.0
6790 61.0
6791 61.0
6792 61.0
6793 61.0
6794 61.0
6795 61.0
6796 61.0
6797 61.0
6798 61.0
6799 61.0
6800 61.0
6801 61.0
6802 61.0
6803 61.0
6804 61.0
6805 61.0
6806 61.0
6807 61.0
6808 61.0
6809 61.0
6810 61.0
6811 61.0
6812 61.0
6813 61.0
6814 61.0
6815 61.0
6816 61.0
6817 61.0
6818 61.0
6819 61.0
6820 61.0
6821 61.0
6822 61.0
6823 61.0
6824 61.0
6825 61.0
6826 61.0
6827 61.0
6828 61.0
6829 61.0
6830 61.0
6831 61.0
6832 61.0
6833 61.0
6834 61.0
6835 61.0
6836 61.0
6837 61.0
6838 61.0
6839 61.0
6840 61.0
6841 61.0
6842 61.0
6843 61.0
6844 61.0
6845 61.0
6846 61.0
6847 61.0
6848 61.0
6849 61.0
6850 61.0
6851 61.0
6852 61.0
6853 61.0
6854 61.0
6855 61.0
6856 61.0
6857 61.0
6858 61.0
6859 61.0
6860 61.0
6861 61.0
6862 61.0
6863 61.0
6864 61.0
6865 61.0
6866 61.0
6867 61.0
6868 61.0
6869 61.0
6870 61.0
6871 61.0
6872 61.0
6873 61.0
6874 61.0
6875 61.0
6876 61.0
6877 61.0
6878 61.0
6879 61.0
6880 61.0
6881 61.0
6882 61.0
6883 61.0
6884 61.0
6885 61.0
6886 61.0
6887 61.0
6888 61.0
6889 61.0
6890 61.0
6891 61.0
6892 61.0
6893 61.0
6894 61.0
6895 61.0
6896 61.0
6897 61.0
6898 61.0
6899 61.0
6900 61.0
6901 61.0
6902 61.0
6903 61.0
6904 61.0
6905 61.0
6906 61.0
6907 61.0
6908 61.0
6909 61.0
6910 61.0
6911 61.0
6912 61.0
6913 61.0
6914 61.0
6915 61.0
6916 61.0
6917 61.0
6918 61.0
6919 61.0
6920 61.0
6921 61.0
6922 61.0
6923 61.0
6924 61.0
6925 61.0
6926 61.0
6927 61.0
6928 61.0
6929 61.0
6930 61.0
6931 61.0
6932 61.0
6933 61.0
6934 61.0
6935 61.0
6936 61.0
6937 61.0
6938 61.0
6939 61.0
6940 61.0
6941 61.0
6942 61.0
6943 61.0
6944 61.0
6945 61.0
6946 61.0
6947 61.0
6948 61.0
6949 61.0
6950 61.0
6951 61.0
6952 61.0
6953 61.0
6954 61.0
6955 61.0
6956 61.0
6957 61.0
6958 61.0
6959 61.0
6960 61.0
6961 61.0
6962 61.0
6963 61.0
6964 61.0
6965 61.0
6966 61.0
6967 61.0
6968 61.0
6969 61.0
6970 61.0
6971 61.0
6972 61.0
6973 61.0
6974 61.0
6975 61.0
6976 61.0
6977 61.0
6978 61.0
6979 61.0
6980 61.0
6981 61.0
6982 61.0
6983 61.0
6984 61.0
6985 61.0
6986 61.0
6987 61.0
6988 61.0
6989 61.0
6990 61.0
6991 61.0
6992 61.0
6993 61.0
6994 61.0
6995 61.0
6996 61.0
6997 61.0
6998 61.0
6999 61.0
7000 61.0
7001 61.0
7002 61.0
7003 61.0
7004 61.0
7005 61.0
7006 61.0
7007 61.0
7008 61.0
7009 61.0
7010 61.0
7011 61.0
7012 61.0
7013 61.0
7014 61.0
7015 61.0
7016 61.0
7017 61.0
7018 61.0
7019 61.0
7020 61.0
7021 61.0
7022 61.0
7023 61.0
7024 61.0
7025 61.0
7026 61.0
7027 61.0
7028 61.0
7029 61.0
7030 61.0
7031 61.0
7032 61.0
7033 61.0
7034 61.0
7035 61.0
7036 61.0
7037 61.0
7038 61.0
7039 61.0
7040 61.0
7041 61.0
7042 61.0
7043 61.0
7044 61.0
7045 61.0
7046 61.0
7047 61.0
7048 61.0
7049 61.0
7050 61.0
7051 61.0
7052 61.0
7053 61.0
7054 61.0
7055 61.0
7056 61.0
7057 61.0
7058 61.0
7059 61.0
7060 61.0
7061 61.0
7062 61.0
7063 61.0
7064 61.0
7065 61.0
7066 61.0
7067 61.0
7068 61.0
7069 61.0
7070 61.0
7071 61.0
7072 61.0
7073 61.0
7074 61.0
7075 61.0
7076 61.0
7077 61.0
7078 61.0
7079 61.0
7080 61.0
7081 61.0
7082 61.0
7083 61.0
7084 61.0
7085 61.0
7086 61.0
7087 61.0
7088 61.0
7089 61.0
7090 61.0
7091 61.0
7092 61.0
7093 61.0
7094 61.0
7095 61.0
7096 61.0
7097 61.0
7098 61.0
7099 61.0
7100 61.0
7101 61.0
7102 61.0
7103 61.0
7104 61.0
7105 61.0
7106 61.0
7107 61.0
7108 61.0
7109 61.0
7110 61.0
7111 61.0
7112 61.0
7113 61.0
7114 61.0
7115 61.0
7116 61.0
7117 61.0
7118 61.0
7119 61.0
7120 61.0
7121 61.0
7122 61.0
7123 61.0
7124 61.0
7125 61.0
7126 61.0
7127 61.0
7128 61.0
7129 61.0
7130 61.0
7131 61.0
7132 61.0
7133 61.0
7134 61.0
7135 61.0
7136 61.0
7137 61.0
7138 61.0
7139 61.0
7140 61.0
7141 61.0
7142 61.0
7143 61.0
7144 61.0
7145 61.0
7146 61.0
7147 61.0
7148 61.0
7149 61.0
7150 61.0
7151 61.0
7152 61.0
7153 61.0
7154 61.0
7155 61.0
7156 61.0
7157 61.0
7158 61.0
7159 61.0
7160 61.0
7161 61.0
7162 61.0
7163 61.0
7164 61.0
7165 61.0
7166 61.0
7167 61.0
7168 61.0
7169 61.0
7170 61.0
7171 61.0
7172 61.0
7173 61.0
7174 61.0
7175 61.0
7176 61.0
7177 61.0
7178 61.0
7179 61.0
7180 61.0
7181 61.0
7182 61.0
7183 61.0
7184 61.0
7185 61.0
7186 61.0
7187 61.0
7188 61.0
7189 61.0
7190 61.0
7191 61.0
7192 61.0
7193 61.0
7194 61.0
7195 61.0
7196 61.0
7197 61.0
7198 61.0
7199 61.0
7200 61.0
7201 61.0
7202 61.0
7203 61.0
7204 61.0
7205 61.0
7206 61.0
7207 61.0
7208 61.0
7209 61.0
7210 61.0
7211 61.0
7212 61.0
7213 61.0
7214 61.0
7215 61.0
7216 61.0
7217 61.0
7218 61.0
7219 61.0
7220 61.0
7221 61.0
7222 61.0
7223 61.0
7224 61.0
7225 61.0
7226 61.0
7227 61.0
7228 61.0
7229 61.0
7230 61.0
7231 61.0
7232 61.0
7233 61.0
7234 61.0
7235 61.0
7236 61.0
7237 61.0
7238 61.0
7239 61.0
7240 61.0
7241 61.0
7242 61.0
7243 61.0
7244 61.0
7245 61.0
7246 61.0
7247 61.0
7248 61.0
7249 61.0
7250 61.0
7251 61.0
7252 61.0
7253 61.0
7254 61.0
7255 61.0
7256 61.0
7257 61.0
7258 61.0
7259 61.0
7260 61.0
7261 61.0
7262 61.0
7263 61.0
7264 61.0
7265 61.0
7266 61.0
7267 61.0
7268 61.0
7269 61.0
7270 61.0
7271 61.0
7272 61.0
7273 61.0
7274 61.0
7275 61.0
7276 61.0
7277 61.0
7278 61.0
7279 61.0
7280 61.0
7281 61.0
7282 61.0
7283 61.0
7284 61.0
7285 61.0
7286 61.0
7287 61.0
7288 61.0
7289 61.0
7290 61.0
7291 61.0
7292 61.0
7293 61.0
7294 61.0
7295 61.0
7296 61.0
7297 61.0
7298 61.0
7299 61.0
7300 61.0
7301 61.0
7302 61.0
7303 61.0
7304 61.0
7305 61.0
7306 61.0
7307 61.0
7308 61.0
7309 61.0
7310 61.0
7311 61.0
7312 61.0
7313 61.0
7314 61.0
7315 61.0
7316 61.0
7317 61.0
7318 61.0
7319 61.0
7320 61.0
7321 61.0
7322 61.0
7323 61.0
7324 61.0
7325 61.0
7326 61.0
7327 61.0
7328 61.0
7329 61.0
7330 61.0
7331 61.0
7332 61.0
7333 61.0
7334 61.0
7335 61.0
7336 61.0
7337 61.0
7338 61.0
7339 61.0
7340 61.0
7341 61.0
7342 61.0
7343 61.0
7344 61.0
7345 61.0
7346 61.0
7347 61.0
7348 61.0
7349 61.0
7350 61.0
7351 61.0
7352 61.0
7353 61.0
7354 61.0
7355 61.0
7356 61.0
7357 61.0
7358 61.0
7359 61.0
7360 61.0
7361 61.0
7362 61.0
7363 61.0
7364 61.0
7365 61.0
7366 61.0
7367 61.0
7368 61.0
7369 61.0
7370 61.0
7371 61.0
7372 61.0
7373 61.0
7374 61.0
7375 61.0
7376 61.0
7377 61.0
7378 61.0
7379 61.0
7380 61.0
7381 61.0
7382 61.0
7383 61.0
7384 61.0
7385 61.0
7386 61.0
7387 61.0
7388 61.0
7389 61.0
7390 61.0
7391 61.0
7392 61.0
7393 61.0
7394 61.0
7395 61.0
7396 61.0
7397 61.0
7398 61.0
7399 61.0
7400 61.0
7401 61.0
7402 61.0
7403 61.0
7404 61.0
7405 61.0
7406 61.0
7407 61.0
7408 61.0
7409 61.0
7410 61.0
7411 61.0
7412 61.0
7413 61.0
7414 61.0
7415 61.0
7416 61.0
7417 61.0
7418 61.0
7419 61.0
7420 61.0
7421 61.0
7422 61.0
7423 61.0
7424 61.0
7425 61.0
7426 61.0
7427 61.0
7428 61.0
7429 61.0
7430 61.0
7431 61.0
7432 61.0
7433 61.0
7434 61.0
7435 61.0
7436 61.0
7437 61.0
7438 61.0
7439 61.0
7440 61.0
7441 61.0
7442 61.0
7443 61.0
7444 61.0
7445 61.0
7446 61.0
7447 61.0
7448 61.0
7449 61.0
7450 61.0
7451 61.0
7452 61.0
7453 61.0
7454 61.0
7455 61.0
7456 61.0
7457 61.0
7458 61.0
7459 61.0
7460 61.0
7461 61.0
7462 61.0
7463 61.0
7464 61.0
7465 61.0
7466 61.0
7467 61.0
7468 61.0
7469 61.0
7470 61.0
7471 61.0
7472 61.0
7473 61.0
7474 61.0
7475 61.0
7476 61.0
7477 61.0
7478 61.0
7479 61.0
7480 61.0
7481 61.0
7482 61.0
7483 61.0
7484 61.0
7485 61.0
7486 61.0
7487 61.0
7488 61.0
7489 61.0
7490 61.0
7491 61.0
7492 61.0
7493 61.0
7494 61.0
7495 61.0
7496 61.0
7497 61.0
7498 61.0
7499 61.0
7500 61.0
7501 61.0
7502 61.0
7503 61.0
7504 61.0
7505 61.0
7506 61.0
7507 61.0
7508 61.0
7509 61.0
7510 61.0
7511 61.0
7512 61.0
7513 61.0
7514 61.0
7515 61.0
7516 61.0
7517 61.0
7518 61.0
7519 61.0
7520 61.0
7521 61.0
7522 61.0
7523 61.0
7524 61.0
7525 61.0
7526 61.0
7527 61.0
7528 61.0
7529 61.0
7530 61.0
7531 61.0
7532 61.0
7533 61.0
7534 61.0
7535 61.0
7536 61.0
7537 61.0
7538 61.0
7539 61.0
7540 61.0
7541 61.0
7542 61.0
7543 61.0
7544 61.0
7545 61.0
7546 61.0
7547 61.0
7548 61.0
7549 61.0
7550 61.0
7551 61.0
7552 61.0
7553 61.0
7554 61.0
7555 61.0
7556 61.0
7557 61.0
7558 61.0
7559 61.0
7560 61.0
7561 61.0
7562 61.0
7563 61.0
7564 61.0
7565 61.0
7566 61.0
7567 61.0
7568 61.0
7569 61.0
7570 61.0
7571 61.0
7572 61.0
7573 61.0
7574 61.0
7575 61.0
7576 61.0
7577 61.0
7578 61.0
7579 61.0
7580 61.0
7581 61.0
7582 61.0
7583 61.0
7584 61.0
7585 61.0
7586 61.0
7587 61.0
7588 61.0
7589 61.0
7590 61.0
7591 61.0
7592 61.0
7593 61.0
7594 61.0
7595 61.0
7596 61.0
7597 61.0
7598 61.0
7599 61.0
7600 61.0
7601 61.0
7602 61.0
7603 61.0
7604 61.0
7605 61.0
7606 61.0
7607 61.0
7608 61.0
7609 61.0
7610 61.0
7611 61.0
7612 61.0
7613 61.0
7614 61.0
7615 61.0
7616 61.0
7617 61.0
7618 61.0
7619 61.0
7620 61.0
7621 61.0
7622 61.0
7623 61.0
7624 61.0
7625 61.0
7626 61.0
7627 61.0
7628 61.0
7629 61.0
7630 61.0
7631 61.0
7632 61.0
7633 61.0
7634 61.0
7635 61.0
7636 61.0
7637 61.0
7638 61.0
7639 61.0
7640 61.0
7641 61.0
7642 61.0
7643 61.0
7644 61.0
7645 61.0
7646 61.0
7647 61.0
7648 61.0
7649 61.0
7650 61.0
7651 61.0
7652 61.0
7653 61.0
7654 61.0
7655 61.0
7656 61.0
7657 61.0
7658 61.0
7659 61.0
7660 61.0
7661 61.0
7662 61.0
7663 61.0
7664 61.0
7665 61.0
7666 61.0
7667 61.0
7668 61.0
7669 61.0
7670 61.0
7671 61.0
7672 61.0
7673 61.0
7674 61.0
7675 61.0
7676 61.0
7677 61.0
7678 61.0
7679 61.0
7680 61.0
7681 61.0
7682 61.0
7683 61.0
7684 61.0
7685 61.0
7686 61.0
7687 61.0
7688 61.0
7689 61.0
7690 61.0
7691 61.0
7692 61.0
7693 61.0
7694 61.0
7695 61.0
7696 61.0
7697 61.0
7698 61.0
7699 61.0
7700 61.0
7701 61.0
7702 61.0
7703 61.0
7704 61.0
7705 61.0
7706 61.0
7707 61.0
7708 61.0
7709 61.0
7710 61.0
7711 61.0
7712 61.0
7713 61.0
7714 61.0
7715 61.0
7716 61.0
7717 61.0
7718 61.0
7719 61.0
7720 61.0
7721 61.0
7722 61.0
7723 61.0
7724 61.0
7725 61.0
7726 61.0
7727 61.0
7728 61.0
7729 61.0
7730 61.0
7731 61.0
7732 61.0
7733 61.0
7734 61.0
7735 61.0
7736 61.0
7737 61.0
7738 61.0
7739 61.0
7740 61.0
7741 61.0
7742 61.0
7743 61.0
7744 61.0
7745 61.0
7746 61.0
7747 61.0
7748 61.0
7749 61.0
7750 61.0
7751 61.0
7752 61.0
7753 61.0
7754 61.0
7755 61.0
7756 61.0
7757 61.0
7758 61.0
7759 61.0
7760 61.0
7761 61.0
7762 61.0
7763 61.0
7764 61.0
7765 61.0
7766 61.0
7767 61.0
7768 61.0
7769 61.0
7770 61.0
7771 61.0
7772 61.0
7773 61.0
7774 61.0
7775 61.0
7776 61.0
7777 61.0
7778 61.0
7779 61.0
7780 61.0
7781 61.0
7782 61.0
7783 61.0
7784 61.0
7785 61.0
7786 61.0
7787 61.0
7788 61.0
7789 61.0
7790 61.0
7791 61.0
7792 61.0
7793 61.0
7794 61.0
7795 61.0
7796 61.0
7797 61.0
7798 61.0
7799 61.0
7800 61.0
7801 61.0
7802 61.0
7803 61.0
7804 61.0
7805 61.0
7806 61.0
7807 61.0
7808 61.0
7809 61.0
7810 61.0
7811 61.0
7812 61.0
7813 61.0
7814 61.0
7815 61.0
7816 61.0
7817 61.0
7818 61.0
7819 61.0
7820 61.0
7821 61.0
7822 61.0
7823 61.0
7824 61.0
7825 61.0
7826 61.0
7827 61.0
7828 61.0
7829 61.0
7830 61.0
7831 61.0
7832 61.0
7833 61.0
7834 61.0
7835 61.0
7836 61.0
7837 61.0
7838 61.0
7839 61.0
7840 61.0
7841 61.0
7842 61.0
7843 61.0
7844 61.0
7845 61.0
7846 61.0
7847 61.0
7848 61.0
7849 61.0
7850 61.0
7851 61.0
7852 61.0
7853 61.0
7854 61.0
7855 61.0
7856 61.0
7857 61.0
7858 61.0
7859 61.0
7860 61.0
7861 61.0
7862 61.0
7863 61.0
7864 61.0
7865 61.0
7866 61.0
7867 61.0
7868 61.0
7869 61.0
7870 61.0
7871 61.0
7872 61.0
7873 61.0
7874 61.0
7875 61.0
7876 61.0
7877 61.0
7878 61.0
7879 61.0
7880 61.0
7881 61.0
7882 61.0
7883 61.0
7884 61.0
7885 61.0
7886 61.0
7887 61.0
7888 61.0
7889 61.0
7890 61.0
7891 61.0
7892 61.0
7893 61.0
7894 61.0
7895 61.0
7896 61.0
7897 61.0
7898 61.0
7899 61.0
7900 61.0
7901 61.0
7902 61.0
7903 61.0
7904 61.0
7905 61.0
7906 61.0
7907 61.0
7908 61.0
7909 61.0
7910 61.0
7911 61.0
7912 61.0
7913 61.0
7914 61.0
7915 61.0
7916 61.0
7917 61.0
7918 61.0
7919 61.0
7920 61.0
7921 61.0
7922 61.0
7923 61.0
7924 61.0
7925 61.0
7926 61.0
7927 61.0
7928 61.0
7929 61.0
7930 61.0
7931 61.0
7932 61.0
7933 61.0
7934 61.0
7935 61.0
7936 61.0
7937 61.0
7938 61.0
7939 61.0
7940 61.0
7941 61.0
7942 61.0
7943 61.0
7944 61.0
7945 61.0
7946 61.0
7947 61.0
7948 61.0
7949 61.0
7950 61.0
7951 61.0
7952 61.0
7953 61.0
7954 61.0
7955 61.0
7956 61.0
7957 61.0
7958 61.0
7959 61.0
7960 61.0
7961 61.0
7962 61.0
7963 61.0
7964 61.0
7965 61.0
7966 61.0
7967 61.0
7968 61.0
7969 61.0
7970 61.0
7971 61.0
7972 61.0
7973 61.0
7974 61.0
7975 61.0
7976 61.0
7977 61.0
7978 61.0
7979 61.0
7980 61.0
7981 61.0
7982 61.0
7983 61.0
7984 61.0
7985 61.0
7986 61.0
7987 61.0
7988 61.0
7989 61.0
7990 61.0
7991 61.0
7992 61.0
7993 61.0
7994 61.0
7995 61.0
7996 61.0
7997 61.0
7998 61.0
7999 61.0
8000 61.0
8001 61.0
8002 61.0
8003 61.0
8004 61.0
8005 61.0
8006 61.0
8007 61.0
8008 61.0
8009 61.0
8010 61.0
8011 61.0
8012 61.0
8013 61.0
8014 61.0
8015 61.0
8016 61.0
8017 61.0
8018 61.0
8019 61.0
8020 61.0
8021 61.0
8022 61.0
8023 61.0
8024 61.0
8025 61.0
8026 61.0
8027 61.0
8028 61.0
8029 61.0
8030 61.0
8031 61.0
8032 61.0
8033 61.0
8034 61.0
8035 61.0
8036 61.0
8037 61.0
8038 61.0
8039 61.0
8040 61.0
8041 61.0
8042 61.0
8043 61.0
8044 61.0
8045 61.0
8046 61.0
8047 61.0
8048 61.0
8049 61.0
8050 61.0
8051 61.0
8052 61.0
8053 61.0
8054 61.0
8055 61.0
8056 61.0
8057 61.0
8058 61.0
8059 61.0
8060 61.0
8061 61.0
8062 61.0
8063 61.0
8064 61.0
8065 61.0
8066 61.0
8067 61.0
8068 61.0
8069 61.0
8070 61.0
8071 61.0
8072 61.0
8073 61.0
8074 61.0
8075 61.0
8076 61.0
8077 61.0
8078 61.0
8079 61.0
8080 61.0
8081 61.0
8082 61.0
8083 61.0
8084 61.0
8085 61.0
8086 61.0
8087 61.0
8088 61.0
8089 61.0
8090 61.0
8091 61.0
8092 61.0
8093 61.0
8094 61.0
8095 61.0
8096 61.0
8097 61.0
8098 61.0
8099 61.0
8100 61.0
8101 61.0
8102 61.0
8103 61.0
8104 61.0
8105 61.0
8106 61.0
8107 61.0
8108 61.0
8109 61.0
8110 61.0
8111 61.0
8112 61.0
8113 61.0
8114 61.0
8115 61.0
8116 61.0
8117 61.0
8118 61.0
8119 61.0
8120 61.0
8121 61.0
8122 61.0
8123 61.0
8124 61.0
8125 61.0
8126 61.0
8127 61.0
8128 61.0
8129 61.0
8130 61.0
8131 61.0
8132 61.0
8133 61.0
8134 61.0
8135 61.0
8136 61.0
8137 61.0
8138 61.0
8139 61.0
8140 61.0
8141 61.0
8142 61.0
8143 61.0
8144 61.0
8145 61.0
8146 61.0
8147 61.0
8148 61.0
8149 61.0
8150 61.0
8151 61.0
8152 61.0
8153 61.0
8154 61.0
8155 61.0
8156 61.0
8157 61.0
8158 61.0
8159 61.0
8160 61.0
8161 61.0
8162 61.0
8163 61.0
8164 61.0
8165 61.0
8166 61.0
8167 61.0
8168 61.0
8169 61.0
8170 61.0
8171 61.0
8172 61.0
8173 61.0
8174 61.0
8175 61.0
8176 61.0
8177 61.0
8178 61.0
8179 61.0
8180 61.0
8181 61.0
8182 61.0
8183 61.0
8184 61.0
8185 61.0
8186 61.0
8187 61.0
8188 61.0
8189 61.0
8190 61.0
8191 61.0
8192 61.0
8193 61.0
8194 61.0
8195 61.0
8196 61.0
8197 61.0
8198 61.0
8199 61.0
8200 61.0
8201 61.0
8202 61.0
8203 61.0
8204 61.0
8205 61.0
8206 61.0
8207 61.0
8208 61.0
8209 61.0
8210 61.0
8211 61.0
8212 61.0
8213 61.0
8214 61.0
8215 61.0
8216 61.0
8217 61.0
8218 61.0
8219 61.0
8220 61.0
8221 61.0
8222 61.0
8223 61.0
8224 61.0
8225 61.0
8226 61.0
8227 61.0
8228 61.0
8229 61.0
8230 61.0
8231 61.0
8232 61.0
8233 61.0
8234 61.0
8235 61.0
8236 61.0
8237 61.0
8238 61.0
8239 61.0
8240 61.0
8241 61.0
8242 61.0
8243 61.0
8244 61.0
8245 61.0
8246 61.0
8247 61.0
8248 61.0
8249 61.0
8250 61.0
8251 61.0
8252 61.0
8253 61.0
8254 61.0
8255 61.0
8256 61.0
8257 61.0
8258 61.0
8259 61.0
8260 61.0
8261 61.0
8262 61.0
8263 61.0
8264 61.0
8265 61.0
8266 61.0
8267 61.0
8268 61.0
8269 61.0
8270 61.0
8271 61.0
8272 61.0
8273 61.0
8274 61.0
8275 61.0
8276 61.0
8277 61.0
8278 61.0
8279 61.0
8280 61.0
8281 61.0
8282 61.0
8283 61.0
8284 61.0
8285 61.0
8286 61.0
8287 61.0
8288 61.0
8289 61.0
8290 61.0
8291 61.0
8292 61.0
8293 61.0
8294 61.0
8295 61.0
8296 61.0
8297 61.0
8298 61.0
8299 61.0
8300 61.0
8301 61.0
8302 61.0
8303 61.0
8304 61.0
8305 61.0
8306 61.0
8307 61.0
8308 61.0
8309 61.0
8310 61.0
8311 61.0
8312 61.0
8313 61.0
8314 61.0
8315 61.0
8316 61.0
8317 61.0
8318 61.0
8319 61.0
8320 61.0
8321 61.0
8322 61.0
8323 61.0
8324 61.0
8325 61.0
8326 61.0
8327 61.0
8328 61.0
8329 61.0
8330 61.0
8331 61.0
8332 61.0
8333 61.0
8334 61.0
8335 61.0
8336 61.0
8337 61.0
8338 61.0
8339 61.0
8340 61.0
8341 61.0
8342 61.0
8343 61.0
8344 61.0
8345 61.0
8346 61.0
8347 61.0
8348 61.0
8349 61.0
8350 61.0
8351 61.0
8352 61.0
8353 61.0
8354 61.0
8355 61.0
8356 61.0
8357 61.0
8358 61.0
8359 61.0
8360 61.0
8361 61.0
8362 61.0
8363 61.0
8364 61.0
8365 61.0
8366 61.0
8367 61.0
8368 61.0
8369 61.0
8370 61.0
8371 61.0
8372 61.0
8373 61.0
8374 61.0
8375 61.0
8376 61.0
8377 61.0
8378 61.0
8379 61.0
8380 61.0
8381 61.0
8382 61.0
8383 61.0
8384 61.0
8385 61.0
8386 61.0
8387 61.0
8388 61.0
8389 61.0
8390 61.0
8391 61.0
8392 61.0
8393 61.0
8394 61.0
8395 61.0
8396 61.0
8397 61.0
8398 61.0
8399 61.0
8400 61.0
8401 61.0
8402 61.0
8403 61.0
8404 61.0
8405 61.0
8406 61.0
8407 61.0
8408 61.0
8409 61.0
8410 61.0
8411 61.0
8412 61.0
8413 61.0
8414 61.0
8415 61.0
8416 61.0
8417 61.0
8418 61.0
8419 61.0
8420 61.0
8421 61.0
8422 61.0
8423 61.0
8424 61.0
8425 61.0
8426 61.0
8427 61.0
8428 61.0
8429 61.0
8430 61.0
8431 61.0
8432 61.0
8433 61.0
8434 61.0
8435 61.0
8436 61.0
8437 61.0
8438 61.0
8439 61.0
8440 61.0
8441 61.0
8442 61.0
8443 61.0
8444 61.0
8445 61.0
8446 61.0
8447 61.0
8448 61.0
8449 61.0
8450 61.0
8451 61.0
8452 61.0
8453 61.0
8454 61.0
8455 61.0
8456 61.0
8457 61.0
8458 61.0
8459 61.0
8460 61.0
8461 61.0
8462 61.0
8463 61.0
8464 61.0
8465 61.0
8466 61.0
8467 61.0
8468 61.0
8469 61.0
8470 61.0
8471 61.0
8472 61.0
8473 61.0
8474 61.0
8475 61.0
8476 61.0
8477 61.0
8478 61.0
8479 61.0
8480 61.0
8481 61.0
8482 61.0
8483 61.0
8484 61.0
8485 61.0
8486 61.0
8487 61.0
8488 61.0
8489 61.0
8490 61.0
8491 61.0
8492 61.0
8493 61.0
8494 61.0
8495 61.0
8496 61.0
8497 61.0
8498 61.0
8499 61.0
8500 61.0
8501 61.0
8502 61.0
8503 61.0
8504 61.0
8505 61.0
8506 61.0
8507 61.0
8508 61.0
8509 61.0
8510 61.0
8511 61.0
8512 61.0
8513 61.0
8514 61.0
8515 61.0
8516 61.0
8517 61.0
8518 61.0
8519 61.0
8520 61.0
8521 61.0
8522 61.0
8523 61.0
8524 61.0
8525 61.0
8526 61.0
8527 61.0
8528 61.0
8529 61.0
8530 61.0
8531 61.0
8532 61.0
8533 61.0
8534 61.0
8535 61.0
8536 61.0
8537 61.0
8538 61.0
8539 61.0
8540 61.0
8541 61.0
8542 61.0
8543 61.0
8544 61.0
8545 61.0
8546 61.0
8547 61.0
8548 61.0
8549 61.0
8550 61.0
8551 61.0
8552 61.0
8553 61.0
8554 61.0
8555 61.0
8556 61.0
8557 61.0
8558 61.0
8559 61.0
8560 61.0
8561 61.0
8562 61.0
8563 61.0
8564 61.0
8565 61.0
8566 61.0
8567 61.0
8568 61.0
8569 61.0
8570 61.0
8571 61.0
8572 61.0
8573 61.0
8574 61.0
8575 61.0
8576 61.0
8577 61.0
8578 61.0
8579 61.0
8580 61.0
8581 61.0
8582 61.0
8583 61.0
8584 61.0
8585 61.0
8586 61.0
8587 61.0
8588 61.0
8589 61.0
8590 61.0
8591 61.0
8592 61.0
8593 61.0
8594 61.0
8595 61.0
8596 61.0
8597 61.0
8598 61.0
8599 61.0
8600 61.0
8601 61.0
8602 61.0
8603 61.0
8604 61.0
8605 61.0
8606 61.0
8607 61.0
8608 61.0
8609 61.0
8610 61.0
8611 61.0
8612 61.0
8613 61.0
8614 61.0
8615 61.0
8616 61.0
8617 61.0
8618 61.0
8619 61.0
8620 61.0
8621 61.0
8622 61.0
8623 61.0
8624 61.0
8625 61.0
8626 61.0
8627 61.0
8628 61.0
8629 61.0
8630 61.0
8631 61.0
8632 61.0
8633 61.0
8634 61.0
8635 61.0
8636 61.0
8637 61.0
8638 61.0
8639 61.0
8640 61.0
8641 61.0
8642 61.0
8643 61.0
8644 61.0
8645 61.0
8646 61.0
8647 61.0
8648 61.0
8649 61.0
8650 61.0
8651 61.0
8652 61.0
8653 61.0
8654 61.0
8655 61.0
8656 61.0
8657 61.0
8658 61.0
8659 61.0
8660 61.0
8661 61.0
8662 61.0
8663 61.0
8664 61.0
8665 61.0
8666 61.0
8667 61.0
8668 61.0
8669 61.0
8670 61.0
8671 61.0
8672 61.0
8673 61.0
8674 61.0
8675 61.0
8676 61.0
8677 61.0
8678 61.0
8679 61.0
8680 61.0
8681 61.0
8682 61.0
8683 61.0
8684 61.0
8685 61.0
8686 61.0
8687 61.0
8688 61.0
8689 61.0
8690 61.0
8691 61.0
8692 61.0
8693 61.0
8694 61.0
8695 61.0
8696 61.0
8697 61.0
8698 61.0
8699 61.0
8700 61.0
8701 61.0
8702 61.0
8703 61.0
8704 61.0
8705 61.0
8706 61.0
8707 61.0
8708 61.0
8709 61.0
8710 61.0
8711 61.0
8712 61.0
8713 61.0
8714 61.0
8715 61.0
8716 61.0
8717 61.0
8718 61.0
8719 61.0
8720 61.0
8721 61.0
8722 61.0
8723 61.0
8724 61.0
8725 61.0
8726 61.0
8727 61.0
8728 61.0
8729 61.0
8730 61.0
8731 61.0
8732 61.0
8733 61.0
8734 61.0
8735 61.0
8736 61.0
8737 61.0
8738 61.0
8739 61.0
8740 61.0
8741 61.0
8742 61.0
8743 61.0
8744 61.0
8745 61.0
8746 61.0
8747 61.0
8748 61.0
8749 61.0
8750 61.0
8751 61.0
8752 61.0
8753 61.0
8754 61.0
8755 61.0
8756 61.0
8757 61.0
8758 61.0
8759 61.0
8760 61.0
8761 61.0
8762 61.0
8763 61.0
8764 61.0
8765 61.0
8766 61.0
8767 61.0
8768 61.0
8769 61.0
8770 61.0
8771 61.0
8772 61.0
8773 61.0
8774 61.0
8775 61.0
8776 61.0
8777 61.0
8778 61.0
8779 61.0
8780 61.0
8781 61.0
8782 61.0
8783 61.0
8784 61.0
8785 61.0
8786 61.0
8787 61.0
8788 61.0
8789 61.0
8790 61.0
8791 61.0
8792 61.0
8793 61.0
8794 61.0
8795 61.0
8796 61.0
8797 61.0
8798 61.0
8799 61.0
8800 61.0
8801 61.0
8802 61.0
8803 61.0
8804 61.0
8805 61.0
8806 61.0
8807 61.0
8808 61.0
8809 61.0
8810 61.0
8811 61.0
8812 61.0
8813 61.0
8814 61.0
8815 61.0
8816 61.0
8817 61.0
8818 61.0
8819 61.0
8820 61.0
8821 61.0
8822 61.0
8823 61.0
8824 61.0
8825 61.0
8826 61.0
8827 61.0
8828 61.0
8829 61.0
8830 61.0
8831 61.0
8832 61.0
8833 61.0
8834 61.0
8835 61.0
8836 61.0
8837 61.0
8838 61.0
8839 61.0
8840 61.0
8841 61.0
8842 61.0
8843 61.0
8844 61.0
8845 61.0
8846 61.0
8847 61.0
8848 61.0
8849 61.0
8850 61.0
8851 61.0
8852 61.0
8853 61.0
8854 61.0
8855 61.0
8856 61.0
8857 61.0
8858 61.0
8859 61.0
8860 61.0
8861 61.0
8862 61.0
8863 61.0
8864 61.0
8865 61.0
8866 61.0
8867 61.0
8868 61.0
8869 61.0
8870 61.0
8871 61.0
8872 61.0
8873 61.0
8874 61.0
8875 61.0
8876 61.0
8877 61.0
8878 61.0
8879 61.0
8880 61.0
8881 61.0
8882 61.0
8883 61.0
8884 61.0
8885 61.0
8886 61.0
8887 61.0
8888 61.0
8889 61.0
8890 61.0
8891 61.0
8892 61.0
8893 61.0
8894 61.0
8895 61.0
8896 61.0
8897 61.0
8898 61.0
8899 61.0
8900 61.0
8901 61.0
8902 61.0
8903 61.0
8904 61.0
8905 61.0
8906 61.0
8907 61.0
8908 61.0
8909 61.0
8910 61.0
8911 61.0
8912 61.0
8913 61.0
8914 61.0
8915 61.0
8916 61.0
8917 61.0
8918 61.0
8919 61.0
8920 61.0
8921 61.0
8922 61.0
8923 61.0
8924 61.0
8925 61.0
8926 61.0
8927 61.0
8928 61.0
8929 61.0
8930 61.0
8931 61.0
8932 61.0
8933 61.0
8934 61.0
8935 61.0
8936 61.0
8937 61.0
8938 61.0
8939 61.0
8940 61.0
8941 61.0
8942 61.0
8943 61.0
8944 61.0
8945 61.0
8946 61.0
8947 61.0
8948 61.0
8949 61.0
8950 61.0
8951 61.0
8952 61.0
8953 61.0
8954 61.0
8955 61.0
8956 61.0
8957 61.0
8958 61.0
8959 61.0
8960 61.0
8961 61.0
8962 61.0
8963 61.0
8964 61.0
8965 61.0
8966 61.0
8967 61.0
8968 61.0
8969 61.0
8970 61.0
8971 61.0
8972 61.0
8973 61.0
8974 61.0
8975 61.0
8976 61.0
8977 61.0
8978 61.0
8979 61.0
8980 61.0
8981 61.0
8982 61.0
8983 61.0
8984 61.0
8985 61.0
8986 61.0
8987 61.0
8988 61.0
8989 61.0
8990 61.0
8991 61.0
8992 61.0
8993 61.0
8994 61.0
8995 61.0
8996 61.0
8997 61.0
8998 61.0
8999 61.0
9000 61.0
9001 61.0
9002 61.0
9003 61.0
9004 61.0
9005 61.0
9006 61.0
9007 61.0
9008 61.0
9009 61.0
9010 61.0
9011 61.0
9012 61.0
9013 61.0
9014 61.0
9015 61.0
9016 61.0
9017 61.0
9018 61.0
9019 61.0
9020 61.0
9021 61.0
9022 61.0
9023 61.0
9024 61.0
9025 61.0
9026 61.0
9027 61.0
9028 61.0
9029 61.0
9030 61.0
9031 61.0
9032 61.0
9033 61.0
9034 61.0
9035 61.0
9036 61.0
9037 61.0
9038 61.0
9039 61.0
9040 61.0
9041 61.0
9042 61.0
9043 61.0
9044 61.0
9045 61.0
9046 61.0
9047 61.0
9048 61.0
9049 61.0
9050 61.0
9051 61.0
9052 61.0
9053 61.0
9054 61.0
9055 61.0
9056 61.0
9057 61.0
9058 61.0
9059 61.0
9060 61.0
9061 61.0
9062 61.0
9063 61.0
9064 61.0
9065 61.0
9066 61.0
9067 61.0
9068 61.0
9069 61.0
9070 61.0
9071 61.0
9072 61.0
9073 61.0
9074 61.0
9075 61.0
9076 61.0
9077 61.0
9078 61.0
9079 61.0
9080 61.0
9081 61.0
9082 61.0
9083 61.0
9084 61.0
9085 61.0
9086 61.0
9087 61.0
9088 61.0
9089 61.0
9090 61.0
9091 61.0
9092 61.0
9093 61.0
9094 61.0
9095 61.0
9096 61.0
9097 61.0
9098 61.0
9099 61.0
9100 61.0
9101 61.0
9102 61.0
9103 61.0
9104 61.0
9105 61.0
9106 61.0
9107 61.0
9108 61.0
9109 61.0
9110 61.0
9111 61.0
9112 61.0
9113 61.0
9114 61.0
9115 61.0
9116 61.0
9117 61.0
9118 61.0
9119 61.0
9120 61.0
9121 61.0
9122 61.0
9123 61.0
9124 61.0
9125 61.0
9126 61.0
9127 61.0
9128 61.0
9129 61.0
9130 61.0
9131 61.0
9132 61.0
9133 61.0
9134 61.0
9135 61.0
9136 61.0
9137 61.0
9138 61.0
9139 61.0
9140 61.0
9141 61.0
9142 61.0
9143 61.0
9144 61.0
9145 61.0
9146 61.0
9147 61.0
9148 61.0
9149 61.0
9150 61.0
9151 61.0
9152 61.0
9153 61.0
9154 61.0
9155 61.0
9156 61.0
9157 61.0
9158 61.0
9159 61.0
9160 61.0
9161 61.0
9162 61.0
9163 61.0
9164 61.0
9165 61.0
9166 61.0
9167 61.0
9168 61.0
9169 61.0
9170 61.0
9171 61.0
9172 61.0
9173 61.0
9174 61.0
9175 61.0
9176 61.0
9177 61.0
9178 61.0
9179 61.0
9180 61.0
9181 61.0
9182 61.0
9183 61.0
9184 61.0
9185 61.0
9186 61.0
9187 61.0
9188 61.0
9189 61.0
9190 61.0
9191 61.0
9192 61.0
9193 61.0
9194 61.0
9195 61.0
9196 61.0
9197 61.0
9198 61.0
9199 61.0
9200 61.0
9201 61.0
9202 61.0
9203 61.0
9204 61.0
9205 61.0
9206 61.0
9207 61.0
9208 61.0
9209 61.0
9210 61.0
9211 61.0
9212 61.0
9213 61.0
9214 61.0
9215 61.0
9216 61.0
9217 61.0
9218 61.0
9219 61.0
9220 61.0
9221 61.0
9222 61.0
9223 61.0
9224 61.0
9225 61.0
9226 61.0
9227 61.0
9228 61.0
9229 61.0
9230 61.0
9231 61.0
9232 61.0
9233 61.0
9234 61.0
9235 61.0
9236 61.0
9237 61.0
9238 61.0
9239 61.0
9240 61.0
9241 61.0
9242 61.0
9243 61.0
9244 61.0
9245 61.0
9246 61.0
9247 61.0
9248 61.0
9249 61.0
9250 61.0
9251 61.0
9252 61.0
9253 61.0
9254 61.0
9255 61.0
9256 61.0
9257 61.0
9258 61.0
9259 61.0
9260 61.0
9261 61.0
9262 61.0
9263 61.0
9264 61.0
9265 61.0
9266 61.0
9267 61.0
9268 61.0
9269 61.0
9270 61.0
9271 61.0
9272 61.0
9273 61.0
9274 61.0
9275 61.0
9276 61.0
9277 61.0
9278 61.0
9279 61.0
9280 61.0
9281 61.0
9282 61.0
9283 61.0
9284 61.0
9285 61.0
9286 61.0
9287 61.0
9288 61.0
9289 61.0
9290 61.0
9291 61.0
9292 61.0
9293 61.0
9294 61.0
9295 61.0
9296 61.0
9297 61.0
9298 61.0
9299 61.0
9300 61.0
9301 61.0
9302 61.0
9303 61.0
9304 61.0
9305 61.0
9306 61.0
9307 61.0
9308 61.0
9309 61.0
9310 61.0
9311 61.0
9312 61.0
9313 61.0
9314 61.0
9315 61.0
9316 61.0
9317 61.0
9318 61.0
9319 61.0
9320 61.0
9321 61.0
9322 61.0
9323 61.0
9324 61.0
9325 61.0
9326 61.0
9327 61.0
9328 61.0
9329 61.0
9330 61.0
9331 61.0
9332 61.0
9333 61.0
9334 61.0
9335 61.0
9336 61.0
9337 61.0
9338 61.0
9339 61.0
9340 61.0
9341 61.0
9342 61.0
9343 61.0
9344 61.0
9345 61.0
9346 61.0
9347 61.0
9348 61.0
9349 61.0
9350 61.0
9351 61.0
9352 61.0
9353 61.0
9354 61.0
9355 61.0
9356 61.0
9357 61.0
9358 61.0
9359 61.0
9360 61.0
9361 61.0
9362 61.0
9363 61.0
9364 61.0
9365 61.0
9366 61.0
9367 61.0
9368 61.0
9369 61.0
9370 61.0
9371 61.0
9372 61.0
9373 61.0
9374 61.0
9375 61.0
9376 61.0
9377 61.0
9378 61.0
9379 61.0
9380 61.0
9381 61.0
9382 61.0
9383 61.0
9384 61.0
9385 61.0
9386 61.0
9387 61.0
9388 61.0
9389 61.0
9390 61.0
9391 61.0
9392 61.0
9393 61.0
9394 61.0
9395 61.0
9396 61.0
9397 61.0
9398 61.0
9399 61.0
9400 61.0
9401 61.0
9402 61.0
9403 61.0
9404 61.0
9405 61.0
9406 61.0
9407 61.0
9408 61.0
9409 61.0
9410 61.0
9411 61.0
9412 61.0
9413 61.0
9414 61.0
9415 61.0
9416 61.0
9417 61.0
9418 61.0
9419 61.0
9420 61.0
9421 61.0
9422 61.0
9423 61.0
9424 61.0
9425 61.0
9426 61.0
9427 61.0
9428 61.0
9429 61.0
9430 61.0
9431 61.0
9432 61.0
9433 61.0
9434 61.0
9435 61.0
9436 61.0
9437 61.0
9438 61.0
9439 61.0
9440 61.0
9441 61.0
9442 61.0
9443 61.0
9444 61.0
9445 61.0
9446 61.0
9447 61.0
9448 61.0
9449 61.0
9450 61.0
9451 61.0
9452 61.0
9453 61.0
9454 61.0
9455 61.0
9456 61.0
9457 61.0
9458 61.0
9459 61.0
9460 61.0
9461 61.0
9462 61.0
9463 61.0
9464 61.0
9465 61.0
9466 61.0
9467 61.0
9468 61.0
9469 61.0
9470 61.0
9471 61.0
9472 61.0
9473 61.0
9474 61.0
9475 61.0
9476 61.0
9477 61.0
9478 61.0
9479 61.0
9480 61.0
9481 61.0
9482 61.0
9483 61.0
9484 61.0
9485 61.0
9486 61.0
9487 61.0
9488 61.0
9489 61.0
9490 61.0
9491 61.0
9492 61.0
9493 61.0
9494 61.0
9495 61.0
9496 61.0
9497 61.0
9498 61.0
9499 61.0
9500 61.0
9501 61.0
9502 61.0
9503 61.0
9504 61.0
9505 61.0
9506 61.0
9507 61.0
9508 61.0
9509 61.0
9510 61.0
9511 61.0
9512 61.0
9513 61.0
9514 61.0
9515 61.0
9516 61.0
9517 61.0
9518 61.0
9519 61.0
9520 61.0
9521 61.0
9522 61.0
9523 61.0
9524 61.0
9525 61.0
9526 61.0
9527 61.0
9528 61.0
9529 61.0
9530 61.0
9531 61.0
9532 61.0
9533 61.0
9534 61.0
9535 61.0
9536 61.0
9537 61.0
9538 61.0
9539 61.0
9540 61.0
9541 61.0
9542 61.0
9543 61.0
9544 61.0
9545 61.0
9546 61.0
9547 61.0
9548 61.0
9549 61.0
9550 61.0
9551 61.0
9552 61.0
9553 61.0
9554 61.0
9555 61.0
9556 61.0
9557 61.0
9558 61.0
9559 61.0
9560 61.0
9561 61.0
9562 61.0
9563 61.0
9564 61.0
9565 61.0
9566 61.0
9567 61.0
9568 61.0
9569 61.0
9570 61.0
9571 61.0
9572 61.0
9573 61.0
9574 61.0
9575 61.0
9576 61.0
9577 61.0
9578 61.0
9579 61.0
9580 61.0
9581 61.0
9582 61.0
9583 61.0
9584 61.0
9585 61.0
9586 61.0
9587 61.0
9588 61.0
9589 61.0
9590 61.0
9591 61.0
9592 61.0
9593 61.0
9594 61.0
9595 61.0
9596 61.0
9597 61.0
9598 61.0
9599 61.0
9600 61.0
9601 61.0
9602 61.0
9603 61.0
9604 61.0
9605 61.0
9606 61.0
9607 61.0
9608 61.0
9609 61.0
9610 61.0
9611 61.0
9612 61.0
9613 61.0
9614 61.0
9615 61.0
9616 61.0
9617 61.0
9618 61.0
9619 61.0
9620 61.0
9621 61.0
9622 61.0
9623 61.0
9624 61.0
9625 61.0
9626 61.0
9627 61.0
9628 61.0
9629 61.0
9630 61.0
9631 61.0
9632 61.0
9633 61.0
9634 61.0
9635 61.0
9636 61.0
9637 61.0
9638 61.0
9639 61.0
9640 61.0
9641 61.0
9642 61.0
9643 61.0
9644 61.0
9645 61.0
9646 61.0
9647 61.0
9648 61.0
9649 61.0
9650 61.0
9651 61.0
9652 61.0
9653 61.0
9654 61.0
9655 61.0
9656 61.0
9657 61.0
9658 61.0
9659 61.0
9660 61.0
9661 61.0
9662 61.0
9663 61.0
9664 61.0
9665 61.0
9666 61.0
9667 61.0
9668 61.0
9669 61.0
9670 61.0
9671 61.0
9672 61.0
9673 61.0
9674 61.0
9675 61.0
9676 61.0
9677 61.0
9678 61.0
9679 61.0
9680 61.0
9681 61.0
9682 61.0
9683 61.0
9684 61.0
9685 61.0
9686 61.0
9687 61.0
9688 61.0
9689 61.0
9690 61.0
9691 61.0
9692 61.0
9693 61.0
9694 61.0
9695 61.0
9696 61.0
9697 61.0
9698 61.0
9699 61.0
9700 61.0
9701 61.0
9702 61.0
9703 61.0
9704 61.0
9705 61.0
9706 61.0
9707 61.0
9708 61.0
9709 61.0
9710 61.0
9711 61.0
9712 61.0
9713 61.0
9714 61.0
9715 61.0
9716 61.0
9717 61.0
9718 61.0
9719 61.0
9720 61.0
9721 61.0
9722 61.0
9723 61.0
9724 61.0
9725 61.0
9726 61.0
9727 61.0
9728 61.0
9729 61.0
9730 61.0
9731 61.0
9732 61.0
9733 61.0
9734 61.0
9735 61.0
9736 61.0
9737 61.0
9738 61.0
9739 61.0
9740 61.0
9741 61.0
9742 61.0
9743 61.0
9744 61.0
9745 61.0
9746 61.0
9747 61.0
9748 61.0
9749 61.0
9750 61.0
9751 61.0
9752 61.0
9753 61.0
9754 61.0
9755 61.0
9756 61.0
9757 61.0
9758 61.0
9759 61.0
9760 61.0
9761 61.0
9762 61.0
9763 61.0
9764 61.0
9765 61.0
9766 61.0
9767 61.0
9768 61.0
9769 61.0
9770 61.0
9771 61.0
9772 61.0
9773 61.0
9774 61.0
9775 61.0
9776 61.0
9777 61.0
9778 61.0
9779 61.0
9780 61.0
9781 61.0
9782 61.0
9783 61.0
9784 61.0
9785 61.0
9786 61.0
9787 61.0
9788 61.0
9789 61.0
9790 61.0
9791 61.0
9792 61.0
9793 61.0
9794 61.0
9795 61.0
9796 61.0
9797 61.0
9798 61.0
9799 61.0
9800 61.0
9801 61.0
9802 61.0
9803 61.0
9804 61.0
9805 61.0
9806 61.0
9807 61.0
9808 61.0
9809 61.0
9810 61.0
9811 61.0
9812 61.0
9813 61.0
9814 61.0
9815 61.0
9816 61.0
9817 61.0
9818 61.0
9819 61.0
9820 61.0
9821 61.0
9822 61.0
9823 61.0
9824 61.0
9825 61.0
9826 61.0
9827 61.0
9828 61.0
9829 61.0
9830 61.0
9831 61.0
9832 61.0
9833 61.0
9834 61.0
9835 61.0
9836 61.0
9837 61.0
9838 61.0
9839 61.0
9840 61.0
9841 61.0
9842 61.0
9843 61.0
9844 61.0
9845 61.0
9846 61.0
9847 61.0
9848 61.0
9849 61.0
9850 61.0
9851 61.0
9852 61.0
9853 61.0
9854 61.0
9855 61.0
9856 61.0
9857 61.0
9858 61.0
9859 61.0
9860 61.0
9861 61.0
9862 61.0
9863 61.0
9864 61.0
9865 61.0
9866 61.0
9867 61.0
9868 61.0
9869 61.0
9870 61.0
9871 61.0
9872 61.0
9873 61.0
9874 61.0
9875 61.0
9876 61.0
9877 61.0
9878 61.0
9879 61.0
9880 61.0
9881 61.0
9882 61.0
9883 61.0
9884 61.0
9885 61.0
9886 61.0
9887 61.0
9888 61.0
9889 61.0
9890 61.0
9891 61.0
9892 61.0
9893 61.0
9894 61.0
9895 61.0
9896 61.0
9897 61.0
9898 61.0
9899 61.0
9900 61.0
9901 61.0
9902 61.0
9903 61.0
9904 61.0
9905 61.0
9906 61.0
9907 61.0
9908 61.0
9909 61.0
9910 61.0
9911 61.0
9912 61.0
9913 61.0
9914 61.0
9915 61.0
9916 61.0
9917 61.0
9918 61.0
9919 61.0
9920 61.0
9921 61.0
9922 61.0
9923 61.0
9924 61.0
9925 61.0
9926 61.0
9927 61.0
9928 61.0
9929 61.0
9930 61.0
9931 61.0
9932 61.0
9933 61.0
9934 61.0
9935 61.0
9936 61.0
9937 61.0
9938 61.0
9939 61.0
9940 61.0
9941 61.0
9942 61.0
9943 61.0
9944 61.0
9945 61.0
9946 61.0
9947 61.0
9948 61.0
9949 61.0
9950 61.0
9951 61.0
9952 61.0
9953 61.0
9954 61.0
9955 61.0
9956 61.0
9957 61.0
9958 61.0
9959 61.0
9960 61.0
9961 61.0
9962 61.0
9963 61.0
9964 61.0
9965 61.0
9966 61.0
9967 61.0
9968 61.0
9969 61.0
9970 61.0
9971 61.0
9972 61.0
9973 61.0
9974 61.0
9975 61.0
9976 61.0
9977 61.0
9978 61.0
9979 61.0
9980 61.0
9981 61.0
9982 61.0
9983 61.0
9984 61.0
9985 61.0
9986 61.0
9987 61.0
9988 61.0
9989 61.0
9990 61.0
9991 61.0
9992 61.0
9993 61.0
9994 61.0
9995 61.0
9996 61.0
9997 61.0
9998 61.0
9999 61.0
10000 61.0
10001 61.0
10002 61.0
10003 61.0
10004 61.0
10005 61.0
10006 61.0
10007 61.0
10008 61.0
10009 61.0
10010 61.0
10011 61.0
10012 61.0
10013 61.0
10014 61.0
