# evaluation best
1 0.0
2 17.0
3 17.0
4 22.0
5 28.0
6 36.0
7 50.0
8 50.0
9 50.0
10 50.0
11 50.0
12 50.0
13 50.0
14 50.0
15 50.0
16 50.0
17 50.0
18 50.0
19 50.0
20 50.0
21 50.0
22 50.0
23 50.0
24 50.0
25 50.0
26 50.0
27 50.0
28 50.0
29 50.0
30 50.0
31 50.0
32 50.0
33 50.0
34 50.0
35 50.0
36 50.0
37 50.0
38 50.0
39 50.0
40 50.0
41 50.0
42 50.0
43 50.0
44 50.0
45 50.0
46 50.0
47 50.0
48 50.0
49 50.0
50 50.0
51 50.0
52 50.0
53 50.0
54 50.0
55 50.0
56 50.0
57 50.0
58 50.0
59 50.0
60 50.0
61 50.0
62 50.0
63 50.0
64 50.0
65 50.0
66 50.0
67 50.0
68 50.0
69 50.0
70 50.0
71 50.0
72 50.0
73 50.0
74 50.0
75 50.0
76 50.0
77 50.0
78 50.0
79 50.0
80 50.0
81 50.0
82 50.0
83 50.0
84 50.0
85 50.0
86 50.0
87 50.0
88 50.0
89 50.0
90 50.0
91 53.0
92 53.0
93 53.0
94 53.0
95 53.0
96 53.0
97 53.0
98 53.0
99 53.0
100 53.0
101 53.0
102 53.0
103 53.0
104 53.0
105 59.0
106 59.0
107 59.0
108 59.0
109 68.0
110 68.0
111 68.0
112 68.0
113 72.0
114 74.0
115 74.0
116 74.0
117 74.0
118 74.0
119 74.0
120 74.0
121 74.0
122 74.0
123 74.0
124 74.0
125 74.0
126 74.0
127 74.0
128 74.0
129 74.0
130 74.0
131 74.0
132 74.0
133 74.0
134 74.0
135 74.0
136 74.0
137 74.0
138 74.0
139 74.0
140 74.0
141 74.0
142 74.0
143 74.0
144 74.0
145 74.0
146 74.0
147 74.0
148 74.0
149 74.0
150 74.0
151 74.0
152 74.0
153 74.0
154 74.0
155 74.0
156 74.0
157 74.0
158 74.0
159 74.0
160 74.0
161 74.0
162 74.0
163 74.0
164 74.0
165 74.0
166 74.0
167 74.0
168 74.0
169 74.0
170 74.0
171 74.0
172 74.0
173 74.0
174 74.0
175 74.0
176 74.0
177 74.0
178 74.0
179 74.0
180 74.0
181 74.0
182 74.0
183 74.0
184 74.0
185 74.0
186 74.0
187 74.0
188 74.0
189 74.0
190 74.0
191 74.0
192 74.0
193 74.0
194 74.0
195 74.0
196 74.0
197 74.0
198 74.0
199 74.0
200 74.0
201 74.0
202 74.0
203 76.0
204 76.0
205 76.0
206 76.0
207 76.0
208 76.0
209 76.0
210 76.0
211 76.0
212 76.0
213 76.0
214 76.0
215 76.0
216 76.0
217 76.0
218 76.0
219 76.0
220 76.0
221 76.0
222 76.0
223 76.0
224 76.0
225 76.0
226 76.0
227 76.0
228 76.0
229 76.0
230 76.0
231 76.0
232 76.0
233 76.0
234 76.0
235 76.0
236 76.0
237 76.0
238 76.0
239 76.0
240 76.0
241 76.0
242 76.0
243 76.0
244 76.0
245 76.0
246 76.0
247 76.0
248 76.0
249 76.0
250 76.0
251 76.0
252 76.0
253 76.0
254 76.0
255 76.0
256 76.0
257 76.0
258 76.0
259 76.0
260 76.0
261 76.0
262 76.0
263 76.0
264 76.0
265 76.0
266 76.0
267 76.0
268 76.0
269 76.0
270 76.0
271 76.0
272 76.0
273 76.0
274 76.0
275 76.0
276 76.0
277 76.0
278 76.0
279 76.0
280 76.0
281 76.0
282 76.0
283 76.0
284 76.0
285 76.0
286 76.0
287 76.0
288 76.0
289 76.0
290 76.0
291 76.0
292 76.0
293 76.0
294 76.0
295 76.0
296 76.0
297 76.0
298 76.0
299 76.0
300 76.0
301 76.0
302 76.0
303 76.0
304 76.0
305 76.0
306 76.0
307 76.0
308 76.0
309 76.0
310 76.0
311 76.0
312 76.0
313 76.0
314 76.0
315 76.0
316 76.0
317 76.0
318 76.0
319 76.0
320 76.0
321 76.0
322 76.0
323 76.0
324 76.0
325 76.0
326 76.0
327 76.0
328 76.0
329 76.0
330 76.0
331 76.0
332 76.0
333 76.0
334 76.0
335 76.0
336 76.0
337 76.0
338 76.0
339 76.0
340 76.0
341 76.0
342 76.0
343 76.0
344 76.0
345 76.0
346 76.0
347 76.0
348 76.0
349 76.0
350 76.0
351 76.0
352 76.0
353 76.0
354 76.0
355 76.0
356 76.0
357 76.0
358 76.0
359 76.0
360 76.0
361 76.0
362 76.0
363 76.0
364 76.0
365 76.0
366 76.0
367 76.0
368 76.0
369 76.0
370 76.0
371 76.0
372 76.0
373 76.0
374 76.0
375 76.0
376 76.0
377 76.0
378 76.0
379 76.0
380 76.0
381 76.0
382 76.0
383 76.0
384 76.0
385 76.0
386 76.0
387 76.0
388 76.0
389 76.0
390 76.0
391 76.0
392 76.0
393 76.0
394 76.0
395 76.0
396 76.0
397 76.0
398 76.0
399 76.0
400 76.0
401 76.0
402 76.0
403 76.0
404 76.0
405 76.0
406 76.0
407 76.0
408 76.0
409 76.0
410 76.0
411 76.0
412 76.0
413 76.0
414 76.0
415 76.0
416 76.0
417 76.0
418 76.0
419 76.0
420 76.0
421 76.0
422 76.0
423 76.0
424 76.0
425 76.0
426 76.0
427 76.0
428 76.0
429 76.0
430 76.0
431 76.0
432 76.0
433 76.0
434 76.0
435 76.0
436 76.0
437 76.0
438 76.0
439 76.0
440 76.0
441 76.0
442 76.0
443 76.0
444 76.0
445 76.0
446 76.0
447 76.0
448 76.0
449 76.0
450 76.0
451 76.0
452 76.0
453 76.0
454 76.0
455 76.0
456 76.0
457 76.0
458 76.0
459 76.0
460 76.0
461 76.0
462 76.0
463 76.0
464 76.0
465 76.0
466 76.0
467 76.0
468 76.0
469 76.0
470 76.0
471 76.0
472 76.0
473 76.0
474 76.0
475 76.0
476 76.0
477 76.0
478 76.0
479 76.0
480 76.0
481 76.0
482 76.0
483 76.0
484 76.0
485 76.0
486 76.0
487 76.0
488 76.0
489 76.0
490 76.0
491 76.0
492 76.0
493 76.0
494 76.0
495 76.0
496 76.0
497 76.0
498 76.0
499 76.0
500 76.0
501 76.0
502 76.0
503 76.0
504 76.0
505 76.0
506 76.0
507 76.0
508 76.0
509 76.0
510 76.0
511 76.0
512 76.0
513 76.0
514 76.0
515 76.0
516 76.0
517 76.0
518 76.0
519 76.0
520 76.0
521 76.0
522 76.0
523 76.0
524 76.0
525 76.0
526 76.0
527 76.0
528 76.0
529 76.0
530 76.0
531 76.0
532 76.0
533 76.0
534 76.0
535 76.0
536 76.0
537 76.0
538 76.0
539 76.0
540 76.0
541 76.0
542 76.0
543 76.0
544 76.0
545 76.0
546 76.0
547 76.0
548 76.0
549 76.0
550 76.0
551 76.0
552 76.0
553 76.0
554 76.0
555 76.0
556 76.0
557 76.0
558 76.0
559 76.0
560 76.0
561 76.0
562 76.0
563 76.0
564 76.0
565 76.0
566 76.0
567 76.0
568 76.0
569 76.0
570 76.0
571 76.0
572 76.0
573 76.0
574 76.0
575 76.0
576 76.0
577 76.0
578 76.0
579 76.0
580 76.0
581 76.0
582 76.0
583 76.0
584 76.0
585 76.0
586 76.0
587 76.0
588 76.0
589 76.0
590 76.0
591 76.0
592 76.0
593 76.0
594 76.0
595 76.0
596 76.0
597 76.0
598 76.0
599 76.0
600 76.0
601 76.0
602 76.0
603 76.0
604 76.0
605 76.0
606 76.0
607 76.0
608 76.0
609 76.0
610 76.0
611 76.0
612 76.0
613 76.0
614 76.0
615 76.0
616 76.0
617 76.0
618 76.0
619 76.0
620 76.0
621 76.0
622 76.0
623 76.0
624 76.0
625 76.0
626 76.0
627 76.0
628 76.0
629 76.0
630 76.0
631 76.0
632 76.0
633 76.0
634 76.0
635 76.0
636 76.0
637 76.0
638 76.0
639 76.0
640 76.0
641 76.0
642 76.0
643 76.0
644 76.0
645 76.0
646 76.0
647 76.0
648 76.0
649 76.0
650 76.0
651 76.0
652 76.0
653 76.0
654 76.0
655 76.0
656 76.0
657 76.0
658 76.0
659 76.0
660 76.0
661 76.0
662 76.0
663 76.0
664 76.0
665 76.0
666 76.0
667 76.0
668 76.0
669 76.0
670 76.0
671 76.0
672 76.0
673 76.0
674 76.0
675 76.0
676 76.0
677 76.0
678 76.0
679 76.0
680 76.0
681 76.0
682 76.0
683 76.0
684 76.0
685 76.0
686 76.0
687 76.0
688 76.0
689 76.0
690 76.0
691 76.0
692 76.0
693 76.0
694 76.0
695 76.0
696 76.0
697 76.0
698 76.0
699 76.0
700 76.0
701 76.0
702 76.0
703 76.0
704 76.0
705 76.0
706 76.0
707 76.0
708 76.0
709 76.0
710 76.0
711 76.0
712 76.0
713 76.0
714 76.0
715 76.0
716 76.0
717 76.0
718 76.0
719 76.0
720 76.0
721 76.0
722 76.0
723 76.0
724 76.0
725 76.0
726 76.0
727 76.0
728 76.0
729 76.0
730 76.0
731 76.0
732 76.0
733 76.0
734 76.0
735 76.0
736 76.0
737 76.0
738 76.0
739 76.0
740 76.0
741 76.0
742 76.0
743 76.0
744 76.0
745 76.0
746 76.0
747 76.0
748 76.0
749 76.0
750 76.0
751 76.0
752 76.0
753 76.0
754 76.0
755 76.0
756 76.0
757 76.0
758 76.0
759 76.0
760 76.0
761 76.0
762 76.0
763 76.0
764 76.0
765 76.0
766 76.0
767 76.0
768 76.0
769 76.0
770 76.0
771 76.0
772 76.0
773 76.0
774 76.0
775 76.0
776 76.0
777 76.0
778 76.0
779 76.0
780 76.0
781 76.0
782 76.0
783 76.0
784 76.0
785 76.0
786 76.0
787 76.0
788 76.0
789 76.0
790 76.0
791 76.0
792 76.0
793 76.0
794 76.0
795 76.0
796 76.0
797 76.0
798 76.0
799 76.0
800 76.0
801 76.0
802 76.0
803 76.0
804 76.0
805 76.0
806 76.0
807 76.0
808 76.0
809 76.0
810 76.0
811 76.0
812 76.0
813 76.0
814 76.0
815 76.0
816 76.0
817 76.0
818 76.0
819 76.0
820 76.0
821 76.0
822 76.0
823 76.0
824 76.0
825 76.0
826 76.0
827 76.0
828 76.0
829 76.0
830 76.0
831 76.0
832 76.0
833 76.0
834 76.0
835 76.0
836 76.0
837 76.0
838 76.0
839 76.0
840 76.0
841 76.0
842 76.0
843 76.0
844 76.0
845 76.0
846 76.0
847 76.0
848 76.0
849 76.0
850 76.0
851 76.0
852 76.0
853 76.0
854 76.0
855 76.0
856 76.0
857 76.0
858 76.0
859 76.0
860 76.0
861 76.0
862 76.0
863 76.0
864 76.0
865 76.0
866 76.0
867 76.0
868 76.0
869 76.0
870 76.0
871 76.0
872 76.0
873 76.0
874 76.0
875 76.0
876 76.0
877 76.0
878 76.0
879 76.0
880 76.0
881 76.0
882 76.0
883 76.0
884 76.0
885 76.0
886 76.0
887 76.0
888 76.0
889 76.0
890 76.0
891 76.0
892 76.0
893 76.0
894 76.0
895 76.0
896 76.0
897 76.0
898 76.0
899 76.0
900 76.0
901 76.0
902 76.0
903 76.0
904 76.0
905 76.0
906 76.0
907 76.0
908 76.0
909 76.0
910 76.0
911 76.0
912 76.0
913 76.0
914 76.0
915 76.0
916 76.0
917 76.0
918 76.0
919 76.0
920 76.0
921 76.0
922 76.0
923 76.0
924 76.0
925 76.0
926 76.0
927 76.0
928 76.0
929 76.0
930 76.0
931 76.0
932 76.0
933 76.0
934 76.0
935 76.0
936 76.0
937 76.0
938 76.0
939 76.0
940 76.0
941 76.0
942 76.0
943 76.0
944 76.0
945 76.0
946 76.0
947 76.0
948 76.0
949 76.0
950 76.0
951 76.0
952 76.0
953 76.0
954 76.0
955 76.0
956 76.0
957 76.0
958 76.0
959 76.0
960 76.0
961 76.0
962 76.0
963 76.0
964 76.0
965 76.0
966 76.0
967 76.0
968 76.0
969 76.0
970 76.0
971 76.0
972 76.0
973 76.0
974 76.0
975 76.0
976 76.0
977 76.0
978 76.0
979 76.0
980 76.0
981 76.0
982 76.0
983 76.0
984 76.0
985 76.0
986 76.0
987 76.0
988 76.0
989 76.0
990 76.0
991 76.0
992 76.0
993 76.0
994 76.0
995 76.0
996 76.0
997 76.0
998 76.0
999 76.0
1000 76.0
1001 76.0
1002 76.0
1003 76.0
1004 76.0
1005 76.0
1006 76.0
1007 76.0
1008 76.0
1009 76.0
1010 76.0
1011 76.0
1012 76.0
1013 76.0
1014 76.0
1015 76.0
1016 76.0
1017 76.0
1018 76.0
1019 76.0
1020 76.0
1021 76.0
1022 76.0
1023 76.0
1024 76.0
1025 76.0
1026 76.0
1027 76.0
1028 76.0
1029 76.0
1030 76.0
1031 76.0
1032 76.0
1033 76.0
1034 76.0
1035 76.0
1036 76.0
1037 76.0
1038 76.0
1039 76.0
1040 76.0
1041 76.0
1042 76.0
1043 76.0
1044 76.0
1045 76.0
1046 76.0
1047 76.0
1048 76.0
1049 76.0
1050 76.0
1051 76.0
1052 76.0
1053 76.0
1054 76.0
1055 76.0
1056 76.0
1057 76.0
1058 76.0
1059 76.0
1060 76.0
1061 76.0
1062 76.0
1063 76.0
1064 76.0
1065 76.0
1066 76.0
1067 76.0
1068 76.0
1069 76.0
1070 76.0
1071 76.0
1072 76.0
1073 76.0
1074 76.0
1075 76.0
1076 76.0
1077 76.0
1078 76.0
1079 76.0
1080 76.0
1081 76.0
1082 76.0
1083 76.0
1084 76.0
1085 76.0
1086 76.0
1087 76.0
1088 76.0
1089 76.0
1090 76.0
1091 76.0
1092 76.0
1093 76.0
1094 76.0
1095 76.0
1096 76.0
1097 76.0
1098 76.0
1099 76.0
1100 76.0
1101 76.0
1102 76.0
1103 76.0
1104 76.0
1105 76.0
1106 76.0
1107 76.0
1108 76.0
1109 76.0
1110 76.0
1111 76.0
1112 76.0
1113 76.0
1114 76.0
1115 76.0
1116 76.0
1117 76.0
1118 76.0
1119 76.0
1120 76.0
1121 76.0
1122 76.0
1123 76.0
1124 76.0
1125 76.0
1126 76.0
1127 76.0
1128 76.0
1129 76.0
1130 76.0
1131 76.0
1132 76.0
1133 76.0
1134 76.0
1135 76.0
1136 76.0
1137 76.0
1138 76.0
1139 76.0
1140 76.0
1141 76.0
1142 76.0
1143 76.0
1144 76.0
1145 76.0
1146 76.0
1147 76.0
1148 76.0
1149 76.0
1150 76.0
1151 76.0
1152 76.0
1153 76.0
1154 76.0
1155 76.0
1156 76.0
1157 76.0
1158 76.0
1159 76.0
1160 76.0
1161 76.0
1162 76.0
1163 76.0
1164 76.0
1165 76.0
1166 76.0
1167 76.0
1168 76.0
1169 76.0
1170 76.0
1171 76.0
1172 76.0
1173 76.0
1174 76.0
1175 76.0
1176 76.0
1177 76.0
1178 76.0
1179 76.0
1180 76.0
1181 76.0
1182 76.0
1183 76.0
1184 76.0
1185 76.0
1186 76.0
1187 76.0
1188 76.0
1189 76.0
1190 76.0
1191 76.0
1192 76.0
1193 76.0
1194 76.0
1195 76.0
1196 76.0
1197 76.0
1198 76.0
1199 76.0
1200 76.0
1201 76.0
1202 76.0
1203 76.0
1204 76.0
1205 76.0
1206 76.0
1207 76.0
1208 76.0
1209 76.0
1210 76.0
1211 76.0
1212 76.0
1213 76.0
1214 76.0
1215 76.0
1216 76.0
1217 76.0
1218 76.0
1219 76.0
1220 76.0
1221 76.0
1222 76.0
1223 76.0
1224 76.0
1225 76.0
1226 76.0
1227 76.0
1228 76.0
1229 76.0
1230 76.0
1231 76.0
1232 76.0
1233 76.0
1234 76.0
1235 76.0
1236 76.0
1237 76.0
1238 76.0
1239 76.0
1240 76.0
1241 76.0
1242 76.0
1243 76.0
1244 76.0
1245 76.0
1246 76.0
1247 76.0
1248 76.0
1249 76.0
1250 76.0
1251 76.0
1252 76.0
1253 76.0
1254 76.0
1255 76.0
1256 76.0
1257 76.0
1258 76.0
1259 76.0
1260 76.0
1261 76.0
1262 76.0
1263 76.0
1264 76.0
1265 76.0
1266 76.0
1267 76.0
1268 76.0
1269 76.0
1270 76.0
1271 76.0
1272 76.0
1273 76.0
1274 76.0
1275 76.0
1276 76.0
1277 76.0
1278 76.0
1279 76.0
1280 76.0
1281 76.0
1282 76.0
1283 76.0
1284 76.0
1285 76.0
1286 76.0
1287 76.0
1288 76.0
1289 76.0
1290 76.0
1291 76.0
1292 76.0
1293 76.0
1294 76.0
1295 76.0
1296 76.0
1297 76.0
1298 76.0
1299 76.0
1300 76.0
1301 76.0
1302 76.0
1303 76.0
1304 76.0
1305 76.0
1306 76.0
1307 76.0
1308 76.0
1309 76.0
1310 76.0
1311 76.0
1312 76.0
1313 76.0
1314 76.0
1315 76.0
1316 76.0
1317 76.0
1318 76.0
1319 76.0
1320 76.0
1321 76.0
1322 76.0
1323 76.0
1324 76.0
1325 76.0
1326 76.0
1327 76.0
1328 76.0
1329 76.0
1330 76.0
1331 76.0
1332 76.0
1333 76.0
1334 76.0
1335 76.0
1336 76.0
1337 76.0
1338 76.0
1339 76.0
1340 76.0
1341 76.0
1342 76.0
1343 76.0
1344 76.0
1345 76.0
1346 76.0
1347 76.0
1348 76.0
1349 76.0
1350 76.0
1351 76.0
1352 76.0
1353 76.0
1354 76.0
1355 76.0
1356 76.0
1357 76.0
1358 76.0
1359 76.0
1360 76.0
1361 76.0
1362 76.0
1363 76.0
1364 76.0
1365 76.0
1366 76.0
1367 76.0
1368 76.0
1369 76.0
1370 76.0
1371 76.0
1372 76.0
1373 76.0
1374 76.0
1375 76.0
1376 76.0
1377 76.0
1378 76.0
1379 76.0
1380 76.0
1381 76.0
1382 76.0
1383 76.0
1384 76.0
1385 76.0
1386 76.0
1387 76.0
1388 76.0
1389 76.0
1390 76.0
1391 76.0
1392 76.0
1393 76.0
1394 76.0
1395 76.0
1396 76.0
1397 76.0
1398 76.0
1399 76.0
1400 76.0
1401 76.0
1402 76.0
1403 76.0
1404 76.0
1405 76.0
1406 76.0
1407 76.0
1408 76.0
1409 76.0
1410 76.0
1411 76.0
1412 76.0
1413 76.0
1414 76.0
1415 76.0
1416 76.0
1417 76.0
1418 76.0
1419 76.0
1420 76.0
1421 76.0
1422 76.0
1423 76.0
1424 76.0
1425 76.0
1426 76.0
1427 76.0
1428 76.0
1429 76.0
1430 76.0
1431 76.0
1432 76.0
1433 76.0
1434 76.0
1435 76.0
1436 76.0
1437 76.0
1438 76.0
1439 76.0
1440 76.0
1441 76.0
1442 76.0
1443 76.0
1444 76.0
1445 76.0
1446 76.0
1447 76.0
1448 76.0
1449 76.0
1450 76.0
1451 76.0
1452 76.0
1453 76.0
1454 76.0
1455 76.0
1456 76.0
1457 76.0
1458 76.0
1459 76.0
1460 76.0
1461 76.0
1462 76.0
1463 76.0
1464 76.0
1465 76.0
1466 76.0
1467 76.0
1468 76.0
1469 76.0
1470 76.0
1471 76.0
1472 76.0
1473 76.0
1474 76.0
1475 76.0
1476 76.0
1477 76.0
1478 76.0
1479 76.0
1480 76.0
1481 76.0
1482 76.0
1483 76.0
1484 76.0
1485 76.0
1486 76.0
1487 76.0
1488 76.0
1489 76.0
1490 76.0
1491 76.0
1492 76.0
1493 76.0
1494 76.0
1495 76.0
1496 76.0
1497 76.0
1498 76.0
1499 76.0
1500 76.0
1501 76.0
1502 76.0
1503 76.0
1504 76.0
1505 76.0
1506 76.0
1507 76.0
1508 76.0
1509 76.0
1510 76.0
1511 76.0
1512 76.0
1513 76.0
1514 76.0
1515 76.0
1516 76.0
1517 76.0
1518 76.0
1519 76.0
1520 76.0
1521 76.0
1522 76.0
1523 76.0
1524 76.0
1525 76.0
1526 76.0
1527 76.0
1528 76.0
1529 76.0
1530 76.0
1531 76.0
1532 76.0
1533 76.0
1534 76.0
1535 76.0
1536 76.0
1537 76.0
1538 76.0
1539 76.0
1540 76.0
1541 76.0
1542 76.0
1543 76.0
1544 76.0
1545 76.0
1546 76.0
1547 76.0
1548 76.0
1549 76.0
1550 76.0
1551 76.0
1552 76.0
1553 76.0
1554 76.0
1555 76.0
1556 76.0
1557 76.0
1558 76.0
1559 76.0
1560 76.0
1561 76.0
1562 76.0
1563 76.0
1564 76.0
1565 76.0
1566 76.0
1567 76.0
1568 76.0
1569 76.0
1570 76.0
1571 76.0
1572 76.0
1573 76.0
1574 76.0
1575 76.0
1576 76.0
1577 76.0
1578 76.0
1579 76.0
1580 76.0
1581 76.0
1582 76.0
1583 76.0
1584 76.0
1585 76.0
1586 76.0
1587 76.0
1588 76.0
1589 76.0
1590 76.0
1591 76.0
1592 76.0
1593 76.0
1594 76.0
1595 76.0
1596 76.0
1597 76.0
1598 76.0
1599 76.0
1600 76.0
1601 76.0
1602 76.0
1603 76.0
1604 76.0
1605 76.0
1606 76.0
1607 76.0
1608 76.0
1609 76.0
1610 76.0
1611 76.0
1612 76.0
1613 76.0
1614 76.0
1615 76.0
1616 76.0
1617 76.0
1618 76.0
1619 76.0
1620 76.0
1621 76.0
1622 76.0
1623 76.0
1624 76.0
1625 76.0
1626 76.0
1627 76.0
1628 76.0
1629 76.0
1630 76.0
1631 76.0
1632 76.0
1633 76.0
1634 76.0
1635 76.0
1636 76.0
1637 76.0
1638 76.0
1639 76.0
1640 76.0
1641 76.0
1642 76.0
1643 76.0
1644 76.0
1645 76.0
1646 76.0
1647 76.0
1648 76.0
1649 76.0
1650 76.0
1651 76.0
1652 76.0
1653 76.0
1654 76.0
1655 76.0
1656 76.0
1657 76.0
1658 76.0
1659 76.0
1660 76.0
1661 76.0
1662 76.0
1663 76.0
1664 76.0
1665 76.0
1666 76.0
1667 76.0
1668 76.0
1669 76.0
1670 76.0
1671 76.0
1672 76.0
1673 76.0
1674 76.0
1675 76.0
1676 76.0
1677 76.0
1678 76.0
1679 76.0
1680 76.0
1681 76.0
1682 76.0
1683 76.0
1684 76.0
1685 76.0
1686 76.0
1687 76.0
1688 76.0
1689 76.0
1690 76.0
1691 76.0
1692 76.0
1693 76.0
1694 76.0
1695 76.0
1696 76.0
1697 76.0
1698 76.0
1699 76.0
1700 76.0
1701 76.0
1702 76.0
1703 76.0
1704 76.0
1705 76.0
1706 76.0
1707 76.0
1708 76.0
1709 76.0
1710 76.0
1711 76.0
1712 76.0
1713 76.0
1714 76.0
1715 76.0
1716 76.0
1717 76.0
1718 76.0
1719 76.0
1720 76.0
1721 76.0
1722 76.0
1723 76.0
1724 76.0
1725 76.0
1726 76.0
1727 76.0
1728 76.0
1729 76.0
1730 76.0
1731 76.0
1732 76.0
1733 76.0
1734 76.0
1735 76.0
1736 76.0
1737 76.0
1738 76.0
1739 76.0
1740 76.0
1741 76.0
1742 76.0
1743 76.0
1744 76.0
1745 76.0
1746 76.0
1747 76.0
1748 76.0
1749 76.0
1750 76.0
1751 76.0
1752 76.0
1753 76.0
1754 76.0
1755 76.0
1756 76.0
1757 76.0
1758 76.0
1759 76.0
1760 76.0
1761 76.0
1762 76.0
1763 76.0
1764 76.0
1765 76.0
1766 76.0
1767 76.0
1768 76.0
1769 76.0
1770 76.0
1771 76.0
1772 76.0
1773 76.0
1774 76.0
1775 76.0
1776 76.0
1777 76.0
1778 76.0
1779 76.0
1780 76.0
1781 76.0
1782 76.0
1783 76.0
1784 76.0
1785 76.0
1786 76.0
1787 76.0
1788 76.0
1789 76.0
1790 76.0
1791 76.0
1792 76.0
1793 76.0
1794 76.0
1795 76.0
1796 76.0
1797 76.0
1798 76.0
1799 76.0
1800 76.0
1801 76.0
1802 76.0
1803 76.0
1804 76.0
1805 76.0
1806 76.0
1807 76.0
1808 76.0
1809 76.0
1810 76.0
1811 76.0
1812 76.0
1813 76.0
1814 76.0
1815 76.0
1816 76.0
1817 76.0
1818 76.0
1819 76.0
1820 76.0
1821 76.0
1822 76.0
1823 76.0
1824 76.0
1825 76.0
1826 76.0
1827 76.0
1828 76.0
1829 76.0
1830 76.0
1831 76.0
1832 76.0
1833 76.0
1834 76.0
1835 76.0
1836 76.0
1837 76.0
1838 76.0
1839 76.0
1840 76.0
1841 76.0
1842 76.0
1843 76.0
1844 76.0
1845 76.0
1846 76.0
1847 76.0
1848 76.0
1849 76.0
1850 76.0
1851 76.0
1852 76.0
1853 76.0
1854 76.0
1855 76.0
1856 76.0
1857 76.0
1858 76.0
1859 76.0
1860 76.0
1861 76.0
1862 76.0
1863 76.0
1864 76.0
1865 76.0
1866 76.0
1867 76.0
1868 76.0
1869 76.0
1870 76.0
1871 76.0
1872 76.0
1873 76.0
1874 76.0
1875 76.0
1876 76.0
1877 76.0
1878 76.0
1879 76.0
1880 76.0
1881 76.0
1882 76.0
1883 76.0
1884 76.0
1885 76.0
1886 76.0
1887 76.0
1888 76.0
1889 76.0
1890 76.0
1891 76.0
1892 76.0
1893 76.0
1894 76.0
1895 76.0
1896 76.0
1897 76.0
1898 76.0
1899 76.0
1900 76.0
1901 76.0
1902 76.0
1903 76.0
1904 76.0
1905 76.0
1906 76.0
1907 76.0
1908 76.0
1909 76.0
1910 76.0
1911 76.0
1912 76.0
1913 76.0
1914 76.0
1915 76.0
1916 76.0
1917 76.0
1918 76.0
1919 76.0
1920 76.0
1921 76.0
1922 76.0
1923 76.0
1924 76.0
1925 76.0
1926 76.0
1927 76.0
1928 76.0
1929 76.0
1930 76.0
1931 76.0
1932 76.0
1933 76.0
1934 76.0
1935 76.0
1936 76.0
1937 76.0
1938 76.0
1939 76.0
1940 76.0
1941 76.0
1942 76.0
1943 76.0
1944 76.0
1945 76.0
1946 76.0
1947 76.0
1948 76.0
1949 76.0
1950 76.0
1951 76.0
1952 76.0
1953 76.0
1954 76.0
1955 76.0
1956 76.0
1957 76.0
1958 76.0
1959 76.0
1960 76.0
1961 76.0
1962 76.0
1963 76.0
1964 76.0
1965 76.0
1966 76.0
1967 76.0
1968 76.0
1969 76.0
1970 76.0
1971 76.0
1972 76.0
1973 76.0
1974 76.0
1975 76.0
1976 76.0
1977 76.0
1978 76.0
1979 76.0
1980 76.0
1981 76.0
1982 76.0
1983 76.0
1984 76.0
1985 76.0
1986 76.0
1987 76.0
1988 76.0
1989 76.0
1990 76.0
1991 76.0
1992 76.0
1993 76.0
1994 76.0
1995 76.0
1996 76.0
1997 76.0
1998 76.0
1999 76.0
2000 76.0
2001 76.0
2002 76.0
2003 76.0
2004 76.0
2005 76.0
2006 76.0
2007 76.0
2008 76.0
2009 76.0
2010 76.0
2011 76.0
2012 76.0
2013 76.0
2014 76.0
2015 76.0
2016 76.0
2017 76.0
2018 76.0
2019 76.0
2020 76.0
2021 76.0
2022 76.0
2023 76.0
2024 76.0
2025 76.0
2026 76.0
2027 76.0
2028 76.0
2029 76.0
2030 76.0
2031 76.0
2032 76.0
2033 76.0
2034 76.0
2035 76.0
2036 76.0
2037 76.0
2038 76.0
2039 76.0
2040 76.0
2041 76.0
2042 76.0
2043 76.0
2044 76.0
2045 76.0
2046 76.0
2047 76.0
2048 76.0
2049 76.0
2050 76.0
2051 76.0
2052 76.0
2053 76.0
2054 76.0
2055 76.0
2056 76.0
2057 76.0
2058 76.0
2059 76.0
2060 76.0
2061 76.0
2062 76.0
2063 76.0
2064 76.0
2065 76.0
2066 76.0
2067 76.0
2068 76.0
2069 76.0
2070 76.0
2071 76.0
2072 76.0
2073 76.0
2074 76.0
2075 76.0
2076 76.0
2077 76.0
2078 76.0
2079 76.0
2080 76.0
2081 76.0
2082 76.0
2083 76.0
2084 76.0
2085 76.0
2086 76.0
2087 76.0
2088 76.0
2089 76.0
2090 76.0
2091 76.0
2092 76.0
2093 76.0
2094 76.0
2095 76.0
2096 76.0
2097 76.0
2098 76.0
2099 76.0
2100 76.0
2101 76.0
2102 76.0
2103 76.0
2104 76.0
2105 76.0
2106 76.0
2107 76.0
2108 76.0
2109 76.0
2110 76.0
2111 76.0
2112 76.0
2113 76.0
2114 76.0
2115 76.0
2116 76.0
2117 76.0
2118 76.0
2119 76.0
2120 76.0
2121 76.0
2122 76.0
2123 76.0
2124 76.0
2125 76.0
2126 76.0
2127 76.0
2128 76.0
2129 76.0
2130 76.0
2131 76.0
2132 76.0
2133 76.0
2134 76.0
2135 76.0
2136 76.0
2137 76.0
2138 76.0
2139 76.0
2140 76.0
2141 76.0
2142 76.0
2143 76.0
2144 76.0
2145 76.0
2146 76.0
2147 76.0
2148 76.0
2149 76.0
2150 76.0
2151 76.0
2152 76.0
2153 76.0
2154 76.0
2155 76.0
2156 76.0
2157 76.0
2158 76.0
2159 76.0
2160 76.0
2161 76.0
2162 76.0
2163 76.0
2164 76.0
2165 76.0
2166 76.0
2167 76.0
2168 76.0
2169 76.0
2170 76.0
2171 76.0
2172 76.0
2173 76.0
2174 76.0
2175 76.0
2176 76.0
2177 76.0
2178 76.0
2179 76.0
2180 76.0
2181 76.0
2182 76.0
2183 76.0
2184 76.0
2185 76.0
2186 76.0
2187 76.0
2188 76.0
2189 76.0
2190 76.0
2191 76.0
2192 76.0
2193 76.0
2194 76.0
2195 76.0
2196 76.0
2197 76.0
2198 76.0
2199 76.0
2200 76.0
2201 76.0
2202 76.0
2203 76.0
2204 76.0
2205 76.0
2206 76.0
2207 76.0
2208 76.0
2209 76.0
2210 76.0
2211 76.0
2212 76.0
2213 76.0
2214 76.0
2215 76.0
2216 76.0
2217 76.0
2218 76.0
2219 76.0
2220 76.0
2221 76.0
2222 76.0
2223 76.0
2224 76.0
2225 76.0
2226 76.0
2227 76.0
2228 76.0
2229 76.0
2230 76.0
2231 76.0
2232 76.0
2233 76.0
2234 76.0
2235 76.0
2236 76.0
2237 76.0
2238 76.0
2239 76.0
2240 76.0
2241 76.0
2242 76.0
2243 76.0
2244 76.0
2245 76.0
2246 76.0
2247 76.0
2248 76.0
2249 76.0
2250 76.0
2251 76.0
2252 76.0
2253 76.0
2254 76.0
2255 76.0
2256 76.0
2257 76.0
2258 76.0
2259 76.0
2260 76.0
2261 76.0
2262 76.0
2263 76.0
2264 76.0
2265 76.0
2266 76.0
2267 76.0
2268 76.0
2269 76.0
2270 76.0
2271 76.0
2272 76.0
2273 76.0
2274 76.0
2275 76.0
2276 76.0
2277 76.0
2278 76.0
2279 76.0
2280 76.0
2281 76.0
2282 76.0
2283 76.0
2284 76.0
2285 76.0
2286 76.0
2287 76.0
2288 76.0
2289 76.0
2290 76.0
2291 76.0
2292 76.0
2293 76.0
2294 76.0
2295 76.0
2296 76.0
2297 76.0
2298 76.0
2299 76.0
2300 76.0
2301 76.0
2302 76.0
2303 76.0
2304 76.0
2305 76.0
2306 76.0
2307 76.0
2308 76.0
2309 76.0
2310 76.0
2311 76.0
2312 76.0
2313 76.0
2314 76.0
2315 76.0
2316 76.0
2317 76.0
2318 76.0
2319 76.0
2320 76.0
2321 76.0
2322 76.0
2323 76.0
2324 76.0
2325 76.0
2326 76.0
2327 76.0
2328 76.0
2329 76.0
2330 76.0
2331 76.0
2332 76.0
2333 76.0
2334 76.0
2335 76.0
2336 76.0
2337 76.0
2338 76.0
2339 76.0
2340 76.0
2341 76.0
2342 76.0
2343 76.0
2344 76.0
2345 76.0
2346 76.0
2347 76.0
2348 76.0
2349 76.0
2350 76.0
2351 76.0
2352 76.0
2353 76.0
2354 76.0
2355 76.0
2356 76.0
2357 76.0
2358 76.0
2359 76.0
2360 76.0
2361 76.0
2362 76.0
2363 76.0
2364 76.0
2365 76.0
2366 76.0
2367 76.0
2368 76.0
2369 76.0
2370 76.0
2371 76.0
2372 76.0
2373 76.0
2374 76.0
2375 76.0
2376 76.0
2377 76.0
2378 76.0
2379 76.0
2380 76.0
2381 76.0
2382 76.0
2383 76.0
2384 76.0
2385 76.0
2386 76.0
2387 76.0
2388 76.0
2389 76.0
2390 76.0
2391 76.0
2392 76.0
2393 76.0
2394 76.0
2395 76.0
2396 76.0
2397 76.0
2398 76.0
2399 76.0
2400 76.0
2401 76.0
2402 76.0
2403 76.0
2404 76.0
2405 76.0
2406 76.0
2407 76.0
2408 76.0
2409 76.0
2410 76.0
2411 76.0
2412 76.0
2413 76.0
2414 76.0
2415 76.0
2416 76.0
2417 76.0
2418 76.0
2419 76.0
2420 76.0
2421 76.0
2422 76.0
2423 76.0
2424 76.0
2425 76.0
2426 76.0
2427 76.0
2428 76.0
2429 76.0
2430 76.0
2431 76.0
2432 76.0
2433 76.0
2434 76.0
2435 76.0
2436 76.0
2437 76.0
2438 76.0
2439 76.0
2440 76.0
2441 76.0
2442 76.0
2443 76.0
2444 76.0
2445 76.0
2446 76.0
2447 76.0
2448 76.0
2449 76.0
2450 76.0
2451 76.0
2452 76.0
2453 76.0
2454 76.0
2455 76.0
2456 76.0
2457 76.0
2458 76.0
2459 76.0
2460 76.0
2461 76.0
2462 76.0
2463 76.0
2464 76.0
2465 76.0
2466 76.0
2467 76.0
2468 76.0
2469 76.0
2470 76.0
2471 76.0
2472 76.0
2473 76.0
2474 76.0
2475 76.0
2476 76.0
2477 76.0
2478 76.0
2479 76.0
2480 76.0
2481 76.0
2482 76.0
2483 76.0
2484 76.0
2485 76.0
2486 76.0
2487 76.0
2488 76.0
2489 76.0
2490 76.0
2491 76.0
2492 76.0
2493 76.0
2494 76.0
2495 76.0
2496 76.0
2497 76.0
2498 76.0
2499 76.0
2500 76.0
2501 76.0
2502 76.0
2503 76.0
2504 76.0
2505 76.0
2506 76.0
2507 76.0
2508 76.0
2509 76.0
2510 76.0
2511 76.0
2512 76.0
2513 76.0
2514 76.0
2515 76.0
2516 76.0
2517 76.0
2518 76.0
2519 76.0
2520 76.0
2521 76.0
2522 76.0
2523 76.0
2524 76.0
2525 76.0
2526 76.0
2527 76.0
2528 76.0
2529 76.0
2530 76.0
2531 76.0
2532 76.0
2533 76.0
2534 76.0
2535 76.0
2536 76.0
2537 76.0
2538 76.0
2539 76.0
2540 76.0
2541 76.0
2542 76.0
2543 76.0
2544 76.0
2545 76.0
2546 76.0
2547 76.0
2548 76.0
2549 76.0
2550 76.0
2551 76.0
2552 76.0
2553 76.0
2554 76.0
2555 76.0
2556 76.0
2557 76.0
2558 76.0
2559 76.0
2560 76.0
2561 76.0
2562 76.0
2563 77.0
2564 77.0
2565 77.0
2566 77.0
2567 77.0
2568 77.0
2569 77.0
2570 77.0
2571 77.0
2572 77.0
2573 77.0
2574 77.0
2575 77.0
2576 77.0
2577 77.0
2578 77.0
2579 77.0
2580 77.0
2581 77.0
2582 77.0
2583 77.0
2584 77.0
2585 77.0
2586 77.0
2587 77.0
2588 77.0
2589 77.0
2590 77.0
2591 77.0
2592 77.0
2593 77.0
2594 77.0
2595 77.0
2596 77.0
2597 77.0
2598 77.0
2599 77.0
2600 77.0
2601 77.0
2602 77.0
2603 77.0
2604 77.0
2605 77.0
2606 77.0
2607 77.0
2608 77.0
2609 77.0
2610 77.0
2611 77.0
2612 77.0
2613 77.0
2614 77.0
2615 77.0
2616 77.0
2617 77.0
2618 77.0
2619 77.0
2620 77.0
2621 77.0
2622 77.0
2623 77.0
2624 77.0
2625 77.0
2626 77.0
2627 77.0
2628 77.0
2629 77.0
2630 77.0
2631 77.0
2632 77.0
2633 77.0
2634 77.0
2635 77.0
2636 77.0
2637 77.0
2638 77.0
2639 77.0
2640 77.0
2641 77.0
2642 77.0
2643 77.0
2644 77.0
2645 77.0
2646 77.0
2647 77.0
2648 77.0
2649 77.0
2650 77.0
2651 77.0
2652 77.0
2653 77.0
2654 77.0
2655 77.0
2656 77.0
2657 77.0
2658 77.0
2659 77.0
2660 77.0
2661 77.0
2662 77.0
2663 77.0
2664 77.0
2665 77.0
2666 77.0
2667 77.0
2668 78.0
2669 78.0
2670 78.0
2671 78.0
2672 78.0
2673 78.0
2674 78.0
2675 78.0
2676 78.0
2677 78.0
2678 78.0
2679 78.0
2680 78.0
2681 78.0
2682 78.0
2683 78.0
2684 78.0
2685 78.0
2686 78.0
2687 78.0
2688 78.0
2689 78.0
2690 78.0
2691 78.0
2692 78.0
2693 78.0
2694 78.0
2695 78.0
2696 78.0
2697 78.0
2698 78.0
2699 78.0
2700 78.0
2701 78.0
2702 78.0
2703 78.0
2704 78.0
2705 78.0
2706 78.0
2707 78.0
2708 78.0
2709 78.0
2710 78.0
2711 78.0
2712 78.0
2713 78.0
2714 78.0
2715 78.0
2716 78.0
2717 78.0
2718 78.0
2719 78.0
2720 78.0
2721 78.0
2722 78.0
2723 78.0
2724 78.0
2725 78.0
2726 78.0
2727 78.0
2728 78.0
2729 78.0
2730 78.0
2731 78.0
2732 78.0
2733 78.0
2734 78.0
2735 78.0
2736 78.0
2737 78.0
2738 78.0
2739 78.0
2740 78.0
2741 78.0
2742 78.0
2743 78.0
2744 78.0
2745 78.0
2746 78.0
2747 78.0
2748 78.0
2749 78.0
2750 78.0
2751 78.0
2752 78.0
2753 78.0
2754 78.0
2755 78.0
2756 78.0
2757 78.0
2758 78.0
2759 78.0
2760 78.0
2761 78.0
2762 78.0
2763 78.0
2764 78.0
2765 78.0
2766 78.0
2767 78.0
2768 78.0
2769 78.0
2770 78.0
2771 78.0
2772 78.0
2773 78.0
2774 78.0
2775 78.0
2776 78.0
2777 78.0
2778 78.0
2779 78.0
2780 78.0
2781 78.0
2782 78.0
2783 78.0
2784 78.0
2785 78.0
2786 78.0
2787 78.0
2788 78.0
2789 78.0
2790 78.0
2791 78.0
2792 78.0
2793 78.0
2794 78.0
2795 78.0
2796 78.0
2797 78.0
2798 78.0
2799 78.0
2800 78.0
2801 78.0
2802 78.0
2803 78.0
2804 78.0
2805 78.0
2806 78.0
2807 78.0
2808 78.0
2809 78.0
2810 78.0
2811 78.0
2812 78.0
2813 78.0
2814 78.0
2815 78.0
2816 78.0
2817 78.0
2818 78.0
2819 78.0
2820 78.0
2821 78.0
2822 78.0
2823 78.0
2824 78.0
2825 78.0
2826 78.0
2827 78.0
2828 78.0
2829 78.0
2830 78.0
2831 78.0
2832 78.0
2833 78.0
2834 78.0
2835 78.0
2836 78.0
2837 78.0
2838 78.0
2839 78.0
2840 78.0
2841 78.0
2842 78.0
2843 78.0
2844 78.0
2845 78.0
2846 78.0
2847 78.0
2848 78.0
2849 78.0
2850 78.0
2851 78.0
2852 78.0
2853 78.0
2854 78.0
2855 78.0
2856 78.0
2857 78.0
2858 78.0
2859 78.0
2860 78.0
2861 78.0
2862 78.0
2863 78.0
2864 78.0
2865 78.0
2866 78.0
2867 78.0
2868 78.0
2869 78.0
2870 78.0
2871 78.0
2872 78.0
2873 78.0
2874 78.0
2875 78.0
2876 78.0
2877 78.0
2878 78.0
2879 78.0
2880 78.0
2881 78.0
2882 78.0
2883 78.0
2884 78.0
2885 78.0
2886 78.0
2887 78.0
2888 78.0
2889 78.0
2890 78.0
2891 78.0
2892 78.0
2893 78.0
2894 78.0
2895 78.0
2896 78.0
2897 78.0
2898 78.0
2899 78.0
2900 78.0
2901 78.0
2902 78.0
2903 78.0
2904 78.0
2905 78.0
2906 78.0
2907 78.0
2908 78.0
2909 78.0
2910 78.0
2911 78.0
2912 78.0
2913 78.0
2914 78.0
2915 78.0
2916 78.0
2917 78.0
2918 78.0
2919 78.0
2920 78.0
2921 78.0
2922 78.0
2923 78.0
2924 78.0
2925 78.0
2926 78.0
2927 78.0
2928 78.0
2929 78.0
2930 78.0
2931 78.0
2932 78.0
2933 78.0
2934 78.0
2935 78.0
2936 78.0
2937 78.0
2938 78.0
2939 78.0
2940 78.0
2941 78.0
2942 78.0
2943 78.0
2944 78.0
2945 78.0
2946 78.0
2947 78.0
2948 78.0
2949 78.0
2950 78.0
2951 78.0
2952 78.0
2953 78.0
2954 78.0
2955 78.0
2956 78.0
2957 78.0
2958 78.0
2959 78.0
2960 78.0
2961 78.0
2962 78.0
2963 78.0
2964 78.0
2965 78.0
2966 78.0
2967 78.0
2968 78.0
2969 78.0
2970 78.0
2971 78.0
2972 78.0
2973 78.0
2974 78.0
2975 78.0
2976 78.0
2977 78.0
2978 78.0
2979 78.0
2980 78.0
2981 78.0
2982 78.0
2983 78.0
2984 78.0
2985 78.0
2986 78.0
2987 78.0
2988 78.0
2989 78.0
2990 78.0
2991 78.0
2992 78.0
2993 78.0
2994 78.0
2995 78.0
2996 78.0
2997 78.0
2998 78.0
2999 78.0
3000 78.0
3001 78.0
3002 78.0
3003 78.0
3004 78.0
3005 78.0
3006 78.0
3007 78.0
3008 78.0
3009 78.0
3010 78.0
3011 78.0
3012 78.0
3013 78.0
3014 78.0
3015 78.0
3016 78.0
3017 78.0
3018 78.0
3019 78.0
3020 78.0
3021 78.0
3022 78.0
3023 78.0
3024 78.0
3025 78.0
3026 78.0
3027 78.0
3028 78.0
3029 78.0
3030 78.0
3031 78.0
3032 78.0
3033 78.0
3034 78.0
3035 78.0
3036 78.0
3037 78.0
3038 78.0
3039 78.0
3040 78.0
3041 78.0
3042 78.0
3043 78.0
3044 78.0
3045 78.0
3046 78.0
3047 78.0
3048 78.0
3049 78.0
3050 78.0
3051 78.0
3052 78.0
3053 78.0
3054 78.0
3055 78.0
3056 78.0
3057 78.0
3058 78.0
3059 78.0
3060 78.0
3061 78.0
3062 78.0
3063 78.0
3064 78.0
3065 78.0
3066 78.0
3067 78.0
3068 78.0
3069 78.0
3070 78.0
3071 78.0
3072 78.0
3073 78.0
3074 78.0
3075 78.0
3076 78.0
3077 78.0
3078 78.0
3079 78.0
3080 78.0
3081 78.0
3082 78.0
3083 78.0
3084 78.0
3085 78.0
3086 78.0
3087 78.0
3088 78.0
3089 78.0
3090 78.0
3091 78.0
3092 78.0
3093 78.0
3094 78.0
3095 78.0
3096 78.0
3097 78.0
3098 78.0
3099 78.0
3100 78.0
3101 78.0
3102 78.0
3103 78.0
3104 78.0
3105 78.0
3106 78.0
3107 78.0
3108 78.0
3109 78.0
3110 78.0
3111 78.0
3112 78.0
3113 78.0
3114 78.0
3115 78.0
3116 78.0
3117 78.0
3118 78.0
3119 78.0
3120 78.0
3121 78.0
3122 78.0
3123 78.0
3124 78.0
3125 78.0
3126 78.0
3127 78.0
3128 78.0
3129 78.0
3130 78.0
3131 78.0
3132 78.0
3133 78.0
3134 78.0
3135 78.0
3136 78.0
3137 78.0
3138 78.0
3139 78.0
3140 78.0
3141 78.0
3142 78.0
3143 78.0
3144 78.0
3145 78.0
3146 78.0
3147 78.0
3148 78.0
3149 78.0
3150 78.0
3151 78.0
3152 78.0
3153 78.0
3154 78.0
3155 78.0
3156 78.0
3157 78.0
3158 78.0
3159 78.0
3160 78.0
3161 78.0
3162 78.0
3163 78.0
3164 78.0
3165 78.0
3166 78.0
3167 78.0
3168 78.0
3169 78.0
3170 78.0
3171 78.0
3172 78.0
3173 78.0
3174 78.0
3175 78.0
3176 78.0
3177 78.0
3178 78.0
3179 78.0
3180 78.0
3181 78.0
3182 78.0
3183 78.0
3184 78.0
3185 78.0
3186 78.0
3187 78.0
3188 78.0
3189 78.0
3190 78.0
3191 78.0
3192 78.0
3193 78.0
3194 78.0
3195 78.0
3196 78.0
3197 78.0
3198 78.0
3199 78.0
3200 78.0
3201 78.0
3202 78.0
3203 78.0
3204 78.0
3205 78.0
3206 78.0
3207 78.0
3208 78.0
3209 78.0
3210 78.0
3211 78.0
3212 78.0
3213 78.0
3214 78.0
3215 78.0
3216 78.0
3217 78.0
3218 78.0
3219 78.0
3220 78.0
3221 78.0
3222 78.0
3223 78.0
3224 78.0
3225 78.0
3226 78.0
3227 78.0
3228 78.0
3229 78.0
3230 78.0
3231 78.0
3232 78.0
3233 78.0
3234 78.0
3235 78.0
3236 78.0
3237 78.0
3238 78.0
3239 78.0
3240 78.0
3241 78.0
3242 78.0
3243 78.0
3244 78.0
3245 78.0
3246 78.0
3247 78.0
3248 78.0
3249 78.0
3250 78.0
3251 78.0
3252 78.0
3253 78.0
3254 78.0
3255 78.0
3256 78.0
3257 78.0
3258 78.0
3259 78.0
3260 78.0
3261 78.0
3262 78.0
3263 78.0
3264 78.0
3265 78.0
3266 78.0
3267 78.0
3268 78.0
3269 78.0
3270 78.0
3271 78.0
3272 78.0
3273 78.0
3274 78.0
3275 78.0
3276 78.0
3277 78.0
3278 78.0
3279 78.0
3280 78.0
3281 78.0
3282 78.0
3283 78.0
3284 78.0
3285 78.0
3286 78.0
3287 78.0
3288 78.0
3289 78.0
3290 78.0
3291 78.0
3292 78.0
3293 78.0
3294 78.0
3295 78.0
3296 78.0
3297 78.0
3298 78.0
3299 78.0
3300 78.0
3301 78.0
3302 78.0
3303 78.0
3304 78.0
3305 78.0
3306 78.0
3307 78.0
3308 78.0
3309 78.0
3310 78.0
3311 78.0
3312 78.0
3313 78.0
3314 78.0
3315 78.0
3316 78.0
3317 78.0
3318 78.0
3319 78.0
3320 78.0
3321 78.0
3322 78.0
3323 78.0
3324 78.0
3325 78.0
3326 78.0
3327 78.0
3328 78.0
3329 78.0
3330 78.0
3331 78.0
3332 78.0
3333 78.0
3334 78.0
3335 78.0
3336 78.0
3337 78.0
3338 78.0
3339 78.0
3340 78.0
3341 78.0
3342 78.0
3343 78.0
3344 78.0
3345 78.0
3346 78.0
3347 78.0
3348 78.0
3349 78.0
3350 78.0
3351 78.0
3352 78.0
3353 78.0
3354 78.0
3355 78.0
3356 78.0
3357 78.0
3358 78.0
3359 78.0
3360 78.0
3361 78.0
3362 78.0
3363 78.0
3364 78.0
3365 78.0
3366 78.0
3367 78.0
3368 78.0
3369 78.0
3370 78.0
3371 78.0
3372 78.0
3373 78.0
3374 78.0
3375 78.0
3376 78.0
3377 78.0
3378 78.0
3379 78.0
3380 78.0
3381 78.0
3382 78.0
3383 78.0
3384 78.0
3385 78.0
3386 78.0
3387 78.0
3388 78.0
3389 78.0
3390 78.0
3391 78.0
3392 78.0
3393 78.0
3394 78.0
3395 78.0
3396 78.0
3397 78.0
3398 78.0
3399 78.0
3400 78.0
3401 78.0
3402 78.0
3403 78.0
3404 78.0
3405 78.0
3406 78.0
3407 78.0
3408 78.0
3409 78.0
3410 78.0
3411 78.0
3412 78.0
3413 78.0
3414 78.0
3415 78.0
3416 78.0
3417 78.0
3418 78.0
3419 78.0
3420 78.0
3421 78.0
3422 78.0
3423 78.0
3424 78.0
3425 78.0
3426 78.0
3427 78.0
3428 78.0
3429 78.0
3430 78.0
3431 78.0
3432 78.0
3433 78.0
3434 78.0
3435 78.0
3436 78.0
3437 78.0
3438 78.0
3439 78.0
3440 78.0
3441 78.0
3442 78.0
3443 78.0
3444 78.0
3445 78.0
3446 78.0
3447 78.0
3448 78.0
3449 78.0
3450 78.0
3451 78.0
3452 78.0
3453 78.0
3454 78.0
3455 78.0
3456 78.0
3457 78.0
3458 78.0
3459 78.0
3460 78.0
3461 78.0
3462 78.0
3463 78.0
3464 78.0
3465 78.0
3466 78.0
3467 78.0
3468 78.0
3469 78.0
3470 78.0
3471 78.0
3472 78.0
3473 78.0
3474 78.0
3475 78.0
3476 78.0
3477 78.0
3478 78.0
3479 78.0
3480 78.0
3481 78.0
3482 78.0
3483 78.0
3484 78.0
3485 78.0
3486 78.0
3487 78.0
3488 78.0
3489 78.0
3490 78.0
3491 78.0
3492 78.0
3493 78.0
3494 78.0
3495 78.0
3496 78.0
3497 78.0
3498 78.0
3499 78.0
3500 78.0
3501 78.0
3502 78.0
3503 78.0
3504 78.0
3505 78.0
3506 78.0
3507 78.0
3508 78.0
3509 78.0
3510 78.0
3511 78.0
3512 78.0
3513 78.0
3514 78.0
3515 78.0
3516 78.0
3517 78.0
3518 78.0
3519 78.0
3520 78.0
3521 78.0
3522 78.0
3523 78.0
3524 78.0
3525 78.0
3526 78.0
3527 78.0
3528 78.0
3529 78.0
3530 78.0
3531 78.0
3532 78.0
3533 78.0
3534 78.0
3535 78.0
3536 78.0
3537 78.0
3538 78.0
3539 78.0
3540 78.0
3541 78.0
3542 78.0
3543 78.0
3544 78.0
3545 78.0
3546 78.0
3547 78.0
3548 78.0
3549 78.0
3550 78.0
3551 78.0
3552 78.0
3553 78.0
3554 78.0
3555 78.0
3556 78.0
3557 78.0
3558 78.0
3559 78.0
3560 78.0
3561 78.0
3562 78.0
3563 78.0
3564 78.0
3565 78.0
3566 78.0
3567 78.0
3568 78.0
3569 78.0
3570 78.0
3571 78.0
3572 78.0
3573 78.0
3574 78.0
3575 78.0
3576 78.0
3577 78.0
3578 78.0
3579 78.0
3580 78.0
3581 78.0
3582 78.0
3583 78.0
3584 78.0
3585 78.0
3586 78.0
3587 78.0
3588 78.0
3589 78.0
3590 78.0
3591 78.0
3592 78.0
3593 78.0
3594 78.0
3595 78.0
3596 78.0
3597 78.0
3598 78.0
3599 78.0
3600 78.0
3601 78.0
3602 78.0
3603 78.0
3604 78.0
3605 78.0
3606 78.0
3607 78.0
3608 78.0
3609 78.0
3610 78.0
3611 78.0
3612 78.0
3613 78.0
3614 78.0
3615 78.0
3616 78.0
3617 78.0
3618 78.0
3619 78.0
3620 78.0
3621 78.0
3622 78.0
3623 78.0
3624 78.0
3625 78.0
3626 78.0
3627 78.0
3628 78.0
3629 78.0
3630 78.0
3631 78.0
3632 78.0
3633 78.0
3634 78.0
3635 78.0
3636 78.0
3637 78.0
3638 78.0
3639 78.0
3640 78.0
3641 78.0
3642 78.0
3643 78.0
3644 78.0
3645 78.0
3646 78.0
3647 78.0
3648 78.0
3649 78.0
3650 78.0
3651 78.0
3652 78.0
3653 78.0
3654 78.0
3655 78.0
3656 78.0
3657 78.0
3658 78.0
3659 78.0
3660 78.0
3661 78.0
3662 78.0
3663 78.0
3664 78.0
3665 78.0
3666 78.0
3667 78.0
3668 78.0
3669 78.0
3670 78.0
3671 78.0
3672 78.0
3673 78.0
3674 78.0
3675 78.0
3676 78.0
3677 78.0
3678 78.0
3679 78.0
3680 78.0
3681 78.0
3682 78.0
3683 78.0
3684 78.0
3685 78.0
3686 78.0
3687 78.0
3688 78.0
3689 78.0
3690 78.0
3691 78.0
3692 78.0
3693 78.0
3694 78.0
3695 78.0
3696 78.0
3697 78.0
3698 78.0
3699 78.0
3700 78.0
3701 78.0
3702 78.0
3703 78.0
3704 78.0
3705 78.0
3706 78.0
3707 78.0
3708 78.0
3709 78.0
3710 78.0
3711 78.0
3712 78.0
3713 78.0
3714 78.0
3715 78.0
3716 78.0
3717 78.0
3718 78.0
3719 78.0
3720 78.0
3721 78.0
3722 78.0
3723 78.0
3724 78.0
3725 78.0
3726 78.0
3727 78.0
3728 78.0
3729 78.0
3730 78.0
3731 78.0
3732 78.0
3733 78.0
3734 78.0
3735 78.0
3736 78.0
3737 78.0
3738 78.0
3739 78.0
3740 78.0
3741 78.0
3742 78.0
3743 78.0
3744 78.0
3745 78.0
3746 78.0
3747 78.0
3748 78.0
3749 78.0
3750 78.0
3751 78.0
3752 78.0
3753 78.0
3754 78.0
3755 78.0
3756 78.0
3757 78.0
3758 78.0
3759 78.0
3760 78.0
3761 78.0
3762 78.0
3763 78.0
3764 78.0
3765 78.0
3766 78.0
3767 78.0
3768 78.0
3769 78.0
3770 78.0
3771 78.0
3772 78.0
3773 78.0
3774 78.0
3775 78.0
3776 78.0
3777 78.0
3778 78.0
3779 78.0
3780 78.0
3781 78.0
3782 78.0
3783 78.0
3784 78.0
3785 78.0
3786 78.0
3787 78.0
3788 78.0
3789 78.0
3790 78.0
3791 78.0
3792 78.0
3793 78.0
3794 78.0
3795 78.0
3796 78.0
3797 78.0
3798 78.0
3799 78.0
3800 78.0
3801 78.0
3802 78.0
3803 78.0
3804 78.0
3805 78.0
3806 78.0
3807 78.0
3808 78.0
3809 78.0
3810 78.0
3811 78.0
3812 78.0
3813 78.0
3814 78.0
3815 78.0
3816 78.0
3817 78.0
3818 78.0
3819 78.0
3820 78.0
3821 78.0
3822 78.0
3823 78.0
3824 78.0
3825 78.0
3826 78.0
3827 78.0
3828 78.0
3829 78.0
3830 78.0
3831 78.0
3832 78.0
3833 78.0
3834 78.0
3835 78.0
3836 78.0
3837 78.0
3838 78.0
3839 78.0
3840 78.0
3841 78.0
3842 78.0
3843 78.0
3844 78.0
3845 78.0
3846 78.0
3847 78.0
3848 78.0
3849 78.0
3850 78.0
3851 78.0
3852 78.0
3853 78.0
3854 78.0
3855 78.0
3856 78.0
3857 78.0
3858 78.0
3859 78.0
3860 78.0
3861 78.0
3862 78.0
3863 78.0
3864 78.0
3865 78.0
3866 78.0
3867 78.0
3868 78.0
3869 78.0
3870 78.0
3871 78.0
3872 78.0
3873 78.0
3874 78.0
3875 78.0
3876 78.0
3877 78.0
3878 78.0
3879 78.0
3880 78.0
3881 78.0
3882 78.0
3883 78.0
3884 78.0
3885 78.0
3886 78.0
3887 78.0
3888 78.0
3889 78.0
3890 78.0
3891 78.0
3892 78.0
3893 78.0
3894 78.0
3895 78.0
3896 78.0
3897 78.0
3898 78.0
3899 78.0
3900 78.0
3901 78.0
3902 78.0
3903 78.0
3904 78.0
3905 78.0
3906 78.0
3907 78.0
3908 78.0
3909 78.0
3910 78.0
3911 78.0
3912 78.0
3913 78.0
3914 78.0
3915 78.0
3916 78.0
3917 78.0
3918 78.0
3919 78.0
3920 78.0
3921 78.0
3922 78.0
3923 78.0
3924 78.0
3925 78.0
3926 78.0
3927 78.0
3928 78.0
3929 78.0
3930 78.0
3931 78.0
3932 78.0
3933 78.0
3934 78.0
3935 78.0
3936 78.0
3937 78.0
3938 78.0
3939 78.0
3940 78.0
3941 78.0
3942 78.0
3943 78.0
3944 78.0
3945 78.0
3946 78.0
3947 78.0
3948 78.0
3949 78.0
3950 78.0
3951 78.0
3952 78.0
3953 78.0
3954 78.0
3955 78.0
3956 78.0
3957 78.0
3958 78.0
3959 78.0
3960 78.0
3961 78.0
3962 78.0
3963 78.0
3964 78.0
3965 78.0
3966 78.0
3967 78.0
3968 78.0
3969 78.0
3970 78.0
3971 78.0
3972 78.0
3973 78.0
3974 78.0
3975 78.0
3976 78.0
3977 78.0
3978 78.0
3979 78.0
3980 78.0
3981 78.0
3982 78.0
3983 78.0
3984 78.0
3985 78.0
3986 78.0
3987 78.0
3988 78.0
3989 78.0
3990 78.0
3991 78.0
3992 78.0
3993 78.0
3994 78.0
3995 78.0
3996 78.0
3997 78.0
3998 78.0
3999 78.0
4000 78.0
4001 78.0
4002 78.0
4003 78.0
4004 78.0
4005 78.0
4006 78.0
4007 78.0
4008 78.0
4009 78.0
4010 78.0
4011 78.0
4012 78.0
4013 78.0
4014 78.0
4015 78.0
4016 78.0
4017 78.0
4018 78.0
4019 78.0
4020 78.0
4021 78.0
4022 78.0
4023 78.0
4024 78.0
4025 78.0
4026 78.0
4027 78.0
4028 78.0
4029 78.0
4030 78.0
4031 78.0
4032 78.0
4033 78.0
4034 78.0
4035 78.0
4036 78.0
4037 78.0
4038 78.0
4039 78.0
4040 78.0
4041 78.0
4042 78.0
4043 78.0
4044 78.0
4045 78.0
4046 78.0
4047 78.0
4048 78.0
4049 78.0
4050 78.0
4051 78.0
4052 78.0
4053 78.0
4054 78.0
4055 78.0
4056 78.0
4057 78.0
4058 78.0
4059 78.0
4060 78.0
4061 78.0
4062 78.0
4063 78.0
4064 78.0
4065 78.0
4066 78.0
4067 78.0
4068 78.0
4069 78.0
4070 78.0
4071 78.0
4072 78.0
4073 78.0
4074 78.0
4075 78.0
4076 78.0
4077 78.0
4078 78.0
4079 78.0
4080 78.0
4081 78.0
4082 78.0
4083 78.0
4084 78.0
4085 78.0
4086 78.0
4087 78.0
4088 78.0
4089 78.0
4090 78.0
4091 78.0
4092 78.0
4093 78.0
4094 78.0
4095 78.0
4096 78.0
4097 78.0
4098 78.0
4099 78.0
4100 78.0
4101 78.0
4102 78.0
4103 78.0
4104 78.0
4105 78.0
4106 78.0
4107 78.0
4108 78.0
4109 78.0
4110 78.0
4111 78.0
4112 78.0
4113 78.0
4114 78.0
4115 78.0
4116 78.0
4117 78.0
4118 78.0
4119 78.0
4120 78.0
4121 78.0
4122 78.0
4123 78.0
4124 78.0
4125 78.0
4126 78.0
4127 78.0
4128 78.0
4129 78.0
4130 78.0
4131 78.0
4132 78.0
4133 78.0
4134 78.0
4135 78.0
4136 78.0
4137 78.0
4138 78.0
4139 78.0
4140 78.0
4141 78.0
4142 78.0
4143 78.0
4144 78.0
4145 78.0
4146 78.0
4147 78.0
4148 78.0
4149 78.0
4150 78.0
4151 78.0
4152 78.0
4153 78.0
4154 78.0
4155 78.0
4156 78.0
4157 78.0
4158 78.0
4159 78.0
4160 78.0
4161 78.0
4162 78.0
4163 78.0
4164 78.0
4165 78.0
4166 78.0
4167 78.0
4168 78.0
4169 78.0
4170 78.0
4171 78.0
4172 78.0
4173 78.0
4174 78.0
4175 78.0
4176 78.0
4177 78.0
4178 78.0
4179 78.0
4180 78.0
4181 78.0
4182 78.0
4183 78.0
4184 78.0
4185 78.0
4186 78.0
4187 78.0
4188 78.0
4189 78.0
4190 78.0
4191 78.0
4192 78.0
4193 78.0
4194 78.0
4195 78.0
4196 78.0
4197 78.0
4198 78.0
4199 78.0
4200 78.0
4201 78.0
4202 78.0
4203 78.0
4204 78.0
4205 78.0
4206 78.0
4207 78.0
4208 78.0
4209 78.0
4210 78.0
4211 78.0
4212 78.0
4213 78.0
4214 78.0
4215 78.0
4216 78.0
4217 78.0
4218 78.0
4219 78.0
4220 78.0
4221 78.0
4222 78.0
4223 78.0
4224 78.0
4225 78.0
4226 78.0
4227 78.0
4228 78.0
4229 78.0
4230 78.0
4231 78.0
4232 78.0
4233 78.0
4234 78.0
4235 78.0
4236 78.0
4237 78.0
4238 78.0
4239 78.0
4240 78.0
4241 78.0
4242 78.0
4243 78.0
4244 78.0
4245 78.0
4246 78.0
4247 78.0
4248 78.0
4249 78.0
4250 78.0
4251 78.0
4252 78.0
4253 78.0
4254 78.0
4255 78.0
4256 78.0
4257 78.0
4258 78.0
4259 78.0
4260 78.0
4261 78.0
4262 78.0
4263 78.0
4264 78.0
4265 78.0
4266 78.0
4267 78.0
4268 78.0
4269 78.0
4270 78.0
4271 78.0
4272 78.0
4273 78.0
4274 78.0
4275 78.0
4276 78.0
4277 78.0
4278 78.0
4279 78.0
4280 78.0
4281 78.0
4282 78.0
4283 78.0
4284 78.0
4285 78.0
4286 78.0
4287 78.0
4288 78.0
4289 78.0
4290 78.0
4291 78.0
4292 78.0
4293 78.0
4294 78.0
4295 78.0
4296 78.0
4297 78.0
4298 78.0
4299 78.0
4300 78.0
4301 78.0
4302 78.0
4303 78.0
4304 78.0
4305 78.0
4306 78.0
4307 78.0
4308 78.0
4309 78.0
4310 78.0
4311 78.0
4312 78.0
4313 78.0
4314 78.0
4315 78.0
4316 78.0
4317 78.0
4318 78.0
4319 78.0
4320 78.0
4321 78.0
4322 78.0
4323 78.0
4324 78.0
4325 78.0
4326 78.0
4327 78.0
4328 78.0
4329 78.0
4330 78.0
4331 78.0
4332 78.0
4333 78.0
4334 78.0
4335 78.0
4336 78.0
4337 78.0
4338 78.0
4339 78.0
4340 78.0
4341 78.0
4342 78.0
4343 78.0
4344 78.0
4345 78.0
4346 78.0
4347 78.0
4348 78.0
4349 78.0
4350 78.0
4351 78.0
4352 78.0
4353 78.0
4354 78.0
4355 78.0
4356 78.0
4357 78.0
4358 78.0
4359 78.0
4360 78.0
4361 78.0
4362 78.0
4363 78.0
4364 78.0
4365 78.0
4366 78.0
4367 78.0
4368 78.0
4369 78.0
4370 78.0
4371 78.0
4372 78.0
4373 78.0
4374 78.0
4375 78.0
4376 78.0
4377 78.0
4378 78.0
4379 78.0
4380 78.0
4381 78.0
4382 78.0
4383 78.0
4384 78.0
4385 78.0
4386 78.0
4387 78.0
4388 78.0
4389 78.0
4390 78.0
4391 78.0
4392 78.0
4393 78.0
4394 78.0
4395 78.0
4396 78.0
4397 78.0
4398 78.0
4399 78.0
4400 78.0
4401 78.0
4402 78.0
4403 78.0
4404 78.0
4405 78.0
4406 78.0
4407 78.0
4408 78.0
4409 78.0
4410 78.0
4411 78.0
4412 78.0
4413 78.0
4414 78.0
4415 78.0
4416 78.0
4417 78.0
4418 78.0
4419 78.0
4420 78.0
4421 78.0
4422 78.0
4423 78.0
4424 78.0
4425 78.0
4426 78.0
4427 78.0
4428 78.0
4429 78.0
4430 78.0
4431 78.0
4432 78.0
4433 78.0
4434 78.0
4435 78.0
4436 78.0
4437 78.0
4438 78.0
4439 78.0
4440 78.0
4441 78.0
4442 78.0
4443 78.0
4444 78.0
4445 78.0
4446 78.0
4447 78.0
4448 78.0
4449 78.0
4450 78.0
4451 78.0
4452 78.0
4453 78.0
4454 78.0
4455 78.0
4456 78.0
4457 78.0
4458 78.0
4459 78.0
4460 78.0
4461 78.0
4462 78.0
4463 78.0
4464 78.0
4465 78.0
4466 78.0
4467 78.0
4468 78.0
4469 78.0
4470 78.0
4471 78.0
4472 78.0
4473 78.0
4474 78.0
4475 78.0
4476 78.0
4477 78.0
4478 78.0
4479 78.0
4480 78.0
4481 78.0
4482 78.0
4483 78.0
4484 78.0
4485 78.0
4486 78.0
4487 78.0
4488 78.0
4489 78.0
4490 78.0
4491 78.0
4492 78.0
4493 78.0
4494 78.0
4495 78.0
4496 78.0
4497 78.0
4498 78.0
4499 78.0
4500 78.0
4501 78.0
4502 78.0
4503 78.0
4504 78.0
4505 78.0
4506 78.0
4507 78.0
4508 78.0
4509 78.0
4510 78.0
4511 78.0
4512 78.0
4513 78.0
4514 78.0
4515 78.0
4516 78.0
4517 78.0
4518 78.0
4519 78.0
4520 78.0
4521 78.0
4522 78.0
4523 78.0
4524 78.0
4525 78.0
4526 78.0
4527 78.0
4528 78.0
4529 78.0
4530 78.0
4531 78.0
4532 78.0
4533 78.0
4534 78.0
4535 78.0
4536 78.0
4537 78.0
4538 78.0
4539 78.0
4540 78.0
4541 78.0
4542 78.0
4543 78.0
4544 78.0
4545 78.0
4546 78.0
4547 78.0
4548 78.0
4549 78.0
4550 78.0
4551 78.0
4552 78.0
4553 78.0
4554 78.0
4555 78.0
4556 78.0
4557 78.0
4558 78.0
4559 78.0
4560 78.0
4561 78.0
4562 78.0
4563 78.0
4564 78.0
4565 78.0
4566 78.0
4567 78.0
4568 78.0
4569 78.0
4570 78.0
4571 78.0
4572 78.0
4573 78.0
4574 78.0
4575 78.0
4576 78.0
4577 78.0
4578 78.0
4579 78.0
4580 78.0
4581 78.0
4582 78.0
4583 78.0
4584 78.0
4585 78.0
4586 78.0
4587 78.0
4588 78.0
4589 78.0
4590 78.0
4591 78.0
4592 78.0
4593 78.0
4594 78.0
4595 78.0
4596 78.0
4597 78.0
4598 78.0
4599 78.0
4600 78.0
4601 78.0
4602 78.0
4603 78.0
4604 78.0
4605 78.0
4606 78.0
4607 78.0
4608 78.0
4609 78.0
4610 78.0
4611 78.0
4612 78.0
4613 78.0
4614 78.0
4615 78.0
4616 78.0
4617 78.0
4618 78.0
4619 78.0
4620 78.0
4621 78.0
4622 78.0
4623 78.0
4624 78.0
4625 78.0
4626 78.0
4627 78.0
4628 78.0
4629 78.0
4630 78.0
4631 78.0
4632 78.0
4633 78.0
4634 78.0
4635 78.0
4636 78.0
4637 78.0
4638 78.0
4639 78.0
4640 78.0
4641 78.0
4642 78.0
4643 78.0
4644 78.0
4645 78.0
4646 78.0
4647 78.0
4648 78.0
4649 78.0
4650 78.0
4651 78.0
4652 78.0
4653 78.0
4654 78.0
4655 78.0
4656 78.0
4657 78.0
4658 78.0
4659 78.0
4660 78.0
4661 78.0
4662 78.0
4663 78.0
4664 78.0
4665 78.0
4666 78.0
4667 78.0
4668 78.0
4669 78.0
4670 78.0
4671 78.0
4672 78.0
4673 78.0
4674 78.0
4675 78.0
4676 78.0
4677 78.0
4678 78.0
4679 78.0
4680 78.0
4681 78.0
4682 78.0
4683 78.0
4684 78.0
4685 78.0
4686 78.0
4687 78.0
4688 78.0
4689 78.0
4690 78.0
4691 78.0
4692 78.0
4693 78.0
4694 78.0
4695 78.0
4696 78.0
4697 78.0
4698 78.0
4699 78.0
4700 78.0
4701 78.0
4702 78.0
4703 78.0
4704 78.0
4705 78.0
4706 78.0
4707 78.0
4708 78.0
4709 78.0
4710 78.0
4711 78.0
4712 78.0
4713 78.0
4714 78.0
4715 78.0
4716 78.0
4717 78.0
4718 78.0
4719 78.0
4720 78.0
4721 78.0
4722 78.0
4723 78.0
4724 78.0
4725 78.0
4726 78.0
4727 78.0
4728 78.0
4729 78.0
4730 78.0
4731 78.0
4732 78.0
4733 78.0
4734 78.0
4735 78.0
4736 78.0
4737 78.0
4738 78.0
4739 78.0
4740 78.0
4741 78.0
4742 78.0
4743 78.0
4744 78.0
4745 78.0
4746 78.0
4747 78.0
4748 78.0
4749 78.0
4750 78.0
4751 78.0
4752 78.0
4753 78.0
4754 78.0
4755 78.0
4756 78.0
4757 78.0
4758 78.0
4759 78.0
4760 78.0
4761 78.0
4762 78.0
4763 78.0
4764 78.0
4765 78.0
4766 78.0
4767 78.0
4768 78.0
4769 78.0
4770 78.0
4771 78.0
4772 78.0
4773 78.0
4774 78.0
4775 78.0
4776 78.0
4777 78.0
4778 78.0
4779 78.0
4780 78.0
4781 78.0
4782 78.0
4783 78.0
4784 78.0
4785 78.0
4786 78.0
4787 78.0
4788 78.0
4789 78.0
4790 78.0
4791 78.0
4792 78.0
4793 78.0
4794 78.0
4795 78.0
4796 78.0
4797 78.0
4798 78.0
4799 78.0
4800 78.0
4801 78.0
4802 78.0
4803 78.0
4804 78.0
4805 78.0
4806 78.0
4807 78.0
4808 78.0
4809 78.0
4810 78.0
4811 78.0
4812 78.0
4813 78.0
4814 78.0
4815 78.0
4816 78.0
4817 78.0
4818 78.0
4819 78.0
4820 78.0
4821 78.0
4822 78.0
4823 78.0
4824 78.0
4825 78.0
4826 78.0
4827 78.0
4828 78.0
4829 78.0
4830 78.0
4831 78.0
4832 78.0
4833 78.0
4834 78.0
4835 78.0
4836 78.0
4837 78.0
4838 78.0
4839 78.0
4840 78.0
4841 78.0
4842 78.0
4843 78.0
4844 78.0
4845 78.0
4846 78.0
4847 78.0
4848 78.0
4849 78.0
4850 78.0
4851 78.0
4852 78.0
4853 78.0
4854 78.0
4855 78.0
4856 78.0
4857 78.0
4858 78.0
4859 78.0
4860 78.0
4861 78.0
4862 78.0
4863 78.0
4864 78.0
4865 78.0
4866 78.0
4867 78.0
4868 78.0
4869 78.0
4870 78.0
4871 78.0
4872 78.0
4873 78.0
4874 78.0
4875 78.0
4876 78.0
4877 78.0
4878 78.0
4879 78.0
4880 78.0
4881 78.0
4882 78.0
4883 78.0
4884 78.0
4885 78.0
4886 78.0
4887 78.0
4888 78.0
4889 78.0
4890 78.0
4891 78.0
4892 78.0
4893 78.0
4894 78.0
4895 78.0
4896 78.0
4897 78.0
4898 78.0
4899 78.0
4900 78.0
4901 78.0
4902 78.0
4903 78.0
4904 78.0
4905 78.0
4906 78.0
4907 78.0
4908 78.0
4909 78.0
4910 78.0
4911 78.0
4912 78.0
4913 78.0
4914 78.0
4915 78.0
4916 78.0
4917 78.0
4918 78.0
4919 78.0
4920 78.0
4921 78.0
4922 78.0
4923 78.0
4924 78.0
4925 78.0
4926 78.0
4927 78.0
4928 78.0
4929 78.0
4930 78.0
4931 78.0
4932 78.0
4933 78.0
4934 78.0
4935 78.0
4936 78.0
4937 78.0
4938 78.0
4939 78.0
4940 78.0
4941 78.0
4942 78.0
4943 78.0
4944 78.0
4945 78.0
4946 78.0
4947 78.0
4948 78.0
4949 78.0
4950 78.0
4951 78.0
4952 78.0
4953 78.0
4954 78.0
4955 78.0
4956 78.0
4957 78.0
4958 78.0
4959 78.0
4960 78.0
4961 78.0
4962 78.0
4963 78.0
4964 78.0
4965 78.0
4966 78.0
4967 78.0
4968 78.0
4969 78.0
4970 78.0
4971 78.0
4972 78.0
4973 78.0
4974 78.0
4975 78.0
4976 78.0
4977 78.0
4978 78.0
4979 78.0
4980 78.0
4981 78.0
4982 78.0
4983 78.0
4984 78.0
4985 78.0
4986 78.0
4987 78.0
4988 78.0
4989 78.0
4990 78.0
4991 78.0
4992 78.0
4993 78.0
4994 78.0
4995 78.0
4996 78.0
4997 78.0
4998 78.0
4999 78.0
5000 78.0
5001 78.0
5002 78.0
5003 78.0
5004 78.0
5005 78.0
5006 78.0
5007 78.0
5008 78.0
5009 78.0
5010 78.0
5011 78.0
5012 78.0
5013 78.0
5014 78.0
5015 78.0
5016 78.0
5017 78.0
5018 78.0
5019 78.0
5020 78.0
5021 78.0
5022 78.0
5023 78.0
5024 78.0
5025 78.0
5026 78.0
5027 78.0
5028 78.0
5029 78.0
5030 78.0
5031 78.0
5032 78.0
5033 78.0
5034 78.0
5035 78.0
5036 78.0
5037 78.0
5038 78.0
5039 78.0
5040 78.0
5041 78.0
5042 78.0
5043 78.0
5044 78.0
5045 78.0
5046 78.0
5047 78.0
5048 78.0
5049 78.0
5050 78.0
5051 78.0
5052 78.0
5053 78.0
5054 78.0
5055 78.0
5056 78.0
5057 78.0
5058 78.0
5059 78.0
5060 78.0
5061 78.0
5062 78.0
5063 78.0
5064 78.0
5065 78.0
5066 78.0
5067 78.0
5068 78.0
5069 78.0
5070 78.0
5071 78.0
5072 78.0
5073 78.0
5074 78.0
5075 78.0
5076 78.0
5077 78.0
5078 78.0
5079 78.0
5080 78.0
5081 78.0
5082 78.0
5083 78.0
5084 78.0
5085 78.0
5086 78.0
5087 78.0
5088 78.0
5089 78.0
5090 78.0
5091 78.0
5092 78.0
5093 78.0
5094 78.0
5095 78.0
5096 78.0
5097 78.0
5098 78.0
5099 78.0
5100 78.0
5101 78.0
5102 78.0
5103 78.0
5104 78.0
5105 78.0
5106 78.0
5107 78.0
5108 78.0
5109 78.0
5110 78.0
5111 78.0
5112 78.0
5113 78.0
5114 78.0
5115 78.0
5116 78.0
5117 78.0
5118 78.0
5119 78.0
5120 78.0
5121 78.0
5122 78.0
5123 78.0
5124 78.0
5125 78.0
5126 78.0
5127 78.0
5128 78.0
5129 78.0
5130 78.0
5131 78.0
5132 78.0
5133 78.0
5134 78.0
5135 78.0
5136 78.0
5137 78.0
5138 78.0
5139 78.0
5140 78.0
5141 78.0
5142 78.0
5143 78.0
5144 78.0
5145 78.0
5146 78.0
5147 78.0
5148 78.0
5149 78.0
5150 78.0
5151 78.0
5152 78.0
5153 78.0
5154 78.0
5155 78.0
5156 78.0
5157 78.0
5158 78.0
5159 78.0
5160 78.0
5161 78.0
5162 78.0
5163 78.0
5164 78.0
5165 78.0
5166 78.0
5167 78.0
5168 78.0
5169 78.0
5170 78.0
5171 78.0
5172 78.0
5173 78.0
5174 78.0
5175 78.0
5176 78.0
5177 78.0
5178 78.0
5179 78.0
5180 78.0
5181 78.0
5182 78.0
5183 78.0
5184 78.0
5185 78.0
5186 78.0
5187 78.0
5188 78.0
5189 78.0
5190 78.0
5191 78.0
5192 78.0
5193 78.0
5194 78.0
5195 78.0
5196 78.0
5197 78.0
5198 78.0
5199 78.0
5200 78.0
5201 78.0
5202 78.0
5203 78.0
5204 78.0
5205 78.0
5206 78.0
5207 78.0
5208 78.0
5209 78.0
5210 78.0
5211 78.0
5212 78.0
5213 78.0
5214 78.0
5215 78.0
5216 78.0
5217 78.0
5218 78.0
5219 78.0
5220 78.0
5221 78.0
5222 78.0
5223 78.0
5224 78.0
5225 78.0
5226 78.0
5227 78.0
5228 78.0
5229 78.0
5230 78.0
5231 78.0
5232 78.0
5233 78.0
5234 78.0
5235 78.0
5236 78.0
5237 78.0
5238 78.0
5239 78.0
5240 78.0
5241 78.0
5242 78.0
5243 78.0
5244 78.0
5245 78.0
5246 78.0
5247 78.0
5248 78.0
5249 78.0
5250 78.0
5251 78.0
5252 78.0
5253 78.0
5254 78.0
5255 78.0
5256 78.0
5257 78.0
5258 78.0
5259 78.0
5260 78.0
5261 78.0
5262 78.0
5263 78.0
5264 78.0
5265 78.0
5266 78.0
5267 78.0
5268 78.0
5269 78.0
5270 78.0
5271 78.0
5272 78.0
5273 78.0
5274 78.0
5275 78.0
5276 78.0
5277 78.0
5278 78.0
5279 78.0
5280 78.0
5281 78.0
5282 78.0
5283 78.0
5284 78.0
5285 78.0
5286 78.0
5287 78.0
5288 78.0
5289 78.0
5290 78.0
5291 78.0
5292 78.0
5293 78.0
5294 78.0
5295 78.0
5296 78.0
5297 78.0
5298 78.0
5299 78.0
5300 78.0
5301 78.0
5302 78.0
5303 78.0
5304 78.0
5305 78.0
5306 78.0
5307 78.0
5308 78.0
5309 78.0
5310 78.0
5311 78.0
5312 78.0
5313 78.0
5314 78.0
5315 78.0
5316 78.0
5317 78.0
5318 78.0
5319 78.0
5320 78.0
5321 78.0
5322 78.0
5323 78.0
5324 78.0
5325 78.0
5326 78.0
5327 78.0
5328 78.0
5329 78.0
5330 78.0
5331 78.0
5332 78.0
5333 78.0
5334 78.0
5335 78.0
5336 78.0
5337 78.0
5338 78.0
5339 78.0
5340 78.0
5341 78.0
5342 78.0
5343 78.0
5344 78.0
5345 78.0
5346 78.0
5347 78.0
5348 78.0
5349 78.0
5350 78.0
5351 78.0
5352 78.0
5353 78.0
5354 78.0
5355 78.0
5356 78.0
5357 78.0
5358 78.0
5359 78.0
5360 78.0
5361 78.0
5362 78.0
5363 78.0
5364 78.0
5365 78.0
5366 78.0
5367 78.0
5368 78.0
5369 78.0
5370 78.0
5371 78.0
5372 78.0
5373 78.0
5374 78.0
5375 78.0
5376 78.0
5377 78.0
5378 78.0
5379 78.0
5380 78.0
5381 78.0
5382 78.0
5383 78.0
5384 78.0
5385 78.0
5386 78.0
5387 78.0
5388 78.0
5389 78.0
5390 78.0
5391 78.0
5392 78.0
5393 78.0
5394 78.0
5395 78.0
5396 78.0
5397 78.0
5398 78.0
5399 78.0
5400 78.0
5401 78.0
5402 78.0
5403 78.0
5404 78.0
5405 78.0
5406 78.0
5407 78.0
5408 78.0
5409 78.0
5410 78.0
5411 78.0
5412 78.0
5413 78.0
5414 78.0
5415 78.0
5416 78.0
5417 78.0
5418 78.0
5419 78.0
5420 78.0
5421 78.0
5422 78.0
5423 78.0
5424 78.0
5425 78.0
5426 78.0
5427 78.0
5428 78.0
5429 78.0
5430 78.0
5431 78.0
5432 78.0
5433 78.0
5434 78.0
5435 78.0
5436 78.0
5437 78.0
5438 78.0
5439 78.0
5440 78.0
5441 78.0
5442 78.0
5443 78.0
5444 78.0
5445 78.0
5446 78.0
5447 78.0
5448 78.0
5449 78.0
5450 78.0
5451 78.0
5452 78.0
5453 78.0
5454 78.0
5455 78.0
5456 78.0
5457 78.0
5458 78.0
5459 78.0
5460 78.0
5461 78.0
5462 78.0
5463 78.0
5464 78.0
5465 78.0
5466 78.0
5467 78.0
5468 78.0
5469 78.0
5470 78.0
5471 78.0
5472 78.0
5473 78.0
5474 78.0
5475 78.0
5476 78.0
5477 78.0
5478 78.0
5479 78.0
5480 78.0
5481 78.0
5482 78.0
5483 78.0
5484 78.0
5485 78.0
5486 78.0
5487 78.0
5488 78.0
5489 78.0
5490 78.0
5491 78.0
5492 78.0
5493 78.0
5494 78.0
5495 78.0
5496 78.0
5497 78.0
5498 78.0
5499 78.0
5500 78.0
5501 78.0
5502 78.0
5503 78.0
5504 78.0
5505 78.0
5506 78.0
5507 78.0
5508 78.0
5509 78.0
5510 78.0
5511 78.0
5512 78.0
5513 78.0
5514 78.0
5515 78.0
5516 78.0
5517 78.0
5518 78.0
5519 78.0
5520 78.0
5521 78.0
5522 78.0
5523 78.0
5524 78.0
5525 78.0
5526 78.0
5527 78.0
5528 78.0
5529 78.0
5530 78.0
5531 78.0
5532 78.0
5533 78.0
5534 78.0
5535 78.0
5536 78.0
5537 78.0
5538 78.0
5539 78.0
5540 78.0
5541 78.0
5542 78.0
5543 78.0
5544 78.0
5545 78.0
5546 78.0
5547 78.0
5548 78.0
5549 78.0
5550 78.0
5551 78.0
5552 78.0
5553 78.0
5554 78.0
5555 78.0
5556 78.0
5557 78.0
5558 78.0
5559 78.0
5560 78.0
5561 78.0
5562 78.0
5563 78.0
5564 78.0
5565 78.0
5566 78.0
5567 78.0
5568 78.0
5569 78.0
5570 78.0
5571 78.0
5572 78.0
5573 78.0
5574 78.0
5575 78.0
5576 78.0
5577 78.0
5578 78.0
5579 78.0
5580 78.0
5581 78.0
5582 78.0
5583 78.0
5584 78.0
5585 78.0
5586 78.0
5587 78.0
5588 78.0
5589 78.0
5590 78.0
5591 78.0
5592 78.0
5593 78.0
5594 78.0
5595 78.0
5596 78.0
5597 78.0
5598 78.0
5599 78.0
5600 78.0
5601 78.0
5602 78.0
5603 78.0
5604 78.0
5605 78.0
5606 78.0
5607 78.0
5608 78.0
5609 78.0
5610 78.0
5611 78.0
5612 78.0
5613 78.0
5614 78.0
5615 78.0
5616 78.0
5617 78.0
5618 78.0
5619 78.0
5620 78.0
5621 78.0
5622 78.0
5623 78.0
5624 78.0
5625 78.0
5626 78.0
5627 78.0
5628 78.0
5629 78.0
5630 78.0
5631 78.0
5632 78.0
5633 78.0
5634 78.0
5635 78.0
5636 78.0
5637 78.0
5638 78.0
5639 78.0
5640 78.0
5641 78.0
5642 78.0
5643 78.0
5644 78.0
5645 78.0
5646 78.0
5647 78.0
5648 78.0
5649 78.0
5650 78.0
5651 78.0
5652 78.0
5653 78.0
5654 78.0
5655 78.0
5656 78.0
5657 78.0
5658 78.0
5659 78.0
5660 78.0
5661 78.0
5662 78.0
5663 78.0
5664 78.0
5665 78.0
5666 78.0
5667 78.0
5668 78.0
5669 78.0
5670 78.0
5671 78.0
5672 78.0
5673 78.0
5674 78.0
5675 78.0
5676 78.0
5677 78.0
5678 78.0
5679 78.0
5680 78.0
5681 78.0
5682 78.0
5683 78.0
5684 78.0
5685 78.0
5686 78.0
5687 78.0
5688 78.0
5689 78.0
5690 78.0
5691 78.0
5692 78.0
5693 78.0
5694 78.0
5695 78.0
5696 78.0
5697 78.0
5698 78.0
5699 78.0
5700 78.0
5701 78.0
5702 78.0
5703 78.0
5704 78.0
5705 78.0
5706 78.0
5707 78.0
5708 78.0
5709 78.0
5710 78.0
5711 78.0
5712 78.0
5713 78.0
5714 78.0
5715 78.0
5716 78.0
5717 78.0
5718 78.0
5719 78.0
5720 78.0
5721 78.0
5722 78.0
5723 78.0
5724 78.0
5725 78.0
5726 78.0
5727 78.0
5728 78.0
5729 78.0
5730 78.0
5731 78.0
5732 78.0
5733 78.0
5734 78.0
5735 78.0
5736 78.0
5737 78.0
5738 78.0
5739 78.0
5740 78.0
5741 78.0
5742 78.0
5743 78.0
5744 78.0
5745 78.0
5746 78.0
5747 78.0
5748 78.0
5749 78.0
5750 78.0
5751 78.0
5752 78.0
5753 78.0
5754 78.0
5755 78.0
5756 78.0
5757 78.0
5758 78.0
5759 78.0
5760 78.0
5761 78.0
5762 78.0
5763 78.0
5764 78.0
5765 78.0
5766 78.0
5767 78.0
5768 78.0
5769 78.0
5770 78.0
5771 78.0
5772 78.0
5773 78.0
5774 78.0
5775 78.0
5776 78.0
5777 78.0
5778 78.0
5779 78.0
5780 78.0
5781 78.0
5782 78.0
5783 78.0
5784 78.0
5785 78.0
5786 78.0
5787 78.0
5788 78.0
5789 78.0
5790 78.0
5791 78.0
5792 78.0
5793 78.0
5794 78.0
5795 78.0
5796 78.0
5797 78.0
5798 78.0
5799 78.0
5800 78.0
5801 78.0
5802 78.0
5803 78.0
5804 78.0
5805 78.0
5806 78.0
5807 78.0
5808 78.0
5809 78.0
5810 78.0
5811 78.0
5812 78.0
5813 78.0
5814 78.0
5815 78.0
5816 78.0
5817 78.0
5818 78.0
5819 78.0
5820 78.0
5821 78.0
5822 78.0
5823 78.0
5824 78.0
5825 78.0
5826 78.0
5827 78.0
5828 78.0
5829 78.0
5830 78.0
5831 78.0
5832 78.0
5833 78.0
5834 78.0
5835 78.0
5836 78.0
5837 78.0
5838 78.0
5839 78.0
5840 78.0
5841 78.0
5842 78.0
5843 78.0
5844 78.0
5845 78.0
5846 78.0
5847 78.0
5848 78.0
5849 78.0
5850 78.0
5851 78.0
5852 78.0
5853 78.0
5854 78.0
5855 78.0
5856 78.0
5857 78.0
5858 78.0
5859 78.0
5860 78.0
5861 78.0
5862 78.0
5863 78.0
5864 78.0
5865 78.0
5866 78.0
5867 78.0
5868 78.0
5869 78.0
5870 78.0
5871 78.0
5872 78.0
5873 78.0
5874 78.0
5875 78.0
5876 78.0
5877 78.0
5878 78.0
5879 78.0
5880 78.0
5881 78.0
5882 78.0
5883 78.0
5884 78.0
5885 78.0
5886 78.0
5887 78.0
5888 78.0
5889 78.0
5890 78.0
5891 78.0
5892 78.0
5893 78.0
5894 78.0
5895 78.0
5896 78.0
5897 78.0
5898 78.0
5899 78.0
5900 78.0
5901 78.0
5902 78.0
5903 78.0
5904 78.0
5905 78.0
5906 78.0
5907 78.0
5908 78.0
5909 78.0
5910 78.0
5911 78.0
5912 78.0
5913 78.0
5914 78.0
5915 78.0
5916 78.0
5917 78.0
5918 78.0
5919 78.0
5920 78.0
5921 78.0
5922 78.0
5923 78.0
5924 78.0
5925 78.0
5926 78.0
5927 78.0
5928 78.0
5929 78.0
5930 78.0
5931 78.0
5932 78.0
5933 78.0
5934 78.0
5935 78.0
5936 78.0
5937 78.0
5938 78.0
5939 78.0
5940 78.0
5941 78.0
5942 78.0
5943 78.0
5944 78.0
5945 78.0
5946 78.0
5947 78.0
5948 78.0
5949 78.0
5950 78.0
5951 78.0
5952 78.0
5953 78.0
5954 78.0
5955 78.0
5956 78.0
5957 78.0
5958 78.0
5959 78.0
5960 78.0
5961 78.0
5962 78.0
5963 78.0
5964 78.0
5965 78.0
5966 78.0
5967 78.0
5968 78.0
5969 78.0
5970 78.0
5971 78.0
5972 78.0
5973 78.0
5974 78.0
5975 78.0
5976 78.0
5977 78.0
5978 78.0
5979 78.0
5980 78.0
5981 78.0
5982 78.0
5983 78.0
5984 78.0
5985 78.0
5986 78.0
5987 78.0
5988 78.0
5989 78.0
5990 78.0
5991 78.0
5992 78.0
5993 78.0
5994 78.0
5995 78.0
5996 78.0
5997 78.0
5998 78.0
5999 78.0
6000 78.0
6001 78.0
6002 78.0
6003 78.0
6004 78.0
6005 78.0
6006 78.0
6007 78.0
6008 78.0
6009 78.0
6010 78.0
6011 78.0
6012 78.0
6013 78.0
6014 78.0
6015 78.0
6016 78.0
6017 78.0
6018 78.0
6019 78.0
6020 78.0
6021 78.0
6022 78.0
6023 78.0
6024 78.0
6025 78.0
6026 78.0
6027 78.0
6028 78.0
6029 78.0
6030 78.0
6031 78.0
6032 78.0
6033 78.0
6034 78.0
6035 78.0
6036 78.0
6037 78.0
6038 78.0
6039 78.0
6040 78.0
6041 78.0
6042 78.0
6043 78.0
6044 78.0
6045 78.0
6046 78.0
6047 78.0
6048 78.0
6049 78.0
6050 78.0
6051 78.0
6052 78.0
6053 78.0
6054 78.0
6055 78.0
6056 78.0
6057 78.0
6058 78.0
6059 78.0
6060 78.0
6061 78.0
6062 78.0
6063 78.0
6064 78.0
6065 78.0
6066 78.0
6067 78.0
6068 78.0
6069 78.0
6070 78.0
6071 78.0
6072 78.0
6073 78.0
6074 78.0
6075 78.0
6076 78.0
6077 78.0
6078 78.0
6079 78.0
6080 78.0
6081 78.0
6082 78.0
6083 78.0
6084 78.0
6085 78.0
6086 78.0
6087 78.0
6088 78.0
6089 78.0
6090 78.0
6091 78.0
6092 78.0
6093 78.0
6094 78.0
6095 78.0
6096 78.0
6097 78.0
6098 78.0
6099 78.0
6100 78.0
6101 78.0
6102 78.0
6103 78.0
6104 78.0
6105 78.0
6106 78.0
6107 78.0
6108 78.0
6109 78.0
6110 78.0
6111 78.0
6112 78.0
6113 78.0
6114 78.0
6115 78.0
6116 78.0
6117 78.0
6118 78.0
6119 78.0
6120 78.0
6121 78.0
6122 78.0
6123 78.0
6124 78.0
6125 78.0
6126 78.0
6127 78.0
6128 78.0
6129 78.0
6130 78.0
6131 78.0
6132 78.0
6133 78.0
6134 78.0
6135 78.0
6136 78.0
6137 78.0
6138 78.0
6139 78.0
6140 78.0
6141 78.0
6142 78.0
6143 78.0
6144 78.0
6145 78.0
6146 78.0
6147 78.0
6148 78.0
6149 78.0
6150 78.0
6151 78.0
6152 78.0
6153 78.0
6154 78.0
6155 78.0
6156 78.0
6157 78.0
6158 78.0
6159 78.0
6160 78.0
6161 78.0
6162 78.0
6163 78.0
6164 78.0
6165 78.0
6166 78.0
6167 78.0
6168 78.0
6169 78.0
6170 78.0
6171 78.0
6172 78.0
6173 78.0
6174 78.0
6175 78.0
6176 78.0
6177 78.0
6178 78.0
6179 78.0
6180 78.0
6181 78.0
6182 78.0
6183 78.0
6184 78.0
6185 78.0
6186 78.0
6187 78.0
6188 78.0
6189 78.0
6190 78.0
6191 78.0
6192 78.0
6193 78.0
6194 78.0
6195 78.0
6196 78.0
6197 78.0
6198 78.0
6199 78.0
6200 78.0
6201 78.0
6202 78.0
6203 78.0
6204 78.0
6205 78.0
6206 78.0
6207 78.0
6208 78.0
6209 78.0
6210 78.0
6211 78.0
6212 78.0
6213 78.0
6214 78.0
6215 78.0
6216 78.0
6217 78.0
6218 78.0
6219 78.0
6220 78.0
6221 78.0
6222 78.0
6223 78.0
6224 78.0
6225 78.0
6226 78.0
6227 78.0
6228 78.0
6229 78.0
6230 78.0
6231 78.0
6232 78.0
6233 78.0
6234 78.0
6235 78.0
6236 78.0
6237 78.0
6238 78.0
6239 78.0
6240 78.0
6241 78.0
6242 78.0
6243 78.0
6244 78.0
6245 78.0
6246 78.0
6247 78.0
6248 78.0
6249 78.0
6250 78.0
6251 78.0
6252 78.0
6253 78.0
6254 78.0
6255 78.0
6256 78.0
6257 78.0
6258 78.0
6259 78.0
6260 78.0
6261 78.0
6262 78.0
6263 78.0
6264 78.0
6265 78.0
6266 78.0
6267 78.0
6268 78.0
6269 78.0
6270 78.0
6271 78.0
6272 78.0
6273 78.0
6274 78.0
6275 78.0
6276 78.0
6277 78.0
6278 78.0
6279 78.0
6280 78.0
6281 78.0
6282 78.0
6283 78.0
6284 78.0
6285 78.0
6286 78.0
6287 78.0
6288 78.0
6289 78.0
6290 78.0
6291 78.0
6292 78.0
6293 78.0
6294 78.0
6295 78.0
6296 78.0
6297 78.0
6298 78.0
6299 78.0
6300 78.0
6301 78.0
6302 78.0
6303 78.0
6304 78.0
6305 78.0
6306 78.0
6307 78.0
6308 78.0
6309 78.0
6310 78.0
6311 78.0
6312 78.0
6313 78.0
6314 78.0
6315 78.0
6316 78.0
6317 78.0
6318 78.0
6319 78.0
6320 78.0
6321 78.0
6322 78.0
6323 78.0
6324 78.0
6325 78.0
6326 78.0
6327 78.0
6328 78.0
6329 78.0
6330 78.0
6331 78.0
6332 78.0
6333 78.0
6334 78.0
6335 78.0
6336 78.0
6337 78.0
6338 78.0
6339 78.0
6340 78.0
6341 78.0
6342 78.0
6343 78.0
6344 78.0
6345 78.0
6346 78.0
6347 78.0
6348 78.0
6349 78.0
6350 78.0
6351 78.0
6352 78.0
6353 78.0
6354 78.0
6355 78.0
6356 78.0
6357 78.0
6358 78.0
6359 78.0
6360 78.0
6361 78.0
6362 78.0
6363 78.0
6364 78.0
6365 78.0
6366 78.0
6367 78.0
6368 78.0
6369 78.0
6370 78.0
6371 78.0
6372 78.0
6373 78.0
6374 78.0
6375 78.0
6376 78.0
6377 78.0
6378 78.0
6379 78.0
6380 78.0
6381 78.0
6382 78.0
6383 78.0
6384 78.0
6385 78.0
6386 78.0
6387 78.0
6388 78.0
6389 78.0
6390 78.0
6391 78.0
6392 78.0
6393 78.0
6394 78.0
6395 78.0
6396 78.0
6397 78.0
6398 78.0
6399 78.0
6400 78.0
6401 78.0
6402 78.0
6403 78.0
6404 78.0
6405 78.0
6406 78.0
6407 78.0
6408 78.0
6409 78.0
6410 78.0
6411 78.0
6412 78.0
6413 78.0
6414 78.0
6415 78.0
6416 78.0
6417 78.0
6418 78.0
6419 78.0
6420 78.0
6421 78.0
6422 78.0
6423 78.0
6424 78.0
6425 78.0
6426 78.0
6427 78.0
6428 78.0
6429 78.0
6430 78.0
6431 78.0
6432 78.0
6433 78.0
6434 78.0
6435 78.0
6436 78.0
6437 78.0
6438 78.0
6439 78.0
6440 78.0
6441 78.0
6442 78.0
6443 78.0
6444 78.0
6445 78.0
6446 78.0
6447 78.0
6448 78.0
6449 78.0
6450 78.0
6451 78.0
6452 78.0
6453 78.0
6454 78.0
6455 78.0
6456 78.0
6457 78.0
6458 78.0
6459 78.0
6460 78.0
6461 78.0
6462 78.0
6463 78.0
6464 78.0
6465 78.0
6466 78.0
6467 78.0
6468 78.0
6469 78.0
6470 78.0
6471 78.0
6472 78.0
6473 78.0
6474 78.0
6475 78.0
6476 78.0
6477 78.0
6478 78.0
6479 78.0
6480 78.0
6481 78.0
6482 78.0
6483 78.0
6484 78.0
6485 78.0
6486 78.0
6487 78.0
6488 78.0
6489 78.0
6490 78.0
6491 78.0
6492 78.0
6493 78.0
6494 78.0
6495 78.0
6496 78.0
6497 78.0
6498 78.0
6499 78.0
6500 78.0
6501 78.0
6502 78.0
6503 78.0
6504 78.0
6505 78.0
6506 78.0
6507 78.0
6508 78.0
6509 78.0
6510 78.0
6511 78.0
6512 78.0
6513 78.0
6514 78.0
6515 78.0
6516 78.0
6517 78.0
6518 78.0
6519 78.0
6520 78.0
6521 78.0
6522 78.0
6523 78.0
6524 78.0
6525 78.0
6526 78.0
6527 78.0
6528 78.0
6529 78.0
6530 78.0
6531 78.0
6532 78.0
6533 78.0
6534 78.0
6535 78.0
6536 78.0
6537 78.0
6538 78.0
6539 78.0
6540 78.0
6541 78.0
6542 78.0
6543 78.0
6544 78.0
6545 78.0
6546 78.0
6547 78.0
6548 78.0
6549 78.0
6550 78.0
6551 78.0
6552 78.0
6553 78.0
6554 78.0
6555 78.0
6556 78.0
6557 78.0
6558 78.0
6559 78.0
6560 78.0
6561 78.0
6562 78.0
6563 78.0
6564 78.0
6565 78.0
6566 78.0
6567 78.0
6568 78.0
6569 78.0
6570 78.0
6571 78.0
6572 78.0
6573 78.0
6574 78.0
6575 78.0
6576 78.0
6577 78.0
6578 78.0
6579 78.0
6580 78.0
6581 78.0
6582 78.0
6583 78.0
6584 78.0
6585 78.0
6586 78.0
6587 78.0
6588 78.0
6589 78.0
6590 78.0
6591 78.0
6592 78.0
6593 78.0
6594 78.0
6595 78.0
6596 78.0
6597 78.0
6598 78.0
6599 78.0
6600 78.0
6601 78.0
6602 78.0
6603 78.0
6604 78.0
6605 78.0
6606 78.0
6607 78.0
6608 78.0
6609 78.0
6610 78.0
6611 78.0
6612 78.0
6613 78.0
6614 78.0
6615 78.0
6616 78.0
6617 78.0
6618 78.0
6619 78.0
6620 78.0
6621 78.0
6622 78.0
6623 78.0
6624 78.0
6625 78.0
6626 78.0
6627 78.0
6628 78.0
6629 78.0
6630 78.0
6631 78.0
6632 78.0
6633 78.0
6634 78.0
6635 78.0
6636 78.0
6637 78.0
6638 78.0
6639 78.0
6640 78.0
6641 78.0
6642 78.0
6643 78.0
6644 78.0
6645 78.0
6646 78.0
6647 78.0
6648 78.0
6649 78.0
6650 78.0
6651 78.0
6652 78.0
6653 78.0
6654 78.0
6655 78.0
6656 78.0
6657 78.0
6658 78.0
6659 78.0
6660 78.0
6661 78.0
6662 78.0
6663 78.0
6664 78.0
6665 78.0
6666 78.0
6667 78.0
6668 78.0
6669 78.0
6670 78.0
6671 78.0
6672 78.0
6673 78.0
6674 78.0
6675 78.0
6676 78.0
6677 78.0
6678 78.0
6679 78.0
6680 78.0
6681 78.0
6682 78.0
6683 78.0
6684 78.0
6685 78.0
6686 78.0
6687 78.0
6688 78.0
6689 78.0
6690 78.0
6691 78.0
6692 78.0
6693 78.0
6694 78.0
6695 78.0
6696 78.0
6697 78.0
6698 78.0
6699 78.0
6700 78.0
6701 78.0
6702 78.0
6703 78.0
6704 78.0
6705 78.0
6706 78.0
6707 78.0
6708 78.0
6709 78.0
6710 78.0
6711 78.0
6712 78.0
6713 78.0
6714 78.0
6715 78.0
6716 78.0
6717 78.0
6718 78.0
6719 78.0
6720 78.0
6721 78.0
6722 78.0
6723 78.0
6724 78.0
6725 78.0
6726 78.0
6727 78.0
6728 78.0
6729 78.0
6730 78.0
6731 78.0
6732 78.0
6733 78.0
6734 78.0
6735 78.0
6736 78.0
6737 78.0
6738 78.0
6739 78.0
6740 78.0
6741 78.0
6742 78.0
6743 78.0
6744 78.0
6745 78.0
6746 78.0
6747 78.0
6748 78.0
6749 78.0
6750 78.0
6751 78.0
6752 78.0
6753 78.0
6754 78.0
6755 78.0
6756 78.0
6757 78.0
6758 78.0
6759 78.0
6760 78.0
6761 78.0
6762 78.0
6763 78.0
6764 78.0
6765 78.0
6766 78.0
6767 78.0
6768 78.0
6769 78.0
6770 78.0
6771 78.0
6772 78.0
6773 78.0
6774 78.0
6775 78.0
6776 78.0
6777 78.0
6778 78.0
6779 78.0
6780 78.0
6781 78.0
6782 78.0
6783 78.0
6784 78.0
6785 78.0
6786 78.0
6787 78.0
6788 78.0
6789 78.0
6790 78.0
6791 78.0
6792 78.0
6793 78.0
6794 78.0
6795 78.0
6796 78.0
6797 78.0
6798 78.0
6799 78.0
6800 78.0
6801 78.0
6802 78.0
6803 78.0
6804 78.0
6805 78.0
6806 78.0
6807 78.0
6808 78.0
6809 78.0
6810 78.0
6811 78.0
6812 78.0
6813 78.0
6814 78.0
6815 78.0
6816 78.0
6817 78.0
6818 78.0
6819 78.0
6820 78.0
6821 78.0
6822 78.0
6823 78.0
6824 78.0
6825 78.0
6826 78.0
6827 78.0
6828 78.0
6829 78.0
6830 78.0
6831 78.0
6832 78.0
6833 78.0
6834 78.0
6835 78.0
6836 78.0
6837 78.0
6838 78.0
6839 78.0
6840 78.0
6841 78.0
6842 78.0
6843 78.0
6844 78.0
6845 78.0
6846 78.0
6847 78.0
6848 78.0
6849 78.0
6850 78.0
6851 78.0
6852 78.0
6853 78.0
6854 78.0
6855 78.0
6856 78.0
6857 78.0
6858 78.0
6859 78.0
6860 78.0
6861 78.0
6862 78.0
6863 78.0
6864 78.0
6865 78.0
6866 78.0
6867 78.0
6868 78.0
6869 78.0
6870 78.0
6871 78.0
6872 78.0
6873 78.0
6874 78.0
6875 78.0
6876 78.0
6877 78.0
6878 78.0
6879 78.0
6880 78.0
6881 78.0
6882 78.0
6883 78.0
6884 78.0
6885 78.0
6886 78.0
6887 78.0
6888 78.0
6889 78.0
6890 78.0
6891 78.0
6892 78.0
6893 78.0
6894 78.0
6895 78.0
6896 78.0
6897 78.0
6898 78.0
6899 78.0
6900 78.0
6901 78.0
6902 78.0
6903 78.0
6904 78.0
6905 78.0
6906 78.0
6907 78.0
6908 78.0
6909 78.0
6910 78.0
6911 78.0
6912 78.0
6913 78.0
6914 78.0
6915 78.0
6916 78.0
6917 78.0
6918 78.0
6919 78.0
6920 78.0
6921 78.0
6922 78.0
6923 78.0
6924 78.0
6925 78.0
6926 78.0
6927 78.0
6928 78.0
6929 78.0
6930 78.0
6931 78.0
6932 78.0
6933 78.0
6934 78.0
6935 78.0
6936 78.0
6937 78.0
6938 78.0
6939 78.0
6940 78.0
6941 78.0
6942 78.0
6943 78.0
6944 78.0
6945 78.0
6946 78.0
6947 78.0
6948 78.0
6949 78.0
6950 78.0
6951 78.0
6952 78.0
6953 78.0
6954 78.0
6955 78.0
6956 78.0
6957 78.0
6958 78.0
6959 78.0
6960 78.0
6961 78.0
6962 78.0
6963 78.0
6964 78.0
6965 78.0
6966 78.0
6967 78.0
6968 78.0
6969 78.0
6970 78.0
6971 78.0
6972 78.0
6973 78.0
6974 78.0
6975 78.0
6976 78.0
6977 78.0
6978 78.0
6979 78.0
6980 78.0
6981 78.0
6982 78.0
6983 78.0
6984 78.0
6985 78.0
6986 78.0
6987 78.0
6988 78.0
6989 78.0
6990 78.0
6991 78.0
6992 78.0
6993 78.0
6994 78.0
6995 78.0
6996 78.0
6997 78.0
6998 78.0
6999 78.0
7000 78.0
7001 78.0
7002 78.0
7003 78.0
7004 78.0
7005 78.0
7006 78.0
7007 78.0
7008 78.0
7009 78.0
7010 78.0
7011 78.0
7012 78.0
7013 78.0
7014 78.0
7015 78.0
7016 78.0
7017 78.0
7018 78.0
7019 78.0
7020 78.0
7021 78.0
7022 78.0
7023 78.0
7024 78.0
7025 78.0
7026 78.0
7027 78.0
7028 78.0
7029 78.0
7030 78.0
7031 78.0
7032 78.0
7033 78.0
7034 78.0
7035 78.0
7036 78.0
7037 78.0
7038 78.0
7039 78.0
7040 78.0
7041 78.0
7042 78.0
7043 78.0
7044 78.0
7045 78.0
7046 78.0
7047 78.0
7048 78.0
7049 78.0
7050 78.0
7051 78.0
7052 78.0
7053 78.0
7054 78.0
7055 78.0
7056 78.0
7057 78.0
7058 78.0
7059 78.0
7060 78.0
7061 78.0
7062 78.0
7063 78.0
7064 78.0
7065 78.0
7066 78.0
7067 78.0
7068 78.0
7069 78.0
7070 78.0
7071 78.0
7072 78.0
7073 78.0
7074 78.0
7075 78.0
7076 78.0
7077 78.0
7078 78.0
7079 78.0
7080 78.0
7081 78.0
7082 78.0
7083 78.0
7084 78.0
7085 78.0
7086 78.0
7087 78.0
7088 78.0
7089 78.0
7090 78.0
7091 78.0
7092 78.0
7093 78.0
7094 78.0
7095 78.0
7096 78.0
7097 78.0
7098 78.0
7099 78.0
7100 78.0
7101 78.0
7102 78.0
7103 78.0
7104 78.0
7105 78.0
7106 78.0
7107 78.0
7108 78.0
7109 78.0
7110 78.0
7111 78.0
7112 78.0
7113 78.0
7114 78.0
7115 78.0
7116 78.0
7117 78.0
7118 78.0
7119 78.0
7120 78.0
7121 78.0
7122 78.0
7123 78.0
7124 78.0
7125 78.0
7126 78.0
7127 78.0
7128 78.0
7129 78.0
7130 78.0
7131 78.0
7132 78.0
7133 78.0
7134 78.0
7135 78.0
7136 78.0
7137 78.0
7138 78.0
7139 78.0
7140 78.0
7141 78.0
7142 78.0
7143 78.0
7144 78.0
7145 78.0
7146 78.0
7147 78.0
7148 78.0
7149 78.0
7150 78.0
7151 78.0
7152 78.0
7153 78.0
7154 78.0
7155 78.0
7156 78.0
7157 78.0
7158 78.0
7159 78.0
7160 78.0
7161 78.0
7162 78.0
7163 78.0
7164 78.0
7165 78.0
7166 78.0
7167 78.0
7168 78.0
7169 78.0
7170 78.0
7171 78.0
7172 78.0
7173 78.0
7174 78.0
7175 78.0
7176 78.0
7177 78.0
7178 78.0
7179 78.0
7180 78.0
7181 78.0
7182 78.0
7183 78.0
7184 78.0
7185 78.0
7186 78.0
7187 78.0
7188 78.0
7189 78.0
7190 78.0
7191 78.0
7192 78.0
7193 78.0
7194 78.0
7195 78.0
7196 78.0
7197 78.0
7198 78.0
7199 78.0
7200 78.0
7201 78.0
7202 78.0
7203 78.0
7204 78.0
7205 78.0
7206 78.0
7207 78.0
7208 78.0
7209 78.0
7210 78.0
7211 78.0
7212 78.0
7213 78.0
7214 78.0
7215 78.0
7216 78.0
7217 78.0
7218 78.0
7219 78.0
7220 78.0
7221 78.0
7222 78.0
7223 78.0
7224 78.0
7225 78.0
7226 78.0
7227 78.0
7228 78.0
7229 78.0
7230 78.0
7231 78.0
7232 78.0
7233 78.0
7234 78.0
7235 78.0
7236 78.0
7237 78.0
7238 78.0
7239 78.0
7240 78.0
7241 78.0
7242 78.0
7243 78.0
7244 78.0
7245 78.0
7246 78.0
7247 78.0
7248 78.0
7249 78.0
7250 78.0
7251 78.0
7252 78.0
7253 78.0
7254 78.0
7255 78.0
7256 78.0
7257 78.0
7258 78.0
7259 78.0
7260 78.0
7261 78.0
7262 78.0
7263 78.0
7264 78.0
7265 78.0
7266 78.0
7267 78.0
7268 78.0
7269 78.0
7270 78.0
7271 78.0
7272 78.0
7273 78.0
7274 78.0
7275 78.0
7276 78.0
7277 78.0
7278 78.0
7279 78.0
7280 78.0
7281 78.0
7282 78.0
7283 78.0
7284 78.0
7285 78.0
7286 78.0
7287 78.0
7288 78.0
7289 78.0
7290 78.0
7291 78.0
7292 78.0
7293 78.0
7294 78.0
7295 78.0
7296 78.0
7297 78.0
7298 78.0
7299 78.0
7300 78.0
7301 78.0
7302 78.0
7303 78.0
7304 78.0
7305 78.0
7306 78.0
7307 78.0
7308 78.0
7309 78.0
7310 78.0
7311 78.0
7312 78.0
7313 78.0
7314 78.0
7315 78.0
7316 78.0
7317 78.0
7318 78.0
7319 78.0
7320 78.0
7321 78.0
7322 78.0
7323 78.0
7324 78.0
7325 78.0
7326 78.0
7327 78.0
7328 78.0
7329 78.0
7330 78.0
7331 78.0
7332 78.0
7333 78.0
7334 78.0
7335 78.0
7336 78.0
7337 78.0
7338 78.0
7339 78.0
7340 78.0
7341 78.0
7342 78.0
7343 78.0
7344 78.0
7345 78.0
7346 78.0
7347 78.0
7348 78.0
7349 78.0
7350 78.0
7351 78.0
7352 78.0
7353 78.0
7354 78.0
7355 78.0
7356 78.0
7357 78.0
7358 78.0
7359 78.0
7360 78.0
7361 78.0
7362 78.0
7363 78.0
7364 78.0
7365 78.0
7366 78.0
7367 78.0
7368 78.0
7369 78.0
7370 78.0
7371 78.0
7372 78.0
7373 78.0
7374 78.0
7375 78.0
7376 78.0
7377 78.0
7378 78.0
7379 78.0
7380 78.0
7381 78.0
7382 78.0
7383 78.0
7384 78.0
7385 78.0
7386 78.0
7387 78.0
7388 78.0
7389 78.0
7390 78.0
7391 78.0
7392 78.0
7393 78.0
7394 78.0
7395 78.0
7396 78.0
7397 78.0
7398 78.0
7399 78.0
7400 78.0
7401 78.0
7402 78.0
7403 78.0
7404 78.0
7405 78.0
7406 78.0
7407 78.0
7408 78.0
7409 78.0
7410 78.0
7411 78.0
7412 78.0
7413 78.0
7414 78.0
7415 78.0
7416 78.0
7417 78.0
7418 78.0
7419 78.0
7420 78.0
7421 78.0
7422 78.0
7423 78.0
7424 78.0
7425 78.0
7426 78.0
7427 78.0
7428 78.0
7429 78.0
7430 78.0
7431 78.0
7432 78.0
7433 78.0
7434 78.0
7435 78.0
7436 78.0
7437 78.0
7438 78.0
7439 78.0
7440 78.0
7441 78.0
7442 78.0
7443 78.0
7444 78.0
7445 78.0
7446 78.0
7447 78.0
7448 78.0
7449 78.0
7450 78.0
7451 78.0
7452 78.0
7453 78.0
7454 78.0
7455 78.0
7456 78.0
7457 78.0
7458 78.0
7459 78.0
7460 78.0
7461 78.0
7462 78.0
7463 78.0
7464 78.0
7465 78.0
7466 78.0
7467 78.0
7468 78.0
7469 78.0
7470 78.0
7471 78.0
7472 78.0
7473 78.0
7474 78.0
7475 78.0
7476 78.0
7477 78.0
7478 78.0
7479 78.0
7480 78.0
7481 78.0
7482 78.0
7483 78.0
7484 78.0
7485 78.0
7486 78.0
7487 78.0
7488 78.0
7489 78.0
7490 78.0
7491 78.0
7492 78.0
7493 78.0
7494 78.0
7495 78.0
7496 78.0
7497 78.0
7498 78.0
7499 78.0
7500 78.0
7501 78.0
7502 78.0
7503 78.0
7504 78.0
7505 78.0
7506 78.0
7507 78.0
7508 78.0
7509 78.0
7510 78.0
7511 78.0
7512 78.0
7513 78.0
7514 78.0
7515 78.0
7516 78.0
7517 78.0
7518 78.0
7519 78.0
7520 78.0
7521 78.0
7522 78.0
7523 78.0
7524 78.0
7525 78.0
7526 78.0
7527 78.0
7528 78.0
7529 78.0
7530 78.0
7531 78.0
7532 78.0
7533 78.0
7534 78.0
7535 78.0
7536 78.0
7537 78.0
7538 78.0
7539 78.0
7540 78.0
7541 78.0
7542 78.0
7543 78.0
7544 78.0
7545 78.0
7546 78.0
7547 78.0
7548 78.0
7549 78.0
7550 78.0
7551 78.0
7552 78.0
7553 78.0
7554 78.0
7555 78.0
7556 78.0
7557 78.0
7558 78.0
7559 78.0
7560 78.0
7561 78.0
7562 78.0
7563 78.0
7564 78.0
7565 78.0
7566 78.0
7567 78.0
7568 78.0
7569 78.0
7570 78.0
7571 78.0
7572 78.0
7573 78.0
7574 78.0
7575 78.0
7576 78.0
7577 78.0
7578 78.0
7579 78.0
7580 78.0
7581 78.0
7582 78.0
7583 78.0
7584 78.0
7585 78.0
7586 78.0
7587 78.0
7588 78.0
7589 78.0
7590 78.0
7591 78.0
7592 78.0
7593 78.0
7594 78.0
7595 78.0
7596 78.0
7597 78.0
7598 78.0
7599 78.0
7600 78.0
7601 78.0
7602 78.0
7603 78.0
7604 78.0
7605 78.0
7606 78.0
7607 78.0
7608 78.0
7609 78.0
7610 78.0
7611 78.0
7612 78.0
7613 78.0
7614 78.0
7615 78.0
7616 78.0
7617 78.0
7618 78.0
7619 78.0
7620 78.0
7621 78.0
7622 78.0
7623 78.0
7624 78.0
7625 78.0
7626 78.0
7627 78.0
7628 78.0
7629 78.0
7630 78.0
7631 78.0
7632 78.0
7633 78.0
7634 78.0
7635 78.0
7636 78.0
7637 78.0
7638 78.0
7639 78.0
7640 78.0
7641 78.0
7642 78.0
7643 78.0
7644 78.0
7645 78.0
7646 78.0
7647 78.0
7648 78.0
7649 78.0
7650 78.0
7651 78.0
7652 78.0
7653 78.0
7654 78.0
7655 78.0
7656 78.0
7657 78.0
7658 78.0
7659 78.0
7660 78.0
7661 78.0
7662 78.0
7663 78.0
7664 78.0
7665 78.0
7666 78.0
7667 78.0
7668 78.0
7669 78.0
7670 78.0
7671 78.0
7672 78.0
7673 78.0
7674 78.0
7675 78.0
7676 78.0
7677 78.0
7678 78.0
7679 78.0
7680 78.0
7681 78.0
7682 78.0
7683 78.0
7684 78.0
7685 78.0
7686 78.0
7687 78.0
7688 78.0
7689 78.0
7690 78.0
7691 78.0
7692 78.0
7693 78.0
7694 78.0
7695 78.0
7696 78.0
7697 78.0
7698 78.0
7699 78.0
7700 78.0
7701 78.0
7702 78.0
7703 78.0
7704 78.0
7705 78.0
7706 78.0
7707 78.0
7708 78.0
7709 78.0
7710 78.0
7711 78.0
7712 78.0
7713 78.0
7714 78.0
7715 78.0
7716 78.0
7717 78.0
7718 78.0
7719 78.0
7720 78.0
7721 78.0
7722 78.0
7723 78.0
7724 78.0
7725 78.0
7726 78.0
7727 78.0
7728 78.0
7729 78.0
7730 78.0
7731 78.0
7732 78.0
7733 78.0
7734 78.0
7735 78.0
7736 78.0
7737 78.0
7738 78.0
7739 78.0
7740 78.0
7741 78.0
7742 78.0
7743 78.0
7744 78.0
7745 78.0
7746 78.0
7747 78.0
7748 78.0
7749 78.0
7750 78.0
7751 78.0
7752 78.0
7753 78.0
7754 78.0
7755 78.0
7756 78.0
7757 78.0
7758 78.0
7759 78.0
7760 78.0
7761 78.0
7762 78.0
7763 78.0
7764 78.0
7765 78.0
7766 78.0
7767 78.0
7768 78.0
7769 78.0
7770 78.0
7771 78.0
7772 78.0
7773 78.0
7774 78.0
7775 78.0
7776 78.0
7777 78.0
7778 78.0
7779 78.0
7780 78.0
7781 78.0
7782 78.0
7783 78.0
7784 78.0
7785 78.0
7786 78.0
7787 78.0
7788 78.0
7789 78.0
7790 78.0
7791 78.0
7792 78.0
7793 78.0
7794 78.0
7795 78.0
7796 78.0
7797 78.0
7798 78.0
7799 78.0
7800 78.0
7801 78.0
7802 78.0
7803 78.0
7804 78.0
7805 78.0
7806 78.0
7807 78.0
7808 78.0
7809 78.0
7810 78.0
7811 78.0
7812 78.0
7813 78.0
7814 78.0
7815 78.0
7816 78.0
7817 78.0
7818 78.0
7819 78.0
7820 78.0
7821 78.0
7822 78.0
7823 78.0
7824 78.0
7825 78.0
7826 78.0
7827 78.0
7828 78.0
7829 78.0
7830 78.0
7831 78.0
7832 78.0
7833 78.0
7834 78.0
7835 78.0
7836 78.0
7837 78.0
7838 78.0
7839 78.0
7840 78.0
7841 78.0
7842 78.0
7843 78.0
7844 78.0
7845 78.0
7846 78.0
7847 78.0
7848 78.0
7849 78.0
7850 78.0
7851 78.0
7852 78.0
7853 78.0
7854 78.0
7855 78.0
7856 78.0
7857 78.0
7858 78.0
7859 78.0
7860 78.0
7861 78.0
7862 78.0
7863 78.0
7864 78.0
7865 78.0
7866 78.0
7867 78.0
7868 78.0
7869 78.0
7870 78.0
7871 78.0
7872 78.0
7873 78.0
7874 78.0
7875 78.0
7876 78.0
7877 78.0
7878 78.0
7879 78.0
7880 78.0
7881 78.0
7882 78.0
7883 78.0
7884 78.0
7885 78.0
7886 78.0
7887 78.0
7888 78.0
7889 78.0
7890 78.0
7891 78.0
7892 78.0
7893 78.0
7894 78.0
7895 78.0
7896 78.0
7897 78.0
7898 78.0
7899 78.0
7900 78.0
7901 78.0
7902 78.0
7903 78.0
7904 78.0
7905 78.0
7906 78.0
7907 78.0
7908 78.0
7909 78.0
7910 78.0
7911 78.0
7912 78.0
7913 78.0
7914 78.0
7915 78.0
7916 78.0
7917 78.0
7918 78.0
7919 78.0
7920 78.0
7921 78.0
7922 78.0
7923 78.0
7924 78.0
7925 78.0
7926 78.0
7927 78.0
7928 78.0
7929 78.0
7930 78.0
7931 78.0
7932 78.0
7933 78.0
7934 78.0
7935 78.0
7936 78.0
7937 78.0
7938 78.0
7939 78.0
7940 78.0
7941 78.0
7942 78.0
7943 78.0
7944 78.0
7945 78.0
7946 78.0
7947 78.0
7948 78.0
7949 78.0
7950 78.0
7951 78.0
7952 78.0
7953 78.0
7954 78.0
7955 78.0
7956 78.0
7957 78.0
7958 78.0
7959 78.0
7960 78.0
7961 78.0
7962 78.0
7963 78.0
7964 78.0
7965 78.0
7966 78.0
7967 78.0
7968 78.0
7969 78.0
7970 78.0
7971 78.0
7972 78.0
7973 78.0
7974 78.0
7975 78.0
7976 78.0
7977 78.0
7978 78.0
7979 78.0
7980 78.0
7981 78.0
7982 78.0
7983 78.0
7984 78.0
7985 78.0
7986 78.0
7987 78.0
7988 78.0
7989 78.0
7990 78.0
7991 78.0
7992 78.0
7993 78.0
7994 78.0
7995 78.0
7996 78.0
7997 78.0
7998 78.0
7999 78.0
8000 78.0
8001 78.0
8002 78.0
8003 78.0
8004 78.0
8005 78.0
8006 78.0
8007 78.0
8008 78.0
8009 78.0
8010 78.0
8011 78.0
8012 78.0
8013 78.0
8014 78.0
8015 78.0
8016 78.0
8017 78.0
8018 78.0
8019 78.0
8020 78.0
8021 78.0
8022 78.0
8023 78.0
8024 78.0
8025 78.0
8026 78.0
8027 78.0
8028 78.0
8029 78.0
8030 78.0
8031 78.0
8032 78.0
8033 78.0
8034 78.0
8035 78.0
8036 78.0
8037 78.0
8038 78.0
8039 78.0
8040 78.0
8041 78.0
8042 78.0
8043 78.0
8044 78.0
8045 78.0
8046 78.0
8047 78.0
8048 78.0
8049 78.0
8050 78.0
8051 78.0
8052 78.0
8053 78.0
8054 78.0
8055 78.0
8056 78.0
8057 78.0
8058 78.0
8059 78.0
8060 78.0
8061 78.0
8062 78.0
8063 78.0
8064 78.0
8065 78.0
8066 78.0
8067 78.0
8068 78.0
8069 78.0
8070 78.0
8071 78.0
8072 78.0
8073 78.0
8074 78.0
8075 78.0
8076 78.0
8077 78.0
8078 78.0
8079 78.0
8080 78.0
8081 78.0
8082 78.0
8083 78.0
8084 78.0
8085 78.0
8086 78.0
8087 78.0
8088 78.0
8089 78.0
8090 78.0
8091 78.0
8092 78.0
8093 78.0
8094 78.0
8095 78.0
8096 78.0
8097 78.0
8098 78.0
8099 78.0
8100 78.0
8101 78.0
8102 78.0
8103 78.0
8104 78.0
8105 78.0
8106 78.0
8107 78.0
8108 78.0
8109 78.0
8110 78.0
8111 78.0
8112 78.0
8113 78.0
8114 78.0
8115 78.0
8116 78.0
8117 78.0
8118 78.0
8119 78.0
8120 78.0
8121 78.0
8122 78.0
8123 78.0
8124 78.0
8125 78.0
8126 78.0
8127 78.0
8128 78.0
8129 78.0
8130 78.0
8131 78.0
8132 78.0
8133 78.0
8134 78.0
8135 78.0
8136 78.0
8137 78.0
8138 78.0
8139 78.0
8140 78.0
8141 78.0
8142 78.0
8143 78.0
8144 78.0
8145 78.0
8146 78.0
8147 78.0
8148 78.0
8149 78.0
8150 78.0
8151 78.0
8152 78.0
8153 78.0
8154 78.0
8155 78.0
8156 78.0
8157 78.0
8158 78.0
8159 78.0
8160 78.0
8161 78.0
8162 78.0
8163 78.0
8164 78.0
8165 78.0
8166 78.0
8167 78.0
8168 78.0
8169 78.0
8170 78.0
8171 78.0
8172 78.0
8173 78.0
8174 78.0
8175 78.0
8176 78.0
8177 78.0
8178 78.0
8179 78.0
8180 78.0
8181 78.0
8182 78.0
8183 78.0
8184 78.0
8185 78.0
8186 78.0
8187 78.0
8188 78.0
8189 78.0
8190 78.0
8191 78.0
8192 78.0
8193 78.0
8194 78.0
8195 78.0
8196 78.0
8197 78.0
8198 78.0
8199 78.0
8200 78.0
8201 78.0
8202 78.0
8203 78.0
8204 78.0
8205 78.0
8206 78.0
8207 78.0
8208 78.0
8209 78.0
8210 78.0
8211 78.0
8212 78.0
8213 78.0
8214 78.0
8215 78.0
8216 78.0
8217 78.0
8218 78.0
8219 78.0
8220 78.0
8221 78.0
8222 78.0
8223 78.0
8224 78.0
8225 78.0
8226 78.0
8227 78.0
8228 78.0
8229 78.0
8230 78.0
8231 78.0
8232 78.0
8233 78.0
8234 78.0
8235 78.0
8236 78.0
8237 78.0
8238 78.0
8239 78.0
8240 78.0
8241 78.0
8242 78.0
8243 78.0
8244 78.0
8245 78.0
8246 78.0
8247 78.0
8248 78.0
8249 78.0
8250 78.0
8251 78.0
8252 78.0
8253 78.0
8254 78.0
8255 78.0
8256 78.0
8257 78.0
8258 78.0
8259 78.0
8260 78.0
8261 78.0
8262 78.0
8263 78.0
8264 78.0
8265 78.0
8266 78.0
8267 78.0
8268 78.0
8269 78.0
8270 78.0
8271 78.0
8272 78.0
8273 78.0
8274 78.0
8275 78.0
8276 78.0
8277 78.0
8278 78.0
8279 78.0
8280 78.0
8281 78.0
8282 78.0
8283 78.0
8284 78.0
8285 78.0
8286 78.0
8287 78.0
8288 78.0
8289 78.0
8290 78.0
8291 78.0
8292 78.0
8293 78.0
8294 78.0
8295 78.0
8296 78.0
8297 78.0
8298 78.0
8299 78.0
8300 78.0
8301 78.0
8302 78.0
8303 78.0
8304 78.0
8305 78.0
8306 78.0
8307 78.0
8308 78.0
8309 78.0
8310 78.0
8311 78.0
8312 78.0
8313 78.0
8314 78.0
8315 78.0
8316 78.0
8317 78.0
8318 78.0
8319 78.0
8320 78.0
8321 78.0
8322 78.0
8323 78.0
8324 78.0
8325 78.0
8326 78.0
8327 78.0
8328 78.0
8329 78.0
8330 78.0
8331 78.0
8332 78.0
8333 78.0
8334 78.0
8335 78.0
8336 78.0
8337 78.0
8338 78.0
8339 78.0
8340 78.0
8341 78.0
8342 78.0
8343 78.0
8344 78.0
8345 78.0
8346 78.0
8347 78.0
8348 78.0
8349 78.0
8350 78.0
8351 78.0
8352 78.0
8353 78.0
8354 78.0
8355 78.0
8356 78.0
8357 78.0
8358 78.0
8359 78.0
8360 78.0
8361 78.0
8362 78.0
8363 78.0
8364 78.0
8365 78.0
8366 78.0
8367 78.0
8368 78.0
8369 78.0
8370 78.0
8371 78.0
8372 78.0
8373 78.0
8374 78.0
8375 78.0
8376 78.0
8377 78.0
8378 78.0
8379 78.0
8380 78.0
8381 78.0
8382 78.0
8383 78.0
8384 78.0
8385 78.0
8386 78.0
8387 78.0
8388 78.0
8389 78.0
8390 78.0
8391 78.0
8392 78.0
8393 78.0
8394 78.0
8395 78.0
8396 78.0
8397 78.0
8398 78.0
8399 78.0
8400 78.0
8401 78.0
8402 78.0
8403 78.0
8404 78.0
8405 78.0
8406 78.0
8407 78.0
8408 78.0
8409 78.0
8410 78.0
8411 78.0
8412 78.0
8413 78.0
8414 78.0
8415 78.0
8416 78.0
8417 78.0
8418 78.0
8419 78.0
8420 78.0
8421 78.0
8422 78.0
8423 78.0
8424 78.0
8425 78.0
8426 78.0
8427 78.0
8428 78.0
8429 78.0
8430 78.0
8431 78.0
8432 78.0
8433 78.0
8434 78.0
8435 78.0
8436 78.0
8437 78.0
8438 78.0
8439 78.0
8440 78.0
8441 78.0
8442 78.0
8443 78.0
8444 78.0
8445 78.0
8446 78.0
8447 78.0
8448 78.0
8449 78.0
8450 78.0
8451 78.0
8452 78.0
8453 78.0
8454 78.0
8455 78.0
8456 78.0
8457 78.0
8458 78.0
8459 78.0
8460 78.0
8461 78.0
8462 78.0
8463 78.0
8464 78.0
8465 78.0
8466 78.0
8467 78.0
8468 78.0
8469 78.0
8470 78.0
8471 78.0
8472 78.0
8473 78.0
8474 78.0
8475 78.0
8476 78.0
8477 78.0
8478 78.0
8479 78.0
8480 78.0
8481 78.0
8482 78.0
8483 78.0
8484 78.0
8485 78.0
8486 78.0
8487 78.0
8488 78.0
8489 78.0
8490 78.0
8491 78.0
8492 78.0
8493 78.0
8494 78.0
8495 78.0
8496 78.0
8497 78.0
8498 78.0
8499 78.0
8500 78.0
8501 78.0
8502 78.0
8503 78.0
8504 78.0
8505 78.0
8506 78.0
8507 78.0
8508 78.0
8509 78.0
8510 78.0
8511 78.0
8512 78.0
8513 78.0
8514 78.0
8515 78.0
8516 78.0
8517 78.0
8518 78.0
8519 78.0
8520 78.0
8521 78.0
8522 78.0
8523 78.0
8524 78.0
8525 78.0
8526 78.0
8527 78.0
8528 78.0
8529 78.0
8530 78.0
8531 78.0
8532 78.0
8533 78.0
8534 78.0
8535 78.0
8536 78.0
8537 78.0
8538 78.0
8539 78.0
8540 78.0
8541 78.0
8542 78.0
8543 78.0
8544 78.0
8545 78.0
8546 78.0
8547 78.0
8548 78.0
8549 78.0
8550 78.0
8551 78.0
8552 78.0
8553 78.0
8554 78.0
8555 78.0
8556 78.0
8557 78.0
8558 78.0
8559 78.0
8560 78.0
8561 78.0
8562 78.0
8563 78.0
8564 78.0
8565 78.0
8566 78.0
8567 78.0
8568 78.0
8569 78.0
8570 78.0
8571 78.0
8572 78.0
8573 78.0
8574 78.0
8575 78.0
8576 78.0
8577 78.0
8578 78.0
8579 78.0
8580 78.0
8581 78.0
8582 78.0
8583 78.0
8584 78.0
8585 78.0
8586 78.0
8587 78.0
8588 78.0
8589 78.0
8590 78.0
8591 78.0
8592 78.0
8593 78.0
8594 78.0
8595 78.0
8596 78.0
8597 78.0
8598 78.0
8599 78.0
8600 78.0
8601 78.0
8602 78.0
8603 78.0
8604 78.0
8605 78.0
8606 78.0
8607 78.0
8608 78.0
8609 78.0
8610 78.0
8611 78.0
8612 78.0
8613 78.0
8614 78.0
8615 78.0
8616 78.0
8617 78.0
8618 78.0
8619 78.0
8620 78.0
8621 78.0
8622 78.0
8623 78.0
8624 78.0
8625 78.0
8626 78.0
8627 78.0
8628 78.0
8629 78.0
8630 78.0
8631 78.0
8632 78.0
8633 78.0
8634 78.0
8635 78.0
8636 78.0
8637 78.0
8638 78.0
8639 78.0
8640 78.0
8641 78.0
8642 78.0
8643 78.0
8644 78.0
8645 78.0
8646 78.0
8647 78.0
8648 78.0
8649 78.0
8650 78.0
8651 78.0
8652 78.0
8653 78.0
8654 78.0
8655 78.0
8656 78.0
8657 78.0
8658 78.0
8659 78.0
8660 78.0
8661 78.0
8662 78.0
8663 78.0
8664 78.0
8665 78.0
8666 78.0
8667 78.0
8668 78.0
8669 78.0
8670 78.0
8671 78.0
8672 78.0
8673 78.0
8674 78.0
8675 78.0
8676 78.0
8677 78.0
8678 78.0
8679 78.0
8680 78.0
8681 78.0
8682 78.0
8683 78.0
8684 78.0
8685 78.0
8686 78.0
8687 78.0
8688 78.0
8689 78.0
8690 78.0
8691 78.0
8692 78.0
8693 78.0
8694 78.0
8695 78.0
8696 78.0
8697 78.0
8698 78.0
8699 78.0
8700 78.0
8701 78.0
8702 78.0
8703 78.0
8704 78.0
8705 78.0
8706 78.0
8707 78.0
8708 78.0
8709 78.0
8710 78.0
8711 78.0
8712 78.0
8713 78.0
8714 78.0
8715 78.0
8716 78.0
8717 78.0
8718 78.0
8719 78.0
8720 78.0
8721 78.0
8722 78.0
8723 78.0
8724 78.0
8725 78.0
8726 78.0
8727 78.0
8728 78.0
8729 78.0
8730 78.0
8731 78.0
8732 78.0
8733 78.0
8734 78.0
8735 78.0
8736 78.0
8737 78.0
8738 78.0
8739 78.0
8740 78.0
8741 78.0
8742 78.0
8743 78.0
8744 78.0
8745 78.0
8746 78.0
8747 78.0
8748 78.0
8749 78.0
8750 78.0
8751 78.0
8752 78.0
8753 78.0
8754 78.0
8755 78.0
8756 78.0
8757 78.0
8758 78.0
8759 78.0
8760 78.0
8761 78.0
8762 78.0
8763 78.0
8764 78.0
8765 78.0
8766 78.0
8767 78.0
8768 78.0
8769 78.0
8770 78.0
8771 78.0
8772 78.0
8773 78.0
8774 78.0
8775 78.0
8776 78.0
8777 78.0
8778 78.0
8779 78.0
8780 78.0
8781 78.0
8782 78.0
8783 78.0
8784 78.0
8785 78.0
8786 78.0
8787 78.0
8788 78.0
8789 78.0
8790 78.0
8791 78.0
8792 78.0
8793 78.0
8794 78.0
8795 78.0
8796 78.0
8797 78.0
8798 78.0
8799 78.0
8800 78.0
8801 78.0
8802 78.0
8803 78.0
8804 78.0
8805 78.0
8806 78.0
8807 78.0
8808 78.0
8809 78.0
8810 78.0
8811 78.0
8812 78.0
8813 78.0
8814 78.0
8815 78.0
8816 78.0
8817 78.0
8818 78.0
8819 78.0
8820 78.0
8821 78.0
8822 78.0
8823 78.0
8824 78.0
8825 78.0
8826 78.0
8827 78.0
8828 78.0
8829 78.0
8830 78.0
8831 78.0
8832 78.0
8833 78.0
8834 78.0
8835 78.0
8836 78.0
8837 78.0
8838 78.0
8839 78.0
8840 78.0
8841 78.0
8842 78.0
8843 78.0
8844 78.0
8845 78.0
8846 78.0
8847 78.0
8848 78.0
8849 78.0
8850 78.0
8851 78.0
8852 78.0
8853 78.0
8854 78.0
8855 78.0
8856 78.0
8857 78.0
8858 78.0
8859 78.0
8860 78.0
8861 78.0
8862 78.0
8863 78.0
8864 78.0
8865 78.0
8866 78.0
8867 78.0
8868 78.0
8869 78.0
8870 78.0
8871 78.0
8872 78.0
8873 78.0
8874 78.0
8875 78.0
8876 78.0
8877 78.0
8878 78.0
8879 78.0
8880 78.0
8881 78.0
8882 78.0
8883 78.0
8884 78.0
8885 78.0
8886 78.0
8887 78.0
8888 78.0
8889 78.0
8890 78.0
8891 78.0
8892 78.0
8893 78.0
8894 78.0
8895 78.0
8896 78.0
8897 78.0
8898 78.0
8899 78.0
8900 78.0
8901 78.0
8902 78.0
8903 78.0
8904 78.0
8905 78.0
8906 78.0
8907 78.0
8908 78.0
8909 78.0
8910 78.0
8911 78.0
8912 78.0
8913 78.0
8914 78.0
8915 78.0
8916 78.0
8917 78.0
8918 78.0
8919 78.0
8920 78.0
8921 78.0
8922 78.0
8923 78.0
8924 78.0
8925 78.0
8926 78.0
8927 78.0
8928 78.0
8929 78.0
8930 78.0
8931 78.0
8932 78.0
8933 78.0
8934 78.0
8935 78.0
8936 78.0
8937 78.0
8938 78.0
8939 78.0
8940 78.0
8941 78.0
8942 78.0
8943 78.0
8944 78.0
8945 78.0
8946 78.0
8947 78.0
8948 78.0
8949 78.0
8950 78.0
8951 78.0
8952 78.0
8953 78.0
8954 78.0
8955 78.0
8956 78.0
8957 78.0
8958 78.0
8959 78.0
8960 78.0
8961 78.0
8962 78.0
8963 78.0
8964 78.0
8965 78.0
8966 78.0
8967 78.0
8968 78.0
8969 78.0
8970 78.0
8971 78.0
8972 78.0
8973 78.0
8974 78.0
8975 78.0
8976 78.0
8977 78.0
8978 78.0
8979 78.0
8980 78.0
8981 78.0
8982 78.0
8983 78.0
8984 78.0
8985 78.0
8986 78.0
8987 78.0
8988 78.0
8989 78.0
8990 78.0
8991 78.0
8992 78.0
8993 78.0
8994 78.0
8995 78.0
8996 78.0
8997 78.0
8998 78.0
8999 78.0
9000 78.0
9001 78.0
9002 78.0
9003 78.0
9004 78.0
9005 78.0
9006 78.0
9007 78.0
9008 78.0
9009 78.0
9010 78.0
9011 78.0
9012 78.0
9013 78.0
9014 78.0
9015 78.0
9016 78.0
9017 78.0
9018 78.0
9019 78.0
9020 78.0
9021 78.0
9022 78.0
9023 78.0
9024 78.0
9025 78.0
9026 78.0
9027 78.0
9028 78.0
9029 78.0
9030 78.0
9031 78.0
9032 78.0
9033 78.0
9034 78.0
9035 78.0
9036 78.0
9037 78.0
9038 78.0
9039 78.0
9040 78.0
9041 78.0
9042 78.0
9043 78.0
9044 78.0
9045 78.0
9046 78.0
9047 78.0
9048 78.0
9049 78.0
9050 78.0
9051 78.0
9052 78.0
9053 78.0
9054 78.0
9055 78.0
9056 78.0
9057 78.0
9058 78.0
9059 78.0
9060 78.0
9061 78.0
9062 78.0
9063 78.0
9064 78.0
9065 78.0
9066 78.0
9067 78.0
9068 78.0
9069 78.0
9070 78.0
9071 78.0
9072 78.0
9073 78.0
9074 78.0
9075 78.0
9076 78.0
9077 78.0
9078 78.0
9079 78.0
9080 78.0
9081 78.0
9082 78.0
9083 78.0
9084 78.0
9085 78.0
9086 78.0
9087 78.0
9088 78.0
9089 78.0
9090 78.0
9091 78.0
9092 78.0
9093 78.0
9094 78.0
9095 78.0
9096 78.0
9097 78.0
9098 78.0
9099 78.0
9100 78.0
9101 78.0
9102 78.0
9103 78.0
9104 78.0
9105 78.0
9106 78.0
9107 78.0
9108 78.0
9109 78.0
9110 78.0
9111 78.0
9112 78.0
9113 78.0
9114 78.0
9115 78.0
9116 78.0
9117 78.0
9118 78.0
9119 78.0
9120 78.0
9121 78.0
9122 78.0
9123 78.0
9124 78.0
9125 78.0
9126 78.0
9127 78.0
9128 78.0
9129 78.0
9130 78.0
9131 78.0
9132 78.0
9133 78.0
9134 78.0
9135 78.0
9136 78.0
9137 78.0
9138 78.0
9139 78.0
9140 78.0
9141 78.0
9142 78.0
9143 78.0
9144 78.0
9145 78.0
9146 78.0
9147 78.0
9148 78.0
9149 78.0
9150 78.0
9151 78.0
9152 78.0
9153 78.0
9154 78.0
9155 78.0
9156 78.0
9157 78.0
9158 78.0
9159 78.0
9160 78.0
9161 78.0
9162 78.0
9163 78.0
9164 78.0
9165 78.0
9166 78.0
9167 78.0
9168 78.0
9169 78.0
9170 78.0
9171 78.0
9172 78.0
9173 78.0
9174 78.0
9175 78.0
9176 78.0
9177 78.0
9178 78.0
9179 78.0
9180 78.0
9181 78.0
9182 78.0
9183 78.0
9184 78.0
9185 78.0
9186 78.0
9187 78.0
9188 78.0
9189 78.0
9190 78.0
9191 78.0
9192 78.0
9193 78.0
9194 78.0
9195 78.0
9196 78.0
9197 78.0
9198 78.0
9199 78.0
9200 78.0
9201 78.0
9202 78.0
9203 78.0
9204 78.0
9205 78.0
9206 78.0
9207 78.0
9208 78.0
9209 78.0
9210 78.0
9211 78.0
9212 78.0
9213 78.0
9214 78.0
9215 78.0
9216 78.0
9217 78.0
9218 78.0
9219 78.0
9220 78.0
9221 78.0
9222 78.0
9223 78.0
9224 78.0
9225 78.0
9226 78.0
9227 78.0
9228 78.0
9229 78.0
9230 78.0
9231 78.0
9232 78.0
9233 78.0
9234 78.0
9235 78.0
9236 78.0
9237 78.0
9238 78.0
9239 78.0
9240 78.0
9241 78.0
9242 78.0
9243 78.0
9244 78.0
9245 78.0
9246 78.0
9247 78.0
9248 78.0
9249 78.0
9250 78.0
9251 78.0
9252 78.0
9253 78.0
9254 78.0
9255 78.0
9256 78.0
9257 78.0
9258 78.0
9259 78.0
9260 78.0
9261 78.0
9262 78.0
9263 78.0
9264 78.0
9265 78.0
9266 78.0
9267 78.0
9268 78.0
9269 78.0
9270 78.0
9271 78.0
9272 78.0
9273 78.0
9274 78.0
9275 78.0
9276 78.0
9277 78.0
9278 78.0
9279 78.0
9280 78.0
9281 78.0
9282 78.0
9283 78.0
9284 78.0
9285 78.0
9286 78.0
9287 78.0
9288 78.0
9289 78.0
9290 78.0
9291 78.0
9292 78.0
9293 78.0
9294 78.0
9295 78.0
9296 78.0
9297 78.0
9298 78.0
9299 78.0
9300 78.0
9301 78.0
9302 78.0
9303 78.0
9304 78.0
9305 78.0
9306 78.0
9307 78.0
9308 78.0
9309 78.0
9310 78.0
9311 78.0
9312 78.0
9313 78.0
9314 78.0
9315 78.0
9316 78.0
9317 78.0
9318 78.0
9319 78.0
9320 78.0
9321 78.0
9322 78.0
9323 78.0
9324 78.0
9325 78.0
9326 78.0
9327 78.0
9328 78.0
9329 78.0
9330 78.0
9331 78.0
9332 78.0
9333 78.0
9334 78.0
9335 78.0
9336 78.0
9337 78.0
9338 78.0
9339 78.0
9340 78.0
9341 78.0
9342 78.0
9343 78.0
9344 78.0
9345 78.0
9346 78.0
9347 78.0
9348 78.0
9349 78.0
9350 78.0
9351 78.0
9352 78.0
9353 78.0
9354 78.0
9355 78.0
9356 78.0
9357 78.0
9358 78.0
9359 78.0
9360 78.0
9361 78.0
9362 78.0
9363 78.0
9364 78.0
9365 78.0
9366 78.0
9367 78.0
9368 78.0
9369 78.0
9370 78.0
9371 78.0
9372 78.0
9373 78.0
9374 78.0
9375 78.0
9376 78.0
9377 78.0
9378 78.0
9379 78.0
9380 78.0
9381 78.0
9382 78.0
9383 78.0
9384 78.0
9385 78.0
9386 78.0
9387 78.0
9388 78.0
9389 78.0
9390 78.0
9391 78.0
9392 78.0
9393 78.0
9394 78.0
9395 78.0
9396 78.0
9397 78.0
9398 78.0
9399 78.0
9400 78.0
9401 78.0
9402 78.0
9403 78.0
9404 78.0
9405 78.0
9406 78.0
9407 78.0
9408 78.0
9409 78.0
9410 78.0
9411 78.0
9412 78.0
9413 78.0
9414 78.0
9415 78.0
9416 78.0
9417 78.0
9418 78.0
9419 78.0
9420 78.0
9421 78.0
9422 78.0
9423 78.0
9424 78.0
9425 78.0
9426 78.0
9427 78.0
9428 78.0
9429 78.0
9430 78.0
9431 78.0
9432 78.0
9433 78.0
9434 78.0
9435 78.0
9436 78.0
9437 78.0
9438 78.0
9439 78.0
9440 78.0
9441 78.0
9442 78.0
9443 78.0
9444 78.0
9445 78.0
9446 78.0
9447 78.0
9448 78.0
9449 78.0
9450 78.0
9451 78.0
9452 78.0
9453 78.0
9454 78.0
9455 78.0
9456 78.0
9457 78.0
9458 78.0
9459 78.0
9460 78.0
9461 78.0
9462 78.0
9463 78.0
9464 78.0
9465 78.0
9466 78.0
9467 78.0
9468 78.0
9469 78.0
9470 78.0
9471 78.0
9472 78.0
9473 78.0
9474 78.0
9475 78.0
9476 78.0
9477 78.0
9478 78.0
9479 78.0
9480 78.0
9481 78.0
9482 78.0
9483 78.0
9484 78.0
9485 78.0
9486 78.0
9487 78.0
9488 78.0
9489 78.0
9490 78.0
9491 78.0
9492 78.0
9493 78.0
9494 78.0
9495 78.0
9496 78.0
9497 78.0
9498 78.0
9499 78.0
9500 78.0
9501 78.0
9502 78.0
9503 78.0
9504 78.0
9505 78.0
9506 78.0
9507 78.0
9508 78.0
9509 78.0
9510 78.0
9511 78.0
9512 78.0
9513 78.0
9514 78.0
9515 78.0
9516 78.0
9517 78.0
9518 78.0
9519 78.0
9520 78.0
9521 78.0
9522 78.0
9523 78.0
9524 78.0
9525 78.0
9526 78.0
9527 78.0
9528 78.0
9529 78.0
9530 78.0
9531 78.0
9532 78.0
9533 78.0
9534 78.0
9535 78.0
9536 78.0
9537 78.0
9538 78.0
9539 78.0
9540 78.0
9541 78.0
9542 78.0
9543 78.0
9544 78.0
9545 78.0
9546 78.0
9547 78.0
9548 78.0
9549 78.0
9550 78.0
9551 78.0
9552 78.0
9553 78.0
9554 78.0
9555 78.0
9556 78.0
9557 78.0
9558 78.0
9559 78.0
9560 78.0
9561 78.0
9562 78.0
9563 78.0
9564 78.0
9565 78.0
9566 78.0
9567 78.0
9568 78.0
9569 78.0
9570 78.0
9571 78.0
9572 78.0
9573 78.0
9574 78.0
9575 78.0
9576 78.0
9577 78.0
9578 78.0
9579 78.0
9580 78.0
9581 78.0
9582 78.0
9583 78.0
9584 78.0
9585 78.0
9586 78.0
9587 78.0
9588 78.0
9589 78.0
9590 78.0
9591 78.0
9592 78.0
9593 78.0
9594 78.0
9595 78.0
9596 78.0
9597 78.0
9598 78.0
9599 78.0
9600 78.0
9601 78.0
9602 78.0
9603 78.0
9604 78.0
9605 78.0
9606 78.0
9607 78.0
9608 78.0
9609 78.0
9610 78.0
9611 78.0
9612 78.0
9613 78.0
9614 78.0
9615 78.0
9616 78.0
9617 78.0
9618 78.0
9619 78.0
9620 78.0
9621 78.0
9622 78.0
9623 78.0
9624 78.0
9625 78.0
9626 78.0
9627 78.0
9628 78.0
9629 78.0
9630 78.0
9631 78.0
9632 78.0
9633 78.0
9634 78.0
9635 78.0
9636 78.0
9637 78.0
9638 78.0
9639 78.0
9640 78.0
9641 78.0
9642 78.0
9643 78.0
9644 78.0
9645 78.0
9646 78.0
9647 78.0
9648 78.0
9649 78.0
9650 78.0
9651 78.0
9652 78.0
9653 78.0
9654 78.0
9655 78.0
9656 78.0
9657 78.0
9658 78.0
9659 78.0
9660 78.0
9661 78.0
9662 78.0
9663 78.0
9664 78.0
9665 78.0
9666 78.0
9667 78.0
9668 78.0
9669 78.0
9670 78.0
9671 78.0
9672 78.0
9673 78.0
9674 78.0
9675 78.0
9676 78.0
9677 78.0
9678 78.0
9679 78.0
9680 78.0
9681 78.0
9682 78.0
9683 78.0
9684 78.0
9685 78.0
9686 78.0
9687 78.0
9688 78.0
9689 78.0
9690 78.0
9691 78.0
9692 78.0
9693 78.0
9694 78.0
9695 78.0
9696 78.0
9697 78.0
9698 78.0
9699 78.0
9700 78.0
9701 78.0
9702 78.0
9703 78.0
9704 78.0
9705 78.0
9706 78.0
9707 78.0
9708 78.0
9709 78.0
9710 78.0
9711 78.0
9712 78.0
9713 78.0
9714 78.0
9715 78.0
9716 78.0
9717 78.0
9718 78.0
9719 78.0
9720 78.0
9721 78.0
9722 78.0
9723 78.0
9724 78.0
9725 78.0
9726 78.0
9727 78.0
9728 78.0
9729 78.0
9730 78.0
9731 78.0
9732 78.0
9733 78.0
9734 78.0
9735 78.0
9736 78.0
9737 78.0
9738 78.0
9739 78.0
9740 78.0
9741 78.0
9742 78.0
9743 78.0
9744 78.0
9745 78.0
9746 78.0
9747 78.0
9748 78.0
9749 78.0
9750 78.0
9751 78.0
9752 78.0
9753 78.0
9754 78.0
9755 78.0
9756 78.0
9757 78.0
9758 78.0
9759 78.0
9760 78.0
9761 78.0
9762 78.0
9763 78.0
9764 78.0
9765 78.0
9766 78.0
9767 78.0
9768 78.0
9769 78.0
9770 78.0
9771 78.0
9772 78.0
9773 78.0
9774 78.0
9775 78.0
9776 78.0
9777 78.0
9778 78.0
9779 78.0
9780 78.0
9781 78.0
9782 78.0
9783 78.0
9784 78.0
9785 78.0
9786 78.0
9787 78.0
9788 78.0
9789 78.0
9790 78.0
9791 78.0
9792 78.0
9793 78.0
9794 78.0
9795 78.0
9796 78.0
9797 78.0
9798 78.0
9799 78.0
9800 78.0
9801 78.0
9802 78.0
9803 78.0
9804 78.0
9805 78.0
9806 78.0
9807 78.0
9808 78.0
9809 78.0
9810 78.0
9811 78.0
9812 78.0
9813 78.0
9814 78.0
9815 78.0
9816 78.0
9817 78.0
9818 78.0
9819 78.0
9820 78.0
9821 78.0
9822 78.0
9823 78.0
9824 78.0
9825 78.0
9826 78.0
9827 78.0
9828 78.0
9829 78.0
9830 78.0
9831 78.0
9832 78.0
9833 78.0
9834 78.0
9835 78.0
9836 78.0
9837 78.0
9838 78.0
9839 78.0
9840 78.0
9841 78.0
9842 78.0
9843 78.0
9844 78.0
9845 78.0
9846 78.0
9847 78.0
9848 78.0
9849 78.0
9850 78.0
9851 78.0
9852 78.0
9853 78.0
9854 78.0
9855 78.0
9856 78.0
9857 78.0
9858 78.0
9859 78.0
9860 78.0
9861 78.0
9862 78.0
9863 78.0
9864 78.0
9865 78.0
9866 78.0
9867 78.0
9868 78.0
9869 78.0
9870 78.0
9871 78.0
9872 78.0
9873 78.0
9874 78.0
9875 78.0
9876 78.0
9877 78.0
9878 78.0
9879 78.0
9880 78.0
9881 78.0
9882 78.0
9883 78.0
9884 78.0
9885 78.0
9886 78.0
9887 78.0
9888 78.0
9889 78.0
9890 78.0
9891 78.0
9892 78.0
9893 78.0
9894 78.0
9895 78.0
9896 78.0
9897 78.0
9898 78.0
9899 78.0
9900 78.0
9901 78.0
9902 78.0
9903 78.0
9904 78.0
9905 78.0
9906 78.0
9907 78.0
9908 78.0
9909 78.0
9910 78.0
9911 78.0
9912 78.0
9913 78.0
9914 78.0
9915 78.0
9916 78.0
9917 78.0
9918 78.0
9919 78.0
9920 78.0
9921 78.0
9922 78.0
9923 78.0
9924 78.0
9925 78.0
9926 78.0
9927 78.0
9928 78.0
9929 78.0
9930 78.0
9931 78.0
9932 78.0
9933 78.0
9934 78.0
9935 78.0
9936 78.0
9937 78.0
9938 78.0
9939 78.0
9940 78.0
9941 78.0
9942 78.0
9943 78.0
9944 78.0
9945 78.0
9946 78.0
9947 78.0
9948 78.0
9949 78.0
9950 78.0
9951 78.0
9952 78.0
9953 78.0
9954 78.0
9955 78.0
9956 78.0
9957 78.0
9958 78.0
9959 78.0
9960 78.0
9961 78.0
9962 78.0
9963 78.0
9964 78.0
9965 78.0
9966 78.0
9967 78.0
9968 78.0
9969 78.0
9970 78.0
9971 78.0
9972 78.0
9973 78.0
9974 78.0
9975 78.0
9976 78.0
9977 78.0
9978 78.0
9979 78.0
9980 78.0
9981 78.0
9982 78.0
9983 78.0
9984 78.0
9985 78.0
9986 78.0
9987 78.0
9988 78.0
9989 78.0
9990 78.0
9991 78.0
9992 78.0
9993 78.0
9994 78.0
9995 78.0
9996 78.0
9997 78.0
9998 78.0
9999 78.0
10000 78.0
