# evaluation best
1 0.0
2 14.0
3 16.0
4 27.0
5 27.0
6 27.0
7 27.0
8 27.0
9 27.0
10 27.0
11 27.0
12 27.0
13 27.0
14 27.0
15 27.0
16 27.0
17 27.0
18 27.0
19 27.0
20 27.0
21 27.0
22 41.0
23 41.0
24 41.0
25 41.0
26 41.0
27 41.0
28 41.0
29 43.0
30 43.0
31 43.0
32 43.0
33 43.0
34 43.0
35 43.0
36 43.0
37 43.0
38 43.0
39 43.0
40 43.0
41 43.0
42 43.0
43 52.0
44 52.0
45 52.0
46 52.0
47 52.0
48 52.0
49 52.0
50 52.0
51 52.0
52 52.0
53 52.0
54 52.0
55 52.0
56 52.0
57 52.0
58 52.0
59 52.0
60 52.0
61 52.0
62 52.0
63 52.0
64 52.0
65 52.0
66 52.0
67 52.0
68 52.0
69 52.0
70 52.0
71 52.0
72 52.0
73 52.0
74 52.0
75 52.0
76 52.0
77 52.0
78 52.0
79 52.0
80 52.0
81 52.0
82 52.0
83 52.0
84 52.0
85 52.0
86 52.0
87 52.0
88 52.0
89 52.0
90 52.0
91 52.0
92 52.0
93 52.0
94 52.0
95 52.0
96 52.0
97 52.0
98 52.0
99 52.0
100 52.0
101 52.0
102 52.0
103 52.0
104 52.0
105 52.0
106 52.0
107 52.0
108 52.0
109 52.0
110 52.0
111 52.0
112 52.0
113 52.0
114 52.0
115 52.0
116 52.0
117 52.0
118 52.0
119 52.0
120 52.0
121 52.0
122 59.0
123 59.0
124 59.0
125 59.0
126 60.0
127 60.0
128 60.0
129 60.0
130 60.0
131 60.0
132 60.0
133 60.0
134 60.0
135 60.0
136 60.0
137 60.0
138 60.0
139 60.0
140 60.0
141 60.0
142 60.0
143 60.0
144 60.0
145 60.0
146 60.0
147 60.0
148 60.0
149 60.0
150 60.0
151 60.0
152 60.0
153 60.0
154 60.0
155 60.0
156 60.0
157 60.0
158 60.0
159 60.0
160 60.0
161 60.0
162 60.0
163 60.0
164 60.0
165 60.0
166 60.0
167 60.0
168 60.0
169 60.0
170 60.0
171 60.0
172 60.0
173 60.0
174 60.0
175 60.0
176 60.0
177 60.0
178 60.0
179 60.0
180 60.0
181 60.0
182 60.0
183 60.0
184 60.0
185 60.0
186 60.0
187 60.0
188 60.0
189 60.0
190 60.0
191 60.0
192 60.0
193 60.0
194 60.0
195 60.0
196 60.0
197 60.0
198 60.0
199 60.0
200 60.0
201 60.0
202 60.0
203 60.0
204 60.0
205 60.0
206 60.0
207 60.0
208 60.0
209 60.0
210 60.0
211 60.0
212 60.0
213 60.0
214 60.0
215 60.0
216 60.0
217 60.0
218 60.0
219 60.0
220 60.0
221 60.0
222 60.0
223 60.0
224 60.0
225 60.0
226 60.0
227 60.0
228 60.0
229 60.0
230 60.0
231 60.0
232 60.0
233 60.0
234 60.0
235 60.0
236 60.0
237 60.0
238 60.0
239 60.0
240 60.0
241 60.0
242 60.0
243 60.0
244 60.0
245 60.0
246 60.0
247 60.0
248 60.0
249 60.0
250 60.0
251 60.0
252 60.0
253 60.0
254 60.0
255 60.0
256 60.0
257 60.0
258 60.0
259 60.0
260 60.0
261 60.0
262 60.0
263 60.0
264 60.0
265 60.0
266 60.0
267 60.0
268 60.0
269 60.0
270 60.0
271 60.0
272 60.0
273 60.0
274 60.0
275 60.0
276 60.0
277 60.0
278 60.0
279 60.0
280 60.0
281 60.0
282 60.0
283 60.0
284 60.0
285 60.0
286 60.0
287 60.0
288 60.0
289 60.0
290 60.0
291 60.0
292 60.0
293 60.0
294 60.0
295 60.0
296 60.0
297 60.0
298 60.0
299 60.0
300 60.0
301 60.0
302 60.0
303 60.0
304 60.0
305 60.0
306 60.0
307 60.0
308 60.0
309 60.0
310 60.0
311 60.0
312 60.0
313 60.0
314 60.0
315 60.0
316 60.0
317 60.0
318 60.0
319 60.0
320 60.0
321 60.0
322 60.0
323 60.0
324 60.0
325 60.0
326 60.0
327 60.0
328 60.0
329 60.0
330 60.0
331 60.0
332 60.0
333 60.0
334 60.0
335 60.0
336 60.0
337 60.0
338 60.0
339 60.0
340 60.0
341 60.0
342 60.0
343 60.0
344 60.0
345 60.0
346 60.0
347 60.0
348 60.0
349 60.0
350 60.0
351 60.0
352 60.0
353 60.0
354 60.0
355 60.0
356 60.0
357 60.0
358 60.0
359 60.0
360 60.0
361 60.0
362 60.0
363 60.0
364 60.0
365 60.0
366 60.0
367 60.0
368 60.0
369 60.0
370 60.0
371 60.0
372 60.0
373 60.0
374 60.0
375 60.0
376 60.0
377 60.0
378 60.0
379 60.0
380 60.0
381 60.0
382 60.0
383 60.0
384 60.0
385 60.0
386 60.0
387 60.0
388 60.0
389 60.0
390 60.0
391 60.0
392 60.0
393 60.0
394 60.0
395 60.0
396 60.0
397 60.0
398 60.0
399 60.0
400 60.0
401 60.0
402 60.0
403 60.0
404 60.0
405 60.0
406 60.0
407 60.0
408 60.0
409 60.0
410 60.0
411 60.0
412 60.0
413 60.0
414 60.0
415 60.0
416 60.0
417 60.0
418 60.0
419 60.0
420 60.0
421 60.0
422 60.0
423 60.0
424 60.0
425 60.0
426 60.0
427 60.0
428 60.0
429 60.0
430 60.0
431 60.0
432 60.0
433 60.0
434 60.0
435 60.0
436 60.0
437 60.0
438 60.0
439 60.0
440 60.0
441 60.0
442 60.0
443 60.0
444 60.0
445 60.0
446 60.0
447 60.0
448 60.0
449 60.0
450 60.0
451 60.0
452 60.0
453 60.0
454 60.0
455 60.0
456 60.0
457 60.0
458 60.0
459 60.0
460 60.0
461 60.0
462 60.0
463 60.0
464 60.0
465 60.0
466 60.0
467 60.0
468 60.0
469 60.0
470 60.0
471 60.0
472 60.0
473 60.0
474 60.0
475 60.0
476 60.0
477 60.0
478 60.0
479 60.0
480 60.0
481 60.0
482 60.0
483 60.0
484 60.0
485 60.0
486 60.0
487 60.0
488 60.0
489 60.0
490 60.0
491 60.0
492 60.0
493 60.0
494 60.0
495 60.0
496 60.0
497 60.0
498 60.0
499 60.0
500 60.0
501 60.0
502 60.0
503 60.0
504 60.0
505 60.0
506 60.0
507 60.0
508 60.0
509 60.0
510 60.0
511 60.0
512 60.0
513 60.0
514 60.0
515 60.0
516 63.0
517 63.0
518 63.0
519 63.0
520 63.0
521 63.0
522 63.0
523 63.0
524 63.0
525 63.0
526 63.0
527 63.0
528 63.0
529 63.0
530 63.0
531 63.0
532 63.0
533 63.0
534 63.0
535 63.0
536 63.0
537 63.0
538 63.0
539 63.0
540 63.0
541 63.0
542 63.0
543 63.0
544 63.0
545 63.0
546 63.0
547 63.0
548 63.0
549 63.0
550 63.0
551 63.0
552 63.0
553 63.0
554 63.0
555 63.0
556 63.0
557 63.0
558 63.0
559 63.0
560 63.0
561 63.0
562 63.0
563 65.0
564 65.0
565 65.0
566 65.0
567 65.0
568 65.0
569 65.0
570 65.0
571 65.0
572 65.0
573 65.0
574 65.0
575 65.0
576 65.0
577 65.0
578 65.0
579 65.0
580 65.0
581 65.0
582 65.0
583 65.0
584 65.0
585 65.0
586 65.0
587 65.0
588 65.0
589 65.0
590 65.0
591 65.0
592 65.0
593 65.0
594 65.0
595 65.0
596 65.0
597 65.0
598 65.0
599 65.0
600 65.0
601 65.0
602 65.0
603 65.0
604 65.0
605 65.0
606 65.0
607 65.0
608 65.0
609 65.0
610 65.0
611 65.0
612 65.0
613 65.0
614 65.0
615 65.0
616 65.0
617 65.0
618 65.0
619 65.0
620 65.0
621 65.0
622 65.0
623 65.0
624 65.0
625 65.0
626 65.0
627 65.0
628 65.0
629 65.0
630 65.0
631 65.0
632 65.0
633 65.0
634 65.0
635 65.0
636 65.0
637 65.0
638 65.0
639 65.0
640 65.0
641 65.0
642 65.0
643 65.0
644 65.0
645 65.0
646 65.0
647 65.0
648 65.0
649 65.0
650 65.0
651 65.0
652 65.0
653 65.0
654 65.0
655 65.0
656 65.0
657 65.0
658 65.0
659 65.0
660 65.0
661 65.0
662 65.0
663 65.0
664 65.0
665 65.0
666 65.0
667 65.0
668 65.0
669 65.0
670 65.0
671 65.0
672 65.0
673 65.0
674 65.0
675 65.0
676 65.0
677 65.0
678 65.0
679 65.0
680 65.0
681 65.0
682 65.0
683 65.0
684 65.0
685 65.0
686 65.0
687 65.0
688 65.0
689 65.0
690 65.0
691 65.0
692 65.0
693 65.0
694 65.0
695 65.0
696 65.0
697 65.0
698 65.0
699 65.0
700 65.0
701 65.0
702 65.0
703 65.0
704 65.0
705 65.0
706 65.0
707 65.0
708 65.0
709 65.0
710 65.0
711 65.0
712 65.0
713 65.0
714 65.0
715 65.0
716 65.0
717 65.0
718 65.0
719 65.0
720 65.0
721 65.0
722 65.0
723 65.0
724 65.0
725 65.0
726 65.0
727 65.0
728 65.0
729 65.0
730 65.0
731 65.0
732 65.0
733 65.0
734 65.0
735 65.0
736 65.0
737 65.0
738 65.0
739 65.0
740 65.0
741 65.0
742 65.0
743 65.0
744 65.0
745 65.0
746 65.0
747 65.0
748 65.0
749 65.0
750 65.0
751 65.0
752 65.0
753 65.0
754 65.0
755 65.0
756 65.0
757 65.0
758 65.0
759 65.0
760 65.0
761 65.0
762 65.0
763 65.0
764 65.0
765 65.0
766 65.0
767 65.0
768 65.0
769 65.0
770 65.0
771 65.0
772 65.0
773 65.0
774 65.0
775 65.0
776 65.0
777 65.0
778 65.0
779 65.0
780 65.0
781 65.0
782 65.0
783 65.0
784 65.0
785 65.0
786 65.0
787 65.0
788 65.0
789 65.0
790 65.0
791 65.0
792 65.0
793 65.0
794 65.0
795 65.0
796 65.0
797 65.0
798 65.0
799 65.0
800 65.0
801 65.0
802 65.0
803 65.0
804 65.0
805 65.0
806 65.0
807 65.0
808 65.0
809 65.0
810 65.0
811 65.0
812 65.0
813 65.0
814 65.0
815 65.0
816 65.0
817 65.0
818 65.0
819 65.0
820 65.0
821 65.0
822 65.0
823 65.0
824 65.0
825 65.0
826 65.0
827 65.0
828 65.0
829 65.0
830 65.0
831 65.0
832 65.0
833 65.0
834 65.0
835 65.0
836 65.0
837 65.0
838 65.0
839 65.0
840 65.0
841 65.0
842 65.0
843 65.0
844 65.0
845 65.0
846 65.0
847 65.0
848 65.0
849 65.0
850 65.0
851 65.0
852 65.0
853 65.0
854 65.0
855 65.0
856 65.0
857 65.0
858 65.0
859 65.0
860 65.0
861 65.0
862 65.0
863 65.0
864 65.0
865 65.0
866 65.0
867 65.0
868 65.0
869 65.0
870 65.0
871 65.0
872 65.0
873 65.0
874 65.0
875 65.0
876 65.0
877 65.0
878 65.0
879 65.0
880 65.0
881 65.0
882 65.0
883 65.0
884 65.0
885 65.0
886 65.0
887 65.0
888 65.0
889 65.0
890 65.0
891 65.0
892 65.0
893 65.0
894 65.0
895 65.0
896 65.0
897 65.0
898 65.0
899 65.0
900 65.0
901 65.0
902 65.0
903 65.0
904 65.0
905 65.0
906 65.0
907 65.0
908 65.0
909 65.0
910 65.0
911 65.0
912 65.0
913 65.0
914 65.0
915 65.0
916 65.0
917 65.0
918 65.0
919 65.0
920 65.0
921 65.0
922 65.0
923 65.0
924 65.0
925 65.0
926 65.0
927 65.0
928 65.0
929 65.0
930 65.0
931 65.0
932 65.0
933 65.0
934 65.0
935 65.0
936 65.0
937 65.0
938 65.0
939 65.0
940 65.0
941 65.0
942 65.0
943 65.0
944 65.0
945 65.0
946 65.0
947 65.0
948 65.0
949 65.0
950 65.0
951 65.0
952 65.0
953 65.0
954 65.0
955 65.0
956 65.0
957 65.0
958 65.0
959 65.0
960 65.0
961 65.0
962 65.0
963 65.0
964 65.0
965 65.0
966 65.0
967 65.0
968 65.0
969 65.0
970 65.0
971 65.0
972 65.0
973 65.0
974 65.0
975 65.0
976 65.0
977 65.0
978 65.0
979 65.0
980 65.0
981 65.0
982 65.0
983 65.0
984 65.0
985 65.0
986 65.0
987 65.0
988 65.0
989 65.0
990 65.0
991 65.0
992 65.0
993 65.0
994 65.0
995 65.0
996 65.0
997 65.0
998 65.0
999 65.0
1000 65.0
1001 65.0
1002 65.0
1003 65.0
1004 65.0
1005 65.0
1006 65.0
1007 65.0
1008 65.0
1009 65.0
1010 65.0
1011 65.0
1012 65.0
1013 65.0
1014 65.0
1015 65.0
1016 65.0
1017 65.0
1018 65.0
1019 65.0
1020 65.0
1021 65.0
1022 65.0
1023 65.0
1024 65.0
1025 65.0
1026 65.0
1027 65.0
1028 65.0
1029 65.0
1030 65.0
1031 65.0
1032 65.0
1033 65.0
1034 65.0
1035 65.0
1036 65.0
1037 65.0
1038 65.0
1039 65.0
1040 65.0
1041 65.0
1042 65.0
1043 65.0
1044 65.0
1045 65.0
1046 65.0
1047 65.0
1048 65.0
1049 65.0
1050 65.0
1051 65.0
1052 65.0
1053 65.0
1054 65.0
1055 65.0
1056 65.0
1057 65.0
1058 65.0
1059 65.0
1060 65.0
1061 65.0
1062 65.0
1063 65.0
1064 65.0
1065 65.0
1066 65.0
1067 65.0
1068 65.0
1069 65.0
1070 65.0
1071 65.0
1072 65.0
1073 65.0
1074 65.0
1075 65.0
1076 65.0
1077 65.0
1078 65.0
1079 65.0
1080 65.0
1081 65.0
1082 65.0
1083 65.0
1084 65.0
1085 65.0
1086 65.0
1087 65.0
1088 65.0
1089 65.0
1090 65.0
1091 65.0
1092 65.0
1093 65.0
1094 65.0
1095 65.0
1096 65.0
1097 65.0
1098 65.0
1099 65.0
1100 65.0
1101 65.0
1102 65.0
1103 65.0
1104 65.0
1105 65.0
1106 65.0
1107 65.0
1108 65.0
1109 65.0
1110 65.0
1111 65.0
1112 65.0
1113 65.0
1114 65.0
1115 65.0
1116 65.0
1117 65.0
1118 65.0
1119 65.0
1120 65.0
1121 65.0
1122 65.0
1123 65.0
1124 65.0
1125 65.0
1126 65.0
1127 65.0
1128 65.0
1129 65.0
1130 65.0
1131 65.0
1132 65.0
1133 65.0
1134 65.0
1135 65.0
1136 65.0
1137 65.0
1138 65.0
1139 65.0
1140 65.0
1141 65.0
1142 65.0
1143 65.0
1144 65.0
1145 65.0
1146 65.0
1147 65.0
1148 65.0
1149 65.0
1150 65.0
1151 65.0
1152 65.0
1153 65.0
1154 65.0
1155 65.0
1156 65.0
1157 65.0
1158 65.0
1159 65.0
1160 65.0
1161 65.0
1162 65.0
1163 65.0
1164 65.0
1165 65.0
1166 65.0
1167 65.0
1168 65.0
1169 65.0
1170 65.0
1171 65.0
1172 65.0
1173 65.0
1174 65.0
1175 65.0
1176 65.0
1177 65.0
1178 65.0
1179 65.0
1180 65.0
1181 65.0
1182 65.0
1183 65.0
1184 65.0
1185 65.0
1186 65.0
1187 65.0
1188 65.0
1189 65.0
1190 65.0
1191 65.0
1192 65.0
1193 65.0
1194 65.0
1195 65.0
1196 65.0
1197 65.0
1198 65.0
1199 65.0
1200 65.0
1201 65.0
1202 65.0
1203 65.0
1204 65.0
1205 65.0
1206 65.0
1207 65.0
1208 65.0
1209 65.0
1210 65.0
1211 65.0
1212 65.0
1213 65.0
1214 65.0
1215 65.0
1216 65.0
1217 65.0
1218 65.0
1219 65.0
1220 65.0
1221 65.0
1222 65.0
1223 65.0
1224 65.0
1225 65.0
1226 65.0
1227 65.0
1228 65.0
1229 65.0
1230 65.0
1231 65.0
1232 65.0
1233 65.0
1234 65.0
1235 65.0
1236 65.0
1237 65.0
1238 65.0
1239 65.0
1240 65.0
1241 65.0
1242 65.0
1243 65.0
1244 65.0
1245 65.0
1246 65.0
1247 65.0
1248 65.0
1249 65.0
1250 65.0
1251 65.0
1252 65.0
1253 65.0
1254 65.0
1255 65.0
1256 65.0
1257 65.0
1258 65.0
1259 65.0
1260 65.0
1261 65.0
1262 65.0
1263 65.0
1264 65.0
1265 65.0
1266 65.0
1267 65.0
1268 65.0
1269 65.0
1270 65.0
1271 65.0
1272 65.0
1273 65.0
1274 65.0
1275 65.0
1276 65.0
1277 65.0
1278 65.0
1279 65.0
1280 65.0
1281 65.0
1282 65.0
1283 65.0
1284 65.0
1285 65.0
1286 65.0
1287 65.0
1288 65.0
1289 65.0
1290 65.0
1291 65.0
1292 65.0
1293 65.0
1294 65.0
1295 65.0
1296 65.0
1297 65.0
1298 65.0
1299 65.0
1300 65.0
1301 65.0
1302 65.0
1303 65.0
1304 65.0
1305 65.0
1306 65.0
1307 65.0
1308 65.0
1309 65.0
1310 65.0
1311 65.0
1312 65.0
1313 65.0
1314 65.0
1315 65.0
1316 65.0
1317 65.0
1318 65.0
1319 65.0
1320 65.0
1321 65.0
1322 65.0
1323 65.0
1324 65.0
1325 65.0
1326 65.0
1327 65.0
1328 65.0
1329 65.0
1330 65.0
1331 65.0
1332 65.0
1333 65.0
1334 65.0
1335 65.0
1336 65.0
1337 65.0
1338 65.0
1339 65.0
1340 65.0
1341 65.0
1342 65.0
1343 65.0
1344 65.0
1345 65.0
1346 65.0
1347 65.0
1348 65.0
1349 65.0
1350 65.0
1351 65.0
1352 65.0
1353 65.0
1354 65.0
1355 65.0
1356 65.0
1357 65.0
1358 65.0
1359 65.0
1360 65.0
1361 65.0
1362 65.0
1363 65.0
1364 65.0
1365 65.0
1366 65.0
1367 65.0
1368 65.0
1369 65.0
1370 65.0
1371 65.0
1372 65.0
1373 65.0
1374 65.0
1375 65.0
1376 65.0
1377 65.0
1378 65.0
1379 65.0
1380 65.0
1381 65.0
1382 65.0
1383 65.0
1384 65.0
1385 65.0
1386 65.0
1387 65.0
1388 65.0
1389 65.0
1390 65.0
1391 65.0
1392 65.0
1393 65.0
1394 65.0
1395 65.0
1396 65.0
1397 65.0
1398 65.0
1399 65.0
1400 65.0
1401 65.0
1402 65.0
1403 65.0
1404 65.0
1405 65.0
1406 65.0
1407 65.0
1408 65.0
1409 65.0
1410 65.0
1411 65.0
1412 65.0
1413 65.0
1414 65.0
1415 65.0
1416 65.0
1417 65.0
1418 65.0
1419 65.0
1420 65.0
1421 65.0
1422 65.0
1423 65.0
1424 65.0
1425 65.0
1426 65.0
1427 65.0
1428 65.0
1429 65.0
1430 65.0
1431 65.0
1432 65.0
1433 65.0
1434 65.0
1435 65.0
1436 65.0
1437 65.0
1438 65.0
1439 65.0
1440 65.0
1441 65.0
1442 65.0
1443 65.0
1444 65.0
1445 65.0
1446 65.0
1447 65.0
1448 65.0
1449 65.0
1450 65.0
1451 65.0
1452 65.0
1453 65.0
1454 65.0
1455 65.0
1456 65.0
1457 65.0
1458 65.0
1459 65.0
1460 65.0
1461 65.0
1462 65.0
1463 65.0
1464 65.0
1465 65.0
1466 65.0
1467 65.0
1468 65.0
1469 65.0
1470 65.0
1471 65.0
1472 65.0
1473 65.0
1474 65.0
1475 65.0
1476 65.0
1477 65.0
1478 65.0
1479 65.0
1480 65.0
1481 65.0
1482 65.0
1483 65.0
1484 65.0
1485 65.0
1486 65.0
1487 65.0
1488 65.0
1489 65.0
1490 65.0
1491 65.0
1492 65.0
1493 65.0
1494 65.0
1495 65.0
1496 65.0
1497 65.0
1498 65.0
1499 65.0
1500 65.0
1501 65.0
1502 65.0
1503 65.0
1504 65.0
1505 65.0
1506 65.0
1507 65.0
1508 65.0
1509 65.0
1510 65.0
1511 65.0
1512 65.0
1513 65.0
1514 65.0
1515 65.0
1516 65.0
1517 65.0
1518 65.0
1519 65.0
1520 65.0
1521 65.0
1522 65.0
1523 65.0
1524 65.0
1525 65.0
1526 65.0
1527 65.0
1528 65.0
1529 65.0
1530 65.0
1531 65.0
1532 65.0
1533 65.0
1534 65.0
1535 65.0
1536 65.0
1537 65.0
1538 65.0
1539 65.0
1540 65.0
1541 65.0
1542 65.0
1543 65.0
1544 65.0
1545 65.0
1546 65.0
1547 65.0
1548 65.0
1549 65.0
1550 65.0
1551 65.0
1552 65.0
1553 65.0
1554 65.0
1555 65.0
1556 65.0
1557 65.0
1558 65.0
1559 65.0
1560 65.0
1561 65.0
1562 65.0
1563 65.0
1564 65.0
1565 65.0
1566 65.0
1567 65.0
1568 65.0
1569 65.0
1570 65.0
1571 65.0
1572 65.0
1573 65.0
1574 65.0
1575 65.0
1576 65.0
1577 65.0
1578 65.0
1579 65.0
1580 65.0
1581 65.0
1582 65.0
1583 65.0
1584 65.0
1585 65.0
1586 65.0
1587 65.0
1588 65.0
1589 65.0
1590 65.0
1591 65.0
1592 65.0
1593 65.0
1594 65.0
1595 65.0
1596 65.0
1597 65.0
1598 65.0
1599 65.0
1600 65.0
1601 65.0
1602 65.0
1603 65.0
1604 65.0
1605 65.0
1606 65.0
1607 65.0
1608 65.0
1609 65.0
1610 65.0
1611 65.0
1612 65.0
1613 65.0
1614 65.0
1615 65.0
1616 65.0
1617 65.0
1618 65.0
1619 65.0
1620 65.0
1621 65.0
1622 65.0
1623 65.0
1624 65.0
1625 65.0
1626 65.0
1627 65.0
1628 65.0
1629 65.0
1630 65.0
1631 65.0
1632 65.0
1633 65.0
1634 65.0
1635 65.0
1636 65.0
1637 65.0
1638 65.0
1639 65.0
1640 65.0
1641 65.0
1642 65.0
1643 65.0
1644 65.0
1645 65.0
1646 65.0
1647 65.0
1648 65.0
1649 65.0
1650 65.0
1651 65.0
1652 65.0
1653 65.0
1654 65.0
1655 65.0
1656 65.0
1657 65.0
1658 65.0
1659 65.0
1660 65.0
1661 65.0
1662 65.0
1663 65.0
1664 65.0
1665 65.0
1666 65.0
1667 65.0
1668 65.0
1669 65.0
1670 65.0
1671 65.0
1672 65.0
1673 65.0
1674 65.0
1675 65.0
1676 65.0
1677 65.0
1678 65.0
1679 65.0
1680 65.0
1681 65.0
1682 65.0
1683 65.0
1684 65.0
1685 65.0
1686 65.0
1687 65.0
1688 65.0
1689 65.0
1690 65.0
1691 65.0
1692 65.0
1693 65.0
1694 65.0
1695 65.0
1696 65.0
1697 65.0
1698 65.0
1699 65.0
1700 65.0
1701 65.0
1702 65.0
1703 65.0
1704 65.0
1705 65.0
1706 65.0
1707 65.0
1708 65.0
1709 65.0
1710 65.0
1711 65.0
1712 65.0
1713 65.0
1714 65.0
1715 65.0
1716 65.0
1717 65.0
1718 65.0
1719 65.0
1720 65.0
1721 65.0
1722 65.0
1723 65.0
1724 65.0
1725 65.0
1726 65.0
1727 65.0
1728 65.0
1729 65.0
1730 65.0
1731 65.0
1732 65.0
1733 65.0
1734 65.0
1735 65.0
1736 65.0
1737 65.0
1738 65.0
1739 65.0
1740 65.0
1741 65.0
1742 65.0
1743 65.0
1744 65.0
1745 65.0
1746 65.0
1747 65.0
1748 65.0
1749 65.0
1750 65.0
1751 65.0
1752 65.0
1753 65.0
1754 65.0
1755 65.0
1756 65.0
1757 65.0
1758 65.0
1759 65.0
1760 65.0
1761 65.0
1762 65.0
1763 65.0
1764 65.0
1765 65.0
1766 65.0
1767 65.0
1768 65.0
1769 65.0
1770 65.0
1771 65.0
1772 65.0
1773 65.0
1774 65.0
1775 65.0
1776 65.0
1777 65.0
1778 65.0
1779 65.0
1780 65.0
1781 65.0
1782 65.0
1783 65.0
1784 65.0
1785 65.0
1786 65.0
1787 65.0
1788 65.0
1789 65.0
1790 65.0
1791 65.0
1792 65.0
1793 65.0
1794 65.0
1795 65.0
1796 65.0
1797 65.0
1798 65.0
1799 65.0
1800 65.0
1801 65.0
1802 65.0
1803 65.0
1804 65.0
1805 65.0
1806 65.0
1807 65.0
1808 65.0
1809 65.0
1810 65.0
1811 65.0
1812 65.0
1813 65.0
1814 65.0
1815 65.0
1816 65.0
1817 65.0
1818 65.0
1819 65.0
1820 65.0
1821 65.0
1822 65.0
1823 65.0
1824 65.0
1825 65.0
1826 65.0
1827 65.0
1828 65.0
1829 65.0
1830 65.0
1831 65.0
1832 65.0
1833 65.0
1834 65.0
1835 65.0
1836 65.0
1837 65.0
1838 65.0
1839 65.0
1840 65.0
1841 65.0
1842 65.0
1843 65.0
1844 65.0
1845 65.0
1846 65.0
1847 65.0
1848 65.0
1849 65.0
1850 65.0
1851 65.0
1852 65.0
1853 65.0
1854 65.0
1855 65.0
1856 65.0
1857 65.0
1858 65.0
1859 65.0
1860 65.0
1861 65.0
1862 65.0
1863 65.0
1864 65.0
1865 65.0
1866 65.0
1867 65.0
1868 65.0
1869 65.0
1870 65.0
1871 65.0
1872 65.0
1873 65.0
1874 65.0
1875 65.0
1876 65.0
1877 65.0
1878 65.0
1879 65.0
1880 65.0
1881 65.0
1882 65.0
1883 65.0
1884 65.0
1885 65.0
1886 65.0
1887 65.0
1888 65.0
1889 65.0
1890 65.0
1891 65.0
1892 65.0
1893 65.0
1894 65.0
1895 65.0
1896 65.0
1897 65.0
1898 65.0
1899 65.0
1900 65.0
1901 65.0
1902 65.0
1903 65.0
1904 65.0
1905 65.0
1906 65.0
1907 65.0
1908 65.0
1909 65.0
1910 65.0
1911 65.0
1912 65.0
1913 65.0
1914 65.0
1915 65.0
1916 65.0
1917 65.0
1918 65.0
1919 65.0
1920 65.0
1921 65.0
1922 65.0
1923 65.0
1924 65.0
1925 65.0
1926 65.0
1927 65.0
1928 65.0
1929 65.0
1930 65.0
1931 65.0
1932 65.0
1933 65.0
1934 65.0
1935 65.0
1936 65.0
1937 65.0
1938 65.0
1939 65.0
1940 65.0
1941 65.0
1942 65.0
1943 65.0
1944 65.0
1945 65.0
1946 65.0
1947 65.0
1948 65.0
1949 65.0
1950 65.0
1951 65.0
1952 65.0
1953 65.0
1954 65.0
1955 65.0
1956 65.0
1957 65.0
1958 65.0
1959 65.0
1960 65.0
1961 65.0
1962 65.0
1963 65.0
1964 65.0
1965 65.0
1966 65.0
1967 65.0
1968 65.0
1969 65.0
1970 65.0
1971 65.0
1972 65.0
1973 65.0
1974 65.0
1975 65.0
1976 65.0
1977 65.0
1978 65.0
1979 65.0
1980 65.0
1981 65.0
1982 65.0
1983 65.0
1984 65.0
1985 65.0
1986 65.0
1987 65.0
1988 65.0
1989 65.0
1990 65.0
1991 65.0
1992 65.0
1993 65.0
1994 65.0
1995 65.0
1996 65.0
1997 65.0
1998 65.0
1999 65.0
2000 65.0
2001 65.0
2002 65.0
2003 65.0
2004 65.0
2005 65.0
2006 65.0
2007 65.0
2008 65.0
2009 65.0
2010 65.0
2011 65.0
2012 65.0
2013 65.0
2014 65.0
2015 65.0
2016 65.0
2017 65.0
2018 65.0
2019 65.0
2020 65.0
2021 65.0
2022 65.0
2023 65.0
2024 65.0
2025 65.0
2026 65.0
2027 65.0
2028 65.0
2029 65.0
2030 65.0
2031 65.0
2032 65.0
2033 65.0
2034 65.0
2035 65.0
2036 65.0
2037 65.0
2038 65.0
2039 65.0
2040 65.0
2041 65.0
2042 65.0
2043 65.0
2044 65.0
2045 65.0
2046 65.0
2047 65.0
2048 65.0
2049 65.0
2050 65.0
2051 65.0
2052 65.0
2053 65.0
2054 65.0
2055 65.0
2056 65.0
2057 65.0
2058 65.0
2059 65.0
2060 65.0
2061 65.0
2062 65.0
2063 65.0
2064 65.0
2065 65.0
2066 65.0
2067 65.0
2068 65.0
2069 65.0
2070 65.0
2071 65.0
2072 65.0
2073 65.0
2074 65.0
2075 65.0
2076 65.0
2077 65.0
2078 65.0
2079 65.0
2080 65.0
2081 65.0
2082 65.0
2083 65.0
2084 65.0
2085 65.0
2086 65.0
2087 65.0
2088 65.0
2089 65.0
2090 65.0
2091 65.0
2092 65.0
2093 65.0
2094 65.0
2095 65.0
2096 65.0
2097 65.0
2098 65.0
2099 65.0
2100 65.0
2101 65.0
2102 65.0
2103 65.0
2104 65.0
2105 65.0
2106 65.0
2107 65.0
2108 65.0
2109 65.0
2110 65.0
2111 65.0
2112 65.0
2113 65.0
2114 65.0
2115 65.0
2116 65.0
2117 65.0
2118 65.0
2119 65.0
2120 65.0
2121 65.0
2122 65.0
2123 65.0
2124 65.0
2125 65.0
2126 65.0
2127 65.0
2128 65.0
2129 65.0
2130 65.0
2131 65.0
2132 65.0
2133 65.0
2134 65.0
2135 65.0
2136 65.0
2137 65.0
2138 65.0
2139 65.0
2140 65.0
2141 65.0
2142 65.0
2143 65.0
2144 65.0
2145 65.0
2146 65.0
2147 65.0
2148 65.0
2149 65.0
2150 65.0
2151 65.0
2152 65.0
2153 65.0
2154 65.0
2155 65.0
2156 65.0
2157 65.0
2158 65.0
2159 65.0
2160 65.0
2161 65.0
2162 65.0
2163 65.0
2164 65.0
2165 65.0
2166 65.0
2167 65.0
2168 65.0
2169 65.0
2170 65.0
2171 65.0
2172 65.0
2173 65.0
2174 65.0
2175 65.0
2176 65.0
2177 65.0
2178 65.0
2179 65.0
2180 65.0
2181 65.0
2182 65.0
2183 65.0
2184 65.0
2185 65.0
2186 65.0
2187 65.0
2188 65.0
2189 65.0
2190 65.0
2191 65.0
2192 65.0
2193 65.0
2194 65.0
2195 65.0
2196 65.0
2197 65.0
2198 65.0
2199 65.0
2200 65.0
2201 65.0
2202 65.0
2203 65.0
2204 65.0
2205 65.0
2206 65.0
2207 65.0
2208 65.0
2209 65.0
2210 65.0
2211 65.0
2212 65.0
2213 65.0
2214 65.0
2215 65.0
2216 65.0
2217 65.0
2218 65.0
2219 65.0
2220 65.0
2221 65.0
2222 65.0
2223 65.0
2224 65.0
2225 65.0
2226 65.0
2227 65.0
2228 65.0
2229 65.0
2230 65.0
2231 65.0
2232 65.0
2233 65.0
2234 65.0
2235 65.0
2236 65.0
2237 65.0
2238 65.0
2239 65.0
2240 65.0
2241 65.0
2242 65.0
2243 65.0
2244 65.0
2245 65.0
2246 65.0
2247 65.0
2248 65.0
2249 65.0
2250 65.0
2251 65.0
2252 65.0
2253 65.0
2254 65.0
2255 65.0
2256 65.0
2257 65.0
2258 65.0
2259 65.0
2260 65.0
2261 65.0
2262 65.0
2263 65.0
2264 65.0
2265 65.0
2266 65.0
2267 65.0
2268 65.0
2269 65.0
2270 65.0
2271 65.0
2272 65.0
2273 65.0
2274 65.0
2275 65.0
2276 65.0
2277 65.0
2278 65.0
2279 65.0
2280 65.0
2281 65.0
2282 65.0
2283 65.0
2284 65.0
2285 65.0
2286 65.0
2287 65.0
2288 65.0
2289 65.0
2290 65.0
2291 65.0
2292 65.0
2293 65.0
2294 65.0
2295 65.0
2296 65.0
2297 65.0
2298 65.0
2299 65.0
2300 65.0
2301 65.0
2302 65.0
2303 65.0
2304 65.0
2305 65.0
2306 65.0
2307 65.0
2308 65.0
2309 65.0
2310 65.0
2311 65.0
2312 65.0
2313 65.0
2314 65.0
2315 65.0
2316 65.0
2317 65.0
2318 65.0
2319 65.0
2320 65.0
2321 65.0
2322 65.0
2323 65.0
2324 65.0
2325 65.0
2326 65.0
2327 65.0
2328 65.0
2329 65.0
2330 65.0
2331 65.0
2332 65.0
2333 65.0
2334 65.0
2335 65.0
2336 65.0
2337 65.0
2338 65.0
2339 65.0
2340 65.0
2341 65.0
2342 65.0
2343 65.0
2344 65.0
2345 65.0
2346 65.0
2347 65.0
2348 65.0
2349 65.0
2350 65.0
2351 65.0
2352 65.0
2353 65.0
2354 65.0
2355 65.0
2356 65.0
2357 65.0
2358 65.0
2359 65.0
2360 65.0
2361 65.0
2362 65.0
2363 65.0
2364 65.0
2365 65.0
2366 65.0
2367 65.0
2368 65.0
2369 65.0
2370 65.0
2371 65.0
2372 65.0
2373 65.0
2374 65.0
2375 65.0
2376 65.0
2377 65.0
2378 65.0
2379 65.0
2380 65.0
2381 65.0
2382 65.0
2383 65.0
2384 65.0
2385 65.0
2386 65.0
2387 65.0
2388 65.0
2389 65.0
2390 65.0
2391 65.0
2392 65.0
2393 65.0
2394 65.0
2395 65.0
2396 65.0
2397 65.0
2398 65.0
2399 65.0
2400 65.0
2401 65.0
2402 65.0
2403 65.0
2404 65.0
2405 65.0
2406 65.0
2407 65.0
2408 65.0
2409 65.0
2410 65.0
2411 65.0
2412 65.0
2413 65.0
2414 65.0
2415 65.0
2416 65.0
2417 65.0
2418 65.0
2419 65.0
2420 65.0
2421 65.0
2422 65.0
2423 65.0
2424 65.0
2425 65.0
2426 65.0
2427 65.0
2428 65.0
2429 65.0
2430 65.0
2431 65.0
2432 65.0
2433 65.0
2434 65.0
2435 65.0
2436 65.0
2437 65.0
2438 65.0
2439 65.0
2440 65.0
2441 65.0
2442 65.0
2443 65.0
2444 65.0
2445 65.0
2446 65.0
2447 65.0
2448 65.0
2449 65.0
2450 65.0
2451 65.0
2452 65.0
2453 65.0
2454 65.0
2455 65.0
2456 65.0
2457 65.0
2458 65.0
2459 65.0
2460 65.0
2461 65.0
2462 65.0
2463 65.0
2464 65.0
2465 65.0
2466 65.0
2467 65.0
2468 65.0
2469 65.0
2470 65.0
2471 65.0
2472 65.0
2473 65.0
2474 65.0
2475 65.0
2476 65.0
2477 65.0
2478 65.0
2479 65.0
2480 65.0
2481 65.0
2482 65.0
2483 65.0
2484 65.0
2485 65.0
2486 65.0
2487 65.0
2488 65.0
2489 65.0
2490 65.0
2491 65.0
2492 65.0
2493 65.0
2494 65.0
2495 65.0
2496 65.0
2497 65.0
2498 65.0
2499 65.0
2500 65.0
2501 65.0
2502 65.0
2503 65.0
2504 65.0
2505 65.0
2506 65.0
2507 65.0
2508 65.0
2509 65.0
2510 65.0
2511 65.0
2512 65.0
2513 65.0
2514 65.0
2515 65.0
2516 65.0
2517 65.0
2518 65.0
2519 65.0
2520 65.0
2521 65.0
2522 65.0
2523 65.0
2524 65.0
2525 65.0
2526 65.0
2527 65.0
2528 65.0
2529 65.0
2530 65.0
2531 65.0
2532 65.0
2533 65.0
2534 65.0
2535 65.0
2536 65.0
2537 65.0
2538 65.0
2539 65.0
2540 65.0
2541 65.0
2542 65.0
2543 65.0
2544 65.0
2545 65.0
2546 65.0
2547 65.0
2548 65.0
2549 65.0
2550 65.0
2551 65.0
2552 65.0
2553 65.0
2554 65.0
2555 65.0
2556 65.0
2557 65.0
2558 65.0
2559 65.0
2560 65.0
2561 65.0
2562 65.0
2563 65.0
2564 65.0
2565 65.0
2566 65.0
2567 65.0
2568 65.0
2569 65.0
2570 65.0
2571 65.0
2572 65.0
2573 65.0
2574 65.0
2575 65.0
2576 65.0
2577 65.0
2578 65.0
2579 65.0
2580 65.0
2581 65.0
2582 65.0
2583 65.0
2584 65.0
2585 65.0
2586 65.0
2587 65.0
2588 65.0
2589 65.0
2590 65.0
2591 65.0
2592 65.0
2593 65.0
2594 65.0
2595 65.0
2596 65.0
2597 65.0
2598 65.0
2599 65.0
2600 65.0
2601 65.0
2602 65.0
2603 65.0
2604 65.0
2605 65.0
2606 65.0
2607 65.0
2608 65.0
2609 65.0
2610 65.0
2611 65.0
2612 65.0
2613 65.0
2614 65.0
2615 65.0
2616 65.0
2617 65.0
2618 65.0
2619 65.0
2620 65.0
2621 65.0
2622 65.0
2623 65.0
2624 65.0
2625 65.0
2626 65.0
2627 65.0
2628 65.0
2629 65.0
2630 65.0
2631 65.0
2632 65.0
2633 65.0
2634 65.0
2635 65.0
2636 65.0
2637 65.0
2638 65.0
2639 65.0
2640 65.0
2641 65.0
2642 65.0
2643 65.0
2644 65.0
2645 65.0
2646 65.0
2647 65.0
2648 65.0
2649 65.0
2650 65.0
2651 65.0
2652 65.0
2653 65.0
2654 65.0
2655 65.0
2656 65.0
2657 65.0
2658 65.0
2659 65.0
2660 65.0
2661 65.0
2662 65.0
2663 65.0
2664 65.0
2665 65.0
2666 65.0
2667 65.0
2668 65.0
2669 65.0
2670 65.0
2671 65.0
2672 65.0
2673 65.0
2674 65.0
2675 65.0
2676 65.0
2677 65.0
2678 65.0
2679 65.0
2680 65.0
2681 65.0
2682 65.0
2683 65.0
2684 65.0
2685 65.0
2686 65.0
2687 65.0
2688 65.0
2689 65.0
2690 65.0
2691 65.0
2692 65.0
2693 65.0
2694 65.0
2695 65.0
2696 65.0
2697 65.0
2698 65.0
2699 65.0
2700 65.0
2701 65.0
2702 65.0
2703 65.0
2704 65.0
2705 65.0
2706 65.0
2707 65.0
2708 65.0
2709 65.0
2710 65.0
2711 65.0
2712 65.0
2713 65.0
2714 65.0
2715 65.0
2716 65.0
2717 65.0
2718 65.0
2719 65.0
2720 65.0
2721 65.0
2722 65.0
2723 65.0
2724 65.0
2725 65.0
2726 65.0
2727 65.0
2728 65.0
2729 65.0
2730 65.0
2731 65.0
2732 65.0
2733 65.0
2734 65.0
2735 65.0
2736 65.0
2737 65.0
2738 65.0
2739 65.0
2740 65.0
2741 65.0
2742 65.0
2743 65.0
2744 65.0
2745 65.0
2746 65.0
2747 65.0
2748 65.0
2749 65.0
2750 65.0
2751 65.0
2752 65.0
2753 65.0
2754 65.0
2755 65.0
2756 65.0
2757 65.0
2758 65.0
2759 65.0
2760 65.0
2761 65.0
2762 65.0
2763 65.0
2764 65.0
2765 65.0
2766 65.0
2767 65.0
2768 65.0
2769 65.0
2770 65.0
2771 65.0
2772 65.0
2773 65.0
2774 65.0
2775 65.0
2776 65.0
2777 65.0
2778 65.0
2779 65.0
2780 65.0
2781 65.0
2782 65.0
2783 65.0
2784 65.0
2785 65.0
2786 65.0
2787 65.0
2788 65.0
2789 65.0
2790 65.0
2791 65.0
2792 65.0
2793 65.0
2794 65.0
2795 65.0
2796 65.0
2797 65.0
2798 65.0
2799 65.0
2800 65.0
2801 65.0
2802 65.0
2803 65.0
2804 65.0
2805 65.0
2806 65.0
2807 65.0
2808 65.0
2809 65.0
2810 65.0
2811 65.0
2812 65.0
2813 65.0
2814 65.0
2815 65.0
2816 65.0
2817 65.0
2818 65.0
2819 65.0
2820 65.0
2821 65.0
2822 65.0
2823 65.0
2824 65.0
2825 65.0
2826 65.0
2827 65.0
2828 65.0
2829 65.0
2830 65.0
2831 65.0
2832 65.0
2833 65.0
2834 65.0
2835 65.0
2836 65.0
2837 65.0
2838 65.0
2839 65.0
2840 65.0
2841 65.0
2842 65.0
2843 65.0
2844 65.0
2845 65.0
2846 65.0
2847 65.0
2848 65.0
2849 65.0
2850 65.0
2851 65.0
2852 65.0
2853 65.0
2854 65.0
2855 65.0
2856 65.0
2857 66.0
2858 66.0
2859 66.0
2860 66.0
2861 66.0
2862 66.0
2863 66.0
2864 66.0
2865 66.0
2866 66.0
2867 66.0
2868 66.0
2869 66.0
2870 66.0
2871 66.0
2872 66.0
2873 66.0
2874 66.0
2875 66.0
2876 66.0
2877 66.0
2878 66.0
2879 66.0
2880 66.0
2881 66.0
2882 66.0
2883 66.0
2884 66.0
2885 66.0
2886 66.0
2887 66.0
2888 66.0
2889 66.0
2890 66.0
2891 66.0
2892 66.0
2893 66.0
2894 66.0
2895 66.0
2896 66.0
2897 66.0
2898 66.0
2899 66.0
2900 66.0
2901 66.0
2902 66.0
2903 66.0
2904 66.0
2905 66.0
2906 66.0
2907 66.0
2908 66.0
2909 66.0
2910 66.0
2911 66.0
2912 66.0
2913 66.0
2914 66.0
2915 66.0
2916 66.0
2917 66.0
2918 66.0
2919 66.0
2920 66.0
2921 66.0
2922 66.0
2923 66.0
2924 66.0
2925 66.0
2926 66.0
2927 66.0
2928 66.0
2929 66.0
2930 66.0
2931 66.0
2932 66.0
2933 66.0
2934 66.0
2935 66.0
2936 66.0
2937 66.0
2938 66.0
2939 66.0
2940 66.0
2941 66.0
2942 66.0
2943 66.0
2944 66.0
2945 66.0
2946 66.0
2947 66.0
2948 66.0
2949 66.0
2950 66.0
2951 66.0
2952 66.0
2953 66.0
2954 66.0
2955 66.0
2956 66.0
2957 66.0
2958 66.0
2959 66.0
2960 66.0
2961 66.0
2962 66.0
2963 66.0
2964 66.0
2965 66.0
2966 66.0
2967 66.0
2968 66.0
2969 66.0
2970 66.0
2971 66.0
2972 66.0
2973 66.0
2974 66.0
2975 66.0
2976 66.0
2977 66.0
2978 66.0
2979 66.0
2980 66.0
2981 66.0
2982 66.0
2983 66.0
2984 66.0
2985 66.0
2986 66.0
2987 66.0
2988 66.0
2989 66.0
2990 66.0
2991 66.0
2992 66.0
2993 66.0
2994 66.0
2995 66.0
2996 66.0
2997 66.0
2998 66.0
2999 66.0
3000 66.0
3001 66.0
3002 66.0
3003 66.0
3004 66.0
3005 66.0
3006 66.0
3007 66.0
3008 66.0
3009 66.0
3010 66.0
3011 66.0
3012 66.0
3013 66.0
3014 66.0
3015 66.0
3016 66.0
3017 66.0
3018 66.0
3019 66.0
3020 66.0
3021 66.0
3022 66.0
3023 66.0
3024 66.0
3025 66.0
3026 66.0
3027 66.0
3028 66.0
3029 66.0
3030 66.0
3031 66.0
3032 66.0
3033 66.0
3034 66.0
3035 66.0
3036 66.0
3037 66.0
3038 66.0
3039 66.0
3040 66.0
3041 66.0
3042 66.0
3043 66.0
3044 66.0
3045 66.0
3046 66.0
3047 66.0
3048 66.0
3049 66.0
3050 66.0
3051 66.0
3052 66.0
3053 66.0
3054 66.0
3055 66.0
3056 66.0
3057 66.0
3058 66.0
3059 66.0
3060 66.0
3061 66.0
3062 66.0
3063 66.0
3064 66.0
3065 66.0
3066 66.0
3067 66.0
3068 66.0
3069 66.0
3070 66.0
3071 66.0
3072 66.0
3073 66.0
3074 66.0
3075 66.0
3076 66.0
3077 66.0
3078 66.0
3079 66.0
3080 66.0
3081 66.0
3082 66.0
3083 66.0
3084 66.0
3085 66.0
3086 66.0
3087 66.0
3088 66.0
3089 66.0
3090 66.0
3091 66.0
3092 66.0
3093 66.0
3094 66.0
3095 66.0
3096 66.0
3097 66.0
3098 66.0
3099 66.0
3100 66.0
3101 66.0
3102 66.0
3103 66.0
3104 66.0
3105 66.0
3106 66.0
3107 66.0
3108 66.0
3109 66.0
3110 66.0
3111 66.0
3112 66.0
3113 66.0
3114 66.0
3115 66.0
3116 66.0
3117 66.0
3118 66.0
3119 66.0
3120 66.0
3121 66.0
3122 66.0
3123 66.0
3124 66.0
3125 66.0
3126 66.0
3127 66.0
3128 66.0
3129 66.0
3130 66.0
3131 66.0
3132 66.0
3133 66.0
3134 66.0
3135 66.0
3136 66.0
3137 66.0
3138 66.0
3139 66.0
3140 66.0
3141 66.0
3142 66.0
3143 66.0
3144 66.0
3145 66.0
3146 66.0
3147 66.0
3148 66.0
3149 66.0
3150 66.0
3151 66.0
3152 66.0
3153 66.0
3154 66.0
3155 66.0
3156 66.0
3157 66.0
3158 66.0
3159 66.0
3160 66.0
3161 66.0
3162 66.0
3163 66.0
3164 66.0
3165 66.0
3166 66.0
3167 66.0
3168 66.0
3169 66.0
3170 66.0
3171 66.0
3172 66.0
3173 66.0
3174 66.0
3175 66.0
3176 66.0
3177 66.0
3178 66.0
3179 66.0
3180 66.0
3181 66.0
3182 66.0
3183 66.0
3184 66.0
3185 66.0
3186 66.0
3187 66.0
3188 66.0
3189 66.0
3190 66.0
3191 66.0
3192 66.0
3193 66.0
3194 66.0
3195 66.0
3196 66.0
3197 66.0
3198 66.0
3199 66.0
3200 66.0
3201 66.0
3202 66.0
3203 66.0
3204 66.0
3205 66.0
3206 66.0
3207 66.0
3208 66.0
3209 66.0
3210 66.0
3211 66.0
3212 66.0
3213 66.0
3214 66.0
3215 66.0
3216 66.0
3217 66.0
3218 66.0
3219 66.0
3220 66.0
3221 66.0
3222 66.0
3223 66.0
3224 66.0
3225 66.0
3226 66.0
3227 66.0
3228 66.0
3229 66.0
3230 66.0
3231 66.0
3232 66.0
3233 66.0
3234 66.0
3235 66.0
3236 66.0
3237 66.0
3238 66.0
3239 66.0
3240 66.0
3241 66.0
3242 66.0
3243 66.0
3244 66.0
3245 66.0
3246 66.0
3247 66.0
3248 66.0
3249 66.0
3250 66.0
3251 66.0
3252 66.0
3253 66.0
3254 66.0
3255 66.0
3256 66.0
3257 66.0
3258 66.0
3259 66.0
3260 66.0
3261 66.0
3262 66.0
3263 66.0
3264 66.0
3265 66.0
3266 66.0
3267 66.0
3268 66.0
3269 66.0
3270 66.0
3271 66.0
3272 66.0
3273 66.0
3274 66.0
3275 66.0
3276 66.0
3277 66.0
3278 66.0
3279 66.0
3280 66.0
3281 66.0
3282 66.0
3283 66.0
3284 66.0
3285 66.0
3286 66.0
3287 66.0
3288 66.0
3289 66.0
3290 66.0
3291 66.0
3292 66.0
3293 66.0
3294 66.0
3295 66.0
3296 66.0
3297 66.0
3298 66.0
3299 66.0
3300 66.0
3301 66.0
3302 66.0
3303 66.0
3304 66.0
3305 66.0
3306 66.0
3307 66.0
3308 66.0
3309 66.0
3310 66.0
3311 66.0
3312 66.0
3313 66.0
3314 66.0
3315 66.0
3316 66.0
3317 66.0
3318 66.0
3319 66.0
3320 66.0
3321 66.0
3322 66.0
3323 66.0
3324 66.0
3325 66.0
3326 66.0
3327 66.0
3328 66.0
3329 66.0
3330 66.0
3331 66.0
3332 66.0
3333 66.0
3334 66.0
3335 66.0
3336 66.0
3337 66.0
3338 66.0
3339 66.0
3340 66.0
3341 66.0
3342 66.0
3343 66.0
3344 66.0
3345 66.0
3346 66.0
3347 66.0
3348 66.0
3349 66.0
3350 66.0
3351 66.0
3352 66.0
3353 66.0
3354 66.0
3355 66.0
3356 66.0
3357 66.0
3358 66.0
3359 66.0
3360 66.0
3361 66.0
3362 66.0
3363 66.0
3364 66.0
3365 66.0
3366 66.0
3367 66.0
3368 66.0
3369 66.0
3370 66.0
3371 66.0
3372 66.0
3373 66.0
3374 66.0
3375 66.0
3376 66.0
3377 66.0
3378 66.0
3379 66.0
3380 66.0
3381 66.0
3382 66.0
3383 66.0
3384 66.0
3385 66.0
3386 66.0
3387 66.0
3388 66.0
3389 66.0
3390 66.0
3391 66.0
3392 66.0
3393 66.0
3394 66.0
3395 66.0
3396 66.0
3397 66.0
3398 66.0
3399 66.0
3400 66.0
3401 66.0
3402 66.0
3403 66.0
3404 66.0
3405 66.0
3406 66.0
3407 66.0
3408 66.0
3409 66.0
3410 66.0
3411 66.0
3412 66.0
3413 66.0
3414 66.0
3415 66.0
3416 66.0
3417 66.0
3418 66.0
3419 66.0
3420 66.0
3421 66.0
3422 66.0
3423 66.0
3424 66.0
3425 66.0
3426 66.0
3427 66.0
3428 66.0
3429 66.0
3430 66.0
3431 66.0
3432 66.0
3433 66.0
3434 66.0
3435 66.0
3436 66.0
3437 66.0
3438 66.0
3439 66.0
3440 66.0
3441 66.0
3442 66.0
3443 66.0
3444 66.0
3445 66.0
3446 66.0
3447 66.0
3448 66.0
3449 66.0
3450 66.0
3451 66.0
3452 66.0
3453 66.0
3454 66.0
3455 66.0
3456 66.0
3457 66.0
3458 66.0
3459 66.0
3460 66.0
3461 66.0
3462 66.0
3463 66.0
3464 66.0
3465 66.0
3466 66.0
3467 66.0
3468 66.0
3469 66.0
3470 66.0
3471 66.0
3472 66.0
3473 66.0
3474 66.0
3475 66.0
3476 66.0
3477 66.0
3478 66.0
3479 66.0
3480 66.0
3481 66.0
3482 66.0
3483 66.0
3484 66.0
3485 66.0
3486 66.0
3487 66.0
3488 66.0
3489 66.0
3490 66.0
3491 66.0
3492 66.0
3493 66.0
3494 66.0
3495 66.0
3496 66.0
3497 66.0
3498 66.0
3499 66.0
3500 66.0
3501 66.0
3502 66.0
3503 66.0
3504 66.0
3505 66.0
3506 66.0
3507 66.0
3508 66.0
3509 66.0
3510 66.0
3511 66.0
3512 66.0
3513 66.0
3514 66.0
3515 66.0
3516 66.0
3517 66.0
3518 66.0
3519 66.0
3520 66.0
3521 66.0
3522 66.0
3523 66.0
3524 66.0
3525 66.0
3526 66.0
3527 66.0
3528 66.0
3529 66.0
3530 66.0
3531 66.0
3532 66.0
3533 66.0
3534 66.0
3535 66.0
3536 66.0
3537 66.0
3538 66.0
3539 66.0
3540 66.0
3541 66.0
3542 66.0
3543 66.0
3544 66.0
3545 66.0
3546 66.0
3547 66.0
3548 66.0
3549 66.0
3550 66.0
3551 66.0
3552 66.0
3553 66.0
3554 66.0
3555 66.0
3556 66.0
3557 66.0
3558 66.0
3559 66.0
3560 66.0
3561 66.0
3562 66.0
3563 66.0
3564 66.0
3565 66.0
3566 66.0
3567 66.0
3568 66.0
3569 66.0
3570 66.0
3571 66.0
3572 66.0
3573 66.0
3574 66.0
3575 66.0
3576 66.0
3577 66.0
3578 66.0
3579 66.0
3580 66.0
3581 66.0
3582 66.0
3583 66.0
3584 66.0
3585 66.0
3586 66.0
3587 66.0
3588 66.0
3589 66.0
3590 66.0
3591 66.0
3592 66.0
3593 66.0
3594 66.0
3595 66.0
3596 66.0
3597 66.0
3598 66.0
3599 66.0
3600 66.0
3601 66.0
3602 66.0
3603 66.0
3604 66.0
3605 66.0
3606 66.0
3607 66.0
3608 66.0
3609 66.0
3610 66.0
3611 66.0
3612 66.0
3613 66.0
3614 66.0
3615 66.0
3616 66.0
3617 66.0
3618 66.0
3619 66.0
3620 66.0
3621 66.0
3622 66.0
3623 66.0
3624 66.0
3625 66.0
3626 66.0
3627 66.0
3628 66.0
3629 66.0
3630 66.0
3631 66.0
3632 66.0
3633 66.0
3634 66.0
3635 66.0
3636 66.0
3637 66.0
3638 66.0
3639 66.0
3640 66.0
3641 66.0
3642 66.0
3643 66.0
3644 66.0
3645 66.0
3646 66.0
3647 66.0
3648 66.0
3649 66.0
3650 66.0
3651 66.0
3652 66.0
3653 66.0
3654 66.0
3655 66.0
3656 66.0
3657 66.0
3658 66.0
3659 66.0
3660 66.0
3661 66.0
3662 66.0
3663 66.0
3664 66.0
3665 66.0
3666 66.0
3667 66.0
3668 66.0
3669 66.0
3670 66.0
3671 66.0
3672 66.0
3673 66.0
3674 66.0
3675 66.0
3676 66.0
3677 66.0
3678 66.0
3679 66.0
3680 66.0
3681 66.0
3682 66.0
3683 66.0
3684 66.0
3685 66.0
3686 66.0
3687 66.0
3688 66.0
3689 66.0
3690 66.0
3691 66.0
3692 66.0
3693 66.0
3694 66.0
3695 66.0
3696 66.0
3697 66.0
3698 66.0
3699 66.0
3700 66.0
3701 66.0
3702 66.0
3703 66.0
3704 66.0
3705 66.0
3706 66.0
3707 66.0
3708 66.0
3709 66.0
3710 66.0
3711 66.0
3712 66.0
3713 66.0
3714 66.0
3715 66.0
3716 66.0
3717 66.0
3718 66.0
3719 66.0
3720 66.0
3721 66.0
3722 66.0
3723 66.0
3724 66.0
3725 66.0
3726 66.0
3727 66.0
3728 66.0
3729 66.0
3730 66.0
3731 66.0
3732 66.0
3733 66.0
3734 66.0
3735 66.0
3736 66.0
3737 66.0
3738 66.0
3739 66.0
3740 66.0
3741 66.0
3742 66.0
3743 66.0
3744 66.0
3745 66.0
3746 66.0
3747 66.0
3748 66.0
3749 66.0
3750 66.0
3751 66.0
3752 66.0
3753 66.0
3754 66.0
3755 66.0
3756 66.0
3757 66.0
3758 66.0
3759 66.0
3760 66.0
3761 66.0
3762 66.0
3763 66.0
3764 66.0
3765 66.0
3766 66.0
3767 66.0
3768 66.0
3769 66.0
3770 66.0
3771 66.0
3772 66.0
3773 66.0
3774 66.0
3775 66.0
3776 66.0
3777 66.0
3778 66.0
3779 66.0
3780 66.0
3781 66.0
3782 66.0
3783 66.0
3784 66.0
3785 66.0
3786 66.0
3787 66.0
3788 66.0
3789 66.0
3790 66.0
3791 66.0
3792 66.0
3793 66.0
3794 66.0
3795 66.0
3796 66.0
3797 66.0
3798 66.0
3799 66.0
3800 66.0
3801 66.0
3802 66.0
3803 66.0
3804 66.0
3805 66.0
3806 66.0
3807 66.0
3808 66.0
3809 66.0
3810 66.0
3811 66.0
3812 66.0
3813 66.0
3814 66.0
3815 66.0
3816 66.0
3817 66.0
3818 66.0
3819 66.0
3820 66.0
3821 66.0
3822 66.0
3823 66.0
3824 66.0
3825 66.0
3826 66.0
3827 66.0
3828 66.0
3829 66.0
3830 66.0
3831 66.0
3832 66.0
3833 66.0
3834 66.0
3835 66.0
3836 66.0
3837 66.0
3838 66.0
3839 66.0
3840 66.0
3841 66.0
3842 66.0
3843 66.0
3844 66.0
3845 66.0
3846 66.0
3847 66.0
3848 66.0
3849 66.0
3850 66.0
3851 66.0
3852 66.0
3853 66.0
3854 66.0
3855 66.0
3856 66.0
3857 66.0
3858 66.0
3859 66.0
3860 66.0
3861 66.0
3862 66.0
3863 66.0
3864 66.0
3865 66.0
3866 66.0
3867 66.0
3868 66.0
3869 66.0
3870 66.0
3871 66.0
3872 66.0
3873 66.0
3874 66.0
3875 66.0
3876 66.0
3877 66.0
3878 66.0
3879 66.0
3880 66.0
3881 66.0
3882 66.0
3883 66.0
3884 66.0
3885 66.0
3886 66.0
3887 66.0
3888 66.0
3889 66.0
3890 66.0
3891 66.0
3892 66.0
3893 66.0
3894 66.0
3895 66.0
3896 66.0
3897 66.0
3898 66.0
3899 66.0
3900 66.0
3901 66.0
3902 66.0
3903 66.0
3904 66.0
3905 66.0
3906 66.0
3907 66.0
3908 66.0
3909 66.0
3910 66.0
3911 66.0
3912 66.0
3913 66.0
3914 66.0
3915 66.0
3916 66.0
3917 66.0
3918 66.0
3919 66.0
3920 66.0
3921 66.0
3922 66.0
3923 66.0
3924 66.0
3925 66.0
3926 66.0
3927 66.0
3928 66.0
3929 66.0
3930 66.0
3931 66.0
3932 66.0
3933 66.0
3934 66.0
3935 66.0
3936 66.0
3937 66.0
3938 66.0
3939 66.0
3940 66.0
3941 66.0
3942 66.0
3943 66.0
3944 66.0
3945 66.0
3946 66.0
3947 66.0
3948 66.0
3949 66.0
3950 66.0
3951 66.0
3952 66.0
3953 66.0
3954 66.0
3955 66.0
3956 66.0
3957 66.0
3958 66.0
3959 66.0
3960 66.0
3961 66.0
3962 66.0
3963 66.0
3964 66.0
3965 66.0
3966 66.0
3967 66.0
3968 66.0
3969 66.0
3970 66.0
3971 66.0
3972 66.0
3973 66.0
3974 66.0
3975 66.0
3976 66.0
3977 66.0
3978 66.0
3979 66.0
3980 66.0
3981 66.0
3982 66.0
3983 66.0
3984 66.0
3985 66.0
3986 66.0
3987 66.0
3988 66.0
3989 66.0
3990 66.0
3991 66.0
3992 66.0
3993 66.0
3994 66.0
3995 66.0
3996 66.0
3997 66.0
3998 66.0
3999 66.0
4000 66.0
4001 66.0
4002 66.0
4003 66.0
4004 66.0
4005 66.0
4006 66.0
4007 66.0
4008 66.0
4009 66.0
4010 66.0
4011 66.0
4012 66.0
4013 66.0
4014 66.0
4015 66.0
4016 66.0
4017 66.0
4018 66.0
4019 66.0
4020 66.0
4021 66.0
4022 66.0
4023 66.0
4024 66.0
4025 66.0
4026 66.0
4027 66.0
4028 66.0
4029 66.0
4030 66.0
4031 66.0
4032 66.0
4033 66.0
4034 66.0
4035 66.0
4036 66.0
4037 66.0
4038 66.0
4039 66.0
4040 66.0
4041 66.0
4042 66.0
4043 66.0
4044 66.0
4045 66.0
4046 66.0
4047 66.0
4048 66.0
4049 66.0
4050 66.0
4051 66.0
4052 66.0
4053 66.0
4054 66.0
4055 66.0
4056 66.0
4057 66.0
4058 66.0
4059 66.0
4060 66.0
4061 66.0
4062 66.0
4063 66.0
4064 66.0
4065 66.0
4066 66.0
4067 66.0
4068 66.0
4069 66.0
4070 66.0
4071 66.0
4072 66.0
4073 66.0
4074 66.0
4075 66.0
4076 66.0
4077 66.0
4078 66.0
4079 66.0
4080 66.0
4081 66.0
4082 66.0
4083 66.0
4084 66.0
4085 66.0
4086 66.0
4087 66.0
4088 66.0
4089 66.0
4090 66.0
4091 66.0
4092 66.0
4093 66.0
4094 66.0
4095 66.0
4096 66.0
4097 66.0
4098 66.0
4099 66.0
4100 66.0
4101 66.0
4102 66.0
4103 66.0
4104 66.0
4105 66.0
4106 66.0
4107 66.0
4108 66.0
4109 66.0
4110 66.0
4111 66.0
4112 66.0
4113 66.0
4114 66.0
4115 66.0
4116 66.0
4117 66.0
4118 66.0
4119 66.0
4120 66.0
4121 66.0
4122 66.0
4123 66.0
4124 66.0
4125 66.0
4126 66.0
4127 66.0
4128 66.0
4129 66.0
4130 66.0
4131 66.0
4132 66.0
4133 66.0
4134 66.0
4135 66.0
4136 66.0
4137 66.0
4138 66.0
4139 66.0
4140 66.0
4141 66.0
4142 66.0
4143 66.0
4144 66.0
4145 66.0
4146 66.0
4147 66.0
4148 66.0
4149 66.0
4150 66.0
4151 66.0
4152 66.0
4153 66.0
4154 66.0
4155 66.0
4156 66.0
4157 66.0
4158 66.0
4159 66.0
4160 66.0
4161 66.0
4162 66.0
4163 66.0
4164 66.0
4165 66.0
4166 66.0
4167 66.0
4168 66.0
4169 66.0
4170 66.0
4171 66.0
4172 66.0
4173 66.0
4174 66.0
4175 66.0
4176 66.0
4177 66.0
4178 66.0
4179 66.0
4180 66.0
4181 66.0
4182 66.0
4183 66.0
4184 66.0
4185 66.0
4186 66.0
4187 66.0
4188 66.0
4189 66.0
4190 66.0
4191 66.0
4192 66.0
4193 66.0
4194 66.0
4195 66.0
4196 66.0
4197 66.0
4198 66.0
4199 66.0
4200 66.0
4201 66.0
4202 66.0
4203 66.0
4204 66.0
4205 66.0
4206 66.0
4207 66.0
4208 66.0
4209 66.0
4210 66.0
4211 66.0
4212 66.0
4213 66.0
4214 66.0
4215 66.0
4216 66.0
4217 66.0
4218 66.0
4219 66.0
4220 66.0
4221 66.0
4222 66.0
4223 66.0
4224 66.0
4225 66.0
4226 66.0
4227 66.0
4228 66.0
4229 66.0
4230 66.0
4231 66.0
4232 66.0
4233 66.0
4234 66.0
4235 66.0
4236 66.0
4237 66.0
4238 66.0
4239 66.0
4240 66.0
4241 66.0
4242 66.0
4243 66.0
4244 66.0
4245 66.0
4246 66.0
4247 66.0
4248 66.0
4249 66.0
4250 66.0
4251 66.0
4252 66.0
4253 66.0
4254 66.0
4255 66.0
4256 66.0
4257 66.0
4258 66.0
4259 66.0
4260 66.0
4261 66.0
4262 66.0
4263 66.0
4264 66.0
4265 66.0
4266 66.0
4267 66.0
4268 66.0
4269 66.0
4270 66.0
4271 66.0
4272 66.0
4273 66.0
4274 66.0
4275 66.0
4276 66.0
4277 66.0
4278 66.0
4279 66.0
4280 66.0
4281 66.0
4282 66.0
4283 66.0
4284 66.0
4285 66.0
4286 66.0
4287 66.0
4288 66.0
4289 66.0
4290 66.0
4291 66.0
4292 66.0
4293 66.0
4294 66.0
4295 66.0
4296 66.0
4297 66.0
4298 66.0
4299 66.0
4300 66.0
4301 66.0
4302 66.0
4303 66.0
4304 66.0
4305 66.0
4306 66.0
4307 66.0
4308 66.0
4309 66.0
4310 66.0
4311 66.0
4312 66.0
4313 66.0
4314 66.0
4315 66.0
4316 66.0
4317 66.0
4318 66.0
4319 66.0
4320 66.0
4321 66.0
4322 66.0
4323 66.0
4324 66.0
4325 66.0
4326 66.0
4327 66.0
4328 66.0
4329 66.0
4330 66.0
4331 66.0
4332 66.0
4333 66.0
4334 66.0
4335 66.0
4336 66.0
4337 66.0
4338 66.0
4339 66.0
4340 66.0
4341 66.0
4342 66.0
4343 66.0
4344 66.0
4345 66.0
4346 66.0
4347 66.0
4348 66.0
4349 66.0
4350 66.0
4351 66.0
4352 66.0
4353 66.0
4354 66.0
4355 66.0
4356 66.0
4357 66.0
4358 66.0
4359 66.0
4360 66.0
4361 66.0
4362 66.0
4363 66.0
4364 66.0
4365 66.0
4366 66.0
4367 66.0
4368 66.0
4369 66.0
4370 66.0
4371 66.0
4372 66.0
4373 66.0
4374 66.0
4375 66.0
4376 66.0
4377 66.0
4378 66.0
4379 66.0
4380 66.0
4381 66.0
4382 66.0
4383 66.0
4384 66.0
4385 66.0
4386 66.0
4387 66.0
4388 66.0
4389 66.0
4390 66.0
4391 66.0
4392 66.0
4393 66.0
4394 66.0
4395 66.0
4396 66.0
4397 66.0
4398 66.0
4399 66.0
4400 66.0
4401 66.0
4402 66.0
4403 66.0
4404 66.0
4405 66.0
4406 66.0
4407 66.0
4408 66.0
4409 66.0
4410 66.0
4411 66.0
4412 66.0
4413 66.0
4414 66.0
4415 66.0
4416 66.0
4417 66.0
4418 66.0
4419 66.0
4420 66.0
4421 66.0
4422 66.0
4423 66.0
4424 66.0
4425 66.0
4426 66.0
4427 66.0
4428 66.0
4429 66.0
4430 66.0
4431 66.0
4432 66.0
4433 66.0
4434 66.0
4435 66.0
4436 66.0
4437 66.0
4438 66.0
4439 66.0
4440 66.0
4441 66.0
4442 66.0
4443 66.0
4444 66.0
4445 66.0
4446 66.0
4447 66.0
4448 66.0
4449 66.0
4450 66.0
4451 66.0
4452 66.0
4453 66.0
4454 66.0
4455 66.0
4456 66.0
4457 66.0
4458 66.0
4459 66.0
4460 66.0
4461 66.0
4462 66.0
4463 66.0
4464 66.0
4465 66.0
4466 66.0
4467 66.0
4468 66.0
4469 66.0
4470 66.0
4471 66.0
4472 66.0
4473 66.0
4474 66.0
4475 66.0
4476 66.0
4477 66.0
4478 66.0
4479 66.0
4480 66.0
4481 66.0
4482 66.0
4483 66.0
4484 66.0
4485 66.0
4486 66.0
4487 66.0
4488 66.0
4489 66.0
4490 66.0
4491 66.0
4492 66.0
4493 66.0
4494 66.0
4495 66.0
4496 66.0
4497 66.0
4498 66.0
4499 66.0
4500 66.0
4501 66.0
4502 66.0
4503 66.0
4504 66.0
4505 66.0
4506 66.0
4507 66.0
4508 66.0
4509 66.0
4510 66.0
4511 66.0
4512 66.0
4513 66.0
4514 66.0
4515 66.0
4516 66.0
4517 66.0
4518 66.0
4519 66.0
4520 66.0
4521 66.0
4522 66.0
4523 66.0
4524 66.0
4525 66.0
4526 66.0
4527 66.0
4528 66.0
4529 66.0
4530 66.0
4531 66.0
4532 66.0
4533 66.0
4534 66.0
4535 66.0
4536 66.0
4537 66.0
4538 66.0
4539 66.0
4540 66.0
4541 66.0
4542 66.0
4543 66.0
4544 66.0
4545 66.0
4546 66.0
4547 66.0
4548 66.0
4549 66.0
4550 66.0
4551 66.0
4552 66.0
4553 66.0
4554 66.0
4555 66.0
4556 66.0
4557 66.0
4558 66.0
4559 66.0
4560 66.0
4561 66.0
4562 66.0
4563 66.0
4564 66.0
4565 66.0
4566 66.0
4567 66.0
4568 66.0
4569 66.0
4570 66.0
4571 66.0
4572 66.0
4573 66.0
4574 66.0
4575 66.0
4576 66.0
4577 66.0
4578 66.0
4579 66.0
4580 66.0
4581 66.0
4582 66.0
4583 66.0
4584 66.0
4585 66.0
4586 66.0
4587 66.0
4588 66.0
4589 66.0
4590 66.0
4591 66.0
4592 66.0
4593 66.0
4594 66.0
4595 66.0
4596 66.0
4597 66.0
4598 66.0
4599 66.0
4600 66.0
4601 66.0
4602 66.0
4603 66.0
4604 66.0
4605 66.0
4606 66.0
4607 66.0
4608 66.0
4609 66.0
4610 66.0
4611 66.0
4612 66.0
4613 66.0
4614 66.0
4615 66.0
4616 66.0
4617 66.0
4618 66.0
4619 66.0
4620 66.0
4621 66.0
4622 66.0
4623 66.0
4624 66.0
4625 66.0
4626 66.0
4627 66.0
4628 66.0
4629 66.0
4630 66.0
4631 71.0
4632 71.0
4633 71.0
4634 71.0
4635 71.0
4636 71.0
4637 71.0
4638 71.0
4639 71.0
4640 71.0
4641 71.0
4642 71.0
4643 71.0
4644 71.0
4645 71.0
4646 71.0
4647 71.0
4648 71.0
4649 71.0
4650 71.0
4651 71.0
4652 71.0
4653 71.0
4654 71.0
4655 71.0
4656 71.0
4657 71.0
4658 71.0
4659 71.0
4660 71.0
4661 71.0
4662 71.0
4663 71.0
4664 71.0
4665 71.0
4666 71.0
4667 71.0
4668 71.0
4669 71.0
4670 71.0
4671 71.0
4672 71.0
4673 71.0
4674 71.0
4675 71.0
4676 71.0
4677 71.0
4678 71.0
4679 71.0
4680 71.0
4681 71.0
4682 71.0
4683 71.0
4684 71.0
4685 71.0
4686 71.0
4687 71.0
4688 71.0
4689 71.0
4690 71.0
4691 71.0
4692 71.0
4693 71.0
4694 71.0
4695 71.0
4696 71.0
4697 71.0
4698 71.0
4699 71.0
4700 71.0
4701 71.0
4702 71.0
4703 71.0
4704 71.0
4705 71.0
4706 71.0
4707 71.0
4708 71.0
4709 71.0
4710 71.0
4711 71.0
4712 71.0
4713 71.0
4714 71.0
4715 71.0
4716 71.0
4717 71.0
4718 71.0
4719 71.0
4720 71.0
4721 71.0
4722 71.0
4723 71.0
4724 71.0
4725 71.0
4726 71.0
4727 71.0
4728 71.0
4729 71.0
4730 71.0
4731 71.0
4732 71.0
4733 71.0
4734 71.0
4735 71.0
4736 71.0
4737 71.0
4738 71.0
4739 71.0
4740 71.0
4741 71.0
4742 71.0
4743 71.0
4744 71.0
4745 71.0
4746 71.0
4747 71.0
4748 71.0
4749 71.0
4750 71.0
4751 71.0
4752 71.0
4753 71.0
4754 71.0
4755 71.0
4756 71.0
4757 71.0
4758 71.0
4759 71.0
4760 71.0
4761 71.0
4762 71.0
4763 71.0
4764 71.0
4765 71.0
4766 71.0
4767 71.0
4768 71.0
4769 71.0
4770 71.0
4771 71.0
4772 71.0
4773 71.0
4774 71.0
4775 71.0
4776 71.0
4777 71.0
4778 71.0
4779 71.0
4780 71.0
4781 71.0
4782 71.0
4783 71.0
4784 71.0
4785 71.0
4786 71.0
4787 71.0
4788 71.0
4789 71.0
4790 71.0
4791 71.0
4792 71.0
4793 71.0
4794 71.0
4795 71.0
4796 71.0
4797 71.0
4798 71.0
4799 71.0
4800 71.0
4801 71.0
4802 71.0
4803 71.0
4804 71.0
4805 71.0
4806 71.0
4807 71.0
4808 71.0
4809 71.0
4810 71.0
4811 71.0
4812 71.0
4813 71.0
4814 71.0
4815 71.0
4816 71.0
4817 71.0
4818 71.0
4819 71.0
4820 71.0
4821 71.0
4822 71.0
4823 71.0
4824 71.0
4825 71.0
4826 71.0
4827 71.0
4828 71.0
4829 71.0
4830 71.0
4831 71.0
4832 71.0
4833 71.0
4834 71.0
4835 71.0
4836 71.0
4837 71.0
4838 71.0
4839 71.0
4840 71.0
4841 71.0
4842 71.0
4843 71.0
4844 71.0
4845 71.0
4846 71.0
4847 71.0
4848 71.0
4849 71.0
4850 71.0
4851 71.0
4852 71.0
4853 71.0
4854 71.0
4855 71.0
4856 71.0
4857 71.0
4858 71.0
4859 71.0
4860 71.0
4861 71.0
4862 71.0
4863 71.0
4864 71.0
4865 71.0
4866 71.0
4867 71.0
4868 71.0
4869 71.0
4870 71.0
4871 71.0
4872 71.0
4873 71.0
4874 71.0
4875 71.0
4876 71.0
4877 71.0
4878 71.0
4879 71.0
4880 71.0
4881 71.0
4882 71.0
4883 71.0
4884 71.0
4885 71.0
4886 71.0
4887 71.0
4888 71.0
4889 71.0
4890 71.0
4891 71.0
4892 71.0
4893 71.0
4894 71.0
4895 71.0
4896 71.0
4897 71.0
4898 71.0
4899 71.0
4900 71.0
4901 71.0
4902 71.0
4903 71.0
4904 71.0
4905 71.0
4906 71.0
4907 71.0
4908 71.0
4909 71.0
4910 71.0
4911 71.0
4912 71.0
4913 71.0
4914 71.0
4915 71.0
4916 71.0
4917 71.0
4918 71.0
4919 71.0
4920 71.0
4921 71.0
4922 71.0
4923 71.0
4924 71.0
4925 71.0
4926 71.0
4927 71.0
4928 71.0
4929 71.0
4930 71.0
4931 71.0
4932 71.0
4933 71.0
4934 71.0
4935 71.0
4936 71.0
4937 71.0
4938 71.0
4939 71.0
4940 71.0
4941 71.0
4942 71.0
4943 71.0
4944 71.0
4945 71.0
4946 71.0
4947 71.0
4948 71.0
4949 71.0
4950 71.0
4951 71.0
4952 71.0
4953 71.0
4954 71.0
4955 71.0
4956 71.0
4957 71.0
4958 71.0
4959 71.0
4960 71.0
4961 71.0
4962 71.0
4963 71.0
4964 71.0
4965 71.0
4966 71.0
4967 71.0
4968 71.0
4969 71.0
4970 71.0
4971 71.0
4972 71.0
4973 71.0
4974 71.0
4975 71.0
4976 71.0
4977 71.0
4978 71.0
4979 71.0
4980 71.0
4981 71.0
4982 71.0
4983 71.0
4984 71.0
4985 71.0
4986 71.0
4987 71.0
4988 71.0
4989 71.0
4990 71.0
4991 71.0
4992 71.0
4993 71.0
4994 71.0
4995 71.0
4996 71.0
4997 71.0
4998 71.0
4999 71.0
5000 71.0
5001 71.0
5002 71.0
5003 71.0
5004 71.0
5005 71.0
5006 71.0
5007 71.0
5008 71.0
5009 71.0
5010 71.0
5011 71.0
5012 71.0
5013 71.0
5014 71.0
5015 71.0
5016 71.0
5017 71.0
5018 71.0
5019 71.0
5020 71.0
5021 71.0
5022 71.0
5023 71.0
5024 71.0
5025 71.0
5026 71.0
5027 71.0
5028 71.0
5029 71.0
5030 71.0
5031 71.0
5032 71.0
5033 71.0
5034 71.0
5035 71.0
5036 71.0
5037 71.0
5038 71.0
5039 71.0
5040 71.0
5041 71.0
5042 71.0
5043 71.0
5044 71.0
5045 71.0
5046 71.0
5047 71.0
5048 71.0
5049 71.0
5050 71.0
5051 71.0
5052 71.0
5053 71.0
5054 71.0
5055 71.0
5056 71.0
5057 71.0
5058 71.0
5059 71.0
5060 71.0
5061 71.0
5062 71.0
5063 71.0
5064 71.0
5065 71.0
5066 71.0
5067 71.0
5068 71.0
5069 71.0
5070 71.0
5071 71.0
5072 71.0
5073 71.0
5074 71.0
5075 71.0
5076 71.0
5077 71.0
5078 71.0
5079 71.0
5080 71.0
5081 71.0
5082 71.0
5083 71.0
5084 71.0
5085 71.0
5086 71.0
5087 71.0
5088 71.0
5089 71.0
5090 71.0
5091 71.0
5092 71.0
5093 71.0
5094 71.0
5095 71.0
5096 71.0
5097 71.0
5098 71.0
5099 71.0
5100 71.0
5101 71.0
5102 71.0
5103 71.0
5104 71.0
5105 71.0
5106 71.0
5107 71.0
5108 71.0
5109 71.0
5110 71.0
5111 71.0
5112 71.0
5113 71.0
5114 71.0
5115 71.0
5116 71.0
5117 71.0
5118 71.0
5119 71.0
5120 71.0
5121 71.0
5122 71.0
5123 71.0
5124 71.0
5125 71.0
5126 71.0
5127 71.0
5128 71.0
5129 71.0
5130 71.0
5131 71.0
5132 71.0
5133 71.0
5134 71.0
5135 71.0
5136 71.0
5137 71.0
5138 71.0
5139 71.0
5140 71.0
5141 71.0
5142 71.0
5143 71.0
5144 71.0
5145 71.0
5146 71.0
5147 71.0
5148 71.0
5149 71.0
5150 71.0
5151 71.0
5152 71.0
5153 71.0
5154 71.0
5155 71.0
5156 71.0
5157 71.0
5158 71.0
5159 71.0
5160 71.0
5161 71.0
5162 71.0
5163 71.0
5164 71.0
5165 71.0
5166 71.0
5167 71.0
5168 71.0
5169 71.0
5170 71.0
5171 71.0
5172 71.0
5173 71.0
5174 71.0
5175 71.0
5176 71.0
5177 71.0
5178 71.0
5179 71.0
5180 71.0
5181 71.0
5182 71.0
5183 71.0
5184 71.0
5185 71.0
5186 71.0
5187 71.0
5188 71.0
5189 71.0
5190 71.0
5191 71.0
5192 71.0
5193 71.0
5194 71.0
5195 71.0
5196 71.0
5197 71.0
5198 71.0
5199 71.0
5200 71.0
5201 71.0
5202 71.0
5203 71.0
5204 71.0
5205 71.0
5206 71.0
5207 71.0
5208 71.0
5209 71.0
5210 71.0
5211 71.0
5212 71.0
5213 71.0
5214 71.0
5215 71.0
5216 71.0
5217 71.0
5218 71.0
5219 71.0
5220 71.0
5221 71.0
5222 71.0
5223 71.0
5224 71.0
5225 71.0
5226 71.0
5227 71.0
5228 71.0
5229 71.0
5230 71.0
5231 71.0
5232 71.0
5233 71.0
5234 71.0
5235 71.0
5236 71.0
5237 71.0
5238 71.0
5239 71.0
5240 71.0
5241 71.0
5242 71.0
5243 71.0
5244 71.0
5245 71.0
5246 71.0
5247 71.0
5248 71.0
5249 71.0
5250 71.0
5251 71.0
5252 71.0
5253 71.0
5254 71.0
5255 71.0
5256 71.0
5257 71.0
5258 71.0
5259 71.0
5260 71.0
5261 71.0
5262 71.0
5263 71.0
5264 71.0
5265 71.0
5266 71.0
5267 71.0
5268 71.0
5269 71.0
5270 71.0
5271 71.0
5272 71.0
5273 71.0
5274 71.0
5275 71.0
5276 71.0
5277 71.0
5278 71.0
5279 71.0
5280 71.0
5281 71.0
5282 71.0
5283 71.0
5284 71.0
5285 71.0
5286 71.0
5287 71.0
5288 71.0
5289 71.0
5290 71.0
5291 71.0
5292 71.0
5293 71.0
5294 71.0
5295 71.0
5296 71.0
5297 71.0
5298 71.0
5299 71.0
5300 71.0
5301 71.0
5302 71.0
5303 71.0
5304 71.0
5305 71.0
5306 71.0
5307 71.0
5308 71.0
5309 71.0
5310 71.0
5311 71.0
5312 71.0
5313 71.0
5314 71.0
5315 71.0
5316 71.0
5317 71.0
5318 71.0
5319 71.0
5320 71.0
5321 71.0
5322 71.0
5323 71.0
5324 71.0
5325 71.0
5326 71.0
5327 71.0
5328 71.0
5329 71.0
5330 71.0
5331 71.0
5332 71.0
5333 71.0
5334 71.0
5335 71.0
5336 71.0
5337 71.0
5338 71.0
5339 71.0
5340 71.0
5341 71.0
5342 71.0
5343 71.0
5344 71.0
5345 71.0
5346 71.0
5347 71.0
5348 71.0
5349 71.0
5350 71.0
5351 71.0
5352 71.0
5353 71.0
5354 71.0
5355 71.0
5356 71.0
5357 71.0
5358 71.0
5359 71.0
5360 71.0
5361 71.0
5362 71.0
5363 71.0
5364 71.0
5365 71.0
5366 71.0
5367 71.0
5368 71.0
5369 71.0
5370 71.0
5371 71.0
5372 71.0
5373 71.0
5374 71.0
5375 71.0
5376 71.0
5377 71.0
5378 71.0
5379 71.0
5380 71.0
5381 71.0
5382 71.0
5383 71.0
5384 71.0
5385 71.0
5386 71.0
5387 71.0
5388 71.0
5389 71.0
5390 71.0
5391 71.0
5392 71.0
5393 71.0
5394 71.0
5395 71.0
5396 71.0
5397 71.0
5398 71.0
5399 71.0
5400 71.0
5401 71.0
5402 71.0
5403 71.0
5404 71.0
5405 71.0
5406 71.0
5407 71.0
5408 71.0
5409 71.0
5410 71.0
5411 71.0
5412 71.0
5413 71.0
5414 71.0
5415 71.0
5416 71.0
5417 71.0
5418 71.0
5419 71.0
5420 71.0
5421 71.0
5422 71.0
5423 71.0
5424 71.0
5425 71.0
5426 71.0
5427 71.0
5428 71.0
5429 71.0
5430 71.0
5431 71.0
5432 71.0
5433 71.0
5434 71.0
5435 71.0
5436 71.0
5437 71.0
5438 71.0
5439 71.0
5440 71.0
5441 71.0
5442 71.0
5443 71.0
5444 71.0
5445 71.0
5446 71.0
5447 71.0
5448 71.0
5449 71.0
5450 71.0
5451 71.0
5452 71.0
5453 71.0
5454 71.0
5455 71.0
5456 71.0
5457 71.0
5458 71.0
5459 71.0
5460 71.0
5461 71.0
5462 71.0
5463 71.0
5464 71.0
5465 71.0
5466 71.0
5467 71.0
5468 71.0
5469 71.0
5470 71.0
5471 71.0
5472 71.0
5473 71.0
5474 71.0
5475 71.0
5476 71.0
5477 71.0
5478 71.0
5479 71.0
5480 71.0
5481 71.0
5482 71.0
5483 71.0
5484 71.0
5485 71.0
5486 71.0
5487 71.0
5488 71.0
5489 71.0
5490 71.0
5491 71.0
5492 71.0
5493 71.0
5494 71.0
5495 71.0
5496 71.0
5497 71.0
5498 71.0
5499 71.0
5500 71.0
5501 71.0
5502 71.0
5503 71.0
5504 71.0
5505 71.0
5506 71.0
5507 71.0
5508 71.0
5509 71.0
5510 71.0
5511 71.0
5512 71.0
5513 71.0
5514 71.0
5515 71.0
5516 71.0
5517 71.0
5518 71.0
5519 71.0
5520 71.0
5521 71.0
5522 71.0
5523 71.0
5524 71.0
5525 71.0
5526 71.0
5527 71.0
5528 71.0
5529 71.0
5530 71.0
5531 71.0
5532 71.0
5533 71.0
5534 71.0
5535 71.0
5536 71.0
5537 71.0
5538 71.0
5539 71.0
5540 71.0
5541 71.0
5542 71.0
5543 71.0
5544 71.0
5545 71.0
5546 71.0
5547 71.0
5548 71.0
5549 71.0
5550 71.0
5551 71.0
5552 71.0
5553 71.0
5554 71.0
5555 71.0
5556 71.0
5557 71.0
5558 71.0
5559 71.0
5560 71.0
5561 71.0
5562 71.0
5563 71.0
5564 71.0
5565 71.0
5566 71.0
5567 71.0
5568 71.0
5569 71.0
5570 71.0
5571 71.0
5572 71.0
5573 71.0
5574 71.0
5575 71.0
5576 71.0
5577 71.0
5578 71.0
5579 71.0
5580 71.0
5581 71.0
5582 71.0
5583 71.0
5584 71.0
5585 71.0
5586 71.0
5587 71.0
5588 71.0
5589 71.0
5590 71.0
5591 71.0
5592 71.0
5593 71.0
5594 71.0
5595 71.0
5596 71.0
5597 71.0
5598 71.0
5599 71.0
5600 71.0
5601 71.0
5602 71.0
5603 71.0
5604 71.0
5605 71.0
5606 71.0
5607 71.0
5608 71.0
5609 71.0
5610 71.0
5611 71.0
5612 71.0
5613 71.0
5614 71.0
5615 71.0
5616 71.0
5617 71.0
5618 71.0
5619 71.0
5620 71.0
5621 71.0
5622 71.0
5623 71.0
5624 71.0
5625 71.0
5626 71.0
5627 71.0
5628 71.0
5629 71.0
5630 71.0
5631 71.0
5632 71.0
5633 71.0
5634 71.0
5635 71.0
5636 71.0
5637 71.0
5638 71.0
5639 71.0
5640 71.0
5641 71.0
5642 71.0
5643 71.0
5644 71.0
5645 71.0
5646 71.0
5647 71.0
5648 71.0
5649 71.0
5650 71.0
5651 71.0
5652 71.0
5653 71.0
5654 71.0
5655 71.0
5656 71.0
5657 71.0
5658 71.0
5659 71.0
5660 71.0
5661 71.0
5662 71.0
5663 71.0
5664 71.0
5665 71.0
5666 71.0
5667 71.0
5668 71.0
5669 71.0
5670 71.0
5671 71.0
5672 71.0
5673 71.0
5674 71.0
5675 71.0
5676 71.0
5677 71.0
5678 71.0
5679 71.0
5680 71.0
5681 71.0
5682 71.0
5683 71.0
5684 71.0
5685 71.0
5686 71.0
5687 71.0
5688 71.0
5689 71.0
5690 71.0
5691 71.0
5692 71.0
5693 71.0
5694 71.0
5695 71.0
5696 71.0
5697 71.0
5698 71.0
5699 71.0
5700 71.0
5701 71.0
5702 71.0
5703 71.0
5704 71.0
5705 71.0
5706 71.0
5707 71.0
5708 71.0
5709 71.0
5710 71.0
5711 71.0
5712 71.0
5713 71.0
5714 71.0
5715 71.0
5716 71.0
5717 71.0
5718 71.0
5719 71.0
5720 71.0
5721 71.0
5722 71.0
5723 71.0
5724 71.0
5725 71.0
5726 71.0
5727 71.0
5728 71.0
5729 71.0
5730 71.0
5731 71.0
5732 71.0
5733 71.0
5734 71.0
5735 71.0
5736 71.0
5737 71.0
5738 71.0
5739 71.0
5740 71.0
5741 71.0
5742 71.0
5743 71.0
5744 71.0
5745 71.0
5746 71.0
5747 71.0
5748 71.0
5749 71.0
5750 71.0
5751 71.0
5752 71.0
5753 71.0
5754 71.0
5755 71.0
5756 71.0
5757 71.0
5758 71.0
5759 71.0
5760 71.0
5761 71.0
5762 71.0
5763 71.0
5764 71.0
5765 71.0
5766 71.0
5767 71.0
5768 71.0
5769 71.0
5770 71.0
5771 71.0
5772 71.0
5773 71.0
5774 71.0
5775 71.0
5776 71.0
5777 71.0
5778 71.0
5779 71.0
5780 71.0
5781 71.0
5782 71.0
5783 71.0
5784 71.0
5785 71.0
5786 71.0
5787 71.0
5788 71.0
5789 71.0
5790 71.0
5791 71.0
5792 71.0
5793 71.0
5794 71.0
5795 71.0
5796 71.0
5797 71.0
5798 71.0
5799 71.0
5800 71.0
5801 71.0
5802 71.0
5803 71.0
5804 71.0
5805 71.0
5806 71.0
5807 71.0
5808 71.0
5809 71.0
5810 71.0
5811 71.0
5812 71.0
5813 71.0
5814 71.0
5815 71.0
5816 71.0
5817 71.0
5818 71.0
5819 71.0
5820 71.0
5821 71.0
5822 71.0
5823 71.0
5824 71.0
5825 71.0
5826 71.0
5827 71.0
5828 71.0
5829 71.0
5830 71.0
5831 71.0
5832 71.0
5833 71.0
5834 71.0
5835 71.0
5836 71.0
5837 71.0
5838 71.0
5839 71.0
5840 71.0
5841 71.0
5842 71.0
5843 71.0
5844 71.0
5845 71.0
5846 71.0
5847 71.0
5848 71.0
5849 71.0
5850 71.0
5851 71.0
5852 71.0
5853 71.0
5854 71.0
5855 71.0
5856 71.0
5857 71.0
5858 71.0
5859 71.0
5860 71.0
5861 71.0
5862 71.0
5863 71.0
5864 71.0
5865 71.0
5866 71.0
5867 71.0
5868 71.0
5869 71.0
5870 71.0
5871 71.0
5872 71.0
5873 71.0
5874 71.0
5875 71.0
5876 71.0
5877 71.0
5878 71.0
5879 71.0
5880 71.0
5881 71.0
5882 71.0
5883 71.0
5884 71.0
5885 71.0
5886 71.0
5887 71.0
5888 71.0
5889 71.0
5890 71.0
5891 71.0
5892 71.0
5893 71.0
5894 71.0
5895 71.0
5896 71.0
5897 71.0
5898 71.0
5899 71.0
5900 71.0
5901 71.0
5902 71.0
5903 71.0
5904 71.0
5905 71.0
5906 71.0
5907 71.0
5908 71.0
5909 71.0
5910 71.0
5911 71.0
5912 71.0
5913 71.0
5914 71.0
5915 71.0
5916 71.0
5917 71.0
5918 71.0
5919 71.0
5920 71.0
5921 71.0
5922 71.0
5923 71.0
5924 71.0
5925 71.0
5926 71.0
5927 71.0
5928 71.0
5929 71.0
5930 71.0
5931 71.0
5932 71.0
5933 71.0
5934 71.0
5935 71.0
5936 71.0
5937 71.0
5938 71.0
5939 71.0
5940 71.0
5941 71.0
5942 71.0
5943 71.0
5944 71.0
5945 71.0
5946 71.0
5947 71.0
5948 71.0
5949 71.0
5950 71.0
5951 71.0
5952 71.0
5953 71.0
5954 71.0
5955 71.0
5956 71.0
5957 71.0
5958 71.0
5959 71.0
5960 71.0
5961 71.0
5962 71.0
5963 71.0
5964 71.0
5965 71.0
5966 71.0
5967 71.0
5968 71.0
5969 71.0
5970 71.0
5971 71.0
5972 71.0
5973 71.0
5974 71.0
5975 71.0
5976 71.0
5977 71.0
5978 71.0
5979 71.0
5980 71.0
5981 71.0
5982 71.0
5983 71.0
5984 71.0
5985 71.0
5986 71.0
5987 71.0
5988 71.0
5989 71.0
5990 71.0
5991 71.0
5992 71.0
5993 71.0
5994 71.0
5995 71.0
5996 71.0
5997 71.0
5998 71.0
5999 71.0
6000 71.0
6001 71.0
6002 71.0
6003 71.0
6004 71.0
6005 71.0
6006 71.0
6007 71.0
6008 71.0
6009 71.0
6010 71.0
6011 71.0
6012 71.0
6013 71.0
6014 71.0
6015 71.0
6016 71.0
6017 71.0
6018 71.0
6019 71.0
6020 71.0
6021 71.0
6022 71.0
6023 71.0
6024 71.0
6025 71.0
6026 71.0
6027 71.0
6028 71.0
6029 71.0
6030 71.0
6031 71.0
6032 71.0
6033 71.0
6034 71.0
6035 71.0
6036 71.0
6037 71.0
6038 71.0
6039 71.0
6040 71.0
6041 71.0
6042 71.0
6043 71.0
6044 71.0
6045 71.0
6046 71.0
6047 71.0
6048 71.0
6049 71.0
6050 71.0
6051 71.0
6052 71.0
6053 71.0
6054 71.0
6055 71.0
6056 71.0
6057 71.0
6058 71.0
6059 71.0
6060 71.0
6061 71.0
6062 71.0
6063 71.0
6064 71.0
6065 71.0
6066 71.0
6067 71.0
6068 71.0
6069 71.0
6070 71.0
6071 71.0
6072 71.0
6073 71.0
6074 71.0
6075 71.0
6076 71.0
6077 71.0
6078 71.0
6079 71.0
6080 71.0
6081 71.0
6082 71.0
6083 71.0
6084 71.0
6085 71.0
6086 71.0
6087 71.0
6088 71.0
6089 71.0
6090 71.0
6091 71.0
6092 71.0
6093 71.0
6094 71.0
6095 71.0
6096 71.0
6097 71.0
6098 71.0
6099 71.0
6100 71.0
6101 71.0
6102 71.0
6103 71.0
6104 71.0
6105 71.0
6106 71.0
6107 71.0
6108 71.0
6109 71.0
6110 71.0
6111 71.0
6112 71.0
6113 71.0
6114 71.0
6115 71.0
6116 71.0
6117 71.0
6118 71.0
6119 71.0
6120 71.0
6121 71.0
6122 71.0
6123 71.0
6124 71.0
6125 71.0
6126 71.0
6127 71.0
6128 71.0
6129 71.0
6130 71.0
6131 71.0
6132 71.0
6133 71.0
6134 71.0
6135 71.0
6136 71.0
6137 71.0
6138 71.0
6139 71.0
6140 71.0
6141 71.0
6142 71.0
6143 71.0
6144 71.0
6145 71.0
6146 71.0
6147 71.0
6148 71.0
6149 71.0
6150 71.0
6151 71.0
6152 71.0
6153 71.0
6154 71.0
6155 71.0
6156 71.0
6157 71.0
6158 71.0
6159 71.0
6160 71.0
6161 71.0
6162 71.0
6163 71.0
6164 71.0
6165 71.0
6166 71.0
6167 71.0
6168 71.0
6169 71.0
6170 71.0
6171 71.0
6172 71.0
6173 71.0
6174 71.0
6175 71.0
6176 71.0
6177 71.0
6178 71.0
6179 71.0
6180 71.0
6181 71.0
6182 71.0
6183 71.0
6184 71.0
6185 71.0
6186 71.0
6187 71.0
6188 71.0
6189 71.0
6190 71.0
6191 71.0
6192 71.0
6193 71.0
6194 71.0
6195 71.0
6196 71.0
6197 71.0
6198 71.0
6199 71.0
6200 71.0
6201 71.0
6202 71.0
6203 71.0
6204 71.0
6205 71.0
6206 71.0
6207 71.0
6208 71.0
6209 71.0
6210 71.0
6211 71.0
6212 71.0
6213 71.0
6214 71.0
6215 71.0
6216 71.0
6217 71.0
6218 71.0
6219 71.0
6220 71.0
6221 71.0
6222 71.0
6223 71.0
6224 71.0
6225 71.0
6226 71.0
6227 71.0
6228 71.0
6229 71.0
6230 71.0
6231 71.0
6232 71.0
6233 71.0
6234 71.0
6235 71.0
6236 71.0
6237 71.0
6238 71.0
6239 71.0
6240 71.0
6241 71.0
6242 71.0
6243 71.0
6244 71.0
6245 71.0
6246 71.0
6247 71.0
6248 71.0
6249 71.0
6250 71.0
6251 71.0
6252 71.0
6253 71.0
6254 71.0
6255 71.0
6256 71.0
6257 71.0
6258 71.0
6259 71.0
6260 71.0
6261 71.0
6262 71.0
6263 71.0
6264 71.0
6265 71.0
6266 71.0
6267 71.0
6268 71.0
6269 71.0
6270 71.0
6271 71.0
6272 71.0
6273 71.0
6274 71.0
6275 71.0
6276 71.0
6277 71.0
6278 71.0
6279 71.0
6280 71.0
6281 71.0
6282 71.0
6283 71.0
6284 71.0
6285 71.0
6286 71.0
6287 71.0
6288 71.0
6289 71.0
6290 71.0
6291 71.0
6292 71.0
6293 71.0
6294 71.0
6295 71.0
6296 71.0
6297 71.0
6298 71.0
6299 71.0
6300 71.0
6301 71.0
6302 71.0
6303 71.0
6304 71.0
6305 71.0
6306 71.0
6307 71.0
6308 71.0
6309 71.0
6310 71.0
6311 71.0
6312 71.0
6313 71.0
6314 71.0
6315 71.0
6316 71.0
6317 71.0
6318 71.0
6319 71.0
6320 71.0
6321 71.0
6322 71.0
6323 71.0
6324 71.0
6325 71.0
6326 71.0
6327 71.0
6328 71.0
6329 71.0
6330 71.0
6331 71.0
6332 71.0
6333 71.0
6334 71.0
6335 71.0
6336 71.0
6337 71.0
6338 71.0
6339 71.0
6340 71.0
6341 71.0
6342 71.0
6343 71.0
6344 71.0
6345 71.0
6346 71.0
6347 71.0
6348 71.0
6349 71.0
6350 71.0
6351 71.0
6352 71.0
6353 71.0
6354 71.0
6355 71.0
6356 71.0
6357 71.0
6358 71.0
6359 71.0
6360 71.0
6361 71.0
6362 71.0
6363 71.0
6364 71.0
6365 71.0
6366 71.0
6367 71.0
6368 71.0
6369 71.0
6370 71.0
6371 71.0
6372 71.0
6373 71.0
6374 71.0
6375 71.0
6376 71.0
6377 71.0
6378 71.0
6379 71.0
6380 71.0
6381 71.0
6382 71.0
6383 71.0
6384 71.0
6385 71.0
6386 71.0
6387 71.0
6388 71.0
6389 71.0
6390 71.0
6391 71.0
6392 71.0
6393 71.0
6394 71.0
6395 71.0
6396 71.0
6397 71.0
6398 71.0
6399 71.0
6400 71.0
6401 71.0
6402 71.0
6403 71.0
6404 71.0
6405 71.0
6406 71.0
6407 71.0
6408 71.0
6409 71.0
6410 71.0
6411 71.0
6412 71.0
6413 71.0
6414 71.0
6415 71.0
6416 71.0
6417 71.0
6418 71.0
6419 71.0
6420 71.0
6421 71.0
6422 71.0
6423 71.0
6424 71.0
6425 71.0
6426 71.0
6427 71.0
6428 71.0
6429 71.0
6430 71.0
6431 71.0
6432 71.0
6433 71.0
6434 71.0
6435 71.0
6436 71.0
6437 71.0
6438 71.0
6439 71.0
6440 71.0
6441 71.0
6442 71.0
6443 71.0
6444 71.0
6445 71.0
6446 71.0
6447 71.0
6448 71.0
6449 71.0
6450 71.0
6451 71.0
6452 71.0
6453 71.0
6454 71.0
6455 71.0
6456 71.0
6457 71.0
6458 71.0
6459 71.0
6460 71.0
6461 71.0
6462 71.0
6463 71.0
6464 71.0
6465 71.0
6466 71.0
6467 71.0
6468 71.0
6469 71.0
6470 71.0
6471 71.0
6472 71.0
6473 71.0
6474 71.0
6475 71.0
6476 71.0
6477 71.0
6478 71.0
6479 71.0
6480 71.0
6481 71.0
6482 71.0
6483 71.0
6484 71.0
6485 71.0
6486 71.0
6487 71.0
6488 71.0
6489 71.0
6490 71.0
6491 71.0
6492 71.0
6493 71.0
6494 71.0
6495 71.0
6496 71.0
6497 71.0
6498 71.0
6499 71.0
6500 71.0
6501 71.0
6502 71.0
6503 71.0
6504 71.0
6505 71.0
6506 71.0
6507 71.0
6508 71.0
6509 71.0
6510 71.0
6511 71.0
6512 71.0
6513 71.0
6514 71.0
6515 71.0
6516 71.0
6517 71.0
6518 71.0
6519 71.0
6520 71.0
6521 71.0
6522 71.0
6523 71.0
6524 71.0
6525 71.0
6526 71.0
6527 71.0
6528 71.0
6529 71.0
6530 71.0
6531 71.0
6532 71.0
6533 71.0
6534 71.0
6535 71.0
6536 71.0
6537 71.0
6538 71.0
6539 71.0
6540 71.0
6541 71.0
6542 71.0
6543 71.0
6544 71.0
6545 71.0
6546 71.0
6547 71.0
6548 71.0
6549 71.0
6550 71.0
6551 71.0
6552 71.0
6553 71.0
6554 71.0
6555 71.0
6556 71.0
6557 71.0
6558 71.0
6559 71.0
6560 71.0
6561 71.0
6562 71.0
6563 71.0
6564 71.0
6565 71.0
6566 71.0
6567 71.0
6568 71.0
6569 71.0
6570 71.0
6571 71.0
6572 71.0
6573 71.0
6574 71.0
6575 71.0
6576 71.0
6577 71.0
6578 71.0
6579 71.0
6580 71.0
6581 71.0
6582 71.0
6583 71.0
6584 71.0
6585 71.0
6586 71.0
6587 71.0
6588 71.0
6589 71.0
6590 71.0
6591 71.0
6592 71.0
6593 71.0
6594 71.0
6595 71.0
6596 71.0
6597 71.0
6598 71.0
6599 71.0
6600 71.0
6601 71.0
6602 71.0
6603 71.0
6604 71.0
6605 71.0
6606 71.0
6607 71.0
6608 71.0
6609 71.0
6610 71.0
6611 71.0
6612 71.0
6613 71.0
6614 71.0
6615 71.0
6616 71.0
6617 71.0
6618 71.0
6619 71.0
6620 71.0
6621 71.0
6622 71.0
6623 71.0
6624 71.0
6625 71.0
6626 71.0
6627 71.0
6628 71.0
6629 71.0
6630 71.0
6631 71.0
6632 71.0
6633 71.0
6634 71.0
6635 71.0
6636 71.0
6637 71.0
6638 71.0
6639 71.0
6640 71.0
6641 71.0
6642 71.0
6643 71.0
6644 71.0
6645 71.0
6646 71.0
6647 71.0
6648 71.0
6649 71.0
6650 71.0
6651 71.0
6652 71.0
6653 71.0
6654 71.0
6655 71.0
6656 71.0
6657 71.0
6658 71.0
6659 71.0
6660 71.0
6661 71.0
6662 71.0
6663 71.0
6664 71.0
6665 71.0
6666 71.0
6667 71.0
6668 71.0
6669 71.0
6670 71.0
6671 71.0
6672 71.0
6673 71.0
6674 71.0
6675 71.0
6676 71.0
6677 71.0
6678 71.0
6679 71.0
6680 71.0
6681 71.0
6682 71.0
6683 71.0
6684 71.0
6685 71.0
6686 71.0
6687 71.0
6688 71.0
6689 71.0
6690 71.0
6691 71.0
6692 71.0
6693 71.0
6694 71.0
6695 71.0
6696 71.0
6697 71.0
6698 71.0
6699 71.0
6700 71.0
6701 71.0
6702 71.0
6703 71.0
6704 71.0
6705 71.0
6706 71.0
6707 71.0
6708 71.0
6709 71.0
6710 71.0
6711 71.0
6712 71.0
6713 71.0
6714 71.0
6715 71.0
6716 71.0
6717 71.0
6718 71.0
6719 71.0
6720 71.0
6721 71.0
6722 71.0
6723 71.0
6724 71.0
6725 71.0
6726 71.0
6727 71.0
6728 71.0
6729 71.0
6730 71.0
6731 71.0
6732 71.0
6733 71.0
6734 71.0
6735 71.0
6736 71.0
6737 71.0
6738 71.0
6739 71.0
6740 71.0
6741 71.0
6742 71.0
6743 71.0
6744 71.0
6745 71.0
6746 71.0
6747 71.0
6748 71.0
6749 71.0
6750 71.0
6751 71.0
6752 71.0
6753 71.0
6754 71.0
6755 71.0
6756 71.0
6757 71.0
6758 71.0
6759 71.0
6760 71.0
6761 71.0
6762 71.0
6763 71.0
6764 71.0
6765 71.0
6766 71.0
6767 71.0
6768 71.0
6769 71.0
6770 71.0
6771 71.0
6772 71.0
6773 71.0
6774 71.0
6775 71.0
6776 71.0
6777 71.0
6778 71.0
6779 71.0
6780 71.0
6781 71.0
6782 71.0
6783 71.0
6784 71.0
6785 71.0
6786 71.0
6787 71.0
6788 71.0
6789 71.0
6790 71.0
6791 71.0
6792 71.0
6793 71.0
6794 71.0
6795 71.0
6796 71.0
6797 71.0
6798 71.0
6799 71.0
6800 71.0
6801 71.0
6802 71.0
6803 71.0
6804 71.0
6805 71.0
6806 71.0
6807 71.0
6808 71.0
6809 71.0
6810 71.0
6811 71.0
6812 71.0
6813 71.0
6814 71.0
6815 71.0
6816 71.0
6817 71.0
6818 71.0
6819 71.0
6820 71.0
6821 71.0
6822 71.0
6823 71.0
6824 71.0
6825 71.0
6826 71.0
6827 71.0
6828 71.0
6829 71.0
6830 71.0
6831 71.0
6832 71.0
6833 71.0
6834 71.0
6835 71.0
6836 71.0
6837 71.0
6838 71.0
6839 71.0
6840 71.0
6841 71.0
6842 71.0
6843 71.0
6844 71.0
6845 71.0
6846 71.0
6847 71.0
6848 71.0
6849 71.0
6850 71.0
6851 71.0
6852 71.0
6853 71.0
6854 71.0
6855 71.0
6856 71.0
6857 71.0
6858 71.0
6859 71.0
6860 71.0
6861 71.0
6862 71.0
6863 71.0
6864 71.0
6865 71.0
6866 71.0
6867 71.0
6868 71.0
6869 71.0
6870 71.0
6871 71.0
6872 71.0
6873 71.0
6874 71.0
6875 71.0
6876 71.0
6877 71.0
6878 71.0
6879 71.0
6880 71.0
6881 71.0
6882 71.0
6883 71.0
6884 71.0
6885 71.0
6886 71.0
6887 71.0
6888 71.0
6889 71.0
6890 71.0
6891 71.0
6892 71.0
6893 71.0
6894 71.0
6895 71.0
6896 71.0
6897 71.0
6898 71.0
6899 71.0
6900 71.0
6901 71.0
6902 71.0
6903 71.0
6904 71.0
6905 71.0
6906 71.0
6907 71.0
6908 71.0
6909 71.0
6910 71.0
6911 71.0
6912 71.0
6913 71.0
6914 71.0
6915 71.0
6916 71.0
6917 71.0
6918 71.0
6919 71.0
6920 71.0
6921 71.0
6922 71.0
6923 71.0
6924 71.0
6925 71.0
6926 71.0
6927 71.0
6928 71.0
6929 71.0
6930 71.0
6931 71.0
6932 71.0
6933 71.0
6934 71.0
6935 71.0
6936 71.0
6937 71.0
6938 71.0
6939 71.0
6940 71.0
6941 71.0
6942 71.0
6943 71.0
6944 71.0
6945 71.0
6946 71.0
6947 71.0
6948 71.0
6949 71.0
6950 71.0
6951 71.0
6952 71.0
6953 71.0
6954 71.0
6955 71.0
6956 71.0
6957 71.0
6958 71.0
6959 71.0
6960 71.0
6961 71.0
6962 71.0
6963 71.0
6964 71.0
6965 71.0
6966 71.0
6967 71.0
6968 71.0
6969 71.0
6970 71.0
6971 71.0
6972 71.0
6973 71.0
6974 71.0
6975 71.0
6976 71.0
6977 71.0
6978 71.0
6979 71.0
6980 71.0
6981 71.0
6982 71.0
6983 71.0
6984 71.0
6985 71.0
6986 71.0
6987 71.0
6988 71.0
6989 71.0
6990 71.0
6991 71.0
6992 71.0
6993 71.0
6994 71.0
6995 71.0
6996 71.0
6997 71.0
6998 71.0
6999 71.0
7000 71.0
7001 71.0
7002 71.0
7003 71.0
7004 71.0
7005 71.0
7006 71.0
7007 71.0
7008 71.0
7009 71.0
7010 71.0
7011 71.0
7012 71.0
7013 71.0
7014 71.0
7015 71.0
7016 71.0
7017 71.0
7018 71.0
7019 71.0
7020 71.0
7021 71.0
7022 71.0
7023 71.0
7024 71.0
7025 71.0
7026 71.0
7027 71.0
7028 71.0
7029 71.0
7030 71.0
7031 71.0
7032 71.0
7033 71.0
7034 71.0
7035 71.0
7036 71.0
7037 71.0
7038 71.0
7039 71.0
7040 71.0
7041 71.0
7042 71.0
7043 71.0
7044 71.0
7045 71.0
7046 71.0
7047 71.0
7048 71.0
7049 71.0
7050 71.0
7051 71.0
7052 71.0
7053 71.0
7054 71.0
7055 71.0
7056 71.0
7057 71.0
7058 71.0
7059 71.0
7060 71.0
7061 71.0
7062 71.0
7063 71.0
7064 71.0
7065 71.0
7066 71.0
7067 71.0
7068 71.0
7069 71.0
7070 71.0
7071 71.0
7072 71.0
7073 71.0
7074 71.0
7075 71.0
7076 71.0
7077 71.0
7078 71.0
7079 71.0
7080 71.0
7081 71.0
7082 71.0
7083 71.0
7084 71.0
7085 71.0
7086 71.0
7087 71.0
7088 71.0
7089 71.0
7090 71.0
7091 71.0
7092 71.0
7093 71.0
7094 71.0
7095 71.0
7096 71.0
7097 71.0
7098 71.0
7099 71.0
7100 71.0
7101 71.0
7102 71.0
7103 71.0
7104 71.0
7105 71.0
7106 71.0
7107 71.0
7108 71.0
7109 71.0
7110 71.0
7111 71.0
7112 71.0
7113 71.0
7114 71.0
7115 71.0
7116 71.0
7117 71.0
7118 71.0
7119 71.0
7120 71.0
7121 71.0
7122 71.0
7123 71.0
7124 71.0
7125 71.0
7126 71.0
7127 71.0
7128 71.0
7129 71.0
7130 71.0
7131 71.0
7132 71.0
7133 71.0
7134 71.0
7135 71.0
7136 71.0
7137 71.0
7138 71.0
7139 71.0
7140 71.0
7141 71.0
7142 71.0
7143 71.0
7144 71.0
7145 71.0
7146 71.0
7147 71.0
7148 71.0
7149 71.0
7150 71.0
7151 71.0
7152 71.0
7153 71.0
7154 71.0
7155 71.0
7156 71.0
7157 71.0
7158 71.0
7159 71.0
7160 71.0
7161 71.0
7162 71.0
7163 71.0
7164 71.0
7165 71.0
7166 71.0
7167 71.0
7168 71.0
7169 71.0
7170 71.0
7171 71.0
7172 71.0
7173 71.0
7174 71.0
7175 71.0
7176 71.0
7177 71.0
7178 71.0
7179 71.0
7180 71.0
7181 71.0
7182 71.0
7183 71.0
7184 71.0
7185 71.0
7186 71.0
7187 71.0
7188 71.0
7189 71.0
7190 71.0
7191 71.0
7192 71.0
7193 71.0
7194 71.0
7195 71.0
7196 71.0
7197 71.0
7198 71.0
7199 71.0
7200 71.0
7201 71.0
7202 71.0
7203 71.0
7204 71.0
7205 71.0
7206 71.0
7207 71.0
7208 71.0
7209 71.0
7210 71.0
7211 71.0
7212 71.0
7213 71.0
7214 71.0
7215 71.0
7216 71.0
7217 71.0
7218 71.0
7219 71.0
7220 71.0
7221 71.0
7222 71.0
7223 71.0
7224 71.0
7225 71.0
7226 71.0
7227 71.0
7228 71.0
7229 71.0
7230 71.0
7231 71.0
7232 71.0
7233 71.0
7234 71.0
7235 71.0
7236 71.0
7237 71.0
7238 71.0
7239 71.0
7240 71.0
7241 71.0
7242 71.0
7243 71.0
7244 71.0
7245 71.0
7246 71.0
7247 71.0
7248 71.0
7249 71.0
7250 71.0
7251 71.0
7252 71.0
7253 71.0
7254 71.0
7255 71.0
7256 71.0
7257 71.0
7258 71.0
7259 71.0
7260 71.0
7261 71.0
7262 71.0
7263 71.0
7264 71.0
7265 71.0
7266 71.0
7267 71.0
7268 71.0
7269 71.0
7270 71.0
7271 71.0
7272 71.0
7273 71.0
7274 71.0
7275 71.0
7276 71.0
7277 71.0
7278 71.0
7279 71.0
7280 71.0
7281 71.0
7282 71.0
7283 71.0
7284 71.0
7285 71.0
7286 71.0
7287 71.0
7288 71.0
7289 71.0
7290 71.0
7291 71.0
7292 71.0
7293 71.0
7294 71.0
7295 71.0
7296 71.0
7297 71.0
7298 71.0
7299 71.0
7300 71.0
7301 71.0
7302 71.0
7303 71.0
7304 71.0
7305 71.0
7306 71.0
7307 71.0
7308 71.0
7309 71.0
7310 71.0
7311 71.0
7312 71.0
7313 71.0
7314 71.0
7315 71.0
7316 71.0
7317 71.0
7318 71.0
7319 71.0
7320 71.0
7321 71.0
7322 71.0
7323 71.0
7324 71.0
7325 71.0
7326 71.0
7327 71.0
7328 71.0
7329 71.0
7330 71.0
7331 71.0
7332 71.0
7333 71.0
7334 71.0
7335 71.0
7336 71.0
7337 71.0
7338 71.0
7339 71.0
7340 71.0
7341 71.0
7342 71.0
7343 71.0
7344 71.0
7345 71.0
7346 71.0
7347 71.0
7348 71.0
7349 71.0
7350 71.0
7351 71.0
7352 71.0
7353 71.0
7354 71.0
7355 71.0
7356 71.0
7357 71.0
7358 71.0
7359 71.0
7360 71.0
7361 71.0
7362 71.0
7363 71.0
7364 71.0
7365 71.0
7366 71.0
7367 71.0
7368 71.0
7369 71.0
7370 71.0
7371 71.0
7372 71.0
7373 71.0
7374 71.0
7375 71.0
7376 71.0
7377 71.0
7378 71.0
7379 71.0
7380 71.0
7381 71.0
7382 71.0
7383 71.0
7384 71.0
7385 71.0
7386 71.0
7387 71.0
7388 71.0
7389 71.0
7390 71.0
7391 71.0
7392 71.0
7393 71.0
7394 71.0
7395 71.0
7396 71.0
7397 71.0
7398 71.0
7399 71.0
7400 71.0
7401 71.0
7402 71.0
7403 71.0
7404 71.0
7405 71.0
7406 71.0
7407 71.0
7408 71.0
7409 71.0
7410 71.0
7411 71.0
7412 71.0
7413 71.0
7414 71.0
7415 71.0
7416 71.0
7417 71.0
7418 71.0
7419 71.0
7420 71.0
7421 71.0
7422 71.0
7423 71.0
7424 71.0
7425 71.0
7426 71.0
7427 71.0
7428 71.0
7429 71.0
7430 71.0
7431 71.0
7432 71.0
7433 71.0
7434 71.0
7435 71.0
7436 71.0
7437 71.0
7438 71.0
7439 71.0
7440 71.0
7441 71.0
7442 71.0
7443 71.0
7444 71.0
7445 71.0
7446 71.0
7447 71.0
7448 71.0
7449 71.0
7450 71.0
7451 71.0
7452 71.0
7453 71.0
7454 71.0
7455 71.0
7456 71.0
7457 71.0
7458 71.0
7459 71.0
7460 71.0
7461 71.0
7462 71.0
7463 71.0
7464 71.0
7465 71.0
7466 71.0
7467 71.0
7468 71.0
7469 71.0
7470 71.0
7471 71.0
7472 71.0
7473 71.0
7474 71.0
7475 71.0
7476 71.0
7477 71.0
7478 71.0
7479 71.0
7480 71.0
7481 71.0
7482 71.0
7483 71.0
7484 71.0
7485 71.0
7486 71.0
7487 71.0
7488 71.0
7489 71.0
7490 71.0
7491 71.0
7492 71.0
7493 71.0
7494 71.0
7495 71.0
7496 71.0
7497 71.0
7498 71.0
7499 71.0
7500 71.0
7501 71.0
7502 71.0
7503 71.0
7504 71.0
7505 71.0
7506 71.0
7507 71.0
7508 71.0
7509 71.0
7510 71.0
7511 71.0
7512 71.0
7513 71.0
7514 71.0
7515 71.0
7516 71.0
7517 71.0
7518 71.0
7519 71.0
7520 71.0
7521 71.0
7522 71.0
7523 71.0
7524 71.0
7525 71.0
7526 71.0
7527 71.0
7528 71.0
7529 71.0
7530 71.0
7531 71.0
7532 71.0
7533 71.0
7534 71.0
7535 71.0
7536 71.0
7537 71.0
7538 71.0
7539 71.0
7540 71.0
7541 71.0
7542 71.0
7543 71.0
7544 71.0
7545 71.0
7546 71.0
7547 71.0
7548 71.0
7549 71.0
7550 71.0
7551 71.0
7552 71.0
7553 71.0
7554 71.0
7555 71.0
7556 71.0
7557 71.0
7558 71.0
7559 71.0
7560 71.0
7561 71.0
7562 71.0
7563 71.0
7564 71.0
7565 71.0
7566 71.0
7567 71.0
7568 71.0
7569 71.0
7570 71.0
7571 71.0
7572 71.0
7573 71.0
7574 71.0
7575 71.0
7576 71.0
7577 71.0
7578 71.0
7579 71.0
7580 71.0
7581 71.0
7582 71.0
7583 71.0
7584 71.0
7585 71.0
7586 71.0
7587 71.0
7588 71.0
7589 71.0
7590 71.0
7591 71.0
7592 71.0
7593 71.0
7594 71.0
7595 71.0
7596 71.0
7597 71.0
7598 71.0
7599 71.0
7600 71.0
7601 71.0
7602 71.0
7603 71.0
7604 71.0
7605 71.0
7606 71.0
7607 71.0
7608 71.0
7609 71.0
7610 71.0
7611 71.0
7612 71.0
7613 71.0
7614 71.0
7615 71.0
7616 71.0
7617 71.0
7618 71.0
7619 71.0
7620 71.0
7621 71.0
7622 71.0
7623 71.0
7624 71.0
7625 71.0
7626 71.0
7627 71.0
7628 71.0
7629 71.0
7630 71.0
7631 71.0
7632 71.0
7633 71.0
7634 71.0
7635 71.0
7636 71.0
7637 71.0
7638 71.0
7639 71.0
7640 71.0
7641 71.0
7642 71.0
7643 71.0
7644 71.0
7645 71.0
7646 71.0
7647 71.0
7648 71.0
7649 71.0
7650 71.0
7651 71.0
7652 71.0
7653 71.0
7654 71.0
7655 71.0
7656 71.0
7657 71.0
7658 71.0
7659 71.0
7660 71.0
7661 71.0
7662 71.0
7663 71.0
7664 71.0
7665 71.0
7666 71.0
7667 71.0
7668 71.0
7669 71.0
7670 71.0
7671 71.0
7672 71.0
7673 71.0
7674 71.0
7675 71.0
7676 71.0
7677 71.0
7678 71.0
7679 71.0
7680 71.0
7681 71.0
7682 71.0
7683 71.0
7684 71.0
7685 71.0
7686 71.0
7687 71.0
7688 71.0
7689 71.0
7690 71.0
7691 71.0
7692 71.0
7693 71.0
7694 71.0
7695 71.0
7696 71.0
7697 71.0
7698 71.0
7699 71.0
7700 71.0
7701 71.0
7702 71.0
7703 71.0
7704 71.0
7705 71.0
7706 71.0
7707 71.0
7708 71.0
7709 71.0
7710 71.0
7711 71.0
7712 71.0
7713 71.0
7714 71.0
7715 71.0
7716 71.0
7717 71.0
7718 71.0
7719 71.0
7720 71.0
7721 71.0
7722 71.0
7723 71.0
7724 71.0
7725 71.0
7726 71.0
7727 71.0
7728 71.0
7729 71.0
7730 71.0
7731 71.0
7732 71.0
7733 71.0
7734 71.0
7735 71.0
7736 71.0
7737 71.0
7738 71.0
7739 71.0
7740 71.0
7741 71.0
7742 71.0
7743 71.0
7744 71.0
7745 71.0
7746 71.0
7747 71.0
7748 71.0
7749 71.0
7750 71.0
7751 71.0
7752 71.0
7753 71.0
7754 71.0
7755 71.0
7756 71.0
7757 71.0
7758 71.0
7759 71.0
7760 71.0
7761 71.0
7762 71.0
7763 71.0
7764 71.0
7765 71.0
7766 71.0
7767 71.0
7768 71.0
7769 71.0
7770 71.0
7771 71.0
7772 71.0
7773 71.0
7774 71.0
7775 71.0
7776 71.0
7777 71.0
7778 71.0
7779 71.0
7780 71.0
7781 71.0
7782 71.0
7783 71.0
7784 71.0
7785 71.0
7786 71.0
7787 71.0
7788 71.0
7789 71.0
7790 71.0
7791 71.0
7792 71.0
7793 71.0
7794 71.0
7795 71.0
7796 71.0
7797 71.0
7798 71.0
7799 71.0
7800 71.0
7801 71.0
7802 71.0
7803 71.0
7804 71.0
7805 71.0
7806 71.0
7807 71.0
7808 71.0
7809 71.0
7810 71.0
7811 71.0
7812 71.0
7813 71.0
7814 71.0
7815 71.0
7816 71.0
7817 71.0
7818 71.0
7819 71.0
7820 71.0
7821 71.0
7822 71.0
7823 71.0
7824 71.0
7825 71.0
7826 71.0
7827 71.0
7828 71.0
7829 71.0
7830 71.0
7831 71.0
7832 71.0
7833 71.0
7834 71.0
7835 71.0
7836 71.0
7837 71.0
7838 71.0
7839 71.0
7840 71.0
7841 71.0
7842 71.0
7843 71.0
7844 71.0
7845 71.0
7846 71.0
7847 71.0
7848 71.0
7849 71.0
7850 71.0
7851 71.0
7852 71.0
7853 71.0
7854 71.0
7855 71.0
7856 71.0
7857 71.0
7858 71.0
7859 71.0
7860 71.0
7861 71.0
7862 71.0
7863 71.0
7864 71.0
7865 71.0
7866 71.0
7867 71.0
7868 71.0
7869 71.0
7870 71.0
7871 71.0
7872 71.0
7873 71.0
7874 71.0
7875 71.0
7876 71.0
7877 71.0
7878 71.0
7879 71.0
7880 71.0
7881 71.0
7882 71.0
7883 71.0
7884 71.0
7885 71.0
7886 71.0
7887 71.0
7888 71.0
7889 71.0
7890 71.0
7891 71.0
7892 71.0
7893 71.0
7894 71.0
7895 71.0
7896 71.0
7897 71.0
7898 71.0
7899 71.0
7900 71.0
7901 71.0
7902 71.0
7903 71.0
7904 71.0
7905 71.0
7906 71.0
7907 71.0
7908 71.0
7909 71.0
7910 71.0
7911 71.0
7912 71.0
7913 71.0
7914 71.0
7915 71.0
7916 71.0
7917 71.0
7918 71.0
7919 71.0
7920 71.0
7921 71.0
7922 71.0
7923 71.0
7924 71.0
7925 71.0
7926 71.0
7927 71.0
7928 71.0
7929 71.0
7930 71.0
7931 71.0
7932 71.0
7933 71.0
7934 71.0
7935 71.0
7936 71.0
7937 71.0
7938 71.0
7939 71.0
7940 71.0
7941 71.0
7942 71.0
7943 71.0
7944 71.0
7945 71.0
7946 71.0
7947 71.0
7948 71.0
7949 71.0
7950 71.0
7951 71.0
7952 71.0
7953 71.0
7954 71.0
7955 71.0
7956 71.0
7957 71.0
7958 71.0
7959 71.0
7960 71.0
7961 71.0
7962 71.0
7963 71.0
7964 71.0
7965 71.0
7966 71.0
7967 71.0
7968 71.0
7969 71.0
7970 71.0
7971 71.0
7972 71.0
7973 71.0
7974 71.0
7975 71.0
7976 71.0
7977 71.0
7978 71.0
7979 71.0
7980 71.0
7981 71.0
7982 71.0
7983 71.0
7984 71.0
7985 71.0
7986 71.0
7987 71.0
7988 71.0
7989 71.0
7990 71.0
7991 71.0
7992 71.0
7993 71.0
7994 71.0
7995 71.0
7996 71.0
7997 71.0
7998 71.0
7999 71.0
8000 71.0
8001 71.0
8002 71.0
8003 71.0
8004 71.0
8005 71.0
8006 71.0
8007 71.0
8008 71.0
8009 71.0
8010 71.0
8011 71.0
8012 71.0
8013 71.0
8014 71.0
8015 71.0
8016 71.0
8017 71.0
8018 71.0
8019 71.0
8020 71.0
8021 71.0
8022 71.0
8023 71.0
8024 71.0
8025 71.0
8026 71.0
8027 71.0
8028 71.0
8029 71.0
8030 71.0
8031 71.0
8032 71.0
8033 71.0
8034 71.0
8035 71.0
8036 71.0
8037 71.0
8038 71.0
8039 71.0
8040 71.0
8041 71.0
8042 71.0
8043 71.0
8044 71.0
8045 71.0
8046 71.0
8047 71.0
8048 71.0
8049 71.0
8050 71.0
8051 71.0
8052 71.0
8053 71.0
8054 71.0
8055 71.0
8056 71.0
8057 71.0
8058 71.0
8059 71.0
8060 71.0
8061 71.0
8062 71.0
8063 71.0
8064 71.0
8065 71.0
8066 71.0
8067 71.0
8068 71.0
8069 71.0
8070 71.0
8071 71.0
8072 71.0
8073 71.0
8074 71.0
8075 71.0
8076 71.0
8077 71.0
8078 71.0
8079 71.0
8080 71.0
8081 71.0
8082 71.0
8083 71.0
8084 71.0
8085 71.0
8086 71.0
8087 71.0
8088 71.0
8089 71.0
8090 71.0
8091 71.0
8092 71.0
8093 71.0
8094 71.0
8095 71.0
8096 71.0
8097 71.0
8098 71.0
8099 71.0
8100 71.0
8101 71.0
8102 71.0
8103 71.0
8104 71.0
8105 71.0
8106 71.0
8107 71.0
8108 71.0
8109 71.0
8110 71.0
8111 71.0
8112 71.0
8113 71.0
8114 71.0
8115 71.0
8116 71.0
8117 71.0
8118 71.0
8119 71.0
8120 71.0
8121 71.0
8122 71.0
8123 71.0
8124 71.0
8125 71.0
8126 71.0
8127 71.0
8128 71.0
8129 71.0
8130 71.0
8131 71.0
8132 71.0
8133 71.0
8134 71.0
8135 71.0
8136 71.0
8137 71.0
8138 71.0
8139 71.0
8140 71.0
8141 71.0
8142 71.0
8143 71.0
8144 71.0
8145 71.0
8146 71.0
8147 71.0
8148 71.0
8149 71.0
8150 71.0
8151 71.0
8152 71.0
8153 71.0
8154 71.0
8155 71.0
8156 71.0
8157 71.0
8158 71.0
8159 71.0
8160 71.0
8161 71.0
8162 71.0
8163 71.0
8164 71.0
8165 71.0
8166 71.0
8167 71.0
8168 71.0
8169 71.0
8170 71.0
8171 71.0
8172 71.0
8173 71.0
8174 71.0
8175 71.0
8176 71.0
8177 71.0
8178 71.0
8179 71.0
8180 71.0
8181 71.0
8182 71.0
8183 71.0
8184 71.0
8185 71.0
8186 71.0
8187 71.0
8188 71.0
8189 71.0
8190 71.0
8191 71.0
8192 71.0
8193 71.0
8194 71.0
8195 71.0
8196 71.0
8197 71.0
8198 71.0
8199 71.0
8200 71.0
8201 71.0
8202 71.0
8203 71.0
8204 71.0
8205 71.0
8206 71.0
8207 71.0
8208 71.0
8209 71.0
8210 71.0
8211 71.0
8212 71.0
8213 71.0
8214 71.0
8215 71.0
8216 71.0
8217 71.0
8218 71.0
8219 71.0
8220 71.0
8221 71.0
8222 71.0
8223 71.0
8224 71.0
8225 71.0
8226 71.0
8227 71.0
8228 71.0
8229 71.0
8230 71.0
8231 71.0
8232 71.0
8233 71.0
8234 71.0
8235 71.0
8236 71.0
8237 71.0
8238 71.0
8239 71.0
8240 71.0
8241 71.0
8242 71.0
8243 71.0
8244 71.0
8245 71.0
8246 71.0
8247 71.0
8248 71.0
8249 71.0
8250 71.0
8251 71.0
8252 71.0
8253 71.0
8254 71.0
8255 71.0
8256 71.0
8257 71.0
8258 71.0
8259 71.0
8260 71.0
8261 71.0
8262 71.0
8263 71.0
8264 71.0
8265 71.0
8266 71.0
8267 71.0
8268 71.0
8269 71.0
8270 71.0
8271 71.0
8272 71.0
8273 71.0
8274 71.0
8275 71.0
8276 71.0
8277 71.0
8278 71.0
8279 71.0
8280 71.0
8281 71.0
8282 71.0
8283 71.0
8284 71.0
8285 71.0
8286 71.0
8287 71.0
8288 71.0
8289 71.0
8290 71.0
8291 71.0
8292 71.0
8293 71.0
8294 71.0
8295 71.0
8296 71.0
8297 71.0
8298 71.0
8299 71.0
8300 71.0
8301 71.0
8302 71.0
8303 71.0
8304 71.0
8305 71.0
8306 71.0
8307 71.0
8308 71.0
8309 71.0
8310 71.0
8311 71.0
8312 71.0
8313 71.0
8314 71.0
8315 71.0
8316 71.0
8317 71.0
8318 71.0
8319 71.0
8320 71.0
8321 71.0
8322 71.0
8323 71.0
8324 71.0
8325 71.0
8326 71.0
8327 71.0
8328 71.0
8329 71.0
8330 71.0
8331 71.0
8332 71.0
8333 71.0
8334 71.0
8335 71.0
8336 71.0
8337 71.0
8338 71.0
8339 71.0
8340 71.0
8341 71.0
8342 71.0
8343 71.0
8344 71.0
8345 71.0
8346 71.0
8347 71.0
8348 71.0
8349 71.0
8350 71.0
8351 71.0
8352 71.0
8353 71.0
8354 71.0
8355 71.0
8356 71.0
8357 71.0
8358 71.0
8359 71.0
8360 71.0
8361 71.0
8362 71.0
8363 71.0
8364 71.0
8365 71.0
8366 71.0
8367 71.0
8368 71.0
8369 71.0
8370 71.0
8371 71.0
8372 71.0
8373 71.0
8374 71.0
8375 71.0
8376 71.0
8377 71.0
8378 71.0
8379 71.0
8380 71.0
8381 71.0
8382 71.0
8383 71.0
8384 71.0
8385 71.0
8386 71.0
8387 71.0
8388 71.0
8389 71.0
8390 71.0
8391 71.0
8392 71.0
8393 71.0
8394 71.0
8395 71.0
8396 71.0
8397 71.0
8398 71.0
8399 71.0
8400 71.0
8401 71.0
8402 71.0
8403 71.0
8404 71.0
8405 71.0
8406 71.0
8407 71.0
8408 71.0
8409 71.0
8410 71.0
8411 71.0
8412 71.0
8413 71.0
8414 71.0
8415 71.0
8416 71.0
8417 71.0
8418 71.0
8419 71.0
8420 71.0
8421 71.0
8422 71.0
8423 71.0
8424 71.0
8425 71.0
8426 71.0
8427 71.0
8428 71.0
8429 71.0
8430 71.0
8431 71.0
8432 71.0
8433 71.0
8434 71.0
8435 71.0
8436 71.0
8437 71.0
8438 71.0
8439 71.0
8440 71.0
8441 71.0
8442 71.0
8443 71.0
8444 71.0
8445 71.0
8446 71.0
8447 71.0
8448 71.0
8449 71.0
8450 71.0
8451 71.0
8452 71.0
8453 71.0
8454 71.0
8455 71.0
8456 71.0
8457 71.0
8458 71.0
8459 71.0
8460 71.0
8461 71.0
8462 71.0
8463 71.0
8464 71.0
8465 71.0
8466 71.0
8467 71.0
8468 71.0
8469 71.0
8470 71.0
8471 71.0
8472 71.0
8473 71.0
8474 71.0
8475 71.0
8476 71.0
8477 71.0
8478 71.0
8479 71.0
8480 71.0
8481 71.0
8482 71.0
8483 71.0
8484 71.0
8485 71.0
8486 71.0
8487 71.0
8488 71.0
8489 71.0
8490 71.0
8491 71.0
8492 71.0
8493 71.0
8494 71.0
8495 71.0
8496 71.0
8497 71.0
8498 71.0
8499 71.0
8500 71.0
8501 71.0
8502 71.0
8503 71.0
8504 71.0
8505 71.0
8506 71.0
8507 71.0
8508 71.0
8509 71.0
8510 71.0
8511 71.0
8512 71.0
8513 71.0
8514 71.0
8515 71.0
8516 71.0
8517 71.0
8518 71.0
8519 71.0
8520 71.0
8521 71.0
8522 71.0
8523 71.0
8524 71.0
8525 71.0
8526 71.0
8527 71.0
8528 71.0
8529 71.0
8530 71.0
8531 71.0
8532 71.0
8533 71.0
8534 71.0
8535 71.0
8536 71.0
8537 71.0
8538 71.0
8539 71.0
8540 71.0
8541 71.0
8542 71.0
8543 71.0
8544 71.0
8545 71.0
8546 71.0
8547 71.0
8548 71.0
8549 71.0
8550 71.0
8551 71.0
8552 71.0
8553 71.0
8554 71.0
8555 71.0
8556 71.0
8557 71.0
8558 71.0
8559 71.0
8560 71.0
8561 71.0
8562 71.0
8563 71.0
8564 71.0
8565 71.0
8566 71.0
8567 71.0
8568 71.0
8569 71.0
8570 71.0
8571 71.0
8572 71.0
8573 71.0
8574 71.0
8575 71.0
8576 71.0
8577 71.0
8578 71.0
8579 71.0
8580 71.0
8581 71.0
8582 71.0
8583 71.0
8584 71.0
8585 71.0
8586 71.0
8587 71.0
8588 71.0
8589 71.0
8590 71.0
8591 71.0
8592 71.0
8593 71.0
8594 71.0
8595 71.0
8596 71.0
8597 71.0
8598 71.0
8599 71.0
8600 71.0
8601 71.0
8602 71.0
8603 71.0
8604 71.0
8605 71.0
8606 71.0
8607 71.0
8608 71.0
8609 71.0
8610 71.0
8611 71.0
8612 71.0
8613 71.0
8614 71.0
8615 71.0
8616 71.0
8617 71.0
8618 71.0
8619 71.0
8620 71.0
8621 71.0
8622 71.0
8623 71.0
8624 71.0
8625 71.0
8626 71.0
8627 71.0
8628 71.0
8629 71.0
8630 71.0
8631 71.0
8632 71.0
8633 71.0
8634 71.0
8635 71.0
8636 71.0
8637 71.0
8638 71.0
8639 71.0
8640 71.0
8641 71.0
8642 71.0
8643 71.0
8644 71.0
8645 71.0
8646 71.0
8647 71.0
8648 71.0
8649 71.0
8650 71.0
8651 71.0
8652 71.0
8653 71.0
8654 71.0
8655 71.0
8656 71.0
8657 71.0
8658 71.0
8659 71.0
8660 71.0
8661 71.0
8662 71.0
8663 71.0
8664 71.0
8665 71.0
8666 71.0
8667 71.0
8668 71.0
8669 71.0
8670 71.0
8671 71.0
8672 71.0
8673 71.0
8674 71.0
8675 71.0
8676 71.0
8677 71.0
8678 71.0
8679 71.0
8680 71.0
8681 71.0
8682 71.0
8683 71.0
8684 71.0
8685 71.0
8686 71.0
8687 71.0
8688 71.0
8689 71.0
8690 71.0
8691 71.0
8692 71.0
8693 71.0
8694 71.0
8695 71.0
8696 71.0
8697 71.0
8698 71.0
8699 71.0
8700 71.0
8701 71.0
8702 71.0
8703 71.0
8704 71.0
8705 71.0
8706 71.0
8707 71.0
8708 71.0
8709 71.0
8710 71.0
8711 71.0
8712 71.0
8713 71.0
8714 71.0
8715 71.0
8716 71.0
8717 71.0
8718 71.0
8719 71.0
8720 71.0
8721 71.0
8722 71.0
8723 71.0
8724 71.0
8725 71.0
8726 71.0
8727 71.0
8728 71.0
8729 71.0
8730 71.0
8731 71.0
8732 71.0
8733 71.0
8734 71.0
8735 71.0
8736 71.0
8737 71.0
8738 71.0
8739 71.0
8740 71.0
8741 71.0
8742 71.0
8743 71.0
8744 71.0
8745 71.0
8746 71.0
8747 71.0
8748 71.0
8749 71.0
8750 71.0
8751 71.0
8752 71.0
8753 71.0
8754 71.0
8755 71.0
8756 71.0
8757 71.0
8758 71.0
8759 71.0
8760 71.0
8761 71.0
8762 71.0
8763 71.0
8764 71.0
8765 71.0
8766 71.0
8767 71.0
8768 71.0
8769 71.0
8770 71.0
8771 71.0
8772 71.0
8773 71.0
8774 71.0
8775 71.0
8776 71.0
8777 71.0
8778 71.0
8779 71.0
8780 71.0
8781 71.0
8782 71.0
8783 71.0
8784 71.0
8785 71.0
8786 71.0
8787 71.0
8788 71.0
8789 71.0
8790 71.0
8791 71.0
8792 71.0
8793 71.0
8794 71.0
8795 71.0
8796 71.0
8797 71.0
8798 71.0
8799 71.0
8800 71.0
8801 71.0
8802 71.0
8803 71.0
8804 71.0
8805 71.0
8806 71.0
8807 71.0
8808 71.0
8809 71.0
8810 71.0
8811 71.0
8812 71.0
8813 71.0
8814 71.0
8815 71.0
8816 71.0
8817 71.0
8818 71.0
8819 71.0
8820 71.0
8821 71.0
8822 71.0
8823 71.0
8824 71.0
8825 71.0
8826 71.0
8827 71.0
8828 71.0
8829 71.0
8830 71.0
8831 71.0
8832 71.0
8833 71.0
8834 71.0
8835 71.0
8836 71.0
8837 71.0
8838 71.0
8839 71.0
8840 71.0
8841 71.0
8842 71.0
8843 71.0
8844 71.0
8845 71.0
8846 71.0
8847 71.0
8848 71.0
8849 71.0
8850 71.0
8851 71.0
8852 71.0
8853 71.0
8854 71.0
8855 71.0
8856 71.0
8857 71.0
8858 71.0
8859 71.0
8860 71.0
8861 71.0
8862 71.0
8863 71.0
8864 71.0
8865 71.0
8866 71.0
8867 71.0
8868 71.0
8869 71.0
8870 71.0
8871 71.0
8872 71.0
8873 71.0
8874 71.0
8875 71.0
8876 71.0
8877 71.0
8878 71.0
8879 71.0
8880 71.0
8881 71.0
8882 71.0
8883 71.0
8884 71.0
8885 71.0
8886 71.0
8887 71.0
8888 71.0
8889 71.0
8890 71.0
8891 71.0
8892 71.0
8893 71.0
8894 71.0
8895 71.0
8896 71.0
8897 71.0
8898 71.0
8899 71.0
8900 71.0
8901 71.0
8902 71.0
8903 71.0
8904 71.0
8905 71.0
8906 71.0
8907 71.0
8908 71.0
8909 71.0
8910 71.0
8911 71.0
8912 71.0
8913 71.0
8914 71.0
8915 71.0
8916 71.0
8917 71.0
8918 71.0
8919 71.0
8920 71.0
8921 71.0
8922 71.0
8923 71.0
8924 71.0
8925 71.0
8926 71.0
8927 71.0
8928 71.0
8929 71.0
8930 71.0
8931 71.0
8932 71.0
8933 71.0
8934 71.0
8935 71.0
8936 71.0
8937 71.0
8938 71.0
8939 71.0
8940 71.0
8941 71.0
8942 71.0
8943 71.0
8944 71.0
8945 71.0
8946 71.0
8947 71.0
8948 71.0
8949 71.0
8950 71.0
8951 71.0
8952 71.0
8953 71.0
8954 71.0
8955 71.0
8956 71.0
8957 71.0
8958 71.0
8959 71.0
8960 71.0
8961 71.0
8962 71.0
8963 71.0
8964 71.0
8965 71.0
8966 71.0
8967 71.0
8968 71.0
8969 71.0
8970 71.0
8971 71.0
8972 71.0
8973 71.0
8974 71.0
8975 71.0
8976 71.0
8977 71.0
8978 71.0
8979 71.0
8980 71.0
8981 71.0
8982 71.0
8983 71.0
8984 71.0
8985 71.0
8986 71.0
8987 71.0
8988 71.0
8989 71.0
8990 71.0
8991 71.0
8992 71.0
8993 71.0
8994 71.0
8995 71.0
8996 71.0
8997 71.0
8998 71.0
8999 71.0
9000 71.0
9001 71.0
9002 71.0
9003 71.0
9004 71.0
9005 71.0
9006 71.0
9007 71.0
9008 71.0
9009 71.0
9010 71.0
9011 71.0
9012 71.0
9013 71.0
9014 71.0
9015 71.0
9016 71.0
9017 71.0
9018 71.0
9019 71.0
9020 71.0
9021 71.0
9022 71.0
9023 71.0
9024 71.0
9025 71.0
9026 71.0
9027 71.0
9028 71.0
9029 71.0
9030 71.0
9031 71.0
9032 71.0
9033 71.0
9034 71.0
9035 71.0
9036 71.0
9037 71.0
9038 71.0
9039 71.0
9040 71.0
9041 71.0
9042 71.0
9043 71.0
9044 71.0
9045 71.0
9046 71.0
9047 71.0
9048 71.0
9049 71.0
9050 71.0
9051 71.0
9052 71.0
9053 71.0
9054 71.0
9055 71.0
9056 71.0
9057 71.0
9058 71.0
9059 71.0
9060 71.0
9061 71.0
9062 71.0
9063 71.0
9064 71.0
9065 71.0
9066 71.0
9067 71.0
9068 71.0
9069 71.0
9070 71.0
9071 71.0
9072 71.0
9073 71.0
9074 71.0
9075 71.0
9076 71.0
9077 71.0
9078 71.0
9079 71.0
9080 71.0
9081 71.0
9082 71.0
9083 71.0
9084 71.0
9085 71.0
9086 71.0
9087 71.0
9088 71.0
9089 71.0
9090 71.0
9091 71.0
9092 71.0
9093 71.0
9094 71.0
9095 71.0
9096 71.0
9097 71.0
9098 71.0
9099 71.0
9100 71.0
9101 71.0
9102 71.0
9103 71.0
9104 71.0
9105 71.0
9106 71.0
9107 71.0
9108 71.0
9109 71.0
9110 71.0
9111 71.0
9112 71.0
9113 71.0
9114 71.0
9115 71.0
9116 71.0
9117 71.0
9118 71.0
9119 71.0
9120 71.0
9121 71.0
9122 71.0
9123 71.0
9124 71.0
9125 71.0
9126 71.0
9127 71.0
9128 71.0
9129 71.0
9130 71.0
9131 71.0
9132 71.0
9133 71.0
9134 71.0
9135 71.0
9136 71.0
9137 71.0
9138 71.0
9139 71.0
9140 71.0
9141 71.0
9142 71.0
9143 71.0
9144 71.0
9145 71.0
9146 71.0
9147 71.0
9148 71.0
9149 71.0
9150 71.0
9151 71.0
9152 71.0
9153 71.0
9154 71.0
9155 71.0
9156 71.0
9157 71.0
9158 71.0
9159 71.0
9160 71.0
9161 71.0
9162 71.0
9163 71.0
9164 71.0
9165 71.0
9166 71.0
9167 71.0
9168 71.0
9169 71.0
9170 71.0
9171 71.0
9172 71.0
9173 71.0
9174 71.0
9175 71.0
9176 71.0
9177 71.0
9178 71.0
9179 71.0
9180 71.0
9181 71.0
9182 71.0
9183 71.0
9184 71.0
9185 71.0
9186 71.0
9187 71.0
9188 71.0
9189 71.0
9190 71.0
9191 71.0
9192 71.0
9193 71.0
9194 71.0
9195 71.0
9196 71.0
9197 71.0
9198 71.0
9199 71.0
9200 71.0
9201 71.0
9202 71.0
9203 71.0
9204 71.0
9205 71.0
9206 71.0
9207 71.0
9208 71.0
9209 71.0
9210 71.0
9211 71.0
9212 71.0
9213 71.0
9214 71.0
9215 71.0
9216 71.0
9217 71.0
9218 71.0
9219 71.0
9220 71.0
9221 71.0
9222 71.0
9223 71.0
9224 71.0
9225 71.0
9226 71.0
9227 71.0
9228 71.0
9229 71.0
9230 71.0
9231 71.0
9232 71.0
9233 71.0
9234 71.0
9235 71.0
9236 71.0
9237 71.0
9238 71.0
9239 71.0
9240 71.0
9241 71.0
9242 71.0
9243 71.0
9244 71.0
9245 71.0
9246 71.0
9247 71.0
9248 71.0
9249 71.0
9250 71.0
9251 71.0
9252 71.0
9253 71.0
9254 71.0
9255 71.0
9256 71.0
9257 71.0
9258 71.0
9259 71.0
9260 71.0
9261 71.0
9262 71.0
9263 71.0
9264 71.0
9265 71.0
9266 71.0
9267 71.0
9268 71.0
9269 71.0
9270 71.0
9271 71.0
9272 71.0
9273 71.0
9274 71.0
9275 71.0
9276 71.0
9277 71.0
9278 71.0
9279 71.0
9280 71.0
9281 71.0
9282 71.0
9283 71.0
9284 71.0
9285 71.0
9286 71.0
9287 71.0
9288 71.0
9289 71.0
9290 71.0
9291 71.0
9292 71.0
9293 71.0
9294 71.0
9295 71.0
9296 71.0
9297 71.0
9298 71.0
9299 71.0
9300 71.0
9301 71.0
9302 71.0
9303 71.0
9304 71.0
9305 71.0
9306 71.0
9307 71.0
9308 71.0
9309 71.0
9310 71.0
9311 71.0
9312 71.0
9313 71.0
9314 71.0
9315 71.0
9316 71.0
9317 71.0
9318 71.0
9319 71.0
9320 71.0
9321 71.0
9322 71.0
9323 71.0
9324 71.0
9325 71.0
9326 71.0
9327 71.0
9328 71.0
9329 71.0
9330 71.0
9331 71.0
9332 71.0
9333 71.0
9334 71.0
9335 71.0
9336 71.0
9337 71.0
9338 71.0
9339 71.0
9340 71.0
9341 71.0
9342 71.0
9343 71.0
9344 71.0
9345 71.0
9346 71.0
9347 71.0
9348 71.0
9349 71.0
9350 71.0
9351 71.0
9352 71.0
9353 71.0
9354 71.0
9355 71.0
9356 71.0
9357 71.0
9358 71.0
9359 71.0
9360 71.0
9361 71.0
9362 71.0
9363 71.0
9364 71.0
9365 71.0
9366 71.0
9367 71.0
9368 71.0
9369 71.0
9370 71.0
9371 71.0
9372 71.0
9373 71.0
9374 71.0
9375 71.0
9376 71.0
9377 71.0
9378 71.0
9379 71.0
9380 71.0
9381 71.0
9382 71.0
9383 71.0
9384 71.0
9385 71.0
9386 71.0
9387 71.0
9388 71.0
9389 71.0
9390 71.0
9391 71.0
9392 71.0
9393 71.0
9394 71.0
9395 71.0
9396 71.0
9397 71.0
9398 71.0
9399 71.0
9400 71.0
9401 71.0
9402 71.0
9403 71.0
9404 71.0
9405 71.0
9406 71.0
9407 71.0
9408 71.0
9409 71.0
9410 71.0
9411 71.0
9412 71.0
9413 71.0
9414 71.0
9415 71.0
9416 71.0
9417 71.0
9418 71.0
9419 71.0
9420 71.0
9421 71.0
9422 71.0
9423 71.0
9424 71.0
9425 71.0
9426 71.0
9427 71.0
9428 71.0
9429 71.0
9430 71.0
9431 71.0
9432 71.0
9433 71.0
9434 71.0
9435 71.0
9436 71.0
9437 71.0
9438 71.0
9439 71.0
9440 71.0
9441 71.0
9442 71.0
9443 71.0
9444 71.0
9445 71.0
9446 71.0
9447 71.0
9448 71.0
9449 71.0
9450 71.0
9451 71.0
9452 71.0
9453 71.0
9454 71.0
9455 71.0
9456 71.0
9457 71.0
9458 71.0
9459 71.0
9460 71.0
9461 71.0
9462 71.0
9463 71.0
9464 71.0
9465 71.0
9466 71.0
9467 71.0
9468 71.0
9469 71.0
9470 71.0
9471 71.0
9472 71.0
9473 71.0
9474 71.0
9475 71.0
9476 71.0
9477 71.0
9478 71.0
9479 71.0
9480 71.0
9481 71.0
9482 71.0
9483 71.0
9484 71.0
9485 71.0
9486 71.0
9487 71.0
9488 71.0
9489 71.0
9490 71.0
9491 71.0
9492 71.0
9493 71.0
9494 71.0
9495 71.0
9496 71.0
9497 71.0
9498 71.0
9499 71.0
9500 71.0
9501 71.0
9502 71.0
9503 71.0
9504 71.0
9505 71.0
9506 71.0
9507 71.0
9508 71.0
9509 71.0
9510 71.0
9511 71.0
9512 71.0
9513 71.0
9514 71.0
9515 71.0
9516 71.0
9517 71.0
9518 71.0
9519 71.0
9520 71.0
9521 71.0
9522 71.0
9523 71.0
9524 71.0
9525 71.0
9526 71.0
9527 71.0
9528 71.0
9529 71.0
9530 71.0
9531 71.0
9532 71.0
9533 71.0
9534 71.0
9535 71.0
9536 71.0
9537 71.0
9538 71.0
9539 71.0
9540 71.0
9541 71.0
9542 71.0
9543 71.0
9544 71.0
9545 71.0
9546 71.0
9547 71.0
9548 71.0
9549 71.0
9550 71.0
9551 71.0
9552 71.0
9553 71.0
9554 71.0
9555 71.0
9556 71.0
9557 71.0
9558 71.0
9559 71.0
9560 71.0
9561 71.0
9562 71.0
9563 71.0
9564 71.0
9565 71.0
9566 71.0
9567 71.0
9568 71.0
9569 71.0
9570 71.0
9571 71.0
9572 71.0
9573 71.0
9574 71.0
9575 71.0
9576 71.0
9577 74.0
9578 74.0
9579 74.0
9580 74.0
9581 74.0
9582 74.0
9583 74.0
9584 74.0
9585 74.0
9586 74.0
9587 74.0
9588 74.0
9589 74.0
9590 74.0
9591 74.0
9592 74.0
9593 74.0
9594 74.0
9595 74.0
9596 74.0
9597 74.0
9598 74.0
9599 74.0
9600 74.0
9601 74.0
9602 74.0
9603 74.0
9604 74.0
9605 74.0
9606 74.0
9607 74.0
9608 74.0
9609 74.0
9610 74.0
9611 74.0
9612 74.0
9613 74.0
9614 74.0
9615 74.0
9616 74.0
9617 74.0
9618 74.0
9619 74.0
9620 74.0
9621 74.0
9622 74.0
9623 74.0
9624 74.0
9625 74.0
9626 74.0
9627 74.0
9628 74.0
9629 74.0
9630 74.0
9631 74.0
9632 74.0
9633 74.0
9634 74.0
9635 74.0
9636 74.0
9637 74.0
9638 74.0
9639 74.0
9640 74.0
9641 74.0
9642 74.0
9643 74.0
9644 74.0
9645 74.0
9646 74.0
9647 74.0
9648 74.0
9649 74.0
9650 74.0
9651 74.0
9652 74.0
9653 74.0
9654 74.0
9655 74.0
9656 74.0
9657 74.0
9658 74.0
9659 74.0
9660 74.0
9661 74.0
9662 74.0
9663 74.0
9664 74.0
9665 74.0
9666 74.0
9667 74.0
9668 74.0
9669 74.0
9670 74.0
9671 74.0
9672 74.0
9673 74.0
9674 74.0
9675 74.0
9676 74.0
9677 74.0
9678 74.0
9679 74.0
9680 74.0
9681 74.0
9682 74.0
9683 74.0
9684 74.0
9685 74.0
9686 74.0
9687 74.0
9688 74.0
9689 74.0
9690 74.0
9691 74.0
9692 74.0
9693 74.0
9694 74.0
9695 74.0
9696 74.0
9697 74.0
9698 74.0
9699 74.0
9700 74.0
9701 74.0
9702 74.0
9703 74.0
9704 74.0
9705 74.0
9706 74.0
9707 74.0
9708 74.0
9709 74.0
9710 74.0
9711 74.0
9712 74.0
9713 74.0
9714 74.0
9715 74.0
9716 74.0
9717 74.0
9718 74.0
9719 74.0
9720 74.0
9721 74.0
9722 74.0
9723 74.0
9724 74.0
9725 74.0
9726 74.0
9727 74.0
9728 74.0
9729 74.0
9730 74.0
9731 74.0
9732 74.0
9733 74.0
9734 74.0
9735 74.0
9736 74.0
9737 74.0
9738 74.0
9739 74.0
9740 74.0
9741 74.0
9742 74.0
9743 74.0
9744 74.0
9745 74.0
9746 74.0
9747 74.0
9748 74.0
9749 74.0
9750 74.0
9751 74.0
9752 74.0
9753 74.0
9754 74.0
9755 74.0
9756 74.0
9757 74.0
9758 74.0
9759 74.0
9760 74.0
9761 74.0
9762 74.0
9763 74.0
9764 74.0
9765 74.0
9766 74.0
9767 74.0
9768 74.0
9769 74.0
9770 74.0
9771 74.0
9772 74.0
9773 74.0
9774 74.0
9775 74.0
9776 74.0
9777 74.0
9778 74.0
9779 74.0
9780 74.0
9781 74.0
9782 74.0
9783 74.0
9784 74.0
9785 74.0
9786 74.0
9787 74.0
9788 74.0
9789 74.0
9790 74.0
9791 74.0
9792 74.0
9793 74.0
9794 74.0
9795 74.0
9796 74.0
9797 74.0
9798 74.0
9799 74.0
9800 74.0
9801 74.0
9802 74.0
9803 74.0
9804 74.0
9805 74.0
9806 74.0
9807 74.0
9808 74.0
9809 74.0
9810 74.0
9811 74.0
9812 74.0
9813 74.0
9814 74.0
9815 74.0
9816 74.0
9817 74.0
9818 74.0
9819 74.0
9820 74.0
9821 74.0
9822 74.0
9823 74.0
9824 74.0
9825 74.0
9826 74.0
9827 74.0
9828 74.0
9829 74.0
9830 74.0
9831 74.0
9832 74.0
9833 74.0
9834 74.0
9835 74.0
9836 74.0
9837 74.0
9838 74.0
9839 74.0
9840 74.0
9841 74.0
9842 74.0
9843 74.0
9844 74.0
9845 74.0
9846 74.0
9847 74.0
9848 74.0
9849 74.0
9850 74.0
9851 74.0
9852 74.0
9853 74.0
9854 74.0
9855 74.0
9856 74.0
9857 74.0
9858 74.0
9859 74.0
9860 74.0
9861 74.0
9862 74.0
9863 74.0
9864 74.0
9865 74.0
9866 74.0
9867 74.0
9868 74.0
9869 74.0
9870 74.0
9871 74.0
9872 74.0
9873 74.0
9874 74.0
9875 74.0
9876 74.0
9877 74.0
9878 74.0
9879 74.0
9880 74.0
9881 74.0
9882 74.0
9883 74.0
9884 74.0
9885 74.0
9886 74.0
9887 74.0
9888 74.0
9889 74.0
9890 74.0
9891 74.0
9892 74.0
9893 74.0
9894 74.0
9895 74.0
9896 74.0
9897 74.0
9898 74.0
9899 74.0
9900 74.0
9901 74.0
9902 74.0
9903 74.0
9904 74.0
9905 74.0
9906 74.0
9907 74.0
9908 74.0
9909 74.0
9910 74.0
9911 74.0
9912 74.0
9913 74.0
9914 74.0
9915 74.0
9916 74.0
9917 74.0
9918 74.0
9919 74.0
9920 74.0
9921 74.0
9922 74.0
9923 74.0
9924 74.0
9925 74.0
9926 74.0
9927 74.0
9928 74.0
9929 74.0
9930 74.0
9931 74.0
9932 74.0
9933 74.0
9934 74.0
9935 74.0
9936 74.0
9937 74.0
9938 74.0
9939 74.0
9940 74.0
9941 74.0
9942 74.0
9943 74.0
9944 74.0
9945 74.0
9946 74.0
9947 74.0
9948 74.0
9949 74.0
9950 74.0
9951 74.0
9952 74.0
9953 74.0
9954 74.0
9955 74.0
9956 74.0
9957 74.0
9958 74.0
9959 74.0
9960 74.0
9961 74.0
9962 74.0
9963 74.0
9964 74.0
9965 74.0
9966 74.0
9967 74.0
9968 74.0
9969 74.0
9970 74.0
9971 74.0
9972 74.0
9973 74.0
9974 74.0
9975 74.0
9976 74.0
9977 74.0
9978 74.0
9979 74.0
9980 74.0
9981 74.0
9982 74.0
9983 74.0
9984 74.0
9985 74.0
9986 74.0
9987 74.0
9988 74.0
9989 74.0
9990 74.0
9991 74.0
9992 74.0
9993 74.0
9994 74.0
9995 74.0
9996 74.0
9997 74.0
9998 74.0
9999 74.0
10000 74.0
