# evaluation best
1 29.0
2 29.0
3 29.0
4 29.0
5 29.0
6 29.0
7 29.0
8 29.0
9 36.0
10 36.0
11 36.0
12 36.0
13 36.0
14 36.0
15 36.0
16 36.0
17 36.0
18 36.0
19 36.0
20 36.0
21 36.0
22 36.0
23 36.0
24 36.0
25 36.0
26 36.0
27 36.0
28 36.0
29 36.0
30 36.0
31 36.0
32 36.0
33 36.0
34 36.0
35 36.0
36 36.0
37 36.0
38 36.0
39 50.0
40 50.0
41 50.0
42 50.0
43 50.0
44 50.0
45 50.0
46 50.0
47 50.0
48 50.0
49 50.0
50 50.0
51 50.0
52 50.0
53 50.0
54 50.0
55 50.0
56 50.0
57 50.0
58 50.0
59 50.0
60 50.0
61 50.0
62 50.0
63 50.0
64 50.0
65 50.0
66 50.0
67 50.0
68 50.0
69 50.0
70 50.0
71 50.0
72 50.0
73 50.0
74 50.0
75 50.0
76 50.0
77 50.0
78 50.0
79 50.0
80 50.0
81 50.0
82 50.0
83 50.0
84 50.0
85 50.0
86 50.0
87 50.0
88 50.0
89 50.0
90 50.0
91 50.0
92 50.0
93 50.0
94 50.0
95 50.0
96 50.0
97 50.0
98 50.0
99 50.0
100 50.0
101 50.0
102 50.0
103 50.0
104 50.0
105 50.0
106 50.0
107 50.0
108 50.0
109 50.0
110 50.0
111 50.0
112 50.0
113 50.0
114 50.0
115 50.0
116 50.0
117 50.0
118 50.0
119 50.0
120 50.0
121 50.0
122 50.0
123 50.0
124 50.0
125 50.0
126 50.0
127 50.0
128 50.0
129 50.0
130 50.0
131 50.0
132 50.0
133 50.0
134 50.0
135 50.0
136 50.0
137 50.0
138 50.0
139 50.0
140 50.0
141 50.0
142 50.0
143 50.0
144 50.0
145 50.0
146 50.0
147 50.0
148 50.0
149 50.0
150 50.0
151 56.0
152 56.0
153 56.0
154 56.0
155 56.0
156 56.0
157 56.0
158 56.0
159 56.0
160 56.0
161 56.0
162 56.0
163 56.0
164 56.0
165 56.0
166 56.0
167 56.0
168 56.0
169 56.0
170 56.0
171 56.0
172 56.0
173 56.0
174 56.0
175 56.0
176 56.0
177 56.0
178 56.0
179 56.0
180 56.0
181 56.0
182 56.0
183 56.0
184 56.0
185 56.0
186 56.0
187 56.0
188 56.0
189 56.0
190 56.0
191 56.0
192 56.0
193 56.0
194 56.0
195 56.0
196 56.0
197 56.0
198 56.0
199 56.0
200 56.0
201 56.0
202 56.0
203 56.0
204 56.0
205 56.0
206 56.0
207 56.0
208 56.0
209 56.0
210 56.0
211 56.0
212 56.0
213 56.0
214 56.0
215 56.0
216 56.0
217 56.0
218 56.0
219 56.0
220 56.0
221 56.0
222 56.0
223 56.0
224 56.0
225 56.0
226 56.0
227 56.0
228 56.0
229 56.0
230 56.0
231 56.0
232 56.0
233 56.0
234 56.0
235 56.0
236 56.0
237 56.0
238 56.0
239 56.0
240 56.0
241 56.0
242 56.0
243 56.0
244 56.0
245 56.0
246 56.0
247 56.0
248 56.0
249 56.0
250 56.0
251 56.0
252 56.0
253 56.0
254 56.0
255 56.0
256 56.0
257 56.0
258 56.0
259 56.0
260 56.0
261 56.0
262 56.0
263 56.0
264 56.0
265 56.0
266 56.0
267 56.0
268 56.0
269 56.0
270 56.0
271 56.0
272 56.0
273 56.0
274 56.0
275 56.0
276 56.0
277 56.0
278 56.0
279 56.0
280 56.0
281 56.0
282 56.0
283 56.0
284 56.0
285 56.0
286 56.0
287 56.0
288 56.0
289 56.0
290 56.0
291 56.0
292 56.0
293 56.0
294 56.0
295 56.0
296 56.0
297 56.0
298 56.0
299 56.0
300 56.0
301 56.0
302 56.0
303 56.0
304 56.0
305 56.0
306 56.0
307 56.0
308 56.0
309 56.0
310 56.0
311 56.0
312 56.0
313 56.0
314 56.0
315 56.0
316 56.0
317 56.0
318 56.0
319 56.0
320 56.0
321 56.0
322 56.0
323 56.0
324 56.0
325 56.0
326 56.0
327 56.0
328 56.0
329 56.0
330 56.0
331 56.0
332 56.0
333 56.0
334 56.0
335 56.0
336 56.0
337 56.0
338 56.0
339 56.0
340 56.0
341 56.0
342 56.0
343 56.0
344 56.0
345 56.0
346 56.0
347 56.0
348 56.0
349 56.0
350 56.0
351 56.0
352 56.0
353 56.0
354 56.0
355 56.0
356 56.0
357 56.0
358 56.0
359 56.0
360 56.0
361 56.0
362 56.0
363 56.0
364 56.0
365 56.0
366 56.0
367 56.0
368 56.0
369 56.0
370 56.0
371 56.0
372 56.0
373 56.0
374 56.0
375 56.0
376 56.0
377 56.0
378 56.0
379 56.0
380 56.0
381 56.0
382 56.0
383 56.0
384 56.0
385 56.0
386 56.0
387 56.0
388 56.0
389 56.0
390 56.0
391 56.0
392 56.0
393 56.0
394 56.0
395 56.0
396 56.0
397 56.0
398 56.0
399 56.0
400 56.0
401 56.0
402 56.0
403 56.0
404 56.0
405 56.0
406 56.0
407 56.0
408 56.0
409 56.0
410 56.0
411 56.0
412 56.0
413 56.0
414 56.0
415 56.0
416 56.0
417 56.0
418 56.0
419 56.0
420 56.0
421 56.0
422 58.0
423 58.0
424 58.0
425 58.0
426 58.0
427 58.0
428 58.0
429 58.0
430 58.0
431 58.0
432 58.0
433 58.0
434 58.0
435 58.0
436 58.0
437 58.0
438 58.0
439 58.0
440 58.0
441 58.0
442 58.0
443 58.0
444 58.0
445 58.0
446 58.0
447 58.0
448 58.0
449 58.0
450 58.0
451 58.0
452 58.0
453 58.0
454 58.0
455 58.0
456 58.0
457 58.0
458 58.0
459 58.0
460 58.0
461 58.0
462 58.0
463 58.0
464 58.0
465 58.0
466 58.0
467 58.0
468 58.0
469 58.0
470 58.0
471 58.0
472 58.0
473 58.0
474 58.0
475 58.0
476 58.0
477 58.0
478 58.0
479 58.0
480 58.0
481 58.0
482 58.0
483 58.0
484 58.0
485 58.0
486 58.0
487 58.0
488 58.0
489 58.0
490 58.0
491 58.0
492 58.0
493 58.0
494 58.0
495 58.0
496 58.0
497 58.0
498 58.0
499 58.0
500 58.0
501 58.0
502 58.0
503 58.0
504 58.0
505 58.0
506 58.0
507 58.0
508 58.0
509 58.0
510 58.0
511 58.0
512 58.0
513 58.0
514 58.0
515 58.0
516 58.0
517 58.0
518 58.0
519 58.0
520 58.0
521 58.0
522 58.0
523 58.0
524 58.0
525 58.0
526 58.0
527 58.0
528 58.0
529 58.0
530 58.0
531 58.0
532 58.0
533 58.0
534 58.0
535 58.0
536 58.0
537 58.0
538 58.0
539 58.0
540 58.0
541 58.0
542 58.0
543 58.0
544 58.0
545 58.0
546 58.0
547 58.0
548 58.0
549 58.0
550 58.0
551 58.0
552 58.0
553 58.0
554 58.0
555 58.0
556 58.0
557 58.0
558 58.0
559 58.0
560 58.0
561 58.0
562 58.0
563 58.0
564 58.0
565 58.0
566 58.0
567 58.0
568 58.0
569 58.0
570 58.0
571 58.0
572 58.0
573 58.0
574 58.0
575 58.0
576 58.0
577 58.0
578 58.0
579 58.0
580 58.0
581 58.0
582 58.0
583 58.0
584 58.0
585 58.0
586 58.0
587 58.0
588 58.0
589 58.0
590 58.0
591 58.0
592 58.0
593 58.0
594 58.0
595 58.0
596 58.0
597 58.0
598 58.0
599 58.0
600 58.0
601 58.0
602 58.0
603 58.0
604 58.0
605 58.0
606 58.0
607 58.0
608 58.0
609 58.0
610 58.0
611 58.0
612 58.0
613 58.0
614 58.0
615 58.0
616 58.0
617 58.0
618 58.0
619 58.0
620 58.0
621 58.0
622 58.0
623 58.0
624 58.0
625 58.0
626 58.0
627 58.0
628 58.0
629 58.0
630 58.0
631 58.0
632 58.0
633 58.0
634 58.0
635 58.0
636 58.0
637 58.0
638 58.0
639 58.0
640 58.0
641 58.0
642 58.0
643 58.0
644 58.0
645 58.0
646 58.0
647 58.0
648 58.0
649 58.0
650 58.0
651 58.0
652 58.0
653 58.0
654 58.0
655 58.0
656 58.0
657 58.0
658 58.0
659 58.0
660 58.0
661 58.0
662 58.0
663 58.0
664 58.0
665 58.0
666 58.0
667 58.0
668 58.0
669 58.0
670 58.0
671 58.0
672 58.0
673 58.0
674 58.0
675 58.0
676 58.0
677 58.0
678 58.0
679 58.0
680 58.0
681 58.0
682 58.0
683 58.0
684 58.0
685 58.0
686 58.0
687 58.0
688 58.0
689 58.0
690 58.0
691 58.0
692 58.0
693 58.0
694 58.0
695 58.0
696 58.0
697 58.0
698 58.0
699 58.0
700 58.0
701 58.0
702 58.0
703 58.0
704 58.0
705 58.0
706 58.0
707 58.0
708 58.0
709 58.0
710 58.0
711 58.0
712 58.0
713 58.0
714 58.0
715 58.0
716 58.0
717 58.0
718 58.0
719 58.0
720 58.0
721 58.0
722 58.0
723 58.0
724 58.0
725 58.0
726 58.0
727 58.0
728 58.0
729 58.0
730 58.0
731 58.0
732 58.0
733 58.0
734 58.0
735 58.0
736 58.0
737 58.0
738 58.0
739 58.0
740 58.0
741 58.0
742 58.0
743 58.0
744 58.0
745 58.0
746 58.0
747 58.0
748 58.0
749 58.0
750 58.0
751 58.0
752 58.0
753 58.0
754 58.0
755 58.0
756 58.0
757 58.0
758 58.0
759 58.0
760 58.0
761 58.0
762 58.0
763 58.0
764 58.0
765 58.0
766 58.0
767 58.0
768 58.0
769 58.0
770 58.0
771 58.0
772 58.0
773 58.0
774 58.0
775 58.0
776 58.0
777 58.0
778 58.0
779 58.0
780 58.0
781 58.0
782 58.0
783 58.0
784 58.0
785 58.0
786 58.0
787 58.0
788 58.0
789 58.0
790 58.0
791 58.0
792 58.0
793 58.0
794 58.0
795 58.0
796 58.0
797 58.0
798 58.0
799 58.0
800 58.0
801 58.0
802 58.0
803 58.0
804 58.0
805 58.0
806 58.0
807 58.0
808 58.0
809 58.0
810 58.0
811 58.0
812 58.0
813 58.0
814 58.0
815 58.0
816 58.0
817 58.0
818 58.0
819 58.0
820 58.0
821 58.0
822 58.0
823 58.0
824 58.0
825 58.0
826 58.0
827 58.0
828 58.0
829 58.0
830 58.0
831 58.0
832 58.0
833 58.0
834 58.0
835 58.0
836 58.0
837 58.0
838 58.0
839 58.0
840 58.0
841 58.0
842 58.0
843 58.0
844 58.0
845 58.0
846 58.0
847 58.0
848 58.0
849 58.0
850 58.0
851 58.0
852 58.0
853 58.0
854 58.0
855 58.0
856 58.0
857 58.0
858 58.0
859 58.0
860 58.0
861 58.0
862 58.0
863 58.0
864 58.0
865 58.0
866 58.0
867 58.0
868 58.0
869 58.0
870 58.0
871 58.0
872 58.0
873 58.0
874 58.0
875 58.0
876 58.0
877 58.0
878 58.0
879 58.0
880 58.0
881 58.0
882 58.0
883 58.0
884 58.0
885 58.0
886 58.0
887 58.0
888 58.0
889 58.0
890 58.0
891 58.0
892 58.0
893 58.0
894 58.0
895 58.0
896 58.0
897 58.0
898 58.0
899 58.0
900 58.0
901 58.0
902 58.0
903 58.0
904 58.0
905 58.0
906 58.0
907 58.0
908 58.0
909 58.0
910 58.0
911 58.0
912 58.0
913 58.0
914 58.0
915 58.0
916 58.0
917 58.0
918 58.0
919 58.0
920 58.0
921 58.0
922 58.0
923 58.0
924 58.0
925 58.0
926 58.0
927 58.0
928 58.0
929 58.0
930 58.0
931 58.0
932 58.0
933 58.0
934 58.0
935 58.0
936 58.0
937 58.0
938 58.0
939 58.0
940 58.0
941 58.0
942 58.0
943 58.0
944 58.0
945 58.0
946 58.0
947 58.0
948 58.0
949 58.0
950 58.0
951 58.0
952 58.0
953 58.0
954 58.0
955 58.0
956 58.0
957 58.0
958 58.0
959 58.0
960 58.0
961 58.0
962 58.0
963 58.0
964 58.0
965 58.0
966 58.0
967 58.0
968 58.0
969 58.0
970 58.0
971 58.0
972 58.0
973 58.0
974 58.0
975 58.0
976 58.0
977 58.0
978 58.0
979 58.0
980 58.0
981 58.0
982 58.0
983 58.0
984 58.0
985 58.0
986 58.0
987 58.0
988 58.0
989 58.0
990 58.0
991 58.0
992 58.0
993 58.0
994 58.0
995 58.0
996 58.0
997 58.0
998 58.0
999 58.0
1000 58.0
1001 58.0
1002 58.0
1003 58.0
1004 58.0
1005 58.0
1006 58.0
1007 58.0
1008 58.0
1009 58.0
1010 58.0
1011 58.0
1012 58.0
1013 58.0
1014 58.0
1015 58.0
1016 58.0
1017 58.0
1018 58.0
1019 58.0
1020 58.0
1021 58.0
1022 58.0
1023 58.0
1024 58.0
1025 58.0
1026 58.0
1027 58.0
1028 58.0
1029 58.0
1030 58.0
1031 58.0
1032 58.0
1033 58.0
1034 58.0
1035 58.0
1036 58.0
1037 58.0
1038 58.0
1039 58.0
1040 58.0
1041 58.0
1042 58.0
1043 58.0
1044 58.0
1045 58.0
1046 58.0
1047 58.0
1048 58.0
1049 58.0
1050 58.0
1051 58.0
1052 58.0
1053 58.0
1054 58.0
1055 58.0
1056 58.0
1057 58.0
1058 58.0
1059 58.0
1060 58.0
1061 58.0
1062 58.0
1063 58.0
1064 58.0
1065 58.0
1066 58.0
1067 58.0
1068 58.0
1069 58.0
1070 58.0
1071 58.0
1072 58.0
1073 58.0
1074 58.0
1075 58.0
1076 58.0
1077 58.0
1078 58.0
1079 58.0
1080 58.0
1081 58.0
1082 58.0
1083 58.0
1084 58.0
1085 58.0
1086 58.0
1087 58.0
1088 58.0
1089 58.0
1090 58.0
1091 58.0
1092 58.0
1093 58.0
1094 58.0
1095 58.0
1096 58.0
1097 58.0
1098 58.0
1099 58.0
1100 58.0
1101 58.0
1102 58.0
1103 58.0
1104 58.0
1105 58.0
1106 58.0
1107 58.0
1108 58.0
1109 58.0
1110 58.0
1111 58.0
1112 58.0
1113 58.0
1114 58.0
1115 58.0
1116 58.0
1117 58.0
1118 58.0
1119 58.0
1120 58.0
1121 58.0
1122 58.0
1123 58.0
1124 58.0
1125 58.0
1126 58.0
1127 58.0
1128 58.0
1129 58.0
1130 58.0
1131 58.0
1132 58.0
1133 58.0
1134 58.0
1135 58.0
1136 58.0
1137 58.0
1138 58.0
1139 58.0
1140 58.0
1141 58.0
1142 58.0
1143 58.0
1144 58.0
1145 58.0
1146 58.0
1147 58.0
1148 58.0
1149 58.0
1150 58.0
1151 58.0
1152 58.0
1153 58.0
1154 58.0
1155 58.0
1156 58.0
1157 58.0
1158 58.0
1159 58.0
1160 58.0
1161 58.0
1162 58.0
1163 58.0
1164 58.0
1165 58.0
1166 58.0
1167 58.0
1168 58.0
1169 58.0
1170 58.0
1171 58.0
1172 58.0
1173 58.0
1174 58.0
1175 58.0
1176 58.0
1177 58.0
1178 58.0
1179 58.0
1180 58.0
1181 58.0
1182 58.0
1183 58.0
1184 58.0
1185 58.0
1186 58.0
1187 58.0
1188 58.0
1189 58.0
1190 58.0
1191 58.0
1192 63.0
1193 63.0
1194 63.0
1195 63.0
1196 63.0
1197 63.0
1198 63.0
1199 63.0
1200 63.0
1201 63.0
1202 63.0
1203 63.0
1204 63.0
1205 63.0
1206 63.0
1207 63.0
1208 63.0
1209 63.0
1210 63.0
1211 63.0
1212 63.0
1213 63.0
1214 63.0
1215 63.0
1216 63.0
1217 63.0
1218 63.0
1219 63.0
1220 63.0
1221 63.0
1222 63.0
1223 63.0
1224 63.0
1225 63.0
1226 63.0
1227 63.0
1228 63.0
1229 63.0
1230 63.0
1231 63.0
1232 63.0
1233 63.0
1234 63.0
1235 63.0
1236 63.0
1237 63.0
1238 63.0
1239 63.0
1240 63.0
1241 63.0
1242 63.0
1243 63.0
1244 63.0
1245 63.0
1246 63.0
1247 63.0
1248 63.0
1249 63.0
1250 63.0
1251 63.0
1252 63.0
1253 63.0
1254 63.0
1255 63.0
1256 63.0
1257 63.0
1258 63.0
1259 63.0
1260 63.0
1261 63.0
1262 63.0
1263 63.0
1264 63.0
1265 63.0
1266 63.0
1267 63.0
1268 63.0
1269 63.0
1270 63.0
1271 63.0
1272 63.0
1273 63.0
1274 63.0
1275 63.0
1276 63.0
1277 63.0
1278 63.0
1279 63.0
1280 63.0
1281 63.0
1282 63.0
1283 63.0
1284 63.0
1285 63.0
1286 63.0
1287 63.0
1288 63.0
1289 63.0
1290 63.0
1291 63.0
1292 63.0
1293 63.0
1294 63.0
1295 63.0
1296 63.0
1297 63.0
1298 63.0
1299 63.0
1300 63.0
1301 63.0
1302 63.0
1303 63.0
1304 63.0
1305 63.0
1306 63.0
1307 63.0
1308 63.0
1309 63.0
1310 63.0
1311 63.0
1312 63.0
1313 63.0
1314 63.0
1315 63.0
1316 63.0
1317 63.0
1318 63.0
1319 63.0
1320 63.0
1321 63.0
1322 63.0
1323 63.0
1324 63.0
1325 63.0
1326 63.0
1327 63.0
1328 63.0
1329 63.0
1330 63.0
1331 63.0
1332 63.0
1333 63.0
1334 63.0
1335 63.0
1336 63.0
1337 63.0
1338 63.0
1339 63.0
1340 63.0
1341 63.0
1342 63.0
1343 63.0
1344 63.0
1345 63.0
1346 63.0
1347 63.0
1348 63.0
1349 63.0
1350 63.0
1351 63.0
1352 63.0
1353 63.0
1354 63.0
1355 63.0
1356 63.0
1357 63.0
1358 63.0
1359 63.0
1360 63.0
1361 63.0
1362 63.0
1363 63.0
1364 63.0
1365 63.0
1366 63.0
1367 63.0
1368 63.0
1369 63.0
1370 63.0
1371 63.0
1372 63.0
1373 63.0
1374 63.0
1375 63.0
1376 63.0
1377 63.0
1378 63.0
1379 63.0
1380 63.0
1381 63.0
1382 63.0
1383 63.0
1384 63.0
1385 63.0
1386 63.0
1387 63.0
1388 63.0
1389 63.0
1390 63.0
1391 63.0
1392 63.0
1393 63.0
1394 63.0
1395 63.0
1396 63.0
1397 63.0
1398 63.0
1399 63.0
1400 63.0
1401 63.0
1402 63.0
1403 63.0
1404 63.0
1405 63.0
1406 63.0
1407 63.0
1408 63.0
1409 63.0
1410 63.0
1411 63.0
1412 63.0
1413 63.0
1414 63.0
1415 63.0
1416 63.0
1417 63.0
1418 63.0
1419 63.0
1420 63.0
1421 63.0
1422 63.0
1423 63.0
1424 63.0
1425 63.0
1426 63.0
1427 63.0
1428 63.0
1429 63.0
1430 63.0
1431 63.0
1432 63.0
1433 63.0
1434 63.0
1435 63.0
1436 63.0
1437 63.0
1438 63.0
1439 63.0
1440 63.0
1441 63.0
1442 63.0
1443 63.0
1444 63.0
1445 63.0
1446 63.0
1447 63.0
1448 63.0
1449 63.0
1450 63.0
1451 63.0
1452 63.0
1453 63.0
1454 63.0
1455 63.0
1456 63.0
1457 63.0
1458 63.0
1459 63.0
1460 63.0
1461 63.0
1462 63.0
1463 63.0
1464 63.0
1465 63.0
1466 63.0
1467 63.0
1468 63.0
1469 63.0
1470 63.0
1471 63.0
1472 63.0
1473 63.0
1474 63.0
1475 63.0
1476 63.0
1477 63.0
1478 63.0
1479 63.0
1480 63.0
1481 63.0
1482 63.0
1483 63.0
1484 63.0
1485 63.0
1486 63.0
1487 63.0
1488 63.0
1489 63.0
1490 63.0
1491 63.0
1492 63.0
1493 63.0
1494 63.0
1495 63.0
1496 63.0
1497 63.0
1498 63.0
1499 63.0
1500 63.0
1501 63.0
1502 63.0
1503 63.0
1504 63.0
1505 63.0
1506 63.0
1507 63.0
1508 63.0
1509 63.0
1510 63.0
1511 63.0
1512 63.0
1513 63.0
1514 63.0
1515 63.0
1516 63.0
1517 63.0
1518 63.0
1519 63.0
1520 63.0
1521 63.0
1522 63.0
1523 63.0
1524 63.0
1525 63.0
1526 63.0
1527 63.0
1528 63.0
1529 63.0
1530 63.0
1531 63.0
1532 63.0
1533 63.0
1534 63.0
1535 63.0
1536 63.0
1537 63.0
1538 63.0
1539 63.0
1540 63.0
1541 63.0
1542 63.0
1543 63.0
1544 63.0
1545 63.0
1546 63.0
1547 63.0
1548 63.0
1549 63.0
1550 63.0
1551 63.0
1552 63.0
1553 63.0
1554 63.0
1555 63.0
1556 63.0
1557 63.0
1558 63.0
1559 63.0
1560 63.0
1561 63.0
1562 63.0
1563 63.0
1564 63.0
1565 63.0
1566 63.0
1567 63.0
1568 63.0
1569 63.0
1570 63.0
1571 63.0
1572 63.0
1573 63.0
1574 63.0
1575 63.0
1576 63.0
1577 63.0
1578 63.0
1579 63.0
1580 63.0
1581 63.0
1582 63.0
1583 63.0
1584 63.0
1585 63.0
1586 63.0
1587 63.0
1588 63.0
1589 63.0
1590 63.0
1591 63.0
1592 63.0
1593 63.0
1594 63.0
1595 63.0
1596 63.0
1597 63.0
1598 63.0
1599 63.0
1600 63.0
1601 63.0
1602 63.0
1603 63.0
1604 63.0
1605 63.0
1606 63.0
1607 63.0
1608 63.0
1609 63.0
1610 63.0
1611 63.0
1612 63.0
1613 63.0
1614 63.0
1615 63.0
1616 63.0
1617 63.0
1618 63.0
1619 63.0
1620 63.0
1621 63.0
1622 63.0
1623 63.0
1624 63.0
1625 63.0
1626 63.0
1627 63.0
1628 63.0
1629 63.0
1630 63.0
1631 63.0
1632 63.0
1633 63.0
1634 63.0
1635 63.0
1636 63.0
1637 63.0
1638 63.0
1639 63.0
1640 63.0
1641 63.0
1642 63.0
1643 63.0
1644 63.0
1645 63.0
1646 63.0
1647 63.0
1648 63.0
1649 63.0
1650 63.0
1651 63.0
1652 63.0
1653 63.0
1654 63.0
1655 63.0
1656 63.0
1657 63.0
1658 63.0
1659 63.0
1660 63.0
1661 63.0
1662 63.0
1663 63.0
1664 63.0
1665 63.0
1666 63.0
1667 63.0
1668 63.0
1669 63.0
1670 63.0
1671 63.0
1672 63.0
1673 63.0
1674 63.0
1675 63.0
1676 63.0
1677 63.0
1678 63.0
1679 63.0
1680 63.0
1681 63.0
1682 63.0
1683 63.0
1684 63.0
1685 63.0
1686 63.0
1687 63.0
1688 63.0
1689 63.0
1690 63.0
1691 63.0
1692 63.0
1693 63.0
1694 63.0
1695 63.0
1696 63.0
1697 63.0
1698 63.0
1699 63.0
1700 63.0
1701 63.0
1702 63.0
1703 63.0
1704 63.0
1705 63.0
1706 63.0
1707 63.0
1708 63.0
1709 63.0
1710 63.0
1711 63.0
1712 63.0
1713 63.0
1714 63.0
1715 63.0
1716 63.0
1717 63.0
1718 63.0
1719 63.0
1720 63.0
1721 63.0
1722 63.0
1723 63.0
1724 63.0
1725 63.0
1726 63.0
1727 63.0
1728 63.0
1729 63.0
1730 63.0
1731 63.0
1732 63.0
1733 63.0
1734 63.0
1735 63.0
1736 63.0
1737 63.0
1738 63.0
1739 63.0
1740 63.0
1741 63.0
1742 63.0
1743 63.0
1744 63.0
1745 63.0
1746 63.0
1747 63.0
1748 63.0
1749 63.0
1750 63.0
1751 63.0
1752 63.0
1753 63.0
1754 63.0
1755 63.0
1756 63.0
1757 63.0
1758 63.0
1759 63.0
1760 63.0
1761 63.0
1762 63.0
1763 63.0
1764 63.0
1765 63.0
1766 63.0
1767 63.0
1768 63.0
1769 63.0
1770 63.0
1771 63.0
1772 63.0
1773 63.0
1774 63.0
1775 63.0
1776 63.0
1777 63.0
1778 63.0
1779 63.0
1780 63.0
1781 63.0
1782 63.0
1783 63.0
1784 63.0
1785 63.0
1786 63.0
1787 63.0
1788 63.0
1789 63.0
1790 63.0
1791 63.0
1792 63.0
1793 63.0
1794 63.0
1795 63.0
1796 63.0
1797 63.0
1798 63.0
1799 63.0
1800 63.0
1801 63.0
1802 63.0
1803 63.0
1804 63.0
1805 63.0
1806 63.0
1807 63.0
1808 63.0
1809 63.0
1810 63.0
1811 63.0
1812 63.0
1813 63.0
1814 63.0
1815 63.0
1816 63.0
1817 63.0
1818 63.0
1819 63.0
1820 63.0
1821 63.0
1822 63.0
1823 63.0
1824 63.0
1825 63.0
1826 63.0
1827 63.0
1828 63.0
1829 63.0
1830 63.0
1831 63.0
1832 63.0
1833 63.0
1834 63.0
1835 63.0
1836 63.0
1837 63.0
1838 63.0
1839 63.0
1840 63.0
1841 63.0
1842 63.0
1843 63.0
1844 63.0
1845 63.0
1846 63.0
1847 63.0
1848 63.0
1849 63.0
1850 63.0
1851 63.0
1852 63.0
1853 63.0
1854 63.0
1855 63.0
1856 63.0
1857 63.0
1858 63.0
1859 63.0
1860 63.0
1861 63.0
1862 63.0
1863 63.0
1864 63.0
1865 63.0
1866 63.0
1867 63.0
1868 63.0
1869 63.0
1870 63.0
1871 63.0
1872 63.0
1873 63.0
1874 63.0
1875 63.0
1876 63.0
1877 63.0
1878 63.0
1879 63.0
1880 63.0
1881 63.0
1882 63.0
1883 63.0
1884 63.0
1885 63.0
1886 63.0
1887 63.0
1888 63.0
1889 63.0
1890 63.0
1891 63.0
1892 63.0
1893 63.0
1894 63.0
1895 63.0
1896 63.0
1897 63.0
1898 63.0
1899 63.0
1900 63.0
1901 63.0
1902 63.0
1903 63.0
1904 63.0
1905 63.0
1906 63.0
1907 63.0
1908 63.0
1909 63.0
1910 63.0
1911 63.0
1912 63.0
1913 63.0
1914 63.0
1915 63.0
1916 63.0
1917 63.0
1918 63.0
1919 63.0
1920 63.0
1921 63.0
1922 63.0
1923 63.0
1924 63.0
1925 63.0
1926 63.0
1927 63.0
1928 63.0
1929 63.0
1930 63.0
1931 63.0
1932 63.0
1933 63.0
1934 63.0
1935 63.0
1936 63.0
1937 63.0
1938 63.0
1939 63.0
1940 63.0
1941 63.0
1942 63.0
1943 63.0
1944 63.0
1945 63.0
1946 63.0
1947 63.0
1948 63.0
1949 63.0
1950 63.0
1951 63.0
1952 63.0
1953 63.0
1954 63.0
1955 63.0
1956 63.0
1957 63.0
1958 63.0
1959 63.0
1960 63.0
1961 63.0
1962 63.0
1963 63.0
1964 63.0
1965 63.0
1966 63.0
1967 63.0
1968 63.0
1969 63.0
1970 63.0
1971 63.0
1972 63.0
1973 63.0
1974 63.0
1975 63.0
1976 63.0
1977 63.0
1978 63.0
1979 63.0
1980 63.0
1981 63.0
1982 63.0
1983 63.0
1984 63.0
1985 63.0
1986 63.0
1987 63.0
1988 63.0
1989 63.0
1990 63.0
1991 63.0
1992 63.0
1993 63.0
1994 63.0
1995 63.0
1996 63.0
1997 63.0
1998 63.0
1999 63.0
2000 63.0
2001 63.0
2002 63.0
2003 63.0
2004 63.0
2005 63.0
2006 63.0
2007 63.0
2008 63.0
2009 63.0
2010 63.0
2011 63.0
2012 63.0
2013 63.0
2014 63.0
2015 63.0
2016 63.0
2017 63.0
2018 63.0
2019 63.0
2020 63.0
2021 63.0
2022 63.0
2023 63.0
2024 63.0
2025 63.0
2026 63.0
2027 63.0
2028 63.0
2029 63.0
2030 63.0
2031 63.0
2032 63.0
2033 63.0
2034 63.0
2035 63.0
2036 63.0
2037 63.0
2038 63.0
2039 63.0
2040 63.0
2041 63.0
2042 63.0
2043 63.0
2044 63.0
2045 63.0
2046 63.0
2047 63.0
2048 63.0
2049 63.0
2050 63.0
2051 63.0
2052 63.0
2053 63.0
2054 63.0
2055 63.0
2056 63.0
2057 63.0
2058 63.0
2059 63.0
2060 63.0
2061 63.0
2062 63.0
2063 63.0
2064 63.0
2065 63.0
2066 63.0
2067 63.0
2068 63.0
2069 63.0
2070 63.0
2071 63.0
2072 63.0
2073 63.0
2074 63.0
2075 63.0
2076 63.0
2077 63.0
2078 63.0
2079 63.0
2080 63.0
2081 63.0
2082 63.0
2083 63.0
2084 63.0
2085 63.0
2086 63.0
2087 63.0
2088 63.0
2089 63.0
2090 63.0
2091 63.0
2092 63.0
2093 63.0
2094 63.0
2095 63.0
2096 63.0
2097 63.0
2098 63.0
2099 63.0
2100 63.0
2101 63.0
2102 63.0
2103 63.0
2104 63.0
2105 63.0
2106 63.0
2107 63.0
2108 63.0
2109 63.0
2110 63.0
2111 63.0
2112 63.0
2113 63.0
2114 63.0
2115 63.0
2116 63.0
2117 63.0
2118 63.0
2119 63.0
2120 63.0
2121 63.0
2122 63.0
2123 63.0
2124 63.0
2125 63.0
2126 63.0
2127 63.0
2128 63.0
2129 63.0
2130 63.0
2131 63.0
2132 63.0
2133 63.0
2134 63.0
2135 63.0
2136 63.0
2137 63.0
2138 63.0
2139 63.0
2140 63.0
2141 63.0
2142 63.0
2143 63.0
2144 63.0
2145 63.0
2146 63.0
2147 63.0
2148 63.0
2149 63.0
2150 63.0
2151 63.0
2152 63.0
2153 63.0
2154 63.0
2155 63.0
2156 63.0
2157 63.0
2158 63.0
2159 63.0
2160 63.0
2161 63.0
2162 63.0
2163 63.0
2164 63.0
2165 63.0
2166 63.0
2167 63.0
2168 63.0
2169 63.0
2170 63.0
2171 63.0
2172 63.0
2173 63.0
2174 63.0
2175 63.0
2176 63.0
2177 63.0
2178 63.0
2179 63.0
2180 63.0
2181 63.0
2182 63.0
2183 63.0
2184 63.0
2185 63.0
2186 63.0
2187 63.0
2188 63.0
2189 63.0
2190 63.0
2191 63.0
2192 63.0
2193 63.0
2194 63.0
2195 63.0
2196 63.0
2197 63.0
2198 63.0
2199 63.0
2200 63.0
2201 63.0
2202 63.0
2203 63.0
2204 63.0
2205 63.0
2206 63.0
2207 63.0
2208 63.0
2209 63.0
2210 63.0
2211 63.0
2212 63.0
2213 63.0
2214 63.0
2215 63.0
2216 63.0
2217 63.0
2218 63.0
2219 63.0
2220 63.0
2221 63.0
2222 63.0
2223 63.0
2224 63.0
2225 63.0
2226 63.0
2227 63.0
2228 63.0
2229 63.0
2230 63.0
2231 63.0
2232 63.0
2233 63.0
2234 63.0
2235 63.0
2236 63.0
2237 63.0
2238 63.0
2239 63.0
2240 63.0
2241 63.0
2242 63.0
2243 63.0
2244 63.0
2245 63.0
2246 63.0
2247 63.0
2248 63.0
2249 63.0
2250 63.0
2251 63.0
2252 63.0
2253 63.0
2254 63.0
2255 63.0
2256 63.0
2257 63.0
2258 63.0
2259 63.0
2260 63.0
2261 63.0
2262 63.0
2263 63.0
2264 63.0
2265 63.0
2266 63.0
2267 63.0
2268 63.0
2269 63.0
2270 63.0
2271 63.0
2272 63.0
2273 63.0
2274 63.0
2275 63.0
2276 63.0
2277 63.0
2278 63.0
2279 63.0
2280 63.0
2281 63.0
2282 63.0
2283 63.0
2284 63.0
2285 63.0
2286 63.0
2287 63.0
2288 63.0
2289 63.0
2290 63.0
2291 63.0
2292 63.0
2293 63.0
2294 63.0
2295 63.0
2296 63.0
2297 63.0
2298 63.0
2299 63.0
2300 63.0
2301 63.0
2302 63.0
2303 63.0
2304 63.0
2305 63.0
2306 63.0
2307 63.0
2308 63.0
2309 63.0
2310 63.0
2311 63.0
2312 63.0
2313 63.0
2314 63.0
2315 63.0
2316 63.0
2317 63.0
2318 63.0
2319 63.0
2320 63.0
2321 63.0
2322 63.0
2323 63.0
2324 63.0
2325 63.0
2326 63.0
2327 63.0
2328 63.0
2329 63.0
2330 63.0
2331 63.0
2332 63.0
2333 63.0
2334 63.0
2335 63.0
2336 63.0
2337 63.0
2338 63.0
2339 63.0
2340 63.0
2341 63.0
2342 63.0
2343 63.0
2344 63.0
2345 63.0
2346 63.0
2347 63.0
2348 63.0
2349 63.0
2350 63.0
2351 63.0
2352 63.0
2353 63.0
2354 63.0
2355 63.0
2356 63.0
2357 63.0
2358 63.0
2359 63.0
2360 63.0
2361 63.0
2362 63.0
2363 63.0
2364 63.0
2365 63.0
2366 63.0
2367 63.0
2368 63.0
2369 63.0
2370 63.0
2371 63.0
2372 63.0
2373 63.0
2374 63.0
2375 63.0
2376 63.0
2377 63.0
2378 63.0
2379 63.0
2380 63.0
2381 63.0
2382 63.0
2383 63.0
2384 63.0
2385 63.0
2386 63.0
2387 63.0
2388 63.0
2389 63.0
2390 63.0
2391 63.0
2392 63.0
2393 63.0
2394 63.0
2395 63.0
2396 63.0
2397 63.0
2398 63.0
2399 63.0
2400 63.0
2401 63.0
2402 63.0
2403 63.0
2404 63.0
2405 63.0
2406 63.0
2407 63.0
2408 63.0
2409 63.0
2410 63.0
2411 63.0
2412 63.0
2413 63.0
2414 63.0
2415 63.0
2416 63.0
2417 63.0
2418 63.0
2419 63.0
2420 63.0
2421 63.0
2422 63.0
2423 63.0
2424 63.0
2425 63.0
2426 63.0
2427 63.0
2428 63.0
2429 63.0
2430 63.0
2431 63.0
2432 63.0
2433 63.0
2434 63.0
2435 63.0
2436 63.0
2437 63.0
2438 63.0
2439 63.0
2440 63.0
2441 63.0
2442 63.0
2443 63.0
2444 63.0
2445 63.0
2446 63.0
2447 63.0
2448 63.0
2449 63.0
2450 63.0
2451 63.0
2452 63.0
2453 63.0
2454 63.0
2455 63.0
2456 63.0
2457 63.0
2458 63.0
2459 63.0
2460 63.0
2461 63.0
2462 63.0
2463 63.0
2464 63.0
2465 63.0
2466 63.0
2467 63.0
2468 63.0
2469 63.0
2470 63.0
2471 63.0
2472 63.0
2473 63.0
2474 63.0
2475 63.0
2476 63.0
2477 63.0
2478 63.0
2479 63.0
2480 63.0
2481 63.0
2482 63.0
2483 63.0
2484 63.0
2485 63.0
2486 63.0
2487 63.0
2488 63.0
2489 63.0
2490 63.0
2491 63.0
2492 63.0
2493 63.0
2494 63.0
2495 63.0
2496 63.0
2497 63.0
2498 63.0
2499 63.0
2500 63.0
2501 63.0
2502 63.0
2503 63.0
2504 63.0
2505 63.0
2506 63.0
2507 63.0
2508 63.0
2509 63.0
2510 63.0
2511 63.0
2512 63.0
2513 63.0
2514 63.0
2515 63.0
2516 63.0
2517 63.0
2518 63.0
2519 63.0
2520 63.0
2521 63.0
2522 63.0
2523 63.0
2524 63.0
2525 63.0
2526 63.0
2527 63.0
2528 63.0
2529 63.0
2530 63.0
2531 63.0
2532 63.0
2533 63.0
2534 63.0
2535 63.0
2536 63.0
2537 63.0
2538 63.0
2539 63.0
2540 63.0
2541 63.0
2542 63.0
2543 63.0
2544 63.0
2545 63.0
2546 63.0
2547 63.0
2548 63.0
2549 63.0
2550 63.0
2551 63.0
2552 63.0
2553 63.0
2554 63.0
2555 63.0
2556 63.0
2557 63.0
2558 63.0
2559 63.0
2560 63.0
2561 63.0
2562 63.0
2563 63.0
2564 63.0
2565 63.0
2566 63.0
2567 63.0
2568 63.0
2569 63.0
2570 63.0
2571 63.0
2572 63.0
2573 63.0
2574 63.0
2575 63.0
2576 63.0
2577 63.0
2578 63.0
2579 63.0
2580 63.0
2581 63.0
2582 63.0
2583 63.0
2584 63.0
2585 63.0
2586 63.0
2587 63.0
2588 63.0
2589 63.0
2590 63.0
2591 63.0
2592 63.0
2593 63.0
2594 63.0
2595 63.0
2596 63.0
2597 63.0
2598 63.0
2599 63.0
2600 63.0
2601 63.0
2602 63.0
2603 63.0
2604 63.0
2605 63.0
2606 63.0
2607 63.0
2608 63.0
2609 63.0
2610 63.0
2611 63.0
2612 63.0
2613 63.0
2614 63.0
2615 63.0
2616 63.0
2617 63.0
2618 63.0
2619 63.0
2620 63.0
2621 63.0
2622 63.0
2623 63.0
2624 63.0
2625 63.0
2626 63.0
2627 63.0
2628 63.0
2629 63.0
2630 63.0
2631 63.0
2632 63.0
2633 63.0
2634 63.0
2635 63.0
2636 63.0
2637 63.0
2638 63.0
2639 63.0
2640 63.0
2641 63.0
2642 63.0
2643 63.0
2644 63.0
2645 63.0
2646 63.0
2647 63.0
2648 63.0
2649 63.0
2650 63.0
2651 63.0
2652 63.0
2653 63.0
2654 63.0
2655 63.0
2656 63.0
2657 63.0
2658 63.0
2659 63.0
2660 63.0
2661 63.0
2662 63.0
2663 63.0
2664 63.0
2665 63.0
2666 63.0
2667 63.0
2668 63.0
2669 63.0
2670 63.0
2671 63.0
2672 63.0
2673 63.0
2674 63.0
2675 63.0
2676 63.0
2677 63.0
2678 63.0
2679 63.0
2680 63.0
2681 63.0
2682 63.0
2683 63.0
2684 63.0
2685 63.0
2686 63.0
2687 63.0
2688 63.0
2689 63.0
2690 63.0
2691 63.0
2692 63.0
2693 63.0
2694 63.0
2695 63.0
2696 63.0
2697 63.0
2698 63.0
2699 63.0
2700 63.0
2701 63.0
2702 63.0
2703 63.0
2704 63.0
2705 63.0
2706 63.0
2707 63.0
2708 63.0
2709 63.0
2710 63.0
2711 63.0
2712 63.0
2713 63.0
2714 63.0
2715 63.0
2716 63.0
2717 63.0
2718 63.0
2719 63.0
2720 63.0
2721 63.0
2722 63.0
2723 63.0
2724 63.0
2725 63.0
2726 63.0
2727 63.0
2728 63.0
2729 63.0
2730 63.0
2731 63.0
2732 63.0
2733 63.0
2734 63.0
2735 63.0
2736 63.0
2737 63.0
2738 63.0
2739 63.0
2740 63.0
2741 63.0
2742 63.0
2743 63.0
2744 63.0
2745 63.0
2746 63.0
2747 63.0
2748 63.0
2749 63.0
2750 63.0
2751 63.0
2752 63.0
2753 63.0
2754 63.0
2755 63.0
2756 63.0
2757 63.0
2758 63.0
2759 63.0
2760 63.0
2761 63.0
2762 63.0
2763 63.0
2764 63.0
2765 63.0
2766 63.0
2767 63.0
2768 63.0
2769 63.0
2770 63.0
2771 63.0
2772 63.0
2773 63.0
2774 63.0
2775 63.0
2776 63.0
2777 63.0
2778 63.0
2779 63.0
2780 63.0
2781 63.0
2782 63.0
2783 63.0
2784 63.0
2785 63.0
2786 63.0
2787 63.0
2788 63.0
2789 63.0
2790 63.0
2791 63.0
2792 63.0
2793 63.0
2794 63.0
2795 63.0
2796 63.0
2797 63.0
2798 63.0
2799 63.0
2800 63.0
2801 63.0
2802 63.0
2803 63.0
2804 63.0
2805 63.0
2806 63.0
2807 63.0
2808 63.0
2809 63.0
2810 63.0
2811 63.0
2812 63.0
2813 63.0
2814 63.0
2815 63.0
2816 63.0
2817 63.0
2818 63.0
2819 63.0
2820 63.0
2821 63.0
2822 63.0
2823 63.0
2824 63.0
2825 63.0
2826 63.0
2827 63.0
2828 63.0
2829 63.0
2830 63.0
2831 63.0
2832 63.0
2833 63.0
2834 63.0
2835 63.0
2836 63.0
2837 63.0
2838 63.0
2839 63.0
2840 63.0
2841 63.0
2842 63.0
2843 63.0
2844 63.0
2845 63.0
2846 63.0
2847 63.0
2848 63.0
2849 63.0
2850 63.0
2851 63.0
2852 63.0
2853 63.0
2854 63.0
2855 63.0
2856 63.0
2857 63.0
2858 63.0
2859 63.0
2860 63.0
2861 63.0
2862 63.0
2863 63.0
2864 63.0
2865 63.0
2866 63.0
2867 63.0
2868 63.0
2869 63.0
2870 63.0
2871 63.0
2872 63.0
2873 63.0
2874 63.0
2875 63.0
2876 63.0
2877 63.0
2878 63.0
2879 63.0
2880 63.0
2881 63.0
2882 63.0
2883 63.0
2884 63.0
2885 63.0
2886 63.0
2887 63.0
2888 63.0
2889 63.0
2890 63.0
2891 63.0
2892 63.0
2893 63.0
2894 63.0
2895 63.0
2896 63.0
2897 63.0
2898 63.0
2899 63.0
2900 63.0
2901 63.0
2902 63.0
2903 63.0
2904 63.0
2905 63.0
2906 63.0
2907 63.0
2908 63.0
2909 63.0
2910 63.0
2911 63.0
2912 63.0
2913 63.0
2914 63.0
2915 63.0
2916 63.0
2917 63.0
2918 63.0
2919 63.0
2920 63.0
2921 63.0
2922 63.0
2923 63.0
2924 63.0
2925 63.0
2926 63.0
2927 63.0
2928 63.0
2929 63.0
2930 63.0
2931 63.0
2932 63.0
2933 63.0
2934 63.0
2935 63.0
2936 63.0
2937 63.0
2938 63.0
2939 63.0
2940 63.0
2941 63.0
2942 63.0
2943 63.0
2944 63.0
2945 63.0
2946 63.0
2947 63.0
2948 63.0
2949 63.0
2950 63.0
2951 63.0
2952 63.0
2953 63.0
2954 63.0
2955 63.0
2956 63.0
2957 63.0
2958 63.0
2959 63.0
2960 63.0
2961 63.0
2962 63.0
2963 63.0
2964 63.0
2965 63.0
2966 63.0
2967 63.0
2968 63.0
2969 63.0
2970 63.0
2971 63.0
2972 63.0
2973 63.0
2974 63.0
2975 63.0
2976 63.0
2977 63.0
2978 63.0
2979 63.0
2980 63.0
2981 63.0
2982 63.0
2983 63.0
2984 63.0
2985 63.0
2986 63.0
2987 63.0
2988 63.0
2989 63.0
2990 63.0
2991 63.0
2992 63.0
2993 63.0
2994 63.0
2995 63.0
2996 63.0
2997 63.0
2998 63.0
2999 63.0
3000 63.0
3001 63.0
3002 63.0
3003 63.0
3004 63.0
3005 63.0
3006 63.0
3007 63.0
3008 63.0
3009 63.0
3010 63.0
3011 63.0
3012 63.0
3013 63.0
3014 63.0
3015 63.0
3016 63.0
3017 63.0
3018 63.0
3019 63.0
3020 63.0
3021 64.0
3022 64.0
3023 64.0
3024 64.0
3025 64.0
3026 64.0
3027 64.0
3028 64.0
3029 64.0
3030 64.0
3031 64.0
3032 64.0
3033 64.0
3034 64.0
3035 64.0
3036 64.0
3037 64.0
3038 64.0
3039 64.0
3040 64.0
3041 64.0
3042 64.0
3043 64.0
3044 64.0
3045 64.0
3046 64.0
3047 64.0
3048 64.0
3049 64.0
3050 64.0
3051 64.0
3052 64.0
3053 64.0
3054 64.0
3055 64.0
3056 64.0
3057 64.0
3058 64.0
3059 64.0
3060 64.0
3061 64.0
3062 64.0
3063 64.0
3064 64.0
3065 64.0
3066 64.0
3067 64.0
3068 64.0
3069 64.0
3070 64.0
3071 64.0
3072 64.0
3073 64.0
3074 64.0
3075 64.0
3076 64.0
3077 64.0
3078 64.0
3079 64.0
3080 64.0
3081 64.0
3082 64.0
3083 64.0
3084 64.0
3085 64.0
3086 64.0
3087 64.0
3088 64.0
3089 64.0
3090 64.0
3091 64.0
3092 64.0
3093 64.0
3094 64.0
3095 64.0
3096 64.0
3097 64.0
3098 64.0
3099 64.0
3100 64.0
3101 64.0
3102 64.0
3103 64.0
3104 64.0
3105 64.0
3106 64.0
3107 64.0
3108 64.0
3109 64.0
3110 64.0
3111 64.0
3112 64.0
3113 64.0
3114 64.0
3115 64.0
3116 64.0
3117 64.0
3118 64.0
3119 64.0
3120 64.0
3121 64.0
3122 64.0
3123 64.0
3124 64.0
3125 64.0
3126 64.0
3127 64.0
3128 64.0
3129 64.0
3130 64.0
3131 64.0
3132 64.0
3133 64.0
3134 64.0
3135 64.0
3136 64.0
3137 64.0
3138 64.0
3139 64.0
3140 64.0
3141 64.0
3142 64.0
3143 64.0
3144 64.0
3145 64.0
3146 64.0
3147 64.0
3148 64.0
3149 64.0
3150 64.0
3151 64.0
3152 64.0
3153 64.0
3154 64.0
3155 64.0
3156 64.0
3157 64.0
3158 64.0
3159 64.0
3160 64.0
3161 64.0
3162 64.0
3163 64.0
3164 64.0
3165 64.0
3166 64.0
3167 64.0
3168 64.0
3169 64.0
3170 64.0
3171 64.0
3172 64.0
3173 64.0
3174 64.0
3175 64.0
3176 64.0
3177 64.0
3178 64.0
3179 64.0
3180 64.0
3181 64.0
3182 64.0
3183 64.0
3184 64.0
3185 64.0
3186 64.0
3187 64.0
3188 64.0
3189 64.0
3190 64.0
3191 64.0
3192 64.0
3193 64.0
3194 64.0
3195 64.0
3196 64.0
3197 64.0
3198 64.0
3199 64.0
3200 64.0
3201 64.0
3202 64.0
3203 64.0
3204 64.0
3205 64.0
3206 64.0
3207 64.0
3208 64.0
3209 64.0
3210 64.0
3211 64.0
3212 64.0
3213 64.0
3214 64.0
3215 64.0
3216 64.0
3217 64.0
3218 64.0
3219 64.0
3220 64.0
3221 64.0
3222 64.0
3223 64.0
3224 64.0
3225 64.0
3226 64.0
3227 64.0
3228 64.0
3229 64.0
3230 64.0
3231 64.0
3232 64.0
3233 64.0
3234 64.0
3235 64.0
3236 64.0
3237 64.0
3238 64.0
3239 64.0
3240 64.0
3241 64.0
3242 64.0
3243 64.0
3244 64.0
3245 64.0
3246 64.0
3247 64.0
3248 64.0
3249 64.0
3250 64.0
3251 64.0
3252 64.0
3253 64.0
3254 64.0
3255 64.0
3256 64.0
3257 64.0
3258 64.0
3259 64.0
3260 64.0
3261 64.0
3262 64.0
3263 64.0
3264 64.0
3265 64.0
3266 64.0
3267 64.0
3268 64.0
3269 64.0
3270 64.0
3271 64.0
3272 64.0
3273 64.0
3274 64.0
3275 64.0
3276 64.0
3277 64.0
3278 64.0
3279 64.0
3280 64.0
3281 64.0
3282 64.0
3283 64.0
3284 64.0
3285 64.0
3286 64.0
3287 64.0
3288 64.0
3289 64.0
3290 64.0
3291 64.0
3292 64.0
3293 64.0
3294 64.0
3295 64.0
3296 64.0
3297 64.0
3298 64.0
3299 64.0
3300 64.0
3301 64.0
3302 64.0
3303 64.0
3304 64.0
3305 64.0
3306 64.0
3307 64.0
3308 64.0
3309 64.0
3310 64.0
3311 64.0
3312 64.0
3313 64.0
3314 64.0
3315 64.0
3316 64.0
3317 64.0
3318 64.0
3319 64.0
3320 64.0
3321 64.0
3322 64.0
3323 64.0
3324 64.0
3325 64.0
3326 64.0
3327 64.0
3328 64.0
3329 64.0
3330 64.0
3331 64.0
3332 64.0
3333 64.0
3334 64.0
3335 64.0
3336 64.0
3337 64.0
3338 64.0
3339 64.0
3340 64.0
3341 64.0
3342 64.0
3343 64.0
3344 64.0
3345 64.0
3346 64.0
3347 64.0
3348 64.0
3349 64.0
3350 64.0
3351 64.0
3352 64.0
3353 64.0
3354 64.0
3355 64.0
3356 64.0
3357 64.0
3358 64.0
3359 64.0
3360 64.0
3361 64.0
3362 64.0
3363 64.0
3364 64.0
3365 64.0
3366 64.0
3367 64.0
3368 64.0
3369 64.0
3370 64.0
3371 64.0
3372 64.0
3373 64.0
3374 64.0
3375 64.0
3376 64.0
3377 64.0
3378 64.0
3379 64.0
3380 64.0
3381 64.0
3382 64.0
3383 64.0
3384 64.0
3385 64.0
3386 64.0
3387 64.0
3388 64.0
3389 64.0
3390 64.0
3391 64.0
3392 64.0
3393 64.0
3394 64.0
3395 64.0
3396 64.0
3397 64.0
3398 64.0
3399 64.0
3400 64.0
3401 64.0
3402 64.0
3403 64.0
3404 64.0
3405 64.0
3406 64.0
3407 64.0
3408 64.0
3409 64.0
3410 64.0
3411 64.0
3412 64.0
3413 64.0
3414 64.0
3415 64.0
3416 64.0
3417 64.0
3418 64.0
3419 64.0
3420 64.0
3421 64.0
3422 64.0
3423 64.0
3424 64.0
3425 64.0
3426 64.0
3427 64.0
3428 64.0
3429 64.0
3430 64.0
3431 64.0
3432 64.0
3433 64.0
3434 64.0
3435 64.0
3436 64.0
3437 64.0
3438 64.0
3439 64.0
3440 64.0
3441 64.0
3442 64.0
3443 64.0
3444 64.0
3445 64.0
3446 64.0
3447 64.0
3448 64.0
3449 64.0
3450 64.0
3451 64.0
3452 64.0
3453 64.0
3454 64.0
3455 64.0
3456 64.0
3457 64.0
3458 64.0
3459 64.0
3460 64.0
3461 64.0
3462 64.0
3463 64.0
3464 64.0
3465 64.0
3466 64.0
3467 64.0
3468 64.0
3469 64.0
3470 64.0
3471 64.0
3472 64.0
3473 64.0
3474 64.0
3475 64.0
3476 64.0
3477 64.0
3478 64.0
3479 64.0
3480 64.0
3481 64.0
3482 64.0
3483 64.0
3484 64.0
3485 64.0
3486 64.0
3487 64.0
3488 64.0
3489 64.0
3490 64.0
3491 64.0
3492 64.0
3493 64.0
3494 64.0
3495 64.0
3496 64.0
3497 64.0
3498 64.0
3499 64.0
3500 64.0
3501 64.0
3502 64.0
3503 64.0
3504 64.0
3505 64.0
3506 64.0
3507 64.0
3508 64.0
3509 64.0
3510 64.0
3511 64.0
3512 64.0
3513 64.0
3514 64.0
3515 64.0
3516 64.0
3517 64.0
3518 64.0
3519 64.0
3520 64.0
3521 64.0
3522 64.0
3523 64.0
3524 64.0
3525 64.0
3526 64.0
3527 64.0
3528 64.0
3529 64.0
3530 64.0
3531 64.0
3532 64.0
3533 64.0
3534 64.0
3535 64.0
3536 64.0
3537 64.0
3538 64.0
3539 64.0
3540 64.0
3541 64.0
3542 64.0
3543 64.0
3544 64.0
3545 64.0
3546 64.0
3547 64.0
3548 64.0
3549 64.0
3550 64.0
3551 64.0
3552 64.0
3553 64.0
3554 64.0
3555 64.0
3556 64.0
3557 64.0
3558 64.0
3559 64.0
3560 64.0
3561 64.0
3562 64.0
3563 64.0
3564 64.0
3565 64.0
3566 64.0
3567 64.0
3568 64.0
3569 64.0
3570 64.0
3571 64.0
3572 64.0
3573 64.0
3574 64.0
3575 64.0
3576 64.0
3577 64.0
3578 64.0
3579 64.0
3580 64.0
3581 64.0
3582 64.0
3583 64.0
3584 64.0
3585 64.0
3586 64.0
3587 64.0
3588 64.0
3589 64.0
3590 64.0
3591 64.0
3592 64.0
3593 64.0
3594 64.0
3595 64.0
3596 64.0
3597 64.0
3598 64.0
3599 64.0
3600 64.0
3601 64.0
3602 64.0
3603 64.0
3604 64.0
3605 64.0
3606 64.0
3607 64.0
3608 64.0
3609 64.0
3610 64.0
3611 64.0
3612 64.0
3613 64.0
3614 64.0
3615 64.0
3616 64.0
3617 64.0
3618 64.0
3619 64.0
3620 64.0
3621 64.0
3622 64.0
3623 64.0
3624 64.0
3625 64.0
3626 64.0
3627 64.0
3628 64.0
3629 64.0
3630 64.0
3631 64.0
3632 64.0
3633 64.0
3634 64.0
3635 64.0
3636 64.0
3637 64.0
3638 64.0
3639 64.0
3640 64.0
3641 64.0
3642 64.0
3643 64.0
3644 64.0
3645 64.0
3646 64.0
3647 64.0
3648 64.0
3649 64.0
3650 64.0
3651 64.0
3652 64.0
3653 64.0
3654 64.0
3655 64.0
3656 64.0
3657 64.0
3658 64.0
3659 64.0
3660 64.0
3661 64.0
3662 64.0
3663 64.0
3664 64.0
3665 64.0
3666 64.0
3667 64.0
3668 64.0
3669 64.0
3670 64.0
3671 64.0
3672 64.0
3673 64.0
3674 64.0
3675 64.0
3676 64.0
3677 64.0
3678 64.0
3679 64.0
3680 64.0
3681 64.0
3682 64.0
3683 64.0
3684 64.0
3685 64.0
3686 64.0
3687 64.0
3688 64.0
3689 64.0
3690 64.0
3691 64.0
3692 64.0
3693 64.0
3694 64.0
3695 64.0
3696 64.0
3697 64.0
3698 64.0
3699 64.0
3700 64.0
3701 64.0
3702 64.0
3703 64.0
3704 64.0
3705 64.0
3706 64.0
3707 64.0
3708 64.0
3709 64.0
3710 64.0
3711 64.0
3712 64.0
3713 64.0
3714 64.0
3715 64.0
3716 64.0
3717 64.0
3718 64.0
3719 64.0
3720 64.0
3721 64.0
3722 64.0
3723 64.0
3724 64.0
3725 64.0
3726 64.0
3727 64.0
3728 64.0
3729 64.0
3730 64.0
3731 64.0
3732 64.0
3733 64.0
3734 64.0
3735 64.0
3736 64.0
3737 64.0
3738 64.0
3739 64.0
3740 64.0
3741 64.0
3742 64.0
3743 64.0
3744 64.0
3745 64.0
3746 64.0
3747 64.0
3748 64.0
3749 64.0
3750 64.0
3751 64.0
3752 64.0
3753 64.0
3754 64.0
3755 64.0
3756 64.0
3757 64.0
3758 64.0
3759 64.0
3760 64.0
3761 64.0
3762 64.0
3763 64.0
3764 64.0
3765 64.0
3766 64.0
3767 64.0
3768 64.0
3769 64.0
3770 64.0
3771 64.0
3772 64.0
3773 64.0
3774 64.0
3775 64.0
3776 64.0
3777 64.0
3778 64.0
3779 64.0
3780 64.0
3781 64.0
3782 64.0
3783 64.0
3784 64.0
3785 64.0
3786 64.0
3787 64.0
3788 64.0
3789 64.0
3790 64.0
3791 64.0
3792 64.0
3793 64.0
3794 64.0
3795 64.0
3796 64.0
3797 64.0
3798 64.0
3799 64.0
3800 64.0
3801 64.0
3802 64.0
3803 64.0
3804 64.0
3805 64.0
3806 64.0
3807 64.0
3808 64.0
3809 64.0
3810 64.0
3811 64.0
3812 64.0
3813 64.0
3814 64.0
3815 64.0
3816 64.0
3817 64.0
3818 64.0
3819 64.0
3820 64.0
3821 64.0
3822 64.0
3823 64.0
3824 64.0
3825 64.0
3826 64.0
3827 64.0
3828 64.0
3829 64.0
3830 64.0
3831 64.0
3832 64.0
3833 64.0
3834 64.0
3835 64.0
3836 64.0
3837 64.0
3838 64.0
3839 64.0
3840 64.0
3841 64.0
3842 64.0
3843 64.0
3844 64.0
3845 64.0
3846 64.0
3847 64.0
3848 64.0
3849 64.0
3850 64.0
3851 64.0
3852 64.0
3853 64.0
3854 64.0
3855 64.0
3856 64.0
3857 64.0
3858 64.0
3859 64.0
3860 64.0
3861 64.0
3862 64.0
3863 64.0
3864 64.0
3865 64.0
3866 64.0
3867 64.0
3868 64.0
3869 64.0
3870 64.0
3871 64.0
3872 64.0
3873 64.0
3874 64.0
3875 64.0
3876 64.0
3877 64.0
3878 64.0
3879 64.0
3880 64.0
3881 64.0
3882 64.0
3883 64.0
3884 64.0
3885 64.0
3886 64.0
3887 64.0
3888 64.0
3889 64.0
3890 64.0
3891 64.0
3892 64.0
3893 64.0
3894 64.0
3895 64.0
3896 64.0
3897 64.0
3898 64.0
3899 64.0
3900 64.0
3901 64.0
3902 64.0
3903 64.0
3904 64.0
3905 64.0
3906 64.0
3907 64.0
3908 64.0
3909 64.0
3910 64.0
3911 64.0
3912 64.0
3913 64.0
3914 64.0
3915 64.0
3916 64.0
3917 64.0
3918 64.0
3919 64.0
3920 64.0
3921 64.0
3922 64.0
3923 64.0
3924 64.0
3925 64.0
3926 64.0
3927 64.0
3928 64.0
3929 64.0
3930 64.0
3931 64.0
3932 64.0
3933 64.0
3934 64.0
3935 64.0
3936 64.0
3937 64.0
3938 64.0
3939 64.0
3940 64.0
3941 64.0
3942 64.0
3943 64.0
3944 64.0
3945 64.0
3946 64.0
3947 64.0
3948 64.0
3949 64.0
3950 64.0
3951 64.0
3952 64.0
3953 64.0
3954 64.0
3955 64.0
3956 64.0
3957 64.0
3958 64.0
3959 64.0
3960 64.0
3961 64.0
3962 64.0
3963 64.0
3964 64.0
3965 64.0
3966 64.0
3967 64.0
3968 64.0
3969 64.0
3970 64.0
3971 64.0
3972 64.0
3973 64.0
3974 64.0
3975 64.0
3976 64.0
3977 64.0
3978 64.0
3979 64.0
3980 64.0
3981 64.0
3982 64.0
3983 64.0
3984 64.0
3985 64.0
3986 64.0
3987 64.0
3988 64.0
3989 64.0
3990 64.0
3991 64.0
3992 64.0
3993 64.0
3994 64.0
3995 64.0
3996 64.0
3997 64.0
3998 64.0
3999 64.0
4000 64.0
4001 64.0
4002 64.0
4003 64.0
4004 64.0
4005 64.0
4006 64.0
4007 64.0
4008 64.0
4009 64.0
4010 64.0
4011 64.0
4012 64.0
4013 64.0
4014 64.0
4015 64.0
4016 64.0
4017 64.0
4018 64.0
4019 64.0
4020 64.0
4021 64.0
4022 64.0
4023 64.0
4024 64.0
4025 64.0
4026 64.0
4027 64.0
4028 64.0
4029 64.0
4030 64.0
4031 64.0
4032 64.0
4033 64.0
4034 64.0
4035 64.0
4036 64.0
4037 64.0
4038 64.0
4039 64.0
4040 64.0
4041 64.0
4042 64.0
4043 64.0
4044 64.0
4045 64.0
4046 64.0
4047 64.0
4048 64.0
4049 64.0
4050 64.0
4051 64.0
4052 64.0
4053 64.0
4054 64.0
4055 64.0
4056 64.0
4057 64.0
4058 64.0
4059 64.0
4060 64.0
4061 64.0
4062 64.0
4063 64.0
4064 64.0
4065 64.0
4066 64.0
4067 64.0
4068 64.0
4069 64.0
4070 64.0
4071 64.0
4072 64.0
4073 64.0
4074 64.0
4075 64.0
4076 64.0
4077 64.0
4078 64.0
4079 64.0
4080 64.0
4081 64.0
4082 64.0
4083 64.0
4084 64.0
4085 64.0
4086 64.0
4087 64.0
4088 64.0
4089 64.0
4090 64.0
4091 64.0
4092 64.0
4093 64.0
4094 64.0
4095 64.0
4096 64.0
4097 64.0
4098 64.0
4099 64.0
4100 64.0
4101 64.0
4102 64.0
4103 64.0
4104 64.0
4105 64.0
4106 64.0
4107 64.0
4108 64.0
4109 64.0
4110 64.0
4111 64.0
4112 64.0
4113 64.0
4114 64.0
4115 64.0
4116 64.0
4117 64.0
4118 64.0
4119 64.0
4120 64.0
4121 64.0
4122 64.0
4123 64.0
4124 64.0
4125 64.0
4126 64.0
4127 64.0
4128 64.0
4129 64.0
4130 64.0
4131 64.0
4132 64.0
4133 64.0
4134 64.0
4135 64.0
4136 64.0
4137 64.0
4138 64.0
4139 64.0
4140 64.0
4141 64.0
4142 64.0
4143 64.0
4144 64.0
4145 64.0
4146 64.0
4147 64.0
4148 64.0
4149 64.0
4150 64.0
4151 64.0
4152 64.0
4153 64.0
4154 64.0
4155 64.0
4156 64.0
4157 64.0
4158 64.0
4159 64.0
4160 64.0
4161 64.0
4162 64.0
4163 64.0
4164 64.0
4165 64.0
4166 64.0
4167 64.0
4168 64.0
4169 64.0
4170 64.0
4171 64.0
4172 64.0
4173 64.0
4174 64.0
4175 64.0
4176 64.0
4177 64.0
4178 64.0
4179 64.0
4180 64.0
4181 64.0
4182 64.0
4183 64.0
4184 64.0
4185 64.0
4186 64.0
4187 64.0
4188 64.0
4189 64.0
4190 64.0
4191 64.0
4192 64.0
4193 64.0
4194 64.0
4195 64.0
4196 64.0
4197 64.0
4198 64.0
4199 64.0
4200 64.0
4201 64.0
4202 64.0
4203 64.0
4204 64.0
4205 64.0
4206 64.0
4207 64.0
4208 64.0
4209 64.0
4210 64.0
4211 64.0
4212 64.0
4213 64.0
4214 64.0
4215 64.0
4216 64.0
4217 64.0
4218 64.0
4219 64.0
4220 64.0
4221 64.0
4222 64.0
4223 64.0
4224 64.0
4225 64.0
4226 64.0
4227 64.0
4228 64.0
4229 64.0
4230 64.0
4231 64.0
4232 64.0
4233 64.0
4234 64.0
4235 64.0
4236 64.0
4237 64.0
4238 64.0
4239 64.0
4240 64.0
4241 64.0
4242 64.0
4243 64.0
4244 64.0
4245 64.0
4246 64.0
4247 64.0
4248 64.0
4249 64.0
4250 64.0
4251 64.0
4252 64.0
4253 64.0
4254 64.0
4255 64.0
4256 64.0
4257 64.0
4258 64.0
4259 64.0
4260 64.0
4261 64.0
4262 64.0
4263 64.0
4264 64.0
4265 64.0
4266 64.0
4267 64.0
4268 64.0
4269 64.0
4270 64.0
4271 64.0
4272 64.0
4273 64.0
4274 64.0
4275 64.0
4276 64.0
4277 64.0
4278 64.0
4279 64.0
4280 64.0
4281 64.0
4282 64.0
4283 64.0
4284 64.0
4285 64.0
4286 64.0
4287 64.0
4288 64.0
4289 64.0
4290 64.0
4291 64.0
4292 64.0
4293 64.0
4294 64.0
4295 64.0
4296 64.0
4297 64.0
4298 64.0
4299 64.0
4300 64.0
4301 64.0
4302 64.0
4303 64.0
4304 64.0
4305 64.0
4306 64.0
4307 64.0
4308 64.0
4309 64.0
4310 64.0
4311 64.0
4312 64.0
4313 64.0
4314 64.0
4315 64.0
4316 64.0
4317 64.0
4318 64.0
4319 64.0
4320 64.0
4321 64.0
4322 64.0
4323 64.0
4324 64.0
4325 64.0
4326 64.0
4327 64.0
4328 64.0
4329 64.0
4330 64.0
4331 64.0
4332 64.0
4333 64.0
4334 64.0
4335 64.0
4336 64.0
4337 64.0
4338 64.0
4339 64.0
4340 64.0
4341 64.0
4342 64.0
4343 64.0
4344 64.0
4345 64.0
4346 64.0
4347 64.0
4348 64.0
4349 64.0
4350 64.0
4351 64.0
4352 64.0
4353 64.0
4354 64.0
4355 64.0
4356 64.0
4357 64.0
4358 64.0
4359 64.0
4360 64.0
4361 64.0
4362 64.0
4363 64.0
4364 64.0
4365 64.0
4366 64.0
4367 64.0
4368 64.0
4369 64.0
4370 64.0
4371 64.0
4372 64.0
4373 64.0
4374 64.0
4375 64.0
4376 64.0
4377 64.0
4378 64.0
4379 64.0
4380 64.0
4381 64.0
4382 64.0
4383 64.0
4384 64.0
4385 64.0
4386 64.0
4387 64.0
4388 64.0
4389 64.0
4390 64.0
4391 64.0
4392 64.0
4393 64.0
4394 64.0
4395 64.0
4396 64.0
4397 64.0
4398 64.0
4399 64.0
4400 64.0
4401 64.0
4402 64.0
4403 64.0
4404 64.0
4405 64.0
4406 64.0
4407 64.0
4408 64.0
4409 64.0
4410 64.0
4411 64.0
4412 64.0
4413 64.0
4414 64.0
4415 64.0
4416 64.0
4417 64.0
4418 64.0
4419 64.0
4420 64.0
4421 64.0
4422 64.0
4423 64.0
4424 64.0
4425 64.0
4426 64.0
4427 64.0
4428 64.0
4429 64.0
4430 64.0
4431 64.0
4432 64.0
4433 64.0
4434 64.0
4435 64.0
4436 64.0
4437 64.0
4438 64.0
4439 64.0
4440 64.0
4441 64.0
4442 64.0
4443 64.0
4444 64.0
4445 64.0
4446 64.0
4447 64.0
4448 64.0
4449 64.0
4450 64.0
4451 64.0
4452 64.0
4453 64.0
4454 64.0
4455 64.0
4456 64.0
4457 64.0
4458 64.0
4459 64.0
4460 64.0
4461 64.0
4462 64.0
4463 64.0
4464 64.0
4465 64.0
4466 64.0
4467 64.0
4468 64.0
4469 64.0
4470 64.0
4471 64.0
4472 64.0
4473 64.0
4474 64.0
4475 64.0
4476 64.0
4477 64.0
4478 64.0
4479 64.0
4480 64.0
4481 64.0
4482 64.0
4483 64.0
4484 64.0
4485 64.0
4486 64.0
4487 64.0
4488 64.0
4489 64.0
4490 64.0
4491 64.0
4492 64.0
4493 64.0
4494 64.0
4495 64.0
4496 64.0
4497 64.0
4498 64.0
4499 64.0
4500 64.0
4501 64.0
4502 64.0
4503 64.0
4504 64.0
4505 64.0
4506 64.0
4507 64.0
4508 64.0
4509 64.0
4510 64.0
4511 64.0
4512 64.0
4513 64.0
4514 64.0
4515 64.0
4516 64.0
4517 64.0
4518 64.0
4519 64.0
4520 64.0
4521 64.0
4522 64.0
4523 64.0
4524 64.0
4525 64.0
4526 64.0
4527 64.0
4528 64.0
4529 64.0
4530 64.0
4531 64.0
4532 64.0
4533 64.0
4534 64.0
4535 64.0
4536 64.0
4537 64.0
4538 64.0
4539 64.0
4540 64.0
4541 64.0
4542 64.0
4543 64.0
4544 64.0
4545 64.0
4546 64.0
4547 64.0
4548 64.0
4549 64.0
4550 64.0
4551 64.0
4552 64.0
4553 64.0
4554 64.0
4555 64.0
4556 64.0
4557 64.0
4558 64.0
4559 64.0
4560 64.0
4561 64.0
4562 64.0
4563 64.0
4564 64.0
4565 64.0
4566 64.0
4567 64.0
4568 64.0
4569 64.0
4570 64.0
4571 64.0
4572 64.0
4573 64.0
4574 64.0
4575 64.0
4576 64.0
4577 64.0
4578 64.0
4579 64.0
4580 64.0
4581 64.0
4582 64.0
4583 64.0
4584 64.0
4585 64.0
4586 64.0
4587 64.0
4588 64.0
4589 64.0
4590 64.0
4591 64.0
4592 64.0
4593 64.0
4594 64.0
4595 64.0
4596 64.0
4597 64.0
4598 64.0
4599 64.0
4600 64.0
4601 64.0
4602 64.0
4603 64.0
4604 64.0
4605 64.0
4606 64.0
4607 64.0
4608 64.0
4609 64.0
4610 64.0
4611 64.0
4612 64.0
4613 64.0
4614 64.0
4615 64.0
4616 64.0
4617 64.0
4618 64.0
4619 64.0
4620 64.0
4621 64.0
4622 64.0
4623 64.0
4624 64.0
4625 64.0
4626 64.0
4627 64.0
4628 64.0
4629 64.0
4630 64.0
4631 64.0
4632 64.0
4633 64.0
4634 64.0
4635 64.0
4636 64.0
4637 64.0
4638 64.0
4639 64.0
4640 64.0
4641 64.0
4642 64.0
4643 64.0
4644 64.0
4645 64.0
4646 64.0
4647 64.0
4648 64.0
4649 64.0
4650 64.0
4651 64.0
4652 64.0
4653 64.0
4654 64.0
4655 64.0
4656 64.0
4657 64.0
4658 64.0
4659 64.0
4660 64.0
4661 64.0
4662 64.0
4663 64.0
4664 64.0
4665 64.0
4666 64.0
4667 64.0
4668 64.0
4669 64.0
4670 64.0
4671 64.0
4672 64.0
4673 64.0
4674 64.0
4675 64.0
4676 64.0
4677 64.0
4678 64.0
4679 64.0
4680 64.0
4681 64.0
4682 64.0
4683 64.0
4684 64.0
4685 64.0
4686 64.0
4687 64.0
4688 64.0
4689 64.0
4690 64.0
4691 64.0
4692 64.0
4693 64.0
4694 64.0
4695 64.0
4696 64.0
4697 64.0
4698 64.0
4699 64.0
4700 64.0
4701 64.0
4702 64.0
4703 64.0
4704 64.0
4705 64.0
4706 64.0
4707 64.0
4708 64.0
4709 64.0
4710 64.0
4711 64.0
4712 64.0
4713 64.0
4714 64.0
4715 64.0
4716 64.0
4717 64.0
4718 64.0
4719 64.0
4720 64.0
4721 64.0
4722 64.0
4723 64.0
4724 64.0
4725 64.0
4726 64.0
4727 64.0
4728 64.0
4729 64.0
4730 64.0
4731 64.0
4732 64.0
4733 64.0
4734 64.0
4735 64.0
4736 64.0
4737 64.0
4738 64.0
4739 64.0
4740 64.0
4741 64.0
4742 64.0
4743 64.0
4744 64.0
4745 64.0
4746 64.0
4747 64.0
4748 64.0
4749 64.0
4750 64.0
4751 64.0
4752 64.0
4753 64.0
4754 64.0
4755 64.0
4756 64.0
4757 64.0
4758 64.0
4759 64.0
4760 64.0
4761 64.0
4762 64.0
4763 64.0
4764 64.0
4765 64.0
4766 64.0
4767 64.0
4768 64.0
4769 64.0
4770 64.0
4771 64.0
4772 64.0
4773 64.0
4774 64.0
4775 64.0
4776 64.0
4777 64.0
4778 64.0
4779 64.0
4780 64.0
4781 64.0
4782 64.0
4783 64.0
4784 64.0
4785 64.0
4786 64.0
4787 64.0
4788 64.0
4789 64.0
4790 64.0
4791 64.0
4792 64.0
4793 64.0
4794 64.0
4795 64.0
4796 64.0
4797 64.0
4798 64.0
4799 64.0
4800 64.0
4801 64.0
4802 64.0
4803 64.0
4804 64.0
4805 64.0
4806 64.0
4807 64.0
4808 64.0
4809 64.0
4810 64.0
4811 64.0
4812 64.0
4813 64.0
4814 64.0
4815 64.0
4816 64.0
4817 64.0
4818 64.0
4819 64.0
4820 64.0
4821 64.0
4822 64.0
4823 64.0
4824 64.0
4825 64.0
4826 64.0
4827 64.0
4828 64.0
4829 64.0
4830 64.0
4831 64.0
4832 64.0
4833 64.0
4834 64.0
4835 64.0
4836 64.0
4837 64.0
4838 64.0
4839 64.0
4840 64.0
4841 64.0
4842 64.0
4843 64.0
4844 64.0
4845 64.0
4846 64.0
4847 64.0
4848 64.0
4849 64.0
4850 64.0
4851 64.0
4852 64.0
4853 64.0
4854 64.0
4855 64.0
4856 64.0
4857 64.0
4858 64.0
4859 64.0
4860 64.0
4861 64.0
4862 64.0
4863 64.0
4864 64.0
4865 64.0
4866 64.0
4867 64.0
4868 64.0
4869 64.0
4870 64.0
4871 64.0
4872 64.0
4873 64.0
4874 64.0
4875 64.0
4876 64.0
4877 64.0
4878 64.0
4879 64.0
4880 64.0
4881 64.0
4882 64.0
4883 64.0
4884 64.0
4885 64.0
4886 64.0
4887 64.0
4888 64.0
4889 64.0
4890 64.0
4891 64.0
4892 64.0
4893 64.0
4894 64.0
4895 64.0
4896 64.0
4897 64.0
4898 64.0
4899 64.0
4900 64.0
4901 64.0
4902 64.0
4903 64.0
4904 64.0
4905 64.0
4906 64.0
4907 64.0
4908 64.0
4909 64.0
4910 64.0
4911 64.0
4912 64.0
4913 64.0
4914 64.0
4915 64.0
4916 64.0
4917 64.0
4918 64.0
4919 64.0
4920 64.0
4921 64.0
4922 64.0
4923 64.0
4924 64.0
4925 64.0
4926 64.0
4927 64.0
4928 64.0
4929 64.0
4930 64.0
4931 64.0
4932 64.0
4933 64.0
4934 64.0
4935 64.0
4936 64.0
4937 64.0
4938 64.0
4939 64.0
4940 64.0
4941 64.0
4942 64.0
4943 64.0
4944 64.0
4945 64.0
4946 64.0
4947 64.0
4948 64.0
4949 64.0
4950 64.0
4951 64.0
4952 64.0
4953 64.0
4954 64.0
4955 64.0
4956 64.0
4957 64.0
4958 64.0
4959 64.0
4960 64.0
4961 64.0
4962 64.0
4963 64.0
4964 64.0
4965 64.0
4966 64.0
4967 64.0
4968 64.0
4969 64.0
4970 64.0
4971 64.0
4972 64.0
4973 64.0
4974 64.0
4975 64.0
4976 64.0
4977 64.0
4978 64.0
4979 64.0
4980 64.0
4981 64.0
4982 64.0
4983 64.0
4984 64.0
4985 64.0
4986 64.0
4987 64.0
4988 64.0
4989 64.0
4990 64.0
4991 64.0
4992 64.0
4993 64.0
4994 64.0
4995 64.0
4996 64.0
4997 64.0
4998 64.0
4999 64.0
5000 64.0
5001 64.0
5002 64.0
5003 64.0
5004 64.0
5005 64.0
5006 64.0
5007 64.0
5008 64.0
5009 64.0
5010 64.0
5011 64.0
5012 64.0
5013 64.0
5014 64.0
5015 64.0
5016 64.0
5017 64.0
5018 64.0
5019 64.0
5020 64.0
5021 64.0
5022 64.0
5023 64.0
5024 64.0
5025 64.0
5026 64.0
5027 64.0
5028 64.0
5029 64.0
5030 64.0
5031 64.0
5032 64.0
5033 64.0
5034 64.0
5035 64.0
5036 64.0
5037 64.0
5038 64.0
5039 64.0
5040 64.0
5041 64.0
5042 64.0
5043 64.0
5044 64.0
5045 64.0
5046 64.0
5047 64.0
5048 64.0
5049 64.0
5050 64.0
5051 64.0
5052 64.0
5053 64.0
5054 64.0
5055 64.0
5056 64.0
5057 64.0
5058 64.0
5059 64.0
5060 64.0
5061 64.0
5062 64.0
5063 64.0
5064 64.0
5065 64.0
5066 64.0
5067 64.0
5068 64.0
5069 64.0
5070 64.0
5071 64.0
5072 64.0
5073 64.0
5074 64.0
5075 64.0
5076 64.0
5077 64.0
5078 64.0
5079 64.0
5080 64.0
5081 64.0
5082 64.0
5083 64.0
5084 64.0
5085 64.0
5086 64.0
5087 64.0
5088 64.0
5089 64.0
5090 64.0
5091 64.0
5092 64.0
5093 64.0
5094 64.0
5095 64.0
5096 64.0
5097 64.0
5098 64.0
5099 64.0
5100 64.0
5101 64.0
5102 64.0
5103 64.0
5104 64.0
5105 64.0
5106 64.0
5107 64.0
5108 64.0
5109 64.0
5110 64.0
5111 64.0
5112 64.0
5113 64.0
5114 64.0
5115 64.0
5116 64.0
5117 64.0
5118 64.0
5119 64.0
5120 64.0
5121 64.0
5122 64.0
5123 64.0
5124 64.0
5125 64.0
5126 64.0
5127 64.0
5128 64.0
5129 64.0
5130 64.0
5131 64.0
5132 64.0
5133 64.0
5134 64.0
5135 64.0
5136 64.0
5137 64.0
5138 64.0
5139 64.0
5140 64.0
5141 64.0
5142 64.0
5143 64.0
5144 64.0
5145 64.0
5146 64.0
5147 64.0
5148 64.0
5149 64.0
5150 64.0
5151 64.0
5152 64.0
5153 64.0
5154 64.0
5155 64.0
5156 64.0
5157 64.0
5158 64.0
5159 64.0
5160 64.0
5161 64.0
5162 64.0
5163 64.0
5164 64.0
5165 64.0
5166 64.0
5167 64.0
5168 64.0
5169 64.0
5170 64.0
5171 64.0
5172 64.0
5173 64.0
5174 64.0
5175 64.0
5176 64.0
5177 64.0
5178 64.0
5179 64.0
5180 64.0
5181 64.0
5182 64.0
5183 64.0
5184 64.0
5185 64.0
5186 64.0
5187 64.0
5188 64.0
5189 64.0
5190 64.0
5191 64.0
5192 64.0
5193 64.0
5194 64.0
5195 64.0
5196 64.0
5197 64.0
5198 64.0
5199 64.0
5200 64.0
5201 64.0
5202 64.0
5203 64.0
5204 64.0
5205 64.0
5206 64.0
5207 64.0
5208 64.0
5209 64.0
5210 64.0
5211 64.0
5212 64.0
5213 64.0
5214 64.0
5215 64.0
5216 64.0
5217 64.0
5218 64.0
5219 64.0
5220 64.0
5221 64.0
5222 64.0
5223 64.0
5224 64.0
5225 64.0
5226 64.0
5227 64.0
5228 64.0
5229 64.0
5230 64.0
5231 64.0
5232 64.0
5233 64.0
5234 64.0
5235 64.0
5236 64.0
5237 64.0
5238 64.0
5239 64.0
5240 64.0
5241 64.0
5242 64.0
5243 64.0
5244 64.0
5245 64.0
5246 64.0
5247 64.0
5248 64.0
5249 64.0
5250 64.0
5251 64.0
5252 64.0
5253 64.0
5254 64.0
5255 64.0
5256 64.0
5257 64.0
5258 64.0
5259 64.0
5260 64.0
5261 64.0
5262 64.0
5263 64.0
5264 64.0
5265 64.0
5266 64.0
5267 64.0
5268 64.0
5269 64.0
5270 64.0
5271 64.0
5272 64.0
5273 64.0
5274 64.0
5275 64.0
5276 64.0
5277 64.0
5278 64.0
5279 64.0
5280 64.0
5281 64.0
5282 64.0
5283 64.0
5284 64.0
5285 64.0
5286 64.0
5287 64.0
5288 64.0
5289 64.0
5290 64.0
5291 64.0
5292 64.0
5293 64.0
5294 64.0
5295 64.0
5296 64.0
5297 64.0
5298 64.0
5299 64.0
5300 64.0
5301 64.0
5302 64.0
5303 64.0
5304 64.0
5305 64.0
5306 64.0
5307 64.0
5308 64.0
5309 64.0
5310 64.0
5311 64.0
5312 64.0
5313 64.0
5314 64.0
5315 64.0
5316 64.0
5317 64.0
5318 64.0
5319 64.0
5320 64.0
5321 64.0
5322 64.0
5323 64.0
5324 64.0
5325 64.0
5326 64.0
5327 64.0
5328 64.0
5329 64.0
5330 64.0
5331 64.0
5332 64.0
5333 64.0
5334 64.0
5335 64.0
5336 64.0
5337 64.0
5338 64.0
5339 64.0
5340 64.0
5341 64.0
5342 64.0
5343 64.0
5344 64.0
5345 64.0
5346 64.0
5347 64.0
5348 64.0
5349 64.0
5350 64.0
5351 64.0
5352 64.0
5353 64.0
5354 64.0
5355 64.0
5356 64.0
5357 64.0
5358 64.0
5359 64.0
5360 64.0
5361 64.0
5362 64.0
5363 64.0
5364 64.0
5365 64.0
5366 64.0
5367 64.0
5368 64.0
5369 64.0
5370 64.0
5371 64.0
5372 64.0
5373 64.0
5374 64.0
5375 64.0
5376 64.0
5377 64.0
5378 64.0
5379 64.0
5380 64.0
5381 64.0
5382 64.0
5383 64.0
5384 64.0
5385 64.0
5386 64.0
5387 64.0
5388 64.0
5389 64.0
5390 64.0
5391 64.0
5392 64.0
5393 64.0
5394 64.0
5395 64.0
5396 64.0
5397 64.0
5398 64.0
5399 64.0
5400 64.0
5401 64.0
5402 64.0
5403 64.0
5404 64.0
5405 64.0
5406 64.0
5407 64.0
5408 64.0
5409 64.0
5410 64.0
5411 64.0
5412 64.0
5413 64.0
5414 64.0
5415 64.0
5416 64.0
5417 64.0
5418 64.0
5419 64.0
5420 64.0
5421 64.0
5422 64.0
5423 64.0
5424 64.0
5425 64.0
5426 64.0
5427 64.0
5428 64.0
5429 64.0
5430 64.0
5431 64.0
5432 64.0
5433 64.0
5434 64.0
5435 64.0
5436 64.0
5437 64.0
5438 64.0
5439 64.0
5440 64.0
5441 64.0
5442 64.0
5443 64.0
5444 64.0
5445 64.0
5446 64.0
5447 64.0
5448 64.0
5449 64.0
5450 64.0
5451 64.0
5452 64.0
5453 64.0
5454 64.0
5455 64.0
5456 64.0
5457 64.0
5458 64.0
5459 64.0
5460 64.0
5461 64.0
5462 64.0
5463 64.0
5464 64.0
5465 64.0
5466 64.0
5467 64.0
5468 64.0
5469 64.0
5470 64.0
5471 64.0
5472 64.0
5473 64.0
5474 64.0
5475 64.0
5476 64.0
5477 64.0
5478 64.0
5479 64.0
5480 64.0
5481 64.0
5482 64.0
5483 64.0
5484 64.0
5485 64.0
5486 64.0
5487 64.0
5488 64.0
5489 64.0
5490 64.0
5491 64.0
5492 64.0
5493 64.0
5494 64.0
5495 64.0
5496 64.0
5497 64.0
5498 64.0
5499 64.0
5500 64.0
5501 64.0
5502 64.0
5503 64.0
5504 64.0
5505 64.0
5506 64.0
5507 64.0
5508 64.0
5509 64.0
5510 64.0
5511 64.0
5512 64.0
5513 64.0
5514 64.0
5515 64.0
5516 64.0
5517 64.0
5518 64.0
5519 64.0
5520 64.0
5521 64.0
5522 64.0
5523 64.0
5524 64.0
5525 64.0
5526 64.0
5527 64.0
5528 64.0
5529 64.0
5530 64.0
5531 64.0
5532 64.0
5533 64.0
5534 64.0
5535 64.0
5536 64.0
5537 64.0
5538 64.0
5539 64.0
5540 64.0
5541 64.0
5542 64.0
5543 64.0
5544 64.0
5545 64.0
5546 64.0
5547 64.0
5548 64.0
5549 64.0
5550 64.0
5551 64.0
5552 64.0
5553 64.0
5554 64.0
5555 64.0
5556 64.0
5557 64.0
5558 64.0
5559 64.0
5560 64.0
5561 64.0
5562 64.0
5563 64.0
5564 64.0
5565 64.0
5566 64.0
5567 64.0
5568 64.0
5569 64.0
5570 64.0
5571 64.0
5572 64.0
5573 64.0
5574 64.0
5575 64.0
5576 64.0
5577 64.0
5578 64.0
5579 64.0
5580 64.0
5581 64.0
5582 64.0
5583 64.0
5584 64.0
5585 64.0
5586 64.0
5587 64.0
5588 64.0
5589 64.0
5590 64.0
5591 64.0
5592 64.0
5593 64.0
5594 64.0
5595 64.0
5596 64.0
5597 64.0
5598 64.0
5599 64.0
5600 64.0
5601 64.0
5602 64.0
5603 64.0
5604 64.0
5605 64.0
5606 64.0
5607 64.0
5608 64.0
5609 64.0
5610 64.0
5611 64.0
5612 64.0
5613 64.0
5614 64.0
5615 64.0
5616 64.0
5617 64.0
5618 64.0
5619 64.0
5620 64.0
5621 64.0
5622 64.0
5623 64.0
5624 64.0
5625 64.0
5626 64.0
5627 64.0
5628 64.0
5629 64.0
5630 64.0
5631 64.0
5632 64.0
5633 64.0
5634 64.0
5635 64.0
5636 64.0
5637 64.0
5638 64.0
5639 64.0
5640 64.0
5641 64.0
5642 64.0
5643 64.0
5644 64.0
5645 64.0
5646 64.0
5647 64.0
5648 64.0
5649 64.0
5650 64.0
5651 64.0
5652 64.0
5653 64.0
5654 64.0
5655 64.0
5656 64.0
5657 64.0
5658 64.0
5659 64.0
5660 64.0
5661 64.0
5662 64.0
5663 64.0
5664 64.0
5665 64.0
5666 64.0
5667 64.0
5668 64.0
5669 64.0
5670 64.0
5671 64.0
5672 64.0
5673 64.0
5674 64.0
5675 64.0
5676 64.0
5677 64.0
5678 64.0
5679 64.0
5680 64.0
5681 64.0
5682 64.0
5683 64.0
5684 64.0
5685 64.0
5686 64.0
5687 64.0
5688 64.0
5689 64.0
5690 64.0
5691 64.0
5692 64.0
5693 64.0
5694 64.0
5695 64.0
5696 64.0
5697 64.0
5698 64.0
5699 64.0
5700 64.0
5701 64.0
5702 64.0
5703 64.0
5704 64.0
5705 64.0
5706 64.0
5707 64.0
5708 64.0
5709 64.0
5710 64.0
5711 64.0
5712 64.0
5713 64.0
5714 64.0
5715 64.0
5716 64.0
5717 64.0
5718 64.0
5719 64.0
5720 64.0
5721 64.0
5722 64.0
5723 64.0
5724 64.0
5725 64.0
5726 64.0
5727 64.0
5728 64.0
5729 64.0
5730 64.0
5731 64.0
5732 64.0
5733 64.0
5734 64.0
5735 64.0
5736 64.0
5737 64.0
5738 64.0
5739 64.0
5740 64.0
5741 64.0
5742 64.0
5743 64.0
5744 64.0
5745 64.0
5746 64.0
5747 64.0
5748 64.0
5749 64.0
5750 64.0
5751 64.0
5752 64.0
5753 64.0
5754 64.0
5755 64.0
5756 64.0
5757 64.0
5758 64.0
5759 64.0
5760 64.0
5761 64.0
5762 64.0
5763 64.0
5764 64.0
5765 64.0
5766 64.0
5767 64.0
5768 64.0
5769 64.0
5770 64.0
5771 64.0
5772 64.0
5773 64.0
5774 64.0
5775 64.0
5776 64.0
5777 64.0
5778 64.0
5779 64.0
5780 64.0
5781 64.0
5782 64.0
5783 64.0
5784 64.0
5785 64.0
5786 64.0
5787 64.0
5788 64.0
5789 64.0
5790 64.0
5791 64.0
5792 64.0
5793 64.0
5794 64.0
5795 64.0
5796 64.0
5797 64.0
5798 64.0
5799 64.0
5800 64.0
5801 64.0
5802 64.0
5803 64.0
5804 64.0
5805 64.0
5806 64.0
5807 64.0
5808 64.0
5809 64.0
5810 64.0
5811 64.0
5812 64.0
5813 64.0
5814 64.0
5815 64.0
5816 64.0
5817 64.0
5818 64.0
5819 64.0
5820 64.0
5821 64.0
5822 64.0
5823 64.0
5824 64.0
5825 64.0
5826 64.0
5827 64.0
5828 64.0
5829 64.0
5830 64.0
5831 64.0
5832 64.0
5833 64.0
5834 64.0
5835 64.0
5836 64.0
5837 64.0
5838 64.0
5839 64.0
5840 64.0
5841 64.0
5842 64.0
5843 64.0
5844 64.0
5845 64.0
5846 64.0
5847 64.0
5848 64.0
5849 64.0
5850 64.0
5851 64.0
5852 64.0
5853 64.0
5854 64.0
5855 64.0
5856 64.0
5857 64.0
5858 64.0
5859 64.0
5860 64.0
5861 64.0
5862 64.0
5863 64.0
5864 64.0
5865 64.0
5866 64.0
5867 64.0
5868 64.0
5869 64.0
5870 64.0
5871 64.0
5872 64.0
5873 64.0
5874 64.0
5875 64.0
5876 64.0
5877 64.0
5878 64.0
5879 64.0
5880 64.0
5881 64.0
5882 64.0
5883 64.0
5884 64.0
5885 64.0
5886 64.0
5887 64.0
5888 64.0
5889 64.0
5890 64.0
5891 64.0
5892 64.0
5893 64.0
5894 64.0
5895 64.0
5896 64.0
5897 64.0
5898 64.0
5899 64.0
5900 64.0
5901 64.0
5902 64.0
5903 64.0
5904 64.0
5905 64.0
5906 64.0
5907 64.0
5908 64.0
5909 64.0
5910 64.0
5911 64.0
5912 64.0
5913 64.0
5914 64.0
5915 64.0
5916 64.0
5917 64.0
5918 64.0
5919 64.0
5920 64.0
5921 64.0
5922 64.0
5923 64.0
5924 64.0
5925 64.0
5926 64.0
5927 64.0
5928 64.0
5929 64.0
5930 64.0
5931 64.0
5932 64.0
5933 64.0
5934 64.0
5935 64.0
5936 64.0
5937 64.0
5938 64.0
5939 64.0
5940 64.0
5941 64.0
5942 64.0
5943 64.0
5944 64.0
5945 64.0
5946 64.0
5947 64.0
5948 64.0
5949 64.0
5950 64.0
5951 64.0
5952 64.0
5953 64.0
5954 64.0
5955 64.0
5956 64.0
5957 64.0
5958 64.0
5959 64.0
5960 64.0
5961 64.0
5962 64.0
5963 64.0
5964 64.0
5965 64.0
5966 64.0
5967 64.0
5968 64.0
5969 64.0
5970 64.0
5971 64.0
5972 64.0
5973 64.0
5974 64.0
5975 64.0
5976 64.0
5977 64.0
5978 64.0
5979 64.0
5980 64.0
5981 64.0
5982 64.0
5983 64.0
5984 64.0
5985 64.0
5986 64.0
5987 64.0
5988 64.0
5989 64.0
5990 64.0
5991 64.0
5992 64.0
5993 64.0
5994 64.0
5995 64.0
5996 64.0
5997 64.0
5998 64.0
5999 64.0
6000 64.0
6001 64.0
6002 64.0
6003 64.0
6004 64.0
6005 64.0
6006 64.0
6007 64.0
6008 64.0
6009 64.0
6010 64.0
6011 64.0
6012 64.0
6013 64.0
6014 64.0
6015 64.0
6016 64.0
6017 64.0
6018 64.0
6019 64.0
6020 64.0
6021 64.0
6022 64.0
6023 64.0
6024 64.0
6025 64.0
6026 64.0
6027 64.0
6028 64.0
6029 64.0
6030 64.0
6031 64.0
6032 64.0
6033 64.0
6034 64.0
6035 64.0
6036 64.0
6037 64.0
6038 64.0
6039 64.0
6040 64.0
6041 64.0
6042 64.0
6043 64.0
6044 64.0
6045 64.0
6046 64.0
6047 64.0
6048 64.0
6049 64.0
6050 64.0
6051 64.0
6052 64.0
6053 64.0
6054 64.0
6055 64.0
6056 64.0
6057 64.0
6058 64.0
6059 64.0
6060 64.0
6061 64.0
6062 64.0
6063 64.0
6064 64.0
6065 64.0
6066 64.0
6067 64.0
6068 64.0
6069 64.0
6070 64.0
6071 64.0
6072 64.0
6073 64.0
6074 64.0
6075 64.0
6076 64.0
6077 64.0
6078 64.0
6079 64.0
6080 64.0
6081 64.0
6082 64.0
6083 64.0
6084 64.0
6085 64.0
6086 64.0
6087 64.0
6088 64.0
6089 64.0
6090 64.0
6091 64.0
6092 64.0
6093 64.0
6094 64.0
6095 64.0
6096 64.0
6097 64.0
6098 64.0
6099 64.0
6100 64.0
6101 64.0
6102 64.0
6103 64.0
6104 64.0
6105 64.0
6106 64.0
6107 64.0
6108 64.0
6109 64.0
6110 64.0
6111 64.0
6112 64.0
6113 64.0
6114 64.0
6115 64.0
6116 64.0
6117 64.0
6118 64.0
6119 64.0
6120 64.0
6121 64.0
6122 64.0
6123 64.0
6124 64.0
6125 64.0
6126 64.0
6127 64.0
6128 64.0
6129 64.0
6130 64.0
6131 64.0
6132 64.0
6133 64.0
6134 64.0
6135 64.0
6136 64.0
6137 64.0
6138 64.0
6139 64.0
6140 64.0
6141 64.0
6142 64.0
6143 64.0
6144 64.0
6145 64.0
6146 64.0
6147 64.0
6148 64.0
6149 64.0
6150 64.0
6151 64.0
6152 64.0
6153 64.0
6154 64.0
6155 64.0
6156 64.0
6157 64.0
6158 64.0
6159 64.0
6160 64.0
6161 64.0
6162 64.0
6163 64.0
6164 64.0
6165 64.0
6166 64.0
6167 64.0
6168 64.0
6169 64.0
6170 64.0
6171 64.0
6172 64.0
6173 64.0
6174 64.0
6175 64.0
6176 64.0
6177 64.0
6178 64.0
6179 64.0
6180 64.0
6181 64.0
6182 64.0
6183 64.0
6184 64.0
6185 64.0
6186 64.0
6187 64.0
6188 64.0
6189 64.0
6190 64.0
6191 64.0
6192 64.0
6193 64.0
6194 64.0
6195 64.0
6196 64.0
6197 64.0
6198 64.0
6199 64.0
6200 64.0
6201 64.0
6202 64.0
6203 64.0
6204 64.0
6205 64.0
6206 64.0
6207 64.0
6208 64.0
6209 64.0
6210 64.0
6211 64.0
6212 64.0
6213 64.0
6214 64.0
6215 64.0
6216 64.0
6217 64.0
6218 64.0
6219 64.0
6220 64.0
6221 64.0
6222 64.0
6223 64.0
6224 64.0
6225 64.0
6226 64.0
6227 64.0
6228 64.0
6229 64.0
6230 64.0
6231 64.0
6232 64.0
6233 64.0
6234 64.0
6235 64.0
6236 64.0
6237 64.0
6238 64.0
6239 64.0
6240 64.0
6241 64.0
6242 64.0
6243 64.0
6244 64.0
6245 64.0
6246 64.0
6247 64.0
6248 64.0
6249 64.0
6250 64.0
6251 64.0
6252 64.0
6253 64.0
6254 64.0
6255 64.0
6256 64.0
6257 64.0
6258 64.0
6259 64.0
6260 64.0
6261 64.0
6262 64.0
6263 64.0
6264 64.0
6265 64.0
6266 64.0
6267 64.0
6268 64.0
6269 64.0
6270 64.0
6271 64.0
6272 64.0
6273 64.0
6274 64.0
6275 64.0
6276 64.0
6277 64.0
6278 64.0
6279 64.0
6280 64.0
6281 64.0
6282 64.0
6283 64.0
6284 64.0
6285 64.0
6286 64.0
6287 64.0
6288 64.0
6289 64.0
6290 64.0
6291 64.0
6292 64.0
6293 64.0
6294 64.0
6295 64.0
6296 64.0
6297 64.0
6298 64.0
6299 64.0
6300 64.0
6301 64.0
6302 64.0
6303 64.0
6304 64.0
6305 64.0
6306 64.0
6307 64.0
6308 64.0
6309 64.0
6310 64.0
6311 64.0
6312 64.0
6313 64.0
6314 64.0
6315 64.0
6316 64.0
6317 64.0
6318 64.0
6319 64.0
6320 64.0
6321 64.0
6322 64.0
6323 64.0
6324 64.0
6325 64.0
6326 64.0
6327 64.0
6328 64.0
6329 64.0
6330 64.0
6331 64.0
6332 64.0
6333 64.0
6334 64.0
6335 64.0
6336 64.0
6337 64.0
6338 64.0
6339 64.0
6340 64.0
6341 64.0
6342 64.0
6343 64.0
6344 64.0
6345 64.0
6346 64.0
6347 64.0
6348 64.0
6349 64.0
6350 64.0
6351 64.0
6352 64.0
6353 64.0
6354 64.0
6355 64.0
6356 64.0
6357 64.0
6358 64.0
6359 64.0
6360 64.0
6361 64.0
6362 64.0
6363 64.0
6364 64.0
6365 64.0
6366 64.0
6367 64.0
6368 64.0
6369 64.0
6370 64.0
6371 64.0
6372 64.0
6373 64.0
6374 64.0
6375 64.0
6376 64.0
6377 64.0
6378 64.0
6379 64.0
6380 64.0
6381 64.0
6382 64.0
6383 64.0
6384 64.0
6385 64.0
6386 64.0
6387 64.0
6388 64.0
6389 64.0
6390 64.0
6391 64.0
6392 64.0
6393 64.0
6394 64.0
6395 64.0
6396 64.0
6397 64.0
6398 64.0
6399 64.0
6400 64.0
6401 64.0
6402 64.0
6403 64.0
6404 64.0
6405 64.0
6406 64.0
6407 64.0
6408 64.0
6409 64.0
6410 64.0
6411 64.0
6412 64.0
6413 64.0
6414 64.0
6415 64.0
6416 64.0
6417 64.0
6418 64.0
6419 64.0
6420 64.0
6421 64.0
6422 64.0
6423 64.0
6424 64.0
6425 64.0
6426 64.0
6427 64.0
6428 64.0
6429 64.0
6430 64.0
6431 64.0
6432 64.0
6433 64.0
6434 64.0
6435 64.0
6436 64.0
6437 64.0
6438 64.0
6439 64.0
6440 64.0
6441 64.0
6442 64.0
6443 64.0
6444 64.0
6445 64.0
6446 64.0
6447 64.0
6448 64.0
6449 64.0
6450 64.0
6451 64.0
6452 64.0
6453 64.0
6454 64.0
6455 64.0
6456 64.0
6457 64.0
6458 64.0
6459 64.0
6460 64.0
6461 64.0
6462 64.0
6463 64.0
6464 64.0
6465 64.0
6466 64.0
6467 64.0
6468 64.0
6469 64.0
6470 64.0
6471 64.0
6472 64.0
6473 64.0
6474 64.0
6475 64.0
6476 64.0
6477 64.0
6478 64.0
6479 64.0
6480 64.0
6481 64.0
6482 64.0
6483 64.0
6484 64.0
6485 64.0
6486 64.0
6487 64.0
6488 64.0
6489 64.0
6490 64.0
6491 64.0
6492 64.0
6493 64.0
6494 64.0
6495 64.0
6496 64.0
6497 64.0
6498 64.0
6499 64.0
6500 64.0
6501 64.0
6502 64.0
6503 64.0
6504 64.0
6505 64.0
6506 64.0
6507 64.0
6508 64.0
6509 64.0
6510 64.0
6511 64.0
6512 64.0
6513 64.0
6514 64.0
6515 64.0
6516 64.0
6517 64.0
6518 64.0
6519 64.0
6520 64.0
6521 64.0
6522 64.0
6523 64.0
6524 64.0
6525 64.0
6526 64.0
6527 64.0
6528 64.0
6529 64.0
6530 64.0
6531 64.0
6532 64.0
6533 64.0
6534 64.0
6535 64.0
6536 64.0
6537 64.0
6538 64.0
6539 64.0
6540 64.0
6541 64.0
6542 64.0
6543 64.0
6544 64.0
6545 64.0
6546 64.0
6547 64.0
6548 64.0
6549 64.0
6550 64.0
6551 64.0
6552 64.0
6553 64.0
6554 64.0
6555 64.0
6556 64.0
6557 64.0
6558 64.0
6559 64.0
6560 64.0
6561 64.0
6562 64.0
6563 64.0
6564 64.0
6565 64.0
6566 64.0
6567 64.0
6568 64.0
6569 64.0
6570 64.0
6571 64.0
6572 64.0
6573 64.0
6574 64.0
6575 64.0
6576 64.0
6577 64.0
6578 64.0
6579 64.0
6580 64.0
6581 64.0
6582 64.0
6583 64.0
6584 64.0
6585 64.0
6586 64.0
6587 64.0
6588 64.0
6589 64.0
6590 64.0
6591 64.0
6592 64.0
6593 64.0
6594 64.0
6595 64.0
6596 64.0
6597 64.0
6598 64.0
6599 64.0
6600 64.0
6601 64.0
6602 64.0
6603 64.0
6604 64.0
6605 64.0
6606 64.0
6607 64.0
6608 64.0
6609 64.0
6610 64.0
6611 64.0
6612 64.0
6613 64.0
6614 64.0
6615 64.0
6616 64.0
6617 64.0
6618 64.0
6619 64.0
6620 64.0
6621 64.0
6622 64.0
6623 64.0
6624 64.0
6625 64.0
6626 64.0
6627 64.0
6628 64.0
6629 64.0
6630 64.0
6631 64.0
6632 64.0
6633 64.0
6634 64.0
6635 64.0
6636 64.0
6637 64.0
6638 64.0
6639 64.0
6640 64.0
6641 64.0
6642 64.0
6643 64.0
6644 64.0
6645 64.0
6646 64.0
6647 64.0
6648 64.0
6649 64.0
6650 64.0
6651 64.0
6652 64.0
6653 64.0
6654 64.0
6655 64.0
6656 64.0
6657 64.0
6658 64.0
6659 64.0
6660 64.0
6661 64.0
6662 64.0
6663 64.0
6664 64.0
6665 64.0
6666 64.0
6667 64.0
6668 64.0
6669 64.0
6670 64.0
6671 64.0
6672 64.0
6673 64.0
6674 64.0
6675 64.0
6676 64.0
6677 64.0
6678 64.0
6679 64.0
6680 64.0
6681 64.0
6682 64.0
6683 64.0
6684 64.0
6685 64.0
6686 64.0
6687 64.0
6688 64.0
6689 64.0
6690 64.0
6691 64.0
6692 64.0
6693 64.0
6694 64.0
6695 64.0
6696 64.0
6697 64.0
6698 64.0
6699 64.0
6700 64.0
6701 64.0
6702 64.0
6703 64.0
6704 64.0
6705 64.0
6706 64.0
6707 64.0
6708 64.0
6709 64.0
6710 64.0
6711 64.0
6712 64.0
6713 64.0
6714 64.0
6715 64.0
6716 64.0
6717 64.0
6718 64.0
6719 64.0
6720 64.0
6721 64.0
6722 64.0
6723 64.0
6724 64.0
6725 64.0
6726 64.0
6727 64.0
6728 64.0
6729 64.0
6730 64.0
6731 64.0
6732 64.0
6733 64.0
6734 64.0
6735 64.0
6736 64.0
6737 64.0
6738 64.0
6739 64.0
6740 64.0
6741 64.0
6742 64.0
6743 64.0
6744 64.0
6745 64.0
6746 64.0
6747 64.0
6748 64.0
6749 64.0
6750 64.0
6751 64.0
6752 64.0
6753 64.0
6754 64.0
6755 64.0
6756 64.0
6757 64.0
6758 64.0
6759 64.0
6760 64.0
6761 64.0
6762 64.0
6763 64.0
6764 64.0
6765 64.0
6766 64.0
6767 64.0
6768 64.0
6769 64.0
6770 64.0
6771 64.0
6772 64.0
6773 64.0
6774 64.0
6775 64.0
6776 64.0
6777 64.0
6778 64.0
6779 64.0
6780 64.0
6781 64.0
6782 64.0
6783 64.0
6784 64.0
6785 64.0
6786 64.0
6787 64.0
6788 64.0
6789 64.0
6790 64.0
6791 64.0
6792 64.0
6793 64.0
6794 64.0
6795 64.0
6796 64.0
6797 64.0
6798 64.0
6799 64.0
6800 64.0
6801 64.0
6802 64.0
6803 64.0
6804 64.0
6805 64.0
6806 64.0
6807 64.0
6808 64.0
6809 64.0
6810 64.0
6811 64.0
6812 64.0
6813 64.0
6814 64.0
6815 64.0
6816 64.0
6817 64.0
6818 64.0
6819 64.0
6820 64.0
6821 64.0
6822 64.0
6823 64.0
6824 64.0
6825 64.0
6826 64.0
6827 64.0
6828 64.0
6829 64.0
6830 64.0
6831 64.0
6832 64.0
6833 64.0
6834 64.0
6835 64.0
6836 64.0
6837 64.0
6838 64.0
6839 64.0
6840 64.0
6841 64.0
6842 64.0
6843 64.0
6844 64.0
6845 64.0
6846 64.0
6847 64.0
6848 64.0
6849 64.0
6850 64.0
6851 64.0
6852 64.0
6853 64.0
6854 64.0
6855 64.0
6856 64.0
6857 64.0
6858 64.0
6859 64.0
6860 64.0
6861 64.0
6862 64.0
6863 64.0
6864 64.0
6865 64.0
6866 64.0
6867 64.0
6868 64.0
6869 64.0
6870 64.0
6871 64.0
6872 64.0
6873 64.0
6874 64.0
6875 64.0
6876 64.0
6877 64.0
6878 64.0
6879 64.0
6880 64.0
6881 64.0
6882 64.0
6883 64.0
6884 64.0
6885 64.0
6886 64.0
6887 64.0
6888 64.0
6889 64.0
6890 64.0
6891 64.0
6892 64.0
6893 64.0
6894 64.0
6895 64.0
6896 64.0
6897 64.0
6898 64.0
6899 64.0
6900 64.0
6901 64.0
6902 64.0
6903 64.0
6904 64.0
6905 64.0
6906 64.0
6907 64.0
6908 64.0
6909 64.0
6910 64.0
6911 64.0
6912 64.0
6913 64.0
6914 64.0
6915 64.0
6916 64.0
6917 64.0
6918 64.0
6919 64.0
6920 64.0
6921 64.0
6922 64.0
6923 64.0
6924 64.0
6925 64.0
6926 64.0
6927 64.0
6928 64.0
6929 64.0
6930 64.0
6931 64.0
6932 64.0
6933 64.0
6934 64.0
6935 64.0
6936 64.0
6937 64.0
6938 64.0
6939 64.0
6940 64.0
6941 64.0
6942 64.0
6943 64.0
6944 64.0
6945 64.0
6946 64.0
6947 64.0
6948 64.0
6949 64.0
6950 64.0
6951 64.0
6952 64.0
6953 64.0
6954 64.0
6955 64.0
6956 64.0
6957 64.0
6958 64.0
6959 64.0
6960 64.0
6961 64.0
6962 64.0
6963 64.0
6964 64.0
6965 64.0
6966 64.0
6967 64.0
6968 64.0
6969 64.0
6970 64.0
6971 64.0
6972 64.0
6973 64.0
6974 64.0
6975 64.0
6976 64.0
6977 64.0
6978 64.0
6979 64.0
6980 64.0
6981 64.0
6982 64.0
6983 64.0
6984 64.0
6985 64.0
6986 64.0
6987 64.0
6988 64.0
6989 64.0
6990 64.0
6991 64.0
6992 64.0
6993 64.0
6994 64.0
6995 64.0
6996 64.0
6997 64.0
6998 64.0
6999 64.0
7000 64.0
7001 64.0
7002 64.0
7003 64.0
7004 64.0
7005 64.0
7006 64.0
7007 64.0
7008 64.0
7009 64.0
7010 64.0
7011 64.0
7012 64.0
7013 64.0
7014 64.0
7015 64.0
7016 64.0
7017 64.0
7018 64.0
7019 64.0
7020 64.0
7021 64.0
7022 64.0
7023 64.0
7024 64.0
7025 64.0
7026 64.0
7027 64.0
7028 64.0
7029 64.0
7030 64.0
7031 64.0
7032 64.0
7033 64.0
7034 64.0
7035 64.0
7036 64.0
7037 64.0
7038 64.0
7039 64.0
7040 64.0
7041 64.0
7042 64.0
7043 64.0
7044 64.0
7045 64.0
7046 64.0
7047 64.0
7048 64.0
7049 64.0
7050 64.0
7051 64.0
7052 64.0
7053 64.0
7054 64.0
7055 64.0
7056 64.0
7057 64.0
7058 64.0
7059 64.0
7060 64.0
7061 64.0
7062 64.0
7063 64.0
7064 64.0
7065 64.0
7066 64.0
7067 64.0
7068 64.0
7069 64.0
7070 64.0
7071 64.0
7072 64.0
7073 64.0
7074 64.0
7075 64.0
7076 64.0
7077 64.0
7078 64.0
7079 64.0
7080 64.0
7081 64.0
7082 64.0
7083 64.0
7084 64.0
7085 64.0
7086 64.0
7087 64.0
7088 64.0
7089 64.0
7090 64.0
7091 64.0
7092 64.0
7093 64.0
7094 64.0
7095 64.0
7096 64.0
7097 64.0
7098 64.0
7099 64.0
7100 64.0
7101 64.0
7102 64.0
7103 64.0
7104 64.0
7105 64.0
7106 64.0
7107 64.0
7108 64.0
7109 64.0
7110 64.0
7111 64.0
7112 64.0
7113 64.0
7114 64.0
7115 64.0
7116 64.0
7117 64.0
7118 64.0
7119 64.0
7120 64.0
7121 64.0
7122 64.0
7123 64.0
7124 64.0
7125 64.0
7126 64.0
7127 64.0
7128 64.0
7129 64.0
7130 64.0
7131 64.0
7132 64.0
7133 64.0
7134 64.0
7135 64.0
7136 64.0
7137 64.0
7138 64.0
7139 64.0
7140 64.0
7141 64.0
7142 64.0
7143 64.0
7144 64.0
7145 64.0
7146 64.0
7147 64.0
7148 64.0
7149 64.0
7150 64.0
7151 64.0
7152 64.0
7153 64.0
7154 64.0
7155 64.0
7156 64.0
7157 64.0
7158 64.0
7159 64.0
7160 64.0
7161 64.0
7162 64.0
7163 64.0
7164 64.0
7165 64.0
7166 64.0
7167 64.0
7168 64.0
7169 64.0
7170 64.0
7171 64.0
7172 64.0
7173 64.0
7174 64.0
7175 64.0
7176 64.0
7177 64.0
7178 64.0
7179 64.0
7180 64.0
7181 64.0
7182 64.0
7183 64.0
7184 64.0
7185 64.0
7186 64.0
7187 64.0
7188 64.0
7189 64.0
7190 64.0
7191 64.0
7192 64.0
7193 64.0
7194 64.0
7195 64.0
7196 64.0
7197 64.0
7198 64.0
7199 64.0
7200 64.0
7201 64.0
7202 64.0
7203 64.0
7204 64.0
7205 64.0
7206 64.0
7207 64.0
7208 64.0
7209 64.0
7210 64.0
7211 64.0
7212 64.0
7213 64.0
7214 64.0
7215 64.0
7216 64.0
7217 64.0
7218 64.0
7219 64.0
7220 64.0
7221 64.0
7222 64.0
7223 64.0
7224 64.0
7225 64.0
7226 64.0
7227 64.0
7228 64.0
7229 64.0
7230 64.0
7231 64.0
7232 64.0
7233 64.0
7234 64.0
7235 64.0
7236 64.0
7237 64.0
7238 64.0
7239 64.0
7240 64.0
7241 64.0
7242 64.0
7243 64.0
7244 64.0
7245 64.0
7246 64.0
7247 64.0
7248 64.0
7249 64.0
7250 64.0
7251 64.0
7252 64.0
7253 64.0
7254 64.0
7255 64.0
7256 64.0
7257 64.0
7258 64.0
7259 64.0
7260 64.0
7261 64.0
7262 64.0
7263 64.0
7264 64.0
7265 64.0
7266 64.0
7267 64.0
7268 64.0
7269 64.0
7270 64.0
7271 64.0
7272 64.0
7273 64.0
7274 64.0
7275 64.0
7276 64.0
7277 64.0
7278 64.0
7279 64.0
7280 64.0
7281 64.0
7282 64.0
7283 64.0
7284 64.0
7285 64.0
7286 64.0
7287 64.0
7288 64.0
7289 64.0
7290 64.0
7291 64.0
7292 64.0
7293 64.0
7294 64.0
7295 64.0
7296 64.0
7297 64.0
7298 64.0
7299 64.0
7300 64.0
7301 64.0
7302 64.0
7303 64.0
7304 64.0
7305 64.0
7306 64.0
7307 64.0
7308 64.0
7309 64.0
7310 64.0
7311 64.0
7312 64.0
7313 64.0
7314 64.0
7315 64.0
7316 64.0
7317 64.0
7318 64.0
7319 64.0
7320 64.0
7321 64.0
7322 64.0
7323 64.0
7324 64.0
7325 64.0
7326 64.0
7327 64.0
7328 64.0
7329 64.0
7330 64.0
7331 64.0
7332 64.0
7333 64.0
7334 64.0
7335 64.0
7336 64.0
7337 64.0
7338 64.0
7339 64.0
7340 64.0
7341 64.0
7342 64.0
7343 64.0
7344 64.0
7345 64.0
7346 64.0
7347 64.0
7348 64.0
7349 64.0
7350 64.0
7351 64.0
7352 64.0
7353 64.0
7354 64.0
7355 64.0
7356 64.0
7357 64.0
7358 64.0
7359 64.0
7360 64.0
7361 64.0
7362 64.0
7363 64.0
7364 64.0
7365 64.0
7366 64.0
7367 64.0
7368 64.0
7369 64.0
7370 64.0
7371 64.0
7372 64.0
7373 64.0
7374 64.0
7375 64.0
7376 64.0
7377 64.0
7378 64.0
7379 64.0
7380 64.0
7381 64.0
7382 64.0
7383 64.0
7384 64.0
7385 64.0
7386 64.0
7387 64.0
7388 64.0
7389 64.0
7390 64.0
7391 64.0
7392 64.0
7393 64.0
7394 64.0
7395 64.0
7396 64.0
7397 64.0
7398 64.0
7399 64.0
7400 64.0
7401 64.0
7402 64.0
7403 64.0
7404 64.0
7405 64.0
7406 64.0
7407 64.0
7408 64.0
7409 64.0
7410 64.0
7411 64.0
7412 64.0
7413 64.0
7414 64.0
7415 64.0
7416 64.0
7417 64.0
7418 64.0
7419 64.0
7420 64.0
7421 64.0
7422 64.0
7423 64.0
7424 64.0
7425 64.0
7426 64.0
7427 64.0
7428 64.0
7429 64.0
7430 64.0
7431 64.0
7432 64.0
7433 64.0
7434 64.0
7435 64.0
7436 64.0
7437 64.0
7438 64.0
7439 64.0
7440 64.0
7441 64.0
7442 64.0
7443 64.0
7444 64.0
7445 64.0
7446 64.0
7447 64.0
7448 64.0
7449 64.0
7450 64.0
7451 64.0
7452 64.0
7453 64.0
7454 64.0
7455 64.0
7456 64.0
7457 64.0
7458 64.0
7459 64.0
7460 64.0
7461 64.0
7462 64.0
7463 64.0
7464 64.0
7465 64.0
7466 64.0
7467 64.0
7468 64.0
7469 64.0
7470 64.0
7471 64.0
7472 64.0
7473 64.0
7474 64.0
7475 64.0
7476 64.0
7477 64.0
7478 64.0
7479 64.0
7480 64.0
7481 64.0
7482 64.0
7483 64.0
7484 64.0
7485 64.0
7486 64.0
7487 64.0
7488 64.0
7489 64.0
7490 64.0
7491 64.0
7492 64.0
7493 64.0
7494 64.0
7495 64.0
7496 64.0
7497 64.0
7498 64.0
7499 64.0
7500 64.0
7501 64.0
7502 64.0
7503 64.0
7504 64.0
7505 64.0
7506 64.0
7507 64.0
7508 64.0
7509 64.0
7510 64.0
7511 64.0
7512 64.0
7513 64.0
7514 64.0
7515 64.0
7516 64.0
7517 64.0
7518 64.0
7519 64.0
7520 64.0
7521 64.0
7522 64.0
7523 64.0
7524 64.0
7525 64.0
7526 64.0
7527 64.0
7528 64.0
7529 64.0
7530 64.0
7531 64.0
7532 64.0
7533 64.0
7534 64.0
7535 64.0
7536 64.0
7537 64.0
7538 64.0
7539 64.0
7540 64.0
7541 64.0
7542 64.0
7543 64.0
7544 64.0
7545 64.0
7546 64.0
7547 64.0
7548 64.0
7549 64.0
7550 64.0
7551 64.0
7552 64.0
7553 64.0
7554 64.0
7555 64.0
7556 64.0
7557 64.0
7558 64.0
7559 64.0
7560 64.0
7561 64.0
7562 64.0
7563 64.0
7564 64.0
7565 64.0
7566 64.0
7567 64.0
7568 64.0
7569 64.0
7570 64.0
7571 64.0
7572 64.0
7573 64.0
7574 64.0
7575 64.0
7576 64.0
7577 64.0
7578 64.0
7579 64.0
7580 64.0
7581 64.0
7582 64.0
7583 64.0
7584 64.0
7585 64.0
7586 64.0
7587 64.0
7588 64.0
7589 64.0
7590 64.0
7591 64.0
7592 64.0
7593 64.0
7594 64.0
7595 64.0
7596 64.0
7597 64.0
7598 64.0
7599 64.0
7600 64.0
7601 64.0
7602 64.0
7603 64.0
7604 64.0
7605 64.0
7606 64.0
7607 64.0
7608 64.0
7609 64.0
7610 64.0
7611 64.0
7612 64.0
7613 64.0
7614 64.0
7615 64.0
7616 64.0
7617 64.0
7618 64.0
7619 64.0
7620 64.0
7621 64.0
7622 64.0
7623 64.0
7624 64.0
7625 64.0
7626 64.0
7627 64.0
7628 64.0
7629 64.0
7630 64.0
7631 64.0
7632 64.0
7633 64.0
7634 64.0
7635 64.0
7636 64.0
7637 64.0
7638 64.0
7639 64.0
7640 64.0
7641 64.0
7642 64.0
7643 64.0
7644 64.0
7645 64.0
7646 64.0
7647 64.0
7648 64.0
7649 64.0
7650 64.0
7651 64.0
7652 64.0
7653 64.0
7654 64.0
7655 64.0
7656 64.0
7657 64.0
7658 64.0
7659 64.0
7660 64.0
7661 64.0
7662 64.0
7663 64.0
7664 64.0
7665 64.0
7666 64.0
7667 64.0
7668 64.0
7669 64.0
7670 64.0
7671 64.0
7672 64.0
7673 64.0
7674 64.0
7675 64.0
7676 64.0
7677 64.0
7678 64.0
7679 64.0
7680 64.0
7681 64.0
7682 64.0
7683 64.0
7684 64.0
7685 64.0
7686 64.0
7687 64.0
7688 64.0
7689 64.0
7690 64.0
7691 64.0
7692 64.0
7693 64.0
7694 64.0
7695 64.0
7696 64.0
7697 64.0
7698 64.0
7699 64.0
7700 64.0
7701 64.0
7702 64.0
7703 64.0
7704 64.0
7705 64.0
7706 64.0
7707 64.0
7708 64.0
7709 64.0
7710 64.0
7711 64.0
7712 64.0
7713 64.0
7714 64.0
7715 64.0
7716 64.0
7717 64.0
7718 64.0
7719 64.0
7720 64.0
7721 64.0
7722 64.0
7723 64.0
7724 64.0
7725 64.0
7726 64.0
7727 64.0
7728 64.0
7729 64.0
7730 64.0
7731 64.0
7732 64.0
7733 64.0
7734 64.0
7735 64.0
7736 64.0
7737 64.0
7738 64.0
7739 64.0
7740 64.0
7741 64.0
7742 64.0
7743 64.0
7744 64.0
7745 64.0
7746 64.0
7747 64.0
7748 64.0
7749 64.0
7750 64.0
7751 64.0
7752 64.0
7753 64.0
7754 64.0
7755 64.0
7756 64.0
7757 64.0
7758 64.0
7759 64.0
7760 64.0
7761 64.0
7762 64.0
7763 64.0
7764 64.0
7765 64.0
7766 64.0
7767 64.0
7768 64.0
7769 64.0
7770 64.0
7771 64.0
7772 64.0
7773 64.0
7774 64.0
7775 64.0
7776 64.0
7777 64.0
7778 64.0
7779 64.0
7780 64.0
7781 64.0
7782 64.0
7783 64.0
7784 64.0
7785 64.0
7786 64.0
7787 64.0
7788 64.0
7789 64.0
7790 64.0
7791 64.0
7792 64.0
7793 64.0
7794 64.0
7795 64.0
7796 64.0
7797 64.0
7798 64.0
7799 64.0
7800 64.0
7801 64.0
7802 64.0
7803 64.0
7804 64.0
7805 64.0
7806 64.0
7807 64.0
7808 64.0
7809 64.0
7810 64.0
7811 64.0
7812 64.0
7813 64.0
7814 64.0
7815 64.0
7816 64.0
7817 64.0
7818 64.0
7819 64.0
7820 64.0
7821 64.0
7822 64.0
7823 64.0
7824 64.0
7825 64.0
7826 64.0
7827 64.0
7828 64.0
7829 64.0
7830 64.0
7831 64.0
7832 64.0
7833 64.0
7834 64.0
7835 64.0
7836 64.0
7837 64.0
7838 64.0
7839 64.0
7840 64.0
7841 64.0
7842 64.0
7843 64.0
7844 64.0
7845 64.0
7846 64.0
7847 64.0
7848 64.0
7849 64.0
7850 64.0
7851 64.0
7852 64.0
7853 64.0
7854 64.0
7855 64.0
7856 64.0
7857 64.0
7858 64.0
7859 64.0
7860 64.0
7861 64.0
7862 64.0
7863 64.0
7864 64.0
7865 64.0
7866 64.0
7867 64.0
7868 64.0
7869 64.0
7870 64.0
7871 64.0
7872 64.0
7873 64.0
7874 64.0
7875 64.0
7876 64.0
7877 64.0
7878 64.0
7879 64.0
7880 64.0
7881 64.0
7882 64.0
7883 64.0
7884 64.0
7885 64.0
7886 64.0
7887 64.0
7888 64.0
7889 64.0
7890 64.0
7891 64.0
7892 64.0
7893 64.0
7894 64.0
7895 64.0
7896 64.0
7897 64.0
7898 64.0
7899 64.0
7900 64.0
7901 64.0
7902 64.0
7903 64.0
7904 64.0
7905 64.0
7906 64.0
7907 64.0
7908 64.0
7909 64.0
7910 64.0
7911 64.0
7912 64.0
7913 64.0
7914 64.0
7915 64.0
7916 64.0
7917 64.0
7918 64.0
7919 64.0
7920 64.0
7921 64.0
7922 64.0
7923 64.0
7924 64.0
7925 64.0
7926 64.0
7927 64.0
7928 64.0
7929 64.0
7930 64.0
7931 64.0
7932 64.0
7933 64.0
7934 64.0
7935 64.0
7936 64.0
7937 64.0
7938 64.0
7939 64.0
7940 64.0
7941 64.0
7942 64.0
7943 64.0
7944 64.0
7945 64.0
7946 64.0
7947 64.0
7948 64.0
7949 64.0
7950 64.0
7951 64.0
7952 64.0
7953 64.0
7954 64.0
7955 64.0
7956 64.0
7957 64.0
7958 64.0
7959 64.0
7960 64.0
7961 64.0
7962 64.0
7963 64.0
7964 64.0
7965 64.0
7966 64.0
7967 64.0
7968 64.0
7969 64.0
7970 64.0
7971 64.0
7972 64.0
7973 64.0
7974 64.0
7975 64.0
7976 64.0
7977 64.0
7978 64.0
7979 64.0
7980 64.0
7981 64.0
7982 64.0
7983 64.0
7984 64.0
7985 64.0
7986 64.0
7987 64.0
7988 64.0
7989 64.0
7990 64.0
7991 64.0
7992 64.0
7993 64.0
7994 64.0
7995 64.0
7996 64.0
7997 64.0
7998 64.0
7999 64.0
8000 64.0
8001 64.0
8002 64.0
8003 64.0
8004 64.0
8005 64.0
8006 64.0
8007 64.0
8008 64.0
8009 64.0
8010 64.0
8011 64.0
8012 64.0
8013 64.0
8014 64.0
8015 64.0
8016 64.0
8017 64.0
8018 64.0
8019 64.0
8020 64.0
8021 64.0
8022 64.0
8023 64.0
8024 64.0
8025 64.0
8026 64.0
8027 64.0
8028 64.0
8029 64.0
8030 64.0
8031 64.0
8032 64.0
8033 64.0
8034 64.0
8035 64.0
8036 64.0
8037 64.0
8038 64.0
8039 64.0
8040 64.0
8041 64.0
8042 64.0
8043 64.0
8044 64.0
8045 64.0
8046 64.0
8047 64.0
8048 64.0
8049 64.0
8050 64.0
8051 64.0
8052 64.0
8053 64.0
8054 64.0
8055 64.0
8056 64.0
8057 64.0
8058 64.0
8059 64.0
8060 64.0
8061 64.0
8062 64.0
8063 64.0
8064 64.0
8065 64.0
8066 64.0
8067 64.0
8068 64.0
8069 64.0
8070 64.0
8071 64.0
8072 64.0
8073 64.0
8074 64.0
8075 64.0
8076 64.0
8077 64.0
8078 64.0
8079 64.0
8080 64.0
8081 64.0
8082 64.0
8083 64.0
8084 64.0
8085 64.0
8086 64.0
8087 64.0
8088 64.0
8089 64.0
8090 64.0
8091 64.0
8092 64.0
8093 64.0
8094 64.0
8095 64.0
8096 64.0
8097 64.0
8098 64.0
8099 64.0
8100 64.0
8101 64.0
8102 64.0
8103 64.0
8104 64.0
8105 64.0
8106 64.0
8107 64.0
8108 64.0
8109 64.0
8110 64.0
8111 64.0
8112 64.0
8113 64.0
8114 64.0
8115 64.0
8116 64.0
8117 64.0
8118 64.0
8119 64.0
8120 64.0
8121 64.0
8122 64.0
8123 64.0
8124 64.0
8125 64.0
8126 64.0
8127 64.0
8128 64.0
8129 64.0
8130 64.0
8131 64.0
8132 64.0
8133 64.0
8134 64.0
8135 64.0
8136 64.0
8137 64.0
8138 64.0
8139 64.0
8140 64.0
8141 64.0
8142 64.0
8143 64.0
8144 64.0
8145 64.0
8146 64.0
8147 64.0
8148 64.0
8149 64.0
8150 64.0
8151 64.0
8152 64.0
8153 64.0
8154 64.0
8155 64.0
8156 64.0
8157 64.0
8158 64.0
8159 64.0
8160 64.0
8161 64.0
8162 64.0
8163 64.0
8164 64.0
8165 64.0
8166 64.0
8167 64.0
8168 64.0
8169 64.0
8170 64.0
8171 64.0
8172 64.0
8173 64.0
8174 64.0
8175 64.0
8176 64.0
8177 64.0
8178 64.0
8179 64.0
8180 64.0
8181 64.0
8182 64.0
8183 64.0
8184 64.0
8185 64.0
8186 64.0
8187 64.0
8188 64.0
8189 64.0
8190 64.0
8191 64.0
8192 64.0
8193 64.0
8194 64.0
8195 64.0
8196 64.0
8197 64.0
8198 64.0
8199 64.0
8200 64.0
8201 64.0
8202 64.0
8203 64.0
8204 64.0
8205 64.0
8206 64.0
8207 64.0
8208 64.0
8209 64.0
8210 64.0
8211 64.0
8212 64.0
8213 64.0
8214 64.0
8215 64.0
8216 64.0
8217 64.0
8218 64.0
8219 64.0
8220 64.0
8221 64.0
8222 64.0
8223 64.0
8224 64.0
8225 64.0
8226 64.0
8227 64.0
8228 64.0
8229 64.0
8230 64.0
8231 64.0
8232 64.0
8233 64.0
8234 64.0
8235 64.0
8236 64.0
8237 64.0
8238 64.0
8239 64.0
8240 64.0
8241 64.0
8242 64.0
8243 64.0
8244 64.0
8245 64.0
8246 64.0
8247 64.0
8248 64.0
8249 64.0
8250 64.0
8251 64.0
8252 64.0
8253 64.0
8254 64.0
8255 64.0
8256 64.0
8257 64.0
8258 64.0
8259 64.0
8260 64.0
8261 64.0
8262 64.0
8263 64.0
8264 64.0
8265 64.0
8266 64.0
8267 64.0
8268 64.0
8269 64.0
8270 64.0
8271 64.0
8272 64.0
8273 64.0
8274 64.0
8275 64.0
8276 64.0
8277 64.0
8278 64.0
8279 64.0
8280 64.0
8281 64.0
8282 64.0
8283 64.0
8284 64.0
8285 64.0
8286 64.0
8287 64.0
8288 64.0
8289 64.0
8290 64.0
8291 64.0
8292 64.0
8293 64.0
8294 64.0
8295 64.0
8296 64.0
8297 64.0
8298 64.0
8299 64.0
8300 64.0
8301 64.0
8302 64.0
8303 64.0
8304 64.0
8305 64.0
8306 64.0
8307 64.0
8308 64.0
8309 64.0
8310 64.0
8311 64.0
8312 64.0
8313 64.0
8314 64.0
8315 64.0
8316 64.0
8317 64.0
8318 64.0
8319 64.0
8320 64.0
8321 64.0
8322 64.0
8323 64.0
8324 64.0
8325 64.0
8326 64.0
8327 64.0
8328 64.0
8329 64.0
8330 64.0
8331 64.0
8332 64.0
8333 64.0
8334 64.0
8335 64.0
8336 64.0
8337 64.0
8338 64.0
8339 64.0
8340 64.0
8341 64.0
8342 64.0
8343 64.0
8344 64.0
8345 64.0
8346 64.0
8347 64.0
8348 64.0
8349 64.0
8350 64.0
8351 64.0
8352 64.0
8353 64.0
8354 64.0
8355 64.0
8356 64.0
8357 64.0
8358 64.0
8359 64.0
8360 64.0
8361 64.0
8362 64.0
8363 64.0
8364 64.0
8365 64.0
8366 64.0
8367 64.0
8368 64.0
8369 64.0
8370 64.0
8371 64.0
8372 64.0
8373 64.0
8374 64.0
8375 64.0
8376 64.0
8377 64.0
8378 64.0
8379 64.0
8380 64.0
8381 64.0
8382 64.0
8383 64.0
8384 64.0
8385 64.0
8386 64.0
8387 64.0
8388 64.0
8389 64.0
8390 64.0
8391 64.0
8392 64.0
8393 64.0
8394 64.0
8395 64.0
8396 64.0
8397 64.0
8398 64.0
8399 64.0
8400 64.0
8401 64.0
8402 64.0
8403 64.0
8404 64.0
8405 64.0
8406 64.0
8407 64.0
8408 64.0
8409 64.0
8410 64.0
8411 64.0
8412 64.0
8413 64.0
8414 64.0
8415 64.0
8416 64.0
8417 64.0
8418 64.0
8419 64.0
8420 64.0
8421 64.0
8422 64.0
8423 64.0
8424 64.0
8425 64.0
8426 64.0
8427 64.0
8428 64.0
8429 64.0
8430 64.0
8431 64.0
8432 64.0
8433 64.0
8434 64.0
8435 64.0
8436 64.0
8437 64.0
8438 64.0
8439 64.0
8440 64.0
8441 64.0
8442 64.0
8443 64.0
8444 64.0
8445 64.0
8446 64.0
8447 64.0
8448 64.0
8449 64.0
8450 64.0
8451 64.0
8452 64.0
8453 64.0
8454 64.0
8455 64.0
8456 64.0
8457 64.0
8458 64.0
8459 64.0
8460 64.0
8461 64.0
8462 64.0
8463 64.0
8464 64.0
8465 64.0
8466 64.0
8467 64.0
8468 64.0
8469 64.0
8470 64.0
8471 64.0
8472 64.0
8473 64.0
8474 64.0
8475 64.0
8476 64.0
8477 64.0
8478 64.0
8479 64.0
8480 64.0
8481 64.0
8482 64.0
8483 64.0
8484 64.0
8485 64.0
8486 64.0
8487 64.0
8488 64.0
8489 64.0
8490 64.0
8491 64.0
8492 64.0
8493 64.0
8494 64.0
8495 64.0
8496 64.0
8497 64.0
8498 64.0
8499 64.0
8500 64.0
8501 64.0
8502 64.0
8503 64.0
8504 64.0
8505 64.0
8506 64.0
8507 64.0
8508 64.0
8509 64.0
8510 64.0
8511 64.0
8512 64.0
8513 64.0
8514 64.0
8515 64.0
8516 64.0
8517 64.0
8518 64.0
8519 64.0
8520 64.0
8521 64.0
8522 64.0
8523 64.0
8524 64.0
8525 64.0
8526 64.0
8527 64.0
8528 64.0
8529 64.0
8530 64.0
8531 64.0
8532 64.0
8533 64.0
8534 64.0
8535 64.0
8536 64.0
8537 64.0
8538 64.0
8539 64.0
8540 64.0
8541 64.0
8542 64.0
8543 64.0
8544 64.0
8545 64.0
8546 64.0
8547 64.0
8548 64.0
8549 64.0
8550 64.0
8551 64.0
8552 64.0
8553 64.0
8554 64.0
8555 64.0
8556 64.0
8557 64.0
8558 64.0
8559 64.0
8560 64.0
8561 64.0
8562 64.0
8563 64.0
8564 64.0
8565 64.0
8566 64.0
8567 64.0
8568 64.0
8569 64.0
8570 64.0
8571 64.0
8572 64.0
8573 64.0
8574 64.0
8575 64.0
8576 64.0
8577 64.0
8578 64.0
8579 64.0
8580 64.0
8581 64.0
8582 64.0
8583 64.0
8584 64.0
8585 64.0
8586 64.0
8587 64.0
8588 64.0
8589 64.0
8590 64.0
8591 64.0
8592 64.0
8593 64.0
8594 64.0
8595 64.0
8596 64.0
8597 64.0
8598 64.0
8599 64.0
8600 64.0
8601 64.0
8602 64.0
8603 64.0
8604 64.0
8605 64.0
8606 64.0
8607 64.0
8608 64.0
8609 64.0
8610 64.0
8611 64.0
8612 64.0
8613 64.0
8614 64.0
8615 64.0
8616 64.0
8617 64.0
8618 64.0
8619 64.0
8620 64.0
8621 64.0
8622 64.0
8623 64.0
8624 64.0
8625 64.0
8626 64.0
8627 64.0
8628 64.0
8629 64.0
8630 64.0
8631 64.0
8632 64.0
8633 64.0
8634 64.0
8635 64.0
8636 64.0
8637 64.0
8638 64.0
8639 64.0
8640 64.0
8641 64.0
8642 64.0
8643 64.0
8644 64.0
8645 64.0
8646 64.0
8647 64.0
8648 64.0
8649 64.0
8650 64.0
8651 64.0
8652 64.0
8653 64.0
8654 64.0
8655 64.0
8656 64.0
8657 64.0
8658 64.0
8659 64.0
8660 64.0
8661 64.0
8662 64.0
8663 64.0
8664 64.0
8665 64.0
8666 64.0
8667 64.0
8668 64.0
8669 64.0
8670 64.0
8671 64.0
8672 64.0
8673 64.0
8674 64.0
8675 64.0
8676 64.0
8677 64.0
8678 64.0
8679 64.0
8680 64.0
8681 64.0
8682 64.0
8683 64.0
8684 64.0
8685 64.0
8686 64.0
8687 64.0
8688 64.0
8689 64.0
8690 64.0
8691 64.0
8692 64.0
8693 64.0
8694 64.0
8695 64.0
8696 64.0
8697 64.0
8698 64.0
8699 64.0
8700 64.0
8701 64.0
8702 64.0
8703 64.0
8704 64.0
8705 64.0
8706 64.0
8707 64.0
8708 64.0
8709 64.0
8710 64.0
8711 64.0
8712 64.0
8713 64.0
8714 64.0
8715 64.0
8716 64.0
8717 64.0
8718 64.0
8719 64.0
8720 64.0
8721 64.0
8722 64.0
8723 64.0
8724 64.0
8725 64.0
8726 64.0
8727 64.0
8728 64.0
8729 64.0
8730 64.0
8731 64.0
8732 64.0
8733 64.0
8734 64.0
8735 64.0
8736 64.0
8737 64.0
8738 64.0
8739 64.0
8740 64.0
8741 64.0
8742 64.0
8743 64.0
8744 64.0
8745 64.0
8746 64.0
8747 64.0
8748 64.0
8749 64.0
8750 64.0
8751 64.0
8752 64.0
8753 64.0
8754 64.0
8755 64.0
8756 64.0
8757 64.0
8758 64.0
8759 64.0
8760 64.0
8761 64.0
8762 64.0
8763 64.0
8764 64.0
8765 64.0
8766 64.0
8767 64.0
8768 64.0
8769 66.0
8770 66.0
8771 66.0
8772 66.0
8773 66.0
8774 66.0
8775 66.0
8776 66.0
8777 66.0
8778 66.0
8779 66.0
8780 66.0
8781 66.0
8782 66.0
8783 66.0
8784 66.0
8785 66.0
8786 66.0
8787 66.0
8788 66.0
8789 66.0
8790 66.0
8791 66.0
8792 66.0
8793 66.0
8794 66.0
8795 66.0
8796 66.0
8797 66.0
8798 66.0
8799 66.0
8800 66.0
8801 66.0
8802 66.0
8803 66.0
8804 66.0
8805 66.0
8806 66.0
8807 66.0
8808 66.0
8809 66.0
8810 66.0
8811 66.0
8812 66.0
8813 66.0
8814 66.0
8815 66.0
8816 66.0
8817 66.0
8818 66.0
8819 66.0
8820 66.0
8821 66.0
8822 66.0
8823 66.0
8824 66.0
8825 66.0
8826 66.0
8827 66.0
8828 66.0
8829 66.0
8830 66.0
8831 66.0
8832 66.0
8833 66.0
8834 66.0
8835 66.0
8836 66.0
8837 66.0
8838 66.0
8839 66.0
8840 66.0
8841 66.0
8842 66.0
8843 66.0
8844 66.0
8845 66.0
8846 66.0
8847 66.0
8848 66.0
8849 66.0
8850 66.0
8851 66.0
8852 66.0
8853 66.0
8854 66.0
8855 66.0
8856 66.0
8857 66.0
8858 66.0
8859 66.0
8860 66.0
8861 66.0
8862 66.0
8863 66.0
8864 66.0
8865 66.0
8866 66.0
8867 66.0
8868 66.0
8869 66.0
8870 66.0
8871 66.0
8872 66.0
8873 66.0
8874 66.0
8875 66.0
8876 66.0
8877 66.0
8878 66.0
8879 66.0
8880 66.0
8881 66.0
8882 66.0
8883 66.0
8884 66.0
8885 66.0
8886 66.0
8887 66.0
8888 66.0
8889 66.0
8890 66.0
8891 66.0
8892 66.0
8893 66.0
8894 66.0
8895 66.0
8896 66.0
8897 66.0
8898 66.0
8899 66.0
8900 66.0
8901 66.0
8902 66.0
8903 66.0
8904 66.0
8905 66.0
8906 66.0
8907 66.0
8908 66.0
8909 66.0
8910 66.0
8911 66.0
8912 66.0
8913 66.0
8914 66.0
8915 66.0
8916 66.0
8917 66.0
8918 66.0
8919 66.0
8920 66.0
8921 66.0
8922 66.0
8923 66.0
8924 66.0
8925 66.0
8926 66.0
8927 66.0
8928 66.0
8929 66.0
8930 66.0
8931 66.0
8932 66.0
8933 66.0
8934 66.0
8935 66.0
8936 66.0
8937 66.0
8938 66.0
8939 66.0
8940 66.0
8941 66.0
8942 66.0
8943 66.0
8944 66.0
8945 66.0
8946 66.0
8947 66.0
8948 66.0
8949 66.0
8950 66.0
8951 66.0
8952 66.0
8953 66.0
8954 66.0
8955 66.0
8956 66.0
8957 66.0
8958 66.0
8959 66.0
8960 66.0
8961 66.0
8962 66.0
8963 66.0
8964 66.0
8965 66.0
8966 66.0
8967 66.0
8968 66.0
8969 66.0
8970 66.0
8971 66.0
8972 66.0
8973 66.0
8974 66.0
8975 66.0
8976 66.0
8977 66.0
8978 66.0
8979 66.0
8980 66.0
8981 66.0
8982 66.0
8983 66.0
8984 66.0
8985 66.0
8986 66.0
8987 66.0
8988 66.0
8989 66.0
8990 66.0
8991 66.0
8992 66.0
8993 66.0
8994 66.0
8995 66.0
8996 66.0
8997 66.0
8998 66.0
8999 66.0
9000 66.0
9001 66.0
9002 66.0
9003 66.0
9004 66.0
9005 66.0
9006 66.0
9007 66.0
9008 66.0
9009 66.0
9010 66.0
9011 66.0
9012 66.0
9013 66.0
9014 66.0
9015 66.0
9016 66.0
9017 66.0
9018 66.0
9019 66.0
9020 66.0
9021 66.0
9022 66.0
9023 66.0
9024 66.0
9025 66.0
9026 66.0
9027 66.0
9028 66.0
9029 66.0
9030 66.0
9031 66.0
9032 66.0
9033 66.0
9034 66.0
9035 66.0
9036 66.0
9037 66.0
9038 66.0
9039 66.0
9040 66.0
9041 66.0
9042 66.0
9043 66.0
9044 66.0
9045 66.0
9046 66.0
9047 66.0
9048 66.0
9049 66.0
9050 66.0
9051 66.0
9052 66.0
9053 66.0
9054 66.0
9055 66.0
9056 66.0
9057 66.0
9058 66.0
9059 66.0
9060 66.0
9061 66.0
9062 66.0
9063 66.0
9064 66.0
9065 66.0
9066 66.0
9067 66.0
9068 66.0
9069 66.0
9070 66.0
9071 66.0
9072 66.0
9073 66.0
9074 66.0
9075 66.0
9076 66.0
9077 66.0
9078 66.0
9079 66.0
9080 66.0
9081 66.0
9082 66.0
9083 66.0
9084 66.0
9085 66.0
9086 66.0
9087 66.0
9088 66.0
9089 66.0
9090 66.0
9091 66.0
9092 66.0
9093 66.0
9094 66.0
9095 66.0
9096 66.0
9097 66.0
9098 66.0
9099 66.0
9100 66.0
9101 66.0
9102 66.0
9103 66.0
9104 66.0
9105 66.0
9106 66.0
9107 66.0
9108 66.0
9109 66.0
9110 66.0
9111 66.0
9112 66.0
9113 66.0
9114 66.0
9115 66.0
9116 66.0
9117 66.0
9118 66.0
9119 66.0
9120 66.0
9121 66.0
9122 66.0
9123 66.0
9124 66.0
9125 66.0
9126 66.0
9127 66.0
9128 66.0
9129 66.0
9130 66.0
9131 66.0
9132 66.0
9133 66.0
9134 66.0
9135 66.0
9136 66.0
9137 66.0
9138 66.0
9139 66.0
9140 66.0
9141 66.0
9142 66.0
9143 66.0
9144 66.0
9145 66.0
9146 66.0
9147 66.0
9148 66.0
9149 66.0
9150 66.0
9151 66.0
9152 66.0
9153 66.0
9154 66.0
9155 66.0
9156 66.0
9157 66.0
9158 66.0
9159 66.0
9160 66.0
9161 66.0
9162 66.0
9163 66.0
9164 66.0
9165 66.0
9166 66.0
9167 66.0
9168 66.0
9169 66.0
9170 66.0
9171 66.0
9172 66.0
9173 66.0
9174 66.0
9175 66.0
9176 66.0
9177 66.0
9178 66.0
9179 66.0
9180 66.0
9181 66.0
9182 66.0
9183 66.0
9184 66.0
9185 66.0
9186 66.0
9187 66.0
9188 66.0
9189 66.0
9190 66.0
9191 66.0
9192 66.0
9193 66.0
9194 66.0
9195 66.0
9196 66.0
9197 66.0
9198 66.0
9199 66.0
9200 66.0
9201 66.0
9202 66.0
9203 66.0
9204 66.0
9205 66.0
9206 66.0
9207 66.0
9208 66.0
9209 66.0
9210 66.0
9211 66.0
9212 66.0
9213 66.0
9214 66.0
9215 66.0
9216 66.0
9217 66.0
9218 66.0
9219 66.0
9220 66.0
9221 66.0
9222 66.0
9223 66.0
9224 66.0
9225 66.0
9226 66.0
9227 66.0
9228 66.0
9229 66.0
9230 66.0
9231 66.0
9232 66.0
9233 66.0
9234 66.0
9235 66.0
9236 66.0
9237 66.0
9238 66.0
9239 66.0
9240 66.0
9241 66.0
9242 66.0
9243 66.0
9244 66.0
9245 66.0
9246 66.0
9247 66.0
9248 66.0
9249 66.0
9250 66.0
9251 66.0
9252 66.0
9253 66.0
9254 66.0
9255 66.0
9256 66.0
9257 66.0
9258 66.0
9259 66.0
9260 66.0
9261 66.0
9262 66.0
9263 66.0
9264 66.0
9265 66.0
9266 66.0
9267 66.0
9268 66.0
9269 66.0
9270 66.0
9271 66.0
9272 66.0
9273 66.0
9274 66.0
9275 66.0
9276 66.0
9277 66.0
9278 66.0
9279 66.0
9280 66.0
9281 66.0
9282 66.0
9283 66.0
9284 66.0
9285 66.0
9286 66.0
9287 66.0
9288 66.0
9289 66.0
9290 66.0
9291 66.0
9292 66.0
9293 66.0
9294 66.0
9295 66.0
9296 66.0
9297 66.0
9298 66.0
9299 66.0
9300 66.0
9301 66.0
9302 66.0
9303 66.0
9304 66.0
9305 66.0
9306 66.0
9307 66.0
9308 66.0
9309 66.0
9310 66.0
9311 66.0
9312 66.0
9313 66.0
9314 66.0
9315 66.0
9316 66.0
9317 66.0
9318 66.0
9319 66.0
9320 66.0
9321 66.0
9322 66.0
9323 66.0
9324 66.0
9325 66.0
9326 66.0
9327 66.0
9328 66.0
9329 66.0
9330 66.0
9331 66.0
9332 66.0
9333 66.0
9334 66.0
9335 66.0
9336 66.0
9337 66.0
9338 66.0
9339 66.0
9340 66.0
9341 66.0
9342 66.0
9343 66.0
9344 66.0
9345 66.0
9346 66.0
9347 66.0
9348 66.0
9349 66.0
9350 66.0
9351 66.0
9352 66.0
9353 66.0
9354 66.0
9355 66.0
9356 66.0
9357 66.0
9358 66.0
9359 66.0
9360 66.0
9361 66.0
9362 66.0
9363 66.0
9364 66.0
9365 66.0
9366 66.0
9367 66.0
9368 66.0
9369 66.0
9370 66.0
9371 66.0
9372 66.0
9373 66.0
9374 66.0
9375 66.0
9376 66.0
9377 66.0
9378 66.0
9379 66.0
9380 66.0
9381 66.0
9382 66.0
9383 66.0
9384 66.0
9385 66.0
9386 66.0
9387 66.0
9388 66.0
9389 66.0
9390 66.0
9391 66.0
9392 66.0
9393 66.0
9394 66.0
9395 66.0
9396 66.0
9397 66.0
9398 66.0
9399 66.0
9400 66.0
9401 66.0
9402 66.0
9403 66.0
9404 66.0
9405 66.0
9406 66.0
9407 66.0
9408 66.0
9409 66.0
9410 66.0
9411 66.0
9412 66.0
9413 66.0
9414 66.0
9415 66.0
9416 66.0
9417 66.0
9418 66.0
9419 66.0
9420 66.0
9421 66.0
9422 66.0
9423 66.0
9424 66.0
9425 66.0
9426 66.0
9427 66.0
9428 66.0
9429 66.0
9430 66.0
9431 66.0
9432 66.0
9433 66.0
9434 66.0
9435 66.0
9436 66.0
9437 66.0
9438 66.0
9439 66.0
9440 66.0
9441 66.0
9442 66.0
9443 66.0
9444 66.0
9445 66.0
9446 66.0
9447 66.0
9448 66.0
9449 66.0
9450 66.0
9451 66.0
9452 66.0
9453 66.0
9454 66.0
9455 66.0
9456 66.0
9457 66.0
9458 66.0
9459 66.0
9460 66.0
9461 66.0
9462 66.0
9463 66.0
9464 66.0
9465 66.0
9466 66.0
9467 66.0
9468 66.0
9469 66.0
9470 66.0
9471 66.0
9472 66.0
9473 66.0
9474 66.0
9475 66.0
9476 66.0
9477 66.0
9478 66.0
9479 66.0
9480 66.0
9481 66.0
9482 66.0
9483 66.0
9484 66.0
9485 66.0
9486 66.0
9487 66.0
9488 66.0
9489 66.0
9490 66.0
9491 66.0
9492 66.0
9493 66.0
9494 66.0
9495 66.0
9496 66.0
9497 66.0
9498 66.0
9499 66.0
9500 66.0
9501 66.0
9502 66.0
9503 66.0
9504 66.0
9505 66.0
9506 66.0
9507 66.0
9508 66.0
9509 66.0
9510 66.0
9511 66.0
9512 66.0
9513 66.0
9514 66.0
9515 66.0
9516 66.0
9517 66.0
9518 66.0
9519 66.0
9520 66.0
9521 66.0
9522 66.0
9523 66.0
9524 66.0
9525 66.0
9526 66.0
9527 66.0
9528 66.0
9529 66.0
9530 66.0
9531 66.0
9532 66.0
9533 66.0
9534 66.0
9535 66.0
9536 66.0
9537 66.0
9538 66.0
9539 66.0
9540 66.0
9541 66.0
9542 66.0
9543 66.0
9544 66.0
9545 66.0
9546 66.0
9547 66.0
9548 66.0
9549 66.0
9550 66.0
9551 66.0
9552 66.0
9553 66.0
9554 66.0
9555 66.0
9556 66.0
9557 66.0
9558 66.0
9559 66.0
9560 66.0
9561 66.0
9562 66.0
9563 66.0
9564 66.0
9565 66.0
9566 66.0
9567 66.0
9568 66.0
9569 66.0
9570 66.0
9571 66.0
9572 66.0
9573 66.0
9574 66.0
9575 66.0
9576 66.0
9577 66.0
9578 66.0
9579 66.0
9580 66.0
9581 66.0
9582 66.0
9583 66.0
9584 66.0
9585 66.0
9586 66.0
9587 66.0
9588 66.0
9589 66.0
9590 66.0
9591 66.0
9592 66.0
9593 66.0
9594 66.0
9595 66.0
9596 66.0
9597 66.0
9598 66.0
9599 66.0
9600 66.0
9601 66.0
9602 66.0
9603 66.0
9604 66.0
9605 66.0
9606 66.0
9607 66.0
9608 66.0
9609 66.0
9610 66.0
9611 66.0
9612 66.0
9613 66.0
9614 66.0
9615 66.0
9616 66.0
9617 66.0
9618 66.0
9619 66.0
9620 66.0
9621 66.0
9622 66.0
9623 66.0
9624 66.0
9625 66.0
9626 66.0
9627 66.0
9628 66.0
9629 66.0
9630 66.0
9631 66.0
9632 66.0
9633 66.0
9634 66.0
9635 66.0
9636 66.0
9637 66.0
9638 66.0
9639 66.0
9640 66.0
9641 66.0
9642 66.0
9643 66.0
9644 66.0
9645 66.0
9646 66.0
9647 66.0
9648 66.0
9649 66.0
9650 66.0
9651 66.0
9652 66.0
9653 66.0
9654 66.0
9655 66.0
9656 66.0
9657 66.0
9658 66.0
9659 66.0
9660 66.0
9661 66.0
9662 66.0
9663 66.0
9664 66.0
9665 66.0
9666 66.0
9667 66.0
9668 66.0
9669 66.0
9670 66.0
9671 66.0
9672 66.0
9673 66.0
9674 66.0
9675 66.0
9676 66.0
9677 66.0
9678 66.0
9679 66.0
9680 66.0
9681 66.0
9682 66.0
9683 66.0
9684 66.0
9685 66.0
9686 66.0
9687 66.0
9688 66.0
9689 66.0
9690 66.0
9691 66.0
9692 66.0
9693 66.0
9694 66.0
9695 66.0
9696 66.0
9697 66.0
9698 66.0
9699 66.0
9700 66.0
9701 66.0
9702 66.0
9703 66.0
9704 66.0
9705 66.0
9706 66.0
9707 66.0
9708 66.0
9709 66.0
9710 66.0
9711 66.0
9712 66.0
9713 66.0
9714 66.0
9715 66.0
9716 66.0
9717 66.0
9718 66.0
9719 66.0
9720 66.0
9721 66.0
9722 66.0
9723 66.0
9724 66.0
9725 66.0
9726 66.0
9727 66.0
9728 66.0
9729 66.0
9730 66.0
9731 66.0
9732 66.0
9733 66.0
9734 66.0
9735 66.0
9736 66.0
9737 66.0
9738 66.0
9739 66.0
9740 66.0
9741 66.0
9742 66.0
9743 66.0
9744 66.0
9745 66.0
9746 66.0
9747 66.0
9748 66.0
9749 66.0
9750 66.0
9751 66.0
9752 66.0
9753 66.0
9754 66.0
9755 66.0
9756 66.0
9757 66.0
9758 66.0
9759 66.0
9760 66.0
9761 66.0
9762 66.0
9763 66.0
9764 66.0
9765 66.0
9766 66.0
9767 66.0
9768 66.0
9769 66.0
9770 66.0
9771 66.0
9772 66.0
9773 66.0
9774 66.0
9775 66.0
9776 66.0
9777 66.0
9778 66.0
9779 66.0
9780 66.0
9781 66.0
9782 66.0
9783 66.0
9784 66.0
9785 66.0
9786 66.0
9787 66.0
9788 66.0
9789 66.0
9790 66.0
9791 66.0
9792 66.0
9793 66.0
9794 66.0
9795 66.0
9796 66.0
9797 66.0
9798 66.0
9799 66.0
9800 66.0
9801 66.0
9802 66.0
9803 66.0
9804 66.0
9805 66.0
9806 66.0
9807 66.0
9808 66.0
9809 66.0
9810 66.0
9811 66.0
9812 66.0
9813 66.0
9814 66.0
9815 66.0
9816 66.0
9817 66.0
9818 66.0
9819 66.0
9820 66.0
9821 66.0
9822 66.0
9823 66.0
9824 66.0
9825 66.0
9826 66.0
9827 66.0
9828 66.0
9829 66.0
9830 66.0
9831 66.0
9832 66.0
9833 66.0
9834 66.0
9835 66.0
9836 66.0
9837 66.0
9838 66.0
9839 66.0
9840 66.0
9841 66.0
9842 66.0
9843 66.0
9844 66.0
9845 66.0
9846 66.0
9847 66.0
9848 66.0
9849 66.0
9850 66.0
9851 66.0
9852 66.0
9853 66.0
9854 66.0
9855 66.0
9856 66.0
9857 66.0
9858 66.0
9859 66.0
9860 66.0
9861 66.0
9862 66.0
9863 66.0
9864 66.0
9865 66.0
9866 66.0
9867 66.0
9868 66.0
9869 66.0
9870 66.0
9871 66.0
9872 66.0
9873 66.0
9874 66.0
9875 66.0
9876 66.0
9877 66.0
9878 66.0
9879 66.0
9880 66.0
9881 66.0
9882 66.0
9883 66.0
9884 66.0
9885 66.0
9886 66.0
9887 66.0
9888 66.0
9889 66.0
9890 66.0
9891 66.0
9892 66.0
9893 66.0
9894 66.0
9895 66.0
9896 66.0
9897 66.0
9898 66.0
9899 66.0
9900 66.0
9901 66.0
9902 66.0
9903 66.0
9904 66.0
9905 66.0
9906 66.0
9907 66.0
9908 66.0
9909 66.0
9910 66.0
9911 66.0
9912 66.0
9913 66.0
9914 66.0
9915 66.0
9916 66.0
9917 66.0
9918 66.0
9919 66.0
9920 66.0
9921 66.0
9922 66.0
9923 66.0
9924 66.0
9925 66.0
9926 66.0
9927 66.0
9928 66.0
9929 66.0
9930 66.0
9931 66.0
9932 66.0
9933 66.0
9934 66.0
9935 66.0
9936 66.0
9937 66.0
9938 66.0
9939 66.0
9940 66.0
9941 66.0
9942 66.0
9943 66.0
9944 66.0
9945 66.0
9946 66.0
9947 66.0
9948 66.0
9949 66.0
9950 66.0
9951 66.0
9952 66.0
9953 66.0
9954 66.0
9955 66.0
9956 66.0
9957 66.0
9958 66.0
9959 66.0
9960 66.0
9961 66.0
9962 66.0
9963 66.0
9964 66.0
9965 66.0
9966 66.0
9967 66.0
9968 66.0
9969 66.0
9970 66.0
9971 66.0
9972 66.0
9973 66.0
9974 66.0
9975 66.0
9976 66.0
9977 66.0
9978 66.0
9979 66.0
9980 66.0
9981 66.0
9982 66.0
9983 66.0
9984 66.0
9985 66.0
9986 66.0
9987 66.0
9988 66.0
9989 66.0
9990 66.0
9991 66.0
9992 66.0
9993 66.0
9994 66.0
9995 66.0
9996 66.0
9997 66.0
9998 66.0
9999 66.0
10000 66.0
10001 66.0
10002 66.0
10003 66.0
10004 66.0
10005 66.0
10006 66.0
10007 66.0
10008 66.0
