# evaluation best
1 19.0
2 19.0
3 19.0
4 19.0
5 19.0
6 19.0
7 19.0
8 19.0
9 25.0
10 25.0
11 25.0
12 28.0
13 28.0
14 28.0
15 28.0
16 28.0
17 28.0
18 28.0
19 28.0
20 28.0
21 28.0
22 28.0
23 28.0
24 28.0
25 28.0
26 28.0
27 28.0
28 48.0
29 48.0
30 48.0
31 48.0
32 48.0
33 48.0
34 48.0
35 48.0
36 48.0
37 48.0
38 48.0
39 48.0
40 48.0
41 48.0
42 48.0
43 48.0
44 48.0
45 48.0
46 48.0
47 48.0
48 48.0
49 48.0
50 48.0
51 48.0
52 48.0
53 48.0
54 48.0
55 48.0
56 48.0
57 48.0
58 48.0
59 48.0
60 48.0
61 48.0
62 48.0
63 48.0
64 48.0
65 48.0
66 48.0
67 48.0
68 48.0
69 51.0
70 51.0
71 51.0
72 51.0
73 51.0
74 51.0
75 51.0
76 51.0
77 51.0
78 51.0
79 51.0
80 51.0
81 51.0
82 51.0
83 51.0
84 51.0
85 51.0
86 51.0
87 51.0
88 51.0
89 51.0
90 51.0
91 51.0
92 51.0
93 51.0
94 51.0
95 51.0
96 51.0
97 51.0
98 51.0
99 51.0
100 51.0
101 51.0
102 51.0
103 51.0
104 51.0
105 51.0
106 51.0
107 51.0
108 51.0
109 51.0
110 51.0
111 51.0
112 51.0
113 51.0
114 51.0
115 51.0
116 51.0
117 51.0
118 51.0
119 51.0
120 51.0
121 51.0
122 51.0
123 51.0
124 51.0
125 51.0
126 51.0
127 51.0
128 51.0
129 51.0
130 51.0
131 51.0
132 51.0
133 51.0
134 51.0
135 51.0
136 51.0
137 51.0
138 51.0
139 51.0
140 51.0
141 51.0
142 51.0
143 51.0
144 51.0
145 51.0
146 51.0
147 51.0
148 51.0
149 51.0
150 51.0
151 51.0
152 51.0
153 51.0
154 51.0
155 51.0
156 51.0
157 51.0
158 51.0
159 51.0
160 51.0
161 51.0
162 51.0
163 51.0
164 51.0
165 51.0
166 51.0
167 51.0
168 51.0
169 51.0
170 51.0
171 51.0
172 51.0
173 51.0
174 51.0
175 51.0
176 51.0
177 51.0
178 51.0
179 51.0
180 51.0
181 51.0
182 51.0
183 51.0
184 51.0
185 51.0
186 51.0
187 51.0
188 51.0
189 51.0
190 51.0
191 51.0
192 51.0
193 51.0
194 51.0
195 51.0
196 51.0
197 51.0
198 51.0
199 51.0
200 51.0
201 51.0
202 51.0
203 51.0
204 51.0
205 51.0
206 51.0
207 51.0
208 51.0
209 51.0
210 51.0
211 51.0
212 51.0
213 51.0
214 51.0
215 51.0
216 51.0
217 51.0
218 51.0
219 51.0
220 51.0
221 51.0
222 51.0
223 51.0
224 51.0
225 51.0
226 51.0
227 51.0
228 51.0
229 51.0
230 51.0
231 51.0
232 51.0
233 51.0
234 51.0
235 51.0
236 51.0
237 51.0
238 51.0
239 51.0
240 51.0
241 51.0
242 51.0
243 51.0
244 51.0
245 51.0
246 51.0
247 51.0
248 51.0
249 51.0
250 51.0
251 51.0
252 51.0
253 51.0
254 51.0
255 51.0
256 51.0
257 51.0
258 51.0
259 51.0
260 51.0
261 51.0
262 51.0
263 51.0
264 51.0
265 51.0
266 51.0
267 51.0
268 51.0
269 51.0
270 51.0
271 51.0
272 51.0
273 51.0
274 51.0
275 51.0
276 51.0
277 51.0
278 51.0
279 51.0
280 51.0
281 51.0
282 51.0
283 51.0
284 51.0
285 51.0
286 51.0
287 51.0
288 51.0
289 51.0
290 51.0
291 51.0
292 51.0
293 51.0
294 51.0
295 51.0
296 51.0
297 51.0
298 51.0
299 51.0
300 51.0
301 51.0
302 51.0
303 51.0
304 51.0
305 51.0
306 51.0
307 51.0
308 51.0
309 51.0
310 51.0
311 51.0
312 51.0
313 51.0
314 51.0
315 51.0
316 51.0
317 51.0
318 51.0
319 51.0
320 51.0
321 51.0
322 51.0
323 51.0
324 51.0
325 51.0
326 51.0
327 51.0
328 51.0
329 51.0
330 51.0
331 51.0
332 51.0
333 51.0
334 51.0
335 51.0
336 51.0
337 51.0
338 51.0
339 51.0
340 51.0
341 51.0
342 51.0
343 51.0
344 51.0
345 51.0
346 51.0
347 51.0
348 51.0
349 51.0
350 51.0
351 51.0
352 51.0
353 58.0
354 58.0
355 58.0
356 58.0
357 58.0
358 58.0
359 58.0
360 58.0
361 58.0
362 58.0
363 58.0
364 58.0
365 58.0
366 58.0
367 58.0
368 58.0
369 58.0
370 58.0
371 58.0
372 58.0
373 58.0
374 58.0
375 58.0
376 58.0
377 58.0
378 58.0
379 58.0
380 58.0
381 58.0
382 58.0
383 58.0
384 58.0
385 58.0
386 58.0
387 58.0
388 58.0
389 58.0
390 58.0
391 58.0
392 58.0
393 58.0
394 58.0
395 58.0
396 58.0
397 58.0
398 58.0
399 58.0
400 58.0
401 58.0
402 58.0
403 58.0
404 58.0
405 58.0
406 58.0
407 58.0
408 58.0
409 58.0
410 58.0
411 58.0
412 58.0
413 58.0
414 58.0
415 58.0
416 58.0
417 58.0
418 58.0
419 58.0
420 58.0
421 58.0
422 58.0
423 58.0
424 58.0
425 58.0
426 58.0
427 58.0
428 58.0
429 58.0
430 58.0
431 58.0
432 58.0
433 58.0
434 58.0
435 58.0
436 58.0
437 58.0
438 58.0
439 58.0
440 58.0
441 58.0
442 58.0
443 58.0
444 58.0
445 58.0
446 58.0
447 58.0
448 58.0
449 58.0
450 58.0
451 58.0
452 58.0
453 58.0
454 58.0
455 58.0
456 58.0
457 58.0
458 58.0
459 58.0
460 58.0
461 58.0
462 58.0
463 58.0
464 58.0
465 58.0
466 58.0
467 58.0
468 58.0
469 58.0
470 58.0
471 58.0
472 58.0
473 58.0
474 58.0
475 58.0
476 58.0
477 58.0
478 58.0
479 58.0
480 58.0
481 58.0
482 58.0
483 58.0
484 58.0
485 58.0
486 58.0
487 58.0
488 58.0
489 58.0
490 58.0
491 58.0
492 58.0
493 58.0
494 58.0
495 58.0
496 58.0
497 58.0
498 58.0
499 58.0
500 58.0
501 58.0
502 58.0
503 58.0
504 58.0
505 58.0
506 58.0
507 58.0
508 58.0
509 58.0
510 58.0
511 58.0
512 58.0
513 58.0
514 58.0
515 58.0
516 58.0
517 58.0
518 58.0
519 58.0
520 58.0
521 58.0
522 58.0
523 58.0
524 58.0
525 58.0
526 58.0
527 58.0
528 58.0
529 58.0
530 58.0
531 58.0
532 58.0
533 58.0
534 58.0
535 58.0
536 58.0
537 58.0
538 58.0
539 58.0
540 58.0
541 58.0
542 58.0
543 58.0
544 58.0
545 58.0
546 58.0
547 58.0
548 58.0
549 58.0
550 58.0
551 58.0
552 58.0
553 58.0
554 58.0
555 58.0
556 58.0
557 58.0
558 58.0
559 58.0
560 58.0
561 58.0
562 58.0
563 58.0
564 58.0
565 58.0
566 58.0
567 58.0
568 58.0
569 58.0
570 58.0
571 58.0
572 58.0
573 58.0
574 58.0
575 58.0
576 58.0
577 58.0
578 58.0
579 58.0
580 58.0
581 58.0
582 58.0
583 58.0
584 58.0
585 58.0
586 58.0
587 58.0
588 58.0
589 58.0
590 58.0
591 58.0
592 58.0
593 58.0
594 58.0
595 58.0
596 58.0
597 58.0
598 58.0
599 58.0
600 58.0
601 58.0
602 58.0
603 58.0
604 58.0
605 58.0
606 58.0
607 58.0
608 58.0
609 58.0
610 58.0
611 58.0
612 58.0
613 58.0
614 58.0
615 58.0
616 58.0
617 58.0
618 58.0
619 58.0
620 58.0
621 58.0
622 58.0
623 58.0
624 58.0
625 58.0
626 58.0
627 58.0
628 58.0
629 58.0
630 58.0
631 58.0
632 58.0
633 58.0
634 58.0
635 58.0
636 58.0
637 58.0
638 58.0
639 58.0
640 58.0
641 58.0
642 58.0
643 58.0
644 58.0
645 58.0
646 58.0
647 58.0
648 58.0
649 58.0
650 58.0
651 58.0
652 58.0
653 58.0
654 58.0
655 58.0
656 58.0
657 58.0
658 58.0
659 58.0
660 58.0
661 58.0
662 58.0
663 58.0
664 58.0
665 58.0
666 58.0
667 58.0
668 58.0
669 58.0
670 58.0
671 58.0
672 58.0
673 58.0
674 58.0
675 58.0
676 58.0
677 58.0
678 58.0
679 58.0
680 58.0
681 58.0
682 58.0
683 58.0
684 58.0
685 58.0
686 58.0
687 58.0
688 58.0
689 58.0
690 58.0
691 58.0
692 58.0
693 58.0
694 58.0
695 58.0
696 58.0
697 58.0
698 58.0
699 58.0
700 58.0
701 58.0
702 58.0
703 58.0
704 58.0
705 58.0
706 58.0
707 58.0
708 58.0
709 58.0
710 58.0
711 58.0
712 58.0
713 58.0
714 58.0
715 58.0
716 58.0
717 58.0
718 58.0
719 58.0
720 58.0
721 58.0
722 58.0
723 58.0
724 58.0
725 58.0
726 58.0
727 58.0
728 58.0
729 58.0
730 58.0
731 58.0
732 58.0
733 58.0
734 58.0
735 58.0
736 58.0
737 58.0
738 58.0
739 58.0
740 58.0
741 58.0
742 58.0
743 58.0
744 58.0
745 58.0
746 58.0
747 58.0
748 58.0
749 58.0
750 58.0
751 58.0
752 58.0
753 58.0
754 58.0
755 58.0
756 58.0
757 58.0
758 58.0
759 58.0
760 58.0
761 58.0
762 58.0
763 58.0
764 58.0
765 58.0
766 58.0
767 58.0
768 58.0
769 58.0
770 58.0
771 58.0
772 58.0
773 58.0
774 58.0
775 58.0
776 58.0
777 58.0
778 58.0
779 58.0
780 58.0
781 58.0
782 58.0
783 58.0
784 58.0
785 58.0
786 58.0
787 58.0
788 58.0
789 58.0
790 58.0
791 58.0
792 58.0
793 58.0
794 58.0
795 58.0
796 58.0
797 58.0
798 58.0
799 58.0
800 58.0
801 58.0
802 58.0
803 58.0
804 58.0
805 58.0
806 58.0
807 58.0
808 58.0
809 58.0
810 58.0
811 58.0
812 58.0
813 58.0
814 58.0
815 58.0
816 58.0
817 58.0
818 58.0
819 58.0
820 58.0
821 58.0
822 58.0
823 58.0
824 58.0
825 58.0
826 58.0
827 58.0
828 58.0
829 58.0
830 58.0
831 58.0
832 58.0
833 58.0
834 58.0
835 58.0
836 58.0
837 58.0
838 58.0
839 58.0
840 58.0
841 58.0
842 58.0
843 58.0
844 58.0
845 58.0
846 58.0
847 58.0
848 58.0
849 58.0
850 58.0
851 58.0
852 58.0
853 58.0
854 58.0
855 58.0
856 58.0
857 58.0
858 58.0
859 58.0
860 58.0
861 58.0
862 58.0
863 58.0
864 58.0
865 58.0
866 58.0
867 58.0
868 58.0
869 58.0
870 58.0
871 58.0
872 58.0
873 58.0
874 58.0
875 58.0
876 58.0
877 58.0
878 58.0
879 58.0
880 58.0
881 58.0
882 58.0
883 58.0
884 58.0
885 58.0
886 58.0
887 58.0
888 58.0
889 58.0
890 58.0
891 58.0
892 58.0
893 58.0
894 58.0
895 58.0
896 58.0
897 58.0
898 58.0
899 58.0
900 58.0
901 58.0
902 58.0
903 58.0
904 58.0
905 58.0
906 58.0
907 58.0
908 58.0
909 58.0
910 58.0
911 58.0
912 58.0
913 58.0
914 58.0
915 58.0
916 58.0
917 58.0
918 58.0
919 58.0
920 58.0
921 58.0
922 58.0
923 58.0
924 58.0
925 58.0
926 58.0
927 58.0
928 58.0
929 58.0
930 58.0
931 58.0
932 58.0
933 58.0
934 58.0
935 58.0
936 58.0
937 58.0
938 58.0
939 58.0
940 58.0
941 58.0
942 58.0
943 58.0
944 58.0
945 58.0
946 58.0
947 58.0
948 58.0
949 58.0
950 58.0
951 58.0
952 58.0
953 58.0
954 58.0
955 58.0
956 58.0
957 58.0
958 58.0
959 58.0
960 58.0
961 58.0
962 58.0
963 58.0
964 58.0
965 58.0
966 58.0
967 58.0
968 58.0
969 58.0
970 58.0
971 58.0
972 58.0
973 58.0
974 58.0
975 58.0
976 58.0
977 58.0
978 58.0
979 58.0
980 58.0
981 58.0
982 58.0
983 58.0
984 58.0
985 58.0
986 58.0
987 58.0
988 58.0
989 58.0
990 58.0
991 58.0
992 58.0
993 58.0
994 58.0
995 58.0
996 58.0
997 58.0
998 58.0
999 58.0
1000 58.0
1001 58.0
1002 58.0
1003 58.0
1004 58.0
1005 58.0
1006 58.0
1007 58.0
1008 58.0
1009 58.0
1010 58.0
1011 58.0
1012 58.0
1013 58.0
1014 58.0
1015 58.0
1016 58.0
1017 58.0
1018 58.0
1019 58.0
1020 58.0
1021 58.0
1022 58.0
1023 58.0
1024 58.0
1025 58.0
1026 58.0
1027 58.0
1028 58.0
1029 58.0
1030 58.0
1031 58.0
1032 58.0
1033 58.0
1034 58.0
1035 58.0
1036 58.0
1037 58.0
1038 58.0
1039 58.0
1040 58.0
1041 58.0
1042 58.0
1043 58.0
1044 58.0
1045 58.0
1046 58.0
1047 58.0
1048 58.0
1049 58.0
1050 58.0
1051 58.0
1052 58.0
1053 58.0
1054 58.0
1055 58.0
1056 58.0
1057 58.0
1058 58.0
1059 58.0
1060 58.0
1061 58.0
1062 58.0
1063 58.0
1064 58.0
1065 58.0
1066 58.0
1067 58.0
1068 58.0
1069 58.0
1070 58.0
1071 58.0
1072 58.0
1073 58.0
1074 58.0
1075 58.0
1076 58.0
1077 58.0
1078 58.0
1079 58.0
1080 58.0
1081 58.0
1082 58.0
1083 58.0
1084 58.0
1085 58.0
1086 58.0
1087 58.0
1088 58.0
1089 58.0
1090 58.0
1091 58.0
1092 58.0
1093 58.0
1094 58.0
1095 58.0
1096 58.0
1097 58.0
1098 58.0
1099 58.0
1100 58.0
1101 58.0
1102 58.0
1103 58.0
1104 58.0
1105 58.0
1106 58.0
1107 58.0
1108 58.0
1109 58.0
1110 58.0
1111 58.0
1112 58.0
1113 58.0
1114 58.0
1115 58.0
1116 58.0
1117 58.0
1118 58.0
1119 58.0
1120 58.0
1121 58.0
1122 58.0
1123 58.0
1124 58.0
1125 58.0
1126 58.0
1127 58.0
1128 58.0
1129 58.0
1130 58.0
1131 58.0
1132 58.0
1133 58.0
1134 58.0
1135 58.0
1136 58.0
1137 58.0
1138 58.0
1139 58.0
1140 58.0
1141 58.0
1142 58.0
1143 58.0
1144 58.0
1145 58.0
1146 58.0
1147 58.0
1148 58.0
1149 58.0
1150 58.0
1151 58.0
1152 58.0
1153 58.0
1154 58.0
1155 58.0
1156 58.0
1157 58.0
1158 58.0
1159 58.0
1160 58.0
1161 58.0
1162 58.0
1163 58.0
1164 58.0
1165 58.0
1166 58.0
1167 58.0
1168 58.0
1169 58.0
1170 58.0
1171 58.0
1172 58.0
1173 58.0
1174 58.0
1175 58.0
1176 58.0
1177 58.0
1178 58.0
1179 58.0
1180 58.0
1181 58.0
1182 58.0
1183 58.0
1184 58.0
1185 58.0
1186 58.0
1187 58.0
1188 58.0
1189 58.0
1190 58.0
1191 58.0
1192 58.0
1193 58.0
1194 58.0
1195 58.0
1196 58.0
1197 58.0
1198 58.0
1199 58.0
1200 58.0
1201 58.0
1202 58.0
1203 58.0
1204 58.0
1205 58.0
1206 58.0
1207 58.0
1208 58.0
1209 58.0
1210 58.0
1211 58.0
1212 58.0
1213 58.0
1214 58.0
1215 58.0
1216 58.0
1217 58.0
1218 58.0
1219 58.0
1220 58.0
1221 58.0
1222 58.0
1223 58.0
1224 58.0
1225 58.0
1226 58.0
1227 58.0
1228 58.0
1229 58.0
1230 58.0
1231 58.0
1232 58.0
1233 58.0
1234 58.0
1235 58.0
1236 58.0
1237 58.0
1238 58.0
1239 58.0
1240 58.0
1241 58.0
1242 58.0
1243 58.0
1244 58.0
1245 58.0
1246 58.0
1247 58.0
1248 58.0
1249 58.0
1250 58.0
1251 58.0
1252 58.0
1253 58.0
1254 58.0
1255 58.0
1256 58.0
1257 58.0
1258 58.0
1259 58.0
1260 58.0
1261 58.0
1262 58.0
1263 58.0
1264 58.0
1265 58.0
1266 58.0
1267 58.0
1268 58.0
1269 58.0
1270 58.0
1271 58.0
1272 58.0
1273 58.0
1274 58.0
1275 58.0
1276 58.0
1277 58.0
1278 58.0
1279 58.0
1280 58.0
1281 58.0
1282 58.0
1283 58.0
1284 58.0
1285 58.0
1286 58.0
1287 58.0
1288 58.0
1289 58.0
1290 58.0
1291 58.0
1292 58.0
1293 58.0
1294 58.0
1295 58.0
1296 58.0
1297 58.0
1298 58.0
1299 58.0
1300 58.0
1301 58.0
1302 58.0
1303 58.0
1304 58.0
1305 58.0
1306 58.0
1307 58.0
1308 58.0
1309 58.0
1310 58.0
1311 58.0
1312 58.0
1313 58.0
1314 58.0
1315 58.0
1316 58.0
1317 58.0
1318 58.0
1319 58.0
1320 58.0
1321 58.0
1322 58.0
1323 58.0
1324 58.0
1325 58.0
1326 58.0
1327 58.0
1328 58.0
1329 58.0
1330 58.0
1331 58.0
1332 58.0
1333 58.0
1334 58.0
1335 58.0
1336 58.0
1337 58.0
1338 58.0
1339 58.0
1340 58.0
1341 58.0
1342 58.0
1343 58.0
1344 58.0
1345 58.0
1346 58.0
1347 58.0
1348 58.0
1349 58.0
1350 58.0
1351 58.0
1352 58.0
1353 58.0
1354 58.0
1355 58.0
1356 58.0
1357 58.0
1358 58.0
1359 58.0
1360 58.0
1361 58.0
1362 58.0
1363 58.0
1364 58.0
1365 58.0
1366 58.0
1367 58.0
1368 58.0
1369 58.0
1370 58.0
1371 58.0
1372 58.0
1373 58.0
1374 58.0
1375 58.0
1376 58.0
1377 58.0
1378 58.0
1379 58.0
1380 60.0
1381 60.0
1382 60.0
1383 60.0
1384 60.0
1385 60.0
1386 60.0
1387 60.0
1388 60.0
1389 60.0
1390 60.0
1391 60.0
1392 60.0
1393 60.0
1394 60.0
1395 60.0
1396 60.0
1397 60.0
1398 60.0
1399 60.0
1400 60.0
1401 60.0
1402 60.0
1403 60.0
1404 60.0
1405 60.0
1406 60.0
1407 60.0
1408 60.0
1409 60.0
1410 60.0
1411 60.0
1412 60.0
1413 60.0
1414 60.0
1415 60.0
1416 60.0
1417 60.0
1418 60.0
1419 60.0
1420 60.0
1421 60.0
1422 60.0
1423 60.0
1424 60.0
1425 60.0
1426 60.0
1427 60.0
1428 60.0
1429 60.0
1430 60.0
1431 60.0
1432 60.0
1433 60.0
1434 60.0
1435 60.0
1436 60.0
1437 60.0
1438 60.0
1439 60.0
1440 60.0
1441 60.0
1442 60.0
1443 60.0
1444 60.0
1445 60.0
1446 60.0
1447 60.0
1448 60.0
1449 60.0
1450 60.0
1451 60.0
1452 60.0
1453 60.0
1454 60.0
1455 60.0
1456 60.0
1457 60.0
1458 60.0
1459 60.0
1460 60.0
1461 60.0
1462 60.0
1463 60.0
1464 60.0
1465 60.0
1466 60.0
1467 60.0
1468 60.0
1469 60.0
1470 60.0
1471 60.0
1472 60.0
1473 60.0
1474 60.0
1475 60.0
1476 60.0
1477 60.0
1478 60.0
1479 60.0
1480 60.0
1481 60.0
1482 60.0
1483 60.0
1484 60.0
1485 60.0
1486 60.0
1487 60.0
1488 60.0
1489 60.0
1490 60.0
1491 60.0
1492 60.0
1493 60.0
1494 60.0
1495 60.0
1496 60.0
1497 60.0
1498 60.0
1499 60.0
1500 60.0
1501 60.0
1502 60.0
1503 60.0
1504 60.0
1505 60.0
1506 60.0
1507 60.0
1508 60.0
1509 60.0
1510 60.0
1511 60.0
1512 60.0
1513 60.0
1514 60.0
1515 60.0
1516 60.0
1517 60.0
1518 60.0
1519 60.0
1520 60.0
1521 60.0
1522 60.0
1523 60.0
1524 60.0
1525 60.0
1526 60.0
1527 60.0
1528 60.0
1529 60.0
1530 60.0
1531 60.0
1532 60.0
1533 60.0
1534 60.0
1535 60.0
1536 60.0
1537 60.0
1538 60.0
1539 60.0
1540 60.0
1541 60.0
1542 60.0
1543 60.0
1544 60.0
1545 60.0
1546 60.0
1547 60.0
1548 60.0
1549 60.0
1550 60.0
1551 60.0
1552 60.0
1553 60.0
1554 60.0
1555 60.0
1556 60.0
1557 60.0
1558 60.0
1559 60.0
1560 60.0
1561 60.0
1562 60.0
1563 60.0
1564 60.0
1565 60.0
1566 60.0
1567 60.0
1568 60.0
1569 60.0
1570 60.0
1571 60.0
1572 60.0
1573 60.0
1574 60.0
1575 60.0
1576 60.0
1577 60.0
1578 60.0
1579 60.0
1580 60.0
1581 60.0
1582 60.0
1583 60.0
1584 60.0
1585 60.0
1586 60.0
1587 60.0
1588 60.0
1589 60.0
1590 60.0
1591 60.0
1592 60.0
1593 60.0
1594 60.0
1595 60.0
1596 60.0
1597 60.0
1598 60.0
1599 60.0
1600 60.0
1601 60.0
1602 60.0
1603 60.0
1604 60.0
1605 60.0
1606 60.0
1607 60.0
1608 60.0
1609 60.0
1610 60.0
1611 60.0
1612 60.0
1613 60.0
1614 60.0
1615 60.0
1616 60.0
1617 60.0
1618 60.0
1619 60.0
1620 60.0
1621 60.0
1622 60.0
1623 60.0
1624 60.0
1625 60.0
1626 60.0
1627 60.0
1628 60.0
1629 60.0
1630 60.0
1631 60.0
1632 60.0
1633 60.0
1634 60.0
1635 60.0
1636 60.0
1637 60.0
1638 60.0
1639 60.0
1640 60.0
1641 60.0
1642 60.0
1643 60.0
1644 60.0
1645 60.0
1646 60.0
1647 60.0
1648 60.0
1649 60.0
1650 60.0
1651 60.0
1652 60.0
1653 60.0
1654 60.0
1655 60.0
1656 60.0
1657 60.0
1658 60.0
1659 60.0
1660 60.0
1661 60.0
1662 60.0
1663 60.0
1664 60.0
1665 60.0
1666 60.0
1667 60.0
1668 60.0
1669 60.0
1670 60.0
1671 60.0
1672 60.0
1673 60.0
1674 60.0
1675 60.0
1676 60.0
1677 60.0
1678 60.0
1679 60.0
1680 60.0
1681 60.0
1682 60.0
1683 60.0
1684 60.0
1685 60.0
1686 60.0
1687 60.0
1688 60.0
1689 60.0
1690 60.0
1691 60.0
1692 60.0
1693 60.0
1694 60.0
1695 60.0
1696 60.0
1697 60.0
1698 60.0
1699 60.0
1700 60.0
1701 60.0
1702 60.0
1703 60.0
1704 60.0
1705 60.0
1706 60.0
1707 60.0
1708 60.0
1709 60.0
1710 60.0
1711 60.0
1712 60.0
1713 60.0
1714 60.0
1715 60.0
1716 60.0
1717 60.0
1718 60.0
1719 60.0
1720 60.0
1721 60.0
1722 60.0
1723 60.0
1724 60.0
1725 60.0
1726 60.0
1727 60.0
1728 60.0
1729 60.0
1730 60.0
1731 60.0
1732 60.0
1733 60.0
1734 60.0
1735 60.0
1736 60.0
1737 60.0
1738 60.0
1739 60.0
1740 60.0
1741 60.0
1742 60.0
1743 60.0
1744 60.0
1745 60.0
1746 60.0
1747 60.0
1748 60.0
1749 60.0
1750 60.0
1751 60.0
1752 60.0
1753 60.0
1754 60.0
1755 60.0
1756 60.0
1757 60.0
1758 60.0
1759 60.0
1760 60.0
1761 60.0
1762 60.0
1763 60.0
1764 60.0
1765 60.0
1766 60.0
1767 60.0
1768 60.0
1769 60.0
1770 60.0
1771 60.0
1772 60.0
1773 60.0
1774 60.0
1775 60.0
1776 60.0
1777 60.0
1778 60.0
1779 60.0
1780 60.0
1781 60.0
1782 60.0
1783 60.0
1784 60.0
1785 60.0
1786 60.0
1787 60.0
1788 60.0
1789 60.0
1790 60.0
1791 60.0
1792 60.0
1793 60.0
1794 60.0
1795 60.0
1796 60.0
1797 60.0
1798 60.0
1799 60.0
1800 60.0
1801 60.0
1802 60.0
1803 60.0
1804 60.0
1805 60.0
1806 60.0
1807 60.0
1808 60.0
1809 60.0
1810 60.0
1811 60.0
1812 60.0
1813 60.0
1814 60.0
1815 60.0
1816 60.0
1817 60.0
1818 60.0
1819 60.0
1820 60.0
1821 60.0
1822 60.0
1823 60.0
1824 60.0
1825 60.0
1826 60.0
1827 60.0
1828 60.0
1829 60.0
1830 60.0
1831 60.0
1832 60.0
1833 60.0
1834 60.0
1835 60.0
1836 60.0
1837 60.0
1838 60.0
1839 60.0
1840 60.0
1841 60.0
1842 60.0
1843 60.0
1844 60.0
1845 60.0
1846 60.0
1847 60.0
1848 60.0
1849 60.0
1850 60.0
1851 60.0
1852 60.0
1853 60.0
1854 60.0
1855 60.0
1856 60.0
1857 60.0
1858 60.0
1859 60.0
1860 60.0
1861 60.0
1862 60.0
1863 60.0
1864 60.0
1865 60.0
1866 60.0
1867 60.0
1868 60.0
1869 60.0
1870 60.0
1871 60.0
1872 60.0
1873 60.0
1874 60.0
1875 60.0
1876 60.0
1877 60.0
1878 60.0
1879 60.0
1880 60.0
1881 60.0
1882 60.0
1883 60.0
1884 60.0
1885 60.0
1886 60.0
1887 60.0
1888 60.0
1889 60.0
1890 60.0
1891 60.0
1892 60.0
1893 60.0
1894 60.0
1895 60.0
1896 60.0
1897 60.0
1898 60.0
1899 60.0
1900 60.0
1901 60.0
1902 60.0
1903 60.0
1904 60.0
1905 60.0
1906 60.0
1907 60.0
1908 60.0
1909 60.0
1910 60.0
1911 60.0
1912 60.0
1913 60.0
1914 60.0
1915 60.0
1916 60.0
1917 60.0
1918 60.0
1919 60.0
1920 60.0
1921 60.0
1922 60.0
1923 60.0
1924 60.0
1925 60.0
1926 60.0
1927 60.0
1928 60.0
1929 60.0
1930 60.0
1931 60.0
1932 60.0
1933 60.0
1934 60.0
1935 60.0
1936 60.0
1937 60.0
1938 60.0
1939 60.0
1940 60.0
1941 60.0
1942 60.0
1943 60.0
1944 60.0
1945 60.0
1946 60.0
1947 60.0
1948 60.0
1949 60.0
1950 60.0
1951 60.0
1952 60.0
1953 60.0
1954 60.0
1955 60.0
1956 60.0
1957 60.0
1958 60.0
1959 60.0
1960 60.0
1961 60.0
1962 60.0
1963 60.0
1964 60.0
1965 60.0
1966 60.0
1967 60.0
1968 60.0
1969 60.0
1970 60.0
1971 60.0
1972 60.0
1973 60.0
1974 60.0
1975 60.0
1976 60.0
1977 60.0
1978 60.0
1979 60.0
1980 60.0
1981 60.0
1982 60.0
1983 60.0
1984 60.0
1985 60.0
1986 60.0
1987 60.0
1988 60.0
1989 60.0
1990 60.0
1991 60.0
1992 60.0
1993 60.0
1994 60.0
1995 60.0
1996 60.0
1997 60.0
1998 60.0
1999 60.0
2000 60.0
2001 60.0
2002 60.0
2003 60.0
2004 60.0
2005 60.0
2006 60.0
2007 60.0
2008 60.0
2009 60.0
2010 60.0
2011 60.0
2012 60.0
2013 60.0
2014 60.0
2015 60.0
2016 60.0
2017 60.0
2018 60.0
2019 60.0
2020 60.0
2021 60.0
2022 60.0
2023 60.0
2024 60.0
2025 60.0
2026 60.0
2027 60.0
2028 60.0
2029 60.0
2030 60.0
2031 60.0
2032 60.0
2033 60.0
2034 60.0
2035 60.0
2036 60.0
2037 60.0
2038 60.0
2039 60.0
2040 60.0
2041 60.0
2042 60.0
2043 60.0
2044 60.0
2045 60.0
2046 60.0
2047 60.0
2048 60.0
2049 60.0
2050 60.0
2051 60.0
2052 60.0
2053 60.0
2054 60.0
2055 60.0
2056 60.0
2057 60.0
2058 60.0
2059 60.0
2060 60.0
2061 60.0
2062 60.0
2063 60.0
2064 60.0
2065 60.0
2066 60.0
2067 60.0
2068 60.0
2069 60.0
2070 60.0
2071 60.0
2072 60.0
2073 60.0
2074 60.0
2075 60.0
2076 60.0
2077 60.0
2078 60.0
2079 60.0
2080 60.0
2081 60.0
2082 60.0
2083 60.0
2084 60.0
2085 60.0
2086 60.0
2087 60.0
2088 60.0
2089 60.0
2090 60.0
2091 60.0
2092 60.0
2093 60.0
2094 60.0
2095 60.0
2096 60.0
2097 60.0
2098 60.0
2099 60.0
2100 60.0
2101 60.0
2102 60.0
2103 60.0
2104 60.0
2105 60.0
2106 60.0
2107 60.0
2108 60.0
2109 60.0
2110 60.0
2111 60.0
2112 60.0
2113 60.0
2114 60.0
2115 60.0
2116 60.0
2117 60.0
2118 60.0
2119 60.0
2120 60.0
2121 60.0
2122 60.0
2123 60.0
2124 60.0
2125 60.0
2126 60.0
2127 60.0
2128 60.0
2129 60.0
2130 60.0
2131 60.0
2132 60.0
2133 60.0
2134 60.0
2135 60.0
2136 60.0
2137 60.0
2138 60.0
2139 60.0
2140 60.0
2141 60.0
2142 60.0
2143 60.0
2144 60.0
2145 60.0
2146 60.0
2147 60.0
2148 60.0
2149 60.0
2150 60.0
2151 60.0
2152 60.0
2153 60.0
2154 60.0
2155 60.0
2156 60.0
2157 60.0
2158 60.0
2159 60.0
2160 60.0
2161 60.0
2162 60.0
2163 60.0
2164 60.0
2165 60.0
2166 60.0
2167 60.0
2168 60.0
2169 60.0
2170 60.0
2171 60.0
2172 60.0
2173 60.0
2174 60.0
2175 60.0
2176 60.0
2177 60.0
2178 60.0
2179 60.0
2180 60.0
2181 60.0
2182 60.0
2183 60.0
2184 60.0
2185 60.0
2186 60.0
2187 60.0
2188 60.0
2189 60.0
2190 60.0
2191 60.0
2192 60.0
2193 60.0
2194 60.0
2195 60.0
2196 60.0
2197 60.0
2198 60.0
2199 60.0
2200 60.0
2201 60.0
2202 60.0
2203 60.0
2204 60.0
2205 60.0
2206 60.0
2207 60.0
2208 60.0
2209 60.0
2210 60.0
2211 60.0
2212 60.0
2213 60.0
2214 60.0
2215 60.0
2216 60.0
2217 60.0
2218 60.0
2219 60.0
2220 60.0
2221 60.0
2222 60.0
2223 60.0
2224 60.0
2225 60.0
2226 60.0
2227 60.0
2228 60.0
2229 60.0
2230 60.0
2231 60.0
2232 60.0
2233 60.0
2234 60.0
2235 60.0
2236 60.0
2237 60.0
2238 60.0
2239 60.0
2240 60.0
2241 60.0
2242 60.0
2243 60.0
2244 60.0
2245 60.0
2246 60.0
2247 60.0
2248 60.0
2249 60.0
2250 60.0
2251 60.0
2252 60.0
2253 60.0
2254 60.0
2255 60.0
2256 60.0
2257 60.0
2258 60.0
2259 60.0
2260 60.0
2261 60.0
2262 60.0
2263 60.0
2264 60.0
2265 60.0
2266 60.0
2267 60.0
2268 60.0
2269 60.0
2270 60.0
2271 60.0
2272 60.0
2273 60.0
2274 60.0
2275 60.0
2276 60.0
2277 60.0
2278 60.0
2279 60.0
2280 60.0
2281 60.0
2282 60.0
2283 60.0
2284 60.0
2285 60.0
2286 60.0
2287 60.0
2288 60.0
2289 60.0
2290 60.0
2291 60.0
2292 60.0
2293 60.0
2294 60.0
2295 60.0
2296 60.0
2297 60.0
2298 60.0
2299 60.0
2300 60.0
2301 60.0
2302 60.0
2303 60.0
2304 60.0
2305 60.0
2306 60.0
2307 60.0
2308 60.0
2309 60.0
2310 60.0
2311 60.0
2312 60.0
2313 60.0
2314 60.0
2315 60.0
2316 60.0
2317 60.0
2318 60.0
2319 60.0
2320 60.0
2321 60.0
2322 60.0
2323 60.0
2324 60.0
2325 60.0
2326 60.0
2327 60.0
2328 60.0
2329 60.0
2330 60.0
2331 60.0
2332 60.0
2333 60.0
2334 60.0
2335 60.0
2336 60.0
2337 60.0
2338 60.0
2339 60.0
2340 60.0
2341 60.0
2342 60.0
2343 60.0
2344 60.0
2345 60.0
2346 60.0
2347 60.0
2348 60.0
2349 60.0
2350 60.0
2351 60.0
2352 60.0
2353 60.0
2354 60.0
2355 60.0
2356 60.0
2357 60.0
2358 60.0
2359 60.0
2360 60.0
2361 60.0
2362 60.0
2363 60.0
2364 60.0
2365 60.0
2366 60.0
2367 60.0
2368 60.0
2369 60.0
2370 60.0
2371 60.0
2372 60.0
2373 60.0
2374 60.0
2375 60.0
2376 60.0
2377 60.0
2378 60.0
2379 60.0
2380 60.0
2381 60.0
2382 60.0
2383 60.0
2384 60.0
2385 60.0
2386 60.0
2387 60.0
2388 60.0
2389 60.0
2390 60.0
2391 60.0
2392 60.0
2393 60.0
2394 60.0
2395 60.0
2396 60.0
2397 60.0
2398 60.0
2399 60.0
2400 60.0
2401 60.0
2402 60.0
2403 60.0
2404 60.0
2405 60.0
2406 60.0
2407 60.0
2408 60.0
2409 60.0
2410 60.0
2411 60.0
2412 60.0
2413 60.0
2414 60.0
2415 60.0
2416 60.0
2417 60.0
2418 60.0
2419 60.0
2420 60.0
2421 60.0
2422 60.0
2423 60.0
2424 60.0
2425 60.0
2426 60.0
2427 60.0
2428 60.0
2429 60.0
2430 60.0
2431 60.0
2432 60.0
2433 60.0
2434 60.0
2435 60.0
2436 60.0
2437 60.0
2438 60.0
2439 60.0
2440 60.0
2441 60.0
2442 60.0
2443 60.0
2444 60.0
2445 60.0
2446 60.0
2447 60.0
2448 60.0
2449 60.0
2450 60.0
2451 60.0
2452 60.0
2453 60.0
2454 60.0
2455 60.0
2456 60.0
2457 60.0
2458 60.0
2459 60.0
2460 60.0
2461 60.0
2462 60.0
2463 60.0
2464 60.0
2465 60.0
2466 60.0
2467 60.0
2468 60.0
2469 60.0
2470 60.0
2471 60.0
2472 60.0
2473 60.0
2474 60.0
2475 60.0
2476 60.0
2477 60.0
2478 60.0
2479 60.0
2480 60.0
2481 60.0
2482 60.0
2483 60.0
2484 60.0
2485 60.0
2486 60.0
2487 60.0
2488 60.0
2489 60.0
2490 60.0
2491 60.0
2492 60.0
2493 60.0
2494 60.0
2495 60.0
2496 60.0
2497 60.0
2498 60.0
2499 60.0
2500 60.0
2501 60.0
2502 60.0
2503 60.0
2504 60.0
2505 60.0
2506 60.0
2507 60.0
2508 60.0
2509 60.0
2510 60.0
2511 60.0
2512 60.0
2513 60.0
2514 60.0
2515 60.0
2516 60.0
2517 60.0
2518 60.0
2519 60.0
2520 60.0
2521 60.0
2522 60.0
2523 60.0
2524 60.0
2525 60.0
2526 60.0
2527 60.0
2528 60.0
2529 60.0
2530 60.0
2531 60.0
2532 60.0
2533 60.0
2534 60.0
2535 60.0
2536 60.0
2537 60.0
2538 60.0
2539 60.0
2540 60.0
2541 60.0
2542 60.0
2543 60.0
2544 60.0
2545 60.0
2546 60.0
2547 60.0
2548 60.0
2549 60.0
2550 60.0
2551 60.0
2552 60.0
2553 60.0
2554 60.0
2555 60.0
2556 60.0
2557 60.0
2558 60.0
2559 60.0
2560 60.0
2561 60.0
2562 60.0
2563 60.0
2564 60.0
2565 60.0
2566 60.0
2567 60.0
2568 60.0
2569 60.0
2570 60.0
2571 60.0
2572 60.0
2573 60.0
2574 60.0
2575 60.0
2576 60.0
2577 60.0
2578 60.0
2579 60.0
2580 60.0
2581 60.0
2582 60.0
2583 60.0
2584 60.0
2585 60.0
2586 60.0
2587 60.0
2588 60.0
2589 60.0
2590 60.0
2591 60.0
2592 60.0
2593 60.0
2594 60.0
2595 60.0
2596 60.0
2597 60.0
2598 60.0
2599 60.0
2600 60.0
2601 60.0
2602 60.0
2603 60.0
2604 60.0
2605 60.0
2606 60.0
2607 60.0
2608 60.0
2609 60.0
2610 60.0
2611 60.0
2612 60.0
2613 60.0
2614 60.0
2615 60.0
2616 60.0
2617 60.0
2618 60.0
2619 60.0
2620 60.0
2621 60.0
2622 60.0
2623 60.0
2624 60.0
2625 60.0
2626 60.0
2627 60.0
2628 60.0
2629 60.0
2630 60.0
2631 60.0
2632 60.0
2633 60.0
2634 60.0
2635 60.0
2636 60.0
2637 60.0
2638 60.0
2639 60.0
2640 60.0
2641 60.0
2642 60.0
2643 60.0
2644 60.0
2645 60.0
2646 60.0
2647 60.0
2648 60.0
2649 60.0
2650 60.0
2651 60.0
2652 60.0
2653 60.0
2654 60.0
2655 60.0
2656 60.0
2657 60.0
2658 60.0
2659 60.0
2660 60.0
2661 60.0
2662 60.0
2663 60.0
2664 60.0
2665 60.0
2666 60.0
2667 60.0
2668 60.0
2669 60.0
2670 60.0
2671 60.0
2672 60.0
2673 60.0
2674 60.0
2675 60.0
2676 60.0
2677 60.0
2678 60.0
2679 60.0
2680 60.0
2681 60.0
2682 60.0
2683 60.0
2684 60.0
2685 60.0
2686 60.0
2687 60.0
2688 60.0
2689 60.0
2690 60.0
2691 60.0
2692 60.0
2693 60.0
2694 60.0
2695 60.0
2696 60.0
2697 60.0
2698 60.0
2699 60.0
2700 60.0
2701 60.0
2702 60.0
2703 60.0
2704 60.0
2705 60.0
2706 60.0
2707 60.0
2708 60.0
2709 60.0
2710 60.0
2711 60.0
2712 60.0
2713 60.0
2714 60.0
2715 60.0
2716 60.0
2717 60.0
2718 60.0
2719 60.0
2720 60.0
2721 60.0
2722 60.0
2723 60.0
2724 60.0
2725 60.0
2726 60.0
2727 60.0
2728 60.0
2729 60.0
2730 60.0
2731 60.0
2732 60.0
2733 60.0
2734 60.0
2735 60.0
2736 60.0
2737 60.0
2738 60.0
2739 60.0
2740 60.0
2741 60.0
2742 60.0
2743 60.0
2744 60.0
2745 60.0
2746 60.0
2747 60.0
2748 60.0
2749 60.0
2750 60.0
2751 60.0
2752 60.0
2753 60.0
2754 60.0
2755 60.0
2756 60.0
2757 60.0
2758 60.0
2759 60.0
2760 60.0
2761 60.0
2762 60.0
2763 60.0
2764 60.0
2765 60.0
2766 60.0
2767 60.0
2768 60.0
2769 60.0
2770 60.0
2771 60.0
2772 60.0
2773 60.0
2774 60.0
2775 60.0
2776 60.0
2777 60.0
2778 60.0
2779 60.0
2780 60.0
2781 60.0
2782 60.0
2783 60.0
2784 60.0
2785 60.0
2786 60.0
2787 60.0
2788 60.0
2789 60.0
2790 60.0
2791 60.0
2792 60.0
2793 60.0
2794 60.0
2795 60.0
2796 60.0
2797 60.0
2798 60.0
2799 60.0
2800 60.0
2801 60.0
2802 60.0
2803 60.0
2804 60.0
2805 60.0
2806 60.0
2807 60.0
2808 60.0
2809 60.0
2810 60.0
2811 60.0
2812 60.0
2813 60.0
2814 60.0
2815 60.0
2816 60.0
2817 60.0
2818 60.0
2819 60.0
2820 60.0
2821 60.0
2822 60.0
2823 60.0
2824 60.0
2825 60.0
2826 60.0
2827 60.0
2828 60.0
2829 60.0
2830 60.0
2831 60.0
2832 60.0
2833 60.0
2834 60.0
2835 60.0
2836 60.0
2837 60.0
2838 60.0
2839 60.0
2840 60.0
2841 60.0
2842 60.0
2843 60.0
2844 60.0
2845 60.0
2846 60.0
2847 60.0
2848 60.0
2849 60.0
2850 60.0
2851 60.0
2852 60.0
2853 60.0
2854 60.0
2855 60.0
2856 60.0
2857 60.0
2858 60.0
2859 60.0
2860 60.0
2861 60.0
2862 60.0
2863 60.0
2864 60.0
2865 60.0
2866 60.0
2867 60.0
2868 60.0
2869 60.0
2870 60.0
2871 60.0
2872 60.0
2873 60.0
2874 60.0
2875 60.0
2876 60.0
2877 60.0
2878 60.0
2879 60.0
2880 60.0
2881 60.0
2882 60.0
2883 60.0
2884 60.0
2885 60.0
2886 60.0
2887 60.0
2888 60.0
2889 60.0
2890 60.0
2891 60.0
2892 60.0
2893 60.0
2894 60.0
2895 60.0
2896 60.0
2897 60.0
2898 60.0
2899 60.0
2900 60.0
2901 60.0
2902 60.0
2903 60.0
2904 60.0
2905 60.0
2906 60.0
2907 60.0
2908 60.0
2909 60.0
2910 60.0
2911 60.0
2912 60.0
2913 60.0
2914 60.0
2915 60.0
2916 60.0
2917 60.0
2918 60.0
2919 60.0
2920 60.0
2921 60.0
2922 60.0
2923 60.0
2924 60.0
2925 60.0
2926 60.0
2927 60.0
2928 60.0
2929 60.0
2930 60.0
2931 60.0
2932 60.0
2933 60.0
2934 60.0
2935 60.0
2936 60.0
2937 60.0
2938 60.0
2939 60.0
2940 60.0
2941 60.0
2942 60.0
2943 60.0
2944 60.0
2945 60.0
2946 60.0
2947 60.0
2948 60.0
2949 67.0
2950 67.0
2951 67.0
2952 67.0
2953 67.0
2954 67.0
2955 67.0
2956 67.0
2957 67.0
2958 67.0
2959 67.0
2960 67.0
2961 67.0
2962 67.0
2963 67.0
2964 67.0
2965 67.0
2966 67.0
2967 67.0
2968 67.0
2969 67.0
2970 67.0
2971 67.0
2972 67.0
2973 67.0
2974 67.0
2975 67.0
2976 67.0
2977 67.0
2978 67.0
2979 67.0
2980 67.0
2981 67.0
2982 67.0
2983 67.0
2984 67.0
2985 67.0
2986 67.0
2987 67.0
2988 67.0
2989 67.0
2990 67.0
2991 67.0
2992 67.0
2993 67.0
2994 67.0
2995 67.0
2996 67.0
2997 67.0
2998 67.0
2999 67.0
3000 67.0
3001 67.0
3002 67.0
3003 67.0
3004 67.0
3005 67.0
3006 67.0
3007 67.0
3008 67.0
3009 67.0
3010 67.0
3011 67.0
3012 67.0
3013 67.0
3014 67.0
3015 67.0
3016 67.0
3017 67.0
3018 67.0
3019 67.0
3020 67.0
3021 67.0
3022 67.0
3023 67.0
3024 67.0
3025 67.0
3026 67.0
3027 67.0
3028 67.0
3029 67.0
3030 67.0
3031 67.0
3032 67.0
3033 67.0
3034 67.0
3035 67.0
3036 67.0
3037 67.0
3038 67.0
3039 67.0
3040 67.0
3041 67.0
3042 67.0
3043 67.0
3044 67.0
3045 67.0
3046 67.0
3047 67.0
3048 67.0
3049 67.0
3050 67.0
3051 67.0
3052 67.0
3053 67.0
3054 67.0
3055 67.0
3056 67.0
3057 67.0
3058 67.0
3059 67.0
3060 67.0
3061 67.0
3062 67.0
3063 67.0
3064 67.0
3065 67.0
3066 67.0
3067 67.0
3068 67.0
3069 67.0
3070 67.0
3071 67.0
3072 67.0
3073 67.0
3074 67.0
3075 67.0
3076 67.0
3077 67.0
3078 67.0
3079 67.0
3080 67.0
3081 67.0
3082 67.0
3083 67.0
3084 67.0
3085 67.0
3086 67.0
3087 67.0
3088 67.0
3089 67.0
3090 67.0
3091 67.0
3092 67.0
3093 67.0
3094 67.0
3095 67.0
3096 67.0
3097 67.0
3098 67.0
3099 67.0
3100 67.0
3101 67.0
3102 67.0
3103 67.0
3104 67.0
3105 67.0
3106 67.0
3107 67.0
3108 67.0
3109 67.0
3110 67.0
3111 67.0
3112 67.0
3113 67.0
3114 67.0
3115 67.0
3116 67.0
3117 67.0
3118 67.0
3119 67.0
3120 67.0
3121 67.0
3122 67.0
3123 67.0
3124 67.0
3125 67.0
3126 67.0
3127 67.0
3128 67.0
3129 67.0
3130 67.0
3131 67.0
3132 67.0
3133 67.0
3134 67.0
3135 67.0
3136 67.0
3137 67.0
3138 67.0
3139 67.0
3140 67.0
3141 67.0
3142 67.0
3143 67.0
3144 67.0
3145 67.0
3146 67.0
3147 67.0
3148 67.0
3149 67.0
3150 67.0
3151 67.0
3152 67.0
3153 67.0
3154 67.0
3155 67.0
3156 67.0
3157 67.0
3158 67.0
3159 67.0
3160 67.0
3161 67.0
3162 67.0
3163 67.0
3164 67.0
3165 67.0
3166 67.0
3167 67.0
3168 67.0
3169 67.0
3170 67.0
3171 67.0
3172 67.0
3173 67.0
3174 67.0
3175 67.0
3176 67.0
3177 67.0
3178 67.0
3179 67.0
3180 67.0
3181 67.0
3182 67.0
3183 67.0
3184 67.0
3185 67.0
3186 67.0
3187 67.0
3188 67.0
3189 67.0
3190 67.0
3191 67.0
3192 67.0
3193 67.0
3194 67.0
3195 67.0
3196 67.0
3197 67.0
3198 67.0
3199 67.0
3200 67.0
3201 67.0
3202 67.0
3203 67.0
3204 67.0
3205 67.0
3206 67.0
3207 67.0
3208 67.0
3209 67.0
3210 67.0
3211 67.0
3212 67.0
3213 67.0
3214 67.0
3215 67.0
3216 67.0
3217 67.0
3218 67.0
3219 67.0
3220 67.0
3221 67.0
3222 67.0
3223 67.0
3224 67.0
3225 67.0
3226 67.0
3227 67.0
3228 67.0
3229 67.0
3230 67.0
3231 67.0
3232 67.0
3233 67.0
3234 67.0
3235 67.0
3236 67.0
3237 67.0
3238 67.0
3239 67.0
3240 67.0
3241 67.0
3242 67.0
3243 67.0
3244 67.0
3245 67.0
3246 67.0
3247 67.0
3248 67.0
3249 67.0
3250 67.0
3251 67.0
3252 67.0
3253 67.0
3254 67.0
3255 67.0
3256 67.0
3257 67.0
3258 67.0
3259 67.0
3260 67.0
3261 67.0
3262 67.0
3263 67.0
3264 67.0
3265 67.0
3266 67.0
3267 67.0
3268 67.0
3269 67.0
3270 67.0
3271 67.0
3272 67.0
3273 67.0
3274 67.0
3275 67.0
3276 67.0
3277 67.0
3278 67.0
3279 67.0
3280 67.0
3281 67.0
3282 67.0
3283 67.0
3284 67.0
3285 67.0
3286 67.0
3287 67.0
3288 67.0
3289 67.0
3290 67.0
3291 67.0
3292 67.0
3293 67.0
3294 67.0
3295 67.0
3296 67.0
3297 67.0
3298 67.0
3299 67.0
3300 67.0
3301 67.0
3302 67.0
3303 67.0
3304 67.0
3305 67.0
3306 67.0
3307 67.0
3308 67.0
3309 67.0
3310 67.0
3311 67.0
3312 67.0
3313 67.0
3314 67.0
3315 67.0
3316 67.0
3317 67.0
3318 67.0
3319 67.0
3320 67.0
3321 67.0
3322 67.0
3323 67.0
3324 67.0
3325 67.0
3326 67.0
3327 67.0
3328 67.0
3329 67.0
3330 67.0
3331 67.0
3332 67.0
3333 67.0
3334 67.0
3335 67.0
3336 67.0
3337 67.0
3338 67.0
3339 67.0
3340 67.0
3341 67.0
3342 67.0
3343 67.0
3344 67.0
3345 67.0
3346 67.0
3347 67.0
3348 67.0
3349 67.0
3350 67.0
3351 67.0
3352 67.0
3353 67.0
3354 67.0
3355 67.0
3356 67.0
3357 67.0
3358 67.0
3359 67.0
3360 67.0
3361 67.0
3362 67.0
3363 67.0
3364 67.0
3365 67.0
3366 67.0
3367 67.0
3368 67.0
3369 67.0
3370 67.0
3371 67.0
3372 67.0
3373 67.0
3374 67.0
3375 67.0
3376 67.0
3377 67.0
3378 67.0
3379 67.0
3380 67.0
3381 67.0
3382 67.0
3383 67.0
3384 67.0
3385 67.0
3386 67.0
3387 67.0
3388 67.0
3389 67.0
3390 67.0
3391 67.0
3392 67.0
3393 67.0
3394 67.0
3395 67.0
3396 67.0
3397 67.0
3398 67.0
3399 67.0
3400 67.0
3401 67.0
3402 67.0
3403 67.0
3404 67.0
3405 67.0
3406 67.0
3407 67.0
3408 67.0
3409 67.0
3410 67.0
3411 67.0
3412 67.0
3413 67.0
3414 67.0
3415 67.0
3416 67.0
3417 67.0
3418 67.0
3419 67.0
3420 67.0
3421 67.0
3422 67.0
3423 67.0
3424 67.0
3425 67.0
3426 67.0
3427 67.0
3428 67.0
3429 67.0
3430 67.0
3431 67.0
3432 67.0
3433 67.0
3434 67.0
3435 67.0
3436 67.0
3437 67.0
3438 67.0
3439 67.0
3440 67.0
3441 67.0
3442 67.0
3443 67.0
3444 67.0
3445 67.0
3446 67.0
3447 67.0
3448 67.0
3449 67.0
3450 67.0
3451 67.0
3452 67.0
3453 67.0
3454 67.0
3455 67.0
3456 67.0
3457 67.0
3458 67.0
3459 67.0
3460 67.0
3461 67.0
3462 67.0
3463 67.0
3464 67.0
3465 67.0
3466 67.0
3467 67.0
3468 67.0
3469 67.0
3470 67.0
3471 67.0
3472 67.0
3473 67.0
3474 67.0
3475 67.0
3476 67.0
3477 67.0
3478 67.0
3479 67.0
3480 67.0
3481 67.0
3482 67.0
3483 67.0
3484 67.0
3485 67.0
3486 67.0
3487 67.0
3488 67.0
3489 67.0
3490 67.0
3491 67.0
3492 67.0
3493 67.0
3494 67.0
3495 67.0
3496 67.0
3497 67.0
3498 67.0
3499 67.0
3500 67.0
3501 67.0
3502 67.0
3503 67.0
3504 67.0
3505 67.0
3506 67.0
3507 67.0
3508 67.0
3509 67.0
3510 67.0
3511 67.0
3512 67.0
3513 67.0
3514 67.0
3515 67.0
3516 67.0
3517 67.0
3518 67.0
3519 67.0
3520 67.0
3521 67.0
3522 67.0
3523 67.0
3524 67.0
3525 67.0
3526 67.0
3527 67.0
3528 67.0
3529 67.0
3530 67.0
3531 67.0
3532 67.0
3533 67.0
3534 67.0
3535 67.0
3536 67.0
3537 67.0
3538 67.0
3539 67.0
3540 67.0
3541 67.0
3542 67.0
3543 67.0
3544 67.0
3545 67.0
3546 67.0
3547 67.0
3548 67.0
3549 67.0
3550 67.0
3551 67.0
3552 67.0
3553 67.0
3554 67.0
3555 67.0
3556 67.0
3557 67.0
3558 67.0
3559 67.0
3560 67.0
3561 67.0
3562 67.0
3563 67.0
3564 67.0
3565 67.0
3566 67.0
3567 67.0
3568 67.0
3569 67.0
3570 67.0
3571 67.0
3572 67.0
3573 67.0
3574 67.0
3575 67.0
3576 67.0
3577 67.0
3578 67.0
3579 67.0
3580 67.0
3581 67.0
3582 67.0
3583 67.0
3584 67.0
3585 67.0
3586 67.0
3587 67.0
3588 67.0
3589 67.0
3590 67.0
3591 67.0
3592 67.0
3593 67.0
3594 67.0
3595 67.0
3596 67.0
3597 67.0
3598 67.0
3599 67.0
3600 67.0
3601 67.0
3602 67.0
3603 67.0
3604 67.0
3605 67.0
3606 67.0
3607 67.0
3608 67.0
3609 67.0
3610 67.0
3611 67.0
3612 67.0
3613 67.0
3614 67.0
3615 67.0
3616 67.0
3617 67.0
3618 67.0
3619 67.0
3620 67.0
3621 67.0
3622 67.0
3623 67.0
3624 67.0
3625 67.0
3626 67.0
3627 67.0
3628 67.0
3629 67.0
3630 67.0
3631 67.0
3632 67.0
3633 67.0
3634 67.0
3635 67.0
3636 67.0
3637 67.0
3638 67.0
3639 67.0
3640 67.0
3641 67.0
3642 67.0
3643 67.0
3644 67.0
3645 67.0
3646 67.0
3647 67.0
3648 67.0
3649 67.0
3650 67.0
3651 67.0
3652 67.0
3653 67.0
3654 67.0
3655 67.0
3656 67.0
3657 67.0
3658 67.0
3659 67.0
3660 67.0
3661 67.0
3662 67.0
3663 67.0
3664 67.0
3665 67.0
3666 67.0
3667 67.0
3668 67.0
3669 67.0
3670 67.0
3671 67.0
3672 67.0
3673 67.0
3674 67.0
3675 67.0
3676 67.0
3677 67.0
3678 67.0
3679 67.0
3680 67.0
3681 67.0
3682 67.0
3683 67.0
3684 67.0
3685 67.0
3686 67.0
3687 67.0
3688 67.0
3689 67.0
3690 67.0
3691 67.0
3692 67.0
3693 67.0
3694 67.0
3695 67.0
3696 67.0
3697 67.0
3698 67.0
3699 67.0
3700 67.0
3701 67.0
3702 67.0
3703 67.0
3704 67.0
3705 67.0
3706 67.0
3707 67.0
3708 67.0
3709 67.0
3710 67.0
3711 67.0
3712 67.0
3713 67.0
3714 67.0
3715 67.0
3716 67.0
3717 67.0
3718 67.0
3719 67.0
3720 67.0
3721 67.0
3722 67.0
3723 67.0
3724 67.0
3725 67.0
3726 67.0
3727 67.0
3728 67.0
3729 67.0
3730 67.0
3731 67.0
3732 67.0
3733 67.0
3734 67.0
3735 67.0
3736 67.0
3737 67.0
3738 67.0
3739 67.0
3740 67.0
3741 67.0
3742 67.0
3743 67.0
3744 67.0
3745 67.0
3746 67.0
3747 67.0
3748 67.0
3749 67.0
3750 67.0
3751 67.0
3752 67.0
3753 67.0
3754 67.0
3755 67.0
3756 67.0
3757 67.0
3758 67.0
3759 67.0
3760 67.0
3761 67.0
3762 67.0
3763 67.0
3764 67.0
3765 67.0
3766 67.0
3767 67.0
3768 67.0
3769 67.0
3770 67.0
3771 67.0
3772 67.0
3773 67.0
3774 67.0
3775 67.0
3776 67.0
3777 67.0
3778 67.0
3779 67.0
3780 67.0
3781 67.0
3782 67.0
3783 67.0
3784 67.0
3785 67.0
3786 67.0
3787 67.0
3788 67.0
3789 67.0
3790 67.0
3791 67.0
3792 67.0
3793 67.0
3794 67.0
3795 67.0
3796 67.0
3797 67.0
3798 67.0
3799 67.0
3800 67.0
3801 67.0
3802 67.0
3803 67.0
3804 67.0
3805 67.0
3806 67.0
3807 67.0
3808 67.0
3809 67.0
3810 67.0
3811 67.0
3812 67.0
3813 67.0
3814 67.0
3815 67.0
3816 67.0
3817 67.0
3818 67.0
3819 67.0
3820 67.0
3821 67.0
3822 67.0
3823 67.0
3824 67.0
3825 67.0
3826 67.0
3827 67.0
3828 67.0
3829 67.0
3830 67.0
3831 67.0
3832 67.0
3833 67.0
3834 67.0
3835 67.0
3836 67.0
3837 67.0
3838 67.0
3839 67.0
3840 67.0
3841 67.0
3842 67.0
3843 67.0
3844 67.0
3845 67.0
3846 67.0
3847 67.0
3848 67.0
3849 67.0
3850 67.0
3851 67.0
3852 67.0
3853 67.0
3854 67.0
3855 67.0
3856 67.0
3857 67.0
3858 67.0
3859 67.0
3860 67.0
3861 67.0
3862 67.0
3863 67.0
3864 67.0
3865 67.0
3866 67.0
3867 67.0
3868 67.0
3869 67.0
3870 67.0
3871 67.0
3872 67.0
3873 67.0
3874 67.0
3875 67.0
3876 67.0
3877 67.0
3878 67.0
3879 67.0
3880 67.0
3881 67.0
3882 67.0
3883 67.0
3884 67.0
3885 67.0
3886 67.0
3887 67.0
3888 67.0
3889 67.0
3890 67.0
3891 67.0
3892 67.0
3893 67.0
3894 67.0
3895 67.0
3896 67.0
3897 67.0
3898 67.0
3899 67.0
3900 67.0
3901 67.0
3902 67.0
3903 67.0
3904 67.0
3905 67.0
3906 67.0
3907 67.0
3908 67.0
3909 67.0
3910 67.0
3911 67.0
3912 67.0
3913 67.0
3914 67.0
3915 67.0
3916 67.0
3917 67.0
3918 67.0
3919 67.0
3920 67.0
3921 67.0
3922 67.0
3923 67.0
3924 67.0
3925 67.0
3926 67.0
3927 67.0
3928 67.0
3929 67.0
3930 67.0
3931 67.0
3932 67.0
3933 67.0
3934 67.0
3935 67.0
3936 67.0
3937 67.0
3938 67.0
3939 67.0
3940 67.0
3941 67.0
3942 67.0
3943 67.0
3944 67.0
3945 67.0
3946 67.0
3947 67.0
3948 67.0
3949 67.0
3950 67.0
3951 67.0
3952 67.0
3953 67.0
3954 67.0
3955 67.0
3956 67.0
3957 67.0
3958 67.0
3959 67.0
3960 67.0
3961 67.0
3962 67.0
3963 67.0
3964 67.0
3965 67.0
3966 67.0
3967 67.0
3968 67.0
3969 67.0
3970 67.0
3971 67.0
3972 67.0
3973 67.0
3974 67.0
3975 67.0
3976 67.0
3977 67.0
3978 67.0
3979 67.0
3980 67.0
3981 67.0
3982 67.0
3983 67.0
3984 67.0
3985 67.0
3986 67.0
3987 67.0
3988 67.0
3989 67.0
3990 67.0
3991 67.0
3992 67.0
3993 67.0
3994 67.0
3995 67.0
3996 67.0
3997 67.0
3998 67.0
3999 67.0
4000 67.0
4001 67.0
4002 67.0
4003 67.0
4004 67.0
4005 67.0
4006 67.0
4007 67.0
4008 67.0
4009 67.0
4010 67.0
4011 67.0
4012 67.0
4013 67.0
4014 67.0
4015 67.0
4016 67.0
4017 67.0
4018 67.0
4019 67.0
4020 67.0
4021 67.0
4022 67.0
4023 67.0
4024 67.0
4025 67.0
4026 67.0
4027 67.0
4028 67.0
4029 67.0
4030 67.0
4031 67.0
4032 67.0
4033 67.0
4034 67.0
4035 67.0
4036 67.0
4037 67.0
4038 67.0
4039 67.0
4040 67.0
4041 67.0
4042 67.0
4043 67.0
4044 67.0
4045 67.0
4046 67.0
4047 67.0
4048 67.0
4049 67.0
4050 67.0
4051 67.0
4052 67.0
4053 67.0
4054 67.0
4055 67.0
4056 67.0
4057 67.0
4058 67.0
4059 67.0
4060 67.0
4061 67.0
4062 67.0
4063 67.0
4064 67.0
4065 67.0
4066 67.0
4067 67.0
4068 67.0
4069 67.0
4070 67.0
4071 67.0
4072 67.0
4073 67.0
4074 67.0
4075 67.0
4076 67.0
4077 67.0
4078 67.0
4079 67.0
4080 67.0
4081 67.0
4082 67.0
4083 67.0
4084 67.0
4085 67.0
4086 67.0
4087 67.0
4088 67.0
4089 67.0
4090 67.0
4091 67.0
4092 67.0
4093 67.0
4094 67.0
4095 67.0
4096 67.0
4097 67.0
4098 67.0
4099 67.0
4100 67.0
4101 67.0
4102 67.0
4103 67.0
4104 67.0
4105 67.0
4106 67.0
4107 67.0
4108 67.0
4109 67.0
4110 67.0
4111 67.0
4112 67.0
4113 67.0
4114 67.0
4115 67.0
4116 67.0
4117 67.0
4118 67.0
4119 67.0
4120 67.0
4121 67.0
4122 67.0
4123 67.0
4124 67.0
4125 67.0
4126 67.0
4127 67.0
4128 67.0
4129 67.0
4130 67.0
4131 67.0
4132 67.0
4133 67.0
4134 67.0
4135 67.0
4136 67.0
4137 67.0
4138 67.0
4139 67.0
4140 67.0
4141 67.0
4142 67.0
4143 67.0
4144 67.0
4145 67.0
4146 67.0
4147 67.0
4148 67.0
4149 67.0
4150 67.0
4151 67.0
4152 67.0
4153 67.0
4154 67.0
4155 67.0
4156 67.0
4157 67.0
4158 67.0
4159 67.0
4160 67.0
4161 67.0
4162 67.0
4163 67.0
4164 67.0
4165 67.0
4166 67.0
4167 67.0
4168 67.0
4169 67.0
4170 67.0
4171 67.0
4172 67.0
4173 67.0
4174 67.0
4175 67.0
4176 67.0
4177 67.0
4178 67.0
4179 67.0
4180 67.0
4181 67.0
4182 67.0
4183 67.0
4184 67.0
4185 67.0
4186 67.0
4187 67.0
4188 67.0
4189 67.0
4190 67.0
4191 67.0
4192 67.0
4193 67.0
4194 67.0
4195 67.0
4196 67.0
4197 67.0
4198 67.0
4199 67.0
4200 67.0
4201 67.0
4202 67.0
4203 67.0
4204 67.0
4205 67.0
4206 67.0
4207 67.0
4208 67.0
4209 67.0
4210 67.0
4211 67.0
4212 67.0
4213 67.0
4214 67.0
4215 67.0
4216 67.0
4217 67.0
4218 67.0
4219 67.0
4220 67.0
4221 67.0
4222 67.0
4223 67.0
4224 67.0
4225 67.0
4226 67.0
4227 67.0
4228 67.0
4229 67.0
4230 67.0
4231 67.0
4232 67.0
4233 67.0
4234 67.0
4235 67.0
4236 67.0
4237 67.0
4238 67.0
4239 67.0
4240 67.0
4241 67.0
4242 67.0
4243 67.0
4244 67.0
4245 67.0
4246 67.0
4247 67.0
4248 67.0
4249 67.0
4250 67.0
4251 67.0
4252 67.0
4253 67.0
4254 67.0
4255 67.0
4256 67.0
4257 67.0
4258 67.0
4259 67.0
4260 67.0
4261 67.0
4262 67.0
4263 67.0
4264 67.0
4265 67.0
4266 67.0
4267 67.0
4268 67.0
4269 67.0
4270 67.0
4271 67.0
4272 67.0
4273 67.0
4274 67.0
4275 67.0
4276 67.0
4277 67.0
4278 67.0
4279 67.0
4280 67.0
4281 67.0
4282 67.0
4283 67.0
4284 67.0
4285 67.0
4286 67.0
4287 67.0
4288 67.0
4289 67.0
4290 67.0
4291 67.0
4292 67.0
4293 67.0
4294 67.0
4295 67.0
4296 67.0
4297 67.0
4298 67.0
4299 67.0
4300 67.0
4301 67.0
4302 67.0
4303 67.0
4304 67.0
4305 67.0
4306 67.0
4307 67.0
4308 67.0
4309 67.0
4310 67.0
4311 67.0
4312 67.0
4313 67.0
4314 67.0
4315 67.0
4316 67.0
4317 67.0
4318 67.0
4319 67.0
4320 67.0
4321 67.0
4322 67.0
4323 67.0
4324 67.0
4325 67.0
4326 67.0
4327 67.0
4328 67.0
4329 67.0
4330 67.0
4331 67.0
4332 67.0
4333 67.0
4334 67.0
4335 67.0
4336 67.0
4337 67.0
4338 67.0
4339 67.0
4340 67.0
4341 67.0
4342 67.0
4343 67.0
4344 67.0
4345 67.0
4346 67.0
4347 67.0
4348 67.0
4349 67.0
4350 67.0
4351 67.0
4352 67.0
4353 67.0
4354 67.0
4355 67.0
4356 67.0
4357 67.0
4358 67.0
4359 67.0
4360 67.0
4361 67.0
4362 67.0
4363 67.0
4364 67.0
4365 67.0
4366 67.0
4367 67.0
4368 67.0
4369 67.0
4370 67.0
4371 67.0
4372 67.0
4373 67.0
4374 67.0
4375 67.0
4376 67.0
4377 67.0
4378 67.0
4379 67.0
4380 67.0
4381 67.0
4382 67.0
4383 67.0
4384 67.0
4385 67.0
4386 67.0
4387 67.0
4388 67.0
4389 67.0
4390 67.0
4391 67.0
4392 67.0
4393 67.0
4394 67.0
4395 67.0
4396 67.0
4397 67.0
4398 67.0
4399 67.0
4400 67.0
4401 67.0
4402 67.0
4403 67.0
4404 67.0
4405 67.0
4406 67.0
4407 67.0
4408 67.0
4409 67.0
4410 67.0
4411 67.0
4412 67.0
4413 67.0
4414 67.0
4415 67.0
4416 67.0
4417 67.0
4418 67.0
4419 67.0
4420 67.0
4421 67.0
4422 67.0
4423 67.0
4424 67.0
4425 67.0
4426 67.0
4427 67.0
4428 67.0
4429 67.0
4430 67.0
4431 67.0
4432 67.0
4433 67.0
4434 67.0
4435 67.0
4436 67.0
4437 67.0
4438 67.0
4439 67.0
4440 67.0
4441 67.0
4442 67.0
4443 67.0
4444 67.0
4445 67.0
4446 67.0
4447 67.0
4448 67.0
4449 67.0
4450 67.0
4451 67.0
4452 67.0
4453 67.0
4454 67.0
4455 67.0
4456 67.0
4457 67.0
4458 67.0
4459 67.0
4460 67.0
4461 67.0
4462 67.0
4463 67.0
4464 67.0
4465 67.0
4466 67.0
4467 67.0
4468 67.0
4469 67.0
4470 67.0
4471 67.0
4472 67.0
4473 67.0
4474 67.0
4475 67.0
4476 67.0
4477 67.0
4478 67.0
4479 67.0
4480 67.0
4481 67.0
4482 67.0
4483 67.0
4484 67.0
4485 67.0
4486 67.0
4487 67.0
4488 67.0
4489 67.0
4490 67.0
4491 67.0
4492 67.0
4493 67.0
4494 67.0
4495 67.0
4496 67.0
4497 67.0
4498 67.0
4499 67.0
4500 67.0
4501 67.0
4502 67.0
4503 67.0
4504 67.0
4505 67.0
4506 67.0
4507 67.0
4508 67.0
4509 67.0
4510 67.0
4511 67.0
4512 67.0
4513 67.0
4514 67.0
4515 67.0
4516 67.0
4517 67.0
4518 67.0
4519 67.0
4520 67.0
4521 67.0
4522 67.0
4523 67.0
4524 67.0
4525 67.0
4526 67.0
4527 67.0
4528 67.0
4529 67.0
4530 67.0
4531 67.0
4532 67.0
4533 67.0
4534 67.0
4535 67.0
4536 67.0
4537 67.0
4538 67.0
4539 67.0
4540 67.0
4541 67.0
4542 67.0
4543 67.0
4544 67.0
4545 67.0
4546 67.0
4547 67.0
4548 67.0
4549 67.0
4550 67.0
4551 67.0
4552 67.0
4553 67.0
4554 67.0
4555 67.0
4556 67.0
4557 67.0
4558 67.0
4559 67.0
4560 67.0
4561 67.0
4562 67.0
4563 67.0
4564 67.0
4565 67.0
4566 67.0
4567 67.0
4568 67.0
4569 67.0
4570 67.0
4571 67.0
4572 67.0
4573 67.0
4574 67.0
4575 67.0
4576 67.0
4577 67.0
4578 67.0
4579 67.0
4580 67.0
4581 67.0
4582 67.0
4583 67.0
4584 67.0
4585 67.0
4586 67.0
4587 67.0
4588 67.0
4589 67.0
4590 67.0
4591 67.0
4592 67.0
4593 67.0
4594 67.0
4595 67.0
4596 67.0
4597 67.0
4598 67.0
4599 67.0
4600 67.0
4601 67.0
4602 67.0
4603 67.0
4604 67.0
4605 67.0
4606 67.0
4607 67.0
4608 67.0
4609 67.0
4610 67.0
4611 67.0
4612 67.0
4613 67.0
4614 67.0
4615 67.0
4616 67.0
4617 67.0
4618 67.0
4619 67.0
4620 67.0
4621 67.0
4622 67.0
4623 67.0
4624 67.0
4625 67.0
4626 67.0
4627 67.0
4628 67.0
4629 67.0
4630 67.0
4631 67.0
4632 67.0
4633 67.0
4634 67.0
4635 67.0
4636 67.0
4637 67.0
4638 67.0
4639 67.0
4640 67.0
4641 67.0
4642 67.0
4643 67.0
4644 67.0
4645 67.0
4646 67.0
4647 67.0
4648 67.0
4649 67.0
4650 67.0
4651 67.0
4652 67.0
4653 67.0
4654 67.0
4655 67.0
4656 67.0
4657 67.0
4658 67.0
4659 67.0
4660 67.0
4661 67.0
4662 67.0
4663 67.0
4664 67.0
4665 67.0
4666 67.0
4667 67.0
4668 67.0
4669 67.0
4670 67.0
4671 67.0
4672 67.0
4673 67.0
4674 67.0
4675 67.0
4676 67.0
4677 67.0
4678 67.0
4679 67.0
4680 67.0
4681 67.0
4682 67.0
4683 67.0
4684 67.0
4685 67.0
4686 67.0
4687 67.0
4688 67.0
4689 67.0
4690 67.0
4691 67.0
4692 67.0
4693 67.0
4694 67.0
4695 67.0
4696 67.0
4697 67.0
4698 67.0
4699 67.0
4700 67.0
4701 67.0
4702 67.0
4703 67.0
4704 67.0
4705 67.0
4706 67.0
4707 67.0
4708 67.0
4709 67.0
4710 67.0
4711 67.0
4712 67.0
4713 67.0
4714 67.0
4715 67.0
4716 67.0
4717 67.0
4718 67.0
4719 67.0
4720 67.0
4721 67.0
4722 67.0
4723 67.0
4724 67.0
4725 67.0
4726 67.0
4727 67.0
4728 67.0
4729 67.0
4730 67.0
4731 67.0
4732 67.0
4733 67.0
4734 67.0
4735 67.0
4736 67.0
4737 67.0
4738 67.0
4739 67.0
4740 67.0
4741 67.0
4742 67.0
4743 67.0
4744 67.0
4745 67.0
4746 67.0
4747 67.0
4748 67.0
4749 67.0
4750 67.0
4751 67.0
4752 67.0
4753 67.0
4754 67.0
4755 67.0
4756 67.0
4757 67.0
4758 67.0
4759 67.0
4760 67.0
4761 67.0
4762 67.0
4763 67.0
4764 67.0
4765 67.0
4766 67.0
4767 67.0
4768 67.0
4769 67.0
4770 67.0
4771 67.0
4772 67.0
4773 67.0
4774 67.0
4775 67.0
4776 67.0
4777 67.0
4778 67.0
4779 67.0
4780 67.0
4781 67.0
4782 67.0
4783 67.0
4784 67.0
4785 67.0
4786 67.0
4787 67.0
4788 67.0
4789 67.0
4790 67.0
4791 67.0
4792 67.0
4793 67.0
4794 67.0
4795 67.0
4796 67.0
4797 67.0
4798 67.0
4799 67.0
4800 67.0
4801 67.0
4802 67.0
4803 67.0
4804 67.0
4805 67.0
4806 67.0
4807 67.0
4808 67.0
4809 67.0
4810 67.0
4811 67.0
4812 67.0
4813 67.0
4814 67.0
4815 67.0
4816 67.0
4817 67.0
4818 67.0
4819 67.0
4820 67.0
4821 67.0
4822 67.0
4823 67.0
4824 67.0
4825 67.0
4826 67.0
4827 67.0
4828 67.0
4829 67.0
4830 67.0
4831 67.0
4832 67.0
4833 67.0
4834 67.0
4835 67.0
4836 67.0
4837 67.0
4838 67.0
4839 67.0
4840 67.0
4841 67.0
4842 67.0
4843 67.0
4844 67.0
4845 67.0
4846 67.0
4847 67.0
4848 67.0
4849 67.0
4850 67.0
4851 67.0
4852 67.0
4853 67.0
4854 67.0
4855 67.0
4856 67.0
4857 67.0
4858 67.0
4859 67.0
4860 67.0
4861 67.0
4862 67.0
4863 67.0
4864 67.0
4865 67.0
4866 67.0
4867 67.0
4868 67.0
4869 67.0
4870 67.0
4871 67.0
4872 67.0
4873 67.0
4874 67.0
4875 67.0
4876 67.0
4877 67.0
4878 67.0
4879 67.0
4880 67.0
4881 67.0
4882 67.0
4883 67.0
4884 67.0
4885 67.0
4886 67.0
4887 67.0
4888 67.0
4889 67.0
4890 67.0
4891 67.0
4892 67.0
4893 67.0
4894 67.0
4895 67.0
4896 67.0
4897 67.0
4898 67.0
4899 67.0
4900 67.0
4901 67.0
4902 67.0
4903 67.0
4904 67.0
4905 67.0
4906 67.0
4907 67.0
4908 67.0
4909 67.0
4910 67.0
4911 67.0
4912 67.0
4913 67.0
4914 67.0
4915 67.0
4916 67.0
4917 67.0
4918 67.0
4919 67.0
4920 67.0
4921 67.0
4922 67.0
4923 67.0
4924 67.0
4925 67.0
4926 67.0
4927 67.0
4928 67.0
4929 67.0
4930 67.0
4931 67.0
4932 67.0
4933 67.0
4934 67.0
4935 67.0
4936 67.0
4937 67.0
4938 67.0
4939 67.0
4940 67.0
4941 67.0
4942 67.0
4943 67.0
4944 67.0
4945 67.0
4946 67.0
4947 67.0
4948 67.0
4949 67.0
4950 67.0
4951 67.0
4952 67.0
4953 67.0
4954 67.0
4955 67.0
4956 67.0
4957 67.0
4958 67.0
4959 67.0
4960 67.0
4961 67.0
4962 67.0
4963 67.0
4964 67.0
4965 67.0
4966 67.0
4967 67.0
4968 67.0
4969 67.0
4970 67.0
4971 67.0
4972 67.0
4973 67.0
4974 67.0
4975 67.0
4976 67.0
4977 67.0
4978 67.0
4979 67.0
4980 67.0
4981 67.0
4982 67.0
4983 67.0
4984 67.0
4985 67.0
4986 67.0
4987 67.0
4988 67.0
4989 67.0
4990 67.0
4991 67.0
4992 67.0
4993 67.0
4994 67.0
4995 67.0
4996 67.0
4997 67.0
4998 67.0
4999 67.0
5000 67.0
5001 67.0
5002 67.0
5003 67.0
5004 67.0
5005 67.0
5006 67.0
5007 67.0
5008 67.0
5009 67.0
5010 67.0
5011 67.0
5012 67.0
5013 67.0
5014 67.0
5015 67.0
5016 67.0
5017 67.0
5018 67.0
5019 67.0
5020 67.0
5021 67.0
5022 67.0
5023 67.0
5024 67.0
5025 67.0
5026 67.0
5027 67.0
5028 67.0
5029 67.0
5030 67.0
5031 67.0
5032 67.0
5033 67.0
5034 67.0
5035 67.0
5036 67.0
5037 67.0
5038 67.0
5039 67.0
5040 67.0
5041 67.0
5042 67.0
5043 67.0
5044 67.0
5045 67.0
5046 67.0
5047 67.0
5048 67.0
5049 67.0
5050 67.0
5051 67.0
5052 67.0
5053 67.0
5054 67.0
5055 67.0
5056 67.0
5057 67.0
5058 67.0
5059 67.0
5060 67.0
5061 67.0
5062 67.0
5063 67.0
5064 67.0
5065 67.0
5066 67.0
5067 67.0
5068 67.0
5069 67.0
5070 67.0
5071 67.0
5072 67.0
5073 67.0
5074 67.0
5075 67.0
5076 67.0
5077 67.0
5078 67.0
5079 67.0
5080 67.0
5081 67.0
5082 67.0
5083 67.0
5084 67.0
5085 67.0
5086 67.0
5087 67.0
5088 67.0
5089 67.0
5090 67.0
5091 67.0
5092 67.0
5093 67.0
5094 67.0
5095 67.0
5096 67.0
5097 67.0
5098 67.0
5099 67.0
5100 67.0
5101 67.0
5102 67.0
5103 67.0
5104 67.0
5105 67.0
5106 67.0
5107 67.0
5108 67.0
5109 67.0
5110 67.0
5111 67.0
5112 67.0
5113 67.0
5114 67.0
5115 67.0
5116 67.0
5117 67.0
5118 67.0
5119 67.0
5120 67.0
5121 67.0
5122 67.0
5123 67.0
5124 67.0
5125 67.0
5126 67.0
5127 67.0
5128 67.0
5129 67.0
5130 67.0
5131 67.0
5132 67.0
5133 67.0
5134 67.0
5135 67.0
5136 67.0
5137 67.0
5138 67.0
5139 67.0
5140 67.0
5141 67.0
5142 67.0
5143 67.0
5144 67.0
5145 67.0
5146 67.0
5147 67.0
5148 67.0
5149 67.0
5150 67.0
5151 67.0
5152 67.0
5153 67.0
5154 67.0
5155 67.0
5156 67.0
5157 67.0
5158 67.0
5159 67.0
5160 67.0
5161 67.0
5162 67.0
5163 67.0
5164 67.0
5165 67.0
5166 67.0
5167 67.0
5168 67.0
5169 67.0
5170 67.0
5171 67.0
5172 67.0
5173 67.0
5174 67.0
5175 67.0
5176 67.0
5177 67.0
5178 67.0
5179 67.0
5180 67.0
5181 67.0
5182 67.0
5183 67.0
5184 67.0
5185 67.0
5186 67.0
5187 67.0
5188 67.0
5189 67.0
5190 67.0
5191 67.0
5192 67.0
5193 67.0
5194 67.0
5195 67.0
5196 67.0
5197 67.0
5198 67.0
5199 67.0
5200 67.0
5201 67.0
5202 67.0
5203 67.0
5204 67.0
5205 67.0
5206 67.0
5207 67.0
5208 67.0
5209 67.0
5210 67.0
5211 67.0
5212 67.0
5213 67.0
5214 67.0
5215 67.0
5216 67.0
5217 67.0
5218 67.0
5219 67.0
5220 67.0
5221 67.0
5222 67.0
5223 67.0
5224 67.0
5225 67.0
5226 67.0
5227 67.0
5228 67.0
5229 67.0
5230 67.0
5231 67.0
5232 67.0
5233 67.0
5234 67.0
5235 67.0
5236 67.0
5237 67.0
5238 67.0
5239 67.0
5240 67.0
5241 67.0
5242 67.0
5243 67.0
5244 67.0
5245 67.0
5246 67.0
5247 67.0
5248 67.0
5249 67.0
5250 67.0
5251 67.0
5252 67.0
5253 67.0
5254 67.0
5255 67.0
5256 67.0
5257 67.0
5258 67.0
5259 67.0
5260 67.0
5261 67.0
5262 67.0
5263 67.0
5264 67.0
5265 67.0
5266 67.0
5267 67.0
5268 67.0
5269 67.0
5270 67.0
5271 67.0
5272 67.0
5273 67.0
5274 67.0
5275 67.0
5276 67.0
5277 67.0
5278 67.0
5279 67.0
5280 67.0
5281 67.0
5282 67.0
5283 67.0
5284 67.0
5285 67.0
5286 67.0
5287 67.0
5288 67.0
5289 67.0
5290 67.0
5291 67.0
5292 67.0
5293 67.0
5294 67.0
5295 67.0
5296 67.0
5297 67.0
5298 67.0
5299 67.0
5300 67.0
5301 67.0
5302 67.0
5303 67.0
5304 67.0
5305 67.0
5306 67.0
5307 67.0
5308 67.0
5309 67.0
5310 67.0
5311 67.0
5312 67.0
5313 67.0
5314 67.0
5315 67.0
5316 67.0
5317 67.0
5318 67.0
5319 67.0
5320 67.0
5321 67.0
5322 67.0
5323 67.0
5324 67.0
5325 67.0
5326 67.0
5327 67.0
5328 67.0
5329 67.0
5330 67.0
5331 67.0
5332 67.0
5333 67.0
5334 67.0
5335 67.0
5336 67.0
5337 67.0
5338 67.0
5339 67.0
5340 67.0
5341 67.0
5342 67.0
5343 67.0
5344 67.0
5345 67.0
5346 67.0
5347 67.0
5348 67.0
5349 67.0
5350 67.0
5351 67.0
5352 67.0
5353 67.0
5354 67.0
5355 67.0
5356 67.0
5357 67.0
5358 67.0
5359 67.0
5360 67.0
5361 67.0
5362 67.0
5363 67.0
5364 67.0
5365 67.0
5366 67.0
5367 67.0
5368 67.0
5369 67.0
5370 67.0
5371 67.0
5372 67.0
5373 67.0
5374 67.0
5375 67.0
5376 67.0
5377 67.0
5378 67.0
5379 67.0
5380 67.0
5381 67.0
5382 67.0
5383 67.0
5384 67.0
5385 67.0
5386 67.0
5387 67.0
5388 67.0
5389 67.0
5390 67.0
5391 67.0
5392 67.0
5393 67.0
5394 67.0
5395 67.0
5396 67.0
5397 67.0
5398 67.0
5399 67.0
5400 67.0
5401 67.0
5402 67.0
5403 67.0
5404 67.0
5405 67.0
5406 67.0
5407 67.0
5408 67.0
5409 67.0
5410 67.0
5411 67.0
5412 67.0
5413 67.0
5414 67.0
5415 67.0
5416 67.0
5417 67.0
5418 67.0
5419 67.0
5420 67.0
5421 67.0
5422 67.0
5423 67.0
5424 67.0
5425 67.0
5426 67.0
5427 67.0
5428 67.0
5429 67.0
5430 67.0
5431 67.0
5432 67.0
5433 67.0
5434 67.0
5435 67.0
5436 67.0
5437 67.0
5438 67.0
5439 67.0
5440 67.0
5441 67.0
5442 67.0
5443 67.0
5444 67.0
5445 67.0
5446 67.0
5447 67.0
5448 67.0
5449 67.0
5450 67.0
5451 67.0
5452 67.0
5453 67.0
5454 67.0
5455 67.0
5456 67.0
5457 67.0
5458 67.0
5459 67.0
5460 67.0
5461 67.0
5462 67.0
5463 67.0
5464 67.0
5465 67.0
5466 67.0
5467 67.0
5468 67.0
5469 67.0
5470 67.0
5471 67.0
5472 67.0
5473 67.0
5474 67.0
5475 67.0
5476 67.0
5477 67.0
5478 67.0
5479 67.0
5480 67.0
5481 67.0
5482 67.0
5483 67.0
5484 67.0
5485 67.0
5486 67.0
5487 67.0
5488 67.0
5489 67.0
5490 67.0
5491 67.0
5492 67.0
5493 67.0
5494 67.0
5495 67.0
5496 67.0
5497 67.0
5498 67.0
5499 67.0
5500 67.0
5501 67.0
5502 67.0
5503 67.0
5504 67.0
5505 67.0
5506 67.0
5507 67.0
5508 67.0
5509 67.0
5510 67.0
5511 67.0
5512 67.0
5513 67.0
5514 67.0
5515 67.0
5516 67.0
5517 67.0
5518 67.0
5519 67.0
5520 67.0
5521 67.0
5522 67.0
5523 67.0
5524 67.0
5525 67.0
5526 67.0
5527 67.0
5528 67.0
5529 67.0
5530 67.0
5531 67.0
5532 67.0
5533 67.0
5534 67.0
5535 67.0
5536 67.0
5537 67.0
5538 67.0
5539 67.0
5540 67.0
5541 67.0
5542 67.0
5543 67.0
5544 67.0
5545 67.0
5546 67.0
5547 67.0
5548 67.0
5549 67.0
5550 67.0
5551 67.0
5552 67.0
5553 67.0
5554 67.0
5555 67.0
5556 67.0
5557 67.0
5558 67.0
5559 67.0
5560 67.0
5561 67.0
5562 67.0
5563 67.0
5564 67.0
5565 67.0
5566 67.0
5567 67.0
5568 67.0
5569 67.0
5570 67.0
5571 67.0
5572 67.0
5573 67.0
5574 67.0
5575 67.0
5576 67.0
5577 67.0
5578 67.0
5579 67.0
5580 67.0
5581 67.0
5582 67.0
5583 67.0
5584 67.0
5585 67.0
5586 67.0
5587 67.0
5588 67.0
5589 67.0
5590 67.0
5591 67.0
5592 67.0
5593 67.0
5594 67.0
5595 67.0
5596 67.0
5597 67.0
5598 67.0
5599 67.0
5600 67.0
5601 67.0
5602 67.0
5603 67.0
5604 67.0
5605 67.0
5606 67.0
5607 67.0
5608 67.0
5609 67.0
5610 67.0
5611 67.0
5612 67.0
5613 67.0
5614 67.0
5615 67.0
5616 67.0
5617 67.0
5618 67.0
5619 67.0
5620 67.0
5621 67.0
5622 67.0
5623 67.0
5624 67.0
5625 67.0
5626 67.0
5627 67.0
5628 67.0
5629 67.0
5630 67.0
5631 67.0
5632 67.0
5633 67.0
5634 67.0
5635 67.0
5636 67.0
5637 67.0
5638 67.0
5639 67.0
5640 67.0
5641 67.0
5642 67.0
5643 67.0
5644 67.0
5645 67.0
5646 67.0
5647 67.0
5648 67.0
5649 67.0
5650 67.0
5651 67.0
5652 67.0
5653 67.0
5654 67.0
5655 67.0
5656 67.0
5657 67.0
5658 67.0
5659 67.0
5660 67.0
5661 67.0
5662 67.0
5663 67.0
5664 67.0
5665 67.0
5666 67.0
5667 67.0
5668 67.0
5669 67.0
5670 67.0
5671 67.0
5672 67.0
5673 67.0
5674 67.0
5675 67.0
5676 67.0
5677 67.0
5678 67.0
5679 67.0
5680 67.0
5681 67.0
5682 67.0
5683 67.0
5684 67.0
5685 67.0
5686 67.0
5687 67.0
5688 67.0
5689 67.0
5690 67.0
5691 67.0
5692 67.0
5693 67.0
5694 67.0
5695 67.0
5696 67.0
5697 67.0
5698 67.0
5699 67.0
5700 67.0
5701 67.0
5702 67.0
5703 67.0
5704 67.0
5705 67.0
5706 67.0
5707 67.0
5708 67.0
5709 67.0
5710 67.0
5711 67.0
5712 67.0
5713 67.0
5714 67.0
5715 67.0
5716 67.0
5717 67.0
5718 67.0
5719 67.0
5720 67.0
5721 67.0
5722 67.0
5723 67.0
5724 67.0
5725 67.0
5726 67.0
5727 67.0
5728 67.0
5729 67.0
5730 67.0
5731 67.0
5732 67.0
5733 67.0
5734 67.0
5735 67.0
5736 67.0
5737 67.0
5738 67.0
5739 67.0
5740 67.0
5741 67.0
5742 67.0
5743 67.0
5744 67.0
5745 67.0
5746 67.0
5747 67.0
5748 67.0
5749 67.0
5750 67.0
5751 67.0
5752 67.0
5753 67.0
5754 67.0
5755 67.0
5756 67.0
5757 67.0
5758 67.0
5759 67.0
5760 67.0
5761 67.0
5762 67.0
5763 67.0
5764 67.0
5765 67.0
5766 67.0
5767 67.0
5768 67.0
5769 67.0
5770 67.0
5771 67.0
5772 67.0
5773 67.0
5774 67.0
5775 67.0
5776 67.0
5777 67.0
5778 67.0
5779 67.0
5780 67.0
5781 67.0
5782 67.0
5783 67.0
5784 67.0
5785 67.0
5786 67.0
5787 67.0
5788 67.0
5789 67.0
5790 67.0
5791 67.0
5792 67.0
5793 67.0
5794 67.0
5795 67.0
5796 67.0
5797 67.0
5798 67.0
5799 67.0
5800 67.0
5801 67.0
5802 67.0
5803 67.0
5804 67.0
5805 67.0
5806 67.0
5807 67.0
5808 67.0
5809 67.0
5810 67.0
5811 67.0
5812 67.0
5813 67.0
5814 67.0
5815 67.0
5816 67.0
5817 67.0
5818 67.0
5819 67.0
5820 67.0
5821 67.0
5822 67.0
5823 67.0
5824 67.0
5825 67.0
5826 67.0
5827 67.0
5828 67.0
5829 67.0
5830 67.0
5831 67.0
5832 67.0
5833 67.0
5834 67.0
5835 67.0
5836 67.0
5837 67.0
5838 67.0
5839 67.0
5840 67.0
5841 67.0
5842 67.0
5843 67.0
5844 67.0
5845 67.0
5846 67.0
5847 67.0
5848 67.0
5849 67.0
5850 67.0
5851 67.0
5852 67.0
5853 67.0
5854 67.0
5855 67.0
5856 67.0
5857 67.0
5858 67.0
5859 67.0
5860 67.0
5861 67.0
5862 67.0
5863 67.0
5864 67.0
5865 67.0
5866 67.0
5867 67.0
5868 67.0
5869 67.0
5870 67.0
5871 67.0
5872 67.0
5873 67.0
5874 67.0
5875 67.0
5876 67.0
5877 67.0
5878 67.0
5879 67.0
5880 67.0
5881 67.0
5882 67.0
5883 67.0
5884 67.0
5885 67.0
5886 67.0
5887 67.0
5888 67.0
5889 67.0
5890 67.0
5891 67.0
5892 67.0
5893 67.0
5894 67.0
5895 67.0
5896 67.0
5897 67.0
5898 67.0
5899 67.0
5900 67.0
5901 67.0
5902 67.0
5903 67.0
5904 67.0
5905 67.0
5906 67.0
5907 67.0
5908 67.0
5909 67.0
5910 67.0
5911 67.0
5912 67.0
5913 67.0
5914 67.0
5915 67.0
5916 67.0
5917 67.0
5918 67.0
5919 67.0
5920 67.0
5921 67.0
5922 67.0
5923 67.0
5924 67.0
5925 67.0
5926 67.0
5927 67.0
5928 67.0
5929 67.0
5930 67.0
5931 67.0
5932 67.0
5933 67.0
5934 67.0
5935 67.0
5936 67.0
5937 67.0
5938 67.0
5939 67.0
5940 67.0
5941 67.0
5942 67.0
5943 67.0
5944 67.0
5945 67.0
5946 67.0
5947 67.0
5948 67.0
5949 67.0
5950 67.0
5951 67.0
5952 67.0
5953 67.0
5954 67.0
5955 67.0
5956 67.0
5957 67.0
5958 67.0
5959 67.0
5960 67.0
5961 67.0
5962 67.0
5963 67.0
5964 67.0
5965 67.0
5966 67.0
5967 67.0
5968 67.0
5969 67.0
5970 67.0
5971 67.0
5972 67.0
5973 67.0
5974 67.0
5975 67.0
5976 67.0
5977 67.0
5978 67.0
5979 67.0
5980 67.0
5981 67.0
5982 67.0
5983 67.0
5984 67.0
5985 67.0
5986 67.0
5987 67.0
5988 67.0
5989 67.0
5990 67.0
5991 67.0
5992 67.0
5993 67.0
5994 67.0
5995 67.0
5996 67.0
5997 67.0
5998 67.0
5999 67.0
6000 67.0
6001 67.0
6002 67.0
6003 67.0
6004 67.0
6005 67.0
6006 67.0
6007 67.0
6008 67.0
6009 67.0
6010 67.0
6011 67.0
6012 67.0
6013 67.0
6014 67.0
6015 67.0
6016 67.0
6017 67.0
6018 67.0
6019 67.0
6020 67.0
6021 67.0
6022 67.0
6023 67.0
6024 67.0
6025 67.0
6026 67.0
6027 67.0
6028 67.0
6029 67.0
6030 67.0
6031 67.0
6032 67.0
6033 67.0
6034 67.0
6035 67.0
6036 67.0
6037 67.0
6038 67.0
6039 67.0
6040 67.0
6041 67.0
6042 67.0
6043 67.0
6044 67.0
6045 67.0
6046 67.0
6047 67.0
6048 67.0
6049 67.0
6050 67.0
6051 67.0
6052 67.0
6053 67.0
6054 67.0
6055 67.0
6056 67.0
6057 67.0
6058 67.0
6059 67.0
6060 67.0
6061 67.0
6062 67.0
6063 67.0
6064 67.0
6065 67.0
6066 67.0
6067 67.0
6068 67.0
6069 67.0
6070 67.0
6071 67.0
6072 67.0
6073 67.0
6074 67.0
6075 67.0
6076 67.0
6077 67.0
6078 67.0
6079 67.0
6080 67.0
6081 67.0
6082 67.0
6083 67.0
6084 67.0
6085 67.0
6086 67.0
6087 67.0
6088 67.0
6089 67.0
6090 67.0
6091 67.0
6092 67.0
6093 67.0
6094 67.0
6095 67.0
6096 67.0
6097 67.0
6098 67.0
6099 67.0
6100 67.0
6101 67.0
6102 67.0
6103 67.0
6104 67.0
6105 67.0
6106 67.0
6107 67.0
6108 67.0
6109 67.0
6110 67.0
6111 67.0
6112 67.0
6113 67.0
6114 67.0
6115 67.0
6116 67.0
6117 67.0
6118 67.0
6119 67.0
6120 67.0
6121 67.0
6122 67.0
6123 67.0
6124 67.0
6125 67.0
6126 67.0
6127 67.0
6128 67.0
6129 67.0
6130 67.0
6131 67.0
6132 67.0
6133 67.0
6134 67.0
6135 67.0
6136 67.0
6137 67.0
6138 67.0
6139 67.0
6140 67.0
6141 67.0
6142 67.0
6143 67.0
6144 67.0
6145 67.0
6146 67.0
6147 67.0
6148 67.0
6149 67.0
6150 67.0
6151 67.0
6152 67.0
6153 67.0
6154 67.0
6155 67.0
6156 67.0
6157 67.0
6158 67.0
6159 67.0
6160 67.0
6161 67.0
6162 67.0
6163 67.0
6164 67.0
6165 67.0
6166 67.0
6167 67.0
6168 67.0
6169 67.0
6170 67.0
6171 67.0
6172 67.0
6173 67.0
6174 67.0
6175 67.0
6176 67.0
6177 67.0
6178 67.0
6179 67.0
6180 67.0
6181 67.0
6182 67.0
6183 67.0
6184 67.0
6185 67.0
6186 67.0
6187 67.0
6188 67.0
6189 67.0
6190 67.0
6191 67.0
6192 67.0
6193 67.0
6194 67.0
6195 67.0
6196 67.0
6197 67.0
6198 67.0
6199 67.0
6200 67.0
6201 67.0
6202 67.0
6203 67.0
6204 67.0
6205 67.0
6206 67.0
6207 67.0
6208 67.0
6209 67.0
6210 67.0
6211 67.0
6212 67.0
6213 67.0
6214 67.0
6215 67.0
6216 67.0
6217 67.0
6218 67.0
6219 67.0
6220 67.0
6221 67.0
6222 67.0
6223 67.0
6224 67.0
6225 67.0
6226 67.0
6227 67.0
6228 67.0
6229 67.0
6230 67.0
6231 67.0
6232 67.0
6233 67.0
6234 67.0
6235 67.0
6236 67.0
6237 67.0
6238 67.0
6239 67.0
6240 67.0
6241 67.0
6242 67.0
6243 67.0
6244 67.0
6245 67.0
6246 67.0
6247 67.0
6248 67.0
6249 67.0
6250 67.0
6251 67.0
6252 67.0
6253 67.0
6254 67.0
6255 67.0
6256 67.0
6257 67.0
6258 67.0
6259 67.0
6260 67.0
6261 67.0
6262 67.0
6263 67.0
6264 67.0
6265 67.0
6266 67.0
6267 67.0
6268 67.0
6269 67.0
6270 67.0
6271 67.0
6272 67.0
6273 67.0
6274 67.0
6275 67.0
6276 67.0
6277 67.0
6278 67.0
6279 67.0
6280 67.0
6281 67.0
6282 67.0
6283 67.0
6284 67.0
6285 67.0
6286 67.0
6287 67.0
6288 67.0
6289 67.0
6290 67.0
6291 67.0
6292 67.0
6293 67.0
6294 67.0
6295 67.0
6296 67.0
6297 67.0
6298 67.0
6299 67.0
6300 67.0
6301 67.0
6302 67.0
6303 67.0
6304 67.0
6305 67.0
6306 67.0
6307 67.0
6308 67.0
6309 67.0
6310 67.0
6311 67.0
6312 67.0
6313 67.0
6314 67.0
6315 67.0
6316 67.0
6317 67.0
6318 67.0
6319 67.0
6320 67.0
6321 67.0
6322 67.0
6323 67.0
6324 67.0
6325 67.0
6326 67.0
6327 67.0
6328 67.0
6329 67.0
6330 67.0
6331 67.0
6332 67.0
6333 67.0
6334 67.0
6335 67.0
6336 67.0
6337 67.0
6338 67.0
6339 67.0
6340 67.0
6341 67.0
6342 67.0
6343 67.0
6344 67.0
6345 67.0
6346 67.0
6347 67.0
6348 67.0
6349 67.0
6350 67.0
6351 67.0
6352 67.0
6353 67.0
6354 67.0
6355 67.0
6356 67.0
6357 67.0
6358 67.0
6359 67.0
6360 67.0
6361 67.0
6362 67.0
6363 67.0
6364 67.0
6365 67.0
6366 67.0
6367 67.0
6368 67.0
6369 67.0
6370 67.0
6371 67.0
6372 67.0
6373 67.0
6374 67.0
6375 67.0
6376 67.0
6377 67.0
6378 67.0
6379 67.0
6380 67.0
6381 67.0
6382 67.0
6383 67.0
6384 67.0
6385 67.0
6386 67.0
6387 67.0
6388 67.0
6389 67.0
6390 67.0
6391 67.0
6392 67.0
6393 67.0
6394 67.0
6395 67.0
6396 67.0
6397 67.0
6398 67.0
6399 67.0
6400 67.0
6401 67.0
6402 67.0
6403 67.0
6404 67.0
6405 67.0
6406 67.0
6407 67.0
6408 67.0
6409 67.0
6410 67.0
6411 67.0
6412 67.0
6413 67.0
6414 67.0
6415 67.0
6416 67.0
6417 67.0
6418 67.0
6419 67.0
6420 67.0
6421 67.0
6422 67.0
6423 67.0
6424 67.0
6425 67.0
6426 67.0
6427 67.0
6428 67.0
6429 67.0
6430 67.0
6431 67.0
6432 67.0
6433 67.0
6434 67.0
6435 67.0
6436 67.0
6437 67.0
6438 67.0
6439 67.0
6440 67.0
6441 67.0
6442 67.0
6443 67.0
6444 67.0
6445 67.0
6446 67.0
6447 67.0
6448 67.0
6449 67.0
6450 67.0
6451 67.0
6452 67.0
6453 67.0
6454 67.0
6455 67.0
6456 67.0
6457 67.0
6458 67.0
6459 67.0
6460 67.0
6461 67.0
6462 67.0
6463 67.0
6464 67.0
6465 67.0
6466 67.0
6467 67.0
6468 67.0
6469 67.0
6470 67.0
6471 67.0
6472 67.0
6473 67.0
6474 67.0
6475 67.0
6476 67.0
6477 67.0
6478 67.0
6479 67.0
6480 67.0
6481 67.0
6482 67.0
6483 67.0
6484 67.0
6485 67.0
6486 67.0
6487 67.0
6488 67.0
6489 67.0
6490 67.0
6491 67.0
6492 67.0
6493 67.0
6494 67.0
6495 67.0
6496 67.0
6497 67.0
6498 67.0
6499 67.0
6500 67.0
6501 67.0
6502 67.0
6503 67.0
6504 67.0
6505 67.0
6506 67.0
6507 67.0
6508 67.0
6509 67.0
6510 67.0
6511 67.0
6512 67.0
6513 67.0
6514 67.0
6515 67.0
6516 67.0
6517 67.0
6518 67.0
6519 67.0
6520 67.0
6521 67.0
6522 67.0
6523 67.0
6524 67.0
6525 67.0
6526 67.0
6527 67.0
6528 67.0
6529 67.0
6530 67.0
6531 67.0
6532 67.0
6533 67.0
6534 67.0
6535 67.0
6536 67.0
6537 67.0
6538 67.0
6539 67.0
6540 67.0
6541 67.0
6542 67.0
6543 67.0
6544 67.0
6545 67.0
6546 67.0
6547 67.0
6548 67.0
6549 67.0
6550 67.0
6551 67.0
6552 67.0
6553 67.0
6554 67.0
6555 67.0
6556 67.0
6557 67.0
6558 67.0
6559 67.0
6560 67.0
6561 67.0
6562 67.0
6563 67.0
6564 67.0
6565 67.0
6566 67.0
6567 67.0
6568 67.0
6569 67.0
6570 67.0
6571 67.0
6572 67.0
6573 67.0
6574 67.0
6575 67.0
6576 67.0
6577 67.0
6578 67.0
6579 67.0
6580 67.0
6581 67.0
6582 67.0
6583 67.0
6584 67.0
6585 67.0
6586 67.0
6587 67.0
6588 67.0
6589 67.0
6590 67.0
6591 67.0
6592 67.0
6593 67.0
6594 67.0
6595 67.0
6596 67.0
6597 67.0
6598 67.0
6599 67.0
6600 67.0
6601 67.0
6602 67.0
6603 67.0
6604 67.0
6605 67.0
6606 67.0
6607 67.0
6608 67.0
6609 67.0
6610 67.0
6611 67.0
6612 67.0
6613 67.0
6614 67.0
6615 67.0
6616 67.0
6617 67.0
6618 67.0
6619 67.0
6620 67.0
6621 67.0
6622 67.0
6623 67.0
6624 67.0
6625 67.0
6626 67.0
6627 67.0
6628 67.0
6629 67.0
6630 67.0
6631 67.0
6632 67.0
6633 67.0
6634 67.0
6635 67.0
6636 67.0
6637 67.0
6638 67.0
6639 67.0
6640 67.0
6641 67.0
6642 67.0
6643 67.0
6644 67.0
6645 67.0
6646 67.0
6647 67.0
6648 67.0
6649 67.0
6650 67.0
6651 67.0
6652 67.0
6653 67.0
6654 67.0
6655 67.0
6656 67.0
6657 67.0
6658 67.0
6659 67.0
6660 67.0
6661 67.0
6662 67.0
6663 67.0
6664 67.0
6665 67.0
6666 67.0
6667 67.0
6668 67.0
6669 67.0
6670 67.0
6671 67.0
6672 67.0
6673 67.0
6674 67.0
6675 67.0
6676 67.0
6677 67.0
6678 67.0
6679 67.0
6680 67.0
6681 67.0
6682 67.0
6683 67.0
6684 67.0
6685 67.0
6686 67.0
6687 67.0
6688 67.0
6689 67.0
6690 67.0
6691 67.0
6692 67.0
6693 67.0
6694 67.0
6695 67.0
6696 67.0
6697 67.0
6698 67.0
6699 67.0
6700 67.0
6701 67.0
6702 67.0
6703 67.0
6704 67.0
6705 67.0
6706 67.0
6707 67.0
6708 67.0
6709 67.0
6710 67.0
6711 67.0
6712 67.0
6713 67.0
6714 67.0
6715 67.0
6716 67.0
6717 67.0
6718 67.0
6719 67.0
6720 67.0
6721 67.0
6722 67.0
6723 67.0
6724 67.0
6725 67.0
6726 67.0
6727 67.0
6728 67.0
6729 67.0
6730 67.0
6731 67.0
6732 67.0
6733 67.0
6734 67.0
6735 67.0
6736 67.0
6737 67.0
6738 67.0
6739 67.0
6740 67.0
6741 67.0
6742 67.0
6743 67.0
6744 67.0
6745 67.0
6746 67.0
6747 67.0
6748 67.0
6749 67.0
6750 67.0
6751 67.0
6752 67.0
6753 67.0
6754 67.0
6755 67.0
6756 67.0
6757 67.0
6758 67.0
6759 67.0
6760 67.0
6761 67.0
6762 67.0
6763 67.0
6764 67.0
6765 67.0
6766 67.0
6767 67.0
6768 67.0
6769 67.0
6770 67.0
6771 67.0
6772 67.0
6773 67.0
6774 67.0
6775 67.0
6776 67.0
6777 67.0
6778 67.0
6779 67.0
6780 67.0
6781 67.0
6782 67.0
6783 67.0
6784 67.0
6785 67.0
6786 67.0
6787 67.0
6788 67.0
6789 67.0
6790 67.0
6791 67.0
6792 67.0
6793 67.0
6794 67.0
6795 67.0
6796 67.0
6797 67.0
6798 67.0
6799 67.0
6800 67.0
6801 67.0
6802 67.0
6803 67.0
6804 67.0
6805 67.0
6806 67.0
6807 67.0
6808 67.0
6809 67.0
6810 67.0
6811 67.0
6812 67.0
6813 67.0
6814 67.0
6815 67.0
6816 67.0
6817 67.0
6818 67.0
6819 67.0
6820 67.0
6821 67.0
6822 67.0
6823 67.0
6824 67.0
6825 67.0
6826 67.0
6827 67.0
6828 67.0
6829 67.0
6830 67.0
6831 67.0
6832 67.0
6833 67.0
6834 67.0
6835 67.0
6836 67.0
6837 67.0
6838 67.0
6839 67.0
6840 67.0
6841 67.0
6842 67.0
6843 67.0
6844 67.0
6845 67.0
6846 67.0
6847 67.0
6848 67.0
6849 67.0
6850 67.0
6851 67.0
6852 67.0
6853 67.0
6854 67.0
6855 67.0
6856 67.0
6857 67.0
6858 67.0
6859 67.0
6860 67.0
6861 67.0
6862 67.0
6863 67.0
6864 67.0
6865 67.0
6866 67.0
6867 67.0
6868 67.0
6869 67.0
6870 67.0
6871 67.0
6872 67.0
6873 67.0
6874 67.0
6875 67.0
6876 67.0
6877 67.0
6878 67.0
6879 67.0
6880 67.0
6881 67.0
6882 67.0
6883 67.0
6884 67.0
6885 67.0
6886 67.0
6887 67.0
6888 67.0
6889 67.0
6890 67.0
6891 67.0
6892 67.0
6893 67.0
6894 67.0
6895 67.0
6896 67.0
6897 67.0
6898 67.0
6899 67.0
6900 67.0
6901 67.0
6902 67.0
6903 67.0
6904 67.0
6905 67.0
6906 67.0
6907 67.0
6908 67.0
6909 67.0
6910 67.0
6911 67.0
6912 67.0
6913 67.0
6914 67.0
6915 67.0
6916 67.0
6917 67.0
6918 67.0
6919 67.0
6920 67.0
6921 67.0
6922 67.0
6923 67.0
6924 67.0
6925 67.0
6926 67.0
6927 67.0
6928 67.0
6929 67.0
6930 67.0
6931 67.0
6932 67.0
6933 67.0
6934 67.0
6935 67.0
6936 67.0
6937 67.0
6938 67.0
6939 67.0
6940 67.0
6941 67.0
6942 67.0
6943 67.0
6944 67.0
6945 67.0
6946 67.0
6947 67.0
6948 67.0
6949 67.0
6950 67.0
6951 67.0
6952 67.0
6953 67.0
6954 67.0
6955 67.0
6956 67.0
6957 67.0
6958 67.0
6959 67.0
6960 67.0
6961 67.0
6962 67.0
6963 67.0
6964 67.0
6965 67.0
6966 67.0
6967 67.0
6968 67.0
6969 67.0
6970 67.0
6971 67.0
6972 67.0
6973 67.0
6974 67.0
6975 67.0
6976 67.0
6977 67.0
6978 67.0
6979 67.0
6980 67.0
6981 67.0
6982 67.0
6983 67.0
6984 67.0
6985 67.0
6986 67.0
6987 67.0
6988 67.0
6989 67.0
6990 67.0
6991 67.0
6992 67.0
6993 67.0
6994 67.0
6995 67.0
6996 67.0
6997 67.0
6998 67.0
6999 67.0
7000 67.0
7001 67.0
7002 67.0
7003 67.0
7004 67.0
7005 67.0
7006 67.0
7007 67.0
7008 67.0
7009 67.0
7010 67.0
7011 67.0
7012 67.0
7013 67.0
7014 67.0
7015 67.0
7016 67.0
7017 67.0
7018 67.0
7019 67.0
7020 67.0
7021 67.0
7022 67.0
7023 67.0
7024 67.0
7025 67.0
7026 67.0
7027 67.0
7028 67.0
7029 67.0
7030 67.0
7031 67.0
7032 67.0
7033 67.0
7034 67.0
7035 67.0
7036 67.0
7037 67.0
7038 67.0
7039 67.0
7040 67.0
7041 67.0
7042 67.0
7043 67.0
7044 67.0
7045 67.0
7046 67.0
7047 67.0
7048 67.0
7049 67.0
7050 67.0
7051 67.0
7052 67.0
7053 67.0
7054 67.0
7055 67.0
7056 67.0
7057 67.0
7058 67.0
7059 67.0
7060 67.0
7061 67.0
7062 67.0
7063 67.0
7064 67.0
7065 67.0
7066 67.0
7067 67.0
7068 67.0
7069 67.0
7070 67.0
7071 67.0
7072 67.0
7073 67.0
7074 67.0
7075 67.0
7076 67.0
7077 67.0
7078 67.0
7079 67.0
7080 67.0
7081 67.0
7082 67.0
7083 67.0
7084 67.0
7085 67.0
7086 67.0
7087 67.0
7088 67.0
7089 67.0
7090 67.0
7091 67.0
7092 67.0
7093 67.0
7094 67.0
7095 67.0
7096 67.0
7097 67.0
7098 67.0
7099 67.0
7100 67.0
7101 67.0
7102 67.0
7103 67.0
7104 67.0
7105 67.0
7106 67.0
7107 67.0
7108 67.0
7109 67.0
7110 67.0
7111 67.0
7112 67.0
7113 67.0
7114 67.0
7115 67.0
7116 67.0
7117 67.0
7118 67.0
7119 67.0
7120 67.0
7121 67.0
7122 67.0
7123 67.0
7124 67.0
7125 67.0
7126 67.0
7127 67.0
7128 67.0
7129 67.0
7130 67.0
7131 67.0
7132 67.0
7133 67.0
7134 67.0
7135 67.0
7136 67.0
7137 67.0
7138 67.0
7139 67.0
7140 67.0
7141 67.0
7142 67.0
7143 67.0
7144 67.0
7145 67.0
7146 67.0
7147 67.0
7148 67.0
7149 67.0
7150 67.0
7151 67.0
7152 67.0
7153 67.0
7154 67.0
7155 67.0
7156 67.0
7157 67.0
7158 67.0
7159 67.0
7160 67.0
7161 67.0
7162 67.0
7163 67.0
7164 67.0
7165 67.0
7166 67.0
7167 67.0
7168 67.0
7169 67.0
7170 67.0
7171 67.0
7172 67.0
7173 67.0
7174 67.0
7175 67.0
7176 67.0
7177 67.0
7178 67.0
7179 67.0
7180 67.0
7181 67.0
7182 67.0
7183 67.0
7184 67.0
7185 67.0
7186 67.0
7187 67.0
7188 67.0
7189 67.0
7190 67.0
7191 67.0
7192 67.0
7193 67.0
7194 67.0
7195 67.0
7196 67.0
7197 67.0
7198 67.0
7199 67.0
7200 67.0
7201 67.0
7202 67.0
7203 67.0
7204 67.0
7205 67.0
7206 67.0
7207 67.0
7208 67.0
7209 67.0
7210 67.0
7211 67.0
7212 67.0
7213 67.0
7214 67.0
7215 67.0
7216 67.0
7217 67.0
7218 67.0
7219 67.0
7220 67.0
7221 67.0
7222 67.0
7223 67.0
7224 67.0
7225 67.0
7226 67.0
7227 67.0
7228 67.0
7229 67.0
7230 67.0
7231 67.0
7232 67.0
7233 67.0
7234 67.0
7235 67.0
7236 67.0
7237 67.0
7238 67.0
7239 67.0
7240 67.0
7241 67.0
7242 67.0
7243 67.0
7244 67.0
7245 67.0
7246 67.0
7247 67.0
7248 67.0
7249 67.0
7250 67.0
7251 67.0
7252 67.0
7253 67.0
7254 67.0
7255 67.0
7256 67.0
7257 67.0
7258 67.0
7259 67.0
7260 67.0
7261 67.0
7262 67.0
7263 67.0
7264 67.0
7265 67.0
7266 67.0
7267 67.0
7268 67.0
7269 67.0
7270 67.0
7271 67.0
7272 67.0
7273 67.0
7274 67.0
7275 67.0
7276 67.0
7277 67.0
7278 67.0
7279 67.0
7280 67.0
7281 67.0
7282 67.0
7283 67.0
7284 67.0
7285 67.0
7286 67.0
7287 67.0
7288 67.0
7289 67.0
7290 67.0
7291 67.0
7292 67.0
7293 67.0
7294 67.0
7295 67.0
7296 67.0
7297 67.0
7298 67.0
7299 67.0
7300 67.0
7301 67.0
7302 67.0
7303 67.0
7304 67.0
7305 67.0
7306 67.0
7307 67.0
7308 67.0
7309 67.0
7310 67.0
7311 67.0
7312 67.0
7313 67.0
7314 67.0
7315 67.0
7316 67.0
7317 67.0
7318 67.0
7319 67.0
7320 67.0
7321 67.0
7322 67.0
7323 67.0
7324 67.0
7325 67.0
7326 67.0
7327 67.0
7328 67.0
7329 67.0
7330 67.0
7331 67.0
7332 67.0
7333 67.0
7334 67.0
7335 67.0
7336 67.0
7337 67.0
7338 67.0
7339 67.0
7340 67.0
7341 67.0
7342 67.0
7343 67.0
7344 67.0
7345 67.0
7346 67.0
7347 67.0
7348 67.0
7349 67.0
7350 67.0
7351 67.0
7352 67.0
7353 67.0
7354 67.0
7355 67.0
7356 67.0
7357 67.0
7358 67.0
7359 67.0
7360 67.0
7361 67.0
7362 67.0
7363 67.0
7364 67.0
7365 67.0
7366 67.0
7367 67.0
7368 67.0
7369 67.0
7370 67.0
7371 67.0
7372 67.0
7373 67.0
7374 67.0
7375 67.0
7376 67.0
7377 67.0
7378 67.0
7379 67.0
7380 67.0
7381 67.0
7382 67.0
7383 67.0
7384 67.0
7385 67.0
7386 67.0
7387 67.0
7388 67.0
7389 67.0
7390 67.0
7391 67.0
7392 67.0
7393 67.0
7394 67.0
7395 67.0
7396 67.0
7397 67.0
7398 67.0
7399 67.0
7400 67.0
7401 67.0
7402 67.0
7403 67.0
7404 67.0
7405 67.0
7406 67.0
7407 67.0
7408 67.0
7409 67.0
7410 67.0
7411 67.0
7412 67.0
7413 67.0
7414 67.0
7415 67.0
7416 67.0
7417 67.0
7418 67.0
7419 67.0
7420 67.0
7421 67.0
7422 67.0
7423 67.0
7424 67.0
7425 67.0
7426 67.0
7427 67.0
7428 67.0
7429 67.0
7430 67.0
7431 67.0
7432 67.0
7433 67.0
7434 67.0
7435 67.0
7436 67.0
7437 67.0
7438 67.0
7439 67.0
7440 67.0
7441 67.0
7442 67.0
7443 67.0
7444 67.0
7445 67.0
7446 67.0
7447 67.0
7448 67.0
7449 67.0
7450 67.0
7451 67.0
7452 67.0
7453 67.0
7454 67.0
7455 67.0
7456 67.0
7457 67.0
7458 67.0
7459 67.0
7460 67.0
7461 67.0
7462 67.0
7463 67.0
7464 67.0
7465 67.0
7466 67.0
7467 67.0
7468 67.0
7469 67.0
7470 67.0
7471 67.0
7472 67.0
7473 67.0
7474 67.0
7475 67.0
7476 67.0
7477 67.0
7478 67.0
7479 67.0
7480 67.0
7481 67.0
7482 67.0
7483 67.0
7484 67.0
7485 67.0
7486 67.0
7487 67.0
7488 67.0
7489 67.0
7490 67.0
7491 67.0
7492 67.0
7493 67.0
7494 67.0
7495 67.0
7496 67.0
7497 67.0
7498 67.0
7499 67.0
7500 67.0
7501 67.0
7502 67.0
7503 67.0
7504 67.0
7505 67.0
7506 67.0
7507 67.0
7508 67.0
7509 67.0
7510 67.0
7511 67.0
7512 67.0
7513 67.0
7514 67.0
7515 67.0
7516 67.0
7517 67.0
7518 67.0
7519 67.0
7520 67.0
7521 67.0
7522 67.0
7523 67.0
7524 67.0
7525 67.0
7526 67.0
7527 67.0
7528 67.0
7529 67.0
7530 67.0
7531 67.0
7532 67.0
7533 67.0
7534 67.0
7535 67.0
7536 67.0
7537 67.0
7538 67.0
7539 67.0
7540 67.0
7541 67.0
7542 67.0
7543 67.0
7544 67.0
7545 67.0
7546 67.0
7547 67.0
7548 67.0
7549 67.0
7550 67.0
7551 67.0
7552 67.0
7553 67.0
7554 67.0
7555 67.0
7556 67.0
7557 67.0
7558 67.0
7559 67.0
7560 67.0
7561 67.0
7562 67.0
7563 67.0
7564 67.0
7565 67.0
7566 67.0
7567 67.0
7568 67.0
7569 67.0
7570 67.0
7571 67.0
7572 67.0
7573 67.0
7574 67.0
7575 67.0
7576 67.0
7577 67.0
7578 67.0
7579 67.0
7580 67.0
7581 67.0
7582 67.0
7583 67.0
7584 67.0
7585 67.0
7586 67.0
7587 67.0
7588 67.0
7589 67.0
7590 67.0
7591 67.0
7592 67.0
7593 67.0
7594 67.0
7595 67.0
7596 67.0
7597 67.0
7598 67.0
7599 67.0
7600 67.0
7601 67.0
7602 67.0
7603 67.0
7604 67.0
7605 67.0
7606 67.0
7607 67.0
7608 67.0
7609 67.0
7610 67.0
7611 67.0
7612 67.0
7613 67.0
7614 67.0
7615 67.0
7616 67.0
7617 67.0
7618 67.0
7619 67.0
7620 67.0
7621 67.0
7622 67.0
7623 67.0
7624 67.0
7625 67.0
7626 67.0
7627 67.0
7628 67.0
7629 67.0
7630 67.0
7631 67.0
7632 67.0
7633 67.0
7634 67.0
7635 67.0
7636 67.0
7637 67.0
7638 67.0
7639 67.0
7640 67.0
7641 67.0
7642 67.0
7643 67.0
7644 67.0
7645 67.0
7646 67.0
7647 67.0
7648 67.0
7649 67.0
7650 67.0
7651 67.0
7652 67.0
7653 67.0
7654 67.0
7655 67.0
7656 67.0
7657 67.0
7658 67.0
7659 67.0
7660 67.0
7661 67.0
7662 67.0
7663 67.0
7664 67.0
7665 67.0
7666 67.0
7667 67.0
7668 67.0
7669 67.0
7670 67.0
7671 67.0
7672 67.0
7673 67.0
7674 67.0
7675 67.0
7676 67.0
7677 67.0
7678 67.0
7679 67.0
7680 67.0
7681 67.0
7682 67.0
7683 67.0
7684 67.0
7685 67.0
7686 67.0
7687 67.0
7688 67.0
7689 67.0
7690 67.0
7691 67.0
7692 67.0
7693 67.0
7694 67.0
7695 67.0
7696 67.0
7697 67.0
7698 67.0
7699 67.0
7700 67.0
7701 67.0
7702 67.0
7703 67.0
7704 67.0
7705 67.0
7706 67.0
7707 67.0
7708 67.0
7709 67.0
7710 67.0
7711 67.0
7712 67.0
7713 67.0
7714 67.0
7715 67.0
7716 67.0
7717 67.0
7718 67.0
7719 67.0
7720 67.0
7721 67.0
7722 67.0
7723 67.0
7724 67.0
7725 67.0
7726 67.0
7727 67.0
7728 67.0
7729 67.0
7730 67.0
7731 67.0
7732 67.0
7733 67.0
7734 67.0
7735 67.0
7736 67.0
7737 67.0
7738 67.0
7739 67.0
7740 67.0
7741 67.0
7742 67.0
7743 67.0
7744 67.0
7745 67.0
7746 67.0
7747 67.0
7748 67.0
7749 67.0
7750 67.0
7751 67.0
7752 67.0
7753 67.0
7754 67.0
7755 67.0
7756 67.0
7757 67.0
7758 67.0
7759 67.0
7760 67.0
7761 67.0
7762 67.0
7763 67.0
7764 67.0
7765 67.0
7766 67.0
7767 67.0
7768 67.0
7769 67.0
7770 67.0
7771 67.0
7772 67.0
7773 67.0
7774 67.0
7775 67.0
7776 67.0
7777 67.0
7778 67.0
7779 67.0
7780 67.0
7781 67.0
7782 67.0
7783 67.0
7784 67.0
7785 67.0
7786 67.0
7787 67.0
7788 67.0
7789 67.0
7790 67.0
7791 67.0
7792 67.0
7793 67.0
7794 67.0
7795 67.0
7796 67.0
7797 67.0
7798 67.0
7799 67.0
7800 67.0
7801 67.0
7802 67.0
7803 67.0
7804 67.0
7805 67.0
7806 67.0
7807 67.0
7808 67.0
7809 67.0
7810 67.0
7811 67.0
7812 67.0
7813 67.0
7814 67.0
7815 67.0
7816 67.0
7817 67.0
7818 67.0
7819 67.0
7820 67.0
7821 67.0
7822 67.0
7823 67.0
7824 67.0
7825 67.0
7826 67.0
7827 67.0
7828 67.0
7829 67.0
7830 67.0
7831 67.0
7832 67.0
7833 67.0
7834 67.0
7835 67.0
7836 67.0
7837 67.0
7838 67.0
7839 67.0
7840 67.0
7841 67.0
7842 67.0
7843 67.0
7844 67.0
7845 67.0
7846 67.0
7847 67.0
7848 67.0
7849 67.0
7850 67.0
7851 67.0
7852 67.0
7853 67.0
7854 67.0
7855 67.0
7856 67.0
7857 67.0
7858 67.0
7859 67.0
7860 67.0
7861 67.0
7862 67.0
7863 67.0
7864 67.0
7865 67.0
7866 67.0
7867 67.0
7868 67.0
7869 67.0
7870 67.0
7871 67.0
7872 67.0
7873 67.0
7874 67.0
7875 67.0
7876 67.0
7877 67.0
7878 67.0
7879 67.0
7880 67.0
7881 67.0
7882 67.0
7883 67.0
7884 67.0
7885 67.0
7886 67.0
7887 67.0
7888 67.0
7889 67.0
7890 67.0
7891 67.0
7892 67.0
7893 67.0
7894 67.0
7895 67.0
7896 67.0
7897 67.0
7898 67.0
7899 67.0
7900 67.0
7901 67.0
7902 67.0
7903 67.0
7904 67.0
7905 67.0
7906 67.0
7907 67.0
7908 67.0
7909 67.0
7910 67.0
7911 67.0
7912 67.0
7913 67.0
7914 67.0
7915 67.0
7916 67.0
7917 67.0
7918 67.0
7919 67.0
7920 67.0
7921 67.0
7922 67.0
7923 67.0
7924 67.0
7925 67.0
7926 67.0
7927 67.0
7928 67.0
7929 67.0
7930 67.0
7931 67.0
7932 67.0
7933 67.0
7934 67.0
7935 67.0
7936 67.0
7937 67.0
7938 67.0
7939 67.0
7940 67.0
7941 67.0
7942 67.0
7943 67.0
7944 67.0
7945 67.0
7946 67.0
7947 67.0
7948 67.0
7949 67.0
7950 67.0
7951 67.0
7952 67.0
7953 67.0
7954 67.0
7955 67.0
7956 67.0
7957 67.0
7958 67.0
7959 67.0
7960 67.0
7961 67.0
7962 67.0
7963 67.0
7964 67.0
7965 67.0
7966 67.0
7967 67.0
7968 67.0
7969 67.0
7970 67.0
7971 67.0
7972 67.0
7973 67.0
7974 67.0
7975 67.0
7976 67.0
7977 67.0
7978 67.0
7979 67.0
7980 67.0
7981 67.0
7982 67.0
7983 67.0
7984 67.0
7985 67.0
7986 67.0
7987 67.0
7988 67.0
7989 67.0
7990 67.0
7991 67.0
7992 67.0
7993 67.0
7994 67.0
7995 67.0
7996 67.0
7997 67.0
7998 67.0
7999 67.0
8000 67.0
8001 67.0
8002 67.0
8003 67.0
8004 67.0
8005 67.0
8006 67.0
8007 67.0
8008 67.0
8009 67.0
8010 67.0
8011 67.0
8012 67.0
8013 67.0
8014 67.0
8015 67.0
8016 67.0
8017 67.0
8018 67.0
8019 67.0
8020 67.0
8021 67.0
8022 67.0
8023 67.0
8024 67.0
8025 67.0
8026 67.0
8027 67.0
8028 67.0
8029 67.0
8030 67.0
8031 67.0
8032 67.0
8033 67.0
8034 67.0
8035 67.0
8036 67.0
8037 67.0
8038 67.0
8039 67.0
8040 67.0
8041 67.0
8042 67.0
8043 67.0
8044 67.0
8045 67.0
8046 67.0
8047 67.0
8048 67.0
8049 67.0
8050 67.0
8051 67.0
8052 67.0
8053 67.0
8054 67.0
8055 67.0
8056 67.0
8057 67.0
8058 67.0
8059 67.0
8060 67.0
8061 67.0
8062 67.0
8063 67.0
8064 67.0
8065 67.0
8066 67.0
8067 67.0
8068 67.0
8069 67.0
8070 67.0
8071 67.0
8072 67.0
8073 67.0
8074 67.0
8075 67.0
8076 67.0
8077 67.0
8078 67.0
8079 67.0
8080 67.0
8081 67.0
8082 67.0
8083 67.0
8084 67.0
8085 67.0
8086 67.0
8087 67.0
8088 67.0
8089 67.0
8090 67.0
8091 67.0
8092 67.0
8093 67.0
8094 67.0
8095 67.0
8096 67.0
8097 67.0
8098 67.0
8099 67.0
8100 67.0
8101 67.0
8102 67.0
8103 67.0
8104 67.0
8105 67.0
8106 67.0
8107 67.0
8108 67.0
8109 67.0
8110 67.0
8111 67.0
8112 67.0
8113 67.0
8114 67.0
8115 67.0
8116 67.0
8117 67.0
8118 67.0
8119 67.0
8120 67.0
8121 67.0
8122 67.0
8123 67.0
8124 67.0
8125 67.0
8126 67.0
8127 67.0
8128 67.0
8129 67.0
8130 67.0
8131 67.0
8132 67.0
8133 67.0
8134 67.0
8135 67.0
8136 67.0
8137 67.0
8138 67.0
8139 67.0
8140 67.0
8141 67.0
8142 67.0
8143 67.0
8144 67.0
8145 67.0
8146 67.0
8147 67.0
8148 67.0
8149 67.0
8150 67.0
8151 67.0
8152 67.0
8153 67.0
8154 67.0
8155 67.0
8156 67.0
8157 67.0
8158 67.0
8159 67.0
8160 67.0
8161 67.0
8162 67.0
8163 67.0
8164 67.0
8165 67.0
8166 67.0
8167 67.0
8168 67.0
8169 67.0
8170 67.0
8171 67.0
8172 67.0
8173 67.0
8174 67.0
8175 67.0
8176 67.0
8177 67.0
8178 67.0
8179 67.0
8180 67.0
8181 67.0
8182 67.0
8183 67.0
8184 67.0
8185 67.0
8186 67.0
8187 67.0
8188 67.0
8189 67.0
8190 67.0
8191 67.0
8192 67.0
8193 67.0
8194 67.0
8195 67.0
8196 67.0
8197 67.0
8198 67.0
8199 67.0
8200 67.0
8201 67.0
8202 67.0
8203 67.0
8204 67.0
8205 67.0
8206 67.0
8207 67.0
8208 67.0
8209 67.0
8210 67.0
8211 67.0
8212 67.0
8213 67.0
8214 67.0
8215 67.0
8216 67.0
8217 67.0
8218 67.0
8219 67.0
8220 67.0
8221 67.0
8222 67.0
8223 67.0
8224 67.0
8225 67.0
8226 67.0
8227 67.0
8228 67.0
8229 67.0
8230 67.0
8231 67.0
8232 67.0
8233 67.0
8234 67.0
8235 67.0
8236 67.0
8237 67.0
8238 67.0
8239 67.0
8240 67.0
8241 67.0
8242 67.0
8243 67.0
8244 67.0
8245 67.0
8246 67.0
8247 67.0
8248 67.0
8249 67.0
8250 67.0
8251 67.0
8252 67.0
8253 67.0
8254 67.0
8255 67.0
8256 67.0
8257 67.0
8258 67.0
8259 67.0
8260 67.0
8261 67.0
8262 67.0
8263 67.0
8264 67.0
8265 67.0
8266 67.0
8267 67.0
8268 67.0
8269 67.0
8270 67.0
8271 67.0
8272 67.0
8273 67.0
8274 67.0
8275 67.0
8276 67.0
8277 67.0
8278 67.0
8279 67.0
8280 67.0
8281 67.0
8282 67.0
8283 67.0
8284 67.0
8285 67.0
8286 67.0
8287 67.0
8288 67.0
8289 67.0
8290 67.0
8291 67.0
8292 67.0
8293 67.0
8294 67.0
8295 67.0
8296 67.0
8297 67.0
8298 67.0
8299 67.0
8300 67.0
8301 67.0
8302 67.0
8303 67.0
8304 67.0
8305 67.0
8306 67.0
8307 67.0
8308 67.0
8309 67.0
8310 67.0
8311 67.0
8312 67.0
8313 67.0
8314 67.0
8315 67.0
8316 67.0
8317 67.0
8318 67.0
8319 67.0
8320 67.0
8321 67.0
8322 67.0
8323 67.0
8324 67.0
8325 67.0
8326 67.0
8327 67.0
8328 67.0
8329 67.0
8330 67.0
8331 67.0
8332 67.0
8333 67.0
8334 67.0
8335 67.0
8336 67.0
8337 67.0
8338 67.0
8339 67.0
8340 67.0
8341 67.0
8342 67.0
8343 67.0
8344 67.0
8345 67.0
8346 67.0
8347 67.0
8348 67.0
8349 67.0
8350 67.0
8351 67.0
8352 67.0
8353 67.0
8354 67.0
8355 67.0
8356 67.0
8357 67.0
8358 67.0
8359 67.0
8360 67.0
8361 67.0
8362 67.0
8363 67.0
8364 67.0
8365 67.0
8366 67.0
8367 67.0
8368 67.0
8369 67.0
8370 67.0
8371 67.0
8372 67.0
8373 67.0
8374 67.0
8375 67.0
8376 67.0
8377 67.0
8378 67.0
8379 67.0
8380 67.0
8381 67.0
8382 67.0
8383 67.0
8384 67.0
8385 67.0
8386 67.0
8387 67.0
8388 67.0
8389 67.0
8390 67.0
8391 67.0
8392 67.0
8393 67.0
8394 67.0
8395 67.0
8396 67.0
8397 67.0
8398 67.0
8399 67.0
8400 67.0
8401 67.0
8402 67.0
8403 67.0
8404 67.0
8405 67.0
8406 67.0
8407 67.0
8408 67.0
8409 67.0
8410 67.0
8411 67.0
8412 67.0
8413 67.0
8414 67.0
8415 67.0
8416 67.0
8417 67.0
8418 67.0
8419 67.0
8420 67.0
8421 67.0
8422 67.0
8423 67.0
8424 67.0
8425 67.0
8426 67.0
8427 67.0
8428 67.0
8429 67.0
8430 67.0
8431 67.0
8432 67.0
8433 67.0
8434 67.0
8435 67.0
8436 67.0
8437 67.0
8438 67.0
8439 67.0
8440 67.0
8441 67.0
8442 67.0
8443 67.0
8444 67.0
8445 67.0
8446 67.0
8447 67.0
8448 67.0
8449 67.0
8450 67.0
8451 67.0
8452 67.0
8453 67.0
8454 67.0
8455 67.0
8456 67.0
8457 67.0
8458 67.0
8459 67.0
8460 67.0
8461 67.0
8462 67.0
8463 67.0
8464 67.0
8465 67.0
8466 67.0
8467 67.0
8468 67.0
8469 67.0
8470 67.0
8471 67.0
8472 67.0
8473 67.0
8474 67.0
8475 67.0
8476 67.0
8477 67.0
8478 67.0
8479 67.0
8480 67.0
8481 67.0
8482 67.0
8483 67.0
8484 67.0
8485 67.0
8486 67.0
8487 67.0
8488 67.0
8489 67.0
8490 67.0
8491 67.0
8492 67.0
8493 67.0
8494 67.0
8495 67.0
8496 67.0
8497 67.0
8498 67.0
8499 67.0
8500 67.0
8501 67.0
8502 67.0
8503 67.0
8504 67.0
8505 67.0
8506 67.0
8507 67.0
8508 67.0
8509 67.0
8510 67.0
8511 67.0
8512 67.0
8513 67.0
8514 67.0
8515 67.0
8516 67.0
8517 67.0
8518 67.0
8519 67.0
8520 67.0
8521 67.0
8522 67.0
8523 67.0
8524 67.0
8525 67.0
8526 67.0
8527 67.0
8528 67.0
8529 67.0
8530 67.0
8531 67.0
8532 67.0
8533 67.0
8534 67.0
8535 67.0
8536 67.0
8537 67.0
8538 67.0
8539 67.0
8540 67.0
8541 67.0
8542 67.0
8543 67.0
8544 67.0
8545 67.0
8546 67.0
8547 67.0
8548 67.0
8549 67.0
8550 67.0
8551 67.0
8552 67.0
8553 67.0
8554 67.0
8555 67.0
8556 67.0
8557 67.0
8558 67.0
8559 67.0
8560 67.0
8561 67.0
8562 67.0
8563 67.0
8564 67.0
8565 67.0
8566 67.0
8567 67.0
8568 67.0
8569 67.0
8570 67.0
8571 67.0
8572 67.0
8573 67.0
8574 67.0
8575 67.0
8576 67.0
8577 67.0
8578 67.0
8579 67.0
8580 67.0
8581 67.0
8582 67.0
8583 67.0
8584 67.0
8585 67.0
8586 67.0
8587 67.0
8588 67.0
8589 67.0
8590 67.0
8591 67.0
8592 67.0
8593 67.0
8594 67.0
8595 67.0
8596 67.0
8597 67.0
8598 67.0
8599 67.0
8600 67.0
8601 67.0
8602 67.0
8603 67.0
8604 67.0
8605 67.0
8606 67.0
8607 67.0
8608 67.0
8609 67.0
8610 67.0
8611 67.0
8612 67.0
8613 67.0
8614 67.0
8615 67.0
8616 67.0
8617 67.0
8618 67.0
8619 67.0
8620 67.0
8621 67.0
8622 67.0
8623 67.0
8624 67.0
8625 67.0
8626 67.0
8627 67.0
8628 67.0
8629 67.0
8630 67.0
8631 67.0
8632 67.0
8633 67.0
8634 67.0
8635 67.0
8636 67.0
8637 67.0
8638 67.0
8639 67.0
8640 67.0
8641 67.0
8642 67.0
8643 67.0
8644 67.0
8645 67.0
8646 67.0
8647 67.0
8648 67.0
8649 67.0
8650 67.0
8651 67.0
8652 67.0
8653 67.0
8654 67.0
8655 67.0
8656 67.0
8657 67.0
8658 67.0
8659 67.0
8660 67.0
8661 67.0
8662 67.0
8663 67.0
8664 67.0
8665 67.0
8666 67.0
8667 67.0
8668 67.0
8669 67.0
8670 67.0
8671 67.0
8672 67.0
8673 67.0
8674 67.0
8675 67.0
8676 67.0
8677 67.0
8678 67.0
8679 67.0
8680 67.0
8681 67.0
8682 67.0
8683 67.0
8684 67.0
8685 67.0
8686 67.0
8687 67.0
8688 67.0
8689 67.0
8690 67.0
8691 67.0
8692 67.0
8693 67.0
8694 67.0
8695 67.0
8696 67.0
8697 67.0
8698 67.0
8699 67.0
8700 67.0
8701 67.0
8702 67.0
8703 67.0
8704 67.0
8705 67.0
8706 67.0
8707 67.0
8708 67.0
8709 67.0
8710 67.0
8711 67.0
8712 67.0
8713 67.0
8714 67.0
8715 67.0
8716 67.0
8717 67.0
8718 67.0
8719 67.0
8720 67.0
8721 67.0
8722 67.0
8723 67.0
8724 67.0
8725 67.0
8726 67.0
8727 67.0
8728 67.0
8729 67.0
8730 67.0
8731 67.0
8732 67.0
8733 67.0
8734 67.0
8735 67.0
8736 67.0
8737 67.0
8738 67.0
8739 67.0
8740 67.0
8741 67.0
8742 67.0
8743 67.0
8744 67.0
8745 67.0
8746 67.0
8747 67.0
8748 67.0
8749 67.0
8750 67.0
8751 67.0
8752 67.0
8753 67.0
8754 67.0
8755 67.0
8756 67.0
8757 67.0
8758 67.0
8759 67.0
8760 67.0
8761 67.0
8762 67.0
8763 67.0
8764 67.0
8765 67.0
8766 67.0
8767 67.0
8768 67.0
8769 67.0
8770 67.0
8771 67.0
8772 67.0
8773 67.0
8774 67.0
8775 67.0
8776 67.0
8777 67.0
8778 67.0
8779 67.0
8780 67.0
8781 67.0
8782 67.0
8783 67.0
8784 67.0
8785 67.0
8786 67.0
8787 67.0
8788 67.0
8789 67.0
8790 67.0
8791 67.0
8792 67.0
8793 67.0
8794 67.0
8795 67.0
8796 67.0
8797 67.0
8798 67.0
8799 67.0
8800 67.0
8801 67.0
8802 67.0
8803 67.0
8804 67.0
8805 67.0
8806 67.0
8807 67.0
8808 67.0
8809 67.0
8810 67.0
8811 67.0
8812 67.0
8813 67.0
8814 67.0
8815 67.0
8816 67.0
8817 67.0
8818 67.0
8819 67.0
8820 67.0
8821 67.0
8822 67.0
8823 67.0
8824 67.0
8825 67.0
8826 67.0
8827 67.0
8828 67.0
8829 67.0
8830 67.0
8831 67.0
8832 67.0
8833 67.0
8834 67.0
8835 67.0
8836 67.0
8837 67.0
8838 67.0
8839 67.0
8840 67.0
8841 67.0
8842 67.0
8843 67.0
8844 67.0
8845 67.0
8846 67.0
8847 67.0
8848 67.0
8849 67.0
8850 67.0
8851 67.0
8852 67.0
8853 67.0
8854 67.0
8855 67.0
8856 67.0
8857 67.0
8858 67.0
8859 67.0
8860 67.0
8861 67.0
8862 67.0
8863 67.0
8864 67.0
8865 67.0
8866 67.0
8867 67.0
8868 67.0
8869 67.0
8870 67.0
8871 67.0
8872 67.0
8873 67.0
8874 67.0
8875 67.0
8876 67.0
8877 67.0
8878 67.0
8879 67.0
8880 67.0
8881 67.0
8882 67.0
8883 67.0
8884 67.0
8885 67.0
8886 67.0
8887 67.0
8888 67.0
8889 67.0
8890 67.0
8891 67.0
8892 67.0
8893 67.0
8894 67.0
8895 67.0
8896 67.0
8897 67.0
8898 67.0
8899 67.0
8900 67.0
8901 67.0
8902 67.0
8903 67.0
8904 67.0
8905 67.0
8906 67.0
8907 67.0
8908 67.0
8909 67.0
8910 67.0
8911 67.0
8912 67.0
8913 67.0
8914 67.0
8915 67.0
8916 67.0
8917 67.0
8918 67.0
8919 67.0
8920 67.0
8921 67.0
8922 67.0
8923 67.0
8924 67.0
8925 67.0
8926 67.0
8927 67.0
8928 67.0
8929 67.0
8930 67.0
8931 67.0
8932 67.0
8933 67.0
8934 67.0
8935 67.0
8936 67.0
8937 67.0
8938 67.0
8939 67.0
8940 67.0
8941 67.0
8942 67.0
8943 67.0
8944 67.0
8945 67.0
8946 67.0
8947 67.0
8948 67.0
8949 67.0
8950 67.0
8951 67.0
8952 67.0
8953 67.0
8954 67.0
8955 67.0
8956 67.0
8957 67.0
8958 67.0
8959 67.0
8960 67.0
8961 67.0
8962 67.0
8963 67.0
8964 67.0
8965 67.0
8966 67.0
8967 67.0
8968 67.0
8969 67.0
8970 67.0
8971 67.0
8972 67.0
8973 67.0
8974 67.0
8975 67.0
8976 67.0
8977 67.0
8978 67.0
8979 67.0
8980 67.0
8981 67.0
8982 67.0
8983 67.0
8984 67.0
8985 67.0
8986 67.0
8987 67.0
8988 67.0
8989 67.0
8990 67.0
8991 67.0
8992 67.0
8993 67.0
8994 67.0
8995 67.0
8996 67.0
8997 67.0
8998 67.0
8999 67.0
9000 67.0
9001 67.0
9002 67.0
9003 67.0
9004 67.0
9005 67.0
9006 67.0
9007 67.0
9008 67.0
9009 67.0
9010 67.0
9011 67.0
9012 67.0
9013 67.0
9014 67.0
9015 67.0
9016 67.0
9017 67.0
9018 67.0
9019 67.0
9020 67.0
9021 67.0
9022 67.0
9023 67.0
9024 67.0
9025 67.0
9026 67.0
9027 67.0
9028 67.0
9029 67.0
9030 67.0
9031 67.0
9032 67.0
9033 67.0
9034 67.0
9035 67.0
9036 67.0
9037 67.0
9038 67.0
9039 67.0
9040 67.0
9041 67.0
9042 67.0
9043 67.0
9044 67.0
9045 67.0
9046 67.0
9047 67.0
9048 67.0
9049 67.0
9050 67.0
9051 67.0
9052 67.0
9053 67.0
9054 67.0
9055 67.0
9056 67.0
9057 67.0
9058 67.0
9059 67.0
9060 67.0
9061 67.0
9062 67.0
9063 67.0
9064 67.0
9065 67.0
9066 67.0
9067 67.0
9068 67.0
9069 67.0
9070 67.0
9071 67.0
9072 67.0
9073 67.0
9074 67.0
9075 67.0
9076 67.0
9077 67.0
9078 67.0
9079 67.0
9080 67.0
9081 67.0
9082 67.0
9083 67.0
9084 67.0
9085 67.0
9086 67.0
9087 67.0
9088 67.0
9089 67.0
9090 67.0
9091 67.0
9092 67.0
9093 67.0
9094 67.0
9095 67.0
9096 67.0
9097 67.0
9098 67.0
9099 67.0
9100 67.0
9101 67.0
9102 67.0
9103 67.0
9104 67.0
9105 67.0
9106 67.0
9107 67.0
9108 67.0
9109 67.0
9110 67.0
9111 67.0
9112 67.0
9113 67.0
9114 67.0
9115 67.0
9116 67.0
9117 67.0
9118 67.0
9119 67.0
9120 67.0
9121 67.0
9122 67.0
9123 67.0
9124 67.0
9125 67.0
9126 67.0
9127 67.0
9128 67.0
9129 67.0
9130 67.0
9131 67.0
9132 67.0
9133 67.0
9134 67.0
9135 67.0
9136 67.0
9137 67.0
9138 67.0
9139 67.0
9140 67.0
9141 67.0
9142 67.0
9143 67.0
9144 67.0
9145 67.0
9146 67.0
9147 67.0
9148 67.0
9149 67.0
9150 67.0
9151 67.0
9152 67.0
9153 67.0
9154 67.0
9155 67.0
9156 67.0
9157 67.0
9158 67.0
9159 67.0
9160 67.0
9161 67.0
9162 67.0
9163 67.0
9164 67.0
9165 67.0
9166 67.0
9167 67.0
9168 67.0
9169 67.0
9170 67.0
9171 67.0
9172 67.0
9173 67.0
9174 67.0
9175 67.0
9176 67.0
9177 67.0
9178 67.0
9179 67.0
9180 67.0
9181 67.0
9182 67.0
9183 67.0
9184 67.0
9185 67.0
9186 67.0
9187 67.0
9188 67.0
9189 67.0
9190 67.0
9191 67.0
9192 67.0
9193 67.0
9194 67.0
9195 67.0
9196 67.0
9197 67.0
9198 67.0
9199 67.0
9200 67.0
9201 67.0
9202 67.0
9203 67.0
9204 67.0
9205 67.0
9206 67.0
9207 67.0
9208 67.0
9209 67.0
9210 67.0
9211 67.0
9212 67.0
9213 67.0
9214 67.0
9215 67.0
9216 67.0
9217 67.0
9218 67.0
9219 67.0
9220 67.0
9221 67.0
9222 67.0
9223 67.0
9224 67.0
9225 67.0
9226 67.0
9227 67.0
9228 67.0
9229 67.0
9230 67.0
9231 67.0
9232 67.0
9233 67.0
9234 67.0
9235 67.0
9236 67.0
9237 67.0
9238 67.0
9239 67.0
9240 67.0
9241 67.0
9242 67.0
9243 67.0
9244 67.0
9245 67.0
9246 67.0
9247 67.0
9248 67.0
9249 67.0
9250 67.0
9251 67.0
9252 67.0
9253 67.0
9254 67.0
9255 67.0
9256 67.0
9257 67.0
9258 67.0
9259 67.0
9260 67.0
9261 67.0
9262 67.0
9263 67.0
9264 67.0
9265 67.0
9266 67.0
9267 67.0
9268 67.0
9269 67.0
9270 67.0
9271 67.0
9272 67.0
9273 67.0
9274 67.0
9275 67.0
9276 67.0
9277 67.0
9278 67.0
9279 67.0
9280 67.0
9281 67.0
9282 67.0
9283 67.0
9284 67.0
9285 67.0
9286 67.0
9287 67.0
9288 67.0
9289 67.0
9290 67.0
9291 67.0
9292 67.0
9293 67.0
9294 67.0
9295 67.0
9296 67.0
9297 67.0
9298 67.0
9299 67.0
9300 67.0
9301 67.0
9302 67.0
9303 67.0
9304 67.0
9305 67.0
9306 67.0
9307 67.0
9308 67.0
9309 67.0
9310 67.0
9311 67.0
9312 67.0
9313 67.0
9314 67.0
9315 67.0
9316 67.0
9317 67.0
9318 67.0
9319 67.0
9320 67.0
9321 67.0
9322 67.0
9323 67.0
9324 67.0
9325 67.0
9326 67.0
9327 67.0
9328 67.0
9329 67.0
9330 67.0
9331 67.0
9332 67.0
9333 67.0
9334 67.0
9335 67.0
9336 67.0
9337 67.0
9338 67.0
9339 67.0
9340 67.0
9341 67.0
9342 67.0
9343 67.0
9344 67.0
9345 67.0
9346 67.0
9347 67.0
9348 67.0
9349 67.0
9350 67.0
9351 67.0
9352 67.0
9353 67.0
9354 67.0
9355 67.0
9356 67.0
9357 67.0
9358 67.0
9359 67.0
9360 67.0
9361 67.0
9362 67.0
9363 67.0
9364 67.0
9365 67.0
9366 67.0
9367 67.0
9368 67.0
9369 67.0
9370 67.0
9371 67.0
9372 67.0
9373 67.0
9374 67.0
9375 67.0
9376 67.0
9377 67.0
9378 67.0
9379 67.0
9380 67.0
9381 67.0
9382 67.0
9383 67.0
9384 67.0
9385 67.0
9386 67.0
9387 67.0
9388 67.0
9389 67.0
9390 67.0
9391 67.0
9392 67.0
9393 67.0
9394 67.0
9395 67.0
9396 67.0
9397 67.0
9398 67.0
9399 67.0
9400 67.0
9401 67.0
9402 67.0
9403 67.0
9404 67.0
9405 67.0
9406 67.0
9407 67.0
9408 67.0
9409 67.0
9410 67.0
9411 67.0
9412 67.0
9413 67.0
9414 67.0
9415 67.0
9416 67.0
9417 67.0
9418 67.0
9419 67.0
9420 67.0
9421 67.0
9422 67.0
9423 67.0
9424 67.0
9425 67.0
9426 67.0
9427 67.0
9428 67.0
9429 67.0
9430 67.0
9431 67.0
9432 67.0
9433 67.0
9434 67.0
9435 67.0
9436 67.0
9437 67.0
9438 67.0
9439 67.0
9440 67.0
9441 67.0
9442 67.0
9443 67.0
9444 67.0
9445 67.0
9446 67.0
9447 67.0
9448 67.0
9449 67.0
9450 67.0
9451 67.0
9452 67.0
9453 67.0
9454 67.0
9455 67.0
9456 67.0
9457 67.0
9458 67.0
9459 67.0
9460 67.0
9461 67.0
9462 67.0
9463 67.0
9464 67.0
9465 67.0
9466 67.0
9467 67.0
9468 67.0
9469 67.0
9470 67.0
9471 67.0
9472 67.0
9473 67.0
9474 67.0
9475 67.0
9476 67.0
9477 67.0
9478 67.0
9479 67.0
9480 67.0
9481 67.0
9482 67.0
9483 67.0
9484 67.0
9485 67.0
9486 67.0
9487 67.0
9488 67.0
9489 67.0
9490 67.0
9491 67.0
9492 67.0
9493 67.0
9494 67.0
9495 67.0
9496 67.0
9497 67.0
9498 67.0
9499 67.0
9500 67.0
9501 67.0
9502 67.0
9503 67.0
9504 67.0
9505 67.0
9506 67.0
9507 67.0
9508 67.0
9509 67.0
9510 67.0
9511 67.0
9512 67.0
9513 67.0
9514 67.0
9515 67.0
9516 67.0
9517 67.0
9518 67.0
9519 67.0
9520 67.0
9521 67.0
9522 67.0
9523 67.0
9524 67.0
9525 67.0
9526 67.0
9527 67.0
9528 67.0
9529 67.0
9530 67.0
9531 67.0
9532 67.0
9533 67.0
9534 67.0
9535 67.0
9536 67.0
9537 67.0
9538 67.0
9539 67.0
9540 67.0
9541 67.0
9542 67.0
9543 67.0
9544 67.0
9545 67.0
9546 67.0
9547 67.0
9548 67.0
9549 67.0
9550 67.0
9551 67.0
9552 67.0
9553 67.0
9554 67.0
9555 67.0
9556 67.0
9557 67.0
9558 67.0
9559 67.0
9560 67.0
9561 67.0
9562 67.0
9563 67.0
9564 67.0
9565 67.0
9566 67.0
9567 67.0
9568 67.0
9569 67.0
9570 67.0
9571 67.0
9572 67.0
9573 67.0
9574 67.0
9575 67.0
9576 67.0
9577 67.0
9578 67.0
9579 67.0
9580 67.0
9581 67.0
9582 67.0
9583 67.0
9584 67.0
9585 67.0
9586 67.0
9587 67.0
9588 67.0
9589 67.0
9590 67.0
9591 67.0
9592 67.0
9593 67.0
9594 67.0
9595 67.0
9596 67.0
9597 67.0
9598 67.0
9599 67.0
9600 67.0
9601 67.0
9602 67.0
9603 67.0
9604 67.0
9605 67.0
9606 67.0
9607 67.0
9608 67.0
9609 67.0
9610 67.0
9611 67.0
9612 67.0
9613 67.0
9614 67.0
9615 67.0
9616 67.0
9617 67.0
9618 67.0
9619 67.0
9620 67.0
9621 67.0
9622 67.0
9623 67.0
9624 67.0
9625 67.0
9626 67.0
9627 67.0
9628 67.0
9629 67.0
9630 67.0
9631 67.0
9632 67.0
9633 67.0
9634 67.0
9635 67.0
9636 67.0
9637 67.0
9638 67.0
9639 67.0
9640 67.0
9641 67.0
9642 67.0
9643 67.0
9644 67.0
9645 67.0
9646 67.0
9647 67.0
9648 67.0
9649 67.0
9650 67.0
9651 67.0
9652 67.0
9653 67.0
9654 67.0
9655 67.0
9656 67.0
9657 67.0
9658 67.0
9659 67.0
9660 67.0
9661 67.0
9662 67.0
9663 67.0
9664 67.0
9665 67.0
9666 67.0
9667 67.0
9668 67.0
9669 67.0
9670 67.0
9671 67.0
9672 67.0
9673 67.0
9674 67.0
9675 67.0
9676 67.0
9677 67.0
9678 67.0
9679 67.0
9680 67.0
9681 67.0
9682 67.0
9683 67.0
9684 67.0
9685 67.0
9686 67.0
9687 67.0
9688 67.0
9689 67.0
9690 67.0
9691 67.0
9692 67.0
9693 67.0
9694 67.0
9695 67.0
9696 67.0
9697 67.0
9698 67.0
9699 67.0
9700 67.0
9701 67.0
9702 67.0
9703 67.0
9704 67.0
9705 67.0
9706 67.0
9707 67.0
9708 67.0
9709 67.0
9710 67.0
9711 67.0
9712 67.0
9713 67.0
9714 67.0
9715 67.0
9716 67.0
9717 67.0
9718 67.0
9719 67.0
9720 67.0
9721 67.0
9722 67.0
9723 67.0
9724 67.0
9725 67.0
9726 67.0
9727 67.0
9728 67.0
9729 67.0
9730 67.0
9731 67.0
9732 67.0
9733 67.0
9734 67.0
9735 67.0
9736 67.0
9737 67.0
9738 67.0
9739 67.0
9740 67.0
9741 67.0
9742 67.0
9743 67.0
9744 67.0
9745 67.0
9746 67.0
9747 67.0
9748 67.0
9749 67.0
9750 67.0
9751 67.0
9752 67.0
9753 67.0
9754 67.0
9755 67.0
9756 67.0
9757 67.0
9758 67.0
9759 67.0
9760 67.0
9761 67.0
9762 67.0
9763 67.0
9764 67.0
9765 67.0
9766 67.0
9767 67.0
9768 67.0
9769 67.0
9770 67.0
9771 67.0
9772 67.0
9773 67.0
9774 67.0
9775 67.0
9776 67.0
9777 67.0
9778 67.0
9779 67.0
9780 67.0
9781 67.0
9782 67.0
9783 67.0
9784 67.0
9785 67.0
9786 67.0
9787 67.0
9788 67.0
9789 67.0
9790 67.0
9791 67.0
9792 67.0
9793 67.0
9794 67.0
9795 67.0
9796 67.0
9797 67.0
9798 67.0
9799 67.0
9800 67.0
9801 67.0
9802 67.0
9803 67.0
9804 67.0
9805 67.0
9806 67.0
9807 67.0
9808 67.0
9809 67.0
9810 67.0
9811 67.0
9812 67.0
9813 67.0
9814 67.0
9815 67.0
9816 67.0
9817 67.0
9818 67.0
9819 67.0
9820 67.0
9821 67.0
9822 67.0
9823 67.0
9824 67.0
9825 67.0
9826 67.0
9827 67.0
9828 67.0
9829 67.0
9830 67.0
9831 67.0
9832 67.0
9833 67.0
9834 67.0
9835 67.0
9836 67.0
9837 67.0
9838 67.0
9839 67.0
9840 67.0
9841 67.0
9842 67.0
9843 67.0
9844 67.0
9845 67.0
9846 67.0
9847 67.0
9848 67.0
9849 67.0
9850 67.0
9851 67.0
9852 67.0
9853 67.0
9854 67.0
9855 67.0
9856 67.0
9857 67.0
9858 67.0
9859 67.0
9860 67.0
9861 67.0
9862 67.0
9863 67.0
9864 67.0
9865 67.0
9866 67.0
9867 67.0
9868 67.0
9869 67.0
9870 67.0
9871 67.0
9872 67.0
9873 67.0
9874 67.0
9875 67.0
9876 67.0
9877 67.0
9878 67.0
9879 67.0
9880 67.0
9881 67.0
9882 67.0
9883 67.0
9884 67.0
9885 67.0
9886 67.0
9887 67.0
9888 67.0
9889 67.0
9890 67.0
9891 67.0
9892 67.0
9893 67.0
9894 67.0
9895 67.0
9896 67.0
9897 67.0
9898 67.0
9899 67.0
9900 67.0
9901 67.0
9902 67.0
9903 67.0
9904 67.0
9905 67.0
9906 67.0
9907 67.0
9908 67.0
9909 67.0
9910 67.0
9911 67.0
9912 67.0
9913 67.0
9914 67.0
9915 67.0
9916 67.0
9917 67.0
9918 67.0
9919 67.0
9920 67.0
9921 67.0
9922 67.0
9923 67.0
9924 67.0
9925 67.0
9926 67.0
9927 67.0
9928 67.0
9929 67.0
9930 67.0
9931 67.0
9932 67.0
9933 67.0
9934 67.0
9935 67.0
9936 67.0
9937 67.0
9938 67.0
9939 67.0
9940 67.0
9941 67.0
9942 67.0
9943 67.0
9944 67.0
9945 67.0
9946 67.0
9947 67.0
9948 67.0
9949 67.0
9950 67.0
9951 67.0
9952 67.0
9953 67.0
9954 67.0
9955 67.0
9956 67.0
9957 67.0
9958 67.0
9959 67.0
9960 67.0
9961 67.0
9962 67.0
9963 67.0
9964 67.0
9965 67.0
9966 67.0
9967 67.0
9968 67.0
9969 67.0
9970 67.0
9971 67.0
9972 67.0
9973 67.0
9974 67.0
9975 67.0
9976 67.0
9977 67.0
9978 67.0
9979 67.0
9980 67.0
9981 67.0
9982 67.0
9983 67.0
9984 67.0
9985 67.0
9986 67.0
9987 67.0
9988 67.0
9989 67.0
9990 67.0
9991 67.0
9992 67.0
9993 67.0
9994 67.0
9995 67.0
9996 67.0
9997 67.0
9998 67.0
9999 67.0
10000 67.0
10001 67.0
10002 67.0
10003 67.0
10004 67.0
10005 67.0
10006 67.0
10007 67.0
10008 67.0
