evaluations raw_y
1 -212.0000000000
5 -200.0000000000
10 -195.0000000000
27 -192.0000000000
80 -189.0000000000
135 -188.0000000000
165 -179.0000000000
225 -173.0000000000
312 -170.0000000000
317 -167.0000000000
319 -164.0000000000
361 -158.0000000000
380 -152.0000000000
490 -151.0000000000
500 -148.0000000000
515 -146.0000000000
519 -144.0000000000
528 -139.0000000000
608 -137.0000000000
651 -132.0000000000
728 -127.0000000000
763 -123.0000000000
847 -121.0000000000
862 -118.0000000000
932 -116.0000000000
963 -115.0000000000
995 -114.0000000000
1006 -111.0000000000
1058 -109.0000000000
1059 -108.0000000000
1112 -105.0000000000
1115 -103.0000000000
1175 -100.0000000000
1186 -97.0000000000
1203 -92.0000000000
1297 -90.0000000000
1418 -88.0000000000
1425 -86.0000000000
1479 -84.0000000000
1505 -83.0000000000
1515 -78.0000000000
1585 -76.0000000000
1640 -74.0000000000
1712 -73.0000000000
1721 -72.0000000000
1762 -70.0000000000
1832 -63.0000000000
1915 -61.0000000000
1952 -59.0000000000
1969 -58.0000000000
2052 -53.0000000000
2060 -52.0000000000
2163 -49.0000000000
2315 -45.0000000000
2517 -43.0000000000
2581 -42.0000000000
2626 -41.0000000000
2656 -39.0000000000
2809 -37.0000000000
2832 -36.0000000000
3012 -33.0000000000
3088 -32.0000000000
3171 -31.0000000000
3224 -29.0000000000
3359 -28.0000000000
3403 -27.0000000000
3516 -26.0000000000
3536 -25.0000000000
3697 -24.0000000000
3734 -23.0000000000
3767 -22.0000000000
4074 -20.0000000000
4238 -19.0000000000
4263 -18.0000000000
4395 -17.0000000000
4535 -15.0000000000
4570 -14.0000000000
4789 -13.0000000000
4809 -11.0000000000
4983 -9.0000000000
5103 -8.0000000000
5224 -7.0000000000
5352 -6.0000000000
5517 -5.0000000000
5775 -4.0000000000
5870 -3.0000000000
5993 -1.0000000000
6344 387.0000000000
6508 388.0000000000
6590 389.0000000000
6659 392.0000000000
6827 396.0000000000
7114 399.0000000000
7539 400.0000000000
7591 401.0000000000
7660 402.0000000000
7704 407.0000000000
8958 408.0000000000
9205 409.0000000000
9970 414.0000000000
10584 416.0000000000
10592 417.0000000000
10737 418.0000000000
11082 420.0000000000
11322 421.0000000000
11604 425.0000000000
12030 427.0000000000
12720 429.0000000000
12804 432.0000000000
13065 433.0000000000
21814 435.0000000000
23429 436.0000000000
25565 437.0000000000
49327 438.0000000000
52169 440.0000000000
60558 441.0000000000
60697 442.0000000000
100000 -1.0000000000
evaluations raw_y
1 -198.0000000000
31 -197.0000000000
35 -182.0000000000
106 -181.0000000000
108 -179.0000000000
116 -177.0000000000
155 -158.0000000000
316 -155.0000000000
357 -154.0000000000
397 -152.0000000000
409 -145.0000000000
463 -142.0000000000
506 -141.0000000000
519 -139.0000000000
576 -137.0000000000
595 -135.0000000000
615 -133.0000000000
636 -132.0000000000
648 -131.0000000000
689 -126.0000000000
725 -120.0000000000
859 -118.0000000000
861 -117.0000000000
914 -114.0000000000
927 -111.0000000000
953 -110.0000000000
1036 -109.0000000000
1053 -108.0000000000
1059 -106.0000000000
1107 -104.0000000000
1158 -103.0000000000
1205 -101.0000000000
1223 -100.0000000000
1256 -99.0000000000
1268 -97.0000000000
1317 -92.0000000000
1415 -91.0000000000
1439 -90.0000000000
1502 -89.0000000000
1602 -86.0000000000
1620 -81.0000000000
1701 -79.0000000000
1851 -75.0000000000
1983 -74.0000000000
1987 -73.0000000000
2034 -70.0000000000
2042 -69.0000000000
2133 -68.0000000000
2136 -66.0000000000
2159 -65.0000000000
2208 -60.0000000000
2310 -59.0000000000
2416 -58.0000000000
2455 -56.0000000000
2595 -55.0000000000
2619 -54.0000000000
2623 -52.0000000000
2698 -51.0000000000
2702 -50.0000000000
2799 -49.0000000000
2895 -48.0000000000
2948 -47.0000000000
2989 -46.0000000000
3113 -43.0000000000
3243 -41.0000000000
3265 -40.0000000000
3355 -39.0000000000
3398 -38.0000000000
3434 -36.0000000000
3443 -35.0000000000
3586 -34.0000000000
3600 -33.0000000000
3754 -31.0000000000
3759 -30.0000000000
3814 -29.0000000000
3815 -27.0000000000
3963 -25.0000000000
4066 -24.0000000000
4115 -23.0000000000
4315 -21.0000000000
4462 -20.0000000000
4481 -19.0000000000
4640 -18.0000000000
4645 -17.0000000000
4854 -15.0000000000
5028 -13.0000000000
5211 -11.0000000000
5242 -10.0000000000
5265 -9.0000000000
5378 -8.0000000000
5471 -7.0000000000
5526 -5.0000000000
5607 -4.0000000000
5961 -3.0000000000
6071 -1.0000000000
6152 368.0000000000
6207 377.0000000000
6598 383.0000000000
6709 392.0000000000
6818 399.0000000000
6885 400.0000000000
7335 412.0000000000
7940 413.0000000000
8281 416.0000000000
8798 417.0000000000
10183 418.0000000000
11797 420.0000000000
12056 424.0000000000
13397 426.0000000000
15530 427.0000000000
16961 428.0000000000
18681 429.0000000000
21377 430.0000000000
37927 432.0000000000
38532 433.0000000000
100000 -2.0000000000
evaluations raw_y
1 -223.0000000000
2 -216.0000000000
3 -200.0000000000
13 -190.0000000000
31 -181.0000000000
230 -179.0000000000
241 -177.0000000000
271 -165.0000000000
356 -162.0000000000
455 -155.0000000000
478 -152.0000000000
518 -142.0000000000
601 -137.0000000000
663 -136.0000000000
713 -133.0000000000
771 -131.0000000000
801 -126.0000000000
875 -123.0000000000
877 -122.0000000000
955 -121.0000000000
983 -119.0000000000
1040 -117.0000000000
1042 -116.0000000000
1051 -114.0000000000
1134 -113.0000000000
1170 -111.0000000000
1202 -108.0000000000
1231 -106.0000000000
1285 -105.0000000000
1349 -103.0000000000
1368 -100.0000000000
1403 -95.0000000000
1557 -94.0000000000
1559 -93.0000000000
1583 -90.0000000000
1610 -85.0000000000
1665 -83.0000000000
1757 -82.0000000000
1788 -81.0000000000
1809 -78.0000000000
1959 -77.0000000000
1976 -75.0000000000
1980 -72.0000000000
2092 -70.0000000000
2126 -69.0000000000
2301 -68.0000000000
2420 -67.0000000000
2463 -66.0000000000
2508 -65.0000000000
2560 -64.0000000000
2602 -63.0000000000
2681 -62.0000000000
2697 -60.0000000000
2743 -59.0000000000
2799 -58.0000000000
2819 -57.0000000000
2941 -56.0000000000
2988 -54.0000000000
3017 -52.0000000000
3166 -50.0000000000
3182 -49.0000000000
3229 -48.0000000000
3301 -47.0000000000
3476 -45.0000000000
3560 -44.0000000000
3661 -43.0000000000
3702 -42.0000000000
3842 -39.0000000000
3975 -38.0000000000
4008 -36.0000000000
4072 -35.0000000000
4179 -33.0000000000
4238 -30.0000000000
4401 -27.0000000000
4549 -26.0000000000
4600 -25.0000000000
4692 -23.0000000000
4840 -22.0000000000
5026 -21.0000000000
5079 -20.0000000000
5138 -19.0000000000
5207 -17.0000000000
5312 -15.0000000000
5403 -11.0000000000
5882 -10.0000000000
5915 -9.0000000000
6010 -8.0000000000
6315 -5.0000000000
6549 -4.0000000000
6605 -3.0000000000
6670 -2.0000000000
6842 -1.0000000000
6845 392.0000000000
6909 394.0000000000
7013 399.0000000000
7070 400.0000000000
7147 405.0000000000
7238 406.0000000000
7265 407.0000000000
7285 408.0000000000
7365 412.0000000000
7801 420.0000000000
11628 422.0000000000
16637 423.0000000000
16766 424.0000000000
16950 427.0000000000
20131 428.0000000000
48023 430.0000000000
48122 433.0000000000
98916 435.0000000000
100000 333.0000000000
evaluations raw_y
1 -225.0000000000
2 -210.0000000000
4 -208.0000000000
10 -204.0000000000
12 -191.0000000000
21 -179.0000000000
178 -176.0000000000
195 -173.0000000000
229 -172.0000000000
241 -156.0000000000
252 -153.0000000000
355 -152.0000000000
411 -140.0000000000
560 -135.0000000000
603 -132.0000000000
651 -129.0000000000
709 -128.0000000000
758 -127.0000000000
811 -126.0000000000
830 -124.0000000000
878 -123.0000000000
911 -121.0000000000
939 -120.0000000000
945 -119.0000000000
963 -118.0000000000
1042 -113.0000000000
1132 -111.0000000000
1143 -107.0000000000
1252 -103.0000000000
1326 -102.0000000000
1363 -100.0000000000
1431 -99.0000000000
1467 -98.0000000000
1488 -97.0000000000
1510 -93.0000000000
1578 -91.0000000000
1616 -90.0000000000
1657 -87.0000000000
1711 -86.0000000000
1727 -85.0000000000
1737 -82.0000000000
1813 -81.0000000000
1911 -80.0000000000
1922 -79.0000000000
1964 -78.0000000000
2064 -75.0000000000
2164 -74.0000000000
2172 -72.0000000000
2266 -70.0000000000
2326 -69.0000000000
2331 -68.0000000000
2334 -66.0000000000
2493 -64.0000000000
2540 -62.0000000000
2601 -59.0000000000
2706 -58.0000000000
2780 -57.0000000000
2857 -56.0000000000
2882 -55.0000000000
2918 -54.0000000000
2999 -53.0000000000
3051 -52.0000000000
3066 -51.0000000000
3163 -49.0000000000
3167 -48.0000000000
3334 -47.0000000000
3366 -46.0000000000
3409 -45.0000000000
3416 -44.0000000000
3513 -43.0000000000
3567 -42.0000000000
3611 -41.0000000000
3672 -40.0000000000
3675 -39.0000000000
3822 -37.0000000000
3907 -36.0000000000
3951 -34.0000000000
4056 -31.0000000000
4143 -29.0000000000
4166 -28.0000000000
4287 -27.0000000000
4359 -26.0000000000
4404 -25.0000000000
4410 -24.0000000000
4580 -22.0000000000
4695 -21.0000000000
4716 -19.0000000000
4951 -17.0000000000
5003 -16.0000000000
5201 -15.0000000000
5310 -14.0000000000
5510 -13.0000000000
5589 -12.0000000000
5648 -11.0000000000
5829 -10.0000000000
6026 -9.0000000000
6209 -8.0000000000
6311 -6.0000000000
6456 -5.0000000000
6480 -4.0000000000
6638 -3.0000000000
6784 -2.0000000000
7057 -1.0000000000
7062 371.0000000000
7501 374.0000000000
7705 377.0000000000
7803 378.0000000000
7911 383.0000000000
7998 391.0000000000
8071 402.0000000000
8722 403.0000000000
8874 405.0000000000
9275 410.0000000000
9490 413.0000000000
9506 416.0000000000
9769 418.0000000000
10298 424.0000000000
10626 426.0000000000
12279 428.0000000000
16688 429.0000000000
23453 430.0000000000
23639 431.0000000000
36730 432.0000000000
38980 434.0000000000
54551 435.0000000000
84783 436.0000000000
87360 437.0000000000
100000 425.0000000000
evaluations raw_y
1 -202.0000000000
6 -200.0000000000
51 -198.0000000000
81 -193.0000000000
86 -191.0000000000
107 -189.0000000000
153 -188.0000000000
161 -184.0000000000
180 -182.0000000000
239 -179.0000000000
257 -174.0000000000
334 -164.0000000000
381 -163.0000000000
386 -162.0000000000
429 -161.0000000000
464 -156.0000000000
553 -155.0000000000
573 -151.0000000000
587 -148.0000000000
642 -147.0000000000
644 -146.0000000000
661 -145.0000000000
685 -144.0000000000
687 -138.0000000000
764 -136.0000000000
819 -135.0000000000
821 -134.0000000000
845 -133.0000000000
858 -132.0000000000
867 -127.0000000000
943 -126.0000000000
985 -123.0000000000
1042 -122.0000000000
1056 -121.0000000000
1068 -119.0000000000
1129 -116.0000000000
1157 -113.0000000000
1180 -110.0000000000
1233 -108.0000000000
1269 -107.0000000000
1277 -105.0000000000
1320 -104.0000000000
1327 -103.0000000000
1370 -98.0000000000
1443 -94.0000000000
1535 -92.0000000000
1557 -90.0000000000
1626 -87.0000000000
1668 -86.0000000000
1698 -85.0000000000
1711 -84.0000000000
1718 -76.0000000000
1860 -74.0000000000
2019 -73.0000000000
2054 -71.0000000000
2121 -70.0000000000
2147 -67.0000000000
2236 -66.0000000000
2282 -65.0000000000
2310 -64.0000000000
2358 -60.0000000000
2375 -59.0000000000
2455 -58.0000000000
2529 -57.0000000000
2554 -55.0000000000
2582 -54.0000000000
2703 -52.0000000000
2754 -51.0000000000
2792 -50.0000000000
2807 -49.0000000000
2907 -48.0000000000
2961 -46.0000000000
3061 -43.0000000000
3118 -42.0000000000
3178 -40.0000000000
3241 -39.0000000000
3323 -36.0000000000
3384 -35.0000000000
3489 -32.0000000000
3601 -28.0000000000
3780 -27.0000000000
3862 -26.0000000000
3932 -25.0000000000
4024 -22.0000000000
4162 -21.0000000000
4210 -19.0000000000
4490 -18.0000000000
4666 -17.0000000000
4743 -16.0000000000
4772 -15.0000000000
4794 -14.0000000000
4855 -13.0000000000
5261 -11.0000000000
5370 -10.0000000000
5386 -9.0000000000
5581 -8.0000000000
5696 -7.0000000000
5772 -6.0000000000
5851 -5.0000000000
5886 -4.0000000000
6090 -3.0000000000
6097 -2.0000000000
6204 -1.0000000000
6704 362.0000000000
6715 374.0000000000
6745 388.0000000000
6882 396.0000000000
7049 399.0000000000
7486 406.0000000000
8144 412.0000000000
8348 413.0000000000
8422 416.0000000000
8490 420.0000000000
8632 425.0000000000
9959 426.0000000000
11124 431.0000000000
29241 434.0000000000
50018 435.0000000000
72048 440.0000000000
100000 411.0000000000
evaluations raw_y
1 -208.0000000000
3 -202.0000000000
6 -200.0000000000
25 -190.0000000000
74 -189.0000000000
114 -187.0000000000
155 -185.0000000000
166 -180.0000000000
257 -171.0000000000
347 -170.0000000000
368 -169.0000000000
375 -166.0000000000
400 -160.0000000000
417 -158.0000000000
454 -153.0000000000
538 -149.0000000000
546 -147.0000000000
569 -145.0000000000
575 -138.0000000000
625 -136.0000000000
723 -133.0000000000
732 -124.0000000000
815 -123.0000000000
862 -120.0000000000
911 -117.0000000000
1014 -111.0000000000
1096 -110.0000000000
1119 -108.0000000000
1160 -107.0000000000
1178 -106.0000000000
1182 -104.0000000000
1269 -103.0000000000
1301 -101.0000000000
1327 -100.0000000000
1338 -96.0000000000
1352 -94.0000000000
1411 -93.0000000000
1461 -91.0000000000
1486 -90.0000000000
1515 -86.0000000000
1524 -85.0000000000
1528 -84.0000000000
1537 -82.0000000000
1614 -78.0000000000
1762 -76.0000000000
1766 -75.0000000000
1807 -73.0000000000
1852 -69.0000000000
1910 -68.0000000000
1954 -65.0000000000
2035 -62.0000000000
2059 -60.0000000000
2162 -58.0000000000
2269 -57.0000000000
2321 -53.0000000000
2423 -51.0000000000
2496 -50.0000000000
2539 -49.0000000000
2577 -46.0000000000
2601 -43.0000000000
2784 -42.0000000000
2837 -41.0000000000
2906 -39.0000000000
2949 -38.0000000000
3030 -37.0000000000
3209 -36.0000000000
3254 -32.0000000000
3365 -31.0000000000
3408 -29.0000000000
3535 -28.0000000000
3637 -26.0000000000
3723 -25.0000000000
3788 -24.0000000000
3793 -23.0000000000
3850 -22.0000000000
3883 -21.0000000000
3921 -20.0000000000
3986 -19.0000000000
4101 -18.0000000000
4120 -17.0000000000
4220 -16.0000000000
4281 -14.0000000000
4460 -13.0000000000
4465 -12.0000000000
4695 -11.0000000000
4793 -9.0000000000
4912 -8.0000000000
4999 -7.0000000000
5073 -6.0000000000
5316 -5.0000000000
5319 -4.0000000000
5581 -3.0000000000
5699 -2.0000000000
5811 -1.0000000000
5960 384.0000000000
6196 386.0000000000
6261 394.0000000000
6358 400.0000000000
6494 406.0000000000
6632 409.0000000000
6845 412.0000000000
7024 415.0000000000
7366 418.0000000000
7457 422.0000000000
7577 424.0000000000
8647 426.0000000000
8988 429.0000000000
10599 430.0000000000
10965 433.0000000000
14656 437.0000000000
20630 439.0000000000
24931 440.0000000000
95122 441.0000000000
100000 -3.0000000000
evaluations raw_y
1 -221.0000000000
2 -219.0000000000
3 -200.0000000000
10 -189.0000000000
102 -188.0000000000
157 -178.0000000000
233 -173.0000000000
302 -164.0000000000
352 -159.0000000000
463 -157.0000000000
483 -151.0000000000
491 -148.0000000000
504 -146.0000000000
549 -141.0000000000
575 -140.0000000000
619 -135.0000000000
726 -134.0000000000
756 -131.0000000000
801 -130.0000000000
831 -129.0000000000
834 -128.0000000000
835 -126.0000000000
856 -123.0000000000
874 -120.0000000000
925 -119.0000000000
958 -117.0000000000
960 -116.0000000000
992 -114.0000000000
999 -113.0000000000
1028 -107.0000000000
1137 -104.0000000000
1169 -103.0000000000
1188 -100.0000000000
1255 -96.0000000000
1323 -93.0000000000
1341 -92.0000000000
1355 -91.0000000000
1410 -88.0000000000
1453 -84.0000000000
1535 -81.0000000000
1560 -79.0000000000
1562 -78.0000000000
1662 -77.0000000000
1705 -75.0000000000
1733 -73.0000000000
1824 -72.0000000000
1847 -68.0000000000
1883 -67.0000000000
1942 -65.0000000000
1964 -64.0000000000
2057 -63.0000000000
2114 -60.0000000000
2191 -59.0000000000
2247 -58.0000000000
2311 -57.0000000000
2313 -54.0000000000
2354 -52.0000000000
2403 -51.0000000000
2553 -48.0000000000
2637 -47.0000000000
2713 -46.0000000000
2737 -42.0000000000
2822 -40.0000000000
2852 -38.0000000000
3039 -36.0000000000
3045 -35.0000000000
3162 -34.0000000000
3203 -32.0000000000
3273 -31.0000000000
3361 -30.0000000000
3379 -29.0000000000
3404 -26.0000000000
3556 -25.0000000000
3668 -23.0000000000
3806 -22.0000000000
3958 -21.0000000000
4039 -20.0000000000
4245 -17.0000000000
4366 -15.0000000000
4520 -14.0000000000
4758 -11.0000000000
4869 -10.0000000000
4966 -8.0000000000
5324 -7.0000000000
5708 -6.0000000000
5712 -5.0000000000
5935 -4.0000000000
6089 -3.0000000000
6238 -2.0000000000
6275 -1.0000000000
6319 373.0000000000
6404 388.0000000000
6498 389.0000000000
6512 396.0000000000
6636 401.0000000000
6799 407.0000000000
7136 413.0000000000
7449 416.0000000000
8168 417.0000000000
8557 423.0000000000
11316 426.0000000000
18051 427.0000000000
21339 429.0000000000
21952 430.0000000000
22905 431.0000000000
23107 432.0000000000
23544 433.0000000000
27192 434.0000000000
37508 435.0000000000
59222 437.0000000000
100000 416.0000000000
evaluations raw_y
1 -197.0000000000
23 -193.0000000000
64 -181.0000000000
206 -178.0000000000
207 -168.0000000000
314 -167.0000000000
339 -165.0000000000
356 -162.0000000000
368 -156.0000000000
426 -154.0000000000
468 -152.0000000000
527 -143.0000000000
661 -142.0000000000
664 -140.0000000000
697 -133.0000000000
731 -130.0000000000
782 -129.0000000000
812 -127.0000000000
864 -116.0000000000
955 -114.0000000000
1003 -111.0000000000
1005 -110.0000000000
1118 -109.0000000000
1123 -106.0000000000
1148 -104.0000000000
1220 -100.0000000000
1309 -98.0000000000
1356 -93.0000000000
1391 -90.0000000000
1414 -89.0000000000
1443 -88.0000000000
1476 -87.0000000000
1524 -85.0000000000
1555 -84.0000000000
1560 -82.0000000000
1644 -81.0000000000
1658 -80.0000000000
1686 -78.0000000000
1691 -74.0000000000
1828 -73.0000000000
1829 -72.0000000000
1862 -71.0000000000
1936 -68.0000000000
1981 -67.0000000000
2052 -65.0000000000
2115 -64.0000000000
2195 -63.0000000000
2202 -62.0000000000
2315 -61.0000000000
2335 -59.0000000000
2443 -58.0000000000
2470 -56.0000000000
2564 -55.0000000000
2568 -53.0000000000
2671 -51.0000000000
2703 -49.0000000000
2731 -47.0000000000
2861 -46.0000000000
2868 -44.0000000000
3018 -43.0000000000
3029 -42.0000000000
3059 -41.0000000000
3115 -40.0000000000
3148 -39.0000000000
3174 -36.0000000000
3380 -34.0000000000
3415 -32.0000000000
3510 -30.0000000000
3569 -29.0000000000
3615 -27.0000000000
3807 -26.0000000000
3875 -25.0000000000
3917 -24.0000000000
3957 -22.0000000000
4094 -21.0000000000
4159 -20.0000000000
4189 -19.0000000000
4259 -18.0000000000
4294 -17.0000000000
4414 -16.0000000000
4481 -15.0000000000
4555 -13.0000000000
4705 -12.0000000000
4925 -11.0000000000
4989 -10.0000000000
4994 -9.0000000000
5109 -7.0000000000
5577 -6.0000000000
5692 -5.0000000000
5712 -4.0000000000
5973 -3.0000000000
6198 -2.0000000000
6373 -1.0000000000
6530 374.0000000000
6778 379.0000000000
6805 382.0000000000
6834 394.0000000000
7008 396.0000000000
7104 403.0000000000
7191 406.0000000000
7391 410.0000000000
7792 413.0000000000
9236 415.0000000000
9270 416.0000000000
9533 419.0000000000
11377 421.0000000000
11987 424.0000000000
12237 425.0000000000
14999 426.0000000000
15071 429.0000000000
17848 431.0000000000
65313 433.0000000000
100000 -4.0000000000
evaluations raw_y
1 -204.0000000000
2 -196.0000000000
16 -189.0000000000
56 -187.0000000000
94 -186.0000000000
109 -185.0000000000
120 -180.0000000000
152 -179.0000000000
157 -178.0000000000
162 -176.0000000000
174 -172.0000000000
241 -158.0000000000
351 -156.0000000000
419 -152.0000000000
464 -149.0000000000
513 -148.0000000000
526 -141.0000000000
557 -140.0000000000
563 -136.0000000000
642 -134.0000000000
703 -129.0000000000
717 -128.0000000000
804 -127.0000000000
811 -121.0000000000
859 -120.0000000000
892 -119.0000000000
958 -117.0000000000
1017 -113.0000000000
1037 -112.0000000000
1060 -111.0000000000
1075 -102.0000000000
1239 -96.0000000000
1306 -95.0000000000
1374 -94.0000000000
1409 -93.0000000000
1422 -92.0000000000
1427 -89.0000000000
1451 -88.0000000000
1470 -87.0000000000
1507 -86.0000000000
1541 -85.0000000000
1607 -83.0000000000
1643 -82.0000000000
1720 -81.0000000000
1747 -80.0000000000
1754 -79.0000000000
1823 -78.0000000000
1842 -77.0000000000
1929 -74.0000000000
1977 -68.0000000000
2065 -67.0000000000
2069 -65.0000000000
2160 -64.0000000000
2263 -63.0000000000
2321 -62.0000000000
2369 -60.0000000000
2385 -59.0000000000
2543 -54.0000000000
2614 -53.0000000000
2769 -52.0000000000
2812 -51.0000000000
2868 -48.0000000000
2878 -47.0000000000
3031 -46.0000000000
3106 -45.0000000000
3116 -44.0000000000
3216 -43.0000000000
3238 -42.0000000000
3289 -40.0000000000
3306 -38.0000000000
3408 -37.0000000000
3418 -36.0000000000
3485 -35.0000000000
3548 -34.0000000000
3574 -33.0000000000
3681 -32.0000000000
3762 -30.0000000000
3902 -29.0000000000
3965 -27.0000000000
4041 -26.0000000000
4058 -25.0000000000
4109 -24.0000000000
4132 -23.0000000000
4302 -22.0000000000
4388 -21.0000000000
4402 -19.0000000000
4614 -18.0000000000
4761 -16.0000000000
4875 -14.0000000000
4921 -13.0000000000
5112 -12.0000000000
5162 -10.0000000000
5336 -8.0000000000
5514 -6.0000000000
5651 -5.0000000000
5907 -4.0000000000
5909 -2.0000000000
6263 -1.0000000000
6513 379.0000000000
6558 384.0000000000
6617 385.0000000000
6754 393.0000000000
6963 403.0000000000
7136 405.0000000000
7137 406.0000000000
7578 408.0000000000
7771 410.0000000000
8067 412.0000000000
8231 416.0000000000
11151 421.0000000000
11770 422.0000000000
12011 425.0000000000
12697 427.0000000000
12827 428.0000000000
13730 431.0000000000
14506 438.0000000000
26152 439.0000000000
26453 440.0000000000
27078 441.0000000000
34579 442.0000000000
62694 444.0000000000
100000 426.0000000000
evaluations raw_y
1 -222.0000000000
2 -203.0000000000
29 -198.0000000000
33 -193.0000000000
83 -187.0000000000
101 -184.0000000000
175 -182.0000000000
181 -175.0000000000
259 -174.0000000000
300 -170.0000000000
313 -169.0000000000
328 -165.0000000000
414 -155.0000000000
498 -153.0000000000
503 -145.0000000000
635 -140.0000000000
662 -138.0000000000
676 -136.0000000000
719 -134.0000000000
729 -132.0000000000
732 -128.0000000000
818 -121.0000000000
831 -120.0000000000
918 -119.0000000000
936 -116.0000000000
966 -109.0000000000
1093 -107.0000000000
1205 -106.0000000000
1207 -104.0000000000
1230 -103.0000000000
1233 -101.0000000000
1263 -97.0000000000
1341 -95.0000000000
1362 -94.0000000000
1385 -93.0000000000
1457 -92.0000000000
1491 -89.0000000000
1563 -87.0000000000
1629 -86.0000000000
1653 -85.0000000000
1666 -81.0000000000
1702 -77.0000000000
1832 -76.0000000000
1879 -72.0000000000
2058 -71.0000000000
2114 -70.0000000000
2159 -69.0000000000
2202 -68.0000000000
2205 -66.0000000000
2252 -65.0000000000
2266 -63.0000000000
2349 -62.0000000000
2371 -59.0000000000
2447 -57.0000000000
2531 -56.0000000000
2653 -55.0000000000
2689 -54.0000000000
2707 -52.0000000000
2855 -51.0000000000
2998 -50.0000000000
3061 -49.0000000000
3084 -47.0000000000
3267 -43.0000000000
3376 -42.0000000000
3410 -40.0000000000
3587 -38.0000000000
3617 -37.0000000000
3688 -36.0000000000
3801 -34.0000000000
3809 -33.0000000000
3917 -32.0000000000
3938 -31.0000000000
3975 -30.0000000000
4039 -28.0000000000
4132 -27.0000000000
4197 -26.0000000000
4305 -25.0000000000
4366 -23.0000000000
4455 -22.0000000000
4503 -20.0000000000
4643 -17.0000000000
4778 -15.0000000000
4912 -14.0000000000
5017 -13.0000000000
5069 -12.0000000000
5185 -11.0000000000
5363 -10.0000000000
5408 -9.0000000000
5456 -8.0000000000
5554 -7.0000000000
5669 -6.0000000000
5729 -5.0000000000
5904 -3.0000000000
6081 -2.0000000000
6357 -1.0000000000
6460 386.0000000000
6579 389.0000000000
6621 390.0000000000
6919 395.0000000000
6999 396.0000000000
7005 399.0000000000
7223 400.0000000000
7276 406.0000000000
7556 417.0000000000
8140 420.0000000000
9246 424.0000000000
9561 426.0000000000
9565 427.0000000000
10863 428.0000000000
11166 429.0000000000
12865 431.0000000000
12960 434.0000000000
19236 435.0000000000
22134 439.0000000000
80148 440.0000000000
100000 -3.0000000000
evaluations raw_y
1 -229.0000000000
2 -207.0000000000
14 -200.0000000000
21 -199.0000000000
38 -192.0000000000
63 -186.0000000000
168 -185.0000000000
222 -181.0000000000
247 -179.0000000000
264 -175.0000000000
281 -171.0000000000
305 -168.0000000000
339 -167.0000000000
384 -164.0000000000
393 -163.0000000000
397 -159.0000000000
401 -151.0000000000
505 -150.0000000000
513 -148.0000000000
576 -147.0000000000
618 -142.0000000000
649 -139.0000000000
651 -133.0000000000
741 -131.0000000000
805 -121.0000000000
905 -118.0000000000
936 -115.0000000000
941 -113.0000000000
962 -112.0000000000
991 -106.0000000000
1012 -101.0000000000
1168 -99.0000000000
1214 -96.0000000000
1292 -95.0000000000
1301 -92.0000000000
1319 -91.0000000000
1404 -86.0000000000
1458 -77.0000000000
1610 -75.0000000000
1706 -72.0000000000
1761 -69.0000000000
1809 -68.0000000000
1824 -66.0000000000
1858 -64.0000000000
2001 -63.0000000000
2043 -62.0000000000
2075 -61.0000000000
2077 -60.0000000000
2114 -58.0000000000
2127 -56.0000000000
2212 -55.0000000000
2296 -54.0000000000
2298 -52.0000000000
2406 -51.0000000000
2457 -50.0000000000
2462 -45.0000000000
2559 -43.0000000000
2667 -42.0000000000
2755 -41.0000000000
2822 -39.0000000000
2866 -38.0000000000
2990 -36.0000000000
3006 -35.0000000000
3266 -34.0000000000
3317 -33.0000000000
3344 -30.0000000000
3447 -28.0000000000
3655 -26.0000000000
3717 -25.0000000000
3765 -24.0000000000
3926 -22.0000000000
3981 -21.0000000000
4127 -20.0000000000
4183 -18.0000000000
4201 -15.0000000000
4436 -14.0000000000
4498 -13.0000000000
4620 -11.0000000000
4704 -10.0000000000
4888 -8.0000000000
5305 -7.0000000000
5431 -6.0000000000
5498 -5.0000000000
5544 -4.0000000000
5901 -3.0000000000
5933 -2.0000000000
6062 368.0000000000
6218 371.0000000000
6401 373.0000000000
6447 379.0000000000
6510 382.0000000000
6596 384.0000000000
6633 399.0000000000
6849 400.0000000000
6857 404.0000000000
7775 410.0000000000
8105 419.0000000000
8745 421.0000000000
9229 425.0000000000
10229 427.0000000000
10612 429.0000000000
11396 430.0000000000
13029 431.0000000000
14921 435.0000000000
19264 436.0000000000
59272 438.0000000000
69823 439.0000000000
70518 440.0000000000
71138 441.0000000000
72773 442.0000000000
77109 443.0000000000
100000 406.0000000000
evaluations raw_y
1 -214.0000000000
6 -204.0000000000
12 -195.0000000000
29 -190.0000000000
55 -187.0000000000
61 -181.0000000000
120 -180.0000000000
191 -172.0000000000
266 -170.0000000000
277 -159.0000000000
362 -158.0000000000
392 -155.0000000000
401 -150.0000000000
451 -143.0000000000
511 -141.0000000000
551 -139.0000000000
602 -136.0000000000
619 -125.0000000000
659 -123.0000000000
751 -118.0000000000
763 -115.0000000000
780 -114.0000000000
908 -113.0000000000
947 -110.0000000000
992 -109.0000000000
1044 -108.0000000000
1113 -101.0000000000
1165 -100.0000000000
1221 -99.0000000000
1244 -98.0000000000
1252 -92.0000000000
1376 -91.0000000000
1416 -90.0000000000
1444 -88.0000000000
1489 -87.0000000000
1519 -85.0000000000
1529 -83.0000000000
1568 -82.0000000000
1629 -80.0000000000
1684 -77.0000000000
1714 -76.0000000000
1715 -75.0000000000
1786 -70.0000000000
1946 -69.0000000000
1982 -68.0000000000
2038 -65.0000000000
2132 -64.0000000000
2144 -61.0000000000
2271 -59.0000000000
2310 -57.0000000000
2398 -56.0000000000
2416 -51.0000000000
2575 -49.0000000000
2644 -48.0000000000
2761 -47.0000000000
2836 -46.0000000000
2839 -45.0000000000
2912 -44.0000000000
3020 -42.0000000000
3072 -41.0000000000
3106 -39.0000000000
3160 -37.0000000000
3357 -35.0000000000
3454 -34.0000000000
3561 -31.0000000000
3640 -30.0000000000
3720 -28.0000000000
3774 -25.0000000000
4031 -23.0000000000
4069 -21.0000000000
4203 -20.0000000000
4351 -19.0000000000
4445 -18.0000000000
4473 -17.0000000000
4508 -16.0000000000
4709 -15.0000000000
4761 -14.0000000000
4853 -13.0000000000
4926 -12.0000000000
5009 -11.0000000000
5241 -9.0000000000
5397 -7.0000000000
5680 -6.0000000000
5827 -5.0000000000
6152 -4.0000000000
6198 -3.0000000000
6324 -2.0000000000
6379 -1.0000000000
6649 357.0000000000
6699 365.0000000000
6723 390.0000000000
6911 393.0000000000
7155 394.0000000000
7164 401.0000000000
7364 408.0000000000
7656 410.0000000000
8315 415.0000000000
8869 419.0000000000
13693 420.0000000000
13752 421.0000000000
16575 424.0000000000
16754 428.0000000000
20939 431.0000000000
63631 433.0000000000
73563 435.0000000000
99372 436.0000000000
100000 -3.0000000000
evaluations raw_y
1 -197.0000000000
14 -192.0000000000
60 -184.0000000000
100 -175.0000000000
280 -167.0000000000
364 -163.0000000000
376 -160.0000000000
384 -159.0000000000
415 -158.0000000000
449 -157.0000000000
475 -150.0000000000
560 -146.0000000000
605 -144.0000000000
615 -140.0000000000
662 -136.0000000000
677 -132.0000000000
728 -127.0000000000
798 -125.0000000000
812 -124.0000000000
833 -123.0000000000
861 -120.0000000000
914 -112.0000000000
1005 -111.0000000000
1056 -110.0000000000
1065 -108.0000000000
1076 -106.0000000000
1130 -104.0000000000
1206 -103.0000000000
1242 -102.0000000000
1265 -99.0000000000
1354 -95.0000000000
1372 -92.0000000000
1505 -89.0000000000
1508 -85.0000000000
1650 -84.0000000000
1677 -81.0000000000
1751 -77.0000000000
1812 -76.0000000000
1887 -74.0000000000
1908 -73.0000000000
1932 -65.0000000000
2125 -63.0000000000
2139 -61.0000000000
2212 -60.0000000000
2316 -59.0000000000
2352 -57.0000000000
2356 -56.0000000000
2467 -54.0000000000
2498 -53.0000000000
2522 -50.0000000000
2699 -49.0000000000
2735 -48.0000000000
2782 -46.0000000000
2784 -44.0000000000
2931 -43.0000000000
3023 -41.0000000000
3102 -39.0000000000
3173 -38.0000000000
3183 -36.0000000000
3382 -35.0000000000
3389 -34.0000000000
3411 -33.0000000000
3480 -30.0000000000
3679 -29.0000000000
3726 -27.0000000000
3735 -26.0000000000
3757 -25.0000000000
3878 -22.0000000000
4024 -21.0000000000
4137 -20.0000000000
4161 -18.0000000000
4245 -17.0000000000
4311 -16.0000000000
4464 -15.0000000000
4577 -14.0000000000
4587 -13.0000000000
4606 -12.0000000000
4750 -10.0000000000
4856 -9.0000000000
4965 -8.0000000000
5026 -7.0000000000
5206 -6.0000000000
5210 -5.0000000000
5340 -4.0000000000
5381 -3.0000000000
5562 -2.0000000000
5846 -1.0000000000
5848 391.0000000000
6329 399.0000000000
6469 405.0000000000
6583 406.0000000000
7266 408.0000000000
7456 411.0000000000
7468 413.0000000000
7773 414.0000000000
7845 423.0000000000
8462 424.0000000000
13446 425.0000000000
15693 426.0000000000
17023 428.0000000000
17593 430.0000000000
22145 431.0000000000
27119 432.0000000000
29986 433.0000000000
47199 438.0000000000
48180 439.0000000000
100000 431.0000000000
evaluations raw_y
1 -221.0000000000
3 -208.0000000000
6 -203.0000000000
7 -199.0000000000
28 -174.0000000000
179 -170.0000000000
232 -169.0000000000
270 -168.0000000000
297 -165.0000000000
320 -163.0000000000
351 -162.0000000000
366 -161.0000000000
368 -159.0000000000
376 -158.0000000000
408 -155.0000000000
481 -152.0000000000
490 -149.0000000000
517 -145.0000000000
521 -142.0000000000
529 -140.0000000000
569 -138.0000000000
626 -132.0000000000
665 -128.0000000000
728 -121.0000000000
859 -118.0000000000
929 -117.0000000000
976 -112.0000000000
1046 -110.0000000000
1071 -103.0000000000
1156 -100.0000000000
1210 -96.0000000000
1220 -95.0000000000
1344 -94.0000000000
1362 -93.0000000000
1384 -91.0000000000
1415 -90.0000000000
1427 -89.0000000000
1442 -88.0000000000
1480 -83.0000000000
1551 -82.0000000000
1557 -81.0000000000
1568 -80.0000000000
1656 -78.0000000000
1662 -76.0000000000
1713 -75.0000000000
1797 -70.0000000000
1862 -64.0000000000
1963 -63.0000000000
2054 -61.0000000000
2060 -60.0000000000
2146 -55.0000000000
2218 -50.0000000000
2358 -48.0000000000
2463 -46.0000000000
2619 -45.0000000000
2638 -43.0000000000
2662 -41.0000000000
2737 -39.0000000000
2760 -38.0000000000
2873 -37.0000000000
2958 -36.0000000000
3025 -35.0000000000
3027 -30.0000000000
3227 -29.0000000000
3336 -28.0000000000
3386 -26.0000000000
3494 -25.0000000000
3503 -24.0000000000
3528 -23.0000000000
3655 -22.0000000000
3759 -20.0000000000
3953 -17.0000000000
4102 -16.0000000000
4323 -15.0000000000
4328 -14.0000000000
4374 -13.0000000000
4606 -12.0000000000
4689 -11.0000000000
4763 -10.0000000000
4911 -9.0000000000
4948 -8.0000000000
5021 -7.0000000000
5040 -6.0000000000
5068 -5.0000000000
5303 -4.0000000000
5313 -3.0000000000
5462 -2.0000000000
5715 -1.0000000000
5875 356.0000000000
5880 388.0000000000
5988 394.0000000000
6011 402.0000000000
6549 406.0000000000
7477 409.0000000000
8336 414.0000000000
8519 415.0000000000
8814 416.0000000000
8928 419.0000000000
10302 421.0000000000
10712 424.0000000000
12430 425.0000000000
12616 426.0000000000
13007 427.0000000000
20301 428.0000000000
23508 431.0000000000
23732 433.0000000000
46458 434.0000000000
46756 436.0000000000
98222 437.0000000000
100000 391.0000000000
evaluations raw_y
1 -226.0000000000
2 -214.0000000000
3 -210.0000000000
8 -201.0000000000
36 -198.0000000000
92 -196.0000000000
95 -194.0000000000
102 -183.0000000000
165 -179.0000000000
219 -178.0000000000
234 -175.0000000000
262 -173.0000000000
265 -169.0000000000
282 -159.0000000000
368 -157.0000000000
412 -154.0000000000
456 -151.0000000000
550 -145.0000000000
573 -144.0000000000
602 -143.0000000000
611 -139.0000000000
658 -138.0000000000
722 -129.0000000000
727 -128.0000000000
845 -126.0000000000
849 -125.0000000000
936 -124.0000000000
953 -122.0000000000
966 -114.0000000000
1075 -113.0000000000
1127 -109.0000000000
1204 -107.0000000000
1210 -106.0000000000
1232 -103.0000000000
1284 -100.0000000000
1394 -99.0000000000
1395 -95.0000000000
1460 -92.0000000000
1526 -90.0000000000
1620 -89.0000000000
1683 -85.0000000000
1743 -83.0000000000
1784 -80.0000000000
1879 -79.0000000000
1910 -76.0000000000
1988 -75.0000000000
2022 -74.0000000000
2031 -73.0000000000
2055 -72.0000000000
2132 -70.0000000000
2157 -69.0000000000
2284 -68.0000000000
2320 -66.0000000000
2416 -65.0000000000
2460 -64.0000000000
2494 -62.0000000000
2567 -60.0000000000
2659 -59.0000000000
2734 -57.0000000000
2855 -56.0000000000
2872 -55.0000000000
2874 -54.0000000000
2988 -51.0000000000
3083 -50.0000000000
3093 -49.0000000000
3154 -48.0000000000
3237 -47.0000000000
3301 -44.0000000000
3384 -43.0000000000
3437 -42.0000000000
3505 -41.0000000000
3532 -40.0000000000
3641 -39.0000000000
3653 -38.0000000000
3658 -37.0000000000
3862 -36.0000000000
3961 -35.0000000000
3970 -33.0000000000
4066 -30.0000000000
4168 -28.0000000000
4326 -27.0000000000
4379 -26.0000000000
4428 -25.0000000000
4502 -24.0000000000
4518 -23.0000000000
4573 -22.0000000000
4641 -21.0000000000
4699 -18.0000000000
4848 -17.0000000000
5013 -16.0000000000
5088 -15.0000000000
5204 -13.0000000000
5451 -11.0000000000
5659 -9.0000000000
5897 -8.0000000000
5989 -7.0000000000
6245 -5.0000000000
6589 -4.0000000000
6726 -3.0000000000
6855 -2.0000000000
7023 -1.0000000000
7071 358.0000000000
7108 376.0000000000
7155 381.0000000000
7312 387.0000000000
7388 388.0000000000
7507 393.0000000000
7551 397.0000000000
7673 399.0000000000
7880 405.0000000000
7902 413.0000000000
8083 415.0000000000
9008 416.0000000000
9126 417.0000000000
9514 418.0000000000
9698 421.0000000000
13272 424.0000000000
13605 425.0000000000
29163 427.0000000000
33842 428.0000000000
36560 430.0000000000
38571 431.0000000000
53350 432.0000000000
68957 436.0000000000
100000 -1.0000000000
evaluations raw_y
1 -223.0000000000
3 -216.0000000000
5 -204.0000000000
9 -199.0000000000
21 -194.0000000000
47 -191.0000000000
117 -181.0000000000
179 -180.0000000000
188 -179.0000000000
205 -178.0000000000
296 -174.0000000000
301 -170.0000000000
338 -168.0000000000
378 -167.0000000000
441 -160.0000000000
460 -159.0000000000
470 -157.0000000000
540 -143.0000000000
645 -133.0000000000
787 -132.0000000000
823 -128.0000000000
838 -127.0000000000
872 -123.0000000000
929 -117.0000000000
1088 -115.0000000000
1122 -114.0000000000
1144 -113.0000000000
1156 -112.0000000000
1170 -109.0000000000
1212 -108.0000000000
1254 -105.0000000000
1299 -104.0000000000
1321 -101.0000000000
1401 -97.0000000000
1507 -93.0000000000
1564 -92.0000000000
1651 -90.0000000000
1706 -88.0000000000
1714 -87.0000000000
1764 -86.0000000000
1767 -80.0000000000
1823 -79.0000000000
1855 -77.0000000000
1961 -76.0000000000
2002 -74.0000000000
2023 -73.0000000000
2111 -72.0000000000
2113 -71.0000000000
2124 -69.0000000000
2180 -68.0000000000
2226 -63.0000000000
2358 -62.0000000000
2397 -61.0000000000
2426 -57.0000000000
2488 -54.0000000000
2568 -53.0000000000
2609 -50.0000000000
2741 -49.0000000000
2826 -48.0000000000
2875 -46.0000000000
2904 -45.0000000000
2923 -44.0000000000
2954 -40.0000000000
3116 -39.0000000000
3230 -38.0000000000
3262 -36.0000000000
3355 -32.0000000000
3574 -31.0000000000
3613 -29.0000000000
3738 -27.0000000000
3813 -26.0000000000
4014 -25.0000000000
4022 -24.0000000000
4195 -23.0000000000
4262 -22.0000000000
4332 -21.0000000000
4472 -20.0000000000
4481 -19.0000000000
4682 -18.0000000000
4726 -17.0000000000
4732 -16.0000000000
4816 -15.0000000000
4915 -13.0000000000
5037 -12.0000000000
5180 -11.0000000000
5302 -10.0000000000
5311 -9.0000000000
5456 -8.0000000000
5475 -6.0000000000
5667 -5.0000000000
5798 -4.0000000000
5960 -3.0000000000
6134 -2.0000000000
6157 -1.0000000000
6195 383.0000000000
6401 392.0000000000
6432 393.0000000000
6500 396.0000000000
6541 400.0000000000
6586 401.0000000000
6754 410.0000000000
7287 416.0000000000
9314 418.0000000000
9727 422.0000000000
11440 426.0000000000
15130 429.0000000000
23833 430.0000000000
25290 431.0000000000
28081 435.0000000000
100000 -2.0000000000
evaluations raw_y
1 -215.0000000000
7 -206.0000000000
10 -204.0000000000
14 -194.0000000000
39 -193.0000000000
51 -192.0000000000
90 -182.0000000000
241 -173.0000000000
337 -168.0000000000
363 -167.0000000000
408 -157.0000000000
498 -153.0000000000
502 -152.0000000000
528 -140.0000000000
657 -137.0000000000
707 -136.0000000000
732 -135.0000000000
779 -134.0000000000
821 -132.0000000000
855 -129.0000000000
918 -123.0000000000
974 -119.0000000000
1004 -118.0000000000
1039 -115.0000000000
1088 -111.0000000000
1111 -104.0000000000
1273 -98.0000000000
1308 -97.0000000000
1352 -96.0000000000
1398 -94.0000000000
1465 -90.0000000000
1522 -89.0000000000
1560 -86.0000000000
1661 -85.0000000000
1712 -84.0000000000
1759 -83.0000000000
1771 -81.0000000000
1840 -80.0000000000
1865 -78.0000000000
1947 -76.0000000000
2008 -74.0000000000
2026 -68.0000000000
2173 -66.0000000000
2258 -65.0000000000
2362 -63.0000000000
2480 -58.0000000000
2622 -57.0000000000
2631 -56.0000000000
2703 -55.0000000000
2774 -54.0000000000
2789 -51.0000000000
2903 -48.0000000000
3082 -47.0000000000
3133 -46.0000000000
3184 -45.0000000000
3224 -44.0000000000
3330 -43.0000000000
3375 -42.0000000000
3439 -39.0000000000
3476 -38.0000000000
3708 -37.0000000000
3720 -35.0000000000
3872 -33.0000000000
3913 -32.0000000000
4084 -31.0000000000
4179 -30.0000000000
4204 -27.0000000000
4320 -26.0000000000
4387 -24.0000000000
4500 -23.0000000000
4502 -22.0000000000
4822 -21.0000000000
4841 -20.0000000000
4908 -19.0000000000
4971 -18.0000000000
5001 -17.0000000000
5135 -16.0000000000
5203 -13.0000000000
5488 -11.0000000000
5497 -10.0000000000
5861 -9.0000000000
5944 -8.0000000000
6005 -6.0000000000
6321 -5.0000000000
6421 -3.0000000000
6586 -2.0000000000
6768 -1.0000000000
7138 369.0000000000
7141 392.0000000000
7187 396.0000000000
7223 403.0000000000
7339 406.0000000000
8083 407.0000000000
8374 408.0000000000
8897 412.0000000000
8933 414.0000000000
8962 415.0000000000
10224 419.0000000000
13379 420.0000000000
16229 422.0000000000
16464 423.0000000000
17615 424.0000000000
17781 425.0000000000
18149 429.0000000000
23526 434.0000000000
33347 436.0000000000
45675 437.0000000000
70286 438.0000000000
100000 -2.0000000000
evaluations raw_y
1 -212.0000000000
2 -196.0000000000
18 -191.0000000000
173 -184.0000000000
191 -174.0000000000
316 -171.0000000000
324 -168.0000000000
410 -166.0000000000
438 -163.0000000000
451 -159.0000000000
482 -158.0000000000
503 -152.0000000000
563 -149.0000000000
565 -147.0000000000
589 -143.0000000000
645 -134.0000000000
767 -133.0000000000
781 -131.0000000000
813 -124.0000000000
864 -123.0000000000
895 -122.0000000000
933 -119.0000000000
1001 -118.0000000000
1015 -114.0000000000
1058 -112.0000000000
1081 -107.0000000000
1176 -106.0000000000
1213 -102.0000000000
1323 -97.0000000000
1446 -96.0000000000
1509 -95.0000000000
1529 -88.0000000000
1591 -87.0000000000
1664 -86.0000000000
1705 -84.0000000000
1715 -83.0000000000
1735 -78.0000000000
1839 -77.0000000000
1858 -73.0000000000
1920 -71.0000000000
2004 -70.0000000000
2125 -65.0000000000
2159 -61.0000000000
2319 -59.0000000000
2410 -55.0000000000
2498 -54.0000000000
2573 -49.0000000000
2768 -47.0000000000
2878 -46.0000000000
2974 -45.0000000000
3015 -41.0000000000
3144 -40.0000000000
3188 -39.0000000000
3216 -38.0000000000
3282 -36.0000000000
3370 -34.0000000000
3408 -33.0000000000
3499 -32.0000000000
3616 -31.0000000000
3654 -30.0000000000
3721 -27.0000000000
3840 -25.0000000000
3886 -24.0000000000
4196 -23.0000000000
4272 -22.0000000000
4274 -21.0000000000
4374 -20.0000000000
4404 -19.0000000000
4502 -18.0000000000
4544 -17.0000000000
4712 -16.0000000000
4757 -15.0000000000
4863 -14.0000000000
4914 -13.0000000000
4972 -11.0000000000
5110 -10.0000000000
5323 -9.0000000000
5357 -8.0000000000
5512 -7.0000000000
5743 -5.0000000000
5940 -4.0000000000
6077 -3.0000000000
6216 -2.0000000000
6299 -1.0000000000
6408 400.0000000000
6505 408.0000000000
6767 416.0000000000
7057 417.0000000000
8386 418.0000000000
9897 419.0000000000
10089 420.0000000000
10371 422.0000000000
11306 423.0000000000
12050 425.0000000000
12511 426.0000000000
14819 427.0000000000
15116 429.0000000000
16849 432.0000000000
29810 433.0000000000
30104 435.0000000000
35733 436.0000000000
82923 438.0000000000
87125 439.0000000000
88881 441.0000000000
92588 442.0000000000
97166 443.0000000000
100000 330.0000000000
evaluations raw_y
1 -219.0000000000
3 -214.0000000000
5 -197.0000000000
18 -186.0000000000
109 -185.0000000000
115 -184.0000000000
121 -182.0000000000
127 -180.0000000000
157 -179.0000000000
180 -176.0000000000
209 -175.0000000000
243 -174.0000000000
250 -171.0000000000
288 -170.0000000000
301 -169.0000000000
305 -164.0000000000
400 -163.0000000000
406 -156.0000000000
460 -150.0000000000
502 -146.0000000000
562 -144.0000000000
578 -139.0000000000
631 -138.0000000000
693 -137.0000000000
710 -134.0000000000
750 -131.0000000000
774 -130.0000000000
786 -127.0000000000
804 -126.0000000000
856 -125.0000000000
858 -122.0000000000
913 -121.0000000000
959 -119.0000000000
961 -115.0000000000
964 -112.0000000000
1102 -111.0000000000
1132 -104.0000000000
1159 -102.0000000000
1164 -97.0000000000
1278 -95.0000000000
1378 -92.0000000000
1404 -90.0000000000
1477 -89.0000000000
1505 -87.0000000000
1520 -85.0000000000
1660 -84.0000000000
1677 -82.0000000000
1733 -79.0000000000
1772 -78.0000000000
1800 -77.0000000000
1822 -76.0000000000
1866 -73.0000000000
1908 -70.0000000000
1973 -66.0000000000
2159 -64.0000000000
2257 -61.0000000000
2411 -60.0000000000
2426 -59.0000000000
2462 -57.0000000000
2545 -56.0000000000
2566 -48.0000000000
2774 -46.0000000000
2966 -45.0000000000
3099 -38.0000000000
3333 -36.0000000000
3421 -35.0000000000
3538 -34.0000000000
3578 -33.0000000000
3689 -32.0000000000
3776 -31.0000000000
3907 -30.0000000000
4072 -29.0000000000
4133 -27.0000000000
4175 -26.0000000000
4235 -24.0000000000
4341 -23.0000000000
4350 -22.0000000000
4434 -21.0000000000
4520 -20.0000000000
4612 -18.0000000000
4863 -15.0000000000
5160 -14.0000000000
5162 -13.0000000000
5356 -12.0000000000
5367 -11.0000000000
5534 -8.0000000000
5835 -7.0000000000
5906 -6.0000000000
5936 -5.0000000000
6108 -4.0000000000
6290 -3.0000000000
6355 -1.0000000000
6671 395.0000000000
6762 397.0000000000
6814 400.0000000000
7124 407.0000000000
7233 409.0000000000
7659 412.0000000000
7955 413.0000000000
8068 415.0000000000
8309 416.0000000000
9036 420.0000000000
9233 424.0000000000
15304 425.0000000000
19601 427.0000000000
91060 428.0000000000
94153 431.0000000000
96528 432.0000000000
100000 -1.0000000000
evaluations raw_y
1 -216.0000000000
2 -205.0000000000
8 -201.0000000000
39 -198.0000000000
88 -197.0000000000
115 -189.0000000000
161 -188.0000000000
183 -187.0000000000
187 -181.0000000000
203 -170.0000000000
256 -166.0000000000
275 -164.0000000000
406 -161.0000000000
426 -159.0000000000
460 -156.0000000000
469 -149.0000000000
557 -142.0000000000
633 -139.0000000000
710 -137.0000000000
727 -134.0000000000
781 -132.0000000000
808 -130.0000000000
820 -126.0000000000
903 -117.0000000000
1024 -116.0000000000
1046 -114.0000000000
1073 -111.0000000000
1089 -110.0000000000
1112 -109.0000000000
1155 -108.0000000000
1252 -104.0000000000
1260 -103.0000000000
1266 -100.0000000000
1404 -97.0000000000
1420 -94.0000000000
1508 -90.0000000000
1607 -88.0000000000
1632 -87.0000000000
1691 -86.0000000000
1722 -85.0000000000
1764 -84.0000000000
1772 -83.0000000000
1828 -80.0000000000
1899 -79.0000000000
1901 -78.0000000000
1906 -77.0000000000
1953 -76.0000000000
1986 -75.0000000000
2006 -70.0000000000
2094 -69.0000000000
2151 -68.0000000000
2187 -67.0000000000
2296 -65.0000000000
2315 -63.0000000000
2320 -61.0000000000
2351 -60.0000000000
2453 -59.0000000000
2468 -58.0000000000
2561 -54.0000000000
2609 -52.0000000000
2679 -51.0000000000
2698 -50.0000000000
2777 -48.0000000000
2856 -47.0000000000
2923 -45.0000000000
2949 -44.0000000000
2969 -43.0000000000
3006 -42.0000000000
3117 -41.0000000000
3167 -40.0000000000
3227 -39.0000000000
3255 -38.0000000000
3272 -37.0000000000
3312 -36.0000000000
3416 -35.0000000000
3445 -34.0000000000
3499 -32.0000000000
3609 -31.0000000000
3681 -29.0000000000
3739 -27.0000000000
3942 -26.0000000000
4060 -25.0000000000
4085 -24.0000000000
4204 -22.0000000000
4275 -20.0000000000
4647 -18.0000000000
4809 -17.0000000000
4873 -16.0000000000
4931 -14.0000000000
5059 -13.0000000000
5268 -12.0000000000
5440 -9.0000000000
5575 -8.0000000000
5958 -7.0000000000
6110 -6.0000000000
6392 -5.0000000000
6626 -4.0000000000
6807 -3.0000000000
6909 -2.0000000000
7064 -1.0000000000
7450 392.0000000000
7719 403.0000000000
8121 405.0000000000
8970 408.0000000000
9146 410.0000000000
9509 411.0000000000
9525 421.0000000000
16316 424.0000000000
17168 426.0000000000
17758 428.0000000000
18124 433.0000000000
30414 434.0000000000
75255 435.0000000000
100000 -3.0000000000
evaluations raw_y
1 -227.0000000000
2 -216.0000000000
3 -213.0000000000
4 -199.0000000000
106 -197.0000000000
116 -194.0000000000
143 -190.0000000000
218 -189.0000000000
229 -187.0000000000
232 -183.0000000000
238 -181.0000000000
316 -177.0000000000
351 -168.0000000000
393 -164.0000000000
406 -163.0000000000
479 -157.0000000000
566 -153.0000000000
604 -152.0000000000
666 -150.0000000000
676 -148.0000000000
719 -147.0000000000
733 -146.0000000000
736 -145.0000000000
754 -138.0000000000
808 -135.0000000000
904 -131.0000000000
931 -130.0000000000
963 -129.0000000000
977 -125.0000000000
1008 -119.0000000000
1051 -117.0000000000
1117 -115.0000000000
1155 -114.0000000000
1166 -112.0000000000
1224 -111.0000000000
1252 -106.0000000000
1304 -104.0000000000
1451 -102.0000000000
1486 -97.0000000000
1565 -93.0000000000
1651 -81.0000000000
1733 -80.0000000000
1862 -76.0000000000
1973 -75.0000000000
2004 -74.0000000000
2044 -71.0000000000
2147 -69.0000000000
2206 -66.0000000000
2356 -65.0000000000
2447 -62.0000000000
2501 -60.0000000000
2559 -57.0000000000
2694 -56.0000000000
2728 -55.0000000000
2787 -54.0000000000
2814 -53.0000000000
2861 -52.0000000000
2960 -51.0000000000
3000 -50.0000000000
3033 -49.0000000000
3137 -48.0000000000
3175 -47.0000000000
3251 -46.0000000000
3260 -45.0000000000
3275 -44.0000000000
3347 -43.0000000000
3397 -42.0000000000
3484 -39.0000000000
3599 -36.0000000000
3723 -35.0000000000
3782 -31.0000000000
4079 -30.0000000000
4084 -29.0000000000
4177 -27.0000000000
4365 -26.0000000000
4407 -25.0000000000
4527 -24.0000000000
4540 -22.0000000000
4803 -21.0000000000
4857 -20.0000000000
4948 -19.0000000000
5328 -17.0000000000
5523 -15.0000000000
5652 -14.0000000000
5836 -13.0000000000
6009 -10.0000000000
6200 -8.0000000000
6655 -7.0000000000
6816 -6.0000000000
6838 -5.0000000000
7188 -4.0000000000
7213 -3.0000000000
7473 -2.0000000000
7806 -1.0000000000
8077 379.0000000000
8199 383.0000000000
8386 384.0000000000
8442 386.0000000000
8475 387.0000000000
8494 392.0000000000
8508 398.0000000000
8955 399.0000000000
9099 402.0000000000
9445 403.0000000000
9646 409.0000000000
9843 410.0000000000
9905 413.0000000000
10108 416.0000000000
10329 420.0000000000
10411 424.0000000000
14254 426.0000000000
16189 427.0000000000
20863 429.0000000000
27842 430.0000000000
28171 431.0000000000
93374 433.0000000000
100000 397.0000000000
evaluations raw_y
1 -216.0000000000
5 -211.0000000000
6 -197.0000000000
18 -191.0000000000
48 -183.0000000000
102 -179.0000000000
123 -178.0000000000
208 -177.0000000000
209 -167.0000000000
241 -166.0000000000
273 -165.0000000000
304 -153.0000000000
371 -152.0000000000
381 -151.0000000000
411 -146.0000000000
453 -142.0000000000
523 -141.0000000000
547 -139.0000000000
559 -137.0000000000
598 -135.0000000000
625 -129.0000000000
712 -128.0000000000
721 -127.0000000000
729 -124.0000000000
760 -123.0000000000
778 -121.0000000000
849 -118.0000000000
854 -109.0000000000
1045 -108.0000000000
1084 -105.0000000000
1085 -101.0000000000
1151 -99.0000000000
1203 -93.0000000000
1306 -88.0000000000
1453 -85.0000000000
1531 -84.0000000000
1562 -82.0000000000
1589 -81.0000000000
1630 -78.0000000000
1650 -75.0000000000
1715 -73.0000000000
1765 -71.0000000000
1800 -70.0000000000
1858 -69.0000000000
1875 -68.0000000000
1918 -67.0000000000
1953 -66.0000000000
2026 -65.0000000000
2028 -64.0000000000
2065 -63.0000000000
2074 -62.0000000000
2077 -60.0000000000
2147 -58.0000000000
2226 -56.0000000000
2257 -55.0000000000
2333 -54.0000000000
2336 -52.0000000000
2421 -50.0000000000
2468 -45.0000000000
2609 -44.0000000000
2735 -43.0000000000
2741 -42.0000000000
2765 -41.0000000000
2852 -38.0000000000
2940 -37.0000000000
3030 -35.0000000000
3141 -34.0000000000
3153 -31.0000000000
3357 -30.0000000000
3361 -29.0000000000
3419 -28.0000000000
3455 -26.0000000000
3531 -24.0000000000
3644 -22.0000000000
3736 -21.0000000000
3820 -18.0000000000
4076 -16.0000000000
4219 -15.0000000000
4272 -14.0000000000
4492 -13.0000000000
4500 -12.0000000000
4525 -11.0000000000
4622 -10.0000000000
4718 -8.0000000000
4856 -6.0000000000
4998 -4.0000000000
5227 -3.0000000000
5288 -2.0000000000
5481 -1.0000000000
5534 385.0000000000
5581 395.0000000000
5740 404.0000000000
6033 407.0000000000
6206 410.0000000000
6239 412.0000000000
6588 416.0000000000
7250 417.0000000000
7394 421.0000000000
9279 426.0000000000
12302 427.0000000000
17088 428.0000000000
17138 430.0000000000
19857 431.0000000000
20302 433.0000000000
20805 434.0000000000
21236 435.0000000000
51729 437.0000000000
53267 438.0000000000
59579 440.0000000000
71088 442.0000000000
100000 406.0000000000
evaluations raw_y
1 -210.0000000000
6 -203.0000000000
9 -194.0000000000
28 -193.0000000000
38 -192.0000000000
79 -187.0000000000
103 -183.0000000000
165 -178.0000000000
184 -175.0000000000
208 -171.0000000000
307 -169.0000000000
359 -164.0000000000
364 -160.0000000000
474 -153.0000000000
529 -147.0000000000
577 -143.0000000000
603 -142.0000000000
613 -139.0000000000
636 -135.0000000000
715 -131.0000000000
734 -128.0000000000
774 -125.0000000000
826 -124.0000000000
844 -119.0000000000
876 -113.0000000000
938 -111.0000000000
1019 -109.0000000000
1142 -107.0000000000
1154 -105.0000000000
1173 -100.0000000000
1211 -99.0000000000
1336 -98.0000000000
1360 -95.0000000000
1482 -87.0000000000
1652 -86.0000000000
1653 -81.0000000000
1709 -79.0000000000
1805 -78.0000000000
1849 -77.0000000000
1871 -72.0000000000
1910 -71.0000000000
1955 -69.0000000000
2005 -67.0000000000
2065 -65.0000000000
2136 -63.0000000000
2159 -62.0000000000
2228 -60.0000000000
2265 -59.0000000000
2322 -58.0000000000
2430 -57.0000000000
2472 -56.0000000000
2551 -55.0000000000
2568 -54.0000000000
2579 -53.0000000000
2604 -52.0000000000
2618 -51.0000000000
2656 -50.0000000000
2753 -48.0000000000
2866 -47.0000000000
2879 -46.0000000000
2904 -44.0000000000
3020 -43.0000000000
3122 -42.0000000000
3136 -40.0000000000
3170 -39.0000000000
3211 -37.0000000000
3263 -34.0000000000
3451 -33.0000000000
3556 -30.0000000000
3785 -29.0000000000
3875 -28.0000000000
3902 -27.0000000000
3966 -26.0000000000
4200 -25.0000000000
4289 -24.0000000000
4369 -23.0000000000
4371 -22.0000000000
4543 -21.0000000000
4546 -18.0000000000
4702 -16.0000000000
4818 -15.0000000000
4937 -14.0000000000
5092 -13.0000000000
5114 -11.0000000000
5180 -10.0000000000
5300 -9.0000000000
5520 -7.0000000000
5670 -6.0000000000
5858 -4.0000000000
5981 -3.0000000000
6262 -1.0000000000
6605 387.0000000000
6742 405.0000000000
7528 408.0000000000
7604 410.0000000000
7779 412.0000000000
8085 415.0000000000
8109 420.0000000000
8295 423.0000000000
9016 426.0000000000
10340 427.0000000000
12422 431.0000000000
29547 432.0000000000
73404 434.0000000000
95125 435.0000000000
97487 436.0000000000
100000 -2.0000000000
evaluations raw_y
1 -219.0000000000
4 -217.0000000000
5 -207.0000000000
12 -200.0000000000
27 -189.0000000000
118 -188.0000000000
149 -181.0000000000
175 -168.0000000000
281 -165.0000000000
340 -161.0000000000
373 -158.0000000000
420 -155.0000000000
424 -151.0000000000
455 -150.0000000000
508 -143.0000000000
563 -140.0000000000
607 -139.0000000000
653 -137.0000000000
668 -136.0000000000
670 -135.0000000000
693 -133.0000000000
751 -130.0000000000
762 -129.0000000000
798 -123.0000000000
853 -122.0000000000
883 -119.0000000000
904 -108.0000000000
965 -107.0000000000
1075 -106.0000000000
1145 -104.0000000000
1153 -98.0000000000
1281 -94.0000000000
1331 -93.0000000000
1382 -88.0000000000
1510 -84.0000000000
1561 -83.0000000000
1623 -80.0000000000
1694 -77.0000000000
1739 -75.0000000000
1789 -73.0000000000
1882 -72.0000000000
1905 -71.0000000000
1907 -70.0000000000
1973 -66.0000000000
2029 -64.0000000000
2095 -60.0000000000
2208 -58.0000000000
2270 -57.0000000000
2299 -56.0000000000
2357 -55.0000000000
2445 -53.0000000000
2479 -51.0000000000
2606 -50.0000000000
2609 -47.0000000000
2771 -46.0000000000
2775 -44.0000000000
3054 -41.0000000000
3141 -40.0000000000
3169 -39.0000000000
3281 -36.0000000000
3448 -34.0000000000
3649 -32.0000000000
3864 -31.0000000000
3871 -30.0000000000
3885 -29.0000000000
3990 -28.0000000000
4024 -27.0000000000
4045 -26.0000000000
4180 -25.0000000000
4229 -24.0000000000
4460 -23.0000000000
4466 -22.0000000000
4532 -21.0000000000
4584 -19.0000000000
4664 -18.0000000000
4818 -17.0000000000
4881 -16.0000000000
5076 -14.0000000000
5120 -12.0000000000
5342 -10.0000000000
5628 -9.0000000000
5769 -8.0000000000
6016 -7.0000000000
6075 -6.0000000000
6334 -4.0000000000
6476 -3.0000000000
6652 -2.0000000000
6879 402.0000000000
7714 404.0000000000
7729 406.0000000000
8223 408.0000000000
8563 410.0000000000
8932 412.0000000000
8949 416.0000000000
10077 418.0000000000
10420 422.0000000000
10607 423.0000000000
13705 425.0000000000
15035 427.0000000000
19352 430.0000000000
19407 431.0000000000
31803 432.0000000000
36557 433.0000000000
36993 434.0000000000
85670 435.0000000000
100000 422.0000000000
evaluations raw_y
1 -212.0000000000
3 -195.0000000000
71 -188.0000000000
161 -179.0000000000
247 -175.0000000000
281 -171.0000000000
289 -170.0000000000
328 -168.0000000000
402 -166.0000000000
410 -161.0000000000
465 -156.0000000000
507 -153.0000000000
525 -150.0000000000
578 -149.0000000000
585 -146.0000000000
608 -139.0000000000
682 -138.0000000000
694 -136.0000000000
711 -134.0000000000
716 -129.0000000000
780 -128.0000000000
806 -126.0000000000
849 -125.0000000000
858 -122.0000000000
874 -116.0000000000
956 -111.0000000000
1051 -109.0000000000
1118 -108.0000000000
1154 -103.0000000000
1206 -99.0000000000
1295 -95.0000000000
1320 -94.0000000000
1337 -90.0000000000
1386 -89.0000000000
1456 -87.0000000000
1464 -86.0000000000
1494 -84.0000000000
1509 -83.0000000000
1573 -81.0000000000
1663 -80.0000000000
1674 -76.0000000000
1717 -75.0000000000
1761 -74.0000000000
1796 -72.0000000000
1855 -71.0000000000
1892 -70.0000000000
1938 -66.0000000000
2051 -63.0000000000
2134 -62.0000000000
2146 -60.0000000000
2257 -57.0000000000
2302 -55.0000000000
2313 -52.0000000000
2501 -49.0000000000
2592 -47.0000000000
2687 -46.0000000000
2801 -45.0000000000
2825 -44.0000000000
2861 -42.0000000000
2909 -41.0000000000
2998 -40.0000000000
3039 -37.0000000000
3115 -36.0000000000
3121 -35.0000000000
3257 -34.0000000000
3307 -33.0000000000
3408 -31.0000000000
3459 -28.0000000000
3554 -27.0000000000
3659 -26.0000000000
3664 -25.0000000000
3740 -22.0000000000
4026 -21.0000000000
4039 -20.0000000000
4069 -19.0000000000
4113 -18.0000000000
4261 -17.0000000000
4402 -16.0000000000
4546 -14.0000000000
4624 -13.0000000000
4872 -12.0000000000
4875 -10.0000000000
5054 -9.0000000000
5123 -8.0000000000
5403 -6.0000000000
5585 -5.0000000000
5900 -4.0000000000
6085 -3.0000000000
6268 -2.0000000000
6292 -1.0000000000
6317 376.0000000000
6380 377.0000000000
6592 383.0000000000
6635 391.0000000000
6808 392.0000000000
6979 396.0000000000
7112 398.0000000000
7225 401.0000000000
7774 402.0000000000
7991 410.0000000000
9655 419.0000000000
10190 422.0000000000
10506 425.0000000000
10919 430.0000000000
14127 432.0000000000
15279 434.0000000000
17457 435.0000000000
18107 436.0000000000
33997 437.0000000000
34405 438.0000000000
41264 439.0000000000
95689 440.0000000000
100000 401.0000000000
evaluations raw_y
1 -221.0000000000
2 -211.0000000000
4 -199.0000000000
6 -197.0000000000
67 -196.0000000000
83 -191.0000000000
101 -183.0000000000
142 -180.0000000000
251 -178.0000000000
271 -176.0000000000
302 -174.0000000000
306 -169.0000000000
328 -166.0000000000
388 -162.0000000000
402 -161.0000000000
406 -157.0000000000
420 -149.0000000000
508 -148.0000000000
627 -144.0000000000
705 -138.0000000000
708 -135.0000000000
794 -133.0000000000
840 -131.0000000000
848 -129.0000000000
908 -123.0000000000
971 -119.0000000000
1060 -118.0000000000
1115 -117.0000000000
1117 -116.0000000000
1142 -115.0000000000
1160 -112.0000000000
1177 -110.0000000000
1206 -107.0000000000
1449 -106.0000000000
1461 -105.0000000000
1530 -104.0000000000
1566 -103.0000000000
1607 -100.0000000000
1626 -97.0000000000
1691 -96.0000000000
1705 -94.0000000000
1707 -92.0000000000
1783 -89.0000000000
1801 -88.0000000000
1928 -87.0000000000
1959 -85.0000000000
1964 -83.0000000000
2014 -77.0000000000
2118 -76.0000000000
2221 -74.0000000000
2237 -73.0000000000
2317 -70.0000000000
2381 -69.0000000000
2451 -68.0000000000
2514 -66.0000000000
2573 -63.0000000000
2697 -62.0000000000
2714 -60.0000000000
2752 -59.0000000000
2822 -58.0000000000
2824 -55.0000000000
2957 -54.0000000000
3083 -53.0000000000
3182 -51.0000000000
3252 -48.0000000000
3350 -46.0000000000
3418 -45.0000000000
3538 -42.0000000000
3552 -41.0000000000
3639 -39.0000000000
3746 -38.0000000000
3760 -37.0000000000
3897 -35.0000000000
3953 -34.0000000000
4036 -33.0000000000
4079 -32.0000000000
4090 -31.0000000000
4258 -30.0000000000
4353 -28.0000000000
4364 -27.0000000000
4467 -26.0000000000
4504 -25.0000000000
4669 -24.0000000000
4709 -23.0000000000
4734 -22.0000000000
4804 -21.0000000000
4921 -20.0000000000
5043 -19.0000000000
5117 -18.0000000000
5229 -17.0000000000
5247 -16.0000000000
5467 -15.0000000000
5605 -14.0000000000
5739 -12.0000000000
5906 -11.0000000000
6093 -9.0000000000
6217 -8.0000000000
6378 -7.0000000000
6649 -5.0000000000
6813 -4.0000000000
6868 -3.0000000000
6931 -2.0000000000
7360 -1.0000000000
7551 401.0000000000
7589 403.0000000000
7809 416.0000000000
8021 420.0000000000
9433 422.0000000000
9725 426.0000000000
18234 429.0000000000
32953 430.0000000000
42327 432.0000000000
64883 435.0000000000
100000 -1.0000000000
evaluations raw_y
1 -215.0000000000
2 -213.0000000000
3 -208.0000000000
26 -196.0000000000
132 -195.0000000000
162 -189.0000000000
181 -187.0000000000
215 -186.0000000000
221 -184.0000000000
231 -180.0000000000
245 -175.0000000000
258 -163.0000000000
308 -162.0000000000
455 -151.0000000000
562 -150.0000000000
567 -148.0000000000
626 -143.0000000000
670 -139.0000000000
718 -137.0000000000
823 -127.0000000000
926 -124.0000000000
979 -119.0000000000
1018 -118.0000000000
1068 -116.0000000000
1166 -115.0000000000
1209 -108.0000000000
1266 -102.0000000000
1347 -98.0000000000
1477 -96.0000000000
1495 -95.0000000000
1550 -94.0000000000
1553 -90.0000000000
1580 -89.0000000000
1643 -88.0000000000
1696 -83.0000000000
1749 -81.0000000000
1767 -77.0000000000
1869 -74.0000000000
1898 -71.0000000000
2069 -68.0000000000
2155 -67.0000000000
2233 -65.0000000000
2278 -63.0000000000
2403 -62.0000000000
2419 -61.0000000000
2438 -60.0000000000
2461 -59.0000000000
2518 -58.0000000000
2618 -57.0000000000
2625 -56.0000000000
2708 -55.0000000000
2716 -53.0000000000
2838 -51.0000000000
2843 -50.0000000000
2856 -48.0000000000
2900 -45.0000000000
3118 -44.0000000000
3180 -43.0000000000
3267 -42.0000000000
3286 -41.0000000000
3310 -37.0000000000
3538 -35.0000000000
3576 -33.0000000000
3677 -30.0000000000
3752 -29.0000000000
3835 -28.0000000000
3949 -27.0000000000
3970 -26.0000000000
4014 -25.0000000000
4127 -23.0000000000
4213 -21.0000000000
4286 -20.0000000000
4375 -19.0000000000
4439 -17.0000000000
4480 -16.0000000000
4519 -14.0000000000
4785 -13.0000000000
4880 -12.0000000000
4933 -9.0000000000
5282 -7.0000000000
5459 -4.0000000000
5616 -2.0000000000
5655 -1.0000000000
5804 378.0000000000
5948 388.0000000000
5950 390.0000000000
5972 391.0000000000
6218 394.0000000000
6389 400.0000000000
7135 410.0000000000
7246 412.0000000000
7845 413.0000000000
8437 416.0000000000
9241 422.0000000000
9459 425.0000000000
9654 426.0000000000
12528 428.0000000000
12862 430.0000000000
13318 432.0000000000
17315 434.0000000000
17720 435.0000000000
27614 436.0000000000
31403 437.0000000000
45110 438.0000000000
65718 440.0000000000
100000 409.0000000000
evaluations raw_y
1 -214.0000000000
2 -211.0000000000
3 -192.0000000000
5 -189.0000000000
66 -184.0000000000
98 -180.0000000000
212 -179.0000000000
226 -174.0000000000
261 -173.0000000000
298 -172.0000000000
357 -168.0000000000
359 -164.0000000000
391 -160.0000000000
457 -157.0000000000
459 -156.0000000000
538 -154.0000000000
568 -144.0000000000
613 -142.0000000000
668 -136.0000000000
761 -134.0000000000
836 -132.0000000000
843 -130.0000000000
867 -127.0000000000
967 -124.0000000000
1035 -123.0000000000
1081 -122.0000000000
1120 -119.0000000000
1135 -117.0000000000
1153 -116.0000000000
1222 -115.0000000000
1252 -112.0000000000
1261 -111.0000000000
1305 -105.0000000000
1328 -104.0000000000
1406 -98.0000000000
1494 -97.0000000000
1538 -96.0000000000
1552 -95.0000000000
1597 -93.0000000000
1661 -89.0000000000
1727 -88.0000000000
1742 -86.0000000000
1755 -82.0000000000
1925 -81.0000000000
1966 -80.0000000000
2003 -79.0000000000
2020 -78.0000000000
2050 -76.0000000000
2067 -75.0000000000
2090 -74.0000000000
2110 -71.0000000000
2246 -70.0000000000
2250 -69.0000000000
2370 -68.0000000000
2407 -67.0000000000
2412 -65.0000000000
2543 -64.0000000000
2629 -63.0000000000
2658 -62.0000000000
2700 -61.0000000000
2701 -59.0000000000
2756 -58.0000000000
2865 -56.0000000000
2972 -55.0000000000
3012 -53.0000000000
3103 -52.0000000000
3125 -49.0000000000
3325 -47.0000000000
3373 -46.0000000000
3392 -45.0000000000
3436 -44.0000000000
3515 -42.0000000000
3564 -41.0000000000
3711 -40.0000000000
3842 -38.0000000000
3968 -37.0000000000
3980 -35.0000000000
4133 -34.0000000000
4209 -33.0000000000
4283 -30.0000000000
4467 -27.0000000000
4872 -26.0000000000
4983 -25.0000000000
4994 -24.0000000000
5070 -23.0000000000
5191 -22.0000000000
5233 -21.0000000000
5391 -20.0000000000
5525 -17.0000000000
5677 -16.0000000000
5841 -15.0000000000
5854 -14.0000000000
5964 -13.0000000000
6002 -10.0000000000
6135 -9.0000000000
6432 -7.0000000000
6631 -6.0000000000
6728 -5.0000000000
6796 -3.0000000000
7083 -2.0000000000
7511 -1.0000000000
7549 375.0000000000
7556 394.0000000000
7667 396.0000000000
7919 398.0000000000
8051 399.0000000000
8074 401.0000000000
8168 409.0000000000
9148 410.0000000000
9309 411.0000000000
9561 412.0000000000
9603 418.0000000000
10753 419.0000000000
11004 420.0000000000
11016 421.0000000000
11057 423.0000000000
11602 425.0000000000
14971 427.0000000000
18571 429.0000000000
24554 433.0000000000
25442 434.0000000000
33042 436.0000000000
38883 438.0000000000
42247 439.0000000000
100000 -1.0000000000
evaluations raw_y
1 -218.0000000000
2 -215.0000000000
4 -211.0000000000
5 -205.0000000000
20 -202.0000000000
22 -199.0000000000
29 -188.0000000000
128 -186.0000000000
158 -181.0000000000
219 -169.0000000000
251 -163.0000000000
357 -152.0000000000
459 -150.0000000000
516 -149.0000000000
542 -148.0000000000
554 -142.0000000000
655 -141.0000000000
674 -139.0000000000
699 -135.0000000000
743 -130.0000000000
765 -127.0000000000
856 -124.0000000000
864 -123.0000000000
911 -122.0000000000
940 -118.0000000000
955 -117.0000000000
1024 -111.0000000000
1188 -108.0000000000
1204 -104.0000000000
1292 -102.0000000000
1336 -101.0000000000
1339 -100.0000000000
1400 -93.0000000000
1402 -92.0000000000
1461 -91.0000000000
1495 -90.0000000000
1502 -88.0000000000
1588 -85.0000000000
1611 -81.0000000000
1706 -80.0000000000
1745 -79.0000000000
1779 -78.0000000000
1782 -76.0000000000
1911 -75.0000000000
1922 -74.0000000000
1991 -72.0000000000
2059 -69.0000000000
2075 -68.0000000000
2077 -66.0000000000
2107 -65.0000000000
2152 -62.0000000000
2235 -61.0000000000
2296 -59.0000000000
2312 -55.0000000000
2419 -53.0000000000
2531 -51.0000000000
2610 -50.0000000000
2655 -49.0000000000
2756 -47.0000000000
2845 -45.0000000000
2912 -43.0000000000
2959 -42.0000000000
2971 -40.0000000000
3005 -39.0000000000
3150 -37.0000000000
3242 -36.0000000000
3306 -34.0000000000
3326 -33.0000000000
3357 -32.0000000000
3448 -31.0000000000
3528 -30.0000000000
3653 -28.0000000000
3803 -27.0000000000
3808 -26.0000000000
3932 -25.0000000000
3971 -24.0000000000
4005 -23.0000000000
4080 -22.0000000000
4201 -20.0000000000
4330 -18.0000000000
4516 -17.0000000000
4568 -14.0000000000
4692 -13.0000000000
4726 -11.0000000000
4965 -10.0000000000
5123 -8.0000000000
5304 -7.0000000000
5570 -6.0000000000
5618 -5.0000000000
5642 -4.0000000000
5859 -3.0000000000
5881 -2.0000000000
5905 -1.0000000000
6022 390.0000000000
6334 399.0000000000
6584 402.0000000000
6718 408.0000000000
7244 416.0000000000
10828 419.0000000000
10898 421.0000000000
12379 422.0000000000
13662 423.0000000000
14282 425.0000000000
15193 426.0000000000
15622 427.0000000000
15715 436.0000000000
100000 -3.0000000000
evaluations raw_y
1 -225.0000000000
2 -218.0000000000
3 -216.0000000000
10 -207.0000000000
13 -206.0000000000
14 -197.0000000000
27 -192.0000000000
52 -178.0000000000
158 -174.0000000000
227 -170.0000000000
302 -168.0000000000
305 -164.0000000000
358 -163.0000000000
373 -162.0000000000
378 -161.0000000000
405 -156.0000000000
456 -154.0000000000
475 -153.0000000000
522 -149.0000000000
566 -147.0000000000
569 -145.0000000000
587 -140.0000000000
636 -138.0000000000
653 -134.0000000000
722 -132.0000000000
728 -128.0000000000
780 -126.0000000000
824 -122.0000000000
871 -121.0000000000
978 -114.0000000000
982 -112.0000000000
1062 -111.0000000000
1081 -102.0000000000
1168 -98.0000000000
1308 -97.0000000000
1324 -96.0000000000
1339 -94.0000000000
1355 -91.0000000000
1422 -89.0000000000
1465 -86.0000000000
1532 -83.0000000000
1544 -80.0000000000
1634 -78.0000000000
1714 -76.0000000000
1755 -75.0000000000
1801 -73.0000000000
1803 -71.0000000000
1861 -70.0000000000
1880 -69.0000000000
1939 -68.0000000000
1963 -67.0000000000
1974 -66.0000000000
1980 -65.0000000000
1983 -64.0000000000
2094 -63.0000000000
2123 -62.0000000000
2132 -57.0000000000
2162 -55.0000000000
2334 -54.0000000000
2388 -52.0000000000
2439 -51.0000000000
2478 -49.0000000000
2572 -46.0000000000
2675 -44.0000000000
2766 -42.0000000000
2859 -40.0000000000
2955 -38.0000000000
3044 -37.0000000000
3174 -36.0000000000
3195 -33.0000000000
3503 -32.0000000000
3576 -30.0000000000
3688 -29.0000000000
3712 -28.0000000000
3728 -27.0000000000
3802 -26.0000000000
3914 -25.0000000000
3948 -24.0000000000
4043 -22.0000000000
4122 -21.0000000000
4263 -20.0000000000
4301 -17.0000000000
4499 -15.0000000000
4529 -13.0000000000
4792 -12.0000000000
4819 -11.0000000000
4966 -10.0000000000
5082 -9.0000000000
5130 -8.0000000000
5322 -6.0000000000
5427 -4.0000000000
5646 -3.0000000000
5766 -2.0000000000
5816 -1.0000000000
5998 354.0000000000
6052 383.0000000000
6253 386.0000000000
6351 388.0000000000
6559 403.0000000000
6921 407.0000000000
7307 409.0000000000
7469 415.0000000000
8457 418.0000000000
10541 419.0000000000
10843 421.0000000000
11075 422.0000000000
11484 423.0000000000
13378 424.0000000000
15023 425.0000000000
15961 426.0000000000
17605 427.0000000000
17723 430.0000000000
22467 434.0000000000
22621 435.0000000000
29125 436.0000000000
29151 438.0000000000
76991 439.0000000000
100000 -1.0000000000
