# evaluation best
1 0.0
2 2.0
3 4.0
4 8.0
5 29.0
6 40.0
7 40.0
8 40.0
9 43.0
10 43.0
11 43.0
12 43.0
13 43.0
14 43.0
15 43.0
16 43.0
17 43.0
18 43.0
19 43.0
20 43.0
21 43.0
22 43.0
23 43.0
24 43.0
25 43.0
26 43.0
27 43.0
28 43.0
29 43.0
30 43.0
31 43.0
32 43.0
33 43.0
34 43.0
35 43.0
36 43.0
37 43.0
38 43.0
39 43.0
40 43.0
41 43.0
42 43.0
43 43.0
44 43.0
45 43.0
46 43.0
47 43.0
48 43.0
49 43.0
50 43.0
51 43.0
52 43.0
53 43.0
54 43.0
55 43.0
56 43.0
57 43.0
58 43.0
59 43.0
60 43.0
61 43.0
62 43.0
63 43.0
64 43.0
65 43.0
66 43.0
67 43.0
68 43.0
69 43.0
70 43.0
71 43.0
72 43.0
73 43.0
74 43.0
75 43.0
76 43.0
77 43.0
78 43.0
79 43.0
80 43.0
81 46.0
82 46.0
83 50.0
84 50.0
85 50.0
86 50.0
87 50.0
88 50.0
89 50.0
90 50.0
91 50.0
92 50.0
93 50.0
94 50.0
95 50.0
96 50.0
97 50.0
98 50.0
99 50.0
100 50.0
101 50.0
102 50.0
103 50.0
104 50.0
105 50.0
106 50.0
107 50.0
108 57.0
109 57.0
110 60.0
111 60.0
112 60.0
113 60.0
114 60.0
115 60.0
116 60.0
117 60.0
118 60.0
119 60.0
120 60.0
121 60.0
122 60.0
123 60.0
124 60.0
125 60.0
126 60.0
127 60.0
128 60.0
129 60.0
130 60.0
131 60.0
132 60.0
133 60.0
134 60.0
135 60.0
136 60.0
137 60.0
138 60.0
139 60.0
140 60.0
141 60.0
142 60.0
143 60.0
144 60.0
145 60.0
146 60.0
147 60.0
148 60.0
149 60.0
150 60.0
151 60.0
152 60.0
153 60.0
154 60.0
155 60.0
156 60.0
157 60.0
158 60.0
159 60.0
160 60.0
161 60.0
162 60.0
163 60.0
164 60.0
165 60.0
166 60.0
167 60.0
168 62.0
169 62.0
170 62.0
171 62.0
172 62.0
173 62.0
174 62.0
175 62.0
176 62.0
177 62.0
178 62.0
179 62.0
180 62.0
181 62.0
182 62.0
183 62.0
184 62.0
185 62.0
186 62.0
187 62.0
188 62.0
189 62.0
190 62.0
191 62.0
192 62.0
193 62.0
194 62.0
195 62.0
196 62.0
197 62.0
198 62.0
199 62.0
200 62.0
201 62.0
202 62.0
203 62.0
204 69.0
205 69.0
206 69.0
207 69.0
208 69.0
209 69.0
210 69.0
211 69.0
212 69.0
213 69.0
214 69.0
215 69.0
216 69.0
217 69.0
218 69.0
219 69.0
220 69.0
221 69.0
222 69.0
223 69.0
224 69.0
225 69.0
226 69.0
227 69.0
228 69.0
229 69.0
230 69.0
231 69.0
232 69.0
233 69.0
234 69.0
235 69.0
236 69.0
237 69.0
238 69.0
239 69.0
240 69.0
241 69.0
242 69.0
243 69.0
244 69.0
245 69.0
246 69.0
247 69.0
248 69.0
249 69.0
250 69.0
251 69.0
252 69.0
253 69.0
254 69.0
255 69.0
256 69.0
257 69.0
258 69.0
259 69.0
260 69.0
261 69.0
262 69.0
263 69.0
264 69.0
265 69.0
266 69.0
267 69.0
268 69.0
269 69.0
270 69.0
271 69.0
272 69.0
273 69.0
274 69.0
275 69.0
276 69.0
277 69.0
278 69.0
279 69.0
280 69.0
281 69.0
282 69.0
283 69.0
284 69.0
285 69.0
286 69.0
287 69.0
288 69.0
289 78.0
290 78.0
291 78.0
292 78.0
293 78.0
294 78.0
295 78.0
296 78.0
297 78.0
298 78.0
299 78.0
300 78.0
301 78.0
302 78.0
303 78.0
304 78.0
305 78.0
306 78.0
307 78.0
308 78.0
309 78.0
310 78.0
311 78.0
312 78.0
313 78.0
314 78.0
315 78.0
316 78.0
317 78.0
318 78.0
319 78.0
320 78.0
321 78.0
322 78.0
323 78.0
324 78.0
325 78.0
326 78.0
327 78.0
328 78.0
329 78.0
330 78.0
331 78.0
332 78.0
333 78.0
334 78.0
335 78.0
336 78.0
337 78.0
338 78.0
339 78.0
340 78.0
341 78.0
342 78.0
343 78.0
344 78.0
345 78.0
346 78.0
347 78.0
348 78.0
349 78.0
350 78.0
351 78.0
352 78.0
353 78.0
354 78.0
355 78.0
356 78.0
357 78.0
358 78.0
359 78.0
360 78.0
361 78.0
362 78.0
363 78.0
364 78.0
365 78.0
366 78.0
367 78.0
368 78.0
369 78.0
370 78.0
371 78.0
372 78.0
373 78.0
374 78.0
375 78.0
376 78.0
377 78.0
378 78.0
379 78.0
380 78.0
381 78.0
382 78.0
383 78.0
384 78.0
385 78.0
386 78.0
387 78.0
388 78.0
389 78.0
390 78.0
391 78.0
392 78.0
393 78.0
394 78.0
395 78.0
396 78.0
397 78.0
398 78.0
399 78.0
400 78.0
401 78.0
402 78.0
403 78.0
404 78.0
405 78.0
406 78.0
407 78.0
408 78.0
409 78.0
410 78.0
411 78.0
412 78.0
413 78.0
414 78.0
415 78.0
416 78.0
417 78.0
418 78.0
419 78.0
420 78.0
421 78.0
422 78.0
423 78.0
424 78.0
425 78.0
426 78.0
427 78.0
428 78.0
429 78.0
430 78.0
431 78.0
432 78.0
433 78.0
434 78.0
435 78.0
436 78.0
437 78.0
438 78.0
439 78.0
440 78.0
441 78.0
442 78.0
443 78.0
444 78.0
445 78.0
446 78.0
447 78.0
448 78.0
449 78.0
450 78.0
451 78.0
452 78.0
453 78.0
454 78.0
455 78.0
456 78.0
457 78.0
458 78.0
459 78.0
460 78.0
461 78.0
462 78.0
463 78.0
464 78.0
465 78.0
466 78.0
467 78.0
468 78.0
469 78.0
470 78.0
471 78.0
472 78.0
473 78.0
474 78.0
475 78.0
476 78.0
477 78.0
478 78.0
479 78.0
480 78.0
481 78.0
482 78.0
483 78.0
484 78.0
485 78.0
486 78.0
487 78.0
488 78.0
489 78.0
490 78.0
491 78.0
492 78.0
493 78.0
494 78.0
495 78.0
496 78.0
497 78.0
498 78.0
499 78.0
500 78.0
501 78.0
502 78.0
503 78.0
504 78.0
505 78.0
506 78.0
507 78.0
508 78.0
509 78.0
510 78.0
511 78.0
512 78.0
513 78.0
514 78.0
515 78.0
516 78.0
517 78.0
518 78.0
519 78.0
520 78.0
521 78.0
522 78.0
523 78.0
524 78.0
525 78.0
526 78.0
527 78.0
528 78.0
529 78.0
530 78.0
531 78.0
532 78.0
533 78.0
534 78.0
535 78.0
536 78.0
537 78.0
538 78.0
539 78.0
540 78.0
541 78.0
542 78.0
543 78.0
544 78.0
545 78.0
546 78.0
547 78.0
548 78.0
549 78.0
550 78.0
551 78.0
552 78.0
553 78.0
554 78.0
555 78.0
556 78.0
557 78.0
558 78.0
559 78.0
560 78.0
561 78.0
562 78.0
563 78.0
564 78.0
565 78.0
566 78.0
567 78.0
568 78.0
569 78.0
570 78.0
571 78.0
572 78.0
573 78.0
574 78.0
575 78.0
576 78.0
577 78.0
578 78.0
579 78.0
580 78.0
581 78.0
582 78.0
583 78.0
584 78.0
585 78.0
586 78.0
587 78.0
588 78.0
589 78.0
590 78.0
591 78.0
592 78.0
593 78.0
594 78.0
595 78.0
596 78.0
597 78.0
598 78.0
599 78.0
600 78.0
601 78.0
602 78.0
603 78.0
604 78.0
605 78.0
606 78.0
607 78.0
608 78.0
609 78.0
610 78.0
611 78.0
612 78.0
613 78.0
614 78.0
615 78.0
616 78.0
617 78.0
618 78.0
619 78.0
620 78.0
621 78.0
622 78.0
623 78.0
624 78.0
625 78.0
626 78.0
627 78.0
628 78.0
629 78.0
630 78.0
631 78.0
632 78.0
633 78.0
634 78.0
635 78.0
636 78.0
637 78.0
638 78.0
639 78.0
640 78.0
641 78.0
642 78.0
643 78.0
644 78.0
645 78.0
646 78.0
647 78.0
648 78.0
649 78.0
650 78.0
651 78.0
652 78.0
653 78.0
654 78.0
655 78.0
656 78.0
657 78.0
658 78.0
659 78.0
660 78.0
661 78.0
662 78.0
663 78.0
664 78.0
665 78.0
666 78.0
667 78.0
668 78.0
669 78.0
670 78.0
671 78.0
672 78.0
673 78.0
674 78.0
675 78.0
676 78.0
677 78.0
678 78.0
679 78.0
680 78.0
681 78.0
682 78.0
683 78.0
684 78.0
685 78.0
686 78.0
687 78.0
688 78.0
689 78.0
690 78.0
691 78.0
692 78.0
693 78.0
694 78.0
695 78.0
696 78.0
697 78.0
698 78.0
699 78.0
700 78.0
701 78.0
702 78.0
703 78.0
704 78.0
705 78.0
706 78.0
707 78.0
708 78.0
709 78.0
710 78.0
711 78.0
712 78.0
713 78.0
714 78.0
715 78.0
716 78.0
717 78.0
718 78.0
719 78.0
720 78.0
721 78.0
722 78.0
723 78.0
724 78.0
725 78.0
726 78.0
727 78.0
728 78.0
729 78.0
730 78.0
731 78.0
732 78.0
733 78.0
734 78.0
735 78.0
736 78.0
737 78.0
738 78.0
739 78.0
740 78.0
741 78.0
742 78.0
743 78.0
744 78.0
745 78.0
746 78.0
747 78.0
748 78.0
749 78.0
750 78.0
751 78.0
752 78.0
753 78.0
754 78.0
755 78.0
756 78.0
757 78.0
758 78.0
759 78.0
760 78.0
761 78.0
762 78.0
763 78.0
764 78.0
765 78.0
766 78.0
767 78.0
768 78.0
769 78.0
770 78.0
771 78.0
772 78.0
773 78.0
774 78.0
775 78.0
776 78.0
777 78.0
778 78.0
779 78.0
780 78.0
781 78.0
782 78.0
783 78.0
784 78.0
785 78.0
786 78.0
787 78.0
788 78.0
789 78.0
790 78.0
791 78.0
792 78.0
793 78.0
794 78.0
795 78.0
796 78.0
797 78.0
798 78.0
799 78.0
800 78.0
801 78.0
802 78.0
803 78.0
804 78.0
805 78.0
806 78.0
807 78.0
808 78.0
809 78.0
810 78.0
811 78.0
812 78.0
813 78.0
814 78.0
815 78.0
816 78.0
817 78.0
818 78.0
819 78.0
820 78.0
821 78.0
822 78.0
823 78.0
824 78.0
825 78.0
826 78.0
827 78.0
828 78.0
829 78.0
830 78.0
831 78.0
832 78.0
833 78.0
834 78.0
835 78.0
836 78.0
837 78.0
838 78.0
839 78.0
840 78.0
841 78.0
842 78.0
843 78.0
844 78.0
845 78.0
846 78.0
847 78.0
848 78.0
849 78.0
850 78.0
851 78.0
852 78.0
853 78.0
854 78.0
855 78.0
856 78.0
857 78.0
858 78.0
859 78.0
860 78.0
861 78.0
862 78.0
863 78.0
864 78.0
865 78.0
866 78.0
867 78.0
868 78.0
869 78.0
870 78.0
871 78.0
872 78.0
873 78.0
874 78.0
875 78.0
876 78.0
877 78.0
878 78.0
879 78.0
880 78.0
881 78.0
882 78.0
883 78.0
884 78.0
885 78.0
886 78.0
887 78.0
888 78.0
889 78.0
890 78.0
891 78.0
892 78.0
893 78.0
894 78.0
895 78.0
896 78.0
897 78.0
898 78.0
899 78.0
900 78.0
901 78.0
902 78.0
903 78.0
904 78.0
905 78.0
906 78.0
907 78.0
908 78.0
909 78.0
910 78.0
911 78.0
912 78.0
913 78.0
914 78.0
915 78.0
916 78.0
917 78.0
918 78.0
919 78.0
920 78.0
921 78.0
922 78.0
923 78.0
924 78.0
925 78.0
926 78.0
927 78.0
928 78.0
929 78.0
930 78.0
931 78.0
932 78.0
933 78.0
934 78.0
935 78.0
936 78.0
937 78.0
938 78.0
939 78.0
940 78.0
941 78.0
942 78.0
943 78.0
944 78.0
945 78.0
946 78.0
947 78.0
948 78.0
949 78.0
950 78.0
951 78.0
952 78.0
953 78.0
954 78.0
955 78.0
956 78.0
957 78.0
958 78.0
959 78.0
960 78.0
961 78.0
962 78.0
963 78.0
964 78.0
965 78.0
966 78.0
967 78.0
968 78.0
969 78.0
970 78.0
971 78.0
972 78.0
973 78.0
974 78.0
975 78.0
976 78.0
977 78.0
978 78.0
979 78.0
980 78.0
981 78.0
982 78.0
983 78.0
984 78.0
985 78.0
986 78.0
987 78.0
988 78.0
989 78.0
990 78.0
991 78.0
992 78.0
993 78.0
994 78.0
995 78.0
996 78.0
997 78.0
998 78.0
999 78.0
1000 78.0
1001 78.0
1002 78.0
1003 78.0
1004 78.0
1005 78.0
1006 78.0
1007 78.0
1008 78.0
1009 78.0
1010 78.0
1011 78.0
1012 78.0
1013 78.0
1014 78.0
1015 78.0
1016 78.0
1017 78.0
1018 78.0
1019 78.0
1020 78.0
1021 78.0
1022 78.0
1023 78.0
1024 78.0
1025 78.0
1026 78.0
1027 78.0
1028 78.0
1029 78.0
1030 78.0
1031 78.0
1032 78.0
1033 78.0
1034 78.0
1035 78.0
1036 78.0
1037 78.0
1038 78.0
1039 78.0
1040 78.0
1041 78.0
1042 78.0
1043 78.0
1044 78.0
1045 78.0
1046 78.0
1047 78.0
1048 78.0
1049 78.0
1050 78.0
1051 78.0
1052 78.0
1053 78.0
1054 78.0
1055 78.0
1056 78.0
1057 78.0
1058 78.0
1059 78.0
1060 78.0
1061 78.0
1062 78.0
1063 78.0
1064 78.0
1065 78.0
1066 78.0
1067 78.0
1068 78.0
1069 78.0
1070 78.0
1071 78.0
1072 78.0
1073 78.0
1074 78.0
1075 78.0
1076 78.0
1077 78.0
1078 78.0
1079 78.0
1080 78.0
1081 78.0
1082 78.0
1083 78.0
1084 78.0
1085 78.0
1086 78.0
1087 78.0
1088 78.0
1089 78.0
1090 78.0
1091 78.0
1092 78.0
1093 78.0
1094 78.0
1095 78.0
1096 78.0
1097 78.0
1098 78.0
1099 78.0
1100 78.0
1101 78.0
1102 78.0
1103 78.0
1104 78.0
1105 78.0
1106 78.0
1107 78.0
1108 78.0
1109 78.0
1110 78.0
1111 78.0
1112 78.0
1113 78.0
1114 78.0
1115 78.0
1116 78.0
1117 78.0
1118 78.0
1119 78.0
1120 78.0
1121 78.0
1122 78.0
1123 78.0
1124 78.0
1125 78.0
1126 78.0
1127 78.0
1128 78.0
1129 78.0
1130 78.0
1131 78.0
1132 78.0
1133 78.0
1134 78.0
1135 78.0
1136 78.0
1137 78.0
1138 78.0
1139 78.0
1140 78.0
1141 78.0
1142 78.0
1143 78.0
1144 78.0
1145 78.0
1146 78.0
1147 78.0
1148 78.0
1149 78.0
1150 78.0
1151 78.0
1152 78.0
1153 78.0
1154 78.0
1155 78.0
1156 78.0
1157 78.0
1158 78.0
1159 78.0
1160 78.0
1161 78.0
1162 78.0
1163 78.0
1164 78.0
1165 78.0
1166 78.0
1167 78.0
1168 78.0
1169 78.0
1170 78.0
1171 78.0
1172 78.0
1173 78.0
1174 78.0
1175 78.0
1176 78.0
1177 78.0
1178 78.0
1179 78.0
1180 78.0
1181 78.0
1182 78.0
1183 78.0
1184 78.0
1185 78.0
1186 78.0
1187 78.0
1188 78.0
1189 78.0
1190 78.0
1191 78.0
1192 78.0
1193 78.0
1194 78.0
1195 78.0
1196 78.0
1197 78.0
1198 78.0
1199 78.0
1200 78.0
1201 78.0
1202 78.0
1203 78.0
1204 78.0
1205 78.0
1206 78.0
1207 78.0
1208 78.0
1209 78.0
1210 78.0
1211 78.0
1212 78.0
1213 78.0
1214 78.0
1215 78.0
1216 78.0
1217 78.0
1218 78.0
1219 78.0
1220 78.0
1221 78.0
1222 78.0
1223 78.0
1224 78.0
1225 78.0
1226 78.0
1227 78.0
1228 78.0
1229 78.0
1230 78.0
1231 78.0
1232 78.0
1233 78.0
1234 78.0
1235 78.0
1236 78.0
1237 78.0
1238 78.0
1239 78.0
1240 78.0
1241 78.0
1242 78.0
1243 78.0
1244 78.0
1245 78.0
1246 78.0
1247 78.0
1248 78.0
1249 78.0
1250 78.0
1251 78.0
1252 78.0
1253 78.0
1254 78.0
1255 78.0
1256 78.0
1257 78.0
1258 78.0
1259 78.0
1260 78.0
1261 78.0
1262 78.0
1263 78.0
1264 78.0
1265 78.0
1266 78.0
1267 78.0
1268 78.0
1269 78.0
1270 78.0
1271 78.0
1272 78.0
1273 78.0
1274 78.0
1275 78.0
1276 78.0
1277 78.0
1278 78.0
1279 78.0
1280 78.0
1281 78.0
1282 78.0
1283 78.0
1284 78.0
1285 78.0
1286 78.0
1287 78.0
1288 78.0
1289 78.0
1290 78.0
1291 78.0
1292 78.0
1293 78.0
1294 78.0
1295 78.0
1296 78.0
1297 78.0
1298 78.0
1299 78.0
1300 78.0
1301 78.0
1302 78.0
1303 78.0
1304 78.0
1305 78.0
1306 78.0
1307 78.0
1308 78.0
1309 78.0
1310 78.0
1311 78.0
1312 78.0
1313 78.0
1314 78.0
1315 78.0
1316 78.0
1317 78.0
1318 78.0
1319 78.0
1320 78.0
1321 78.0
1322 78.0
1323 78.0
1324 78.0
1325 78.0
1326 78.0
1327 78.0
1328 78.0
1329 78.0
1330 78.0
1331 78.0
1332 78.0
1333 78.0
1334 78.0
1335 78.0
1336 78.0
1337 78.0
1338 78.0
1339 78.0
1340 78.0
1341 78.0
1342 78.0
1343 78.0
1344 78.0
1345 78.0
1346 78.0
1347 78.0
1348 78.0
1349 78.0
1350 78.0
1351 78.0
1352 78.0
1353 78.0
1354 78.0
1355 78.0
1356 78.0
1357 78.0
1358 78.0
1359 78.0
1360 78.0
1361 78.0
1362 78.0
1363 78.0
1364 78.0
1365 78.0
1366 78.0
1367 78.0
1368 78.0
1369 78.0
1370 78.0
1371 78.0
1372 78.0
1373 78.0
1374 78.0
1375 78.0
1376 78.0
1377 78.0
1378 78.0
1379 78.0
1380 78.0
1381 78.0
1382 78.0
1383 78.0
1384 78.0
1385 78.0
1386 78.0
1387 78.0
1388 78.0
1389 78.0
1390 78.0
1391 78.0
1392 78.0
1393 78.0
1394 78.0
1395 78.0
1396 78.0
1397 78.0
1398 78.0
1399 78.0
1400 78.0
1401 78.0
1402 78.0
1403 78.0
1404 78.0
1405 78.0
1406 78.0
1407 78.0
1408 78.0
1409 78.0
1410 78.0
1411 78.0
1412 78.0
1413 78.0
1414 78.0
1415 78.0
1416 78.0
1417 78.0
1418 78.0
1419 78.0
1420 78.0
1421 78.0
1422 78.0
1423 78.0
1424 78.0
1425 78.0
1426 78.0
1427 78.0
1428 78.0
1429 78.0
1430 78.0
1431 78.0
1432 78.0
1433 78.0
1434 78.0
1435 78.0
1436 78.0
1437 78.0
1438 78.0
1439 78.0
1440 78.0
1441 78.0
1442 78.0
1443 78.0
1444 78.0
1445 78.0
1446 78.0
1447 78.0
1448 78.0
1449 78.0
1450 78.0
1451 78.0
1452 78.0
1453 78.0
1454 78.0
1455 78.0
1456 78.0
1457 78.0
1458 78.0
1459 78.0
1460 78.0
1461 78.0
1462 78.0
1463 78.0
1464 78.0
1465 78.0
1466 78.0
1467 78.0
1468 78.0
1469 78.0
1470 78.0
1471 78.0
1472 78.0
1473 78.0
1474 78.0
1475 78.0
1476 78.0
1477 78.0
1478 78.0
1479 78.0
1480 78.0
1481 78.0
1482 78.0
1483 78.0
1484 78.0
1485 78.0
1486 78.0
1487 78.0
1488 78.0
1489 78.0
1490 78.0
1491 78.0
1492 78.0
1493 78.0
1494 78.0
1495 78.0
1496 78.0
1497 78.0
1498 78.0
1499 78.0
1500 78.0
1501 78.0
1502 78.0
1503 78.0
1504 78.0
1505 78.0
1506 78.0
1507 78.0
1508 78.0
1509 78.0
1510 78.0
1511 78.0
1512 78.0
1513 78.0
1514 78.0
1515 78.0
1516 78.0
1517 78.0
1518 78.0
1519 78.0
1520 78.0
1521 78.0
1522 78.0
1523 78.0
1524 78.0
1525 78.0
1526 78.0
1527 78.0
1528 78.0
1529 78.0
1530 78.0
1531 78.0
1532 78.0
1533 78.0
1534 78.0
1535 78.0
1536 78.0
1537 78.0
1538 78.0
1539 78.0
1540 78.0
1541 78.0
1542 78.0
1543 78.0
1544 78.0
1545 78.0
1546 78.0
1547 78.0
1548 78.0
1549 78.0
1550 78.0
1551 78.0
1552 78.0
1553 78.0
1554 78.0
1555 78.0
1556 78.0
1557 78.0
1558 78.0
1559 78.0
1560 78.0
1561 78.0
1562 78.0
1563 78.0
1564 78.0
1565 78.0
1566 78.0
1567 78.0
1568 78.0
1569 78.0
1570 78.0
1571 78.0
1572 78.0
1573 78.0
1574 78.0
1575 78.0
1576 78.0
1577 78.0
1578 78.0
1579 78.0
1580 78.0
1581 78.0
1582 78.0
1583 78.0
1584 78.0
1585 78.0
1586 78.0
1587 78.0
1588 78.0
1589 78.0
1590 78.0
1591 78.0
1592 78.0
1593 78.0
1594 78.0
1595 78.0
1596 78.0
1597 78.0
1598 78.0
1599 78.0
1600 78.0
1601 78.0
1602 78.0
1603 78.0
1604 78.0
1605 78.0
1606 78.0
1607 78.0
1608 78.0
1609 78.0
1610 78.0
1611 78.0
1612 78.0
1613 78.0
1614 78.0
1615 78.0
1616 78.0
1617 78.0
1618 78.0
1619 78.0
1620 78.0
1621 78.0
1622 78.0
1623 78.0
1624 78.0
1625 78.0
1626 78.0
1627 78.0
1628 78.0
1629 78.0
1630 78.0
1631 78.0
1632 78.0
1633 78.0
1634 78.0
1635 78.0
1636 78.0
1637 78.0
1638 78.0
1639 78.0
1640 78.0
1641 78.0
1642 78.0
1643 78.0
1644 78.0
1645 78.0
1646 78.0
1647 78.0
1648 78.0
1649 78.0
1650 78.0
1651 78.0
1652 78.0
1653 78.0
1654 78.0
1655 78.0
1656 78.0
1657 78.0
1658 78.0
1659 78.0
1660 78.0
1661 78.0
1662 78.0
1663 78.0
1664 78.0
1665 78.0
1666 78.0
1667 78.0
1668 78.0
1669 78.0
1670 78.0
1671 78.0
1672 78.0
1673 78.0
1674 78.0
1675 78.0
1676 78.0
1677 78.0
1678 78.0
1679 78.0
1680 78.0
1681 78.0
1682 78.0
1683 78.0
1684 78.0
1685 78.0
1686 78.0
1687 78.0
1688 78.0
1689 78.0
1690 78.0
1691 78.0
1692 78.0
1693 78.0
1694 78.0
1695 78.0
1696 78.0
1697 78.0
1698 78.0
1699 78.0
1700 78.0
1701 78.0
1702 78.0
1703 78.0
1704 78.0
1705 78.0
1706 78.0
1707 78.0
1708 78.0
1709 78.0
1710 78.0
1711 78.0
1712 78.0
1713 78.0
1714 78.0
1715 78.0
1716 78.0
1717 78.0
1718 78.0
1719 78.0
1720 78.0
1721 78.0
1722 78.0
1723 78.0
1724 78.0
1725 78.0
1726 78.0
1727 78.0
1728 78.0
1729 78.0
1730 78.0
1731 81.0
1732 81.0
1733 81.0
1734 81.0
1735 81.0
1736 81.0
1737 81.0
1738 81.0
1739 81.0
1740 81.0
1741 81.0
1742 81.0
1743 81.0
1744 81.0
1745 81.0
1746 81.0
1747 81.0
1748 81.0
1749 81.0
1750 81.0
1751 81.0
1752 81.0
1753 81.0
1754 81.0
1755 81.0
1756 81.0
1757 81.0
1758 81.0
1759 81.0
1760 81.0
1761 81.0
1762 81.0
1763 81.0
1764 81.0
1765 81.0
1766 81.0
1767 81.0
1768 81.0
1769 81.0
1770 81.0
1771 81.0
1772 81.0
1773 81.0
1774 81.0
1775 81.0
1776 81.0
1777 81.0
1778 81.0
1779 81.0
1780 81.0
1781 81.0
1782 81.0
1783 81.0
1784 81.0
1785 81.0
1786 81.0
1787 81.0
1788 81.0
1789 81.0
1790 81.0
1791 81.0
1792 81.0
1793 81.0
1794 81.0
1795 81.0
1796 81.0
1797 81.0
1798 81.0
1799 81.0
1800 81.0
1801 81.0
1802 81.0
1803 81.0
1804 81.0
1805 81.0
1806 81.0
1807 81.0
1808 81.0
1809 81.0
1810 81.0
1811 81.0
1812 81.0
1813 81.0
1814 81.0
1815 81.0
1816 81.0
1817 81.0
1818 81.0
1819 81.0
1820 81.0
1821 81.0
1822 81.0
1823 81.0
1824 81.0
1825 81.0
1826 81.0
1827 81.0
1828 81.0
1829 81.0
1830 81.0
1831 81.0
1832 81.0
1833 81.0
1834 81.0
1835 81.0
1836 81.0
1837 81.0
1838 81.0
1839 81.0
1840 81.0
1841 81.0
1842 81.0
1843 81.0
1844 81.0
1845 81.0
1846 81.0
1847 81.0
1848 81.0
1849 81.0
1850 81.0
1851 81.0
1852 81.0
1853 81.0
1854 81.0
1855 81.0
1856 81.0
1857 81.0
1858 81.0
1859 81.0
1860 81.0
1861 81.0
1862 81.0
1863 81.0
1864 81.0
1865 81.0
1866 81.0
1867 81.0
1868 81.0
1869 81.0
1870 81.0
1871 81.0
1872 81.0
1873 81.0
1874 81.0
1875 81.0
1876 81.0
1877 81.0
1878 81.0
1879 81.0
1880 81.0
1881 81.0
1882 81.0
1883 81.0
1884 81.0
1885 81.0
1886 81.0
1887 81.0
1888 81.0
1889 81.0
1890 81.0
1891 81.0
1892 81.0
1893 81.0
1894 81.0
1895 81.0
1896 81.0
1897 81.0
1898 81.0
1899 81.0
1900 81.0
1901 81.0
1902 81.0
1903 81.0
1904 81.0
1905 81.0
1906 81.0
1907 81.0
1908 81.0
1909 81.0
1910 81.0
1911 81.0
1912 81.0
1913 81.0
1914 81.0
1915 81.0
1916 81.0
1917 81.0
1918 81.0
1919 81.0
1920 81.0
1921 81.0
1922 81.0
1923 81.0
1924 81.0
1925 81.0
1926 81.0
1927 81.0
1928 81.0
1929 81.0
1930 81.0
1931 81.0
1932 81.0
1933 81.0
1934 81.0
1935 81.0
1936 81.0
1937 81.0
1938 81.0
1939 81.0
1940 81.0
1941 81.0
1942 81.0
1943 81.0
1944 81.0
1945 81.0
1946 81.0
1947 81.0
1948 81.0
1949 81.0
1950 81.0
1951 81.0
1952 81.0
1953 81.0
1954 81.0
1955 81.0
1956 81.0
1957 81.0
1958 81.0
1959 81.0
1960 81.0
1961 81.0
1962 81.0
1963 81.0
1964 81.0
1965 81.0
1966 81.0
1967 81.0
1968 81.0
1969 81.0
1970 81.0
1971 81.0
1972 81.0
1973 81.0
1974 81.0
1975 81.0
1976 81.0
1977 81.0
1978 81.0
1979 81.0
1980 81.0
1981 81.0
1982 81.0
1983 81.0
1984 81.0
1985 81.0
1986 81.0
1987 81.0
1988 81.0
1989 81.0
1990 81.0
1991 81.0
1992 81.0
1993 81.0
1994 81.0
1995 81.0
1996 81.0
1997 81.0
1998 81.0
1999 81.0
2000 81.0
2001 81.0
2002 81.0
2003 81.0
2004 81.0
2005 81.0
2006 81.0
2007 81.0
2008 81.0
2009 81.0
2010 81.0
2011 81.0
2012 81.0
2013 81.0
2014 81.0
2015 81.0
2016 81.0
2017 81.0
2018 81.0
2019 81.0
2020 81.0
2021 81.0
2022 81.0
2023 81.0
2024 81.0
2025 81.0
2026 81.0
2027 81.0
2028 81.0
2029 81.0
2030 81.0
2031 81.0
2032 81.0
2033 81.0
2034 81.0
2035 81.0
2036 81.0
2037 81.0
2038 81.0
2039 81.0
2040 81.0
2041 81.0
2042 81.0
2043 81.0
2044 81.0
2045 81.0
2046 81.0
2047 81.0
2048 81.0
2049 81.0
2050 81.0
2051 81.0
2052 81.0
2053 81.0
2054 81.0
2055 81.0
2056 81.0
2057 81.0
2058 81.0
2059 81.0
2060 81.0
2061 81.0
2062 81.0
2063 81.0
2064 81.0
2065 81.0
2066 81.0
2067 81.0
2068 81.0
2069 81.0
2070 81.0
2071 81.0
2072 81.0
2073 81.0
2074 81.0
2075 81.0
2076 81.0
2077 81.0
2078 81.0
2079 81.0
2080 81.0
2081 81.0
2082 81.0
2083 81.0
2084 81.0
2085 81.0
2086 81.0
2087 81.0
2088 81.0
2089 81.0
2090 81.0
2091 81.0
2092 81.0
2093 81.0
2094 81.0
2095 81.0
2096 81.0
2097 81.0
2098 81.0
2099 81.0
2100 81.0
2101 81.0
2102 81.0
2103 81.0
2104 81.0
2105 81.0
2106 81.0
2107 81.0
2108 81.0
2109 81.0
2110 81.0
2111 81.0
2112 81.0
2113 81.0
2114 81.0
2115 81.0
2116 81.0
2117 81.0
2118 81.0
2119 81.0
2120 81.0
2121 81.0
2122 81.0
2123 81.0
2124 81.0
2125 81.0
2126 81.0
2127 81.0
2128 81.0
2129 81.0
2130 81.0
2131 81.0
2132 81.0
2133 81.0
2134 81.0
2135 81.0
2136 81.0
2137 81.0
2138 81.0
2139 81.0
2140 81.0
2141 81.0
2142 81.0
2143 81.0
2144 81.0
2145 81.0
2146 81.0
2147 81.0
2148 81.0
2149 81.0
2150 81.0
2151 81.0
2152 81.0
2153 81.0
2154 81.0
2155 81.0
2156 81.0
2157 81.0
2158 81.0
2159 81.0
2160 81.0
2161 81.0
2162 81.0
2163 81.0
2164 81.0
2165 81.0
2166 81.0
2167 81.0
2168 81.0
2169 81.0
2170 81.0
2171 81.0
2172 81.0
2173 81.0
2174 81.0
2175 81.0
2176 81.0
2177 81.0
2178 81.0
2179 81.0
2180 81.0
2181 81.0
2182 81.0
2183 81.0
2184 81.0
2185 81.0
2186 81.0
2187 81.0
2188 81.0
2189 81.0
2190 81.0
2191 81.0
2192 81.0
2193 81.0
2194 81.0
2195 81.0
2196 81.0
2197 81.0
2198 81.0
2199 81.0
2200 81.0
2201 81.0
2202 81.0
2203 81.0
2204 81.0
2205 81.0
2206 81.0
2207 81.0
2208 81.0
2209 81.0
2210 81.0
2211 81.0
2212 81.0
2213 81.0
2214 81.0
2215 81.0
2216 81.0
2217 81.0
2218 81.0
2219 81.0
2220 81.0
2221 81.0
2222 81.0
2223 81.0
2224 81.0
2225 81.0
2226 81.0
2227 81.0
2228 81.0
2229 81.0
2230 81.0
2231 81.0
2232 81.0
2233 81.0
2234 81.0
2235 81.0
2236 81.0
2237 81.0
2238 81.0
2239 81.0
2240 81.0
2241 81.0
2242 81.0
2243 81.0
2244 81.0
2245 81.0
2246 81.0
2247 81.0
2248 81.0
2249 81.0
2250 81.0
2251 81.0
2252 81.0
2253 81.0
2254 81.0
2255 81.0
2256 81.0
2257 81.0
2258 81.0
2259 81.0
2260 81.0
2261 81.0
2262 81.0
2263 81.0
2264 81.0
2265 81.0
2266 81.0
2267 81.0
2268 81.0
2269 81.0
2270 81.0
2271 81.0
2272 81.0
2273 81.0
2274 81.0
2275 81.0
2276 81.0
2277 81.0
2278 81.0
2279 81.0
2280 81.0
2281 81.0
2282 81.0
2283 81.0
2284 81.0
2285 81.0
2286 81.0
2287 81.0
2288 81.0
2289 81.0
2290 81.0
2291 81.0
2292 81.0
2293 81.0
2294 81.0
2295 81.0
2296 81.0
2297 81.0
2298 81.0
2299 81.0
2300 81.0
2301 81.0
2302 81.0
2303 81.0
2304 81.0
2305 81.0
2306 81.0
2307 81.0
2308 81.0
2309 81.0
2310 81.0
2311 81.0
2312 81.0
2313 81.0
2314 81.0
2315 81.0
2316 81.0
2317 81.0
2318 81.0
2319 81.0
2320 81.0
2321 81.0
2322 81.0
2323 81.0
2324 81.0
2325 81.0
2326 81.0
2327 81.0
2328 81.0
2329 81.0
2330 81.0
2331 81.0
2332 81.0
2333 81.0
2334 81.0
2335 81.0
2336 81.0
2337 81.0
2338 81.0
2339 81.0
2340 81.0
2341 81.0
2342 81.0
2343 81.0
2344 81.0
2345 81.0
2346 81.0
2347 81.0
2348 81.0
2349 81.0
2350 81.0
2351 81.0
2352 81.0
2353 81.0
2354 81.0
2355 81.0
2356 81.0
2357 81.0
2358 81.0
2359 81.0
2360 81.0
2361 81.0
2362 81.0
2363 81.0
2364 81.0
2365 81.0
2366 81.0
2367 81.0
2368 81.0
2369 81.0
2370 81.0
2371 81.0
2372 81.0
2373 81.0
2374 81.0
2375 81.0
2376 81.0
2377 81.0
2378 81.0
2379 81.0
2380 81.0
2381 81.0
2382 81.0
2383 81.0
2384 81.0
2385 81.0
2386 81.0
2387 81.0
2388 81.0
2389 81.0
2390 81.0
2391 81.0
2392 81.0
2393 81.0
2394 81.0
2395 81.0
2396 81.0
2397 81.0
2398 81.0
2399 81.0
2400 81.0
2401 81.0
2402 81.0
2403 81.0
2404 81.0
2405 81.0
2406 81.0
2407 81.0
2408 81.0
2409 81.0
2410 81.0
2411 81.0
2412 81.0
2413 81.0
2414 81.0
2415 81.0
2416 81.0
2417 81.0
2418 81.0
2419 81.0
2420 81.0
2421 81.0
2422 81.0
2423 81.0
2424 81.0
2425 81.0
2426 81.0
2427 81.0
2428 81.0
2429 81.0
2430 81.0
2431 81.0
2432 81.0
2433 81.0
2434 81.0
2435 81.0
2436 81.0
2437 81.0
2438 81.0
2439 81.0
2440 81.0
2441 81.0
2442 81.0
2443 81.0
2444 81.0
2445 81.0
2446 81.0
2447 81.0
2448 81.0
2449 81.0
2450 81.0
2451 81.0
2452 81.0
2453 81.0
2454 81.0
2455 81.0
2456 81.0
2457 81.0
2458 81.0
2459 81.0
2460 81.0
2461 81.0
2462 81.0
2463 81.0
2464 81.0
2465 81.0
2466 81.0
2467 81.0
2468 81.0
2469 81.0
2470 81.0
2471 81.0
2472 81.0
2473 81.0
2474 81.0
2475 81.0
2476 81.0
2477 81.0
2478 81.0
2479 81.0
2480 81.0
2481 81.0
2482 81.0
2483 81.0
2484 81.0
2485 81.0
2486 81.0
2487 81.0
2488 81.0
2489 81.0
2490 81.0
2491 81.0
2492 81.0
2493 81.0
2494 81.0
2495 81.0
2496 81.0
2497 81.0
2498 81.0
2499 81.0
2500 81.0
2501 81.0
2502 81.0
2503 81.0
2504 81.0
2505 81.0
2506 81.0
2507 81.0
2508 81.0
2509 81.0
2510 81.0
2511 81.0
2512 81.0
2513 81.0
2514 81.0
2515 81.0
2516 81.0
2517 81.0
2518 81.0
2519 81.0
2520 81.0
2521 81.0
2522 81.0
2523 81.0
2524 81.0
2525 81.0
2526 81.0
2527 81.0
2528 81.0
2529 81.0
2530 81.0
2531 81.0
2532 81.0
2533 81.0
2534 81.0
2535 81.0
2536 81.0
2537 81.0
2538 81.0
2539 81.0
2540 81.0
2541 81.0
2542 81.0
2543 81.0
2544 81.0
2545 81.0
2546 81.0
2547 81.0
2548 81.0
2549 81.0
2550 81.0
2551 81.0
2552 81.0
2553 81.0
2554 81.0
2555 81.0
2556 81.0
2557 81.0
2558 81.0
2559 81.0
2560 81.0
2561 81.0
2562 81.0
2563 81.0
2564 81.0
2565 81.0
2566 81.0
2567 81.0
2568 81.0
2569 81.0
2570 81.0
2571 81.0
2572 81.0
2573 81.0
2574 81.0
2575 81.0
2576 81.0
2577 81.0
2578 81.0
2579 81.0
2580 81.0
2581 81.0
2582 81.0
2583 81.0
2584 81.0
2585 81.0
2586 81.0
2587 81.0
2588 81.0
2589 81.0
2590 81.0
2591 81.0
2592 81.0
2593 81.0
2594 81.0
2595 81.0
2596 81.0
2597 81.0
2598 81.0
2599 81.0
2600 81.0
2601 81.0
2602 81.0
2603 81.0
2604 81.0
2605 81.0
2606 81.0
2607 81.0
2608 81.0
2609 81.0
2610 81.0
2611 81.0
2612 81.0
2613 81.0
2614 81.0
2615 81.0
2616 81.0
2617 81.0
2618 81.0
2619 81.0
2620 81.0
2621 81.0
2622 81.0
2623 81.0
2624 81.0
2625 81.0
2626 81.0
2627 81.0
2628 81.0
2629 81.0
2630 81.0
2631 81.0
2632 81.0
2633 81.0
2634 81.0
2635 81.0
2636 81.0
2637 81.0
2638 81.0
2639 81.0
2640 81.0
2641 81.0
2642 81.0
2643 81.0
2644 81.0
2645 81.0
2646 81.0
2647 81.0
2648 81.0
2649 81.0
2650 81.0
2651 81.0
2652 81.0
2653 81.0
2654 81.0
2655 81.0
2656 81.0
2657 81.0
2658 81.0
2659 81.0
2660 81.0
2661 81.0
2662 81.0
2663 81.0
2664 81.0
2665 81.0
2666 81.0
2667 81.0
2668 81.0
2669 81.0
2670 81.0
2671 81.0
2672 81.0
2673 81.0
2674 81.0
2675 81.0
2676 81.0
2677 81.0
2678 81.0
2679 81.0
2680 81.0
2681 81.0
2682 81.0
2683 81.0
2684 81.0
2685 81.0
2686 81.0
2687 81.0
2688 81.0
2689 81.0
2690 81.0
2691 81.0
2692 81.0
2693 81.0
2694 81.0
2695 81.0
2696 81.0
2697 81.0
2698 81.0
2699 81.0
2700 81.0
2701 81.0
2702 81.0
2703 81.0
2704 81.0
2705 81.0
2706 81.0
2707 81.0
2708 81.0
2709 81.0
2710 81.0
2711 81.0
2712 81.0
2713 81.0
2714 81.0
2715 81.0
2716 81.0
2717 81.0
2718 81.0
2719 81.0
2720 81.0
2721 81.0
2722 81.0
2723 81.0
2724 81.0
2725 81.0
2726 81.0
2727 81.0
2728 81.0
2729 81.0
2730 81.0
2731 81.0
2732 81.0
2733 81.0
2734 81.0
2735 81.0
2736 81.0
2737 81.0
2738 81.0
2739 81.0
2740 81.0
2741 81.0
2742 81.0
2743 81.0
2744 81.0
2745 81.0
2746 81.0
2747 81.0
2748 81.0
2749 81.0
2750 81.0
2751 81.0
2752 81.0
2753 81.0
2754 81.0
2755 81.0
2756 81.0
2757 81.0
2758 81.0
2759 81.0
2760 81.0
2761 81.0
2762 81.0
2763 81.0
2764 81.0
2765 81.0
2766 81.0
2767 81.0
2768 81.0
2769 81.0
2770 81.0
2771 81.0
2772 81.0
2773 81.0
2774 81.0
2775 81.0
2776 81.0
2777 81.0
2778 81.0
2779 81.0
2780 81.0
2781 81.0
2782 81.0
2783 81.0
2784 81.0
2785 81.0
2786 81.0
2787 81.0
2788 81.0
2789 81.0
2790 81.0
2791 81.0
2792 81.0
2793 81.0
2794 81.0
2795 81.0
2796 81.0
2797 81.0
2798 81.0
2799 81.0
2800 81.0
2801 81.0
2802 81.0
2803 81.0
2804 81.0
2805 81.0
2806 81.0
2807 81.0
2808 81.0
2809 81.0
2810 81.0
2811 81.0
2812 81.0
2813 81.0
2814 81.0
2815 81.0
2816 81.0
2817 81.0
2818 81.0
2819 81.0
2820 81.0
2821 81.0
2822 81.0
2823 81.0
2824 81.0
2825 81.0
2826 81.0
2827 81.0
2828 81.0
2829 81.0
2830 81.0
2831 81.0
2832 81.0
2833 81.0
2834 81.0
2835 81.0
2836 81.0
2837 81.0
2838 81.0
2839 81.0
2840 81.0
2841 81.0
2842 81.0
2843 81.0
2844 81.0
2845 81.0
2846 81.0
2847 81.0
2848 81.0
2849 81.0
2850 81.0
2851 81.0
2852 81.0
2853 81.0
2854 81.0
2855 81.0
2856 81.0
2857 81.0
2858 81.0
2859 81.0
2860 81.0
2861 81.0
2862 81.0
2863 81.0
2864 81.0
2865 81.0
2866 81.0
2867 81.0
2868 81.0
2869 81.0
2870 81.0
2871 81.0
2872 81.0
2873 81.0
2874 81.0
2875 81.0
2876 81.0
2877 81.0
2878 81.0
2879 81.0
2880 81.0
2881 81.0
2882 81.0
2883 81.0
2884 81.0
2885 81.0
2886 81.0
2887 81.0
2888 81.0
2889 81.0
2890 81.0
2891 81.0
2892 81.0
2893 81.0
2894 81.0
2895 81.0
2896 81.0
2897 81.0
2898 81.0
2899 81.0
2900 81.0
2901 81.0
2902 81.0
2903 81.0
2904 81.0
2905 81.0
2906 81.0
2907 81.0
2908 81.0
2909 81.0
2910 81.0
2911 81.0
2912 81.0
2913 81.0
2914 81.0
2915 81.0
2916 81.0
2917 81.0
2918 81.0
2919 81.0
2920 81.0
2921 81.0
2922 81.0
2923 81.0
2924 81.0
2925 81.0
2926 81.0
2927 81.0
2928 81.0
2929 81.0
2930 81.0
2931 81.0
2932 81.0
2933 81.0
2934 81.0
2935 81.0
2936 81.0
2937 81.0
2938 81.0
2939 81.0
2940 81.0
2941 81.0
2942 81.0
2943 81.0
2944 81.0
2945 81.0
2946 81.0
2947 81.0
2948 81.0
2949 81.0
2950 81.0
2951 81.0
2952 81.0
2953 81.0
2954 81.0
2955 81.0
2956 81.0
2957 81.0
2958 81.0
2959 81.0
2960 81.0
2961 81.0
2962 81.0
2963 81.0
2964 81.0
2965 81.0
2966 81.0
2967 81.0
2968 81.0
2969 81.0
2970 81.0
2971 81.0
2972 81.0
2973 81.0
2974 81.0
2975 81.0
2976 81.0
2977 81.0
2978 81.0
2979 81.0
2980 81.0
2981 81.0
2982 81.0
2983 81.0
2984 81.0
2985 81.0
2986 81.0
2987 81.0
2988 81.0
2989 81.0
2990 81.0
2991 81.0
2992 81.0
2993 81.0
2994 81.0
2995 81.0
2996 81.0
2997 81.0
2998 81.0
2999 81.0
3000 81.0
3001 81.0
3002 81.0
3003 81.0
3004 81.0
3005 81.0
3006 81.0
3007 81.0
3008 81.0
3009 81.0
3010 81.0
3011 81.0
3012 81.0
3013 81.0
3014 81.0
3015 81.0
3016 81.0
3017 81.0
3018 81.0
3019 81.0
3020 81.0
3021 81.0
3022 81.0
3023 81.0
3024 81.0
3025 81.0
3026 81.0
3027 81.0
3028 81.0
3029 81.0
3030 81.0
3031 81.0
3032 81.0
3033 81.0
3034 81.0
3035 81.0
3036 81.0
3037 81.0
3038 81.0
3039 81.0
3040 81.0
3041 81.0
3042 81.0
3043 81.0
3044 81.0
3045 81.0
3046 81.0
3047 81.0
3048 81.0
3049 81.0
3050 81.0
3051 81.0
3052 81.0
3053 81.0
3054 81.0
3055 81.0
3056 81.0
3057 81.0
3058 81.0
3059 81.0
3060 81.0
3061 81.0
3062 81.0
3063 81.0
3064 81.0
3065 81.0
3066 81.0
3067 81.0
3068 81.0
3069 81.0
3070 81.0
3071 81.0
3072 81.0
3073 81.0
3074 81.0
3075 81.0
3076 81.0
3077 81.0
3078 81.0
3079 81.0
3080 81.0
3081 81.0
3082 81.0
3083 81.0
3084 81.0
3085 81.0
3086 81.0
3087 81.0
3088 81.0
3089 81.0
3090 81.0
3091 81.0
3092 81.0
3093 81.0
3094 81.0
3095 81.0
3096 81.0
3097 81.0
3098 81.0
3099 81.0
3100 81.0
3101 81.0
3102 81.0
3103 81.0
3104 81.0
3105 81.0
3106 81.0
3107 81.0
3108 81.0
3109 81.0
3110 81.0
3111 81.0
3112 81.0
3113 81.0
3114 81.0
3115 81.0
3116 81.0
3117 81.0
3118 81.0
3119 81.0
3120 81.0
3121 81.0
3122 81.0
3123 81.0
3124 81.0
3125 81.0
3126 81.0
3127 81.0
3128 81.0
3129 81.0
3130 81.0
3131 81.0
3132 81.0
3133 81.0
3134 81.0
3135 81.0
3136 81.0
3137 81.0
3138 81.0
3139 81.0
3140 81.0
3141 81.0
3142 81.0
3143 81.0
3144 81.0
3145 81.0
3146 81.0
3147 81.0
3148 81.0
3149 81.0
3150 81.0
3151 81.0
3152 81.0
3153 81.0
3154 81.0
3155 81.0
3156 81.0
3157 81.0
3158 81.0
3159 81.0
3160 81.0
3161 81.0
3162 81.0
3163 81.0
3164 81.0
3165 81.0
3166 81.0
3167 81.0
3168 81.0
3169 81.0
3170 81.0
3171 81.0
3172 81.0
3173 81.0
3174 81.0
3175 81.0
3176 81.0
3177 81.0
3178 81.0
3179 81.0
3180 81.0
3181 81.0
3182 81.0
3183 81.0
3184 81.0
3185 81.0
3186 81.0
3187 81.0
3188 81.0
3189 81.0
3190 81.0
3191 81.0
3192 81.0
3193 81.0
3194 81.0
3195 81.0
3196 81.0
3197 81.0
3198 81.0
3199 81.0
3200 81.0
3201 81.0
3202 81.0
3203 81.0
3204 81.0
3205 81.0
3206 81.0
3207 81.0
3208 81.0
3209 81.0
3210 81.0
3211 81.0
3212 81.0
3213 81.0
3214 81.0
3215 81.0
3216 81.0
3217 81.0
3218 81.0
3219 81.0
3220 81.0
3221 81.0
3222 81.0
3223 81.0
3224 81.0
3225 81.0
3226 81.0
3227 81.0
3228 81.0
3229 81.0
3230 81.0
3231 81.0
3232 81.0
3233 81.0
3234 81.0
3235 81.0
3236 81.0
3237 81.0
3238 81.0
3239 81.0
3240 81.0
3241 81.0
3242 81.0
3243 81.0
3244 81.0
3245 81.0
3246 81.0
3247 81.0
3248 81.0
3249 81.0
3250 81.0
3251 81.0
3252 81.0
3253 81.0
3254 81.0
3255 81.0
3256 81.0
3257 81.0
3258 81.0
3259 81.0
3260 81.0
3261 81.0
3262 81.0
3263 81.0
3264 81.0
3265 81.0
3266 81.0
3267 81.0
3268 81.0
3269 81.0
3270 81.0
3271 81.0
3272 81.0
3273 81.0
3274 81.0
3275 81.0
3276 81.0
3277 81.0
3278 81.0
3279 81.0
3280 81.0
3281 81.0
3282 81.0
3283 81.0
3284 81.0
3285 81.0
3286 81.0
3287 81.0
3288 81.0
3289 81.0
3290 81.0
3291 81.0
3292 81.0
3293 81.0
3294 81.0
3295 81.0
3296 81.0
3297 81.0
3298 81.0
3299 81.0
3300 81.0
3301 81.0
3302 81.0
3303 81.0
3304 81.0
3305 81.0
3306 81.0
3307 81.0
3308 81.0
3309 81.0
3310 81.0
3311 81.0
3312 81.0
3313 81.0
3314 81.0
3315 81.0
3316 81.0
3317 81.0
3318 81.0
3319 81.0
3320 81.0
3321 81.0
3322 81.0
3323 81.0
3324 81.0
3325 81.0
3326 81.0
3327 81.0
3328 81.0
3329 81.0
3330 81.0
3331 81.0
3332 81.0
3333 81.0
3334 81.0
3335 81.0
3336 81.0
3337 81.0
3338 81.0
3339 81.0
3340 81.0
3341 81.0
3342 81.0
3343 81.0
3344 81.0
3345 81.0
3346 81.0
3347 81.0
3348 81.0
3349 81.0
3350 81.0
3351 81.0
3352 81.0
3353 81.0
3354 81.0
3355 81.0
3356 81.0
3357 81.0
3358 81.0
3359 81.0
3360 81.0
3361 81.0
3362 81.0
3363 81.0
3364 81.0
3365 81.0
3366 81.0
3367 81.0
3368 81.0
3369 81.0
3370 81.0
3371 81.0
3372 81.0
3373 81.0
3374 81.0
3375 81.0
3376 81.0
3377 81.0
3378 81.0
3379 81.0
3380 81.0
3381 81.0
3382 81.0
3383 81.0
3384 81.0
3385 81.0
3386 81.0
3387 81.0
3388 81.0
3389 81.0
3390 81.0
3391 81.0
3392 81.0
3393 81.0
3394 81.0
3395 81.0
3396 81.0
3397 81.0
3398 81.0
3399 81.0
3400 81.0
3401 81.0
3402 81.0
3403 81.0
3404 81.0
3405 81.0
3406 81.0
3407 81.0
3408 81.0
3409 81.0
3410 81.0
3411 81.0
3412 81.0
3413 81.0
3414 81.0
3415 81.0
3416 81.0
3417 81.0
3418 81.0
3419 81.0
3420 81.0
3421 81.0
3422 81.0
3423 81.0
3424 81.0
3425 81.0
3426 81.0
3427 81.0
3428 81.0
3429 81.0
3430 81.0
3431 81.0
3432 81.0
3433 81.0
3434 81.0
3435 81.0
3436 81.0
3437 81.0
3438 81.0
3439 81.0
3440 81.0
3441 81.0
3442 81.0
3443 81.0
3444 81.0
3445 81.0
3446 81.0
3447 81.0
3448 81.0
3449 81.0
3450 81.0
3451 81.0
3452 81.0
3453 81.0
3454 81.0
3455 81.0
3456 81.0
3457 81.0
3458 81.0
3459 81.0
3460 81.0
3461 81.0
3462 81.0
3463 81.0
3464 81.0
3465 81.0
3466 81.0
3467 81.0
3468 81.0
3469 81.0
3470 81.0
3471 81.0
3472 81.0
3473 81.0
3474 81.0
3475 81.0
3476 81.0
3477 81.0
3478 81.0
3479 81.0
3480 81.0
3481 81.0
3482 81.0
3483 81.0
3484 81.0
3485 81.0
3486 81.0
3487 81.0
3488 81.0
3489 81.0
3490 81.0
3491 81.0
3492 81.0
3493 81.0
3494 81.0
3495 81.0
3496 81.0
3497 81.0
3498 81.0
3499 81.0
3500 81.0
3501 81.0
3502 81.0
3503 81.0
3504 81.0
3505 81.0
3506 81.0
3507 81.0
3508 81.0
3509 81.0
3510 81.0
3511 81.0
3512 81.0
3513 81.0
3514 81.0
3515 81.0
3516 81.0
3517 81.0
3518 81.0
3519 81.0
3520 81.0
3521 81.0
3522 81.0
3523 81.0
3524 81.0
3525 81.0
3526 81.0
3527 81.0
3528 81.0
3529 81.0
3530 81.0
3531 81.0
3532 81.0
3533 81.0
3534 81.0
3535 81.0
3536 81.0
3537 81.0
3538 81.0
3539 81.0
3540 81.0
3541 81.0
3542 81.0
3543 81.0
3544 81.0
3545 81.0
3546 81.0
3547 81.0
3548 81.0
3549 81.0
3550 81.0
3551 81.0
3552 81.0
3553 81.0
3554 81.0
3555 81.0
3556 81.0
3557 81.0
3558 81.0
3559 81.0
3560 81.0
3561 81.0
3562 81.0
3563 81.0
3564 81.0
3565 81.0
3566 81.0
3567 81.0
3568 81.0
3569 81.0
3570 81.0
3571 81.0
3572 81.0
3573 81.0
3574 81.0
3575 81.0
3576 81.0
3577 81.0
3578 81.0
3579 81.0
3580 81.0
3581 81.0
3582 81.0
3583 81.0
3584 81.0
3585 81.0
3586 81.0
3587 81.0
3588 81.0
3589 81.0
3590 81.0
3591 81.0
3592 81.0
3593 81.0
3594 81.0
3595 81.0
3596 81.0
3597 81.0
3598 81.0
3599 81.0
3600 81.0
3601 81.0
3602 81.0
3603 81.0
3604 81.0
3605 81.0
3606 81.0
3607 81.0
3608 81.0
3609 81.0
3610 81.0
3611 81.0
3612 81.0
3613 81.0
3614 81.0
3615 81.0
3616 81.0
3617 81.0
3618 81.0
3619 81.0
3620 81.0
3621 81.0
3622 81.0
3623 81.0
3624 81.0
3625 81.0
3626 81.0
3627 81.0
3628 81.0
3629 81.0
3630 81.0
3631 81.0
3632 81.0
3633 81.0
3634 81.0
3635 81.0
3636 81.0
3637 81.0
3638 81.0
3639 81.0
3640 81.0
3641 81.0
3642 81.0
3643 81.0
3644 81.0
3645 81.0
3646 81.0
3647 81.0
3648 81.0
3649 81.0
3650 81.0
3651 81.0
3652 81.0
3653 81.0
3654 81.0
3655 81.0
3656 81.0
3657 81.0
3658 81.0
3659 81.0
3660 81.0
3661 81.0
3662 81.0
3663 81.0
3664 81.0
3665 81.0
3666 81.0
3667 81.0
3668 81.0
3669 81.0
3670 81.0
3671 81.0
3672 81.0
3673 81.0
3674 81.0
3675 81.0
3676 81.0
3677 81.0
3678 81.0
3679 81.0
3680 81.0
3681 81.0
3682 81.0
3683 81.0
3684 81.0
3685 81.0
3686 81.0
3687 81.0
3688 81.0
3689 81.0
3690 81.0
3691 81.0
3692 81.0
3693 81.0
3694 81.0
3695 81.0
3696 81.0
3697 81.0
3698 81.0
3699 81.0
3700 81.0
3701 81.0
3702 81.0
3703 81.0
3704 81.0
3705 81.0
3706 81.0
3707 81.0
3708 81.0
3709 81.0
3710 81.0
3711 81.0
3712 81.0
3713 81.0
3714 81.0
3715 81.0
3716 81.0
3717 81.0
3718 81.0
3719 81.0
3720 81.0
3721 81.0
3722 81.0
3723 81.0
3724 81.0
3725 81.0
3726 81.0
3727 81.0
3728 81.0
3729 81.0
3730 81.0
3731 81.0
3732 81.0
3733 81.0
3734 81.0
3735 81.0
3736 81.0
3737 81.0
3738 81.0
3739 81.0
3740 81.0
3741 81.0
3742 81.0
3743 81.0
3744 81.0
3745 81.0
3746 81.0
3747 81.0
3748 81.0
3749 81.0
3750 81.0
3751 81.0
3752 81.0
3753 81.0
3754 81.0
3755 81.0
3756 81.0
3757 81.0
3758 81.0
3759 81.0
3760 81.0
3761 81.0
3762 81.0
3763 81.0
3764 81.0
3765 81.0
3766 81.0
3767 81.0
3768 81.0
3769 81.0
3770 81.0
3771 81.0
3772 81.0
3773 81.0
3774 81.0
3775 81.0
3776 81.0
3777 81.0
3778 81.0
3779 81.0
3780 81.0
3781 81.0
3782 81.0
3783 81.0
3784 81.0
3785 81.0
3786 81.0
3787 81.0
3788 81.0
3789 81.0
3790 81.0
3791 81.0
3792 81.0
3793 81.0
3794 81.0
3795 81.0
3796 81.0
3797 81.0
3798 81.0
3799 81.0
3800 81.0
3801 81.0
3802 81.0
3803 81.0
3804 81.0
3805 81.0
3806 81.0
3807 81.0
3808 81.0
3809 81.0
3810 81.0
3811 81.0
3812 81.0
3813 81.0
3814 81.0
3815 81.0
3816 81.0
3817 81.0
3818 81.0
3819 81.0
3820 81.0
3821 81.0
3822 81.0
3823 81.0
3824 81.0
3825 81.0
3826 81.0
3827 81.0
3828 81.0
3829 81.0
3830 81.0
3831 81.0
3832 81.0
3833 81.0
3834 81.0
3835 81.0
3836 81.0
3837 81.0
3838 81.0
3839 81.0
3840 81.0
3841 81.0
3842 81.0
3843 81.0
3844 81.0
3845 81.0
3846 81.0
3847 81.0
3848 81.0
3849 81.0
3850 81.0
3851 81.0
3852 81.0
3853 81.0
3854 81.0
3855 81.0
3856 81.0
3857 81.0
3858 81.0
3859 81.0
3860 81.0
3861 81.0
3862 81.0
3863 81.0
3864 81.0
3865 81.0
3866 81.0
3867 81.0
3868 81.0
3869 81.0
3870 81.0
3871 81.0
3872 81.0
3873 81.0
3874 81.0
3875 81.0
3876 81.0
3877 81.0
3878 81.0
3879 81.0
3880 81.0
3881 81.0
3882 81.0
3883 81.0
3884 81.0
3885 81.0
3886 81.0
3887 81.0
3888 81.0
3889 81.0
3890 81.0
3891 81.0
3892 81.0
3893 81.0
3894 81.0
3895 81.0
3896 81.0
3897 81.0
3898 81.0
3899 81.0
3900 81.0
3901 81.0
3902 81.0
3903 81.0
3904 81.0
3905 81.0
3906 81.0
3907 81.0
3908 81.0
3909 81.0
3910 81.0
3911 81.0
3912 81.0
3913 81.0
3914 81.0
3915 81.0
3916 81.0
3917 81.0
3918 81.0
3919 81.0
3920 81.0
3921 81.0
3922 81.0
3923 81.0
3924 81.0
3925 81.0
3926 81.0
3927 81.0
3928 81.0
3929 81.0
3930 81.0
3931 81.0
3932 81.0
3933 81.0
3934 81.0
3935 81.0
3936 81.0
3937 81.0
3938 81.0
3939 81.0
3940 81.0
3941 81.0
3942 81.0
3943 81.0
3944 81.0
3945 81.0
3946 81.0
3947 81.0
3948 81.0
3949 81.0
3950 81.0
3951 81.0
3952 81.0
3953 81.0
3954 81.0
3955 81.0
3956 81.0
3957 81.0
3958 81.0
3959 81.0
3960 81.0
3961 81.0
3962 81.0
3963 81.0
3964 81.0
3965 81.0
3966 81.0
3967 81.0
3968 81.0
3969 81.0
3970 81.0
3971 81.0
3972 81.0
3973 81.0
3974 81.0
3975 81.0
3976 81.0
3977 81.0
3978 81.0
3979 81.0
3980 81.0
3981 81.0
3982 81.0
3983 81.0
3984 81.0
3985 81.0
3986 81.0
3987 81.0
3988 81.0
3989 81.0
3990 81.0
3991 81.0
3992 81.0
3993 81.0
3994 81.0
3995 81.0
3996 81.0
3997 81.0
3998 81.0
3999 81.0
4000 81.0
4001 81.0
4002 81.0
4003 81.0
4004 81.0
4005 81.0
4006 81.0
4007 81.0
4008 81.0
4009 81.0
4010 81.0
4011 81.0
4012 81.0
4013 81.0
4014 81.0
4015 81.0
4016 81.0
4017 81.0
4018 81.0
4019 81.0
4020 81.0
4021 81.0
4022 81.0
4023 81.0
4024 81.0
4025 81.0
4026 81.0
4027 81.0
4028 81.0
4029 81.0
4030 81.0
4031 81.0
4032 81.0
4033 81.0
4034 81.0
4035 81.0
4036 81.0
4037 81.0
4038 81.0
4039 81.0
4040 81.0
4041 81.0
4042 81.0
4043 81.0
4044 81.0
4045 81.0
4046 81.0
4047 81.0
4048 81.0
4049 81.0
4050 81.0
4051 81.0
4052 81.0
4053 81.0
4054 81.0
4055 81.0
4056 81.0
4057 81.0
4058 81.0
4059 81.0
4060 81.0
4061 81.0
4062 81.0
4063 81.0
4064 81.0
4065 81.0
4066 81.0
4067 81.0
4068 81.0
4069 81.0
4070 81.0
4071 81.0
4072 81.0
4073 81.0
4074 81.0
4075 81.0
4076 81.0
4077 81.0
4078 81.0
4079 81.0
4080 81.0
4081 81.0
4082 81.0
4083 81.0
4084 81.0
4085 81.0
4086 81.0
4087 81.0
4088 81.0
4089 81.0
4090 81.0
4091 81.0
4092 81.0
4093 81.0
4094 81.0
4095 81.0
4096 81.0
4097 81.0
4098 81.0
4099 81.0
4100 81.0
4101 81.0
4102 81.0
4103 81.0
4104 81.0
4105 81.0
4106 81.0
4107 81.0
4108 81.0
4109 81.0
4110 81.0
4111 81.0
4112 81.0
4113 81.0
4114 81.0
4115 81.0
4116 81.0
4117 81.0
4118 81.0
4119 81.0
4120 81.0
4121 81.0
4122 81.0
4123 81.0
4124 81.0
4125 81.0
4126 81.0
4127 81.0
4128 81.0
4129 81.0
4130 81.0
4131 81.0
4132 81.0
4133 81.0
4134 81.0
4135 81.0
4136 81.0
4137 81.0
4138 81.0
4139 81.0
4140 81.0
4141 81.0
4142 81.0
4143 81.0
4144 81.0
4145 81.0
4146 81.0
4147 81.0
4148 81.0
4149 81.0
4150 81.0
4151 81.0
4152 81.0
4153 81.0
4154 81.0
4155 81.0
4156 81.0
4157 81.0
4158 81.0
4159 81.0
4160 81.0
4161 81.0
4162 81.0
4163 81.0
4164 81.0
4165 81.0
4166 81.0
4167 81.0
4168 81.0
4169 81.0
4170 81.0
4171 81.0
4172 81.0
4173 81.0
4174 81.0
4175 81.0
4176 81.0
4177 81.0
4178 81.0
4179 81.0
4180 81.0
4181 81.0
4182 81.0
4183 81.0
4184 81.0
4185 81.0
4186 81.0
4187 81.0
4188 81.0
4189 81.0
4190 81.0
4191 81.0
4192 81.0
4193 81.0
4194 81.0
4195 81.0
4196 81.0
4197 81.0
4198 81.0
4199 81.0
4200 81.0
4201 81.0
4202 81.0
4203 81.0
4204 81.0
4205 81.0
4206 81.0
4207 81.0
4208 81.0
4209 81.0
4210 81.0
4211 81.0
4212 81.0
4213 81.0
4214 81.0
4215 81.0
4216 81.0
4217 81.0
4218 81.0
4219 81.0
4220 81.0
4221 81.0
4222 81.0
4223 81.0
4224 81.0
4225 81.0
4226 81.0
4227 81.0
4228 81.0
4229 81.0
4230 81.0
4231 81.0
4232 81.0
4233 81.0
4234 81.0
4235 81.0
4236 81.0
4237 81.0
4238 81.0
4239 81.0
4240 81.0
4241 81.0
4242 81.0
4243 81.0
4244 81.0
4245 81.0
4246 81.0
4247 81.0
4248 81.0
4249 81.0
4250 81.0
4251 81.0
4252 81.0
4253 81.0
4254 81.0
4255 81.0
4256 81.0
4257 81.0
4258 81.0
4259 81.0
4260 81.0
4261 81.0
4262 81.0
4263 81.0
4264 81.0
4265 81.0
4266 81.0
4267 81.0
4268 81.0
4269 81.0
4270 81.0
4271 81.0
4272 81.0
4273 81.0
4274 81.0
4275 81.0
4276 81.0
4277 81.0
4278 81.0
4279 81.0
4280 81.0
4281 81.0
4282 81.0
4283 81.0
4284 81.0
4285 81.0
4286 81.0
4287 81.0
4288 81.0
4289 81.0
4290 81.0
4291 81.0
4292 81.0
4293 81.0
4294 81.0
4295 81.0
4296 81.0
4297 81.0
4298 81.0
4299 81.0
4300 81.0
4301 81.0
4302 81.0
4303 81.0
4304 81.0
4305 81.0
4306 81.0
4307 81.0
4308 81.0
4309 81.0
4310 81.0
4311 81.0
4312 81.0
4313 81.0
4314 81.0
4315 81.0
4316 81.0
4317 81.0
4318 81.0
4319 81.0
4320 81.0
4321 81.0
4322 81.0
4323 81.0
4324 81.0
4325 81.0
4326 81.0
4327 81.0
4328 81.0
4329 81.0
4330 81.0
4331 81.0
4332 81.0
4333 81.0
4334 81.0
4335 81.0
4336 81.0
4337 81.0
4338 81.0
4339 81.0
4340 81.0
4341 81.0
4342 81.0
4343 81.0
4344 81.0
4345 81.0
4346 81.0
4347 81.0
4348 81.0
4349 81.0
4350 81.0
4351 81.0
4352 81.0
4353 81.0
4354 81.0
4355 81.0
4356 81.0
4357 81.0
4358 81.0
4359 81.0
4360 81.0
4361 81.0
4362 81.0
4363 81.0
4364 81.0
4365 81.0
4366 81.0
4367 81.0
4368 81.0
4369 81.0
4370 81.0
4371 81.0
4372 81.0
4373 81.0
4374 81.0
4375 81.0
4376 81.0
4377 81.0
4378 81.0
4379 81.0
4380 81.0
4381 81.0
4382 81.0
4383 81.0
4384 81.0
4385 81.0
4386 81.0
4387 81.0
4388 81.0
4389 81.0
4390 81.0
4391 81.0
4392 81.0
4393 81.0
4394 81.0
4395 81.0
4396 81.0
4397 81.0
4398 81.0
4399 81.0
4400 81.0
4401 81.0
4402 81.0
4403 81.0
4404 81.0
4405 81.0
4406 81.0
4407 81.0
4408 81.0
4409 81.0
4410 81.0
4411 81.0
4412 81.0
4413 81.0
4414 81.0
4415 81.0
4416 81.0
4417 81.0
4418 81.0
4419 81.0
4420 81.0
4421 81.0
4422 81.0
4423 81.0
4424 81.0
4425 81.0
4426 81.0
4427 81.0
4428 81.0
4429 81.0
4430 81.0
4431 81.0
4432 81.0
4433 81.0
4434 81.0
4435 81.0
4436 81.0
4437 81.0
4438 81.0
4439 81.0
4440 81.0
4441 81.0
4442 81.0
4443 81.0
4444 81.0
4445 81.0
4446 81.0
4447 81.0
4448 81.0
4449 81.0
4450 81.0
4451 81.0
4452 81.0
4453 81.0
4454 81.0
4455 81.0
4456 81.0
4457 81.0
4458 81.0
4459 81.0
4460 81.0
4461 81.0
4462 81.0
4463 81.0
4464 81.0
4465 81.0
4466 81.0
4467 81.0
4468 81.0
4469 81.0
4470 81.0
4471 81.0
4472 81.0
4473 81.0
4474 81.0
4475 81.0
4476 81.0
4477 81.0
4478 81.0
4479 81.0
4480 81.0
4481 81.0
4482 81.0
4483 81.0
4484 81.0
4485 81.0
4486 81.0
4487 81.0
4488 81.0
4489 81.0
4490 81.0
4491 81.0
4492 81.0
4493 81.0
4494 81.0
4495 81.0
4496 81.0
4497 81.0
4498 81.0
4499 81.0
4500 81.0
4501 81.0
4502 81.0
4503 81.0
4504 81.0
4505 81.0
4506 81.0
4507 81.0
4508 81.0
4509 81.0
4510 81.0
4511 81.0
4512 81.0
4513 81.0
4514 81.0
4515 81.0
4516 81.0
4517 81.0
4518 81.0
4519 81.0
4520 81.0
4521 81.0
4522 81.0
4523 81.0
4524 81.0
4525 81.0
4526 81.0
4527 81.0
4528 81.0
4529 81.0
4530 81.0
4531 81.0
4532 81.0
4533 81.0
4534 81.0
4535 81.0
4536 81.0
4537 81.0
4538 81.0
4539 81.0
4540 81.0
4541 81.0
4542 81.0
4543 81.0
4544 81.0
4545 81.0
4546 81.0
4547 81.0
4548 81.0
4549 81.0
4550 81.0
4551 81.0
4552 81.0
4553 81.0
4554 81.0
4555 81.0
4556 81.0
4557 81.0
4558 81.0
4559 81.0
4560 81.0
4561 81.0
4562 81.0
4563 81.0
4564 81.0
4565 81.0
4566 81.0
4567 81.0
4568 81.0
4569 81.0
4570 81.0
4571 81.0
4572 81.0
4573 81.0
4574 81.0
4575 81.0
4576 81.0
4577 81.0
4578 81.0
4579 81.0
4580 81.0
4581 81.0
4582 81.0
4583 81.0
4584 81.0
4585 81.0
4586 81.0
4587 81.0
4588 81.0
4589 81.0
4590 81.0
4591 81.0
4592 81.0
4593 81.0
4594 81.0
4595 81.0
4596 81.0
4597 81.0
4598 81.0
4599 81.0
4600 81.0
4601 81.0
4602 81.0
4603 81.0
4604 81.0
4605 81.0
4606 81.0
4607 81.0
4608 81.0
4609 81.0
4610 81.0
4611 81.0
4612 81.0
4613 81.0
4614 81.0
4615 81.0
4616 81.0
4617 81.0
4618 81.0
4619 81.0
4620 81.0
4621 81.0
4622 81.0
4623 81.0
4624 81.0
4625 81.0
4626 81.0
4627 81.0
4628 81.0
4629 81.0
4630 81.0
4631 81.0
4632 81.0
4633 81.0
4634 81.0
4635 81.0
4636 81.0
4637 81.0
4638 81.0
4639 81.0
4640 81.0
4641 81.0
4642 81.0
4643 81.0
4644 81.0
4645 81.0
4646 81.0
4647 81.0
4648 81.0
4649 81.0
4650 81.0
4651 81.0
4652 81.0
4653 81.0
4654 81.0
4655 81.0
4656 81.0
4657 81.0
4658 81.0
4659 81.0
4660 81.0
4661 81.0
4662 81.0
4663 81.0
4664 81.0
4665 81.0
4666 81.0
4667 81.0
4668 81.0
4669 81.0
4670 81.0
4671 81.0
4672 81.0
4673 81.0
4674 81.0
4675 81.0
4676 81.0
4677 81.0
4678 81.0
4679 81.0
4680 81.0
4681 81.0
4682 81.0
4683 81.0
4684 81.0
4685 81.0
4686 81.0
4687 81.0
4688 81.0
4689 81.0
4690 81.0
4691 81.0
4692 81.0
4693 81.0
4694 81.0
4695 81.0
4696 81.0
4697 81.0
4698 81.0
4699 81.0
4700 81.0
4701 81.0
4702 81.0
4703 81.0
4704 81.0
4705 81.0
4706 81.0
4707 81.0
4708 81.0
4709 81.0
4710 81.0
4711 81.0
4712 81.0
4713 81.0
4714 81.0
4715 81.0
4716 81.0
4717 81.0
4718 81.0
4719 81.0
4720 81.0
4721 81.0
4722 81.0
4723 81.0
4724 81.0
4725 81.0
4726 81.0
4727 81.0
4728 81.0
4729 81.0
4730 81.0
4731 81.0
4732 81.0
4733 81.0
4734 81.0
4735 81.0
4736 81.0
4737 81.0
4738 81.0
4739 81.0
4740 81.0
4741 81.0
4742 81.0
4743 81.0
4744 81.0
4745 81.0
4746 81.0
4747 81.0
4748 81.0
4749 81.0
4750 81.0
4751 81.0
4752 81.0
4753 81.0
4754 81.0
4755 81.0
4756 81.0
4757 81.0
4758 81.0
4759 81.0
4760 81.0
4761 81.0
4762 81.0
4763 81.0
4764 81.0
4765 81.0
4766 81.0
4767 81.0
4768 81.0
4769 81.0
4770 81.0
4771 81.0
4772 81.0
4773 81.0
4774 81.0
4775 81.0
4776 81.0
4777 81.0
4778 81.0
4779 81.0
4780 81.0
4781 81.0
4782 81.0
4783 81.0
4784 81.0
4785 81.0
4786 81.0
4787 81.0
4788 81.0
4789 81.0
4790 81.0
4791 81.0
4792 81.0
4793 81.0
4794 81.0
4795 81.0
4796 81.0
4797 81.0
4798 81.0
4799 81.0
4800 81.0
4801 81.0
4802 81.0
4803 81.0
4804 81.0
4805 81.0
4806 81.0
4807 81.0
4808 81.0
4809 81.0
4810 81.0
4811 81.0
4812 81.0
4813 81.0
4814 81.0
4815 81.0
4816 81.0
4817 81.0
4818 81.0
4819 81.0
4820 81.0
4821 81.0
4822 81.0
4823 81.0
4824 81.0
4825 81.0
4826 81.0
4827 81.0
4828 81.0
4829 81.0
4830 81.0
4831 81.0
4832 81.0
4833 81.0
4834 81.0
4835 81.0
4836 81.0
4837 81.0
4838 81.0
4839 81.0
4840 81.0
4841 81.0
4842 81.0
4843 81.0
4844 81.0
4845 81.0
4846 81.0
4847 81.0
4848 81.0
4849 81.0
4850 81.0
4851 81.0
4852 81.0
4853 81.0
4854 81.0
4855 81.0
4856 81.0
4857 81.0
4858 81.0
4859 81.0
4860 81.0
4861 81.0
4862 81.0
4863 81.0
4864 81.0
4865 81.0
4866 81.0
4867 81.0
4868 81.0
4869 81.0
4870 81.0
4871 81.0
4872 81.0
4873 81.0
4874 81.0
4875 81.0
4876 81.0
4877 81.0
4878 81.0
4879 81.0
4880 81.0
4881 81.0
4882 81.0
4883 81.0
4884 81.0
4885 81.0
4886 81.0
4887 81.0
4888 81.0
4889 81.0
4890 81.0
4891 81.0
4892 81.0
4893 81.0
4894 81.0
4895 81.0
4896 81.0
4897 81.0
4898 81.0
4899 81.0
4900 81.0
4901 81.0
4902 81.0
4903 81.0
4904 81.0
4905 81.0
4906 81.0
4907 81.0
4908 81.0
4909 81.0
4910 81.0
4911 81.0
4912 81.0
4913 81.0
4914 81.0
4915 81.0
4916 81.0
4917 81.0
4918 81.0
4919 81.0
4920 81.0
4921 81.0
4922 81.0
4923 81.0
4924 81.0
4925 81.0
4926 81.0
4927 81.0
4928 81.0
4929 81.0
4930 81.0
4931 81.0
4932 81.0
4933 81.0
4934 81.0
4935 81.0
4936 81.0
4937 81.0
4938 81.0
4939 81.0
4940 81.0
4941 81.0
4942 81.0
4943 81.0
4944 81.0
4945 81.0
4946 81.0
4947 81.0
4948 81.0
4949 81.0
4950 81.0
4951 81.0
4952 81.0
4953 81.0
4954 81.0
4955 81.0
4956 81.0
4957 81.0
4958 81.0
4959 81.0
4960 81.0
4961 81.0
4962 81.0
4963 81.0
4964 81.0
4965 81.0
4966 81.0
4967 81.0
4968 81.0
4969 81.0
4970 81.0
4971 81.0
4972 81.0
4973 81.0
4974 81.0
4975 81.0
4976 81.0
4977 81.0
4978 81.0
4979 81.0
4980 81.0
4981 81.0
4982 81.0
4983 81.0
4984 81.0
4985 81.0
4986 81.0
4987 81.0
4988 81.0
4989 81.0
4990 81.0
4991 81.0
4992 81.0
4993 81.0
4994 81.0
4995 81.0
4996 81.0
4997 81.0
4998 81.0
4999 81.0
5000 81.0
5001 81.0
5002 81.0
5003 81.0
5004 81.0
5005 81.0
5006 81.0
5007 81.0
5008 81.0
5009 81.0
5010 81.0
5011 81.0
5012 81.0
5013 81.0
5014 81.0
5015 81.0
5016 81.0
5017 81.0
5018 81.0
5019 81.0
5020 81.0
5021 81.0
5022 81.0
5023 81.0
5024 81.0
5025 81.0
5026 81.0
5027 81.0
5028 81.0
5029 81.0
5030 81.0
5031 81.0
5032 81.0
5033 81.0
5034 81.0
5035 81.0
5036 81.0
5037 81.0
5038 81.0
5039 81.0
5040 81.0
5041 81.0
5042 81.0
5043 81.0
5044 81.0
5045 81.0
5046 81.0
5047 81.0
5048 81.0
5049 81.0
5050 81.0
5051 81.0
5052 81.0
5053 81.0
5054 81.0
5055 81.0
5056 81.0
5057 81.0
5058 81.0
5059 81.0
5060 81.0
5061 81.0
5062 81.0
5063 81.0
5064 81.0
5065 81.0
5066 81.0
5067 81.0
5068 81.0
5069 81.0
5070 81.0
5071 81.0
5072 81.0
5073 81.0
5074 81.0
5075 81.0
5076 81.0
5077 81.0
5078 81.0
5079 81.0
5080 81.0
5081 81.0
5082 81.0
5083 81.0
5084 81.0
5085 81.0
5086 81.0
5087 81.0
5088 81.0
5089 81.0
5090 81.0
5091 81.0
5092 81.0
5093 81.0
5094 81.0
5095 81.0
5096 81.0
5097 81.0
5098 81.0
5099 81.0
5100 81.0
5101 81.0
5102 81.0
5103 81.0
5104 81.0
5105 81.0
5106 81.0
5107 81.0
5108 81.0
5109 81.0
5110 81.0
5111 81.0
5112 81.0
5113 81.0
5114 81.0
5115 81.0
5116 81.0
5117 81.0
5118 81.0
5119 81.0
5120 81.0
5121 81.0
5122 81.0
5123 81.0
5124 81.0
5125 81.0
5126 81.0
5127 81.0
5128 81.0
5129 81.0
5130 81.0
5131 81.0
5132 81.0
5133 81.0
5134 81.0
5135 81.0
5136 81.0
5137 81.0
5138 81.0
5139 81.0
5140 81.0
5141 81.0
5142 81.0
5143 81.0
5144 81.0
5145 81.0
5146 81.0
5147 81.0
5148 81.0
5149 81.0
5150 81.0
5151 81.0
5152 81.0
5153 81.0
5154 81.0
5155 81.0
5156 81.0
5157 81.0
5158 81.0
5159 81.0
5160 81.0
5161 81.0
5162 81.0
5163 81.0
5164 81.0
5165 81.0
5166 81.0
5167 81.0
5168 81.0
5169 81.0
5170 81.0
5171 81.0
5172 81.0
5173 81.0
5174 81.0
5175 81.0
5176 81.0
5177 81.0
5178 81.0
5179 81.0
5180 81.0
5181 81.0
5182 81.0
5183 81.0
5184 81.0
5185 81.0
5186 81.0
5187 81.0
5188 81.0
5189 81.0
5190 81.0
5191 81.0
5192 81.0
5193 81.0
5194 81.0
5195 81.0
5196 81.0
5197 81.0
5198 81.0
5199 81.0
5200 81.0
5201 81.0
5202 81.0
5203 81.0
5204 81.0
5205 81.0
5206 81.0
5207 81.0
5208 81.0
5209 81.0
5210 81.0
5211 81.0
5212 81.0
5213 81.0
5214 81.0
5215 81.0
5216 81.0
5217 81.0
5218 81.0
5219 81.0
5220 81.0
5221 81.0
5222 81.0
5223 81.0
5224 81.0
5225 81.0
5226 81.0
5227 81.0
5228 81.0
5229 81.0
5230 81.0
5231 81.0
5232 81.0
5233 81.0
5234 81.0
5235 81.0
5236 81.0
5237 81.0
5238 81.0
5239 81.0
5240 81.0
5241 81.0
5242 81.0
5243 81.0
5244 81.0
5245 81.0
5246 81.0
5247 81.0
5248 81.0
5249 81.0
5250 81.0
5251 81.0
5252 81.0
5253 81.0
5254 81.0
5255 81.0
5256 81.0
5257 81.0
5258 81.0
5259 81.0
5260 81.0
5261 81.0
5262 81.0
5263 81.0
5264 81.0
5265 81.0
5266 81.0
5267 81.0
5268 81.0
5269 81.0
5270 81.0
5271 81.0
5272 81.0
5273 81.0
5274 81.0
5275 81.0
5276 81.0
5277 81.0
5278 81.0
5279 81.0
5280 81.0
5281 81.0
5282 81.0
5283 81.0
5284 81.0
5285 81.0
5286 81.0
5287 81.0
5288 81.0
5289 81.0
5290 81.0
5291 81.0
5292 81.0
5293 81.0
5294 81.0
5295 81.0
5296 81.0
5297 81.0
5298 81.0
5299 81.0
5300 81.0
5301 81.0
5302 81.0
5303 81.0
5304 81.0
5305 81.0
5306 81.0
5307 81.0
5308 81.0
5309 81.0
5310 81.0
5311 81.0
5312 81.0
5313 81.0
5314 81.0
5315 81.0
5316 81.0
5317 81.0
5318 81.0
5319 81.0
5320 81.0
5321 81.0
5322 81.0
5323 81.0
5324 81.0
5325 81.0
5326 81.0
5327 81.0
5328 81.0
5329 81.0
5330 81.0
5331 81.0
5332 81.0
5333 81.0
5334 81.0
5335 81.0
5336 81.0
5337 81.0
5338 81.0
5339 81.0
5340 81.0
5341 81.0
5342 81.0
5343 81.0
5344 81.0
5345 81.0
5346 81.0
5347 81.0
5348 81.0
5349 81.0
5350 81.0
5351 81.0
5352 81.0
5353 81.0
5354 81.0
5355 81.0
5356 81.0
5357 81.0
5358 81.0
5359 81.0
5360 81.0
5361 81.0
5362 81.0
5363 81.0
5364 81.0
5365 81.0
5366 81.0
5367 81.0
5368 81.0
5369 81.0
5370 81.0
5371 81.0
5372 81.0
5373 81.0
5374 81.0
5375 81.0
5376 81.0
5377 81.0
5378 81.0
5379 81.0
5380 81.0
5381 81.0
5382 81.0
5383 81.0
5384 81.0
5385 81.0
5386 81.0
5387 81.0
5388 81.0
5389 81.0
5390 81.0
5391 81.0
5392 81.0
5393 81.0
5394 81.0
5395 81.0
5396 81.0
5397 81.0
5398 81.0
5399 81.0
5400 81.0
5401 81.0
5402 81.0
5403 81.0
5404 81.0
5405 81.0
5406 81.0
5407 81.0
5408 81.0
5409 81.0
5410 81.0
5411 81.0
5412 81.0
5413 81.0
5414 81.0
5415 81.0
5416 81.0
5417 81.0
5418 81.0
5419 81.0
5420 81.0
5421 81.0
5422 81.0
5423 81.0
5424 81.0
5425 81.0
5426 81.0
5427 81.0
5428 81.0
5429 81.0
5430 81.0
5431 81.0
5432 81.0
5433 81.0
5434 81.0
5435 81.0
5436 81.0
5437 81.0
5438 81.0
5439 81.0
5440 81.0
5441 81.0
5442 81.0
5443 81.0
5444 81.0
5445 81.0
5446 81.0
5447 81.0
5448 81.0
5449 81.0
5450 81.0
5451 81.0
5452 81.0
5453 81.0
5454 81.0
5455 81.0
5456 81.0
5457 81.0
5458 81.0
5459 81.0
5460 81.0
5461 81.0
5462 81.0
5463 81.0
5464 81.0
5465 81.0
5466 81.0
5467 81.0
5468 81.0
5469 81.0
5470 81.0
5471 81.0
5472 81.0
5473 81.0
5474 81.0
5475 81.0
5476 81.0
5477 81.0
5478 81.0
5479 81.0
5480 81.0
5481 81.0
5482 81.0
5483 81.0
5484 81.0
5485 81.0
5486 81.0
5487 81.0
5488 81.0
5489 81.0
5490 81.0
5491 81.0
5492 81.0
5493 81.0
5494 81.0
5495 81.0
5496 81.0
5497 81.0
5498 81.0
5499 81.0
5500 81.0
5501 81.0
5502 81.0
5503 81.0
5504 81.0
5505 81.0
5506 81.0
5507 81.0
5508 81.0
5509 81.0
5510 81.0
5511 81.0
5512 81.0
5513 81.0
5514 81.0
5515 81.0
5516 81.0
5517 81.0
5518 81.0
5519 81.0
5520 81.0
5521 81.0
5522 81.0
5523 81.0
5524 81.0
5525 81.0
5526 81.0
5527 81.0
5528 81.0
5529 81.0
5530 81.0
5531 81.0
5532 81.0
5533 81.0
5534 81.0
5535 81.0
5536 81.0
5537 81.0
5538 81.0
5539 81.0
5540 81.0
5541 81.0
5542 81.0
5543 81.0
5544 81.0
5545 81.0
5546 81.0
5547 81.0
5548 81.0
5549 81.0
5550 81.0
5551 81.0
5552 81.0
5553 81.0
5554 81.0
5555 81.0
5556 81.0
5557 81.0
5558 81.0
5559 81.0
5560 81.0
5561 81.0
5562 81.0
5563 81.0
5564 81.0
5565 81.0
5566 81.0
5567 81.0
5568 81.0
5569 81.0
5570 81.0
5571 81.0
5572 81.0
5573 81.0
5574 81.0
5575 81.0
5576 81.0
5577 81.0
5578 81.0
5579 81.0
5580 81.0
5581 81.0
5582 81.0
5583 81.0
5584 81.0
5585 81.0
5586 81.0
5587 81.0
5588 81.0
5589 81.0
5590 81.0
5591 81.0
5592 81.0
5593 81.0
5594 81.0
5595 81.0
5596 81.0
5597 81.0
5598 81.0
5599 81.0
5600 81.0
5601 81.0
5602 81.0
5603 81.0
5604 81.0
5605 81.0
5606 81.0
5607 81.0
5608 81.0
5609 81.0
5610 81.0
5611 81.0
5612 81.0
5613 81.0
5614 81.0
5615 81.0
5616 81.0
5617 81.0
5618 81.0
5619 81.0
5620 81.0
5621 81.0
5622 81.0
5623 81.0
5624 81.0
5625 81.0
5626 81.0
5627 81.0
5628 81.0
5629 81.0
5630 81.0
5631 81.0
5632 81.0
5633 81.0
5634 81.0
5635 81.0
5636 81.0
5637 81.0
5638 81.0
5639 81.0
5640 81.0
5641 81.0
5642 81.0
5643 81.0
5644 81.0
5645 81.0
5646 81.0
5647 81.0
5648 81.0
5649 81.0
5650 81.0
5651 81.0
5652 81.0
5653 81.0
5654 81.0
5655 81.0
5656 81.0
5657 81.0
5658 81.0
5659 81.0
5660 81.0
5661 81.0
5662 81.0
5663 81.0
5664 81.0
5665 81.0
5666 81.0
5667 81.0
5668 81.0
5669 81.0
5670 81.0
5671 81.0
5672 81.0
5673 81.0
5674 81.0
5675 81.0
5676 81.0
5677 81.0
5678 81.0
5679 81.0
5680 81.0
5681 81.0
5682 81.0
5683 81.0
5684 81.0
5685 81.0
5686 81.0
5687 81.0
5688 81.0
5689 81.0
5690 81.0
5691 81.0
5692 81.0
5693 81.0
5694 81.0
5695 81.0
5696 81.0
5697 81.0
5698 81.0
5699 81.0
5700 81.0
5701 81.0
5702 81.0
5703 81.0
5704 81.0
5705 81.0
5706 81.0
5707 81.0
5708 81.0
5709 81.0
5710 81.0
5711 81.0
5712 81.0
5713 81.0
5714 81.0
5715 81.0
5716 81.0
5717 81.0
5718 81.0
5719 81.0
5720 81.0
5721 81.0
5722 81.0
5723 81.0
5724 81.0
5725 81.0
5726 81.0
5727 84.0
5728 84.0
5729 84.0
5730 84.0
5731 84.0
5732 84.0
5733 84.0
5734 84.0
5735 84.0
5736 84.0
5737 84.0
5738 84.0
5739 84.0
5740 84.0
5741 84.0
5742 84.0
5743 84.0
5744 84.0
5745 84.0
5746 84.0
5747 84.0
5748 84.0
5749 84.0
5750 84.0
5751 84.0
5752 84.0
5753 84.0
5754 84.0
5755 84.0
5756 84.0
5757 84.0
5758 84.0
5759 84.0
5760 84.0
5761 84.0
5762 84.0
5763 84.0
5764 84.0
5765 84.0
5766 84.0
5767 84.0
5768 84.0
5769 84.0
5770 84.0
5771 84.0
5772 84.0
5773 84.0
5774 84.0
5775 84.0
5776 84.0
5777 84.0
5778 84.0
5779 84.0
5780 84.0
5781 84.0
5782 84.0
5783 84.0
5784 84.0
5785 84.0
5786 84.0
5787 84.0
5788 84.0
5789 84.0
5790 84.0
5791 84.0
5792 84.0
5793 84.0
5794 84.0
5795 84.0
5796 84.0
5797 84.0
5798 84.0
5799 84.0
5800 84.0
5801 84.0
5802 84.0
5803 84.0
5804 84.0
5805 84.0
5806 84.0
5807 84.0
5808 84.0
5809 84.0
5810 84.0
5811 84.0
5812 84.0
5813 84.0
5814 84.0
5815 84.0
5816 84.0
5817 84.0
5818 84.0
5819 84.0
5820 84.0
5821 84.0
5822 84.0
5823 84.0
5824 84.0
5825 84.0
5826 84.0
5827 84.0
5828 84.0
5829 84.0
5830 84.0
5831 84.0
5832 84.0
5833 84.0
5834 84.0
5835 84.0
5836 84.0
5837 84.0
5838 84.0
5839 84.0
5840 84.0
5841 84.0
5842 84.0
5843 84.0
5844 84.0
5845 84.0
5846 84.0
5847 84.0
5848 84.0
5849 84.0
5850 84.0
5851 84.0
5852 84.0
5853 84.0
5854 84.0
5855 84.0
5856 84.0
5857 84.0
5858 84.0
5859 84.0
5860 84.0
5861 84.0
5862 84.0
5863 84.0
5864 84.0
5865 84.0
5866 84.0
5867 84.0
5868 84.0
5869 84.0
5870 84.0
5871 84.0
5872 84.0
5873 84.0
5874 84.0
5875 84.0
5876 84.0
5877 84.0
5878 84.0
5879 84.0
5880 84.0
5881 84.0
5882 84.0
5883 84.0
5884 84.0
5885 84.0
5886 84.0
5887 84.0
5888 84.0
5889 84.0
5890 84.0
5891 84.0
5892 84.0
5893 84.0
5894 84.0
5895 84.0
5896 84.0
5897 84.0
5898 84.0
5899 84.0
5900 84.0
5901 84.0
5902 84.0
5903 84.0
5904 84.0
5905 84.0
5906 84.0
5907 84.0
5908 84.0
5909 84.0
5910 84.0
5911 84.0
5912 84.0
5913 84.0
5914 84.0
5915 84.0
5916 84.0
5917 84.0
5918 84.0
5919 84.0
5920 84.0
5921 84.0
5922 84.0
5923 84.0
5924 84.0
5925 84.0
5926 84.0
5927 84.0
5928 84.0
5929 84.0
5930 84.0
5931 84.0
5932 84.0
5933 84.0
5934 84.0
5935 84.0
5936 84.0
5937 84.0
5938 84.0
5939 84.0
5940 84.0
5941 84.0
5942 84.0
5943 84.0
5944 84.0
5945 84.0
5946 84.0
5947 84.0
5948 84.0
5949 84.0
5950 84.0
5951 84.0
5952 84.0
5953 84.0
5954 84.0
5955 84.0
5956 84.0
5957 84.0
5958 84.0
5959 84.0
5960 84.0
5961 84.0
5962 84.0
5963 84.0
5964 84.0
5965 84.0
5966 84.0
5967 84.0
5968 84.0
5969 84.0
5970 84.0
5971 84.0
5972 84.0
5973 84.0
5974 84.0
5975 84.0
5976 84.0
5977 84.0
5978 84.0
5979 84.0
5980 84.0
5981 84.0
5982 84.0
5983 84.0
5984 84.0
5985 84.0
5986 84.0
5987 84.0
5988 84.0
5989 84.0
5990 84.0
5991 84.0
5992 84.0
5993 84.0
5994 84.0
5995 84.0
5996 84.0
5997 84.0
5998 84.0
5999 84.0
6000 84.0
6001 84.0
6002 84.0
6003 84.0
6004 84.0
6005 84.0
6006 84.0
6007 84.0
6008 84.0
6009 84.0
6010 84.0
6011 84.0
6012 84.0
6013 84.0
6014 84.0
6015 84.0
6016 84.0
6017 84.0
6018 84.0
6019 84.0
6020 84.0
6021 84.0
6022 84.0
6023 84.0
6024 84.0
6025 84.0
6026 84.0
6027 84.0
6028 84.0
6029 84.0
6030 84.0
6031 84.0
6032 84.0
6033 84.0
6034 84.0
6035 84.0
6036 84.0
6037 84.0
6038 84.0
6039 84.0
6040 84.0
6041 84.0
6042 84.0
6043 84.0
6044 84.0
6045 84.0
6046 84.0
6047 84.0
6048 84.0
6049 84.0
6050 84.0
6051 84.0
6052 84.0
6053 84.0
6054 84.0
6055 84.0
6056 84.0
6057 84.0
6058 84.0
6059 84.0
6060 84.0
6061 84.0
6062 84.0
6063 84.0
6064 84.0
6065 84.0
6066 84.0
6067 84.0
6068 84.0
6069 84.0
6070 84.0
6071 84.0
6072 84.0
6073 84.0
6074 84.0
6075 84.0
6076 84.0
6077 84.0
6078 84.0
6079 84.0
6080 84.0
6081 84.0
6082 84.0
6083 84.0
6084 84.0
6085 84.0
6086 84.0
6087 84.0
6088 84.0
6089 84.0
6090 84.0
6091 84.0
6092 84.0
6093 84.0
6094 84.0
6095 84.0
6096 84.0
6097 84.0
6098 84.0
6099 84.0
6100 84.0
6101 84.0
6102 84.0
6103 84.0
6104 84.0
6105 84.0
6106 84.0
6107 84.0
6108 84.0
6109 84.0
6110 84.0
6111 84.0
6112 84.0
6113 84.0
6114 84.0
6115 84.0
6116 84.0
6117 84.0
6118 84.0
6119 84.0
6120 84.0
6121 84.0
6122 84.0
6123 84.0
6124 84.0
6125 84.0
6126 84.0
6127 84.0
6128 84.0
6129 84.0
6130 84.0
6131 84.0
6132 84.0
6133 84.0
6134 84.0
6135 84.0
6136 84.0
6137 84.0
6138 84.0
6139 84.0
6140 84.0
6141 84.0
6142 84.0
6143 84.0
6144 84.0
6145 84.0
6146 84.0
6147 84.0
6148 84.0
6149 84.0
6150 84.0
6151 84.0
6152 84.0
6153 84.0
6154 84.0
6155 84.0
6156 84.0
6157 84.0
6158 84.0
6159 84.0
6160 84.0
6161 84.0
6162 84.0
6163 84.0
6164 84.0
6165 84.0
6166 84.0
6167 84.0
6168 84.0
6169 84.0
6170 84.0
6171 84.0
6172 84.0
6173 84.0
6174 84.0
6175 84.0
6176 84.0
6177 84.0
6178 84.0
6179 84.0
6180 84.0
6181 84.0
6182 84.0
6183 84.0
6184 84.0
6185 84.0
6186 84.0
6187 84.0
6188 84.0
6189 84.0
6190 84.0
6191 84.0
6192 84.0
6193 84.0
6194 84.0
6195 84.0
6196 84.0
6197 84.0
6198 84.0
6199 84.0
6200 84.0
6201 84.0
6202 84.0
6203 84.0
6204 84.0
6205 84.0
6206 84.0
6207 84.0
6208 84.0
6209 84.0
6210 84.0
6211 84.0
6212 84.0
6213 84.0
6214 84.0
6215 84.0
6216 84.0
6217 84.0
6218 84.0
6219 84.0
6220 84.0
6221 84.0
6222 84.0
6223 84.0
6224 84.0
6225 84.0
6226 84.0
6227 84.0
6228 84.0
6229 84.0
6230 84.0
6231 84.0
6232 84.0
6233 84.0
6234 84.0
6235 84.0
6236 84.0
6237 84.0
6238 84.0
6239 84.0
6240 84.0
6241 84.0
6242 84.0
6243 84.0
6244 84.0
6245 84.0
6246 84.0
6247 84.0
6248 84.0
6249 84.0
6250 84.0
6251 84.0
6252 84.0
6253 84.0
6254 84.0
6255 84.0
6256 84.0
6257 84.0
6258 84.0
6259 84.0
6260 84.0
6261 84.0
6262 84.0
6263 84.0
6264 84.0
6265 84.0
6266 84.0
6267 84.0
6268 84.0
6269 84.0
6270 84.0
6271 84.0
6272 84.0
6273 84.0
6274 84.0
6275 84.0
6276 84.0
6277 84.0
6278 84.0
6279 84.0
6280 84.0
6281 84.0
6282 84.0
6283 84.0
6284 84.0
6285 84.0
6286 84.0
6287 84.0
6288 84.0
6289 84.0
6290 84.0
6291 84.0
6292 84.0
6293 84.0
6294 84.0
6295 84.0
6296 84.0
6297 84.0
6298 84.0
6299 84.0
6300 84.0
6301 84.0
6302 84.0
6303 84.0
6304 84.0
6305 84.0
6306 84.0
6307 84.0
6308 84.0
6309 84.0
6310 84.0
6311 84.0
6312 84.0
6313 84.0
6314 84.0
6315 84.0
6316 84.0
6317 84.0
6318 84.0
6319 84.0
6320 84.0
6321 84.0
6322 84.0
6323 84.0
6324 84.0
6325 84.0
6326 84.0
6327 84.0
6328 84.0
6329 84.0
6330 84.0
6331 84.0
6332 84.0
6333 84.0
6334 84.0
6335 84.0
6336 84.0
6337 84.0
6338 84.0
6339 84.0
6340 84.0
6341 84.0
6342 84.0
6343 84.0
6344 84.0
6345 84.0
6346 84.0
6347 84.0
6348 84.0
6349 84.0
6350 84.0
6351 84.0
6352 84.0
6353 84.0
6354 84.0
6355 84.0
6356 84.0
6357 84.0
6358 84.0
6359 84.0
6360 84.0
6361 84.0
6362 84.0
6363 84.0
6364 84.0
6365 84.0
6366 84.0
6367 84.0
6368 84.0
6369 84.0
6370 84.0
6371 84.0
6372 84.0
6373 84.0
6374 84.0
6375 84.0
6376 84.0
6377 84.0
6378 84.0
6379 84.0
6380 84.0
6381 84.0
6382 84.0
6383 84.0
6384 84.0
6385 84.0
6386 84.0
6387 84.0
6388 84.0
6389 84.0
6390 84.0
6391 84.0
6392 84.0
6393 84.0
6394 84.0
6395 84.0
6396 84.0
6397 84.0
6398 84.0
6399 84.0
6400 84.0
6401 84.0
6402 84.0
6403 84.0
6404 84.0
6405 84.0
6406 84.0
6407 84.0
6408 84.0
6409 84.0
6410 84.0
6411 84.0
6412 84.0
6413 84.0
6414 84.0
6415 84.0
6416 84.0
6417 84.0
6418 84.0
6419 84.0
6420 84.0
6421 84.0
6422 84.0
6423 84.0
6424 84.0
6425 84.0
6426 84.0
6427 84.0
6428 84.0
6429 84.0
6430 84.0
6431 84.0
6432 84.0
6433 84.0
6434 84.0
6435 84.0
6436 84.0
6437 84.0
6438 84.0
6439 84.0
6440 84.0
6441 84.0
6442 84.0
6443 84.0
6444 84.0
6445 84.0
6446 84.0
6447 84.0
6448 84.0
6449 84.0
6450 84.0
6451 84.0
6452 84.0
6453 84.0
6454 84.0
6455 84.0
6456 84.0
6457 84.0
6458 84.0
6459 84.0
6460 84.0
6461 84.0
6462 84.0
6463 84.0
6464 84.0
6465 84.0
6466 84.0
6467 84.0
6468 84.0
6469 84.0
6470 84.0
6471 84.0
6472 84.0
6473 84.0
6474 84.0
6475 84.0
6476 84.0
6477 84.0
6478 84.0
6479 84.0
6480 84.0
6481 84.0
6482 84.0
6483 84.0
6484 84.0
6485 84.0
6486 84.0
6487 84.0
6488 84.0
6489 84.0
6490 84.0
6491 84.0
6492 84.0
6493 84.0
6494 84.0
6495 84.0
6496 84.0
6497 84.0
6498 84.0
6499 84.0
6500 84.0
6501 84.0
6502 84.0
6503 84.0
6504 84.0
6505 84.0
6506 84.0
6507 84.0
6508 84.0
6509 84.0
6510 84.0
6511 84.0
6512 84.0
6513 84.0
6514 84.0
6515 84.0
6516 84.0
6517 84.0
6518 84.0
6519 84.0
6520 84.0
6521 84.0
6522 84.0
6523 84.0
6524 84.0
6525 84.0
6526 84.0
6527 84.0
6528 84.0
6529 84.0
6530 84.0
6531 84.0
6532 84.0
6533 84.0
6534 84.0
6535 84.0
6536 84.0
6537 84.0
6538 84.0
6539 84.0
6540 84.0
6541 84.0
6542 84.0
6543 84.0
6544 84.0
6545 84.0
6546 84.0
6547 84.0
6548 84.0
6549 84.0
6550 84.0
6551 84.0
6552 84.0
6553 84.0
6554 84.0
6555 84.0
6556 84.0
6557 84.0
6558 84.0
6559 84.0
6560 84.0
6561 84.0
6562 84.0
6563 84.0
6564 84.0
6565 84.0
6566 84.0
6567 84.0
6568 84.0
6569 84.0
6570 84.0
6571 84.0
6572 84.0
6573 84.0
6574 84.0
6575 84.0
6576 84.0
6577 84.0
6578 84.0
6579 84.0
6580 84.0
6581 84.0
6582 84.0
6583 84.0
6584 84.0
6585 84.0
6586 84.0
6587 84.0
6588 84.0
6589 84.0
6590 84.0
6591 84.0
6592 84.0
6593 84.0
6594 84.0
6595 84.0
6596 84.0
6597 84.0
6598 84.0
6599 84.0
6600 84.0
6601 84.0
6602 84.0
6603 84.0
6604 84.0
6605 84.0
6606 84.0
6607 84.0
6608 84.0
6609 84.0
6610 84.0
6611 84.0
6612 84.0
6613 84.0
6614 84.0
6615 84.0
6616 84.0
6617 84.0
6618 84.0
6619 84.0
6620 84.0
6621 84.0
6622 84.0
6623 84.0
6624 84.0
6625 84.0
6626 84.0
6627 84.0
6628 84.0
6629 84.0
6630 84.0
6631 84.0
6632 84.0
6633 84.0
6634 84.0
6635 84.0
6636 84.0
6637 84.0
6638 84.0
6639 84.0
6640 84.0
6641 84.0
6642 84.0
6643 84.0
6644 84.0
6645 84.0
6646 84.0
6647 84.0
6648 84.0
6649 84.0
6650 84.0
6651 84.0
6652 84.0
6653 84.0
6654 84.0
6655 84.0
6656 84.0
6657 84.0
6658 84.0
6659 84.0
6660 84.0
6661 84.0
6662 84.0
6663 84.0
6664 84.0
6665 84.0
6666 84.0
6667 84.0
6668 84.0
6669 84.0
6670 84.0
6671 84.0
6672 84.0
6673 84.0
6674 84.0
6675 84.0
6676 84.0
6677 84.0
6678 84.0
6679 84.0
6680 84.0
6681 84.0
6682 84.0
6683 84.0
6684 84.0
6685 84.0
6686 84.0
6687 84.0
6688 84.0
6689 84.0
6690 84.0
6691 84.0
6692 84.0
6693 84.0
6694 84.0
6695 84.0
6696 84.0
6697 84.0
6698 84.0
6699 84.0
6700 84.0
6701 84.0
6702 84.0
6703 84.0
6704 84.0
6705 84.0
6706 84.0
6707 84.0
6708 84.0
6709 84.0
6710 84.0
6711 84.0
6712 84.0
6713 84.0
6714 84.0
6715 84.0
6716 84.0
6717 84.0
6718 84.0
6719 84.0
6720 84.0
6721 84.0
6722 84.0
6723 84.0
6724 84.0
6725 84.0
6726 84.0
6727 84.0
6728 84.0
6729 84.0
6730 84.0
6731 84.0
6732 84.0
6733 84.0
6734 84.0
6735 84.0
6736 84.0
6737 84.0
6738 84.0
6739 84.0
6740 84.0
6741 84.0
6742 84.0
6743 84.0
6744 84.0
6745 84.0
6746 84.0
6747 84.0
6748 84.0
6749 84.0
6750 84.0
6751 84.0
6752 84.0
6753 84.0
6754 84.0
6755 84.0
6756 84.0
6757 84.0
6758 84.0
6759 84.0
6760 84.0
6761 84.0
6762 84.0
6763 84.0
6764 84.0
6765 84.0
6766 84.0
6767 84.0
6768 84.0
6769 84.0
6770 84.0
6771 84.0
6772 84.0
6773 84.0
6774 84.0
6775 84.0
6776 84.0
6777 84.0
6778 84.0
6779 84.0
6780 84.0
6781 84.0
6782 84.0
6783 84.0
6784 84.0
6785 84.0
6786 84.0
6787 84.0
6788 84.0
6789 84.0
6790 84.0
6791 84.0
6792 84.0
6793 84.0
6794 84.0
6795 84.0
6796 84.0
6797 84.0
6798 84.0
6799 84.0
6800 84.0
6801 84.0
6802 84.0
6803 84.0
6804 84.0
6805 84.0
6806 84.0
6807 84.0
6808 84.0
6809 84.0
6810 84.0
6811 84.0
6812 84.0
6813 84.0
6814 84.0
6815 84.0
6816 84.0
6817 84.0
6818 84.0
6819 84.0
6820 84.0
6821 84.0
6822 84.0
6823 84.0
6824 84.0
6825 84.0
6826 84.0
6827 84.0
6828 84.0
6829 84.0
6830 84.0
6831 84.0
6832 84.0
6833 84.0
6834 84.0
6835 84.0
6836 84.0
6837 84.0
6838 84.0
6839 84.0
6840 84.0
6841 84.0
6842 84.0
6843 84.0
6844 84.0
6845 84.0
6846 84.0
6847 84.0
6848 84.0
6849 84.0
6850 84.0
6851 84.0
6852 84.0
6853 84.0
6854 84.0
6855 84.0
6856 84.0
6857 84.0
6858 84.0
6859 84.0
6860 84.0
6861 84.0
6862 84.0
6863 84.0
6864 84.0
6865 84.0
6866 84.0
6867 84.0
6868 84.0
6869 84.0
6870 84.0
6871 84.0
6872 84.0
6873 84.0
6874 84.0
6875 84.0
6876 84.0
6877 84.0
6878 84.0
6879 84.0
6880 84.0
6881 84.0
6882 84.0
6883 84.0
6884 84.0
6885 84.0
6886 84.0
6887 84.0
6888 84.0
6889 84.0
6890 84.0
6891 84.0
6892 84.0
6893 84.0
6894 84.0
6895 84.0
6896 84.0
6897 84.0
6898 84.0
6899 84.0
6900 84.0
6901 84.0
6902 84.0
6903 84.0
6904 84.0
6905 84.0
6906 84.0
6907 84.0
6908 84.0
6909 84.0
6910 84.0
6911 84.0
6912 84.0
6913 84.0
6914 84.0
6915 84.0
6916 84.0
6917 84.0
6918 84.0
6919 84.0
6920 84.0
6921 84.0
6922 84.0
6923 84.0
6924 84.0
6925 84.0
6926 84.0
6927 84.0
6928 84.0
6929 84.0
6930 84.0
6931 84.0
6932 84.0
6933 84.0
6934 84.0
6935 84.0
6936 84.0
6937 84.0
6938 84.0
6939 84.0
6940 84.0
6941 84.0
6942 84.0
6943 84.0
6944 84.0
6945 84.0
6946 84.0
6947 84.0
6948 84.0
6949 84.0
6950 84.0
6951 84.0
6952 84.0
6953 84.0
6954 84.0
6955 84.0
6956 84.0
6957 84.0
6958 84.0
6959 84.0
6960 84.0
6961 84.0
6962 84.0
6963 84.0
6964 84.0
6965 84.0
6966 84.0
6967 84.0
6968 84.0
6969 84.0
6970 84.0
6971 84.0
6972 84.0
6973 84.0
6974 84.0
6975 84.0
6976 84.0
6977 84.0
6978 84.0
6979 84.0
6980 84.0
6981 84.0
6982 84.0
6983 84.0
6984 84.0
6985 84.0
6986 84.0
6987 84.0
6988 84.0
6989 84.0
6990 84.0
6991 84.0
6992 84.0
6993 84.0
6994 84.0
6995 84.0
6996 84.0
6997 84.0
6998 84.0
6999 84.0
7000 84.0
7001 84.0
7002 84.0
7003 84.0
7004 84.0
7005 84.0
7006 84.0
7007 84.0
7008 84.0
7009 84.0
7010 84.0
7011 84.0
7012 84.0
7013 84.0
7014 84.0
7015 84.0
7016 84.0
7017 84.0
7018 84.0
7019 84.0
7020 84.0
7021 84.0
7022 84.0
7023 84.0
7024 84.0
7025 84.0
7026 84.0
7027 84.0
7028 84.0
7029 84.0
7030 84.0
7031 84.0
7032 84.0
7033 84.0
7034 84.0
7035 84.0
7036 84.0
7037 84.0
7038 84.0
7039 84.0
7040 84.0
7041 84.0
7042 84.0
7043 84.0
7044 84.0
7045 84.0
7046 84.0
7047 84.0
7048 84.0
7049 84.0
7050 84.0
7051 84.0
7052 84.0
7053 84.0
7054 84.0
7055 84.0
7056 84.0
7057 84.0
7058 84.0
7059 84.0
7060 84.0
7061 84.0
7062 84.0
7063 84.0
7064 84.0
7065 84.0
7066 84.0
7067 84.0
7068 84.0
7069 84.0
7070 84.0
7071 84.0
7072 84.0
7073 84.0
7074 84.0
7075 84.0
7076 84.0
7077 84.0
7078 84.0
7079 84.0
7080 84.0
7081 84.0
7082 84.0
7083 84.0
7084 84.0
7085 84.0
7086 84.0
7087 84.0
7088 84.0
7089 84.0
7090 84.0
7091 84.0
7092 84.0
7093 84.0
7094 84.0
7095 84.0
7096 84.0
7097 84.0
7098 84.0
7099 84.0
7100 84.0
7101 84.0
7102 84.0
7103 84.0
7104 84.0
7105 84.0
7106 84.0
7107 84.0
7108 84.0
7109 84.0
7110 84.0
7111 84.0
7112 84.0
7113 84.0
7114 84.0
7115 84.0
7116 84.0
7117 84.0
7118 84.0
7119 84.0
7120 84.0
7121 84.0
7122 84.0
7123 84.0
7124 84.0
7125 84.0
7126 84.0
7127 84.0
7128 84.0
7129 84.0
7130 84.0
7131 84.0
7132 84.0
7133 84.0
7134 84.0
7135 84.0
7136 84.0
7137 84.0
7138 84.0
7139 84.0
7140 84.0
7141 84.0
7142 84.0
7143 84.0
7144 84.0
7145 84.0
7146 84.0
7147 84.0
7148 84.0
7149 84.0
7150 84.0
7151 84.0
7152 84.0
7153 84.0
7154 84.0
7155 84.0
7156 84.0
7157 84.0
7158 84.0
7159 84.0
7160 84.0
7161 84.0
7162 84.0
7163 84.0
7164 84.0
7165 84.0
7166 84.0
7167 84.0
7168 84.0
7169 84.0
7170 84.0
7171 84.0
7172 84.0
7173 84.0
7174 84.0
7175 84.0
7176 84.0
7177 84.0
7178 84.0
7179 84.0
7180 84.0
7181 84.0
7182 84.0
7183 84.0
7184 84.0
7185 84.0
7186 84.0
7187 84.0
7188 84.0
7189 84.0
7190 84.0
7191 84.0
7192 84.0
7193 84.0
7194 84.0
7195 84.0
7196 84.0
7197 84.0
7198 84.0
7199 84.0
7200 84.0
7201 84.0
7202 84.0
7203 84.0
7204 84.0
7205 84.0
7206 84.0
7207 84.0
7208 84.0
7209 84.0
7210 84.0
7211 84.0
7212 84.0
7213 84.0
7214 84.0
7215 84.0
7216 84.0
7217 84.0
7218 84.0
7219 84.0
7220 84.0
7221 84.0
7222 84.0
7223 84.0
7224 84.0
7225 84.0
7226 84.0
7227 84.0
7228 84.0
7229 84.0
7230 84.0
7231 84.0
7232 84.0
7233 84.0
7234 84.0
7235 84.0
7236 84.0
7237 84.0
7238 84.0
7239 84.0
7240 84.0
7241 84.0
7242 84.0
7243 84.0
7244 84.0
7245 84.0
7246 84.0
7247 84.0
7248 84.0
7249 84.0
7250 84.0
7251 84.0
7252 84.0
7253 84.0
7254 84.0
7255 84.0
7256 84.0
7257 84.0
7258 84.0
7259 84.0
7260 84.0
7261 84.0
7262 84.0
7263 84.0
7264 84.0
7265 84.0
7266 84.0
7267 84.0
7268 84.0
7269 84.0
7270 84.0
7271 84.0
7272 84.0
7273 84.0
7274 84.0
7275 84.0
7276 84.0
7277 84.0
7278 84.0
7279 84.0
7280 84.0
7281 84.0
7282 84.0
7283 84.0
7284 84.0
7285 84.0
7286 84.0
7287 84.0
7288 84.0
7289 84.0
7290 84.0
7291 84.0
7292 84.0
7293 84.0
7294 84.0
7295 84.0
7296 84.0
7297 84.0
7298 84.0
7299 84.0
7300 84.0
7301 84.0
7302 84.0
7303 84.0
7304 84.0
7305 84.0
7306 84.0
7307 84.0
7308 84.0
7309 84.0
7310 84.0
7311 84.0
7312 84.0
7313 84.0
7314 84.0
7315 84.0
7316 84.0
7317 84.0
7318 84.0
7319 84.0
7320 84.0
7321 84.0
7322 84.0
7323 84.0
7324 84.0
7325 84.0
7326 84.0
7327 84.0
7328 84.0
7329 84.0
7330 84.0
7331 84.0
7332 84.0
7333 84.0
7334 84.0
7335 84.0
7336 84.0
7337 84.0
7338 84.0
7339 84.0
7340 84.0
7341 84.0
7342 84.0
7343 84.0
7344 84.0
7345 84.0
7346 84.0
7347 84.0
7348 84.0
7349 84.0
7350 84.0
7351 84.0
7352 84.0
7353 84.0
7354 84.0
7355 84.0
7356 84.0
7357 84.0
7358 84.0
7359 84.0
7360 84.0
7361 84.0
7362 84.0
7363 84.0
7364 84.0
7365 84.0
7366 84.0
7367 84.0
7368 84.0
7369 84.0
7370 84.0
7371 84.0
7372 84.0
7373 84.0
7374 84.0
7375 84.0
7376 84.0
7377 84.0
7378 84.0
7379 84.0
7380 84.0
7381 84.0
7382 84.0
7383 84.0
7384 84.0
7385 84.0
7386 84.0
7387 84.0
7388 84.0
7389 84.0
7390 84.0
7391 84.0
7392 84.0
7393 84.0
7394 84.0
7395 84.0
7396 84.0
7397 84.0
7398 84.0
7399 84.0
7400 84.0
7401 84.0
7402 84.0
7403 84.0
7404 84.0
7405 84.0
7406 84.0
7407 84.0
7408 84.0
7409 84.0
7410 84.0
7411 84.0
7412 84.0
7413 84.0
7414 84.0
7415 84.0
7416 84.0
7417 84.0
7418 84.0
7419 84.0
7420 84.0
7421 84.0
7422 84.0
7423 84.0
7424 84.0
7425 84.0
7426 84.0
7427 84.0
7428 84.0
7429 84.0
7430 84.0
7431 84.0
7432 84.0
7433 84.0
7434 84.0
7435 84.0
7436 84.0
7437 84.0
7438 84.0
7439 84.0
7440 84.0
7441 84.0
7442 84.0
7443 84.0
7444 84.0
7445 84.0
7446 84.0
7447 84.0
7448 84.0
7449 84.0
7450 84.0
7451 84.0
7452 84.0
7453 84.0
7454 84.0
7455 84.0
7456 84.0
7457 84.0
7458 84.0
7459 84.0
7460 84.0
7461 84.0
7462 84.0
7463 84.0
7464 84.0
7465 84.0
7466 84.0
7467 84.0
7468 84.0
7469 84.0
7470 84.0
7471 84.0
7472 84.0
7473 84.0
7474 84.0
7475 84.0
7476 84.0
7477 84.0
7478 84.0
7479 84.0
7480 84.0
7481 84.0
7482 84.0
7483 84.0
7484 84.0
7485 84.0
7486 84.0
7487 84.0
7488 84.0
7489 84.0
7490 84.0
7491 84.0
7492 84.0
7493 84.0
7494 84.0
7495 84.0
7496 84.0
7497 84.0
7498 84.0
7499 84.0
7500 84.0
7501 84.0
7502 84.0
7503 84.0
7504 84.0
7505 84.0
7506 84.0
7507 84.0
7508 84.0
7509 84.0
7510 84.0
7511 84.0
7512 84.0
7513 84.0
7514 84.0
7515 84.0
7516 84.0
7517 84.0
7518 84.0
7519 84.0
7520 84.0
7521 84.0
7522 84.0
7523 84.0
7524 84.0
7525 84.0
7526 84.0
7527 84.0
7528 84.0
7529 84.0
7530 84.0
7531 84.0
7532 84.0
7533 84.0
7534 84.0
7535 84.0
7536 84.0
7537 84.0
7538 84.0
7539 84.0
7540 84.0
7541 84.0
7542 84.0
7543 84.0
7544 84.0
7545 84.0
7546 84.0
7547 84.0
7548 84.0
7549 84.0
7550 84.0
7551 84.0
7552 84.0
7553 84.0
7554 84.0
7555 84.0
7556 84.0
7557 84.0
7558 84.0
7559 84.0
7560 84.0
7561 84.0
7562 84.0
7563 84.0
7564 84.0
7565 84.0
7566 84.0
7567 84.0
7568 84.0
7569 84.0
7570 84.0
7571 84.0
7572 84.0
7573 84.0
7574 84.0
7575 84.0
7576 84.0
7577 84.0
7578 84.0
7579 84.0
7580 84.0
7581 84.0
7582 84.0
7583 84.0
7584 84.0
7585 84.0
7586 84.0
7587 84.0
7588 84.0
7589 84.0
7590 84.0
7591 84.0
7592 84.0
7593 84.0
7594 84.0
7595 84.0
7596 84.0
7597 84.0
7598 84.0
7599 84.0
7600 84.0
7601 84.0
7602 84.0
7603 84.0
7604 84.0
7605 84.0
7606 84.0
7607 84.0
7608 84.0
7609 84.0
7610 84.0
7611 84.0
7612 84.0
7613 84.0
7614 84.0
7615 84.0
7616 84.0
7617 84.0
7618 84.0
7619 84.0
7620 84.0
7621 84.0
7622 84.0
7623 84.0
7624 84.0
7625 84.0
7626 84.0
7627 84.0
7628 84.0
7629 84.0
7630 84.0
7631 84.0
7632 84.0
7633 84.0
7634 84.0
7635 84.0
7636 84.0
7637 84.0
7638 84.0
7639 84.0
7640 84.0
7641 84.0
7642 84.0
7643 84.0
7644 84.0
7645 84.0
7646 84.0
7647 84.0
7648 84.0
7649 84.0
7650 84.0
7651 84.0
7652 84.0
7653 84.0
7654 84.0
7655 84.0
7656 84.0
7657 84.0
7658 84.0
7659 84.0
7660 84.0
7661 84.0
7662 84.0
7663 84.0
7664 84.0
7665 84.0
7666 84.0
7667 84.0
7668 84.0
7669 84.0
7670 84.0
7671 84.0
7672 84.0
7673 84.0
7674 84.0
7675 84.0
7676 84.0
7677 84.0
7678 84.0
7679 84.0
7680 84.0
7681 84.0
7682 84.0
7683 84.0
7684 84.0
7685 84.0
7686 84.0
7687 84.0
7688 84.0
7689 84.0
7690 84.0
7691 84.0
7692 84.0
7693 84.0
7694 84.0
7695 84.0
7696 84.0
7697 84.0
7698 84.0
7699 84.0
7700 84.0
7701 84.0
7702 84.0
7703 84.0
7704 84.0
7705 84.0
7706 84.0
7707 84.0
7708 84.0
7709 84.0
7710 84.0
7711 84.0
7712 84.0
7713 84.0
7714 84.0
7715 84.0
7716 84.0
7717 84.0
7718 84.0
7719 84.0
7720 84.0
7721 84.0
7722 84.0
7723 84.0
7724 84.0
7725 84.0
7726 84.0
7727 84.0
7728 84.0
7729 84.0
7730 84.0
7731 84.0
7732 84.0
7733 84.0
7734 84.0
7735 84.0
7736 84.0
7737 84.0
7738 84.0
7739 84.0
7740 84.0
7741 84.0
7742 84.0
7743 84.0
7744 84.0
7745 84.0
7746 84.0
7747 84.0
7748 84.0
7749 84.0
7750 84.0
7751 84.0
7752 84.0
7753 84.0
7754 84.0
7755 84.0
7756 84.0
7757 84.0
7758 84.0
7759 84.0
7760 84.0
7761 84.0
7762 84.0
7763 84.0
7764 84.0
7765 84.0
7766 84.0
7767 84.0
7768 84.0
7769 84.0
7770 84.0
7771 84.0
7772 84.0
7773 84.0
7774 84.0
7775 84.0
7776 84.0
7777 84.0
7778 84.0
7779 84.0
7780 84.0
7781 84.0
7782 84.0
7783 84.0
7784 84.0
7785 84.0
7786 84.0
7787 84.0
7788 84.0
7789 84.0
7790 84.0
7791 84.0
7792 84.0
7793 84.0
7794 84.0
7795 84.0
7796 84.0
7797 84.0
7798 84.0
7799 84.0
7800 84.0
7801 84.0
7802 84.0
7803 84.0
7804 84.0
7805 84.0
7806 84.0
7807 84.0
7808 84.0
7809 84.0
7810 84.0
7811 84.0
7812 84.0
7813 84.0
7814 84.0
7815 84.0
7816 84.0
7817 84.0
7818 84.0
7819 84.0
7820 84.0
7821 84.0
7822 84.0
7823 84.0
7824 84.0
7825 84.0
7826 84.0
7827 84.0
7828 84.0
7829 84.0
7830 84.0
7831 84.0
7832 84.0
7833 84.0
7834 84.0
7835 84.0
7836 84.0
7837 84.0
7838 84.0
7839 84.0
7840 84.0
7841 84.0
7842 84.0
7843 84.0
7844 84.0
7845 84.0
7846 84.0
7847 84.0
7848 84.0
7849 84.0
7850 84.0
7851 84.0
7852 84.0
7853 84.0
7854 84.0
7855 84.0
7856 84.0
7857 84.0
7858 84.0
7859 84.0
7860 84.0
7861 84.0
7862 84.0
7863 84.0
7864 84.0
7865 84.0
7866 84.0
7867 84.0
7868 84.0
7869 84.0
7870 84.0
7871 84.0
7872 84.0
7873 84.0
7874 84.0
7875 84.0
7876 84.0
7877 84.0
7878 84.0
7879 84.0
7880 84.0
7881 84.0
7882 84.0
7883 84.0
7884 84.0
7885 84.0
7886 84.0
7887 84.0
7888 84.0
7889 84.0
7890 84.0
7891 84.0
7892 84.0
7893 84.0
7894 84.0
7895 84.0
7896 84.0
7897 84.0
7898 84.0
7899 84.0
7900 84.0
7901 84.0
7902 84.0
7903 84.0
7904 84.0
7905 84.0
7906 84.0
7907 84.0
7908 84.0
7909 84.0
7910 84.0
7911 84.0
7912 84.0
7913 84.0
7914 84.0
7915 84.0
7916 84.0
7917 84.0
7918 84.0
7919 84.0
7920 84.0
7921 84.0
7922 84.0
7923 84.0
7924 84.0
7925 84.0
7926 84.0
7927 84.0
7928 84.0
7929 84.0
7930 84.0
7931 84.0
7932 84.0
7933 84.0
7934 84.0
7935 84.0
7936 84.0
7937 84.0
7938 84.0
7939 84.0
7940 84.0
7941 84.0
7942 84.0
7943 84.0
7944 84.0
7945 84.0
7946 84.0
7947 84.0
7948 84.0
7949 84.0
7950 84.0
7951 84.0
7952 84.0
7953 84.0
7954 84.0
7955 84.0
7956 84.0
7957 84.0
7958 84.0
7959 84.0
7960 84.0
7961 84.0
7962 84.0
7963 84.0
7964 84.0
7965 84.0
7966 84.0
7967 84.0
7968 84.0
7969 84.0
7970 84.0
7971 84.0
7972 84.0
7973 84.0
7974 84.0
7975 84.0
7976 84.0
7977 84.0
7978 84.0
7979 84.0
7980 84.0
7981 84.0
7982 84.0
7983 84.0
7984 84.0
7985 84.0
7986 84.0
7987 84.0
7988 84.0
7989 84.0
7990 84.0
7991 84.0
7992 84.0
7993 84.0
7994 84.0
7995 84.0
7996 84.0
7997 84.0
7998 84.0
7999 84.0
8000 84.0
8001 84.0
8002 84.0
8003 84.0
8004 84.0
8005 84.0
8006 84.0
8007 84.0
8008 84.0
8009 84.0
8010 84.0
8011 84.0
8012 84.0
8013 84.0
8014 84.0
8015 84.0
8016 84.0
8017 84.0
8018 84.0
8019 84.0
8020 84.0
8021 84.0
8022 84.0
8023 84.0
8024 84.0
8025 84.0
8026 84.0
8027 84.0
8028 84.0
8029 84.0
8030 84.0
8031 84.0
8032 84.0
8033 84.0
8034 84.0
8035 84.0
8036 84.0
8037 84.0
8038 84.0
8039 84.0
8040 84.0
8041 84.0
8042 84.0
8043 84.0
8044 84.0
8045 84.0
8046 84.0
8047 84.0
8048 84.0
8049 84.0
8050 84.0
8051 84.0
8052 84.0
8053 84.0
8054 84.0
8055 84.0
8056 84.0
8057 84.0
8058 84.0
8059 84.0
8060 84.0
8061 84.0
8062 84.0
8063 84.0
8064 84.0
8065 84.0
8066 84.0
8067 84.0
8068 84.0
8069 84.0
8070 84.0
8071 84.0
8072 84.0
8073 84.0
8074 84.0
8075 84.0
8076 84.0
8077 84.0
8078 84.0
8079 84.0
8080 84.0
8081 84.0
8082 84.0
8083 84.0
8084 84.0
8085 84.0
8086 84.0
8087 84.0
8088 84.0
8089 84.0
8090 84.0
8091 84.0
8092 84.0
8093 84.0
8094 84.0
8095 84.0
8096 84.0
8097 84.0
8098 84.0
8099 84.0
8100 84.0
8101 84.0
8102 84.0
8103 84.0
8104 84.0
8105 84.0
8106 84.0
8107 84.0
8108 84.0
8109 84.0
8110 84.0
8111 84.0
8112 84.0
8113 84.0
8114 84.0
8115 84.0
8116 84.0
8117 84.0
8118 84.0
8119 84.0
8120 84.0
8121 84.0
8122 84.0
8123 84.0
8124 84.0
8125 84.0
8126 84.0
8127 84.0
8128 84.0
8129 84.0
8130 84.0
8131 84.0
8132 84.0
8133 84.0
8134 84.0
8135 84.0
8136 84.0
8137 84.0
8138 84.0
8139 84.0
8140 84.0
8141 84.0
8142 84.0
8143 84.0
8144 84.0
8145 84.0
8146 84.0
8147 84.0
8148 84.0
8149 84.0
8150 84.0
8151 84.0
8152 84.0
8153 84.0
8154 84.0
8155 84.0
8156 84.0
8157 84.0
8158 84.0
8159 84.0
8160 84.0
8161 84.0
8162 84.0
8163 84.0
8164 84.0
8165 84.0
8166 84.0
8167 84.0
8168 84.0
8169 84.0
8170 84.0
8171 84.0
8172 84.0
8173 84.0
8174 84.0
8175 84.0
8176 84.0
8177 84.0
8178 84.0
8179 84.0
8180 84.0
8181 84.0
8182 84.0
8183 84.0
8184 84.0
8185 84.0
8186 84.0
8187 84.0
8188 84.0
8189 84.0
8190 84.0
8191 84.0
8192 84.0
8193 84.0
8194 84.0
8195 84.0
8196 84.0
8197 84.0
8198 84.0
8199 84.0
8200 84.0
8201 84.0
8202 84.0
8203 84.0
8204 84.0
8205 84.0
8206 84.0
8207 84.0
8208 84.0
8209 84.0
8210 84.0
8211 84.0
8212 84.0
8213 84.0
8214 84.0
8215 84.0
8216 84.0
8217 84.0
8218 84.0
8219 84.0
8220 84.0
8221 84.0
8222 84.0
8223 84.0
8224 84.0
8225 84.0
8226 84.0
8227 84.0
8228 84.0
8229 84.0
8230 84.0
8231 84.0
8232 84.0
8233 84.0
8234 84.0
8235 84.0
8236 84.0
8237 84.0
8238 84.0
8239 84.0
8240 84.0
8241 84.0
8242 84.0
8243 84.0
8244 84.0
8245 84.0
8246 84.0
8247 84.0
8248 84.0
8249 84.0
8250 84.0
8251 84.0
8252 84.0
8253 84.0
8254 84.0
8255 84.0
8256 84.0
8257 84.0
8258 84.0
8259 84.0
8260 84.0
8261 84.0
8262 84.0
8263 84.0
8264 84.0
8265 84.0
8266 84.0
8267 84.0
8268 84.0
8269 84.0
8270 84.0
8271 84.0
8272 84.0
8273 84.0
8274 84.0
8275 84.0
8276 84.0
8277 84.0
8278 84.0
8279 84.0
8280 84.0
8281 84.0
8282 84.0
8283 84.0
8284 84.0
8285 84.0
8286 84.0
8287 84.0
8288 84.0
8289 84.0
8290 84.0
8291 84.0
8292 84.0
8293 84.0
8294 84.0
8295 84.0
8296 84.0
8297 84.0
8298 84.0
8299 84.0
8300 84.0
8301 84.0
8302 84.0
8303 84.0
8304 84.0
8305 84.0
8306 84.0
8307 84.0
8308 84.0
8309 84.0
8310 84.0
8311 84.0
8312 84.0
8313 84.0
8314 84.0
8315 84.0
8316 84.0
8317 84.0
8318 84.0
8319 84.0
8320 84.0
8321 84.0
8322 84.0
8323 84.0
8324 84.0
8325 84.0
8326 84.0
8327 84.0
8328 84.0
8329 84.0
8330 84.0
8331 84.0
8332 84.0
8333 84.0
8334 84.0
8335 84.0
8336 84.0
8337 84.0
8338 84.0
8339 84.0
8340 84.0
8341 84.0
8342 84.0
8343 84.0
8344 84.0
8345 84.0
8346 84.0
8347 84.0
8348 84.0
8349 84.0
8350 84.0
8351 84.0
8352 84.0
8353 84.0
8354 84.0
8355 84.0
8356 84.0
8357 84.0
8358 84.0
8359 84.0
8360 84.0
8361 84.0
8362 84.0
8363 84.0
8364 84.0
8365 84.0
8366 84.0
8367 84.0
8368 84.0
8369 84.0
8370 84.0
8371 84.0
8372 84.0
8373 84.0
8374 84.0
8375 84.0
8376 84.0
8377 84.0
8378 84.0
8379 84.0
8380 84.0
8381 84.0
8382 84.0
8383 84.0
8384 84.0
8385 84.0
8386 84.0
8387 84.0
8388 84.0
8389 84.0
8390 84.0
8391 84.0
8392 84.0
8393 84.0
8394 84.0
8395 84.0
8396 84.0
8397 84.0
8398 84.0
8399 84.0
8400 84.0
8401 84.0
8402 84.0
8403 84.0
8404 84.0
8405 84.0
8406 84.0
8407 84.0
8408 84.0
8409 84.0
8410 84.0
8411 84.0
8412 84.0
8413 84.0
8414 84.0
8415 84.0
8416 84.0
8417 84.0
8418 84.0
8419 84.0
8420 84.0
8421 84.0
8422 84.0
8423 84.0
8424 84.0
8425 84.0
8426 84.0
8427 84.0
8428 84.0
8429 84.0
8430 84.0
8431 84.0
8432 84.0
8433 84.0
8434 84.0
8435 84.0
8436 84.0
8437 84.0
8438 84.0
8439 84.0
8440 84.0
8441 84.0
8442 84.0
8443 84.0
8444 84.0
8445 84.0
8446 84.0
8447 84.0
8448 84.0
8449 84.0
8450 84.0
8451 84.0
8452 84.0
8453 84.0
8454 84.0
8455 84.0
8456 84.0
8457 84.0
8458 84.0
8459 84.0
8460 84.0
8461 84.0
8462 84.0
8463 84.0
8464 84.0
8465 84.0
8466 84.0
8467 84.0
8468 84.0
8469 84.0
8470 84.0
8471 84.0
8472 84.0
8473 84.0
8474 84.0
8475 84.0
8476 84.0
8477 84.0
8478 84.0
8479 84.0
8480 84.0
8481 84.0
8482 84.0
8483 84.0
8484 84.0
8485 84.0
8486 84.0
8487 84.0
8488 84.0
8489 84.0
8490 84.0
8491 84.0
8492 84.0
8493 84.0
8494 84.0
8495 84.0
8496 84.0
8497 84.0
8498 84.0
8499 84.0
8500 84.0
8501 84.0
8502 84.0
8503 84.0
8504 84.0
8505 84.0
8506 84.0
8507 84.0
8508 84.0
8509 84.0
8510 84.0
8511 84.0
8512 84.0
8513 84.0
8514 84.0
8515 84.0
8516 84.0
8517 84.0
8518 84.0
8519 84.0
8520 84.0
8521 84.0
8522 84.0
8523 84.0
8524 84.0
8525 84.0
8526 84.0
8527 84.0
8528 84.0
8529 84.0
8530 84.0
8531 84.0
8532 84.0
8533 84.0
8534 84.0
8535 84.0
8536 84.0
8537 84.0
8538 84.0
8539 84.0
8540 84.0
8541 84.0
8542 84.0
8543 84.0
8544 84.0
8545 84.0
8546 84.0
8547 84.0
8548 84.0
8549 84.0
8550 84.0
8551 84.0
8552 84.0
8553 84.0
8554 84.0
8555 84.0
8556 84.0
8557 84.0
8558 84.0
8559 84.0
8560 84.0
8561 84.0
8562 84.0
8563 84.0
8564 84.0
8565 84.0
8566 84.0
8567 84.0
8568 84.0
8569 84.0
8570 84.0
8571 84.0
8572 84.0
8573 84.0
8574 84.0
8575 84.0
8576 84.0
8577 84.0
8578 84.0
8579 84.0
8580 84.0
8581 84.0
8582 84.0
8583 84.0
8584 84.0
8585 84.0
8586 84.0
8587 84.0
8588 84.0
8589 84.0
8590 84.0
8591 84.0
8592 84.0
8593 84.0
8594 84.0
8595 84.0
8596 84.0
8597 84.0
8598 84.0
8599 84.0
8600 84.0
8601 84.0
8602 84.0
8603 84.0
8604 84.0
8605 84.0
8606 84.0
8607 84.0
8608 84.0
8609 84.0
8610 84.0
8611 84.0
8612 84.0
8613 84.0
8614 84.0
8615 84.0
8616 84.0
8617 84.0
8618 84.0
8619 84.0
8620 84.0
8621 84.0
8622 84.0
8623 84.0
8624 84.0
8625 84.0
8626 84.0
8627 84.0
8628 84.0
8629 84.0
8630 84.0
8631 84.0
8632 84.0
8633 84.0
8634 84.0
8635 84.0
8636 84.0
8637 84.0
8638 84.0
8639 84.0
8640 84.0
8641 84.0
8642 84.0
8643 84.0
8644 84.0
8645 84.0
8646 84.0
8647 84.0
8648 84.0
8649 84.0
8650 84.0
8651 84.0
8652 84.0
8653 84.0
8654 84.0
8655 84.0
8656 84.0
8657 84.0
8658 84.0
8659 84.0
8660 84.0
8661 84.0
8662 84.0
8663 84.0
8664 84.0
8665 84.0
8666 84.0
8667 84.0
8668 84.0
8669 84.0
8670 84.0
8671 84.0
8672 84.0
8673 84.0
8674 84.0
8675 84.0
8676 84.0
8677 84.0
8678 84.0
8679 84.0
8680 84.0
8681 84.0
8682 84.0
8683 84.0
8684 84.0
8685 84.0
8686 84.0
8687 84.0
8688 84.0
8689 84.0
8690 84.0
8691 84.0
8692 84.0
8693 84.0
8694 84.0
8695 84.0
8696 84.0
8697 84.0
8698 84.0
8699 84.0
8700 84.0
8701 84.0
8702 84.0
8703 84.0
8704 84.0
8705 84.0
8706 84.0
8707 84.0
8708 84.0
8709 84.0
8710 84.0
8711 84.0
8712 84.0
8713 84.0
8714 84.0
8715 84.0
8716 84.0
8717 84.0
8718 84.0
8719 84.0
8720 84.0
8721 84.0
8722 84.0
8723 84.0
8724 84.0
8725 84.0
8726 84.0
8727 84.0
8728 84.0
8729 84.0
8730 84.0
8731 84.0
8732 84.0
8733 84.0
8734 84.0
8735 84.0
8736 84.0
8737 84.0
8738 84.0
8739 84.0
8740 84.0
8741 84.0
8742 84.0
8743 84.0
8744 84.0
8745 84.0
8746 84.0
8747 84.0
8748 84.0
8749 84.0
8750 84.0
8751 84.0
8752 84.0
8753 84.0
8754 84.0
8755 84.0
8756 84.0
8757 84.0
8758 84.0
8759 84.0
8760 84.0
8761 84.0
8762 84.0
8763 84.0
8764 84.0
8765 84.0
8766 84.0
8767 84.0
8768 84.0
8769 84.0
8770 84.0
8771 84.0
8772 84.0
8773 84.0
8774 84.0
8775 84.0
8776 84.0
8777 84.0
8778 84.0
8779 84.0
8780 84.0
8781 84.0
8782 84.0
8783 84.0
8784 84.0
8785 84.0
8786 84.0
8787 84.0
8788 84.0
8789 84.0
8790 84.0
8791 84.0
8792 84.0
8793 84.0
8794 84.0
8795 84.0
8796 84.0
8797 84.0
8798 84.0
8799 84.0
8800 84.0
8801 84.0
8802 84.0
8803 84.0
8804 84.0
8805 84.0
8806 84.0
8807 84.0
8808 84.0
8809 84.0
8810 84.0
8811 84.0
8812 84.0
8813 84.0
8814 84.0
8815 84.0
8816 84.0
8817 84.0
8818 84.0
8819 84.0
8820 84.0
8821 84.0
8822 84.0
8823 84.0
8824 84.0
8825 84.0
8826 84.0
8827 84.0
8828 84.0
8829 84.0
8830 84.0
8831 84.0
8832 84.0
8833 84.0
8834 84.0
8835 84.0
8836 84.0
8837 84.0
8838 84.0
8839 84.0
8840 84.0
8841 84.0
8842 84.0
8843 84.0
8844 84.0
8845 84.0
8846 84.0
8847 84.0
8848 84.0
8849 84.0
8850 84.0
8851 84.0
8852 84.0
8853 84.0
8854 84.0
8855 84.0
8856 84.0
8857 84.0
8858 84.0
8859 84.0
8860 84.0
8861 84.0
8862 84.0
8863 84.0
8864 84.0
8865 84.0
8866 84.0
8867 84.0
8868 84.0
8869 84.0
8870 84.0
8871 84.0
8872 84.0
8873 84.0
8874 84.0
8875 84.0
8876 84.0
8877 84.0
8878 84.0
8879 84.0
8880 84.0
8881 84.0
8882 84.0
8883 84.0
8884 84.0
8885 84.0
8886 84.0
8887 84.0
8888 84.0
8889 84.0
8890 84.0
8891 84.0
8892 84.0
8893 84.0
8894 84.0
8895 84.0
8896 84.0
8897 84.0
8898 84.0
8899 84.0
8900 84.0
8901 84.0
8902 84.0
8903 84.0
8904 84.0
8905 84.0
8906 84.0
8907 84.0
8908 84.0
8909 84.0
8910 84.0
8911 84.0
8912 84.0
8913 84.0
8914 84.0
8915 84.0
8916 84.0
8917 84.0
8918 84.0
8919 84.0
8920 84.0
8921 84.0
8922 84.0
8923 84.0
8924 84.0
8925 84.0
8926 84.0
8927 84.0
8928 84.0
8929 84.0
8930 84.0
8931 84.0
8932 84.0
8933 84.0
8934 84.0
8935 84.0
8936 84.0
8937 84.0
8938 84.0
8939 84.0
8940 84.0
8941 84.0
8942 84.0
8943 84.0
8944 84.0
8945 84.0
8946 84.0
8947 84.0
8948 84.0
8949 84.0
8950 84.0
8951 84.0
8952 84.0
8953 84.0
8954 84.0
8955 84.0
8956 84.0
8957 84.0
8958 84.0
8959 84.0
8960 84.0
8961 84.0
8962 84.0
8963 84.0
8964 84.0
8965 84.0
8966 84.0
8967 84.0
8968 84.0
8969 84.0
8970 84.0
8971 84.0
8972 84.0
8973 84.0
8974 84.0
8975 84.0
8976 84.0
8977 84.0
8978 84.0
8979 84.0
8980 84.0
8981 84.0
8982 84.0
8983 84.0
8984 84.0
8985 84.0
8986 84.0
8987 84.0
8988 84.0
8989 84.0
8990 84.0
8991 84.0
8992 84.0
8993 84.0
8994 84.0
8995 84.0
8996 84.0
8997 84.0
8998 84.0
8999 84.0
9000 84.0
9001 84.0
9002 84.0
9003 84.0
9004 84.0
9005 84.0
9006 84.0
9007 84.0
9008 84.0
9009 84.0
9010 84.0
9011 84.0
9012 84.0
9013 84.0
9014 84.0
9015 84.0
9016 84.0
9017 84.0
9018 84.0
9019 84.0
9020 84.0
9021 84.0
9022 84.0
9023 84.0
9024 84.0
9025 84.0
9026 84.0
9027 84.0
9028 84.0
9029 84.0
9030 84.0
9031 84.0
9032 84.0
9033 84.0
9034 84.0
9035 84.0
9036 84.0
9037 84.0
9038 84.0
9039 84.0
9040 84.0
9041 84.0
9042 84.0
9043 84.0
9044 84.0
9045 84.0
9046 84.0
9047 84.0
9048 84.0
9049 84.0
9050 84.0
9051 84.0
9052 84.0
9053 84.0
9054 84.0
9055 84.0
9056 84.0
9057 84.0
9058 84.0
9059 84.0
9060 84.0
9061 84.0
9062 84.0
9063 84.0
9064 84.0
9065 84.0
9066 84.0
9067 84.0
9068 84.0
9069 84.0
9070 84.0
9071 84.0
9072 84.0
9073 84.0
9074 84.0
9075 84.0
9076 84.0
9077 84.0
9078 84.0
9079 84.0
9080 84.0
9081 84.0
9082 84.0
9083 84.0
9084 84.0
9085 84.0
9086 84.0
9087 84.0
9088 84.0
9089 84.0
9090 84.0
9091 84.0
9092 84.0
9093 84.0
9094 84.0
9095 84.0
9096 84.0
9097 84.0
9098 84.0
9099 84.0
9100 84.0
9101 84.0
9102 84.0
9103 84.0
9104 84.0
9105 84.0
9106 84.0
9107 84.0
9108 84.0
9109 84.0
9110 84.0
9111 84.0
9112 84.0
9113 84.0
9114 84.0
9115 84.0
9116 84.0
9117 84.0
9118 84.0
9119 84.0
9120 84.0
9121 84.0
9122 84.0
9123 84.0
9124 84.0
9125 84.0
9126 84.0
9127 84.0
9128 84.0
9129 84.0
9130 84.0
9131 84.0
9132 84.0
9133 84.0
9134 84.0
9135 84.0
9136 84.0
9137 84.0
9138 84.0
9139 84.0
9140 84.0
9141 84.0
9142 84.0
9143 84.0
9144 84.0
9145 84.0
9146 84.0
9147 84.0
9148 84.0
9149 84.0
9150 84.0
9151 84.0
9152 84.0
9153 84.0
9154 84.0
9155 84.0
9156 84.0
9157 84.0
9158 84.0
9159 84.0
9160 84.0
9161 84.0
9162 84.0
9163 84.0
9164 84.0
9165 84.0
9166 84.0
9167 84.0
9168 84.0
9169 84.0
9170 84.0
9171 84.0
9172 84.0
9173 84.0
9174 84.0
9175 84.0
9176 84.0
9177 84.0
9178 84.0
9179 84.0
9180 84.0
9181 84.0
9182 84.0
9183 84.0
9184 84.0
9185 84.0
9186 84.0
9187 84.0
9188 84.0
9189 84.0
9190 84.0
9191 84.0
9192 84.0
9193 84.0
9194 84.0
9195 84.0
9196 84.0
9197 84.0
9198 84.0
9199 84.0
9200 84.0
9201 84.0
9202 84.0
9203 84.0
9204 84.0
9205 84.0
9206 84.0
9207 84.0
9208 84.0
9209 84.0
9210 84.0
9211 84.0
9212 84.0
9213 84.0
9214 84.0
9215 84.0
9216 84.0
9217 84.0
9218 84.0
9219 84.0
9220 84.0
9221 84.0
9222 84.0
9223 84.0
9224 84.0
9225 84.0
9226 84.0
9227 84.0
9228 84.0
9229 84.0
9230 84.0
9231 84.0
9232 84.0
9233 84.0
9234 84.0
9235 84.0
9236 84.0
9237 84.0
9238 84.0
9239 84.0
9240 84.0
9241 84.0
9242 84.0
9243 84.0
9244 84.0
9245 84.0
9246 84.0
9247 84.0
9248 84.0
9249 84.0
9250 84.0
9251 84.0
9252 84.0
9253 84.0
9254 84.0
9255 84.0
9256 84.0
9257 84.0
9258 84.0
9259 84.0
9260 84.0
9261 84.0
9262 84.0
9263 84.0
9264 84.0
9265 84.0
9266 84.0
9267 84.0
9268 84.0
9269 84.0
9270 84.0
9271 84.0
9272 84.0
9273 84.0
9274 84.0
9275 84.0
9276 84.0
9277 84.0
9278 84.0
9279 84.0
9280 84.0
9281 84.0
9282 84.0
9283 84.0
9284 84.0
9285 84.0
9286 84.0
9287 84.0
9288 84.0
9289 84.0
9290 84.0
9291 84.0
9292 84.0
9293 84.0
9294 84.0
9295 84.0
9296 84.0
9297 84.0
9298 84.0
9299 84.0
9300 84.0
9301 84.0
9302 84.0
9303 84.0
9304 84.0
9305 84.0
9306 84.0
9307 84.0
9308 84.0
9309 84.0
9310 84.0
9311 84.0
9312 84.0
9313 84.0
9314 84.0
9315 84.0
9316 84.0
9317 84.0
9318 84.0
9319 84.0
9320 84.0
9321 84.0
9322 84.0
9323 84.0
9324 84.0
9325 84.0
9326 84.0
9327 84.0
9328 84.0
9329 84.0
9330 84.0
9331 84.0
9332 84.0
9333 84.0
9334 84.0
9335 84.0
9336 84.0
9337 84.0
9338 84.0
9339 84.0
9340 84.0
9341 84.0
9342 84.0
9343 84.0
9344 84.0
9345 84.0
9346 84.0
9347 84.0
9348 84.0
9349 84.0
9350 84.0
9351 84.0
9352 84.0
9353 84.0
9354 84.0
9355 84.0
9356 84.0
9357 84.0
9358 84.0
9359 84.0
9360 84.0
9361 84.0
9362 84.0
9363 84.0
9364 84.0
9365 84.0
9366 84.0
9367 84.0
9368 84.0
9369 84.0
9370 84.0
9371 84.0
9372 84.0
9373 84.0
9374 84.0
9375 84.0
9376 84.0
9377 84.0
9378 84.0
9379 84.0
9380 84.0
9381 84.0
9382 84.0
9383 84.0
9384 84.0
9385 84.0
9386 84.0
9387 84.0
9388 84.0
9389 84.0
9390 84.0
9391 84.0
9392 84.0
9393 84.0
9394 84.0
9395 84.0
9396 84.0
9397 84.0
9398 84.0
9399 84.0
9400 84.0
9401 84.0
9402 84.0
9403 84.0
9404 84.0
9405 84.0
9406 84.0
9407 84.0
9408 84.0
9409 84.0
9410 84.0
9411 84.0
9412 84.0
9413 84.0
9414 84.0
9415 84.0
9416 84.0
9417 84.0
9418 84.0
9419 84.0
9420 84.0
9421 84.0
9422 84.0
9423 84.0
9424 84.0
9425 84.0
9426 84.0
9427 84.0
9428 84.0
9429 84.0
9430 84.0
9431 84.0
9432 84.0
9433 84.0
9434 84.0
9435 84.0
9436 84.0
9437 84.0
9438 84.0
9439 84.0
9440 84.0
9441 84.0
9442 84.0
9443 84.0
9444 84.0
9445 84.0
9446 84.0
9447 84.0
9448 84.0
9449 84.0
9450 84.0
9451 84.0
9452 84.0
9453 84.0
9454 84.0
9455 84.0
9456 84.0
9457 84.0
9458 84.0
9459 84.0
9460 84.0
9461 84.0
9462 84.0
9463 84.0
9464 84.0
9465 84.0
9466 84.0
9467 84.0
9468 84.0
9469 84.0
9470 84.0
9471 84.0
9472 84.0
9473 84.0
9474 84.0
9475 84.0
9476 84.0
9477 84.0
9478 84.0
9479 84.0
9480 84.0
9481 84.0
9482 84.0
9483 84.0
9484 84.0
9485 84.0
9486 84.0
9487 84.0
9488 84.0
9489 84.0
9490 84.0
9491 84.0
9492 84.0
9493 84.0
9494 84.0
9495 84.0
9496 84.0
9497 84.0
9498 84.0
9499 84.0
9500 84.0
9501 84.0
9502 84.0
9503 84.0
9504 84.0
9505 84.0
9506 84.0
9507 84.0
9508 84.0
9509 84.0
9510 84.0
9511 84.0
9512 84.0
9513 84.0
9514 84.0
9515 84.0
9516 84.0
9517 84.0
9518 84.0
9519 84.0
9520 84.0
9521 84.0
9522 84.0
9523 84.0
9524 84.0
9525 84.0
9526 84.0
9527 84.0
9528 84.0
9529 84.0
9530 84.0
9531 84.0
9532 84.0
9533 84.0
9534 84.0
9535 84.0
9536 84.0
9537 84.0
9538 84.0
9539 84.0
9540 84.0
9541 84.0
9542 84.0
9543 84.0
9544 84.0
9545 84.0
9546 84.0
9547 84.0
9548 84.0
9549 84.0
9550 84.0
9551 84.0
9552 84.0
9553 84.0
9554 84.0
9555 84.0
9556 84.0
9557 84.0
9558 84.0
9559 84.0
9560 84.0
9561 84.0
9562 84.0
9563 84.0
9564 84.0
9565 84.0
9566 84.0
9567 84.0
9568 84.0
9569 84.0
9570 84.0
9571 84.0
9572 84.0
9573 84.0
9574 84.0
9575 84.0
9576 84.0
9577 84.0
9578 84.0
9579 84.0
9580 84.0
9581 84.0
9582 84.0
9583 84.0
9584 84.0
9585 84.0
9586 84.0
9587 84.0
9588 84.0
9589 84.0
9590 84.0
9591 84.0
9592 84.0
9593 84.0
9594 84.0
9595 84.0
9596 84.0
9597 84.0
9598 84.0
9599 84.0
9600 84.0
9601 84.0
9602 84.0
9603 84.0
9604 84.0
9605 84.0
9606 84.0
9607 84.0
9608 84.0
9609 84.0
9610 84.0
9611 84.0
9612 84.0
9613 84.0
9614 84.0
9615 84.0
9616 84.0
9617 84.0
9618 84.0
9619 84.0
9620 84.0
9621 84.0
9622 84.0
9623 84.0
9624 84.0
9625 84.0
9626 84.0
9627 84.0
9628 84.0
9629 84.0
9630 84.0
9631 84.0
9632 84.0
9633 84.0
9634 84.0
9635 84.0
9636 84.0
9637 84.0
9638 84.0
9639 84.0
9640 84.0
9641 84.0
9642 84.0
9643 84.0
9644 84.0
9645 84.0
9646 84.0
9647 84.0
9648 84.0
9649 84.0
9650 84.0
9651 84.0
9652 84.0
9653 84.0
9654 84.0
9655 84.0
9656 84.0
9657 84.0
9658 84.0
9659 84.0
9660 84.0
9661 84.0
9662 84.0
9663 84.0
9664 84.0
9665 84.0
9666 84.0
9667 84.0
9668 84.0
9669 84.0
9670 84.0
9671 84.0
9672 84.0
9673 84.0
9674 84.0
9675 84.0
9676 84.0
9677 84.0
9678 84.0
9679 84.0
9680 84.0
9681 84.0
9682 84.0
9683 84.0
9684 84.0
9685 84.0
9686 84.0
9687 84.0
9688 84.0
9689 84.0
9690 84.0
9691 84.0
9692 84.0
9693 84.0
9694 84.0
9695 84.0
9696 84.0
9697 84.0
9698 84.0
9699 84.0
9700 84.0
9701 84.0
9702 84.0
9703 84.0
9704 84.0
9705 84.0
9706 84.0
9707 84.0
9708 84.0
9709 84.0
9710 84.0
9711 84.0
9712 84.0
9713 84.0
9714 84.0
9715 84.0
9716 84.0
9717 84.0
9718 84.0
9719 84.0
9720 84.0
9721 84.0
9722 84.0
9723 84.0
9724 84.0
9725 84.0
9726 84.0
9727 84.0
9728 84.0
9729 84.0
9730 84.0
9731 84.0
9732 84.0
9733 84.0
9734 84.0
9735 84.0
9736 84.0
9737 84.0
9738 84.0
9739 84.0
9740 84.0
9741 84.0
9742 84.0
9743 84.0
9744 84.0
9745 84.0
9746 84.0
9747 84.0
9748 84.0
9749 84.0
9750 84.0
9751 84.0
9752 84.0
9753 84.0
9754 84.0
9755 84.0
9756 84.0
9757 84.0
9758 84.0
9759 84.0
9760 84.0
9761 84.0
9762 84.0
9763 84.0
9764 84.0
9765 84.0
9766 84.0
9767 84.0
9768 84.0
9769 84.0
9770 84.0
9771 84.0
9772 84.0
9773 84.0
9774 84.0
9775 84.0
9776 84.0
9777 84.0
9778 84.0
9779 84.0
9780 84.0
9781 84.0
9782 84.0
9783 84.0
9784 84.0
9785 84.0
9786 84.0
9787 84.0
9788 84.0
9789 84.0
9790 84.0
9791 84.0
9792 84.0
9793 84.0
9794 84.0
9795 84.0
9796 84.0
9797 84.0
9798 84.0
9799 84.0
9800 84.0
9801 84.0
9802 84.0
9803 84.0
9804 84.0
9805 84.0
9806 84.0
9807 84.0
9808 84.0
9809 84.0
9810 84.0
9811 84.0
9812 84.0
9813 84.0
9814 84.0
9815 84.0
9816 84.0
9817 84.0
9818 84.0
9819 84.0
9820 84.0
9821 84.0
9822 84.0
9823 84.0
9824 84.0
9825 84.0
9826 84.0
9827 84.0
9828 84.0
9829 84.0
9830 84.0
9831 84.0
9832 84.0
9833 84.0
9834 84.0
9835 84.0
9836 84.0
9837 84.0
9838 84.0
9839 84.0
9840 84.0
9841 84.0
9842 84.0
9843 84.0
9844 84.0
9845 84.0
9846 84.0
9847 84.0
9848 84.0
9849 84.0
9850 84.0
9851 84.0
9852 84.0
9853 84.0
9854 84.0
9855 84.0
9856 84.0
9857 84.0
9858 84.0
9859 84.0
9860 84.0
9861 84.0
9862 84.0
9863 84.0
9864 84.0
9865 84.0
9866 84.0
9867 84.0
9868 84.0
9869 84.0
9870 84.0
9871 84.0
9872 84.0
9873 84.0
9874 84.0
9875 84.0
9876 84.0
9877 84.0
9878 84.0
9879 84.0
9880 84.0
9881 84.0
9882 84.0
9883 84.0
9884 84.0
9885 84.0
9886 84.0
9887 84.0
9888 84.0
9889 84.0
9890 84.0
9891 84.0
9892 84.0
9893 84.0
9894 84.0
9895 84.0
9896 84.0
9897 84.0
9898 84.0
9899 84.0
9900 84.0
9901 84.0
9902 84.0
9903 84.0
9904 84.0
9905 84.0
9906 84.0
9907 84.0
9908 84.0
9909 84.0
9910 84.0
9911 84.0
9912 84.0
9913 84.0
9914 84.0
9915 84.0
9916 84.0
9917 84.0
9918 84.0
9919 84.0
9920 84.0
9921 84.0
9922 84.0
9923 84.0
9924 84.0
9925 84.0
9926 84.0
9927 84.0
9928 84.0
9929 84.0
9930 84.0
9931 84.0
9932 84.0
9933 84.0
9934 84.0
9935 84.0
9936 84.0
9937 84.0
9938 84.0
9939 84.0
9940 84.0
9941 84.0
9942 84.0
9943 84.0
9944 84.0
9945 84.0
9946 84.0
9947 84.0
9948 84.0
9949 84.0
9950 84.0
9951 84.0
9952 84.0
9953 84.0
9954 84.0
9955 84.0
9956 84.0
9957 84.0
9958 84.0
9959 84.0
9960 84.0
9961 84.0
9962 84.0
9963 84.0
9964 84.0
9965 84.0
9966 84.0
9967 84.0
9968 84.0
9969 84.0
9970 84.0
9971 84.0
9972 84.0
9973 84.0
9974 84.0
9975 84.0
9976 84.0
9977 84.0
9978 84.0
9979 84.0
9980 84.0
9981 84.0
9982 84.0
9983 84.0
9984 84.0
9985 84.0
9986 84.0
9987 84.0
9988 84.0
9989 84.0
9990 84.0
9991 84.0
9992 84.0
9993 84.0
9994 84.0
9995 84.0
9996 84.0
9997 84.0
9998 84.0
9999 84.0
10000 84.0
